0.147912 0.163170
0.136832 0.161141
0.123060 0.133092
0.110997 0.114201
0.099069 0.104394
0.094381 0.107156
0.083146 0.087274
0.079754 0.087425
0.076678 0.126387
0.073441 0.078172
0.067636 0.087980
0.057986 0.068124
0.057596 0.059369
0.055356 0.061953
0.054015 0.065176
0.053038 0.066070
0.050051 0.068442
0.049724 0.050496
0.049669 0.059725
0.049136 0.050460
0.049045 0.058765
0.047657 0.048172
0.047363 0.047896
0.047333 0.069381
0.047143 0.047831
0.046580 0.047865
0.045772 0.050304
0.045503 0.071285
0.045455 0.055572
0.045248 0.053879
0.045077 0.053848
0.044598 0.051974
0.044311 0.061724
0.044297 0.050955
0.043559 0.045699
0.043123 0.048815
0.042346 0.042803
0.042308 0.043647
0.042004 0.044039
0.041566 0.050323
0.040475 0.060858
0.040455 0.042142
0.040282 0.052197
0.040073 0.045117
0.040035 0.062409
0.039983 0.042868
0.039721 0.041890
0.039213 0.040479
0.039135 0.047585
0.039026 0.042277
0.038964 0.062946
0.038922 0.039393
0.038825 0.041833
0.038791 0.039685
0.038510 0.042013
0.038366 0.039899
0.038125 0.039868
0.037920 0.040777
0.037821 0.038293
0.037770 0.045582
0.036712 0.041037
0.036470 0.048094
0.036175 0.037051
0.035982 0.038826
0.035859 0.044725
0.035557 0.044510
0.035388 0.038251
0.035328 0.040377
0.035210 0.037440
0.035173 0.037796
0.034888 0.043473
0.034868 0.035591
0.034761 0.034873
0.034697 0.044461
0.034635 0.037671
0.034495 0.039678
0.034312 0.035206
0.034242 0.034988
0.033827 0.043149
0.033635 0.035761
0.033634 0.033911
0.033535 0.046407
0.033480 0.036625
0.033386 0.035833
0.033321 0.048175
0.033295 0.053657
0.032910 0.036919
0.032877 0.033787
0.032852 0.044605
0.032841 0.044889
0.032725 0.036406
0.032383 0.036364
0.032334 0.041567
0.032197 0.042045
0.032041 0.041757
0.032003 0.034774
0.031954 0.032414
0.031334 0.067295
0.031155 0.036819
0.031101 0.031665
0.030675 0.030845
0.030614 0.032704
0.030540 0.031365
0.029689 0.034760
0.029479 0.032948
0.029459 0.043875
0.029144 0.035350
0.029076 0.030466
0.029072 0.045549
0.029064 0.035460
0.028789 0.045123
0.028761 0.032996
0.028760 0.030638
0.028457 0.030905
0.027936 0.037255
0.027888 0.028206
0.027825 0.036587
0.027691 0.033352
0.027550 0.029286
0.027461 0.048693
0.027391 0.037410
0.027101 0.029307
0.027072 0.035190
0.027064 0.030589
0.027055 0.040389
0.027034 0.038361
0.026928 0.031917
0.026927 0.027142
0.026844 0.040186
0.026778 0.038252
0.026772 0.030925
0.026725 0.031056
0.026682 0.028251
0.026578 0.031829
0.026339 0.030705
0.026272 0.033801
0.026213 0.028390
0.026115 0.026359
0.026055 0.033532
0.026054 0.032478
0.025992 0.035819
0.025924 0.026622
0.025878 0.027311
0.025847 0.027909
0.025798 0.030708
0.025654 0.027374
0.025604 0.036805
0.025596 0.025780
0.025513 0.030824
0.025463 0.029545
0.025432 0.027334
0.025393 0.027496
0.025382 0.027892
0.025231 0.025600
0.025217 0.037857
0.025015 0.027463
0.024993 0.038749
0.024947 0.028865
0.024908 0.028070
0.024839 0.029663
0.024814 0.028252
0.024726 0.026001
0.024655 0.028917
0.024634 0.054532
0.024615 0.025093
0.024546 0.036843
0.024525 0.028876
0.024439 0.025790
0.024290 0.027973
0.024241 0.025765
0.024223 0.033360
0.023968 0.024659
0.023904 0.031209
0.023840 0.031700
0.023837 0.025825
0.023755 0.025690
0.023680 0.028335
0.023671 0.025840
0.023659 0.030169
0.023515 0.025420
0.023438 0.024968
0.023403 0.031876
0.023271 0.024443
0.023218 0.023635
0.023134 0.025311
0.023083 0.037280
0.022926 0.030005
0.022926 0.024416
0.022889 0.029981
0.022864 0.025736
0.022806 0.025798
0.022725 0.023139
0.022600 0.034397
0.022557 0.029054
0.022495 0.026666
0.022485 0.062838
0.022482 0.023066
0.022410 0.030808
0.022398 0.022979
0.022170 0.023010
0.022159 0.026635
0.022128 0.032289
0.022123 0.023662
0.022114 0.024449
0.022106 0.026504
0.022009 0.026491
0.021880 0.024996
0.021860 0.023375
0.021832 0.023015
0.021705 0.022484
0.021606 0.024801
0.021560 0.024632
0.021544 0.025496
0.021521 0.028215
0.021517 0.031042
0.021445 0.024037
0.021349 0.026094
0.021342 0.023779
0.021319 0.025746
0.021316 0.022045
0.021303 0.040289
0.021293 0.035995
0.021257 0.024408
0.021244 0.027962
0.021168 0.033811
0.021124 0.021139
0.021091 0.024493
0.021066 0.026419
0.021025 0.025428
0.021008 0.022107
0.021001 0.030629
0.020991 0.022121
0.020988 0.022333
0.020970 0.022643
0.020907 0.023856
0.020906 0.029637
0.020709 0.027579
0.020652 0.022250
0.020611 0.025766
0.020558 0.028333
0.020514 0.022299
0.020446 0.023324
0.020430 0.024218
0.020426 0.028805
0.020423 0.024457
0.020299 0.024790
0.020294 0.028057
0.020228 0.022609
0.020147 0.026680
0.020123 0.021946
0.020080 0.024460
0.019961 0.020678
0.019958 0.024897
0.019919 0.027859
0.019916 0.032566
0.019909 0.022597
0.019896 0.029404
0.019870 0.023664
0.019833 0.026171
0.019769 0.029236
0.019751 0.019984
0.019736 0.031107
0.019721 0.024747
0.019643 0.020972
0.019602 0.020927
0.019462 0.019763
0.019420 0.030726
0.019361 0.020216
0.019351 0.021313
0.019197 0.024639
0.019046 0.019959
0.019020 0.026182
0.018997 0.023036
0.018960 0.022464
0.018886 0.027592
0.018874 0.024594
0.018841 0.021337
0.018834 0.024798
0.018751 0.023942
0.018595 0.028741
0.018583 0.023540
0.018541 0.029842
0.018539 0.019603
0.018531 0.021168
0.018408 0.018459
0.018357 0.023297
0.018295 0.019644
0.018198 0.025899
0.018140 0.026405
0.018134 0.018685
0.018079 0.018241
0.018054 0.033148
0.018043 0.030323
0.017989 0.019055
0.017969 0.021083
0.017939 0.034479
0.017912 0.018735
0.017871 0.018291
0.017829 0.023099
0.017805 0.025489
0.017782 0.019669
0.017776 0.024013
0.017747 0.019399
0.017730 0.020892
0.017712 0.020308
0.017699 0.032170
0.017624 0.022043
0.017531 0.020923
0.017519 0.019878
0.017467 0.017582
0.017461 0.020672
0.017420 0.020543
0.017369 0.020701
0.017369 0.020531
0.017359 0.017629
0.017182 0.020192
0.017161 0.019762
0.017137 0.025790
0.017129 0.018753
0.017114 0.020062
0.017080 0.024438
0.017028 0.017798
0.017022 0.020123
0.016995 0.026229
0.016982 0.020485
0.016938 0.028230
0.016873 0.030980
0.016839 0.017245
0.016838 0.026876
0.016837 0.019873
0.016826 0.019117
0.016784 0.038232
0.016777 0.017447
0.016715 0.020155
0.016686 0.019701
0.016644 0.019447
0.016550 0.016782
0.016530 0.020417
0.016458 0.021823
0.016435 0.017555
0.016384 0.021711
0.016350 0.016872
0.016342 0.018226
0.016329 0.021955
0.016308 0.020760
0.016248 0.019210
0.016191 0.016609
0.016140 0.018682
0.016129 0.023198
0.016112 0.020961
0.016056 0.016700
0.016047 0.017228
0.016046 0.016341
0.016044 0.018462
0.016020 0.025410
0.015996 0.019495
0.015974 0.017615
0.015959 0.018944
0.015944 0.018296
0.015936 0.019583
0.015912 0.021826
0.015892 0.024031
0.015883 0.019958
0.015883 0.016282
0.015861 0.018211
0.015840 0.023935
0.015834 0.018368
0.015829 0.022507
0.015807 0.017030
0.015797 0.018266
0.015797 0.016561
0.015794 0.018055
0.015771 0.015958
0.015741 0.015749
0.015701 0.016400
0.015699 0.021016
0.015692 0.016154
0.015652 0.017046
0.015635 0.028620
0.015629 0.020814
0.015627 0.018834
0.015605 0.016749
0.015559 0.026619
0.015416 0.017403
0.015402 0.015536
0.015398 0.021540
0.015360 0.016090
0.015348 0.022608
0.015337 0.015422
0.015333 0.015960
0.015258 0.016155
0.015233 0.015576
0.015193 0.016641
0.015158 0.016705
0.015151 0.020681
0.015114 0.016048
0.015093 0.015224
0.015092 0.015093
0.015057 0.016094
0.015050 0.021270
0.015041 0.026501
0.015028 0.015989
0.015022 0.015580
0.014973 0.021404
0.014970 0.016370
0.014938 0.019096
0.014936 0.015098
0.014927 0.016145
0.014917 0.017473
0.014914 0.015008
0.014913 0.017767
0.014911 0.021635
0.014895 0.019191
0.014867 0.024536
0.014846 0.016644
0.014786 0.015052
0.014758 0.015376
0.014743 0.016002
0.014723 0.016252
0.014701 0.018437
0.014680 0.015371
0.014677 0.016265
0.014666 0.018422
0.014654 0.019169
0.014651 0.016289
0.014621 0.020652
0.014602 0.016647
0.014583 0.026099
0.014583 0.031902
0.014579 0.018174
0.014577 0.018281
0.014564 0.019787
0.014516 0.015111
0.014516 0.016216
0.014499 0.022516
0.014488 0.020085
0.014473 0.015345
0.014463 0.014857
0.014453 0.014722
0.014423 0.018009
0.014401 0.022972
0.014383 0.015522
0.014332 0.014353
0.014316 0.018387
0.014297 0.027560
0.014295 0.014926
0.014268 0.015989
0.014265 0.019587
0.014265 0.014674
0.014264 0.017508
0.014263 0.016445
0.014247 0.015202
0.014233 0.015633
0.014228 0.015260
0.014208 0.015704
0.014199 0.014728
0.014186 0.014377
0.014179 0.015081
0.014175 0.015579
0.014172 0.014380
0.014169 0.014299
0.014127 0.016164
0.014120 0.014521
0.014119 0.022823
0.014115 0.017807
0.014070 0.017451
0.014055 0.014252
0.014015 0.016939
0.014011 0.016771
0.014000 0.014854
0.013976 0.024958
0.013972 0.015004
0.013969 0.016559
0.013955 0.016846
0.013930 0.016030
0.013916 0.017411
0.013895 0.026750
0.013894 0.018538
0.013840 0.016880
0.013840 0.015282
0.013834 0.014417
0.013829 0.017276
0.013754 0.014109
0.013748 0.015923
0.013725 0.014604
0.013695 0.015131
0.013694 0.017466
0.013672 0.014320
0.013629 0.019686
0.013627 0.015748
0.013627 0.017509
0.013622 0.020283
0.013619 0.018385
0.013594 0.014579
0.013554 0.015160
0.013553 0.024519
0.013553 0.015939
0.013523 0.015492
0.013519 0.015544
0.013470 0.014594
0.013465 0.017316
0.013447 0.014074
0.013443 0.014952
0.013428 0.014214
0.013424 0.019401
0.013417 0.015455
0.013410 0.014853
0.013409 0.015977
0.013394 0.013607
0.013394 0.028560
0.013393 0.014325
0.013393 0.014843
0.013380 0.013547
0.013374 0.021432
0.013372 0.023855
0.013351 0.014755
0.013343 0.013586
0.013336 0.017809
0.013320 0.013708
0.013303 0.017057
0.013301 0.018765
0.013298 0.020999
0.013293 0.016261
0.013290 0.015389
0.013285 0.014830
0.013280 0.013682
0.013276 0.014601
0.013259 0.015638
0.013231 0.013954
0.013221 0.018688
0.013194 0.013569
0.013186 0.013545
0.013173 0.027052
0.013169 0.017131
0.013162 0.017271
0.013152 0.015743
0.013150 0.014480
0.013148 0.014761
0.013140 0.025339
0.013108 0.013114
0.013063 0.013596
0.013039 0.017222
0.013017 0.013086
0.012979 0.013453
0.012943 0.019011
0.012943 0.013402
0.012942 0.013987
0.012940 0.013375
0.012939 0.014297
0.012914 0.014401
0.012899 0.014393
0.012883 0.022830
0.012854 0.015083
0.012810 0.013657
0.012781 0.015563
0.012779 0.014953
0.012773 0.013480
0.012764 0.015654
0.012747 0.014866
0.012746 0.015600
0.012738 0.016322
0.012734 0.015305
0.012718 0.014759
0.012709 0.020924
0.012700 0.013614
0.012696 0.022408
0.012688 0.019192
0.012678 0.019568
0.012670 0.016766
0.012666 0.019989
0.012644 0.018424
0.012643 0.013531
0.012642 0.023655
0.012628 0.019745
0.012623 0.014204
0.012605 0.012838
0.012587 0.012803
0.012568 0.019815
0.012565 0.013879
0.012551 0.013525
0.012533 0.016536
0.012522 0.012896
0.012520 0.015900
0.012508 0.013473
0.012503 0.021503
0.012488 0.014411
0.012476 0.016577
0.012476 0.027939
0.012452 0.019195
0.012411 0.019122
0.012408 0.013167
0.012383 0.016047
0.012369 0.013448
0.012369 0.013667
0.012342 0.015051
0.012320 0.013121
0.012294 0.014394
0.012294 0.012464
0.012287 0.012966
0.012237 0.013509
0.012222 0.012909
0.012211 0.015642
0.012211 0.020256
0.012181 0.013724
0.012169 0.014276
0.012162 0.012586
0.012156 0.012296
0.012139 0.018568
0.012135 0.012565
0.012095 0.012173
0.012093 0.015476
0.012090 0.016047
0.012073 0.012095
0.012058 0.023429
0.012055 0.013165
0.012044 0.015588
0.012026 0.012495
0.012024 0.013180
0.012009 0.013413
0.011999 0.018578
0.011996 0.020992
0.011994 0.013355
0.011988 0.013587
0.011975 0.013130
0.011972 0.012973
0.011970 0.019056
0.011927 0.021252
0.011906 0.013757
0.011901 0.015952
0.011814 0.021714
0.011799 0.011851
0.011798 0.017618
0.011796 0.014603
0.011786 0.015059
0.011780 0.018293
0.011777 0.014725
0.011773 0.015686
0.011742 0.017823
0.011735 0.019390
0.011734 0.011898
0.011734 0.011875
0.011725 0.012302
0.011724 0.011813
0.011710 0.011891
0.011709 0.012048
0.011692 0.013856
0.011678 0.012163
0.011674 0.012168
0.011651 0.012590
0.011646 0.013518
0.011643 0.013265
0.011635 0.012187
0.011607 0.012058
0.011593 0.012373
0.011581 0.011951
0.011570 0.018864
0.011561 0.016635
0.011553 0.018999
0.011552 0.012898
0.011541 0.014911
0.011541 0.012006
0.011522 0.012798
0.011513 0.012629
0.011503 0.013062
0.011502 0.015161
0.011482 0.011827
0.011482 0.015891
0.011481 0.011733
0.011473 0.012737
0.011455 0.012873
0.011453 0.011536
0.011450 0.024522
0.011448 0.014408
0.011426 0.011994
0.011419 0.015153
0.011409 0.011986
0.011393 0.016948
0.011376 0.014358
0.011350 0.012406
0.011347 0.014764
0.011337 0.013757
0.011334 0.012550
0.011333 0.012218
0.011333 0.014632
0.011322 0.016490
0.011309 0.011822
0.011285 0.016186
0.011272 0.013227
0.011267 0.011864
0.011250 0.012246
0.011249 0.015493
0.011248 0.012694
0.011241 0.016846
0.011239 0.013100
0.011230 0.026759
0.011226 0.012995
0.011225 0.022062
0.011217 0.012134
0.011216 0.013664
0.011205 0.016138
0.011199 0.019004
0.011193 0.012250
0.011188 0.011358
0.011179 0.011478
0.011165 0.012313
0.011161 0.015655
0.011152 0.011199
0.011141 0.011272
0.011139 0.012401
0.011125 0.012178
0.011122 0.011246
0.011099 0.012020
0.011063 0.015275
0.011055 0.011172
0.011053 0.014213
0.011039 0.015584
0.011038 0.011569
0.011033 0.014829
0.011027 0.011289
0.011018 0.012459
0.010997 0.013517
0.010989 0.013077
0.010988 0.014778
0.010987 0.012386
0.010985 0.011691
0.010979 0.015414
0.010946 0.014685
0.010923 0.013731
0.010915 0.013884
0.010900 0.013750
0.010895 0.011120
0.010894 0.011267
0.010873 0.019843
0.010862 0.013653
0.010825 0.013870
0.010824 0.016916
0.010819 0.011786
0.010807 0.017014
0.010802 0.012051
0.010802 0.014676
0.010800 0.011793
0.010785 0.011825
0.010784 0.010840
0.010768 0.012318
0.010760 0.020417
0.010756 0.021007
0.010750 0.017081
0.010743 0.010917
0.010738 0.015010
0.010726 0.010761
0.010716 0.011228
0.010693 0.011411
0.010693 0.011340
0.010688 0.010877
0.010681 0.012433
0.010676 0.012445
0.010676 0.013346
0.010674 0.017690
0.010668 0.011660
0.010637 0.010980
0.010637 0.011049
0.010633 0.012154
0.010631 0.012123
0.010630 0.010690
0.010604 0.011648
0.010602 0.021024
0.010597 0.010726
0.010595 0.012273
0.010593 0.011314
0.010579 0.015820
0.010572 0.015203
0.010541 0.011080
0.010533 0.013179
0.010510 0.011977
0.010501 0.017285
0.010492 0.014207
0.010484 0.011386
0.010484 0.016599
0.010482 0.012695
0.010479 0.015036
0.010468 0.016043
0.010462 0.013740
0.010456 0.012704
0.010451 0.025471
0.010442 0.013326
0.010419 0.010913
0.010407 0.014578
0.010387 0.022468
0.010386 0.010680
0.010382 0.010928
0.010374 0.012660
0.010364 0.012196
0.010351 0.010836
0.010351 0.016511
0.010346 0.012221
0.010346 0.010768
0.010344 0.012362
0.010341 0.010867
0.010335 0.013713
0.010313 0.012028
0.010287 0.012627
0.010281 0.013278
0.010269 0.012320
0.010263 0.010676
0.010262 0.013771
0.010258 0.010261
0.010256 0.013738
0.010255 0.014352
0.010212 0.011619
0.010205 0.014539
0.010196 0.013401
0.010173 0.013745
0.010167 0.012903
0.010162 0.021834
0.010158 0.011821
0.010154 0.012606
0.010148 0.010694
0.010140 0.011602
0.010128 0.012064
0.010110 0.013583
0.010102 0.016815
0.010100 0.011563
0.010072 0.010320
0.010064 0.011735
0.010059 0.014178
0.010058 0.017631
0.010038 0.012172
0.010029 0.010499
0.010028 0.015163
0.010025 0.010212
0.010008 0.015208
0.010002 0.010451
0.009978 0.012041
0.009976 0.014640
0.009968 0.011727
0.009952 0.010767
0.009934 0.014108
0.009925 0.012112
0.009913 0.013811
0.009908 0.011953
0.009902 0.011983
0.009893 0.021514
0.009870 0.011259
0.009852 0.012634
0.009844 0.010394
0.009829 0.016036
0.009818 0.009890
0.009816 0.012443
0.009800 0.010858
0.009785 0.011091
0.009780 0.011756
0.009765 0.012200
0.009756 0.013049
0.009746 0.017469
0.009741 0.010570
0.009712 0.015315
0.009702 0.010024
0.009694 0.011621
0.009669 0.010948
0.009664 0.013657
0.009661 0.010954
0.009652 0.010173
0.009642 0.014174
0.009633 0.012000
0.009633 0.013681
0.009632 0.013402
0.009622 0.010859
0.009604 0.010988
0.009590 0.010807
0.009585 0.011140
0.009575 0.009853
0.009562 0.016247
0.009549 0.009692
0.009544 0.010312
0.009541 0.010103
0.009541 0.009653
0.009540 0.011576
0.009540 0.010155
0.009518 0.010422
0.009515 0.012605
0.009514 0.017550
0.009501 0.014742
0.009474 0.016797
0.009468 0.009786
0.009464 0.009932
0.009460 0.021443
0.009449 0.010371
0.009423 0.013047
0.009415 0.012203
0.009414 0.009515
0.009406 0.015551
0.009399 0.009852
0.009387 0.015296
0.009387 0.016073
0.009379 0.009838
0.009373 0.015318
0.009353 0.009901
0.009338 0.014079
0.009326 0.011275
0.009323 0.010074
0.009318 0.009679
0.009310 0.010949
0.009308 0.012112
0.009306 0.010523
0.009282 0.009375
0.009270 0.009798
0.009261 0.009389
0.009237 0.010118
0.009231 0.009406
0.009209 0.009374
0.009202 0.014330
0.009199 0.009344
0.009192 0.009356
0.009187 0.015084
0.009186 0.009806
0.009184 0.013227
0.009184 0.011174
0.009178 0.009674
0.009178 0.010410
0.009164 0.009253
0.009146 0.010687
0.009143 0.009551
0.009140 0.014773
0.009138 0.014414
0.009128 0.011865
0.009126 0.011367
0.009114 0.010523
0.009101 0.009938
0.009099 0.014311
0.009095 0.010441
0.009094 0.017563
0.009091 0.010318
0.009090 0.014221
0.009080 0.009221
0.009072 0.017459
0.009054 0.009355
0.009038 0.011373
0.009032 0.012625
0.009027 0.013793
0.009024 0.010151
0.009018 0.010822
0.009017 0.009774
0.009011 0.009041
0.009006 0.011625
0.009000 0.012076
0.008980 0.012827
0.008975 0.009614
0.008966 0.009258
0.008947 0.013545
0.008945 0.010295
0.008936 0.012996
0.008925 0.009008
0.008925 0.009549
0.008924 0.011213
0.008918 0.009830
0.008917 0.016979
0.008916 0.012431
0.008914 0.011138
0.008910 0.009854
0.008909 0.009352
0.008907 0.011025
0.008892 0.014886
0.008892 0.010025
0.008891 0.010058
0.008884 0.010086
0.008881 0.009651
0.008878 0.009528
0.008870 0.016565
0.008861 0.009803
0.008856 0.008885
0.008837 0.010339
0.008833 0.016586
0.008830 0.009366
0.008816 0.009079
0.008813 0.009185
0.008801 0.010023
0.008793 0.009571
0.008792 0.009388
0.008764 0.009320
0.008763 0.009403
0.008761 0.011507
0.008754 0.016081
0.008738 0.014031
0.008735 0.009579
0.008730 0.013890
0.008729 0.012014
0.008721 0.008910
0.008716 0.012936
0.008689 0.009289
0.008682 0.009191
0.008680 0.008891
0.008676 0.008799
0.008674 0.008757
0.008667 0.011428
0.008659 0.009667
0.008656 0.008784
0.008653 0.009027
0.008650 0.008715
0.008649 0.014566
0.008639 0.013812
0.008629 0.019399
0.008615 0.013545
0.008611 0.009908
0.008602 0.008825
0.008594 0.009194
0.008593 0.009038
0.008592 0.012582
0.008591 0.008811
0.008582 0.011391
0.008578 0.009070
0.008572 0.016305
0.008564 0.012921
0.008562 0.008613
0.008549 0.008589
0.008545 0.011081
0.008545 0.011949
0.008536 0.008634
0.008526 0.015984
0.008525 0.009435
0.008523 0.010955
0.008520 0.010290
0.008511 0.008600
0.008506 0.017010
0.008504 0.009685
0.008488 0.011183
0.008480 0.008802
0.008478 0.010612
0.008472 0.011496
0.008469 0.012653
0.008460 0.008663
0.008458 0.011171
0.008455 0.009163
0.008447 0.012799
0.008398 0.011991
0.008384 0.009651
0.008382 0.008988
0.008380 0.009982
0.008376 0.010401
0.008363 0.009985
0.008356 0.008584
0.008351 0.008680
0.008350 0.011325
0.008344 0.010777
0.008340 0.008751
0.008333 0.011245
0.008333 0.010848
0.008325 0.012097
0.008325 0.008990
0.008324 0.009991
0.008316 0.012300
0.008301 0.011902
0.008300 0.009128
0.008297 0.010338
0.008297 0.009681
0.008294 0.008627
0.008289 0.008329
0.008280 0.015851
0.008279 0.009104
0.008273 0.015111
0.008258 0.010310
0.008241 0.015316
0.008235 0.008255
0.008231 0.008853
0.008226 0.015047
0.008211 0.013238
0.008205 0.012266
0.008204 0.011403
0.008203 0.008950
0.008200 0.010977
0.008199 0.010142
0.008193 0.008916
0.008192 0.009870
0.008179 0.009269
0.008177 0.009328
0.008177 0.010724
0.008176 0.009344
0.008172 0.008658
0.008166 0.010299
0.008154 0.008437
0.008150 0.008206
0.008141 0.012381
0.008134 0.009420
0.008131 0.012985
0.008125 0.010327
0.008096 0.011420
0.008095 0.008727
0.008091 0.008828
0.008088 0.016234
0.008077 0.008773
0.008077 0.013685
0.008066 0.014301
0.008062 0.010302
0.008053 0.009238
0.008044 0.013423
0.008044 0.008702
0.008044 0.009029
0.008035 0.011034
0.008025 0.008537
0.008024 0.008404
0.008019 0.014550
0.008015 0.015485
0.008005 0.008025
0.008004 0.008172
0.008002 0.009057
0.008001 0.009553
0.007995 0.012757
0.007994 0.008769
0.007992 0.009186
0.007987 0.010188
0.007985 0.011234
0.007984 0.008185
0.007978 0.009062
0.007973 0.008471
0.007969 0.009246
0.007968 0.009927
0.007968 0.010433
0.007967 0.018556
0.007962 0.008092
0.007948 0.008602
0.007941 0.011656
0.007928 0.008257
0.007927 0.013921
0.007920 0.008471
0.007912 0.011457
0.007911 0.008444
0.007909 0.007958
0.007896 0.013011
0.007893 0.013376
0.007892 0.012794
0.007881 0.008164
0.007876 0.008932
0.007873 0.008543
0.007865 0.010187
0.007865 0.009344
0.007854 0.008737
0.007853 0.007887
0.007849 0.008002
0.007844 0.008445
0.007824 0.008239
0.007821 0.011200
0.007818 0.008648
0.007791 0.008079
0.007790 0.008870
0.007763 0.008355
0.007745 0.008456
0.007740 0.009357
0.007732 0.010248
0.007726 0.012014
0.007703 0.010581
0.007702 0.009174
0.007701 0.009008
0.007699 0.008542
0.007699 0.008868
0.007696 0.011929
0.007688 0.009190
0.007687 0.007840
0.007684 0.007891
0.007676 0.009157
0.007668 0.008199
0.007665 0.008558
0.007664 0.007953
0.007657 0.008712
0.007649 0.008066
0.007635 0.007853
0.007624 0.009239
0.007614 0.008070
0.007613 0.007721
0.007606 0.009162
0.007605 0.008936
0.007589 0.008480
0.007578 0.008044
0.007571 0.013694
0.007571 0.009207
0.007569 0.007696
0.007563 0.010179
0.007555 0.009342
0.007555 0.007992
0.007550 0.008805
0.007548 0.008468
0.007543 0.010857
0.007539 0.011570
0.007539 0.008671
0.007516 0.018504
0.007514 0.008396
0.007509 0.007538
0.007507 0.010436
0.007503 0.010798
0.007498 0.009825
0.007490 0.008956
0.007485 0.009636
0.007485 0.008022
0.007479 0.008120
0.007478 0.007855
0.007468 0.009640
0.007467 0.007532
0.007464 0.009243
0.007463 0.008565
0.007461 0.008079
0.007449 0.008419
0.007440 0.008082
0.007438 0.007885
0.007418 0.007736
0.007415 0.012970
0.007412 0.009891
0.007410 0.008223
0.007408 0.008564
0.007384 0.009118
0.007382 0.007472
0.007381 0.011182
0.007356 0.009175
0.007354 0.008582
0.007346 0.009020
0.007342 0.008323
0.007341 0.009816
0.007335 0.010928
0.007321 0.007889
0.007321 0.009193
0.007317 0.009937
0.007317 0.010469
0.007299 0.009175
0.007284 0.008758
0.007283 0.007336
0.007265 0.009666
0.007265 0.008971
0.007256 0.007531
0.007254 0.007750
0.007251 0.008575
0.007247 0.008726
0.007247 0.007813
0.007244 0.007743
0.007238 0.007678
0.007236 0.007711
0.007227 0.013136
0.007226 0.012846
0.007218 0.008878
0.007212 0.008259
0.007207 0.010894
0.007205 0.012365
0.007192 0.010859
0.007189 0.014036
0.007186 0.007756
0.007180 0.009171
0.007177 0.008163
0.007171 0.007517
0.007167 0.007218
0.007167 0.007326
0.007160 0.007589
0.007141 0.009240
0.007140 0.007413
0.007138 0.008814
0.007134 0.010637
0.007126 0.008146
0.007125 0.010048
0.007120 0.007887
0.007115 0.009240
0.007113 0.014590
0.007110 0.011208
0.007100 0.007200
0.007093 0.011574
0.007086 0.012504
0.007077 0.007618
0.007071 0.013819
0.007070 0.008878
0.007063 0.009107
0.007055 0.008641
0.007051 0.007473
0.007048 0.011555
0.007045 0.012075
0.007036 0.007151
0.007032 0.007657
0.007023 0.007254
0.007023 0.008934
0.007011 0.008842
0.007011 0.008179
0.007011 0.013325
0.007005 0.007482
0.007003 0.007466
0.006998 0.009260
0.006997 0.007940
0.006991 0.007367
0.006990 0.009985
0.006980 0.014381
0.006978 0.010711
0.006977 0.007273
0.006976 0.009829
0.006971 0.007533
0.006969 0.008053
0.006965 0.007373
0.006963 0.007431
0.006945 0.012051
0.006943 0.009021
0.006942 0.008567
0.006941 0.009070
0.006939 0.009441
0.006938 0.009263
0.006936 0.009064
0.006930 0.008802
0.006930 0.009767
0.006925 0.008011
0.006916 0.006982
0.006903 0.007095
0.006902 0.008913
0.006901 0.007411
0.006897 0.006997
0.006891 0.007332
0.006884 0.013638
0.006882 0.006992
0.006879 0.009655
0.006879 0.007568
0.006878 0.010870
0.006877 0.007798
0.006873 0.007828
0.006872 0.008427
0.006869 0.013286
0.006868 0.008899
0.006864 0.007198
0.006856 0.006861
0.006854 0.006979
0.006852 0.007312
0.006849 0.009755
0.006827 0.008653
0.006825 0.008825
0.006824 0.007727
0.006823 0.007462
0.006821 0.007464
0.006807 0.007960
0.006806 0.008734
0.006794 0.007919
0.006786 0.009523
0.006785 0.007078
0.006780 0.007540
0.006774 0.007117
0.006774 0.006805
0.006758 0.009120
0.006740 0.009153
0.006738 0.006742
0.006726 0.007531
0.006725 0.007591
0.006725 0.011292
0.006717 0.007844
0.006715 0.008613
0.006714 0.007630
0.006711 0.012451
0.006709 0.010358
0.006705 0.007241
0.006701 0.010857
0.006699 0.007232
0.006698 0.010261
0.006694 0.007605
0.006690 0.007006
0.006683 0.006787
0.006682 0.009623
0.006676 0.008247
0.006670 0.006856
0.006663 0.006843
0.006657 0.008461
0.006653 0.008613
0.006653 0.007758
0.006650 0.007218
0.006635 0.006655
0.006632 0.006783
0.006630 0.007562
0.006624 0.007567
0.006617 0.006763
0.006607 0.008297
0.006599 0.010017
0.006598 0.007744
0.006595 0.009481
0.006594 0.009307
0.006592 0.007181
0.006591 0.008726
0.006587 0.006733
0.006585 0.007015
0.006576 0.007472
0.006575 0.007436
0.006574 0.006707
0.006571 0.011935
0.006565 0.007310
0.006563 0.007008
0.006562 0.008162
0.006553 0.007572
0.006551 0.012693
0.006545 0.007346
0.006541 0.011518
0.006536 0.008179
0.006529 0.006859
0.006527 0.009932
0.006516 0.007154
0.006508 0.008994
0.006502 0.007713
0.006499 0.014430
0.006498 0.008294
0.006497 0.007266
0.006495 0.010544
0.006494 0.008983
0.006493 0.009479
0.006484 0.008504
0.006481 0.009024
0.006479 0.008407
0.006478 0.008135
0.006477 0.009210
0.006475 0.008499
0.006469 0.007844
0.006469 0.007947
0.006466 0.007277
0.006463 0.007556
0.006460 0.007564
0.006458 0.008224
0.006457 0.009769
0.006451 0.007481
0.006449 0.006938
0.006444 0.007044
0.006439 0.006536
0.006438 0.008213
0.006437 0.012585
0.006432 0.006486
0.006431 0.007594
0.006431 0.007117
0.006426 0.007713
0.006421 0.006508
0.006419 0.006449
0.006419 0.006583
0.006412 0.009963
0.006410 0.006722
0.006409 0.009140
0.006403 0.009735
0.006397 0.012964
0.006380 0.006782
0.006373 0.006500
0.006372 0.006998
0.006371 0.006471
0.006370 0.006717
0.006363 0.009191
0.006353 0.009578
0.006345 0.007839
0.006345 0.008013
0.006341 0.009904
0.006336 0.008895
0.006334 0.010199
0.006333 0.006339
0.006331 0.006944
0.006326 0.007253
0.006322 0.009053
0.006322 0.007108
0.006318 0.007025
0.006318 0.007007
0.006318 0.012366
0.006315 0.006362
0.006313 0.007041
0.006312 0.007445
0.006310 0.006504
0.006305 0.014453
0.006295 0.006328
0.006293 0.007160
0.006288 0.008403
0.006288 0.007181
0.006283 0.008274
0.006282 0.011798
0.006276 0.010334
0.006275 0.007089
0.006275 0.006714
0.006266 0.008250
0.006265 0.007185
0.006253 0.012022
0.006244 0.012667
0.006242 0.006375
0.006239 0.006297
0.006216 0.008950
0.006213 0.009437
0.006209 0.008413
0.006206 0.008386
0.006200 0.011610
0.006190 0.010451
0.006188 0.006318
0.006181 0.006911
0.006181 0.006400
0.006177 0.006439
0.006171 0.006302
0.006171 0.006238
0.006168 0.006230
0.006164 0.007987
0.006155 0.009766
0.006152 0.008657
0.006151 0.007497
0.006150 0.007119
0.006148 0.006333
0.006146 0.006632
0.006145 0.007119
0.006143 0.007763
0.006141 0.009698
0.006141 0.006337
0.006128 0.007438
0.006126 0.006381
0.006124 0.006291
0.006120 0.009111
0.006117 0.006803
0.006117 0.006978
0.006114 0.009676
0.006112 0.007196
0.006109 0.012513
0.006109 0.006768
0.006109 0.006812
0.006106 0.007864
0.006102 0.007557
0.006101 0.006379
0.006100 0.012125
0.006099 0.006660
0.006097 0.006384
0.006094 0.006650
0.006094 0.007094
0.006093 0.006332
0.006089 0.007661
0.006086 0.007230
0.006084 0.012895
0.006081 0.011244
0.006079 0.007266
0.006077 0.007015
0.006077 0.007949
0.006077 0.008775
0.006074 0.006891
0.006073 0.006805
0.006070 0.006369
0.006068 0.008055
0.006067 0.007730
0.006065 0.006619
0.006063 0.006968
0.006057 0.006499
0.006054 0.006637
0.006053 0.006199
0.006048 0.006343
0.006043 0.006298
0.006041 0.006347
0.006039 0.006324
0.006037 0.006781
0.006036 0.007118
0.006034 0.006101
0.006028 0.006089
0.006024 0.007945
0.006024 0.007421
0.006021 0.006200
0.006020 0.007659
0.006019 0.006695
0.006018 0.007570
0.006006 0.006782
0.006003 0.007548
0.005992 0.006622
0.005991 0.006388
0.005988 0.006648
0.005983 0.006436
0.005981 0.012565
0.005981 0.007314
0.005978 0.008530
0.005978 0.007648
0.005976 0.006335
0.005975 0.007664
0.005974 0.006909
0.005971 0.006557
0.005966 0.006282
0.005961 0.010907
0.005952 0.006350
0.005951 0.009356
0.005950 0.011035
0.005950 0.007609
0.005949 0.006799
0.005949 0.008619
0.005947 0.006240
0.005945 0.006809
0.005941 0.006005
0.005934 0.007042
0.005932 0.009365
0.005928 0.006042
0.005926 0.009117
0.005922 0.011682
0.005919 0.007003
0.005919 0.006229
0.005917 0.006264
0.005909 0.009045
0.005904 0.006510
0.005899 0.009079
0.005898 0.006842
0.005880 0.008286
0.005880 0.007180
0.005879 0.006338
0.005863 0.005972
0.005862 0.009192
0.005861 0.006104
0.005860 0.006406
0.005859 0.007117
0.005856 0.006116
0.005841 0.006182
0.005840 0.006372
0.005839 0.006668
0.005836 0.007550
0.005834 0.008147
0.005831 0.006623
0.005829 0.006082
0.005824 0.007615
0.005821 0.005926
0.005820 0.009852
0.005819 0.006755
0.005815 0.007456
0.005814 0.010773
0.005809 0.007825
0.005807 0.008509
0.005805 0.010256
0.005804 0.007060
0.005802 0.007086
0.005801 0.007331
0.005795 0.006548
0.005788 0.006433
0.005782 0.011644
0.005782 0.007687
0.005779 0.008807
0.005776 0.006502
0.005776 0.007181
0.005772 0.006325
0.005770 0.005969
0.005766 0.008337
0.005762 0.006289
0.005760 0.005857
0.005757 0.008753
0.005751 0.005838
0.005751 0.010412
0.005748 0.005774
0.005747 0.006194
0.005745 0.007079
0.005739 0.006573
0.005738 0.006266
0.005737 0.006275
0.005730 0.006328
0.005724 0.006954
0.005724 0.007084
0.005717 0.010919
0.005710 0.008774
0.005709 0.005976
0.005706 0.005750
0.005698 0.006838
0.005693 0.007580
0.005692 0.006696
0.005692 0.005741
0.005691 0.010990
0.005688 0.006896
0.005686 0.005776
0.005685 0.006066
0.005684 0.005960
0.005682 0.005888
0.005682 0.005762
0.005677 0.006535
0.005675 0.007107
0.005675 0.008881
0.005671 0.012372
0.005671 0.005785
0.005669 0.007477
0.005664 0.005888
0.005664 0.007370
0.005661 0.006645
0.005660 0.005732
0.005659 0.008269
0.005656 0.006770
0.005653 0.006516
0.005649 0.006240
0.005648 0.006064
0.005645 0.006733
0.005644 0.006782
0.005641 0.006230
0.005639 0.008155
0.005638 0.008512
0.005633 0.007088
0.005632 0.006009
0.005630 0.007915
0.005624 0.006536
0.005623 0.005912
0.005622 0.006952
0.005621 0.008422
0.005620 0.008265
0.005618 0.006679
0.005617 0.006885
0.005617 0.006379
0.005610 0.005853
0.005610 0.006642
0.005608 0.005996
0.005606 0.005884
0.005599 0.006825
0.005592 0.006866
0.005589 0.005824
0.005588 0.005668
0.005583 0.005595
0.005582 0.008660
0.005579 0.014044
0.005575 0.009199
0.005575 0.006309
0.005573 0.006106
0.005569 0.006385
0.005568 0.008547
0.005567 0.008481
0.005566 0.008245
0.005566 0.007188
0.005558 0.006715
0.005556 0.009144
0.005554 0.006318
0.005551 0.007364
0.005550 0.007207
0.005548 0.006961
0.005541 0.006272
0.005539 0.005787
0.005539 0.008791
0.005538 0.008697
0.005536 0.005852
0.005530 0.006135
0.005526 0.005774
0.005524 0.007662
0.005524 0.006918
0.005521 0.006173
0.005520 0.006176
0.005520 0.006437
0.005519 0.006668
0.005518 0.006559
0.005510 0.005608
0.005509 0.006889
0.005504 0.006792
0.005503 0.008590
0.005502 0.005981
0.005498 0.005664
0.005495 0.010020
0.005493 0.006422
0.005482 0.006967
0.005475 0.007579
0.005472 0.005806
0.005470 0.007117
0.005470 0.007067
0.005469 0.005980
0.005467 0.007086
0.005466 0.008896
0.005459 0.007523
0.005459 0.008126
0.005459 0.008205
0.005457 0.005505
0.005456 0.006614
0.005455 0.008024
0.005454 0.006759
0.005453 0.006059
0.005450 0.008834
0.005450 0.006514
0.005446 0.006549
0.005446 0.005697
0.005445 0.008710
0.005445 0.009877
0.005442 0.007442
0.005441 0.005937
0.005441 0.005812
0.005440 0.006487
0.005440 0.005647
0.005434 0.006803
0.005432 0.006152
0.005428 0.005563
0.005425 0.006326
0.005419 0.006007
0.005419 0.005481
0.005418 0.006867
0.005416 0.006721
0.005415 0.008147
0.005412 0.007487
0.005409 0.005498
0.005404 0.006116
0.005403 0.005785
0.005402 0.006811
0.005401 0.007008
0.005400 0.005677
0.005398 0.005731
0.005398 0.009259
0.005397 0.006124
0.005395 0.006676
0.005391 0.006232
0.005390 0.005776
0.005388 0.005611
0.005385 0.005717
0.005385 0.005980
0.005384 0.008477
0.005383 0.005919
0.005382 0.005392
0.005381 0.006076
0.005378 0.009918
0.005371 0.005451
0.005371 0.005591
0.005368 0.006787
0.005366 0.005652
0.005365 0.007415
0.005364 0.005383
0.005361 0.006303
0.005352 0.005911
0.005351 0.005487
0.005347 0.005836
0.005346 0.005444
0.005345 0.011223
0.005335 0.005535
0.005326 0.005408
0.005324 0.005755
0.005320 0.007070
0.005320 0.005597
0.005315 0.005796
0.005313 0.006057
0.005306 0.005673
0.005298 0.005384
0.005293 0.006375
0.005293 0.007780
0.005289 0.005637
0.005289 0.006114
0.005288 0.010564
0.005287 0.005559
0.005287 0.006370
0.005284 0.010548
0.005284 0.005432
0.005281 0.008099
0.005281 0.006056
0.005280 0.007154
0.005278 0.006582
0.005276 0.008320
0.005269 0.005363
0.005269 0.008637
0.005267 0.005797
0.005267 0.005803
0.005264 0.005797
0.005260 0.009254
0.005259 0.005723
0.005258 0.007202
0.005257 0.006008
0.005252 0.009866
0.005251 0.006044
0.005250 0.005523
0.005250 0.006227
0.005250 0.007427
0.005247 0.007735
0.005241 0.009194
0.005237 0.006339
0.005228 0.005373
0.005226 0.007828
0.005225 0.006140
0.005225 0.006539
0.005224 0.006575
0.005224 0.006045
0.005223 0.005864
0.005223 0.007995
0.005221 0.006611
0.005216 0.005351
0.005214 0.006586
0.005208 0.007846
0.005206 0.006020
0.005206 0.005658
0.005203 0.010387
0.005203 0.005452
0.005202 0.006793
0.005199 0.007435
0.005198 0.008272
0.005189 0.006761
0.005176 0.005564
0.005175 0.006639
0.005172 0.005886
0.005166 0.010360
0.005166 0.006650
0.005164 0.005425
0.005161 0.005567
0.005152 0.006377
0.005149 0.005361
0.005137 0.010729
0.005136 0.005161
0.005131 0.008321
0.005129 0.005694
0.005128 0.006124
0.005126 0.006055
0.005118 0.006599
0.005117 0.010265
0.005116 0.006629
0.005103 0.007404
0.005103 0.005759
0.005101 0.005351
0.005091 0.006824
0.005086 0.005202
0.005085 0.006136
0.005080 0.005250
0.005078 0.005402
0.005076 0.005212
0.005074 0.008549
0.005067 0.005311
0.005063 0.005171
0.005062 0.006067
0.005056 0.005271
0.005056 0.005093
0.005049 0.005088
0.005048 0.006676
0.005046 0.006498
0.005045 0.009938
0.005039 0.005225
0.005035 0.005220
0.005035 0.006489
0.005033 0.006662
0.005032 0.005074
0.005030 0.006601
0.005025 0.005536
0.005025 0.007500
0.005024 0.005072
0.005022 0.007296
0.005022 0.006156
0.005021 0.005117
0.005020 0.005450
0.005017 0.006025
0.005010 0.006923
0.005006 0.005908
0.005004 0.007056
0.005003 0.005706
0.005000 0.005578
0.005000 0.005341
0.004999 0.005588
0.004999 0.005134
0.004997 0.005254
0.004993 0.007157
0.004993 0.007605
0.004989 0.006685
0.004988 0.006702
0.004984 0.005311
0.004982 0.008577
0.004981 0.005028
0.004964 0.011338
0.004962 0.006730
0.004958 0.005946
0.004955 0.005908
0.004952 0.006557
0.004945 0.005423
0.004941 0.008776
0.004935 0.005270
0.004934 0.005609
0.004934 0.005914
0.004932 0.005627
0.004927 0.005417
0.004924 0.005422
0.004923 0.006386
0.004923 0.008202
0.004920 0.008236
0.004913 0.006839
0.004911 0.005508
0.004911 0.006367
0.004906 0.005905
0.004904 0.006340
0.004902 0.006867
0.004892 0.007588
0.004891 0.006328
0.004890 0.007844
0.004890 0.005832
0.004887 0.005287
0.004886 0.005377
0.004881 0.005781
0.004881 0.007583
0.004880 0.009267
0.004879 0.005823
0.004877 0.006075
0.004871 0.005535
0.004868 0.007355
0.004866 0.005097
0.004866 0.008346
0.004861 0.005511
0.004861 0.007165
0.004859 0.005315
0.004858 0.005597
0.004855 0.005369
0.004855 0.005875
0.004852 0.005712
0.004851 0.004879
0.004845 0.005505
0.004844 0.005348
0.004840 0.006141
0.004839 0.005499
0.004838 0.005728
0.004835 0.006801
0.004834 0.005326
0.004829 0.005715
0.004828 0.005548
0.004825 0.006058
0.004825 0.005683
0.004823 0.005822
0.004821 0.005247
0.004821 0.006039
0.004821 0.009053
0.004819 0.005302
0.004818 0.006361
0.004816 0.008455
0.004812 0.006009
0.004810 0.005086
0.004805 0.005820
0.004804 0.005777
0.004802 0.005846
0.004799 0.010747
0.004792 0.005135
0.004791 0.007209
0.004790 0.004837
0.004790 0.005168
0.004790 0.006400
0.004787 0.005208
0.004787 0.007678
0.004784 0.006040
0.004781 0.008162
0.004781 0.005001
0.004780 0.005386
0.004780 0.004969
0.004780 0.005261
0.004775 0.004972
0.004774 0.005365
0.004771 0.007096
0.004769 0.005965
0.004769 0.007504
0.004766 0.004769
0.004763 0.005564
0.004762 0.008388
0.004760 0.006181
0.004757 0.005442
0.004751 0.007035
0.004751 0.008276
0.004749 0.007070
0.004743 0.004989
0.004741 0.005172
0.004741 0.004974
0.004739 0.005217
0.004732 0.008315
0.004730 0.006803
0.004729 0.006737
0.004728 0.005461
0.004726 0.006777
0.004726 0.008781
0.004724 0.006322
0.004720 0.007629
0.004719 0.005044
0.004717 0.006212
0.004716 0.006743
0.004716 0.005073
0.004710 0.007028
0.004709 0.005519
0.004706 0.009864
0.004706 0.005794
0.004706 0.004752
0.004705 0.004717
0.004703 0.006564
0.004694 0.005640
0.004693 0.005263
0.004693 0.005259
0.004693 0.007868
0.004692 0.008619
0.004689 0.007007
0.004686 0.009630
0.004685 0.006011
0.004684 0.006165
0.004683 0.005929
0.004677 0.005231
0.004677 0.008095
0.004670 0.009706
0.004665 0.008144
0.004662 0.005196
0.004660 0.007511
0.004654 0.007804
0.004653 0.004948
0.004651 0.006048
0.004650 0.010475
0.004650 0.004682
0.004647 0.005678
0.004645 0.005631
0.004640 0.005969
0.004640 0.004772
0.004638 0.004963
0.004636 0.006376
0.004635 0.004903
0.004634 0.004672
0.004634 0.007280
0.004628 0.004947
0.004625 0.005070
0.004624 0.005305
0.004621 0.006659
0.004620 0.004962
0.004619 0.006831
0.004612 0.006496
0.004612 0.005975
0.004611 0.006043
0.004604 0.004851
0.004603 0.007066
0.004602 0.005280
0.004600 0.005821
0.004596 0.005768
0.004596 0.006436
0.004588 0.005389
0.004585 0.006398
0.004580 0.007147
0.004580 0.007163
0.004575 0.004788
0.004572 0.004621
0.004569 0.006360
0.004566 0.005308
0.004563 0.006510
0.004563 0.004799
0.004559 0.008867
0.004557 0.004702
0.004555 0.005453
0.004551 0.004893
0.004549 0.005815
0.004548 0.009087
0.004546 0.005389
0.004546 0.005944
0.004542 0.004651
0.004537 0.005050
0.004535 0.005542
0.004535 0.005260
0.004534 0.006941
0.004533 0.004878
0.004533 0.005144
0.004532 0.004598
0.004531 0.009283
0.004529 0.007059
0.004529 0.004884
0.004528 0.005065
0.004528 0.004739
0.004525 0.006849
0.004522 0.009564
0.004520 0.006050
0.004519 0.007764
0.004517 0.005537
0.004516 0.005167
0.004515 0.004935
0.004515 0.006234
0.004513 0.005382
0.004512 0.004944
0.004511 0.004764
0.004504 0.006713
0.004504 0.007636
0.004495 0.005756
0.004495 0.005179
0.004488 0.006820
0.004488 0.004995
0.004485 0.005359
0.004483 0.005643
0.004480 0.005075
0.004478 0.006150
0.004476 0.004543
0.004474 0.008878
0.004470 0.006978
0.004469 0.005327
0.004467 0.007498
0.004466 0.005089
0.004466 0.004980
0.004462 0.004864
0.004460 0.005701
0.004457 0.004678
0.004452 0.005785
0.004452 0.005684
0.004451 0.005636
0.004449 0.007600
0.004444 0.005042
0.004440 0.004943
0.004438 0.005675
0.004438 0.004846
0.004434 0.005043
0.004433 0.005510
0.004430 0.004485
0.004418 0.004868
0.004418 0.007555
0.004414 0.004647
0.004412 0.007625
0.004411 0.006389
0.004411 0.009337
0.004409 0.007924
0.004404 0.006644
0.004404 0.004412
0.004401 0.004647
0.004401 0.007227
0.004400 0.004627
0.004399 0.005652
0.004385 0.006043
0.004385 0.005206
0.004384 0.005389
0.004383 0.004677
0.004382 0.004483
0.004379 0.005507
0.004378 0.006527
0.004375 0.004510
0.004375 0.004891
0.004371 0.005641
0.004368 0.004466
0.004367 0.007577
0.004362 0.004768
0.004361 0.007394
0.004358 0.005031
0.004350 0.006083
0.004338 0.004813
0.004338 0.004366
0.004334 0.006899
0.004332 0.006338
0.004330 0.004569
0.004324 0.005710
0.004322 0.004566
0.004319 0.005515
0.004319 0.004324
0.004318 0.005929
0.004314 0.012329
0.004314 0.005173
0.004310 0.004428
0.004309 0.005683
0.004306 0.004595
0.004304 0.008252
0.004300 0.005532
0.004298 0.010442
0.004293 0.005563
0.004292 0.005483
0.004289 0.004379
0.004289 0.004489
0.004285 0.004727
0.004284 0.008050
0.004283 0.006605
0.004274 0.005033
0.004270 0.005015
0.004269 0.005389
0.004268 0.004409
0.004268 0.004846
0.004266 0.007913
0.004265 0.004843
0.004264 0.005328
0.004264 0.004909
0.004259 0.005908
0.004259 0.004334
0.004253 0.004726
0.004253 0.004341
0.004248 0.004372
0.004247 0.004373
0.004243 0.004254
0.004241 0.005378
0.004240 0.005508
0.004239 0.006137
0.004237 0.006265
0.004236 0.006955
0.004230 0.004485
0.004228 0.004794
0.004227 0.006193
0.004226 0.004511
0.004224 0.006093
0.004215 0.008036
0.004211 0.004404
0.004207 0.005960
0.004204 0.004361
0.004203 0.005285
0.004202 0.004660
0.004200 0.005124
0.004200 0.004456
0.004199 0.005782
0.004189 0.006548
0.004188 0.007885
0.004181 0.004286
0.004177 0.004251
0.004176 0.006988
0.004176 0.004632
0.004175 0.004261
0.004175 0.004886
0.004175 0.005442
0.004174 0.004885
0.004167 0.006277
0.004165 0.004189
0.004163 0.009939
0.004162 0.005310
0.004156 0.004715
0.004156 0.005867
0.004155 0.004409
0.004154 0.005078
0.004154 0.004882
0.004150 0.005648
0.004150 0.006704
0.004147 0.004840
0.004145 0.007029
0.004143 0.004977
0.004139 0.004672
0.004137 0.004447
0.004135 0.004367
0.004132 0.007237
0.004130 0.004347
0.004127 0.006290
0.004126 0.005531
0.004125 0.004932
0.004121 0.005244
0.004119 0.008078
0.004118 0.006194
0.004115 0.006714
0.004115 0.006701
0.004113 0.005310
0.004110 0.007585
0.004109 0.004606
0.004107 0.006419
0.004104 0.005639
0.004103 0.004159
0.004101 0.006731
0.004096 0.007780
0.004095 0.007770
0.004089 0.005153
0.004083 0.006541
0.004080 0.004724
0.004080 0.006004
0.004080 0.005283
0.004075 0.005863
0.004073 0.004436
0.004067 0.004346
0.004061 0.004646
0.004061 0.007303
0.004061 0.004773
0.004058 0.004279
0.004057 0.005548
0.004056 0.005112
0.004056 0.005112
0.004051 0.006761
0.004046 0.005549
0.004046 0.007372
0.004045 0.005088
0.004044 0.004362
0.004037 0.006564
0.004036 0.004038
0.004036 0.005902
0.004035 0.004916
0.004034 0.006512
0.004030 0.004776
0.004026 0.005578
0.004024 0.005719
0.004024 0.005628
0.004024 0.005101
0.004015 0.004170
0.004015 0.007082
0.004011 0.004861
0.004006 0.005135
0.004005 0.004139
0.004004 0.007825
0.003999 0.004040
0.003998 0.004751
0.003995 0.004789
0.003993 0.004278
0.003982 0.007981
0.003982 0.004332
0.003981 0.004086
0.003980 0.004178
0.003980 0.005197
0.003980 0.004142
0.003975 0.004311
0.003973 0.004607
0.003970 0.005000
0.003968 0.004509
0.003967 0.006290
0.003967 0.008856
0.003965 0.009505
0.003961 0.004167
0.003960 0.007303
0.003952 0.004582
0.003950 0.006010
0.003949 0.007535
0.003948 0.007236
0.003945 0.006434
0.003943 0.005263
0.003940 0.004724
0.003935 0.008714
0.003932 0.006612
0.003931 0.004214
0.003923 0.004182
0.003918 0.005221
0.003918 0.007124
0.003917 0.004860
0.003915 0.004276
0.003914 0.004411
0.003913 0.004735
0.003913 0.005260
0.003911 0.004541
0.003911 0.004095
0.003910 0.007215
0.003910 0.004074
0.003904 0.004007
0.003903 0.004183
0.003900 0.009461
0.003899 0.004181
0.003899 0.005664
0.003899 0.005161
0.003894 0.004709
0.003891 0.005507
0.003890 0.007021
0.003889 0.004865
0.003889 0.004479
0.003875 0.004648
0.003875 0.003894
0.003874 0.004568
0.003872 0.004437
0.003869 0.004776
0.003863 0.005452
0.003861 0.004815
0.003860 0.004392
0.003856 0.005514
0.003853 0.003955
0.003852 0.007123
0.003851 0.004008
0.003845 0.006334
0.003844 0.005686
0.003841 0.005199
0.003836 0.007758
0.003835 0.007812
0.003833 0.004635
0.003828 0.004181
0.003819 0.004696
0.003818 0.003831
0.003817 0.005757
0.003813 0.005052
0.003811 0.003821
0.003811 0.007358
0.003811 0.004156
0.003808 0.004024
0.003801 0.003884
0.003800 0.003988
0.003799 0.003927
0.003795 0.004472
0.003790 0.004947
0.003778 0.003808
0.003774 0.005319
0.003771 0.004900
0.003769 0.006876
0.003765 0.004906
0.003762 0.005446
0.003762 0.004330
0.003761 0.003810
0.003756 0.005024
0.003753 0.004039
0.003752 0.003808
0.003747 0.006121
0.003743 0.004422
0.003736 0.003810
0.003734 0.007266
0.003731 0.003833
0.003730 0.003958
0.003729 0.003996
0.003726 0.004019
0.003724 0.003987
0.003721 0.004007
0.003718 0.004748
0.003713 0.004951
0.003705 0.004478
0.003704 0.008137
0.003699 0.004676
0.003699 0.004460
0.003697 0.004070
0.003697 0.004796
0.003697 0.005179
0.003696 0.004132
0.003695 0.004195
0.003693 0.003732
0.003693 0.003922
0.003688 0.003865
0.003687 0.004095
0.003677 0.005549
0.003677 0.004317
0.003675 0.006132
0.003671 0.004932
0.003668 0.004210
0.003665 0.005593
0.003657 0.005683
0.003657 0.004512
0.003653 0.007126
0.003652 0.004890
0.003652 0.003889
0.003646 0.004185
0.003640 0.004150
0.003637 0.003941
0.003635 0.003701
0.003635 0.005345
0.003634 0.003773
0.003630 0.003929
0.003619 0.005373
0.003616 0.003660
0.003615 0.005702
0.003611 0.003935
0.003610 0.003852
0.003608 0.003626
0.003606 0.004021
0.003606 0.004870
0.003599 0.003755
0.003594 0.004553
0.003594 0.006865
0.003594 0.004837
0.003590 0.006470
0.003590 0.004108
0.003590 0.006629
0.003587 0.003591
0.003587 0.003697
0.003585 0.004196
0.003585 0.005579
0.003578 0.004140
0.003578 0.003846
0.003578 0.005050
0.003572 0.003800
0.003571 0.004525
0.003568 0.003596
0.003565 0.004464
0.003564 0.004519
0.003564 0.004063
0.003563 0.003937
0.003562 0.006089
0.003561 0.004385
0.003557 0.003601
0.003556 0.006062
0.003556 0.006756
0.003555 0.005962
0.003551 0.005123
0.003546 0.003634
0.003536 0.005235
0.003535 0.003636
0.003532 0.004419
0.003529 0.003569
0.003526 0.003990
0.003523 0.004629
0.003520 0.003709
0.003513 0.004824
0.003513 0.003855
0.003513 0.004136
0.003512 0.003726
0.003510 0.003944
0.003509 0.003568
0.003499 0.004764
0.003498 0.004661
0.003497 0.003861
0.003495 0.004725
0.003492 0.004139
0.003492 0.004551
0.003485 0.004214
0.003484 0.004292
0.003482 0.003631
0.003478 0.004556
0.003471 0.004485
0.003469 0.004044
0.003469 0.003666
0.003465 0.006260
0.003465 0.004412
0.003464 0.004277
0.003464 0.005236
0.003464 0.004394
0.003453 0.003487
0.003451 0.003501
0.003447 0.004250
0.003443 0.003504
0.003439 0.005030
0.003438 0.004404
0.003433 0.005235
0.003432 0.003576
0.003422 0.003605
0.003417 0.005343
0.003414 0.003688
0.003407 0.004140
0.003403 0.004049
0.003383 0.003565
0.003380 0.003551
0.003378 0.005292
0.003377 0.004384
0.003364 0.006582
0.003361 0.005505
0.003358 0.004245
0.003357 0.003616
0.003335 0.003628
0.003332 0.004223
0.003316 0.004851
0.003312 0.003764
0.003311 0.003516
0.003311 0.005185
0.003306 0.009290
0.003302 0.004489
0.003302 0.003505
0.003299 0.003813
0.003298 0.003979
0.003297 0.003556
0.003293 0.003389
0.003292 0.003354
0.003285 0.004147
0.003284 0.003554
0.003282 0.003291
0.003278 0.004206
0.003276 0.004752
0.003269 0.003716
0.003269 0.003733
0.003266 0.008001
0.003265 0.004162
0.003261 0.003770
0.003252 0.004427
0.003250 0.003699
0.003245 0.003730
0.003238 0.003964
0.003228 0.003299
0.003223 0.003878
0.003220 0.003571
0.003207 0.003339
0.003200 0.003469
0.003191 0.003571
0.003185 0.003988
0.003184 0.003344
0.003163 0.004211
0.003158 0.003725
0.003141 0.003444
0.003133 0.003941
0.003123 0.003434
0.003121 0.003428
0.003120 0.004877
0.003115 0.003192
0.003114 0.004054
0.003113 0.003286
0.003105 0.003206
0.003104 0.004567
0.003102 0.003609
0.003101 0.003819
0.003100 0.003545
0.003099 0.003101
0.003088 0.003466
0.003080 0.003086
0.003079 0.003108
0.003079 0.003522
0.003079 0.003575
0.003074 0.003967
0.003063 0.003423
0.003045 0.003157
0.003039 0.004000
0.003027 0.003685
0.003015 0.003275
0.003010 0.003607
0.003006 0.003072
0.003005 0.004096
0.003005 0.003797
0.002999 0.003402
0.002996 0.003200
0.002987 0.003273
0.002981 0.004337
0.002978 0.004017
0.002970 0.003064
0.002957 0.003100
0.002943 0.004489
0.002943 0.003134
0.002942 0.003151
0.002941 0.003262
0.002938 0.005834
0.002935 0.005654
0.002933 0.003057
0.002931 0.003462
0.002929 0.002979
0.002928 0.002934
0.002916 0.002964
0.002898 0.003466
0.002895 0.004047
0.002893 0.002936
0.002887 0.003483
0.002887 0.002991
0.002882 0.003126
0.002881 0.003244
0.002880 0.003279
0.002875 0.002997
0.002867 0.003245
0.002864 0.003112
0.002863 0.003025
0.002848 0.003364
0.002848 0.003213
0.002838 0.003054
0.002838 0.003043
0.002831 0.002865
0.002819 0.003045
0.002810 0.002917
0.002780 0.003248
0.002771 0.003211
0.002759 0.002816
0.002758 0.003638
0.002756 0.003939
0.002753 0.003144
0.002739 0.003265
0.002713 0.003855
0.002698 0.003603
0.002687 0.002789
0.002684 0.003182
0.002683 0.003240
0.002679 0.002721
0.002668 0.003179
0.002668 0.002836
0.002658 0.002967
0.002651 0.004923
0.002642 0.002942
0.002637 0.003057
0.002631 0.002798
0.002613 0.002930
0.002607 0.003421
0.002607 0.004745
0.002603 0.002728
0.002598 0.003041
0.002587 0.002856
0.002577 0.002579
0.002555 0.003193
0.002553 0.002881
0.002543 0.003353
0.002517 0.002776
0.002499 0.002535
0.002499 0.002684
0.002491 0.002647
0.002466 0.003394
0.002465 0.002545
0.002460 0.002602
0.002459 0.002550
0.002433 0.002623
0.002430 0.002503
0.002421 0.003815
0.002414 0.003730
0.002412 0.002782
0.002378 0.002409
0.002356 0.002556
0.002341 0.002435
0.002304 0.002440
0.002302 0.002435
0.002286 0.002781
0.002282 0.002288
0.002260 0.002366
0.002179 0.002454
0.002170 0.002467
0.002161 0.002586
0.002152 0.002860
0.002129 0.002281
0.002128 0.002374
0.002125 0.002284
0.002075 0.002140
0.002061 0.002251
0.002053 0.002369
0.001987 0.002058
0.001934 0.001958
0.001898 0.001947
0.001826 0.001981
0.001819 0.002379
0.001792 0.001879
0.001753 0.001795
0.001630 0.001690
0.001358 0.001517
