0.104025 0.109656
0.100412 0.101345
0.094277 0.120549
0.083951 0.086562
0.082334 0.084773
0.080642 0.130810
0.077530 0.134798
0.076667 0.079632
0.074591 0.087073
0.072575 0.076559
0.069345 0.092476
0.066014 0.073298
0.065202 0.079588
0.061605 0.062728
0.061154 0.062313
0.060455 0.100257
0.060383 0.061887
0.057811 0.060812
0.057467 0.060319
0.057209 0.057617
0.055617 0.056104
0.054938 0.058670
0.054710 0.056550
0.054568 0.054641
0.054534 0.058143
0.053710 0.056644
0.050971 0.051421
0.050487 0.052635
0.050425 0.059072
0.049664 0.057400
0.049421 0.068278
0.049177 0.059583
0.047370 0.047415
0.046955 0.048388
0.046718 0.048945
0.046408 0.052759
0.046230 0.059877
0.045997 0.046287
0.044889 0.045815
0.044829 0.045453
0.044300 0.047689
0.044167 0.100728
0.044053 0.047492
0.043666 0.068827
0.043127 0.043341
0.042771 0.047708
0.042593 0.053901
0.041791 0.050527
0.041654 0.041908
0.041369 0.051018
0.041124 0.041357
0.041105 0.045535
0.040896 0.041672
0.040810 0.043319
0.040758 0.050182
0.040672 0.048335
0.040248 0.040382
0.039903 0.040136
0.039860 0.061317
0.039769 0.050663
0.039651 0.042196
0.039645 0.060261
0.039537 0.040257
0.039462 0.040424
0.039422 0.039671
0.039082 0.045495
0.038758 0.039865
0.038752 0.042682
0.038612 0.040492
0.038546 0.059252
0.037822 0.038250
0.037445 0.046502
0.037420 0.040600
0.037361 0.040186
0.037352 0.038345
0.037300 0.041836
0.036927 0.047307
0.036693 0.041923
0.036345 0.038690
0.036258 0.038023
0.036141 0.040553
0.035950 0.039367
0.035744 0.048749
0.035739 0.050463
0.035720 0.046521
0.035097 0.036340
0.034962 0.052192
0.034922 0.049268
0.034723 0.053017
0.034722 0.045214
0.034584 0.034855
0.034124 0.046315
0.033548 0.046492
0.033456 0.041217
0.033404 0.034122
0.033180 0.039304
0.032985 0.038424
0.032905 0.037640
0.032781 0.035119
0.032779 0.049121
0.032642 0.035915
0.032280 0.034752
0.032168 0.034667
0.032055 0.036093
0.031926 0.032446
0.031848 0.055732
0.031833 0.032000
0.031702 0.035269
0.031639 0.035574
0.031589 0.037766
0.031374 0.047384
0.031314 0.034283
0.031197 0.041317
0.031114 0.060674
0.031083 0.040127
0.031065 0.100735
0.030984 0.031345
0.030894 0.043059
0.030889 0.032761
0.030880 0.033044
0.030829 0.032830
0.030797 0.036226
0.030760 0.031334
0.030726 0.030746
0.030721 0.032236
0.030701 0.033513
0.030636 0.030727
0.030490 0.031379
0.030440 0.041759
0.030312 0.032564
0.030012 0.037730
0.029816 0.032657
0.029733 0.043450
0.029715 0.030644
0.029647 0.032734
0.029622 0.030015
0.029533 0.029568
0.029385 0.058800
0.029336 0.029660
0.029328 0.030946
0.028999 0.038431
0.028844 0.037018
0.028819 0.029013
0.028791 0.029652
0.028592 0.028883
0.028456 0.030898
0.028454 0.031100
0.028226 0.047429
0.028206 0.033677
0.028186 0.030922
0.028046 0.029010
0.027953 0.049701
0.027915 0.028842
0.027880 0.027887
0.027769 0.030402
0.027708 0.028827
0.027705 0.041370
0.027682 0.030661
0.027627 0.029573
0.027606 0.029525
0.027535 0.030902
0.027497 0.063216
0.027447 0.034836
0.027355 0.028431
0.027318 0.027467
0.027288 0.028094
0.027220 0.041438
0.027146 0.029917
0.027117 0.032729
0.027011 0.027428
0.026872 0.028008
0.026849 0.027839
0.026749 0.028740
0.026714 0.027038
0.026668 0.029855
0.026583 0.035847
0.026558 0.028081
0.026543 0.030471
0.026540 0.041273
0.026517 0.027915
0.026433 0.040983
0.026390 0.029028
0.026342 0.048427
0.026319 0.026748
0.026273 0.026664
0.026193 0.026365
0.026162 0.033793
0.026162 0.026951
0.026027 0.026115
0.025992 0.026463
0.025983 0.027316
0.025535 0.026746
0.025424 0.026466
0.025422 0.040261
0.025324 0.027708
0.025227 0.032477
0.025226 0.025977
0.025225 0.049127
0.025137 0.025219
0.025019 0.029356
0.025017 0.030872
0.024974 0.039249
0.024934 0.034241
0.024925 0.026924
0.024817 0.026692
0.024794 0.028047
0.024740 0.024748
0.024607 0.026459
0.024559 0.034433
0.024405 0.024704
0.024395 0.024986
0.024386 0.025181
0.024361 0.027171
0.024219 0.037518
0.024149 0.026991
0.024135 0.028713
0.024095 0.028665
0.023915 0.027456
0.023877 0.030316
0.023834 0.026250
0.023763 0.032875
0.023750 0.026845
0.023714 0.037486
0.023558 0.028067
0.023491 0.024099
0.023478 0.026797
0.023464 0.027113
0.023445 0.024854
0.023420 0.023893
0.023149 0.023345
0.023118 0.024169
0.023090 0.035595
0.023076 0.023454
0.023055 0.026241
0.023030 0.027091
0.022927 0.030629
0.022851 0.028035
0.022813 0.023286
0.022767 0.031976
0.022720 0.025766
0.022712 0.025883
0.022698 0.032839
0.022616 0.031539
0.022553 0.022988
0.022504 0.026780
0.022370 0.035244
0.022289 0.040597
0.022286 0.024833
0.022217 0.028303
0.022215 0.023971
0.022159 0.022807
0.022117 0.023930
0.022000 0.022178
0.021993 0.028582
0.021983 0.027132
0.021976 0.029632
0.021888 0.033320
0.021881 0.025002
0.021787 0.022732
0.021733 0.029002
0.021614 0.023638
0.021568 0.036501
0.021537 0.025000
0.021519 0.024140
0.021489 0.022423
0.021469 0.022535
0.021468 0.028134
0.021354 0.028808
0.021274 0.028473
0.021253 0.028093
0.021227 0.028295
0.021168 0.025086
0.021160 0.021899
0.021067 0.033067
0.021010 0.023011
0.020972 0.041730
0.020752 0.031585
0.020592 0.020692
0.020576 0.021541
0.020534 0.023681
0.020218 0.020375
0.020212 0.027145
0.020179 0.020286
0.020154 0.025691
0.020141 0.021519
0.020119 0.020657
0.020108 0.020170
0.020108 0.020659
0.020091 0.021687
0.020036 0.020834
0.020028 0.027622
0.020021 0.021973
0.019980 0.025667
0.019964 0.021069
0.019895 0.028081
0.019744 0.022937
0.019664 0.026943
0.019654 0.030259
0.019653 0.020891
0.019615 0.019707
0.019596 0.021818
0.019541 0.020602
0.019534 0.020550
0.019473 0.019670
0.019441 0.022279
0.019361 0.024525
0.019322 0.023432
0.019260 0.032685
0.019254 0.023602
0.019211 0.026208
0.019171 0.025871
0.019130 0.019268
0.019091 0.032664
0.019072 0.019373
0.018997 0.024435
0.018946 0.019318
0.018827 0.046767
0.018744 0.019444
0.018693 0.018816
0.018690 0.019407
0.018607 0.020388
0.018541 0.025656
0.018536 0.021468
0.018499 0.022979
0.018457 0.019751
0.018377 0.018745
0.018357 0.023694
0.018338 0.019596
0.018267 0.019621
0.018263 0.026021
0.018237 0.019137
0.018200 0.022592
0.018200 0.018906
0.018199 0.018280
0.018179 0.020657
0.018111 0.020927
0.018105 0.018760
0.018104 0.019860
0.018030 0.022982
0.018027 0.021737
0.017998 0.019071
0.017989 0.018450
0.017978 0.018244
0.017967 0.022889
0.017910 0.021587
0.017902 0.019516
0.017857 0.025947
0.017843 0.018663
0.017829 0.020180
0.017815 0.018888
0.017748 0.024313
0.017711 0.022275
0.017709 0.021865
0.017604 0.022149
0.017602 0.018538
0.017567 0.022356
0.017559 0.018115
0.017506 0.019495
0.017501 0.024232
0.017471 0.017920
0.017398 0.018055
0.017392 0.019210
0.017241 0.021183
0.017222 0.022971
0.017218 0.017758
0.017163 0.029270
0.017139 0.029506
0.017095 0.031441
0.017004 0.018255
0.016928 0.018809
0.016923 0.024704
0.016853 0.016909
0.016853 0.023702
0.016849 0.017246
0.016836 0.017056
0.016789 0.024606
0.016774 0.016975
0.016753 0.021856
0.016701 0.042848
0.016636 0.018386
0.016632 0.017749
0.016582 0.020078
0.016558 0.019148
0.016528 0.021825
0.016516 0.022862
0.016514 0.022112
0.016504 0.029845
0.016465 0.017442
0.016432 0.016593
0.016407 0.018454
0.016376 0.016471
0.016355 0.023788
0.016322 0.017721
0.016319 0.017093
0.016312 0.019880
0.016298 0.016461
0.016274 0.027806
0.016122 0.016230
0.016079 0.017205
0.016065 0.016078
0.016061 0.017163
0.016031 0.016048
0.015960 0.017507
0.015951 0.017835
0.015950 0.023045
0.015907 0.016124
0.015891 0.018348
0.015860 0.018364
0.015830 0.017694
0.015824 0.015954
0.015754 0.022606
0.015743 0.015770
0.015741 0.025431
0.015693 0.021507
0.015667 0.017386
0.015576 0.017184
0.015562 0.027522
0.015541 0.019491
0.015394 0.017996
0.015312 0.017278
0.015311 0.025286
0.015267 0.019977
0.015152 0.022193
0.015076 0.015175
0.015061 0.018764
0.015015 0.024092
0.015008 0.016283
0.015000 0.015988
0.014966 0.020165
0.014955 0.015195
0.014954 0.021377
0.014934 0.016838
0.014920 0.026311
0.014898 0.034528
0.014870 0.015452
0.014812 0.015853
0.014802 0.017939
0.014763 0.014923
0.014758 0.021745
0.014741 0.020918
0.014739 0.015641
0.014701 0.015087
0.014635 0.016211
0.014629 0.017764
0.014604 0.015016
0.014588 0.017390
0.014588 0.020240
0.014573 0.016364
0.014557 0.014751
0.014553 0.015288
0.014553 0.018120
0.014545 0.015951
0.014536 0.016065
0.014502 0.014798
0.014488 0.015487
0.014485 0.018030
0.014454 0.016125
0.014422 0.018619
0.014421 0.014742
0.014404 0.017686
0.014384 0.016237
0.014380 0.018736
0.014375 0.017688
0.014361 0.021085
0.014359 0.015668
0.014352 0.014677
0.014349 0.015122
0.014309 0.015139
0.014275 0.020333
0.014259 0.014497
0.014228 0.014860
0.014217 0.016509
0.014193 0.021327
0.014177 0.019170
0.014159 0.019473
0.014137 0.017416
0.014098 0.016392
0.014068 0.020638
0.014062 0.014166
0.014061 0.016725
0.014035 0.014992
0.014011 0.014416
0.014009 0.020416
0.013981 0.019777
0.013976 0.016408
0.013975 0.015068
0.013973 0.023909
0.013886 0.016759
0.013886 0.014249
0.013860 0.014142
0.013858 0.013937
0.013818 0.015451
0.013775 0.016300
0.013773 0.013979
0.013745 0.015484
0.013705 0.013800
0.013695 0.014989
0.013645 0.014278
0.013615 0.015114
0.013603 0.014737
0.013587 0.014114
0.013529 0.017543
0.013522 0.014305
0.013519 0.015706
0.013511 0.021913
0.013501 0.015259
0.013438 0.017276
0.013430 0.016290
0.013414 0.024708
0.013396 0.019643
0.013390 0.021418
0.013370 0.017213
0.013358 0.020097
0.013322 0.015452
0.013313 0.016507
0.013307 0.015086
0.013290 0.014071
0.013287 0.017860
0.013272 0.018978
0.013271 0.013430
0.013240 0.015388
0.013213 0.015635
0.013174 0.014460
0.013170 0.016054
0.013151 0.013898
0.013118 0.018174
0.013095 0.019296
0.013073 0.016732
0.013059 0.013824
0.013043 0.013546
0.013017 0.013034
0.013016 0.019700
0.012996 0.015539
0.012956 0.021252
0.012950 0.016262
0.012938 0.013356
0.012921 0.013128
0.012880 0.017247
0.012857 0.013945
0.012857 0.014336
0.012853 0.014012
0.012850 0.014246
0.012846 0.014072
0.012839 0.014867
0.012836 0.014224
0.012820 0.017837
0.012775 0.014331
0.012766 0.021811
0.012758 0.014110
0.012753 0.019057
0.012745 0.013061
0.012742 0.014131
0.012738 0.012960
0.012719 0.014363
0.012711 0.021044
0.012680 0.014532
0.012677 0.012908
0.012676 0.013086
0.012669 0.014809
0.012655 0.012831
0.012648 0.013014
0.012626 0.014727
0.012625 0.020630
0.012621 0.016794
0.012613 0.012697
0.012574 0.012663
0.012569 0.013626
0.012561 0.012914
0.012548 0.018528
0.012539 0.015588
0.012514 0.013724
0.012500 0.015775
0.012491 0.012509
0.012489 0.013962
0.012485 0.013918
0.012466 0.013624
0.012433 0.015195
0.012421 0.012629
0.012416 0.013337
0.012412 0.014054
0.012385 0.015293
0.012348 0.013194
0.012314 0.016964
0.012301 0.012412
0.012298 0.013531
0.012297 0.013257
0.012273 0.019407
0.012242 0.014314
0.012238 0.012990
0.012237 0.012984
0.012233 0.015230
0.012233 0.012284
0.012227 0.013166
0.012195 0.021678
0.012193 0.015862
0.012157 0.013285
0.012152 0.012499
0.012138 0.012695
0.012126 0.012924
0.012119 0.013062
0.012092 0.019039
0.012075 0.017571
0.012019 0.016240
0.012001 0.013943
0.011976 0.016129
0.011967 0.012396
0.011962 0.012457
0.011956 0.016777
0.011931 0.016583
0.011922 0.013810
0.011916 0.014496
0.011912 0.012672
0.011901 0.022984
0.011901 0.015169
0.011900 0.014361
0.011832 0.011947
0.011821 0.016809
0.011814 0.014984
0.011779 0.012230
0.011765 0.012363
0.011729 0.014797
0.011727 0.014215
0.011725 0.015538
0.011720 0.016158
0.011708 0.012607
0.011700 0.012247
0.011699 0.014544
0.011698 0.011839
0.011678 0.014212
0.011658 0.018514
0.011626 0.011720
0.011619 0.012291
0.011619 0.017285
0.011614 0.013240
0.011610 0.011737
0.011609 0.013824
0.011592 0.024569
0.011591 0.015302
0.011562 0.012792
0.011510 0.013636
0.011466 0.012947
0.011443 0.012954
0.011439 0.015280
0.011432 0.012915
0.011426 0.016822
0.011421 0.019711
0.011390 0.013778
0.011384 0.011932
0.011369 0.014772
0.011369 0.012756
0.011354 0.017983
0.011348 0.014200
0.011335 0.012383
0.011330 0.013772
0.011326 0.012825
0.011320 0.014600
0.011279 0.012241
0.011267 0.016679
0.011242 0.012665
0.011237 0.013696
0.011237 0.014534
0.011225 0.014184
0.011219 0.017765
0.011206 0.013511
0.011194 0.011533
0.011185 0.012525
0.011175 0.012311
0.011169 0.012269
0.011167 0.012666
0.011166 0.013478
0.011159 0.023074
0.011159 0.011163
0.011141 0.012324
0.011121 0.011585
0.011116 0.013043
0.011114 0.012094
0.011100 0.011786
0.011089 0.017814
0.011082 0.013199
0.011071 0.013138
0.011060 0.017280
0.011057 0.012786
0.011053 0.012492
0.011053 0.014646
0.011051 0.013256
0.011047 0.012342
0.011045 0.012249
0.011041 0.015246
0.011011 0.012069
0.011004 0.012371
0.011001 0.012097
0.010974 0.011203
0.010949 0.013427
0.010923 0.011067
0.010917 0.012604
0.010883 0.013196
0.010879 0.011637
0.010844 0.013196
0.010838 0.015481
0.010833 0.017681
0.010813 0.013274
0.010812 0.011007
0.010811 0.014037
0.010795 0.016221
0.010787 0.015525
0.010765 0.012829
0.010749 0.015070
0.010731 0.014599
0.010729 0.013298
0.010721 0.011053
0.010717 0.011832
0.010715 0.017032
0.010705 0.012564
0.010696 0.012310
0.010689 0.017757
0.010675 0.011682
0.010669 0.016258
0.010654 0.010856
0.010654 0.023334
0.010654 0.011656
0.010652 0.015485
0.010646 0.012520
0.010645 0.012068
0.010645 0.018967
0.010638 0.012734
0.010627 0.011516
0.010623 0.011539
0.010619 0.010759
0.010606 0.013669
0.010600 0.014277
0.010593 0.014871
0.010583 0.020671
0.010582 0.014104
0.010580 0.012230
0.010573 0.010697
0.010559 0.010623
0.010556 0.011838
0.010549 0.012414
0.010537 0.011071
0.010528 0.010583
0.010527 0.013938
0.010525 0.014511
0.010524 0.011230
0.010514 0.012727
0.010510 0.010659
0.010509 0.011563
0.010495 0.011884
0.010494 0.013591
0.010483 0.020669
0.010479 0.014177
0.010478 0.010559
0.010477 0.010950
0.010477 0.013340
0.010475 0.015100
0.010473 0.012696
0.010469 0.011176
0.010461 0.010461
0.010459 0.013141
0.010455 0.011344
0.010431 0.013898
0.010417 0.012926
0.010415 0.012062
0.010413 0.010741
0.010395 0.012318
0.010384 0.013303
0.010377 0.010831
0.010365 0.012966
0.010363 0.011669
0.010362 0.010774
0.010361 0.013119
0.010359 0.012220
0.010341 0.011263
0.010326 0.017772
0.010323 0.013075
0.010315 0.010652
0.010271 0.011451
0.010261 0.011189
0.010260 0.013187
0.010222 0.011651
0.010209 0.010257
0.010205 0.014120
0.010200 0.010704
0.010198 0.010955
0.010194 0.021482
0.010188 0.010244
0.010181 0.012588
0.010177 0.010402
0.010172 0.015547
0.010170 0.010816
0.010162 0.010374
0.010156 0.010214
0.010155 0.014184
0.010148 0.010245
0.010119 0.010264
0.010118 0.010787
0.010118 0.010969
0.010106 0.010475
0.010097 0.022625
0.010091 0.012842
0.010089 0.010837
0.010082 0.010904
0.010071 0.011071
0.010069 0.010298
0.010068 0.014177
0.010046 0.012115
0.010036 0.010901
0.010029 0.010332
0.010021 0.010907
0.010015 0.017235
0.010010 0.010109
0.010008 0.011504
0.010002 0.010268
0.010002 0.011078
0.009992 0.011054
0.009987 0.010089
0.009978 0.010580
0.009978 0.011195
0.009976 0.013847
0.009976 0.011244
0.009974 0.011651
0.009973 0.012552
0.009969 0.011955
0.009963 0.012339
0.009953 0.010016
0.009948 0.010116
0.009946 0.011523
0.009913 0.013007
0.009904 0.011160
0.009896 0.012271
0.009896 0.012196
0.009884 0.013693
0.009871 0.021752
0.009864 0.012336
0.009848 0.010512
0.009833 0.010370
0.009830 0.010669
0.009826 0.010738
0.009808 0.011497
0.009808 0.010365
0.009798 0.014858
0.009794 0.015632
0.009778 0.010007
0.009773 0.010521
0.009747 0.018166
0.009743 0.020149
0.009716 0.009835
0.009712 0.010804
0.009707 0.019200
0.009698 0.015521
0.009695 0.015617
0.009690 0.009936
0.009688 0.010053
0.009688 0.012033
0.009665 0.009931
0.009664 0.013899
0.009654 0.010340
0.009648 0.014203
0.009646 0.009813
0.009642 0.011520
0.009624 0.016656
0.009616 0.010064
0.009616 0.009991
0.009615 0.017238
0.009596 0.012418
0.009591 0.010325
0.009583 0.010195
0.009582 0.016695
0.009577 0.010501
0.009575 0.010690
0.009569 0.009571
0.009565 0.010123
0.009558 0.010373
0.009553 0.010936
0.009552 0.012815
0.009547 0.016013
0.009539 0.013209
0.009536 0.026386
0.009536 0.011823
0.009529 0.013621
0.009494 0.013254
0.009492 0.009569
0.009485 0.010716
0.009477 0.010172
0.009471 0.010449
0.009449 0.010892
0.009445 0.010246
0.009440 0.010919
0.009415 0.009727
0.009404 0.017229
0.009404 0.009862
0.009399 0.013813
0.009398 0.011309
0.009395 0.015493
0.009393 0.009481
0.009388 0.010120
0.009388 0.014384
0.009386 0.017934
0.009350 0.013637
0.009347 0.011101
0.009345 0.010749
0.009341 0.016254
0.009333 0.009342
0.009328 0.010404
0.009322 0.009454
0.009310 0.009584
0.009303 0.009722
0.009289 0.009376
0.009288 0.009791
0.009286 0.010396
0.009283 0.014613
0.009283 0.010745
0.009277 0.012315
0.009269 0.010156
0.009265 0.012610
0.009258 0.009972
0.009242 0.009316
0.009236 0.011224
0.009235 0.011442
0.009226 0.015160
0.009225 0.009779
0.009217 0.014151
0.009216 0.009652
0.009206 0.013344
0.009202 0.010886
0.009192 0.010370
0.009175 0.009305
0.009167 0.014683
0.009161 0.012196
0.009161 0.009361
0.009159 0.011536
0.009159 0.011779
0.009144 0.010935
0.009142 0.010802
0.009132 0.009191
0.009127 0.011710
0.009124 0.010250
0.009124 0.010381
0.009123 0.010300
0.009123 0.009780
0.009121 0.012229
0.009113 0.010509
0.009109 0.011056
0.009093 0.013683
0.009091 0.013911
0.009085 0.010053
0.009073 0.012532
0.009061 0.009704
0.009057 0.010089
0.009051 0.009934
0.009045 0.010776
0.009040 0.011417
0.009023 0.011252
0.009012 0.014840
0.009007 0.018747
0.008996 0.010990
0.008985 0.013933
0.008982 0.011070
0.008975 0.011285
0.008973 0.009182
0.008971 0.013395
0.008963 0.010943
0.008960 0.009697
0.008940 0.009415
0.008940 0.013078
0.008925 0.009218
0.008923 0.009484
0.008904 0.011881
0.008899 0.016154
0.008896 0.011859
0.008891 0.011985
0.008891 0.009148
0.008881 0.014577
0.008870 0.013395
0.008869 0.009394
0.008868 0.010764
0.008868 0.023824
0.008867 0.009201
0.008861 0.015282
0.008861 0.010550
0.008850 0.010363
0.008850 0.010593
0.008847 0.011108
0.008833 0.009232
0.008823 0.010630
0.008821 0.009543
0.008818 0.011334
0.008813 0.009227
0.008808 0.009344
0.008806 0.014620
0.008781 0.010385
0.008778 0.018076
0.008774 0.011757
0.008766 0.010177
0.008766 0.010341
0.008763 0.008919
0.008762 0.009218
0.008761 0.009474
0.008755 0.010025
0.008753 0.010518
0.008751 0.009892
0.008751 0.009032
0.008734 0.009034
0.008726 0.008791
0.008722 0.008853
0.008705 0.010163
0.008704 0.012112
0.008701 0.010556
0.008688 0.015563
0.008679 0.008998
0.008676 0.014605
0.008672 0.009550
0.008670 0.013570
0.008668 0.009423
0.008660 0.013544
0.008659 0.009416
0.008649 0.010318
0.008639 0.012899
0.008638 0.010537
0.008635 0.014020
0.008629 0.010480
0.008623 0.012879
0.008622 0.011155
0.008609 0.008820
0.008604 0.010178
0.008584 0.016188
0.008573 0.008728
0.008573 0.009375
0.008560 0.008841
0.008558 0.010729
0.008555 0.008562
0.008554 0.009329
0.008552 0.011867
0.008548 0.008859
0.008547 0.008738
0.008544 0.013936
0.008535 0.011064
0.008532 0.012583
0.008530 0.009071
0.008521 0.012393
0.008514 0.012520
0.008513 0.016369
0.008511 0.009050
0.008510 0.010941
0.008508 0.009194
0.008505 0.008613
0.008502 0.014561
0.008489 0.008883
0.008481 0.010587
0.008475 0.009237
0.008472 0.010493
0.008470 0.018293
0.008469 0.008855
0.008467 0.011087
0.008456 0.008627
0.008451 0.011873
0.008439 0.010302
0.008432 0.010679
0.008427 0.008647
0.008425 0.010419
0.008424 0.014950
0.008421 0.009112
0.008419 0.008879
0.008418 0.009083
0.008417 0.008953
0.008403 0.010857
0.008402 0.013788
0.008401 0.009109
0.008398 0.017656
0.008395 0.016822
0.008394 0.008414
0.008393 0.009380
0.008393 0.011713
0.008393 0.011836
0.008382 0.008517
0.008379 0.009555
0.008374 0.009320
0.008374 0.010564
0.008373 0.009428
0.008370 0.010592
0.008357 0.010399
0.008340 0.009283
0.008338 0.008501
0.008333 0.012934
0.008331 0.011072
0.008322 0.009155
0.008320 0.013523
0.008319 0.009192
0.008314 0.019549
0.008306 0.008336
0.008303 0.009710
0.008303 0.008988
0.008302 0.015530
0.008287 0.008392
0.008282 0.010079
0.008282 0.009127
0.008281 0.008688
0.008274 0.009124
0.008264 0.011367
0.008256 0.008839
0.008254 0.010516
0.008241 0.012766
0.008205 0.008626
0.008202 0.009183
0.008198 0.008570
0.008183 0.009361
0.008179 0.010873
0.008172 0.009194
0.008166 0.011256
0.008161 0.008403
0.008154 0.008882
0.008153 0.010488
0.008146 0.008559
0.008140 0.008539
0.008139 0.014759
0.008134 0.015905
0.008134 0.014896
0.008131 0.009315
0.008118 0.011973
0.008117 0.010738
0.008113 0.010450
0.008111 0.009069
0.008107 0.008766
0.008104 0.009578
0.008097 0.009834
0.008094 0.008419
0.008094 0.008659
0.008073 0.008801
0.008072 0.008515
0.008070 0.013860
0.008066 0.009317
0.008056 0.008514
0.008052 0.010007
0.008040 0.008548
0.008019 0.008618
0.008014 0.009327
0.008014 0.008625
0.008005 0.008806
0.008002 0.008198
0.007986 0.009763
0.007984 0.008155
0.007982 0.008206
0.007980 0.008368
0.007978 0.012839
0.007972 0.011529
0.007971 0.008361
0.007970 0.018404
0.007969 0.008730
0.007955 0.008532
0.007954 0.010757
0.007947 0.015394
0.007934 0.009357
0.007926 0.014401
0.007923 0.007979
0.007921 0.007965
0.007920 0.012305
0.007920 0.009683
0.007909 0.009883
0.007905 0.008802
0.007904 0.008063
0.007902 0.009513
0.007901 0.008489
0.007900 0.009564
0.007897 0.014026
0.007893 0.007966
0.007888 0.008435
0.007888 0.009021
0.007884 0.010954
0.007882 0.009034
0.007875 0.010933
0.007870 0.008452
0.007868 0.012689
0.007863 0.010147
0.007851 0.008634
0.007846 0.008152
0.007842 0.008191
0.007828 0.010905
0.007828 0.008901
0.007824 0.010388
0.007823 0.008520
0.007819 0.008300
0.007818 0.007821
0.007806 0.008018
0.007800 0.007869
0.007788 0.010339
0.007784 0.008291
0.007763 0.007881
0.007754 0.010412
0.007745 0.009744
0.007733 0.008341
0.007723 0.009141
0.007718 0.008377
0.007709 0.009544
0.007705 0.008509
0.007693 0.007760
0.007692 0.007841
0.007690 0.009240
0.007690 0.008736
0.007687 0.008747
0.007684 0.008692
0.007682 0.008705
0.007682 0.008031
0.007680 0.007883
0.007679 0.010407
0.007670 0.008542
0.007669 0.010145
0.007665 0.008448
0.007661 0.008454
0.007660 0.016435
0.007657 0.008258
0.007654 0.015330
0.007652 0.007750
0.007645 0.015608
0.007627 0.008040
0.007625 0.010953
0.007618 0.010275
0.007617 0.010117
0.007613 0.007715
0.007612 0.007822
0.007612 0.010298
0.007611 0.008245
0.007610 0.007919
0.007607 0.008729
0.007605 0.007880
0.007601 0.009245
0.007599 0.010974
0.007597 0.008392
0.007593 0.008411
0.007586 0.009534
0.007584 0.007745
0.007575 0.009298
0.007571 0.008744
0.007564 0.008053
0.007559 0.012335
0.007549 0.008235
0.007548 0.010927
0.007548 0.008030
0.007547 0.015403
0.007545 0.009659
0.007541 0.010397
0.007533 0.010591
0.007533 0.008046
0.007531 0.014295
0.007525 0.012648
0.007523 0.009769
0.007518 0.010326
0.007511 0.007532
0.007507 0.008881
0.007499 0.008559
0.007497 0.007572
0.007494 0.008446
0.007489 0.007872
0.007483 0.010105
0.007475 0.008965
0.007470 0.008203
0.007466 0.010114
0.007463 0.009304
0.007460 0.008541
0.007457 0.008888
0.007451 0.007671
0.007449 0.008815
0.007439 0.010940
0.007436 0.012087
0.007426 0.009556
0.007423 0.007863
0.007415 0.008826
0.007412 0.009939
0.007411 0.010453
0.007401 0.007706
0.007398 0.008210
0.007394 0.008562
0.007390 0.008640
0.007390 0.008163
0.007387 0.008527
0.007383 0.008100
0.007365 0.007593
0.007363 0.013470
0.007359 0.008663
0.007357 0.012703
0.007355 0.009071
0.007341 0.008796
0.007331 0.010259
0.007328 0.007722
0.007302 0.014269
0.007302 0.014561
0.007294 0.007676
0.007293 0.013175
0.007290 0.007411
0.007287 0.009714
0.007277 0.014546
0.007274 0.010470
0.007264 0.010882
0.007262 0.007408
0.007257 0.007805
0.007237 0.007345
0.007236 0.008851
0.007234 0.010249
0.007232 0.007639
0.007231 0.007939
0.007231 0.007852
0.007223 0.009547
0.007216 0.008300
0.007214 0.008580
0.007201 0.008820
0.007194 0.008396
0.007188 0.007285
0.007179 0.008032
0.007175 0.009545
0.007167 0.007241
0.007163 0.010421
0.007150 0.013605
0.007146 0.010901
0.007144 0.011354
0.007142 0.009439
0.007137 0.007263
0.007137 0.007551
0.007137 0.014493
0.007136 0.011676
0.007121 0.008912
0.007113 0.007890
0.007111 0.007662
0.007105 0.011052
0.007100 0.007278
0.007095 0.010394
0.007092 0.009517
0.007091 0.012389
0.007085 0.009982
0.007079 0.008896
0.007076 0.007398
0.007064 0.007497
0.007063 0.007134
0.007063 0.007963
0.007062 0.009607
0.007051 0.007514
0.007034 0.007458
0.007016 0.008062
0.007014 0.009711
0.007014 0.013885
0.007012 0.008210
0.007008 0.012674
0.007007 0.007202
0.007004 0.008052
0.007003 0.013053
0.007003 0.007637
0.007001 0.007235
0.006996 0.007663
0.006996 0.007686
0.006991 0.008620
0.006984 0.011719
0.006981 0.008701
0.006976 0.007841
0.006973 0.007993
0.006968 0.007297
0.006962 0.008443
0.006955 0.007295
0.006954 0.007405
0.006953 0.007042
0.006951 0.007120
0.006948 0.010142
0.006945 0.007519
0.006944 0.007899
0.006942 0.008245
0.006942 0.007218
0.006941 0.012782
0.006933 0.012097
0.006932 0.007386
0.006932 0.008216
0.006930 0.007189
0.006928 0.007074
0.006927 0.010243
0.006921 0.011067
0.006919 0.007796
0.006918 0.008954
0.006917 0.008221
0.006915 0.007544
0.006907 0.008926
0.006906 0.008227
0.006900 0.007841
0.006899 0.007751
0.006898 0.007933
0.006892 0.008932
0.006891 0.008432
0.006890 0.009091
0.006889 0.007471
0.006884 0.007389
0.006883 0.010226
0.006881 0.010047
0.006878 0.007656
0.006874 0.008869
0.006866 0.007380
0.006864 0.008274
0.006862 0.010296
0.006857 0.006927
0.006856 0.008068
0.006851 0.007714
0.006847 0.008635
0.006830 0.008478
0.006825 0.013012
0.006824 0.006932
0.006821 0.010661
0.006816 0.009247
0.006812 0.006915
0.006811 0.007565
0.006805 0.010031
0.006797 0.008867
0.006793 0.009839
0.006793 0.008348
0.006789 0.007023
0.006785 0.008444
0.006778 0.014378
0.006776 0.007160
0.006762 0.007559
0.006761 0.007995
0.006761 0.008014
0.006749 0.006793
0.006748 0.007476
0.006747 0.007657
0.006730 0.009487
0.006727 0.006784
0.006720 0.007294
0.006719 0.007950
0.006694 0.010418
0.006689 0.007143
0.006676 0.007516
0.006676 0.007235
0.006674 0.006848
0.006673 0.009758
0.006672 0.013722
0.006671 0.008279
0.006669 0.007592
0.006668 0.007476
0.006663 0.013367
0.006663 0.008062
0.006652 0.007802
0.006650 0.012168
0.006649 0.009753
0.006643 0.008690
0.006642 0.009092
0.006642 0.009357
0.006640 0.009419
0.006639 0.006857
0.006638 0.007109
0.006636 0.007385
0.006632 0.007906
0.006630 0.007890
0.006625 0.010335
0.006621 0.011299
0.006612 0.007537
0.006607 0.007094
0.006606 0.006869
0.006603 0.007035
0.006602 0.008344
0.006601 0.007638
0.006600 0.008948
0.006595 0.007060
0.006581 0.008748
0.006580 0.007537
0.006575 0.008835
0.006570 0.007937
0.006567 0.008978
0.006560 0.008189
0.006555 0.010639
0.006554 0.008293
0.006551 0.008603
0.006547 0.006814
0.006547 0.007213
0.006538 0.007151
0.006532 0.008443
0.006528 0.009306
0.006524 0.006608
0.006523 0.007653
0.006517 0.007353
0.006511 0.008707
0.006508 0.008478
0.006503 0.007075
0.006501 0.008522
0.006500 0.007532
0.006496 0.007013
0.006496 0.013181
0.006492 0.013775
0.006486 0.007601
0.006483 0.008543
0.006483 0.007051
0.006480 0.007612
0.006476 0.007635
0.006476 0.007108
0.006472 0.007933
0.006471 0.006863
0.006468 0.010463
0.006467 0.008448
0.006466 0.009074
0.006465 0.006645
0.006461 0.008428
0.006455 0.008443
0.006454 0.007104
0.006451 0.007021
0.006450 0.007660
0.006440 0.007612
0.006438 0.007211
0.006436 0.010359
0.006434 0.006805
0.006423 0.007255
0.006415 0.006628
0.006415 0.006693
0.006408 0.010274
0.006405 0.009101
0.006394 0.007947
0.006386 0.008878
0.006383 0.007904
0.006382 0.008104
0.006376 0.006692
0.006375 0.006933
0.006372 0.007199
0.006365 0.007387
0.006357 0.009312
0.006356 0.011715
0.006348 0.008520
0.006346 0.006491
0.006344 0.007210
0.006334 0.010327
0.006317 0.007083
0.006316 0.006973
0.006310 0.009500
0.006309 0.007779
0.006306 0.006456
0.006303 0.007670
0.006301 0.006693
0.006301 0.006338
0.006300 0.007679
0.006276 0.006983
0.006271 0.007493
0.006262 0.009052
0.006254 0.006484
0.006250 0.006888
0.006248 0.010062
0.006248 0.007140
0.006239 0.014995
0.006238 0.007152
0.006237 0.006453
0.006233 0.007704
0.006233 0.006652
0.006231 0.011533
0.006231 0.010938
0.006230 0.006340
0.006229 0.010197
0.006227 0.006864
0.006227 0.009047
0.006223 0.006728
0.006215 0.006348
0.006215 0.008831
0.006212 0.006879
0.006211 0.006249
0.006208 0.007568
0.006201 0.006204
0.006196 0.011036
0.006195 0.006383
0.006194 0.007433
0.006192 0.009400
0.006190 0.006524
0.006189 0.010315
0.006186 0.014804
0.006184 0.006287
0.006183 0.006274
0.006182 0.006329
0.006182 0.007272
0.006182 0.014647
0.006181 0.007635
0.006181 0.006206
0.006177 0.007030
0.006174 0.007637
0.006174 0.007016
0.006174 0.007645
0.006169 0.007202
0.006169 0.006172
0.006167 0.007018
0.006166 0.007901
0.006160 0.008330
0.006159 0.006535
0.006149 0.009687
0.006148 0.006214
0.006146 0.006245
0.006145 0.006891
0.006145 0.006489
0.006144 0.011892
0.006141 0.007098
0.006136 0.011830
0.006135 0.008036
0.006132 0.006774
0.006131 0.006881
0.006130 0.006653
0.006125 0.012080
0.006125 0.006940
0.006117 0.007400
0.006114 0.009317
0.006110 0.006166
0.006100 0.006143
0.006098 0.009006
0.006098 0.012747
0.006081 0.006384
0.006073 0.013115
0.006072 0.006318
0.006068 0.009326
0.006064 0.006816
0.006062 0.006194
0.006060 0.006151
0.006059 0.006236
0.006054 0.008296
0.006046 0.009742
0.006044 0.007121
0.006044 0.007859
0.006039 0.011617
0.006036 0.009141
0.006035 0.014517
0.006033 0.006558
0.006030 0.013236
0.006030 0.006481
0.006029 0.011612
0.006026 0.010585
0.006025 0.007412
0.006013 0.007459
0.006012 0.007784
0.006009 0.006115
0.006007 0.008839
0.006003 0.006134
0.006000 0.007375
0.005999 0.006778
0.005996 0.006235
0.005993 0.012349
0.005990 0.007991
0.005988 0.007216
0.005983 0.011195
0.005982 0.008018
0.005981 0.007383
0.005980 0.007270
0.005979 0.007187
0.005978 0.006070
0.005977 0.009167
0.005976 0.007169
0.005973 0.006516
0.005970 0.012462
0.005970 0.006674
0.005968 0.008240
0.005965 0.010629
0.005963 0.006252
0.005963 0.006478
0.005957 0.006638
0.005944 0.007321
0.005942 0.006078
0.005926 0.008514
0.005923 0.006270
0.005922 0.012748
0.005918 0.006405
0.005908 0.006087
0.005908 0.006829
0.005903 0.006648
0.005901 0.006284
0.005896 0.009142
0.005896 0.008062
0.005893 0.007606
0.005891 0.007074
0.005890 0.006353
0.005883 0.008473
0.005880 0.012214
0.005879 0.006431
0.005878 0.010309
0.005877 0.007260
0.005876 0.006710
0.005874 0.009964
0.005874 0.005962
0.005873 0.008522
0.005871 0.006101
0.005869 0.008372
0.005865 0.006513
0.005851 0.010148
0.005850 0.006757
0.005847 0.007761
0.005847 0.008696
0.005847 0.008482
0.005841 0.006728
0.005840 0.006032
0.005832 0.005905
0.005820 0.009930
0.005818 0.009327
0.005817 0.008019
0.005813 0.006571
0.005797 0.005885
0.005796 0.005971
0.005795 0.007075
0.005795 0.006996
0.005793 0.008497
0.005792 0.006514
0.005791 0.005897
0.005791 0.013674
0.005787 0.005798
0.005785 0.007378
0.005785 0.006283
0.005776 0.007031
0.005770 0.006337
0.005764 0.006505
0.005758 0.005900
0.005757 0.008807
0.005754 0.006077
0.005751 0.005945
0.005749 0.007001
0.005748 0.007039
0.005746 0.010363
0.005745 0.006247
0.005740 0.007110
0.005739 0.006053
0.005735 0.006139
0.005735 0.006063
0.005732 0.005930
0.005732 0.007001
0.005729 0.012850
0.005722 0.007951
0.005721 0.009240
0.005721 0.005757
0.005717 0.005841
0.005717 0.008440
0.005715 0.005888
0.005711 0.006783
0.005710 0.006872
0.005704 0.011007
0.005704 0.005934
0.005697 0.006084
0.005693 0.007079
0.005690 0.005701
0.005687 0.009603
0.005669 0.007862
0.005664 0.005803
0.005659 0.006248
0.005655 0.010023
0.005655 0.006259
0.005653 0.012573
0.005649 0.005674
0.005640 0.009114
0.005640 0.005808
0.005639 0.009082
0.005639 0.005746
0.005638 0.006028
0.005636 0.006252
0.005636 0.009105
0.005634 0.006409
0.005631 0.009337
0.005631 0.006658
0.005630 0.006269
0.005629 0.008818
0.005629 0.008999
0.005622 0.007792
0.005622 0.010240
0.005596 0.006781
0.005585 0.006778
0.005581 0.008194
0.005581 0.006419
0.005575 0.006272
0.005574 0.008503
0.005572 0.005920
0.005571 0.013009
0.005568 0.006333
0.005565 0.007829
0.005564 0.005695
0.005561 0.005619
0.005558 0.006500
0.005555 0.006645
0.005550 0.006526
0.005544 0.006720
0.005544 0.006598
0.005540 0.007874
0.005539 0.005667
0.005539 0.005588
0.005519 0.006343
0.005516 0.005600
0.005515 0.005801
0.005514 0.006845
0.005514 0.005548
0.005510 0.007157
0.005509 0.006735
0.005508 0.006525
0.005508 0.005840
0.005506 0.005817
0.005504 0.005941
0.005502 0.008423
0.005501 0.005680
0.005501 0.008007
0.005497 0.009173
0.005493 0.005585
0.005490 0.006235
0.005485 0.005559
0.005485 0.005615
0.005483 0.009212
0.005476 0.005479
0.005475 0.007654
0.005475 0.009089
0.005473 0.005551
0.005463 0.006912
0.005462 0.005602
0.005459 0.005614
0.005456 0.008803
0.005454 0.006019
0.005449 0.009469
0.005449 0.009900
0.005446 0.005535
0.005444 0.007462
0.005443 0.005606
0.005437 0.006219
0.005434 0.005497
0.005432 0.005621
0.005427 0.007028
0.005427 0.005939
0.005427 0.007590
0.005426 0.005887
0.005421 0.007962
0.005420 0.005502
0.005418 0.007124
0.005416 0.005483
0.005414 0.005738
0.005395 0.008185
0.005387 0.006595
0.005385 0.008362
0.005385 0.006807
0.005385 0.005547
0.005383 0.005925
0.005382 0.009122
0.005381 0.007270
0.005372 0.005937
0.005367 0.006373
0.005365 0.007125
0.005360 0.005395
0.005358 0.006336
0.005357 0.005607
0.005353 0.008284
0.005340 0.006028
0.005340 0.009418
0.005333 0.008121
0.005328 0.007446
0.005327 0.006951
0.005327 0.005603
0.005324 0.005624
0.005321 0.005529
0.005316 0.010264
0.005314 0.005376
0.005314 0.008079
0.005313 0.005699
0.005313 0.006419
0.005311 0.005327
0.005310 0.008444
0.005309 0.007772
0.005308 0.007904
0.005307 0.007830
0.005302 0.006541
0.005299 0.005700
0.005295 0.008397
0.005290 0.005818
0.005290 0.005887
0.005290 0.006496
0.005289 0.006383
0.005288 0.006246
0.005286 0.006602
0.005284 0.007073
0.005284 0.006064
0.005277 0.006403
0.005275 0.005909
0.005274 0.005366
0.005265 0.009346
0.005264 0.008838
0.005259 0.005702
0.005259 0.005416
0.005258 0.011251
0.005255 0.006973
0.005249 0.005378
0.005247 0.005345
0.005238 0.006859
0.005238 0.006423
0.005237 0.007377
0.005234 0.005345
0.005233 0.009127
0.005232 0.010006
0.005231 0.005259
0.005231 0.005902
0.005227 0.005705
0.005220 0.009543
0.005220 0.005726
0.005216 0.009002
0.005211 0.007228
0.005205 0.005367
0.005199 0.005813
0.005198 0.005532
0.005198 0.005249
0.005198 0.005438
0.005194 0.005749
0.005192 0.006033
0.005190 0.008437
0.005190 0.005669
0.005190 0.007361
0.005188 0.009152
0.005181 0.005536
0.005178 0.011479
0.005176 0.008015
0.005176 0.005831
0.005176 0.008421
0.005175 0.006864
0.005171 0.006580
0.005168 0.010870
0.005158 0.005208
0.005158 0.007741
0.005155 0.005871
0.005155 0.007626
0.005154 0.009828
0.005151 0.006738
0.005148 0.005968
0.005146 0.006102
0.005144 0.007515
0.005144 0.006954
0.005140 0.006973
0.005139 0.005627
0.005138 0.006187
0.005128 0.006237
0.005126 0.006125
0.005118 0.007454
0.005116 0.006607
0.005114 0.005922
0.005107 0.005787
0.005105 0.005373
0.005101 0.006308
0.005099 0.005187
0.005097 0.009974
0.005094 0.005769
0.005094 0.006302
0.005094 0.005137
0.005088 0.010124
0.005086 0.006604
0.005078 0.006027
0.005073 0.007036
0.005066 0.008697
0.005065 0.005541
0.005064 0.005742
0.005064 0.009032
0.005054 0.005132
0.005051 0.008521
0.005046 0.009653
0.005040 0.011612
0.005029 0.005159
0.005029 0.005739
0.005024 0.006119
0.005021 0.007001
0.005020 0.007115
0.005018 0.006739
0.005017 0.005165
0.005014 0.005151
0.005011 0.008904
0.005009 0.005939
0.005009 0.008746
0.005008 0.006531
0.005007 0.005634
0.005006 0.005836
0.005003 0.006408
0.005003 0.005297
0.004996 0.006751
0.004990 0.007287
0.004984 0.006172
0.004974 0.005718
0.004973 0.005054
0.004973 0.005671
0.004972 0.006734
0.004971 0.006227
0.004966 0.005181
0.004960 0.008064
0.004957 0.007024
0.004952 0.007227
0.004940 0.005834
0.004940 0.004977
0.004933 0.005716
0.004929 0.007023
0.004928 0.005742
0.004924 0.006346
0.004923 0.005103
0.004923 0.005958
0.004922 0.005339
0.004922 0.005356
0.004921 0.005638
0.004918 0.009797
0.004913 0.005507
0.004905 0.005081
0.004905 0.005362
0.004900 0.005742
0.004899 0.007581
0.004894 0.010369
0.004885 0.005099
0.004883 0.005362
0.004883 0.007693
0.004881 0.006845
0.004880 0.005185
0.004877 0.005069
0.004864 0.004990
0.004864 0.005883
0.004862 0.006174
0.004861 0.005308
0.004859 0.004934
0.004858 0.005143
0.004854 0.005647
0.004850 0.005608
0.004842 0.009329
0.004841 0.005959
0.004841 0.005587
0.004841 0.008625
0.004836 0.005203
0.004835 0.005706
0.004831 0.005490
0.004827 0.004974
0.004825 0.005162
0.004825 0.004830
0.004818 0.005291
0.004817 0.005328
0.004810 0.005053
0.004808 0.005103
0.004808 0.008133
0.004807 0.005989
0.004803 0.008228
0.004800 0.006133
0.004797 0.006651
0.004790 0.005433
0.004788 0.004805
0.004785 0.005239
0.004782 0.004839
0.004778 0.006027
0.004775 0.004943
0.004773 0.005296
0.004773 0.004953
0.004771 0.006627
0.004767 0.005461
0.004766 0.007069
0.004763 0.008041
0.004762 0.005058
0.004755 0.005331
0.004754 0.004830
0.004753 0.005524
0.004752 0.007656
0.004749 0.005234
0.004749 0.006207
0.004749 0.006110
0.004745 0.005786
0.004740 0.005253
0.004739 0.005005
0.004738 0.004761
0.004738 0.004751
0.004738 0.004909
0.004734 0.006275
0.004733 0.005556
0.004732 0.005882
0.004725 0.005401
0.004724 0.005233
0.004722 0.007136
0.004721 0.006408
0.004721 0.004796
0.004717 0.008806
0.004717 0.007019
0.004712 0.004923
0.004711 0.004914
0.004709 0.005833
0.004709 0.005029
0.004708 0.005812
0.004703 0.007515
0.004702 0.005887
0.004699 0.004721
0.004697 0.004711
0.004695 0.005412
0.004688 0.005530
0.004675 0.004978
0.004675 0.005916
0.004672 0.009382
0.004667 0.006028
0.004665 0.006099
0.004665 0.005199
0.004665 0.005053
0.004662 0.005054
0.004658 0.007276
0.004655 0.005615
0.004655 0.004671
0.004655 0.007816
0.004652 0.005489
0.004648 0.014426
0.004648 0.004998
0.004643 0.009854
0.004642 0.004692
0.004639 0.007148
0.004636 0.005571
0.004635 0.007808
0.004632 0.005711
0.004631 0.005833
0.004628 0.006033
0.004627 0.006607
0.004624 0.005503
0.004620 0.005048
0.004618 0.004630
0.004618 0.005759
0.004618 0.010448
0.004617 0.006224
0.004616 0.009547
0.004615 0.004644
0.004614 0.009486
0.004607 0.006126
0.004607 0.005139
0.004605 0.006343
0.004604 0.005933
0.004601 0.006210
0.004600 0.005298
0.004598 0.006208
0.004597 0.006438
0.004591 0.006971
0.004590 0.005454
0.004590 0.005481
0.004589 0.006047
0.004586 0.005861
0.004575 0.005628
0.004574 0.006525
0.004567 0.006493
0.004564 0.005331
0.004563 0.005205
0.004560 0.004616
0.004559 0.005927
0.004558 0.008208
0.004557 0.009327
0.004555 0.006867
0.004555 0.006721
0.004552 0.005794
0.004538 0.006136
0.004538 0.005350
0.004536 0.004563
0.004536 0.004729
0.004532 0.004547
0.004530 0.005894
0.004530 0.006451
0.004525 0.004914
0.004524 0.006626
0.004515 0.006345
0.004506 0.004547
0.004505 0.004913
0.004502 0.009656
0.004500 0.005541
0.004499 0.004566
0.004496 0.004580
0.004495 0.006299
0.004493 0.004946
0.004491 0.005109
0.004489 0.005017
0.004488 0.004979
0.004487 0.004767
0.004486 0.004799
0.004481 0.005952
0.004480 0.004714
0.004474 0.005373
0.004473 0.005747
0.004472 0.005615
0.004472 0.007994
0.004469 0.004540
0.004469 0.004491
0.004468 0.005353
0.004454 0.004545
0.004453 0.005179
0.004453 0.005266
0.004449 0.004601
0.004448 0.007553
0.004446 0.004864
0.004445 0.005671
0.004441 0.004596
0.004434 0.004961
0.004428 0.009574
0.004428 0.004660
0.004422 0.007172
0.004420 0.005559
0.004416 0.005015
0.004412 0.007471
0.004412 0.004918
0.004408 0.004927
0.004407 0.006196
0.004407 0.004527
0.004406 0.006556
0.004404 0.005107
0.004401 0.006528
0.004401 0.005970
0.004396 0.005132
0.004388 0.005107
0.004387 0.005209
0.004387 0.004910
0.004386 0.006585
0.004385 0.006776
0.004384 0.006988
0.004383 0.005882
0.004379 0.004556
0.004372 0.004454
0.004362 0.005571
0.004359 0.004892
0.004356 0.004424
0.004354 0.005430
0.004352 0.006335
0.004351 0.005061
0.004350 0.008823
0.004349 0.007249
0.004347 0.005386
0.004334 0.004832
0.004328 0.004833
0.004327 0.005698
0.004327 0.004472
0.004321 0.004539
0.004319 0.006091
0.004316 0.004825
0.004312 0.008957
0.004311 0.004613
0.004301 0.005852
0.004295 0.006683
0.004293 0.007134
0.004293 0.004845
0.004292 0.004524
0.004292 0.005944
0.004292 0.006130
0.004273 0.005193
0.004269 0.006664
0.004268 0.012016
0.004262 0.004888
0.004262 0.005256
0.004261 0.005250
0.004260 0.005053
0.004252 0.005065
0.004250 0.004773
0.004249 0.004295
0.004246 0.005521
0.004239 0.005534
0.004238 0.004814
0.004231 0.004954
0.004230 0.004758
0.004230 0.004997
0.004226 0.008810
0.004224 0.005749
0.004222 0.005456
0.004214 0.004953
0.004213 0.004374
0.004211 0.005496
0.004210 0.004694
0.004210 0.005397
0.004206 0.005172
0.004206 0.006412
0.004205 0.005573
0.004202 0.004651
0.004197 0.004339
0.004189 0.004950
0.004189 0.004717
0.004179 0.007006
0.004176 0.005915
0.004176 0.006037
0.004175 0.005380
0.004175 0.004267
0.004174 0.004535
0.004173 0.006481
0.004171 0.007634
0.004169 0.004270
0.004163 0.004360
0.004162 0.006269
0.004160 0.004221
0.004157 0.005463
0.004156 0.004540
0.004155 0.005291
0.004152 0.004157
0.004152 0.006328
0.004144 0.004606
0.004143 0.004268
0.004139 0.004947
0.004135 0.006442
0.004133 0.004553
0.004131 0.006392
0.004122 0.005356
0.004117 0.004301
0.004117 0.004135
0.004117 0.004179
0.004116 0.004918
0.004114 0.005023
0.004108 0.004373
0.004105 0.005027
0.004104 0.004547
0.004101 0.006224
0.004100 0.004185
0.004094 0.004483
0.004090 0.004912
0.004089 0.009350
0.004087 0.004323
0.004087 0.006594
0.004086 0.004420
0.004082 0.005417
0.004075 0.004686
0.004073 0.006913
0.004073 0.009894
0.004071 0.004805
0.004070 0.007026
0.004066 0.005893
0.004066 0.005966
0.004065 0.004216
0.004056 0.005390
0.004041 0.005242
0.004037 0.004044
0.004034 0.004059
0.004030 0.004156
0.004029 0.012002
0.004023 0.004429
0.004009 0.004830
0.004008 0.005312
0.004006 0.004424
0.004004 0.005301
0.003997 0.004481
0.003984 0.004508
0.003976 0.004057
0.003974 0.004878
0.003971 0.009702
0.003968 0.004603
0.003965 0.004088
0.003956 0.004054
0.003955 0.004042
0.003955 0.004333
0.003954 0.004084
0.003949 0.004207
0.003946 0.004371
0.003939 0.004592
0.003938 0.004265
0.003934 0.007524
0.003934 0.005167
0.003932 0.004532
0.003930 0.004773
0.003930 0.004075
0.003929 0.004267
0.003926 0.008449
0.003925 0.006106
0.003921 0.005415
0.003915 0.006254
0.003913 0.007559
0.003912 0.006620
0.003912 0.004143
0.003911 0.004243
0.003905 0.006079
0.003899 0.006765
0.003898 0.004214
0.003896 0.004158
0.003896 0.005233
0.003895 0.004148
0.003893 0.006024
0.003893 0.004608
0.003891 0.005050
0.003889 0.007661
0.003881 0.004282
0.003881 0.005004
0.003874 0.005526
0.003873 0.004970
0.003868 0.004428
0.003866 0.004372
0.003862 0.004026
0.003858 0.005967
0.003857 0.003921
0.003850 0.005972
0.003844 0.004313
0.003839 0.006792
0.003834 0.004244
0.003820 0.005288
0.003814 0.005095
0.003811 0.003874
0.003808 0.003906
0.003807 0.004889
0.003807 0.006040
0.003802 0.003919
0.003786 0.004308
0.003785 0.003849
0.003776 0.005912
0.003773 0.003918
0.003773 0.003889
0.003768 0.005390
0.003763 0.003805
0.003763 0.003943
0.003759 0.003764
0.003747 0.004644
0.003746 0.005412
0.003744 0.004323
0.003725 0.004814
0.003718 0.006060
0.003710 0.003948
0.003702 0.003908
0.003701 0.004845
0.003693 0.004912
0.003690 0.007491
0.003685 0.004263
0.003678 0.006560
0.003672 0.004328
0.003666 0.004416
0.003658 0.004108
0.003655 0.005638
0.003653 0.003705
0.003651 0.004362
0.003643 0.004240
0.003640 0.004526
0.003631 0.004087
0.003624 0.005494
0.003623 0.006594
0.003614 0.005832
0.003613 0.004593
0.003608 0.004042
0.003607 0.004447
0.003603 0.004413
0.003600 0.003878
0.003600 0.004247
0.003598 0.003823
0.003597 0.003928
0.003597 0.004266
0.003593 0.003778
0.003585 0.007452
0.003582 0.004197
0.003577 0.005364
0.003574 0.004225
0.003574 0.003596
0.003568 0.004258
0.003557 0.004951
0.003555 0.004203
0.003553 0.004292
0.003536 0.004277
0.003533 0.003962
0.003532 0.003689
0.003526 0.007761
0.003525 0.003677
0.003518 0.004695
0.003512 0.003542
0.003506 0.005047
0.003495 0.004326
0.003493 0.003785
0.003491 0.003494
0.003488 0.003880
0.003483 0.005072
0.003473 0.004470
0.003470 0.004189
0.003455 0.003538
0.003455 0.003598
0.003452 0.004247
0.003450 0.004741
0.003449 0.003662
0.003443 0.003603
0.003430 0.005247
0.003428 0.004938
0.003419 0.003653
0.003418 0.005807
0.003398 0.003493
0.003394 0.003806
0.003393 0.007481
0.003388 0.003453
0.003385 0.004673
0.003371 0.003878
0.003364 0.004969
0.003360 0.005847
0.003351 0.003430
0.003340 0.003516
0.003332 0.003604
0.003325 0.003917
0.003323 0.003538
0.003310 0.003432
0.003305 0.003635
0.003295 0.006649
0.003286 0.003470
0.003284 0.003922
0.003279 0.003613
0.003278 0.004599
0.003268 0.004011
0.003268 0.004076
0.003265 0.003483
0.003244 0.003324
0.003242 0.003510
0.003234 0.003261
0.003229 0.003237
0.003225 0.003357
0.003222 0.004295
0.003222 0.003594
0.003219 0.003331
0.003213 0.003727
0.003205 0.003573
0.003190 0.003516
0.003188 0.003223
0.003182 0.003497
0.003170 0.003564
0.003166 0.003759
0.003151 0.004086
0.003128 0.003723
0.003119 0.004435
0.003102 0.003863
0.003070 0.003332
0.003067 0.003137
0.003059 0.004046
0.003048 0.003261
0.003046 0.003365
0.003045 0.003392
0.003041 0.003183
0.003038 0.003963
0.003031 0.003244
0.003028 0.003107
0.003012 0.003352
0.003012 0.003636
0.003011 0.003174
0.003009 0.003998
0.003007 0.003237
0.003007 0.004131
0.003000 0.003510
0.002990 0.003259
0.002962 0.003108
0.002950 0.003359
0.002927 0.003360
0.002915 0.003572
0.002905 0.002926
0.002902 0.003061
0.002900 0.003306
0.002896 0.003357
0.002895 0.003496
0.002881 0.003691
0.002879 0.003914
0.002877 0.003550
0.002841 0.003130
0.002811 0.002896
0.002805 0.002950
0.002803 0.002823
0.002767 0.002776
0.002756 0.003343
0.002754 0.003715
0.002754 0.003783
0.002752 0.004006
0.002686 0.002944
0.002681 0.002822
0.002665 0.002952
0.002638 0.002861
0.002626 0.003068
0.002620 0.002676
0.002617 0.003474
0.002610 0.002708
0.002605 0.003335
0.002604 0.004164
0.002600 0.002819
0.002595 0.002786
0.002589 0.003153
0.002581 0.003017
0.002571 0.003632
0.002567 0.003359
0.002559 0.002637
0.002547 0.002642
0.002538 0.003225
0.002523 0.003197
0.002501 0.003309
0.002495 0.002906
0.002494 0.002650
0.002473 0.003555
0.002458 0.002508
0.002408 0.002464
0.002407 0.003251
0.002371 0.002423
0.002362 0.002536
0.002273 0.002279
0.002264 0.002387
0.002258 0.002340
0.002192 0.002230
0.002178 0.002292
0.001901 0.002281
0.001876 0.002039
0.001806 0.001916
0.001641 0.001805
0.001500 0.001535
0.001470 0.001641
0.001459 0.001723
