0.088449 0.095920
0.086224 0.086597
0.084844 0.090413
0.072920 0.078627
0.071691 0.074809
0.071594 0.078633
0.070300 0.086666
0.069587 0.085222
0.068833 0.070668
0.068073 0.077948
0.065141 0.069723
0.061893 0.061907
0.058434 0.059533
0.058396 0.059458
0.057476 0.062349
0.056713 0.064041
0.056175 0.082030
0.054771 0.062531
0.053509 0.078750
0.052703 0.065679
0.049974 0.053855
0.049819 0.095979
0.049816 0.059718
0.049255 0.050988
0.049151 0.050708
0.048932 0.069477
0.048426 0.053950
0.047539 0.052645
0.047369 0.070068
0.047308 0.054064
0.047250 0.053242
0.046162 0.088059
0.046069 0.060671
0.045894 0.050234
0.045339 0.048737
0.045042 0.049521
0.044508 0.045358
0.044395 0.045378
0.044382 0.046882
0.044217 0.065341
0.043161 0.054633
0.041670 0.081949
0.041529 0.049499
0.041267 0.045210
0.040816 0.048104
0.040541 0.053638
0.040152 0.044333
0.040088 0.048966
0.039803 0.045310
0.039392 0.048246
0.038537 0.056201
0.038210 0.039896
0.038165 0.047774
0.037600 0.045660
0.037519 0.037552
0.037322 0.039988
0.037188 0.065023
0.037143 0.038609
0.037110 0.041182
0.036901 0.058128
0.036574 0.055588
0.036496 0.072768
0.036389 0.038794
0.036237 0.038292
0.036141 0.036949
0.036117 0.099642
0.036099 0.040389
0.035706 0.039463
0.035549 0.036569
0.035517 0.057134
0.035240 0.036546
0.035008 0.042935
0.034974 0.045743
0.034757 0.034999
0.034695 0.036687
0.034666 0.036923
0.034645 0.037866
0.034389 0.036178
0.034232 0.036131
0.033905 0.050876
0.033722 0.039569
0.033630 0.034657
0.033431 0.040663
0.033091 0.049707
0.033072 0.034374
0.032966 0.034061
0.032930 0.034890
0.032793 0.045012
0.032790 0.034636
0.032732 0.033567
0.032679 0.036686
0.032512 0.035770
0.032311 0.043228
0.032256 0.038218
0.032196 0.032516
0.031916 0.035724
0.031770 0.032597
0.031607 0.035700
0.031362 0.035125
0.031275 0.041901
0.031250 0.038698
0.031154 0.037286
0.031024 0.038908
0.030897 0.037449
0.030471 0.032866
0.030411 0.040023
0.030280 0.038940
0.030229 0.034002
0.030225 0.039824
0.030212 0.031561
0.029974 0.032059
0.029824 0.032073
0.029753 0.029800
0.029507 0.031495
0.029394 0.029583
0.029231 0.034875
0.029175 0.038440
0.029098 0.036010
0.029059 0.029286
0.028922 0.032267
0.028615 0.042872
0.028579 0.037761
0.028407 0.034506
0.028120 0.030884
0.027867 0.028136
0.027789 0.031229
0.027643 0.027896
0.027637 0.030707
0.027594 0.031513
0.027592 0.039080
0.027568 0.031481
0.027474 0.029833
0.027457 0.030783
0.027423 0.029119
0.027070 0.039297
0.027018 0.034285
0.026979 0.027119
0.026825 0.042283
0.026701 0.027009
0.026685 0.027265
0.026637 0.027383
0.026387 0.030777
0.026245 0.029460
0.026196 0.031254
0.026116 0.028896
0.026006 0.029098
0.025906 0.027092
0.025883 0.029588
0.025753 0.028106
0.025537 0.026852
0.025397 0.032859
0.025254 0.032961
0.025219 0.025704
0.025178 0.032246
0.025103 0.041814
0.025089 0.026490
0.025012 0.026511
0.024923 0.034636
0.024874 0.037280
0.024682 0.049133
0.024677 0.031278
0.024670 0.030466
0.024599 0.033480
0.024554 0.026177
0.024529 0.028596
0.024497 0.025452
0.024461 0.034653
0.024362 0.030864
0.024309 0.037211
0.024249 0.028555
0.024104 0.030055
0.024041 0.026303
0.023904 0.024022
0.023904 0.024859
0.023876 0.027573
0.023745 0.027224
0.023727 0.023856
0.023666 0.025664
0.023612 0.023628
0.023611 0.033329
0.023610 0.024503
0.023527 0.023849
0.023375 0.033797
0.023367 0.025688
0.023244 0.031065
0.023231 0.028715
0.023180 0.025845
0.023144 0.023802
0.023091 0.023900
0.022978 0.026242
0.022893 0.023740
0.022841 0.024590
0.022779 0.025514
0.022735 0.028989
0.022646 0.030296
0.022635 0.023708
0.022620 0.052440
0.022588 0.032763
0.022586 0.030737
0.022576 0.026877
0.022497 0.023850
0.022426 0.024399
0.022418 0.022793
0.022336 0.033998
0.022332 0.023415
0.022324 0.026153
0.022273 0.023850
0.022265 0.035869
0.022245 0.023218
0.022242 0.024467
0.022236 0.022726
0.022227 0.023119
0.022205 0.022488
0.021956 0.025629
0.021950 0.026585
0.021914 0.022284
0.021909 0.022009
0.021893 0.031211
0.021730 0.022743
0.021668 0.028159
0.021627 0.024916
0.021623 0.033847
0.021513 0.034336
0.021412 0.027110
0.021409 0.026341
0.021397 0.025558
0.021384 0.022012
0.021299 0.026716
0.021278 0.022445
0.021271 0.028562
0.021253 0.035334
0.021220 0.026870
0.021211 0.022428
0.021200 0.023875
0.021175 0.034265
0.021139 0.021866
0.021090 0.021636
0.021081 0.023062
0.021074 0.024563
0.021058 0.023470
0.021028 0.029671
0.020947 0.029352
0.020934 0.030277
0.020874 0.044218
0.020870 0.020985
0.020735 0.030620
0.020733 0.032430
0.020721 0.021990
0.020660 0.028111
0.020651 0.022897
0.020650 0.021601
0.020621 0.022439
0.020571 0.030271
0.020566 0.028872
0.020555 0.031381
0.020535 0.020866
0.020489 0.022314
0.020478 0.020803
0.020425 0.020429
0.020393 0.021261
0.020382 0.021919
0.020314 0.022797
0.020294 0.022523
0.020201 0.026444
0.020183 0.020428
0.020164 0.028023
0.020162 0.020751
0.020158 0.020698
0.020154 0.021632
0.020141 0.021928
0.020121 0.033985
0.020077 0.024107
0.020055 0.021469
0.020016 0.021399
0.019957 0.023840
0.019924 0.027933
0.019918 0.026456
0.019901 0.020658
0.019817 0.019828
0.019775 0.022130
0.019772 0.020139
0.019762 0.020074
0.019749 0.021961
0.019742 0.023539
0.019733 0.021747
0.019733 0.022413
0.019716 0.023845
0.019700 0.021366
0.019610 0.031085
0.019609 0.020936
0.019584 0.034624
0.019559 0.026651
0.019552 0.027219
0.019545 0.023127
0.019503 0.021613
0.019483 0.020513
0.019470 0.019761
0.019439 0.020174
0.019378 0.037948
0.019376 0.019708
0.019322 0.020515
0.019318 0.024626
0.019258 0.021193
0.019199 0.019449
0.019199 0.031117
0.019181 0.020596
0.019168 0.019194
0.019160 0.025985
0.019150 0.034500
0.019130 0.020239
0.019110 0.019544
0.019094 0.020934
0.019024 0.020011
0.019019 0.019161
0.018934 0.020051
0.018930 0.028620
0.018905 0.026799
0.018865 0.021761
0.018846 0.019763
0.018844 0.018920
0.018836 0.021075
0.018831 0.026024
0.018819 0.021768
0.018810 0.018821
0.018764 0.022396
0.018719 0.019300
0.018710 0.020484
0.018691 0.025200
0.018657 0.018958
0.018652 0.020472
0.018563 0.020020
0.018559 0.018812
0.018545 0.036489
0.018531 0.022493
0.018507 0.020204
0.018459 0.020237
0.018451 0.020908
0.018444 0.023056
0.018356 0.020325
0.018322 0.018799
0.018319 0.025104
0.018312 0.022036
0.018292 0.019815
0.018289 0.018721
0.018283 0.018950
0.018269 0.019792
0.018203 0.031934
0.018184 0.023616
0.018132 0.022541
0.018127 0.025838
0.018097 0.018955
0.017989 0.021277
0.017972 0.020685
0.017946 0.021264
0.017939 0.032889
0.017934 0.018177
0.017834 0.019069
0.017784 0.021420
0.017755 0.024361
0.017719 0.018971
0.017699 0.031390
0.017606 0.017898
0.017605 0.017856
0.017601 0.040437
0.017592 0.020737
0.017583 0.019238
0.017559 0.028272
0.017554 0.022347
0.017512 0.022764
0.017504 0.020891
0.017492 0.019602
0.017459 0.029093
0.017458 0.018520
0.017414 0.021151
0.017389 0.022787
0.017384 0.026143
0.017323 0.018807
0.017313 0.018977
0.017267 0.027922
0.017245 0.022197
0.017245 0.018339
0.017229 0.018954
0.017190 0.017538
0.017152 0.024292
0.017133 0.023631
0.017112 0.017964
0.017096 0.021780
0.017076 0.028355
0.017066 0.017544
0.017033 0.027688
0.016988 0.017382
0.016985 0.020330
0.016958 0.017042
0.016900 0.019530
0.016894 0.016931
0.016854 0.022877
0.016849 0.024230
0.016841 0.017175
0.016789 0.020777
0.016775 0.023243
0.016709 0.017018
0.016707 0.017230
0.016660 0.021436
0.016651 0.025656
0.016624 0.018502
0.016601 0.017631
0.016598 0.019651
0.016587 0.017390
0.016585 0.016762
0.016553 0.018217
0.016543 0.021321
0.016538 0.017192
0.016509 0.026424
0.016492 0.017435
0.016462 0.020312
0.016447 0.019829
0.016432 0.024531
0.016401 0.024822
0.016350 0.031647
0.016332 0.031715
0.016311 0.017512
0.016310 0.017409
0.016290 0.030125
0.016288 0.016637
0.016284 0.017410
0.016280 0.023827
0.016270 0.016943
0.016262 0.016788
0.016237 0.023288
0.016217 0.018421
0.016212 0.024100
0.016209 0.017124
0.016202 0.016443
0.016176 0.016625
0.016149 0.022674
0.016142 0.017534
0.016136 0.018178
0.016133 0.016641
0.016094 0.019495
0.016074 0.029236
0.016044 0.019215
0.016040 0.021110
0.016030 0.029664
0.015990 0.016558
0.015977 0.016500
0.015953 0.020176
0.015947 0.017401
0.015913 0.017679
0.015911 0.020567
0.015886 0.017432
0.015865 0.016618
0.015828 0.025604
0.015792 0.017705
0.015788 0.021555
0.015780 0.023520
0.015775 0.018826
0.015775 0.016725
0.015768 0.020294
0.015748 0.022614
0.015727 0.019929
0.015720 0.017691
0.015719 0.024412
0.015696 0.024329
0.015659 0.032521
0.015648 0.023728
0.015585 0.015800
0.015554 0.021219
0.015550 0.015792
0.015518 0.016982
0.015515 0.017553
0.015509 0.033934
0.015449 0.019369
0.015435 0.015866
0.015433 0.015947
0.015432 0.016007
0.015419 0.020382
0.015377 0.015501
0.015367 0.020212
0.015354 0.017120
0.015348 0.015419
0.015301 0.018580
0.015281 0.015770
0.015280 0.015964
0.015275 0.023408
0.015245 0.016035
0.015216 0.019469
0.015206 0.017378
0.015199 0.020352
0.015179 0.015242
0.015177 0.017247
0.015137 0.016095
0.015107 0.022305
0.015091 0.015111
0.015088 0.019632
0.015047 0.029749
0.015046 0.015415
0.015009 0.016482
0.014995 0.019369
0.014969 0.016079
0.014956 0.028144
0.014931 0.028776
0.014911 0.026978
0.014907 0.026592
0.014856 0.017406
0.014836 0.015322
0.014836 0.019472
0.014833 0.017494
0.014831 0.016057
0.014827 0.035143
0.014827 0.021086
0.014821 0.015035
0.014790 0.014837
0.014768 0.019139
0.014761 0.020641
0.014756 0.031011
0.014751 0.016333
0.014750 0.015023
0.014749 0.018648
0.014730 0.017162
0.014721 0.021890
0.014697 0.017553
0.014684 0.014899
0.014662 0.016258
0.014659 0.023970
0.014658 0.018954
0.014618 0.027959
0.014575 0.020832
0.014568 0.019220
0.014557 0.014982
0.014533 0.015953
0.014504 0.018676
0.014496 0.015975
0.014492 0.022416
0.014485 0.016074
0.014474 0.024137
0.014472 0.014541
0.014470 0.020660
0.014467 0.014975
0.014370 0.021606
0.014353 0.022464
0.014350 0.017225
0.014334 0.023811
0.014314 0.016209
0.014270 0.015384
0.014268 0.016718
0.014220 0.015433
0.014214 0.016539
0.014206 0.017907
0.014183 0.015170
0.014177 0.016036
0.014173 0.020170
0.014170 0.021855
0.014169 0.020403
0.014169 0.025672
0.014158 0.015763
0.014149 0.023674
0.014135 0.014319
0.014053 0.017530
0.014042 0.026662
0.014042 0.015777
0.013977 0.015562
0.013915 0.021061
0.013914 0.018287
0.013910 0.017684
0.013897 0.025920
0.013896 0.015421
0.013891 0.015379
0.013886 0.014937
0.013847 0.014553
0.013833 0.018566
0.013825 0.014687
0.013805 0.016066
0.013791 0.014975
0.013773 0.017579
0.013745 0.015152
0.013742 0.022307
0.013724 0.013896
0.013710 0.018575
0.013695 0.014280
0.013694 0.020045
0.013624 0.015260
0.013602 0.019264
0.013591 0.015454
0.013565 0.014825
0.013558 0.015190
0.013527 0.022676
0.013526 0.020350
0.013492 0.016574
0.013489 0.016149
0.013487 0.020850
0.013471 0.016033
0.013469 0.013760
0.013461 0.014583
0.013460 0.017654
0.013447 0.017443
0.013439 0.026463
0.013432 0.015343
0.013421 0.013635
0.013418 0.013990
0.013393 0.015306
0.013390 0.018283
0.013384 0.013698
0.013379 0.014652
0.013377 0.024541
0.013364 0.015866
0.013342 0.013642
0.013341 0.014778
0.013329 0.017469
0.013327 0.016897
0.013302 0.020203
0.013297 0.019815
0.013294 0.025848
0.013293 0.016695
0.013281 0.018451
0.013274 0.013437
0.013267 0.016027
0.013194 0.014592
0.013172 0.018163
0.013159 0.018595
0.013138 0.015455
0.013137 0.014370
0.013135 0.017898
0.013134 0.015181
0.013123 0.014488
0.013103 0.017517
0.013097 0.014764
0.013095 0.014107
0.013085 0.014339
0.013083 0.023614
0.013069 0.015633
0.013061 0.017464
0.013010 0.013177
0.013003 0.015283
0.013002 0.027127
0.012981 0.014556
0.012952 0.014784
0.012942 0.014247
0.012932 0.015677
0.012925 0.016570
0.012909 0.014332
0.012872 0.020417
0.012866 0.013954
0.012855 0.014551
0.012854 0.015564
0.012810 0.021022
0.012792 0.014038
0.012789 0.017811
0.012778 0.016234
0.012775 0.019444
0.012768 0.016446
0.012749 0.021031
0.012740 0.013437
0.012735 0.033398
0.012706 0.015002
0.012694 0.013763
0.012691 0.014297
0.012684 0.014803
0.012656 0.015986
0.012655 0.017449
0.012652 0.015382
0.012650 0.016913
0.012646 0.013342
0.012631 0.012927
0.012613 0.016285
0.012607 0.013426
0.012604 0.015769
0.012601 0.014846
0.012593 0.016416
0.012580 0.013361
0.012542 0.017487
0.012534 0.013093
0.012533 0.014501
0.012530 0.015586
0.012507 0.015817
0.012501 0.013587
0.012495 0.012589
0.012457 0.022695
0.012446 0.013446
0.012445 0.016825
0.012420 0.017555
0.012413 0.012681
0.012410 0.018080
0.012377 0.015296
0.012349 0.016772
0.012339 0.012767
0.012291 0.014782
0.012268 0.012641
0.012237 0.013837
0.012201 0.012633
0.012169 0.016538
0.012151 0.014383
0.012146 0.013785
0.012139 0.014876
0.012137 0.013118
0.012111 0.012423
0.012104 0.014312
0.012028 0.013224
0.012007 0.013896
0.012001 0.012654
0.011994 0.012162
0.011956 0.017247
0.011927 0.013247
0.011915 0.013560
0.011897 0.020438
0.011897 0.016896
0.011889 0.019629
0.011882 0.012561
0.011874 0.012769
0.011873 0.014436
0.011855 0.016400
0.011854 0.017678
0.011848 0.013186
0.011810 0.016936
0.011807 0.013929
0.011792 0.014248
0.011785 0.013366
0.011774 0.012710
0.011763 0.021981
0.011756 0.012728
0.011754 0.011755
0.011747 0.016305
0.011716 0.013223
0.011703 0.012119
0.011691 0.016196
0.011675 0.012759
0.011670 0.011736
0.011669 0.018753
0.011643 0.012155
0.011621 0.013109
0.011616 0.012649
0.011571 0.014171
0.011559 0.011694
0.011521 0.012111
0.011518 0.017622
0.011514 0.011682
0.011490 0.013898
0.011488 0.012414
0.011460 0.012442
0.011449 0.015962
0.011440 0.011648
0.011424 0.014699
0.011401 0.014542
0.011377 0.011439
0.011354 0.011849
0.011346 0.011867
0.011343 0.017268
0.011335 0.011908
0.011334 0.014194
0.011267 0.012534
0.011186 0.016126
0.011186 0.011576
0.011160 0.015453
0.011145 0.013648
0.011107 0.019849
0.011094 0.012874
0.011059 0.011389
0.011043 0.014251
0.011035 0.011940
0.011001 0.015914
0.010985 0.012271
0.010982 0.012038
0.010960 0.012340
0.010942 0.011641
0.010915 0.012900
0.010902 0.011503
0.010891 0.014935
0.010883 0.013120
0.010862 0.018081
0.010860 0.011213
0.010854 0.013114
0.010840 0.026076
0.010821 0.013348
0.010816 0.013277
0.010806 0.019296
0.010794 0.012040
0.010780 0.012082
0.010772 0.012491
0.010762 0.013123
0.010756 0.023479
0.010733 0.011405
0.010723 0.012131
0.010713 0.012802
0.010712 0.016211
0.010690 0.019786
0.010682 0.011373
0.010674 0.011242
0.010665 0.011657
0.010614 0.011565
0.010609 0.011793
0.010602 0.012800
0.010597 0.014685
0.010540 0.011465
0.010521 0.011375
0.010503 0.011243
0.010494 0.011598
0.010490 0.011656
0.010488 0.010967
0.010475 0.011925
0.010473 0.010893
0.010467 0.011019
0.010430 0.011339
0.010428 0.011220
0.010423 0.013623
0.010422 0.010546
0.010419 0.010855
0.010417 0.010606
0.010414 0.011359
0.010413 0.010780
0.010397 0.010938
0.010387 0.010469
0.010381 0.010485
0.010362 0.011219
0.010351 0.011153
0.010345 0.010940
0.010335 0.014994
0.010314 0.011744
0.010296 0.010828
0.010294 0.010963
0.010286 0.018435
0.010281 0.010663
0.010280 0.011644
0.010278 0.015439
0.010273 0.016117
0.010222 0.013585
0.010206 0.011686
0.010168 0.012617
0.010157 0.012664
0.010150 0.012658
0.010147 0.010669
0.010145 0.012961
0.010131 0.011246
0.010128 0.014449
0.010119 0.013410
0.010110 0.010648
0.010096 0.015555
0.010078 0.011416
0.010072 0.010822
0.010070 0.010990
0.010057 0.015905
0.010054 0.011647
0.010024 0.016456
0.010019 0.010402
0.010005 0.012600
0.010002 0.012434
0.009989 0.012424
0.009970 0.010778
0.009945 0.012492
0.009943 0.015797
0.009914 0.014985
0.009908 0.012757
0.009907 0.011933
0.009905 0.011042
0.009896 0.010105
0.009852 0.010957
0.009851 0.012625
0.009832 0.009982
0.009823 0.013094
0.009803 0.011134
0.009779 0.012888
0.009775 0.010113
0.009745 0.011486
0.009733 0.009789
0.009715 0.011793
0.009701 0.009894
0.009692 0.010474
0.009677 0.015915
0.009671 0.010802
0.009670 0.023289
0.009665 0.011313
0.009660 0.012455
0.009657 0.010608
0.009653 0.010864
0.009633 0.015640
0.009621 0.011238
0.009620 0.011304
0.009591 0.011136
0.009574 0.011129
0.009564 0.010455
0.009557 0.012820
0.009555 0.016796
0.009535 0.011736
0.009531 0.010975
0.009526 0.012317
0.009479 0.011053
0.009475 0.010146
0.009470 0.017858
0.009469 0.009524
0.009458 0.012341
0.009438 0.009601
0.009420 0.010138
0.009392 0.011998
0.009391 0.010954
0.009390 0.011105
0.009390 0.012069
0.009382 0.009836
0.009374 0.010015
0.009373 0.011096
0.009354 0.009563
0.009350 0.009944
0.009332 0.009875
0.009287 0.010181
0.009275 0.009735
0.009274 0.012477
0.009259 0.010837
0.009251 0.011061
0.009248 0.013025
0.009232 0.010248
0.009218 0.011248
0.009215 0.012867
0.009201 0.009873
0.009167 0.010065
0.009150 0.010611
0.009117 0.009785
0.009095 0.009747
0.009095 0.011715
0.009073 0.011130
0.009069 0.009433
0.009067 0.009163
0.009056 0.010206
0.009055 0.009097
0.009051 0.011685
0.009046 0.014920
0.009035 0.010200
0.009030 0.012550
0.009026 0.010166
0.009014 0.011333
0.009010 0.009208
0.009008 0.010032
0.009004 0.011895
0.008981 0.009083
0.008980 0.009092
0.008952 0.010366
0.008949 0.013198
0.008931 0.010470
0.008930 0.009259
0.008908 0.009185
0.008892 0.009708
0.008875 0.011290
0.008861 0.012578
0.008850 0.018563
0.008846 0.010281
0.008842 0.017898
0.008816 0.010339
0.008802 0.008823
0.008798 0.010008
0.008785 0.012959
0.008784 0.012224
0.008782 0.008825
0.008769 0.009390
0.008760 0.013133
0.008745 0.010072
0.008730 0.008965
0.008728 0.010731
0.008709 0.009196
0.008705 0.008897
0.008669 0.009451
0.008663 0.012578
0.008658 0.009376
0.008656 0.010473
0.008642 0.009501
0.008637 0.012749
0.008629 0.008956
0.008622 0.010090
0.008618 0.008748
0.008617 0.011961
0.008606 0.009032
0.008601 0.010508
0.008585 0.011198
0.008575 0.011966
0.008570 0.008948
0.008560 0.014391
0.008558 0.009391
0.008557 0.009530
0.008543 0.013889
0.008532 0.009825
0.008532 0.008632
0.008532 0.008572
0.008519 0.012167
0.008516 0.008795
0.008503 0.008873
0.008487 0.011209
0.008456 0.009829
0.008455 0.011619
0.008437 0.011096
0.008425 0.011070
0.008424 0.012820
0.008421 0.010275
0.008419 0.009525
0.008408 0.010993
0.008386 0.009817
0.008380 0.011403
0.008375 0.008446
0.008352 0.008797
0.008350 0.008942
0.008343 0.010331
0.008295 0.009256
0.008279 0.010498
0.008268 0.011020
0.008257 0.008657
0.008256 0.008575
0.008252 0.011991
0.008247 0.012840
0.008215 0.008344
0.008198 0.009115
0.008197 0.010512
0.008192 0.011209
0.008173 0.008621
0.008168 0.012883
0.008154 0.014807
0.008145 0.009532
0.008136 0.008950
0.008134 0.012921
0.008108 0.008829
0.008104 0.010423
0.008100 0.008281
0.008094 0.010039
0.008091 0.010940
0.008084 0.008702
0.008083 0.009738
0.008077 0.012422
0.008070 0.009098
0.008067 0.009404
0.008064 0.008346
0.008061 0.014035
0.008058 0.008275
0.008053 0.008559
0.008051 0.014368
0.008038 0.010967
0.008028 0.008418
0.008026 0.009885
0.008015 0.009253
0.008007 0.010565
0.008001 0.008489
0.007996 0.008689
0.007987 0.008940
0.007979 0.010110
0.007968 0.008930
0.007939 0.008425
0.007918 0.008603
0.007918 0.010571
0.007906 0.008819
0.007901 0.008301
0.007888 0.008341
0.007866 0.009747
0.007864 0.008958
0.007857 0.008811
0.007827 0.008556
0.007820 0.010471
0.007819 0.009564
0.007810 0.008299
0.007793 0.010651
0.007776 0.013959
0.007740 0.012434
0.007726 0.008061
0.007723 0.008670
0.007720 0.008572
0.007710 0.007973
0.007708 0.010908
0.007701 0.008820
0.007691 0.010322
0.007678 0.009836
0.007671 0.008219
0.007671 0.015390
0.007665 0.013818
0.007662 0.009982
0.007648 0.017245
0.007645 0.009319
0.007626 0.009495
0.007624 0.008805
0.007623 0.008574
0.007610 0.010316
0.007606 0.009481
0.007605 0.007610
0.007601 0.009206
0.007599 0.007847
0.007576 0.008655
0.007569 0.007724
0.007568 0.015921
0.007564 0.010111
0.007562 0.012644
0.007557 0.008545
0.007553 0.007618
0.007548 0.007832
0.007537 0.009787
0.007516 0.008143
0.007510 0.007735
0.007488 0.012533
0.007487 0.013826
0.007469 0.007944
0.007455 0.011924
0.007439 0.012470
0.007418 0.007801
0.007412 0.007635
0.007403 0.007493
0.007399 0.008379
0.007389 0.009425
0.007388 0.010413
0.007385 0.012342
0.007364 0.008870
0.007363 0.011391
0.007361 0.007773
0.007353 0.011347
0.007341 0.007738
0.007328 0.016056
0.007317 0.008058
0.007295 0.008138
0.007292 0.007771
0.007287 0.007619
0.007284 0.008383
0.007274 0.008024
0.007273 0.007750
0.007272 0.012729
0.007246 0.007598
0.007242 0.012865
0.007236 0.008503
0.007232 0.007373
0.007218 0.010439
0.007218 0.015444
0.007216 0.007505
0.007208 0.008194
0.007207 0.007709
0.007191 0.007595
0.007185 0.010643
0.007182 0.007518
0.007173 0.008742
0.007171 0.007591
0.007165 0.010515
0.007152 0.008653
0.007145 0.007328
0.007135 0.010789
0.007134 0.008035
0.007131 0.008156
0.007131 0.007584
0.007129 0.008989
0.007123 0.009126
0.007112 0.012831
0.007109 0.008639
0.007107 0.009174
0.007094 0.007223
0.007085 0.007803
0.007079 0.007528
0.007077 0.007336
0.007063 0.010609
0.007051 0.007495
0.007045 0.007993
0.007039 0.011339
0.007032 0.007175
0.007014 0.007853
0.007009 0.010206
0.007009 0.007399
0.006997 0.007501
0.006996 0.007358
0.006994 0.007067
0.006993 0.011250
0.006991 0.011419
0.006986 0.007084
0.006983 0.008353
0.006980 0.007740
0.006971 0.007670
0.006971 0.007205
0.006970 0.009309
0.006967 0.008409
0.006967 0.008905
0.006959 0.008245
0.006946 0.007452
0.006935 0.007322
0.006931 0.007625
0.006927 0.010028
0.006927 0.007784
0.006926 0.011480
0.006922 0.009023
0.006919 0.007375
0.006918 0.007831
0.006912 0.007964
0.006898 0.008309
0.006876 0.007081
0.006864 0.009461
0.006860 0.006931
0.006860 0.008614
0.006855 0.008246
0.006850 0.007036
0.006845 0.008341
0.006843 0.007712
0.006830 0.007092
0.006830 0.014006
0.006830 0.008694
0.006829 0.012085
0.006823 0.008022
0.006819 0.007397
0.006817 0.008395
0.006810 0.008838
0.006809 0.010083
0.006805 0.013748
0.006800 0.007293
0.006799 0.009414
0.006762 0.010589
0.006762 0.008086
0.006736 0.010812
0.006727 0.007438
0.006715 0.007172
0.006705 0.007638
0.006692 0.009443
0.006690 0.007075
0.006678 0.010978
0.006678 0.007244
0.006677 0.009325
0.006671 0.011863
0.006667 0.013602
0.006652 0.007381
0.006650 0.007443
0.006645 0.006943
0.006644 0.011295
0.006642 0.010341
0.006633 0.006917
0.006622 0.009670
0.006616 0.006922
0.006601 0.010372
0.006593 0.009400
0.006591 0.007031
0.006591 0.007053
0.006576 0.009274
0.006576 0.006708
0.006553 0.006670
0.006548 0.013394
0.006545 0.006607
0.006544 0.006625
0.006541 0.008965
0.006536 0.008636
0.006484 0.008195
0.006478 0.008875
0.006477 0.009304
0.006471 0.014651
0.006467 0.006544
0.006455 0.007205
0.006449 0.007186
0.006434 0.008480
0.006425 0.008121
0.006423 0.019292
0.006423 0.007513
0.006410 0.007229
0.006403 0.008923
0.006402 0.010397
0.006396 0.007971
0.006394 0.007302
0.006392 0.008321
0.006388 0.008708
0.006387 0.007903
0.006379 0.007146
0.006374 0.011239
0.006359 0.009594
0.006357 0.007996
0.006355 0.007576
0.006352 0.006801
0.006340 0.007537
0.006338 0.009309
0.006337 0.006673
0.006329 0.007199
0.006318 0.007923
0.006317 0.008922
0.006316 0.008194
0.006316 0.008579
0.006312 0.010082
0.006306 0.008672
0.006290 0.006786
0.006285 0.006640
0.006284 0.006487
0.006280 0.007823
0.006279 0.008752
0.006259 0.006658
0.006250 0.006847
0.006236 0.006722
0.006233 0.007556
0.006233 0.008656
0.006231 0.007969
0.006229 0.009481
0.006216 0.006691
0.006215 0.006234
0.006212 0.007080
0.006209 0.006452
0.006203 0.006959
0.006189 0.006573
0.006183 0.006606
0.006177 0.007544
0.006176 0.006550
0.006163 0.010362
0.006159 0.006163
0.006159 0.009502
0.006152 0.006394
0.006134 0.008185
0.006104 0.007323
0.006103 0.007289
0.006087 0.011516
0.006087 0.006352
0.006077 0.006259
0.006071 0.006282
0.006071 0.006581
0.006047 0.007178
0.006040 0.006196
0.006019 0.006162
0.006018 0.009941
0.006018 0.007323
0.006011 0.007670
0.006003 0.008050
0.005992 0.006078
0.005970 0.006789
0.005958 0.006624
0.005958 0.008210
0.005954 0.006175
0.005945 0.007168
0.005943 0.011358
0.005941 0.006193
0.005938 0.009401
0.005934 0.006939
0.005932 0.008161
0.005926 0.008228
0.005906 0.006329
0.005902 0.006343
0.005900 0.006999
0.005899 0.008633
0.005897 0.006430
0.005891 0.008626
0.005890 0.006144
0.005889 0.008228
0.005875 0.012233
0.005872 0.009082
0.005860 0.006273
0.005855 0.006569
0.005845 0.006485
0.005841 0.010161
0.005840 0.005972
0.005837 0.006574
0.005835 0.008499
0.005832 0.006086
0.005832 0.007458
0.005821 0.005826
0.005814 0.006717
0.005809 0.006006
0.005801 0.007752
0.005797 0.005831
0.005795 0.007070
0.005789 0.009771
0.005778 0.006179
0.005775 0.009971
0.005765 0.005807
0.005759 0.006355
0.005753 0.006208
0.005743 0.005979
0.005741 0.006839
0.005732 0.011555
0.005721 0.005893
0.005720 0.006474
0.005719 0.008127
0.005718 0.006000
0.005711 0.007238
0.005708 0.007383
0.005707 0.006513
0.005703 0.006954
0.005700 0.007600
0.005698 0.006909
0.005697 0.007953
0.005684 0.007804
0.005676 0.005709
0.005672 0.006605
0.005659 0.006079
0.005652 0.007152
0.005638 0.005918
0.005637 0.008558
0.005627 0.007687
0.005625 0.007751
0.005619 0.006162
0.005613 0.005769
0.005611 0.006056
0.005607 0.007023
0.005607 0.008070
0.005599 0.005971
0.005588 0.006369
0.005585 0.007708
0.005573 0.006267
0.005565 0.006664
0.005536 0.007705
0.005535 0.006021
0.005529 0.006700
0.005526 0.008680
0.005520 0.009814
0.005506 0.005917
0.005504 0.005528
0.005496 0.005854
0.005485 0.009083
0.005480 0.008349
0.005477 0.008148
0.005471 0.010189
0.005464 0.007858
0.005461 0.007262
0.005459 0.010813
0.005456 0.005536
0.005449 0.006680
0.005448 0.006505
0.005445 0.010804
0.005444 0.009357
0.005443 0.006324
0.005438 0.005589
0.005437 0.005536
0.005431 0.005820
0.005430 0.007217
0.005430 0.005954
0.005424 0.010037
0.005420 0.008214
0.005406 0.006503
0.005399 0.005585
0.005385 0.010308
0.005381 0.005989
0.005380 0.007008
0.005378 0.007402
0.005364 0.006237
0.005358 0.005505
0.005357 0.005781
0.005343 0.010443
0.005335 0.009055
0.005334 0.007170
0.005333 0.006139
0.005332 0.006733
0.005330 0.005825
0.005315 0.006104
0.005303 0.008524
0.005297 0.005810
0.005296 0.005772
0.005290 0.006598
0.005290 0.007042
0.005289 0.005307
0.005270 0.005794
0.005266 0.005388
0.005265 0.006533
0.005261 0.006964
0.005251 0.005762
0.005251 0.008223
0.005249 0.006552
0.005245 0.005935
0.005238 0.006140
0.005231 0.005808
0.005228 0.008289
0.005225 0.005370
0.005223 0.010173
0.005218 0.005667
0.005215 0.005975
0.005187 0.005506
0.005187 0.007149
0.005172 0.007143
0.005171 0.005171
0.005163 0.007770
0.005161 0.005274
0.005158 0.005448
0.005148 0.010853
0.005147 0.006289
0.005145 0.008754
0.005141 0.005426
0.005140 0.005255
0.005139 0.008891
0.005128 0.006551
0.005123 0.005444
0.005120 0.005710
0.005115 0.005286
0.005111 0.005525
0.005090 0.005318
0.005089 0.008055
0.005085 0.005602
0.005084 0.005344
0.005083 0.007301
0.005082 0.005537
0.005078 0.005134
0.005076 0.006352
0.005075 0.005811
0.005073 0.005249
0.005070 0.005403
0.005066 0.005636
0.005064 0.007218
0.005062 0.006450
0.005060 0.005080
0.005059 0.005805
0.005058 0.005270
0.005057 0.005677
0.005055 0.007437
0.005045 0.005452
0.005041 0.005493
0.005026 0.007382
0.005025 0.005271
0.005019 0.007621
0.005017 0.005298
0.005014 0.006022
0.005014 0.006145
0.005008 0.007013
0.005007 0.007346
0.004998 0.005522
0.004992 0.006895
0.004992 0.005194
0.004985 0.005397
0.004983 0.007202
0.004980 0.005391
0.004949 0.005718
0.004941 0.005183
0.004941 0.005123
0.004939 0.006491
0.004939 0.008725
0.004938 0.007703
0.004937 0.005744
0.004936 0.007850
0.004931 0.006685
0.004922 0.005557
0.004899 0.009675
0.004897 0.010358
0.004886 0.007887
0.004877 0.007216
0.004876 0.006014
0.004872 0.005086
0.004855 0.006030
0.004843 0.005005
0.004829 0.007635
0.004820 0.005223
0.004811 0.005253
0.004808 0.004861
0.004806 0.005693
0.004794 0.005328
0.004793 0.005285
0.004790 0.005362
0.004787 0.005053
0.004776 0.007814
0.004773 0.008084
0.004770 0.005792
0.004769 0.006758
0.004766 0.007269
0.004759 0.005773
0.004757 0.006179
0.004753 0.005498
0.004751 0.009408
0.004715 0.005110
0.004709 0.006801
0.004706 0.007890
0.004702 0.007052
0.004701 0.005995
0.004685 0.005931
0.004681 0.006304
0.004675 0.005018
0.004656 0.005177
0.004656 0.004839
0.004649 0.005132
0.004647 0.005558
0.004640 0.006107
0.004634 0.007380
0.004633 0.006255
0.004626 0.004673
0.004623 0.006928
0.004623 0.005672
0.004613 0.004770
0.004597 0.004627
0.004594 0.004666
0.004593 0.004786
0.004591 0.009616
0.004589 0.006700
0.004587 0.004838
0.004584 0.005503
0.004577 0.004631
0.004573 0.005677
0.004571 0.006044
0.004568 0.006158
0.004562 0.004711
0.004554 0.005774
0.004549 0.005227
0.004548 0.005649
0.004544 0.006588
0.004542 0.005047
0.004541 0.005696
0.004540 0.005227
0.004539 0.005846
0.004534 0.004927
0.004528 0.004551
0.004520 0.004732
0.004520 0.007289
0.004513 0.004698
0.004503 0.006475
0.004497 0.005146
0.004497 0.005927
0.004482 0.006757
0.004481 0.004966
0.004478 0.005067
0.004477 0.004814
0.004477 0.004631
0.004477 0.004536
0.004474 0.004512
0.004471 0.005241
0.004469 0.005137
0.004465 0.005555
0.004462 0.006521
0.004459 0.006100
0.004459 0.005054
0.004457 0.005234
0.004451 0.004647
0.004450 0.005276
0.004443 0.005232
0.004442 0.004668
0.004440 0.004535
0.004437 0.005104
0.004434 0.004805
0.004409 0.006202
0.004401 0.005833
0.004399 0.004861
0.004397 0.006222
0.004394 0.004562
0.004382 0.004931
0.004382 0.004524
0.004374 0.007520
0.004373 0.004520
0.004370 0.005367
0.004367 0.004420
0.004365 0.006913
0.004362 0.004702
0.004362 0.006561
0.004350 0.007595
0.004344 0.004836
0.004343 0.005687
0.004342 0.004403
0.004337 0.005496
0.004336 0.004685
0.004330 0.005589
0.004326 0.004793
0.004324 0.005059
0.004322 0.005895
0.004316 0.004405
0.004314 0.005586
0.004313 0.006964
0.004304 0.005498
0.004299 0.004700
0.004295 0.004434
0.004285 0.005444
0.004284 0.007863
0.004282 0.004360
0.004281 0.004486
0.004275 0.005423
0.004272 0.004699
0.004270 0.004331
0.004269 0.005514
0.004269 0.004317
0.004265 0.004929
0.004259 0.005015
0.004257 0.006301
0.004254 0.004379
0.004251 0.005464
0.004237 0.005547
0.004224 0.005521
0.004223 0.004299
0.004218 0.005273
0.004217 0.005767
0.004212 0.004462
0.004210 0.004551
0.004209 0.004402
0.004201 0.004724
0.004200 0.004608
0.004198 0.004363
0.004196 0.005330
0.004188 0.004650
0.004184 0.004252
0.004181 0.006264
0.004179 0.004532
0.004176 0.007044
0.004162 0.004185
0.004158 0.005433
0.004157 0.004643
0.004145 0.004883
0.004142 0.004810
0.004140 0.004485
0.004138 0.004194
0.004133 0.004281
0.004133 0.004167
0.004129 0.004700
0.004129 0.007007
0.004121 0.004924
0.004119 0.004715
0.004118 0.005547
0.004114 0.004377
0.004113 0.004853
0.004113 0.004326
0.004113 0.008432
0.004107 0.006146
0.004104 0.004339
0.004088 0.004227
0.004086 0.004402
0.004083 0.004371
0.004082 0.004185
0.004081 0.004573
0.004080 0.004623
0.004071 0.007734
0.004064 0.005262
0.004060 0.005903
0.004059 0.004912
0.004058 0.004209
0.004057 0.004535
0.004054 0.004269
0.004049 0.005575
0.004047 0.005649
0.004043 0.004503
0.004040 0.004457
0.004031 0.006579
0.004026 0.004219
0.004025 0.008112
0.004020 0.004033
0.004005 0.004802
0.004003 0.004132
0.004001 0.004432
0.003998 0.005561
0.003996 0.007010
0.003988 0.007073
0.003985 0.003997
0.003975 0.004693
0.003971 0.004057
0.003971 0.005341
0.003969 0.009329
0.003966 0.004184
0.003964 0.004282
0.003957 0.004867
0.003954 0.009414
0.003937 0.007027
0.003922 0.005690
0.003918 0.004002
0.003915 0.008927
0.003907 0.005786
0.003903 0.005064
0.003903 0.007468
0.003900 0.004326
0.003896 0.004071
0.003894 0.005432
0.003876 0.004047
0.003872 0.005977
0.003867 0.006994
0.003863 0.005835
0.003858 0.007427
0.003844 0.006603
0.003837 0.005679
0.003826 0.003952
0.003825 0.005696
0.003823 0.005017
0.003817 0.004259
0.003817 0.004652
0.003813 0.006828
0.003806 0.003922
0.003805 0.006151
0.003804 0.004647
0.003804 0.008847
0.003804 0.003981
0.003799 0.003916
0.003788 0.003796
0.003785 0.004231
0.003780 0.003835
0.003772 0.004258
0.003772 0.003868
0.003766 0.005815
0.003759 0.003930
0.003758 0.004105
0.003753 0.003956
0.003744 0.006104
0.003744 0.007515
0.003737 0.006166
0.003736 0.005621
0.003736 0.004791
0.003730 0.004317
0.003728 0.005354
0.003724 0.004330
0.003718 0.004994
0.003704 0.004598
0.003702 0.005346
0.003702 0.006144
0.003693 0.003891
0.003693 0.004095
0.003691 0.004526
0.003689 0.004858
0.003685 0.005146
0.003670 0.006227
0.003658 0.004518
0.003658 0.003874
0.003655 0.004918
0.003653 0.005746
0.003648 0.003899
0.003644 0.007556
0.003642 0.005490
0.003639 0.005681
0.003635 0.003783
0.003631 0.005784
0.003629 0.004001
0.003608 0.004217
0.003597 0.003767
0.003592 0.003709
0.003584 0.003777
0.003578 0.003664
0.003570 0.005083
0.003561 0.003817
0.003557 0.003722
0.003548 0.004221
0.003545 0.003914
0.003543 0.003734
0.003540 0.003688
0.003531 0.004508
0.003530 0.004718
0.003502 0.006749
0.003502 0.003598
0.003502 0.005350
0.003497 0.003812
0.003487 0.004926
0.003481 0.003670
0.003478 0.003520
0.003467 0.003788
0.003459 0.004889
0.003458 0.004168
0.003448 0.006058
0.003447 0.004952
0.003438 0.003736
0.003425 0.003604
0.003418 0.007109
0.003400 0.004958
0.003394 0.006630
0.003379 0.003541
0.003377 0.003586
0.003377 0.003597
0.003373 0.005879
0.003365 0.004923
0.003356 0.007055
0.003352 0.005793
0.003352 0.004085
0.003350 0.004277
0.003342 0.003556
0.003342 0.004445
0.003340 0.003603
0.003335 0.003401
0.003326 0.003444
0.003326 0.003464
0.003323 0.005424
0.003323 0.004081
0.003316 0.003791
0.003313 0.005829
0.003311 0.003635
0.003311 0.003901
0.003310 0.003589
0.003309 0.003783
0.003299 0.003904
0.003293 0.003694
0.003288 0.004144
0.003275 0.004233
0.003273 0.003580
0.003266 0.006561
0.003265 0.004971
0.003264 0.003723
0.003259 0.006206
0.003253 0.003822
0.003238 0.003299
0.003237 0.006023
0.003232 0.003311
0.003225 0.003715
0.003218 0.005668
0.003216 0.003649
0.003216 0.003409
0.003205 0.003209
0.003203 0.003944
0.003202 0.006328
0.003180 0.003650
0.003172 0.006005
0.003163 0.003475
0.003160 0.003588
0.003153 0.003270
0.003149 0.003275
0.003149 0.004393
0.003148 0.004205
0.003143 0.003146
0.003139 0.004429
0.003136 0.004647
0.003133 0.003276
0.003117 0.003409
0.003116 0.003352
0.003109 0.003581
0.003098 0.003267
0.003065 0.003626
0.003052 0.004451
0.003034 0.003187
0.003031 0.003438
0.002998 0.003965
0.002990 0.003112
0.002980 0.003056
0.002974 0.003502
0.002959 0.003204
0.002939 0.003971
0.002931 0.003149
0.002926 0.003726
0.002905 0.003040
0.002904 0.002950
0.002901 0.003022
0.002889 0.004136
0.002886 0.003449
0.002885 0.004032
0.002855 0.003667
0.002840 0.002975
0.002826 0.002832
0.002820 0.004659
0.002816 0.004039
0.002787 0.002888
0.002781 0.002921
0.002769 0.002872
0.002769 0.003194
0.002724 0.003624
0.002723 0.003642
0.002714 0.003556
0.002714 0.007363
0.002705 0.002881
0.002655 0.003679
0.002642 0.003704
0.002599 0.003612
0.002599 0.003638
0.002599 0.003122
0.002571 0.003187
0.002538 0.003383
0.002529 0.002753
0.002494 0.004965
0.002491 0.003402
0.002488 0.003204
0.002487 0.002846
0.002481 0.002727
0.002478 0.002545
0.002454 0.003134
0.002446 0.003310
0.002444 0.002525
0.002440 0.003609
0.002425 0.002541
0.002405 0.002972
0.002400 0.002478
0.002370 0.003434
0.002351 0.002590
0.002350 0.002562
0.002329 0.002600
0.002313 0.002336
0.002270 0.002296
0.002131 0.002163
0.002128 0.002188
0.002116 0.002458
0.002072 0.002092
0.002016 0.002292
0.001987 0.002000
0.001934 0.002266
0.001913 0.002310
0.001875 0.002141
0.001763 0.002187
0.001706 0.001970
0.001559 0.002056
0.001526 0.001585
0.001493 0.001687
0.001493 0.001735
0.001479 0.002165
0.001294 0.001487
