0.097965 0.100361
0.091826 0.106071
0.089349 0.098460
0.087775 0.088803
0.082261 0.088863
0.082085 0.095051
0.075874 0.091585
0.069976 0.082126
0.069211 0.129108
0.065859 0.077917
0.065610 0.065831
0.065026 0.065618
0.060609 0.067700
0.058114 0.062510
0.057071 0.065599
0.056832 0.065185
0.055338 0.080819
0.055019 0.059130
0.054746 0.074062
0.052177 0.057389
0.051892 0.061866
0.050342 0.055076
0.050180 0.068562
0.050112 0.054319
0.049566 0.054408
0.047838 0.057669
0.047319 0.068445
0.046704 0.048089
0.045988 0.046758
0.045678 0.047524
0.044253 0.058885
0.044070 0.045324
0.043938 0.048630
0.043327 0.065111
0.042549 0.042948
0.042002 0.045706
0.040919 0.065802
0.040861 0.069445
0.040694 0.040877
0.040221 0.044292
0.039725 0.052706
0.039688 0.050274
0.039599 0.042515
0.039520 0.050543
0.038882 0.039172
0.038859 0.050699
0.038781 0.040334
0.038629 0.051564
0.038062 0.044712
0.037493 0.071931
0.037407 0.049973
0.036893 0.043159
0.036858 0.039100
0.036315 0.038103
0.036068 0.040066
0.035748 0.037523
0.035424 0.038238
0.035088 0.035738
0.034965 0.036903
0.034773 0.036469
0.034687 0.037392
0.034409 0.034920
0.033925 0.035289
0.033628 0.036393
0.033462 0.041401
0.033449 0.077086
0.033369 0.034019
0.032979 0.039322
0.032947 0.033316
0.032772 0.032983
0.032758 0.034691
0.032731 0.037873
0.032697 0.033948
0.032571 0.035198
0.032509 0.034527
0.032405 0.039057
0.032073 0.034012
0.032016 0.035435
0.031883 0.044868
0.031820 0.033387
0.031796 0.039621
0.031764 0.032774
0.031261 0.035813
0.031138 0.033747
0.031121 0.040562
0.030768 0.046960
0.030557 0.038667
0.030226 0.033776
0.030159 0.037503
0.029768 0.031829
0.029706 0.050820
0.029372 0.030379
0.029246 0.045898
0.028984 0.041138
0.028840 0.029340
0.028680 0.039647
0.028490 0.029452
0.028475 0.051366
0.028441 0.032545
0.028368 0.036631
0.028252 0.031882
0.028127 0.028368
0.027984 0.034876
0.027889 0.042294
0.027803 0.035393
0.027711 0.029375
0.027711 0.033254
0.027630 0.030103
0.027595 0.031708
0.027486 0.027518
0.027450 0.027969
0.027349 0.045105
0.027304 0.027542
0.027185 0.028175
0.027109 0.032871
0.027099 0.029160
0.027026 0.031883
0.026847 0.031649
0.026743 0.038507
0.026731 0.027940
0.026705 0.031984
0.026641 0.031673
0.026541 0.028091
0.026511 0.034325
0.026403 0.026819
0.026365 0.029692
0.026348 0.032878
0.026300 0.027401
0.026286 0.030297
0.026229 0.030806
0.026052 0.026500
0.026037 0.026383
0.025990 0.035691
0.025977 0.033526
0.025908 0.025931
0.025745 0.029008
0.025714 0.027773
0.025695 0.026279
0.025565 0.035569
0.025494 0.028401
0.025440 0.030997
0.025426 0.026756
0.025225 0.026737
0.025211 0.038132
0.024926 0.028577
0.024780 0.035841
0.024773 0.033162
0.024709 0.027664
0.024691 0.028464
0.024677 0.028963
0.024644 0.026337
0.024618 0.034155
0.024588 0.027319
0.024580 0.030249
0.024546 0.033844
0.024459 0.025910
0.024447 0.026493
0.024371 0.045898
0.024144 0.027023
0.023918 0.035686
0.023862 0.028775
0.023784 0.027076
0.023776 0.038147
0.023770 0.024203
0.023755 0.026014
0.023748 0.038163
0.023745 0.030564
0.023737 0.030117
0.023732 0.025129
0.023674 0.024727
0.023672 0.024868
0.023576 0.026310
0.023485 0.029937
0.023342 0.044360
0.023249 0.030891
0.023246 0.027450
0.023232 0.028498
0.023213 0.026748
0.023206 0.024173
0.023195 0.024722
0.022917 0.023609
0.022894 0.029566
0.022885 0.033423
0.022751 0.022785
0.022599 0.033541
0.022593 0.023930
0.022574 0.031405
0.022552 0.023857
0.022421 0.022728
0.022347 0.027034
0.022247 0.024937
0.022206 0.022834
0.022144 0.029669
0.022097 0.023660
0.022075 0.025340
0.021998 0.023378
0.021891 0.044070
0.021675 0.032653
0.021668 0.024746
0.021622 0.022935
0.021615 0.031683
0.021611 0.023863
0.021590 0.027489
0.021567 0.023305
0.021534 0.037008
0.021511 0.021578
0.021509 0.022453
0.021435 0.022531
0.021384 0.024744
0.021372 0.023586
0.021309 0.023335
0.021297 0.028258
0.021263 0.023268
0.021253 0.021650
0.021201 0.032282
0.021163 0.023911
0.021152 0.028421
0.021152 0.025205
0.021122 0.021595
0.021090 0.030570
0.020997 0.023328
0.020981 0.021724
0.020975 0.022108
0.020936 0.020990
0.020928 0.023599
0.020905 0.024546
0.020825 0.022140
0.020745 0.028281
0.020638 0.026075
0.020638 0.022719
0.020590 0.023859
0.020535 0.024732
0.020514 0.031008
0.020506 0.021382
0.020458 0.024925
0.020427 0.034104
0.020376 0.021139
0.020364 0.026614
0.020336 0.022095
0.020260 0.022426
0.020243 0.026168
0.020234 0.024829
0.020180 0.021906
0.020129 0.020130
0.020122 0.024615
0.020058 0.020356
0.019938 0.021781
0.019897 0.020866
0.019895 0.021401
0.019826 0.023888
0.019782 0.023201
0.019778 0.023906
0.019741 0.020720
0.019734 0.026535
0.019734 0.019896
0.019704 0.023361
0.019677 0.023079
0.019673 0.020287
0.019573 0.020126
0.019564 0.035556
0.019534 0.023724
0.019509 0.027871
0.019449 0.024782
0.019377 0.020090
0.019360 0.021833
0.019349 0.026054
0.019312 0.022571
0.019298 0.027100
0.019286 0.025810
0.019274 0.020087
0.019240 0.019914
0.019135 0.029163
0.019122 0.023201
0.019076 0.020086
0.019068 0.039322
0.019065 0.029856
0.019023 0.030575
0.019005 0.020746
0.018988 0.024363
0.018980 0.020948
0.018977 0.026555
0.018976 0.023281
0.018933 0.024195
0.018933 0.019260
0.018928 0.026397
0.018910 0.019230
0.018846 0.018998
0.018830 0.021687
0.018780 0.024594
0.018747 0.026855
0.018734 0.033723
0.018725 0.020543
0.018703 0.019402
0.018636 0.021970
0.018628 0.038736
0.018612 0.022995
0.018602 0.024679
0.018594 0.019142
0.018559 0.018953
0.018500 0.021944
0.018496 0.025722
0.018443 0.027895
0.018441 0.019348
0.018439 0.019865
0.018422 0.021246
0.018401 0.029240
0.018359 0.020473
0.018305 0.022268
0.018246 0.020586
0.018211 0.019759
0.018211 0.027374
0.018170 0.018185
0.018147 0.018820
0.018130 0.022734
0.018127 0.020535
0.018100 0.021830
0.018057 0.018966
0.017984 0.022082
0.017890 0.028843
0.017887 0.018517
0.017828 0.023531
0.017744 0.020677
0.017723 0.022595
0.017713 0.020847
0.017709 0.020455
0.017695 0.017931
0.017691 0.030826
0.017689 0.018531
0.017666 0.018644
0.017653 0.021968
0.017649 0.018044
0.017622 0.022889
0.017615 0.027874
0.017568 0.020287
0.017559 0.021059
0.017543 0.018137
0.017520 0.018115
0.017513 0.020750
0.017511 0.027707
0.017480 0.023561
0.017439 0.032955
0.017418 0.030598
0.017329 0.032217
0.017319 0.017324
0.017228 0.024826
0.017204 0.018200
0.017129 0.019589
0.017054 0.017135
0.017031 0.019536
0.016962 0.018757
0.016958 0.018023
0.016927 0.034385
0.016883 0.017014
0.016870 0.022617
0.016844 0.017017
0.016805 0.017650
0.016752 0.021170
0.016656 0.020079
0.016628 0.019871
0.016611 0.024990
0.016582 0.023305
0.016570 0.016824
0.016569 0.018853
0.016543 0.016599
0.016542 0.019992
0.016514 0.018464
0.016499 0.020978
0.016443 0.016636
0.016397 0.022669
0.016387 0.018882
0.016385 0.017675
0.016382 0.019261
0.016338 0.023728
0.016329 0.017605
0.016315 0.016838
0.016297 0.017322
0.016285 0.016344
0.016256 0.018702
0.016207 0.016799
0.016204 0.016651
0.016197 0.021659
0.016181 0.024861
0.016139 0.018588
0.016126 0.016256
0.016103 0.019005
0.016063 0.016596
0.016059 0.017645
0.016049 0.016235
0.016015 0.023636
0.016008 0.029229
0.015985 0.018070
0.015947 0.019205
0.015946 0.017386
0.015940 0.021291
0.015909 0.017980
0.015899 0.018214
0.015892 0.017557
0.015888 0.023336
0.015853 0.016079
0.015775 0.017862
0.015769 0.017622
0.015728 0.019013
0.015713 0.024965
0.015706 0.020009
0.015674 0.023620
0.015658 0.016617
0.015639 0.015843
0.015632 0.018975
0.015616 0.019106
0.015615 0.019131
0.015582 0.015612
0.015575 0.018432
0.015554 0.015950
0.015531 0.025079
0.015446 0.015602
0.015445 0.019862
0.015441 0.017246
0.015431 0.018310
0.015430 0.018358
0.015417 0.030866
0.015319 0.017419
0.015316 0.023202
0.015273 0.016449
0.015247 0.016148
0.015235 0.018722
0.015210 0.024014
0.015181 0.016226
0.015158 0.018211
0.015148 0.017349
0.015137 0.017718
0.015129 0.017302
0.015124 0.015363
0.015114 0.015516
0.015112 0.017079
0.015052 0.018142
0.015051 0.018175
0.015012 0.021198
0.014943 0.016470
0.014904 0.016884
0.014862 0.021315
0.014856 0.018294
0.014831 0.020704
0.014813 0.016656
0.014799 0.015612
0.014784 0.026348
0.014776 0.015091
0.014771 0.016229
0.014770 0.018230
0.014755 0.015233
0.014746 0.015807
0.014729 0.015918
0.014725 0.015003
0.014706 0.015277
0.014670 0.015082
0.014664 0.020302
0.014637 0.017833
0.014627 0.015822
0.014609 0.016968
0.014597 0.015365
0.014560 0.014591
0.014540 0.020079
0.014539 0.015680
0.014502 0.018601
0.014486 0.016321
0.014453 0.017487
0.014416 0.014589
0.014396 0.018160
0.014389 0.015938
0.014349 0.021500
0.014323 0.017207
0.014320 0.014366
0.014301 0.025651
0.014301 0.018844
0.014289 0.014384
0.014268 0.019834
0.014245 0.018216
0.014226 0.017562
0.014202 0.016009
0.014199 0.014649
0.014182 0.014465
0.014173 0.014705
0.014169 0.014872
0.014133 0.016396
0.014118 0.022238
0.014116 0.015857
0.014113 0.015475
0.014092 0.018335
0.014089 0.016416
0.014083 0.014609
0.014075 0.014570
0.014073 0.017232
0.014065 0.025418
0.014062 0.015853
0.014061 0.014313
0.014038 0.014238
0.013981 0.016750
0.013980 0.014720
0.013973 0.014204
0.013973 0.020716
0.013967 0.015516
0.013966 0.017926
0.013964 0.029169
0.013945 0.021095
0.013922 0.014693
0.013918 0.021990
0.013910 0.016548
0.013887 0.017643
0.013872 0.022026
0.013864 0.014318
0.013863 0.017151
0.013834 0.015709
0.013816 0.018300
0.013809 0.016052
0.013803 0.018590
0.013763 0.022809
0.013753 0.015943
0.013744 0.015719
0.013743 0.020865
0.013722 0.021750
0.013697 0.017367
0.013678 0.016349
0.013678 0.014439
0.013659 0.015765
0.013652 0.023346
0.013620 0.017669
0.013611 0.014016
0.013602 0.013637
0.013592 0.016005
0.013589 0.020609
0.013586 0.017399
0.013565 0.014499
0.013546 0.014969
0.013545 0.015885
0.013540 0.019525
0.013532 0.014349
0.013521 0.014602
0.013489 0.016280
0.013484 0.015977
0.013474 0.016010
0.013462 0.014892
0.013439 0.015573
0.013433 0.013874
0.013400 0.015672
0.013392 0.019441
0.013390 0.018943
0.013363 0.018817
0.013355 0.017537
0.013345 0.014603
0.013316 0.013705
0.013293 0.013709
0.013277 0.013786
0.013276 0.015942
0.013271 0.013277
0.013259 0.023527
0.013253 0.016966
0.013251 0.014433
0.013250 0.013599
0.013243 0.014358
0.013168 0.013488
0.013155 0.019151
0.013140 0.013602
0.013093 0.014017
0.013077 0.016553
0.013058 0.013217
0.013052 0.013289
0.013045 0.013903
0.013031 0.013528
0.013029 0.013427
0.013029 0.013879
0.013025 0.014142
0.013002 0.016598
0.012982 0.017770
0.012959 0.013987
0.012959 0.013660
0.012950 0.016665
0.012944 0.014002
0.012938 0.013684
0.012937 0.015252
0.012936 0.013417
0.012922 0.018498
0.012919 0.015949
0.012901 0.014286
0.012901 0.024080
0.012874 0.014400
0.012814 0.022126
0.012808 0.013767
0.012793 0.018480
0.012781 0.013090
0.012770 0.025727
0.012756 0.020359
0.012720 0.013048
0.012704 0.014125
0.012695 0.017885
0.012684 0.015043
0.012682 0.014087
0.012647 0.014813
0.012647 0.014612
0.012634 0.015506
0.012631 0.019686
0.012616 0.016631
0.012615 0.012858
0.012610 0.017876
0.012591 0.025413
0.012567 0.013889
0.012563 0.015340
0.012563 0.024327
0.012561 0.021248
0.012559 0.013229
0.012543 0.023257
0.012505 0.020710
0.012493 0.015922
0.012491 0.015394
0.012489 0.020502
0.012480 0.013089
0.012464 0.028635
0.012461 0.014456
0.012454 0.014212
0.012451 0.013823
0.012448 0.012503
0.012446 0.012647
0.012435 0.015335
0.012415 0.014179
0.012406 0.012535
0.012394 0.019948
0.012375 0.020310
0.012373 0.017613
0.012338 0.012562
0.012323 0.012395
0.012320 0.016353
0.012303 0.014743
0.012275 0.014547
0.012233 0.014238
0.012230 0.017975
0.012228 0.015049
0.012222 0.018813
0.012190 0.015032
0.012186 0.015148
0.012179 0.018253
0.012172 0.013051
0.012171 0.012532
0.012166 0.015546
0.012158 0.015013
0.012136 0.012863
0.012129 0.017416
0.012121 0.013521
0.012117 0.014103
0.012111 0.017128
0.012110 0.014295
0.012071 0.019030
0.012057 0.013695
0.012044 0.012187
0.012041 0.013472
0.012039 0.015147
0.012030 0.020915
0.012014 0.020012
0.011978 0.016303
0.011970 0.025860
0.011941 0.014243
0.011937 0.015038
0.011930 0.013731
0.011923 0.013487
0.011912 0.016637
0.011911 0.012189
0.011906 0.012062
0.011905 0.017409
0.011896 0.014932
0.011894 0.017052
0.011893 0.011934
0.011885 0.018640
0.011882 0.011956
0.011873 0.012198
0.011868 0.012563
0.011852 0.013653
0.011843 0.013009
0.011823 0.013754
0.011820 0.012594
0.011798 0.011963
0.011791 0.012043
0.011772 0.013052
0.011771 0.013624
0.011750 0.013642
0.011743 0.012421
0.011741 0.013193
0.011730 0.022102
0.011714 0.014928
0.011713 0.012259
0.011711 0.011770
0.011693 0.014768
0.011687 0.011857
0.011678 0.012954
0.011677 0.012104
0.011672 0.014594
0.011671 0.012770
0.011667 0.017021
0.011664 0.014666
0.011658 0.011860
0.011658 0.011960
0.011653 0.017172
0.011649 0.014259
0.011611 0.014531
0.011585 0.015521
0.011574 0.015675
0.011570 0.014377
0.011557 0.012515
0.011554 0.013455
0.011552 0.014039
0.011550 0.012824
0.011546 0.011547
0.011537 0.011583
0.011532 0.011616
0.011528 0.018318
0.011509 0.014936
0.011506 0.012327
0.011501 0.013960
0.011470 0.011612
0.011459 0.014491
0.011434 0.012470
0.011424 0.011643
0.011413 0.012804
0.011367 0.014594
0.011354 0.011802
0.011331 0.012430
0.011329 0.015342
0.011320 0.012878
0.011311 0.011629
0.011296 0.012692
0.011286 0.012847
0.011284 0.014852
0.011283 0.013639
0.011280 0.012572
0.011273 0.013705
0.011263 0.018638
0.011262 0.011379
0.011255 0.011615
0.011250 0.019351
0.011231 0.011983
0.011222 0.015289
0.011217 0.014232
0.011213 0.013433
0.011203 0.013628
0.011189 0.012028
0.011174 0.011251
0.011168 0.013519
0.011151 0.015382
0.011143 0.016379
0.011130 0.015500
0.011115 0.011906
0.011087 0.018452
0.011076 0.016381
0.011060 0.011649
0.011039 0.012555
0.011032 0.011444
0.011024 0.012786
0.011011 0.011352
0.011002 0.011180
0.010999 0.012389
0.010999 0.011565
0.010998 0.013897
0.010989 0.016416
0.010987 0.014567
0.010984 0.011664
0.010982 0.013884
0.010962 0.011902
0.010960 0.011345
0.010958 0.016100
0.010949 0.012192
0.010946 0.015078
0.010935 0.022988
0.010922 0.011348
0.010901 0.015429
0.010896 0.011742
0.010889 0.014599
0.010881 0.017141
0.010879 0.017101
0.010870 0.012303
0.010839 0.011580
0.010832 0.017056
0.010824 0.013312
0.010824 0.013239
0.010822 0.011764
0.010808 0.013139
0.010807 0.022076
0.010802 0.018071
0.010801 0.013187
0.010799 0.011229
0.010788 0.011475
0.010779 0.018726
0.010752 0.011893
0.010750 0.017101
0.010740 0.020066
0.010734 0.011676
0.010728 0.011389
0.010726 0.011513
0.010718 0.012511
0.010698 0.011904
0.010692 0.012216
0.010691 0.013427
0.010691 0.011303
0.010689 0.010898
0.010679 0.015724
0.010676 0.018005
0.010657 0.013148
0.010648 0.012288
0.010643 0.011304
0.010630 0.012254
0.010621 0.015803
0.010620 0.010804
0.010617 0.015080
0.010610 0.013077
0.010606 0.010646
0.010582 0.010774
0.010575 0.010798
0.010575 0.010772
0.010573 0.012790
0.010525 0.011449
0.010482 0.011983
0.010477 0.011467
0.010449 0.012653
0.010434 0.012035
0.010434 0.011492
0.010399 0.014106
0.010399 0.019065
0.010397 0.010966
0.010385 0.010597
0.010383 0.017229
0.010376 0.010983
0.010369 0.012581
0.010369 0.011165
0.010353 0.016573
0.010352 0.011053
0.010352 0.013056
0.010345 0.013203
0.010345 0.012694
0.010334 0.014262
0.010326 0.013150
0.010326 0.015167
0.010323 0.014500
0.010310 0.010864
0.010300 0.011086
0.010279 0.011757
0.010207 0.012473
0.010175 0.012510
0.010167 0.016257
0.010163 0.011027
0.010157 0.011607
0.010143 0.012500
0.010133 0.012269
0.010132 0.012795
0.010127 0.013007
0.010123 0.010701
0.010110 0.013099
0.010110 0.014016
0.010101 0.010772
0.010094 0.010163
0.010090 0.010465
0.010086 0.017088
0.010071 0.011875
0.010060 0.011427
0.010028 0.010086
0.010027 0.010267
0.010022 0.015471
0.010020 0.010152
0.010014 0.010251
0.010013 0.016597
0.010001 0.010042
0.009984 0.012993
0.009971 0.010237
0.009970 0.014636
0.009963 0.012146
0.009959 0.010241
0.009956 0.012119
0.009952 0.013638
0.009943 0.010802
0.009930 0.010704
0.009929 0.009972
0.009928 0.014269
0.009921 0.013225
0.009905 0.015163
0.009892 0.014007
0.009873 0.022861
0.009859 0.014044
0.009826 0.010284
0.009825 0.009992
0.009811 0.009948
0.009811 0.012371
0.009794 0.013505
0.009791 0.009962
0.009790 0.011792
0.009773 0.012337
0.009769 0.010924
0.009764 0.014666
0.009764 0.011725
0.009758 0.012367
0.009740 0.012004
0.009728 0.014066
0.009725 0.015493
0.009724 0.015495
0.009718 0.011137
0.009699 0.019635
0.009698 0.010970
0.009692 0.012298
0.009691 0.011612
0.009685 0.011420
0.009685 0.015402
0.009682 0.010174
0.009676 0.013813
0.009667 0.012888
0.009665 0.020570
0.009663 0.012400
0.009660 0.012388
0.009647 0.011894
0.009639 0.015795
0.009636 0.011139
0.009636 0.014914
0.009636 0.012326
0.009628 0.009644
0.009624 0.017150
0.009613 0.014216
0.009608 0.010791
0.009605 0.011227
0.009602 0.014649
0.009592 0.009711
0.009579 0.011707
0.009571 0.021002
0.009558 0.009646
0.009543 0.010938
0.009541 0.012842
0.009524 0.009718
0.009523 0.009797
0.009514 0.010476
0.009513 0.010375
0.009503 0.010036
0.009503 0.011064
0.009496 0.009859
0.009487 0.010354
0.009485 0.011147
0.009481 0.015702
0.009460 0.009711
0.009447 0.011217
0.009427 0.010285
0.009425 0.013519
0.009415 0.009734
0.009411 0.009693
0.009403 0.009512
0.009395 0.014399
0.009389 0.010009
0.009374 0.013013
0.009367 0.012087
0.009361 0.009943
0.009347 0.009578
0.009341 0.010250
0.009339 0.009343
0.009328 0.010113
0.009312 0.009608
0.009290 0.009900
0.009281 0.009578
0.009280 0.012038
0.009276 0.009690
0.009274 0.013721
0.009269 0.014047
0.009268 0.012041
0.009263 0.015163
0.009259 0.010671
0.009255 0.009591
0.009246 0.010688
0.009241 0.009913
0.009218 0.009585
0.009210 0.009400
0.009209 0.012205
0.009204 0.009960
0.009203 0.010723
0.009203 0.014416
0.009196 0.011772
0.009190 0.009673
0.009180 0.009416
0.009169 0.010339
0.009166 0.010681
0.009166 0.010390
0.009164 0.016089
0.009162 0.013278
0.009155 0.009254
0.009148 0.009590
0.009147 0.013121
0.009144 0.009620
0.009139 0.009471
0.009125 0.009424
0.009116 0.019735
0.009113 0.010895
0.009109 0.009732
0.009106 0.009272
0.009098 0.009939
0.009089 0.010411
0.009083 0.011592
0.009083 0.018037
0.009064 0.012944
0.009061 0.009494
0.009057 0.010443
0.009056 0.011389
0.009051 0.010308
0.009048 0.011497
0.009046 0.009299
0.009042 0.015330
0.009033 0.010079
0.009033 0.010020
0.009022 0.010354
0.009013 0.011307
0.009005 0.009053
0.009002 0.010028
0.009001 0.012771
0.008982 0.009672
0.008973 0.010270
0.008971 0.010887
0.008956 0.009480
0.008915 0.011843
0.008890 0.010284
0.008881 0.009815
0.008879 0.009321
0.008877 0.013581
0.008876 0.009554
0.008870 0.014942
0.008851 0.011588
0.008849 0.010005
0.008840 0.012050
0.008833 0.012894
0.008826 0.011519
0.008813 0.008996
0.008807 0.010506
0.008804 0.010664
0.008794 0.009767
0.008779 0.011469
0.008777 0.008907
0.008772 0.012574
0.008766 0.010560
0.008764 0.011232
0.008763 0.010571
0.008757 0.018569
0.008748 0.009053
0.008744 0.009317
0.008742 0.013171
0.008734 0.011911
0.008733 0.009170
0.008720 0.009463
0.008717 0.010895
0.008711 0.008934
0.008698 0.009451
0.008693 0.009445
0.008687 0.013583
0.008686 0.011858
0.008677 0.009932
0.008669 0.011934
0.008668 0.010607
0.008651 0.014613
0.008647 0.010139
0.008643 0.009006
0.008640 0.010223
0.008630 0.009980
0.008596 0.008743
0.008580 0.012567
0.008573 0.013763
0.008553 0.009802
0.008552 0.009188
0.008551 0.008926
0.008549 0.008940
0.008537 0.013094
0.008525 0.012156
0.008517 0.009946
0.008513 0.009727
0.008513 0.008601
0.008498 0.008902
0.008488 0.008803
0.008479 0.011038
0.008479 0.009775
0.008471 0.008507
0.008470 0.010392
0.008466 0.010427
0.008457 0.008683
0.008443 0.009333
0.008441 0.015962
0.008439 0.013927
0.008435 0.010122
0.008434 0.012186
0.008430 0.008819
0.008414 0.010841
0.008409 0.008794
0.008390 0.009969
0.008385 0.010271
0.008379 0.009517
0.008379 0.010115
0.008366 0.015885
0.008347 0.009915
0.008346 0.012412
0.008340 0.009827
0.008337 0.011359
0.008333 0.008858
0.008330 0.020665
0.008328 0.008769
0.008327 0.009619
0.008317 0.008785
0.008297 0.008351
0.008290 0.009894
0.008288 0.010444
0.008285 0.010801
0.008276 0.008650
0.008276 0.012271
0.008276 0.013250
0.008273 0.009300
0.008262 0.009999
0.008261 0.008556
0.008256 0.008378
0.008255 0.009057
0.008252 0.008457
0.008248 0.008654
0.008243 0.009165
0.008236 0.011739
0.008231 0.011481
0.008223 0.008519
0.008198 0.010507
0.008197 0.008502
0.008194 0.009307
0.008190 0.009451
0.008177 0.008812
0.008177 0.010958
0.008162 0.010911
0.008162 0.011284
0.008156 0.014810
0.008154 0.008241
0.008149 0.008458
0.008140 0.008301
0.008136 0.009551
0.008133 0.008324
0.008130 0.013857
0.008122 0.008173
0.008121 0.008122
0.008102 0.008853
0.008087 0.010867
0.008073 0.009191
0.008071 0.011111
0.008060 0.011361
0.008056 0.008347
0.008055 0.008460
0.008036 0.008501
0.008036 0.008973
0.008031 0.010359
0.008027 0.014118
0.008025 0.008062
0.008024 0.009281
0.008017 0.011029
0.008014 0.010710
0.008013 0.010422
0.007995 0.009142
0.007994 0.014286
0.007981 0.010777
0.007981 0.009035
0.007965 0.014444
0.007962 0.008880
0.007956 0.008816
0.007950 0.008043
0.007943 0.008818
0.007933 0.010775
0.007915 0.008135
0.007906 0.009658
0.007900 0.012806
0.007894 0.013397
0.007890 0.016525
0.007881 0.008093
0.007880 0.012158
0.007877 0.009768
0.007873 0.009021
0.007871 0.008181
0.007867 0.015025
0.007863 0.009316
0.007859 0.007939
0.007856 0.008716
0.007853 0.009197
0.007851 0.010868
0.007832 0.010159
0.007824 0.011474
0.007820 0.007861
0.007806 0.007849
0.007797 0.013905
0.007793 0.014703
0.007785 0.011913
0.007775 0.009994
0.007744 0.016667
0.007744 0.008076
0.007743 0.008951
0.007741 0.013504
0.007736 0.009603
0.007735 0.007834
0.007734 0.008206
0.007729 0.009734
0.007727 0.008655
0.007702 0.010656
0.007697 0.007735
0.007691 0.008517
0.007686 0.008804
0.007685 0.008356
0.007678 0.007773
0.007670 0.008548
0.007665 0.009041
0.007663 0.011606
0.007655 0.008670
0.007651 0.007928
0.007639 0.008942
0.007637 0.015701
0.007632 0.007928
0.007608 0.007934
0.007598 0.014161
0.007585 0.009204
0.007581 0.010319
0.007578 0.008444
0.007578 0.009722
0.007577 0.010192
0.007572 0.008107
0.007571 0.007605
0.007569 0.007650
0.007567 0.009684
0.007566 0.014124
0.007564 0.012703
0.007560 0.013106
0.007558 0.009369
0.007554 0.007862
0.007554 0.008385
0.007543 0.015844
0.007537 0.008969
0.007532 0.010835
0.007530 0.009544
0.007522 0.009285
0.007521 0.007666
0.007516 0.017907
0.007515 0.008475
0.007500 0.007887
0.007500 0.008605
0.007495 0.008133
0.007487 0.008545
0.007484 0.007927
0.007479 0.007853
0.007477 0.012664
0.007475 0.009062
0.007470 0.009114
0.007469 0.007528
0.007458 0.008590
0.007450 0.013088
0.007443 0.008101
0.007432 0.008029
0.007426 0.012246
0.007413 0.008001
0.007411 0.007456
0.007408 0.011183
0.007406 0.009913
0.007405 0.008292
0.007400 0.009516
0.007396 0.009555
0.007390 0.009030
0.007375 0.007451
0.007370 0.008750
0.007369 0.008307
0.007368 0.009366
0.007364 0.007371
0.007364 0.007569
0.007363 0.012074
0.007362 0.010213
0.007362 0.008938
0.007356 0.011098
0.007356 0.009367
0.007354 0.008635
0.007341 0.007344
0.007321 0.009255
0.007313 0.011795
0.007309 0.008318
0.007308 0.008029
0.007307 0.007605
0.007300 0.012260
0.007298 0.008805
0.007298 0.010583
0.007287 0.008680
0.007280 0.008093
0.007271 0.008927
0.007259 0.013883
0.007258 0.008255
0.007255 0.010795
0.007253 0.010384
0.007235 0.008176
0.007228 0.010569
0.007224 0.007404
0.007223 0.007436
0.007222 0.007999
0.007220 0.010638
0.007217 0.008124
0.007214 0.010900
0.007212 0.007585
0.007209 0.007254
0.007205 0.007325
0.007201 0.008204
0.007184 0.007967
0.007183 0.007481
0.007182 0.008818
0.007179 0.009728
0.007177 0.010406
0.007175 0.007684
0.007173 0.009301
0.007168 0.008541
0.007164 0.007205
0.007163 0.008741
0.007162 0.008971
0.007157 0.010753
0.007157 0.008243
0.007154 0.007857
0.007151 0.007996
0.007144 0.007516
0.007138 0.010517
0.007125 0.007259
0.007118 0.014109
0.007105 0.007496
0.007101 0.007677
0.007100 0.009355
0.007098 0.007170
0.007091 0.007691
0.007088 0.008086
0.007072 0.009304
0.007065 0.007242
0.007062 0.008069
0.007058 0.007503
0.007056 0.008949
0.007052 0.013368
0.007048 0.007975
0.007047 0.008651
0.007045 0.007078
0.007041 0.008136
0.007036 0.009260
0.007031 0.007218
0.007030 0.009178
0.007030 0.010154
0.007025 0.014610
0.007024 0.007054
0.007024 0.007100
0.007023 0.007165
0.007018 0.007890
0.007018 0.008000
0.007011 0.008331
0.007011 0.007128
0.007006 0.012446
0.007004 0.007044
0.007002 0.008278
0.006994 0.011693
0.006991 0.009338
0.006981 0.007098
0.006980 0.007926
0.006974 0.007420
0.006974 0.007614
0.006967 0.008373
0.006964 0.007727
0.006963 0.009913
0.006952 0.007437
0.006948 0.009447
0.006947 0.006965
0.006943 0.010693
0.006929 0.008819
0.006926 0.013189
0.006926 0.009687
0.006922 0.008844
0.006917 0.007336
0.006917 0.008614
0.006910 0.009428
0.006909 0.007008
0.006906 0.008703
0.006902 0.014350
0.006901 0.006965
0.006897 0.008631
0.006897 0.007009
0.006897 0.009123
0.006894 0.007537
0.006893 0.007204
0.006887 0.008507
0.006883 0.007612
0.006878 0.009358
0.006877 0.008028
0.006872 0.007089
0.006871 0.008614
0.006869 0.007734
0.006867 0.007214
0.006867 0.006885
0.006857 0.010173
0.006847 0.006874
0.006831 0.007154
0.006822 0.006993
0.006814 0.007419
0.006813 0.008959
0.006802 0.007034
0.006800 0.008153
0.006798 0.006911
0.006794 0.009507
0.006783 0.008900
0.006778 0.007865
0.006778 0.006946
0.006774 0.007152
0.006772 0.010271
0.006770 0.007236
0.006766 0.008252
0.006766 0.008375
0.006764 0.010114
0.006764 0.011031
0.006761 0.013519
0.006759 0.008246
0.006753 0.007606
0.006748 0.010708
0.006747 0.011789
0.006746 0.007598
0.006739 0.007446
0.006738 0.006884
0.006732 0.008994
0.006731 0.009765
0.006724 0.009566
0.006703 0.008523
0.006697 0.007810
0.006693 0.006803
0.006689 0.007193
0.006687 0.007445
0.006686 0.008558
0.006685 0.008164
0.006683 0.007140
0.006673 0.007527
0.006672 0.014411
0.006661 0.013293
0.006657 0.006664
0.006653 0.009307
0.006647 0.010288
0.006644 0.008949
0.006641 0.009202
0.006641 0.007161
0.006641 0.008526
0.006640 0.007476
0.006639 0.007760
0.006637 0.007434
0.006636 0.008868
0.006636 0.010880
0.006632 0.007250
0.006619 0.008351
0.006616 0.007257
0.006611 0.006681
0.006607 0.009838
0.006606 0.012210
0.006604 0.007205
0.006604 0.006842
0.006599 0.007357
0.006591 0.012979
0.006588 0.006851
0.006582 0.006649
0.006574 0.006580
0.006570 0.007179
0.006560 0.007444
0.006557 0.006674
0.006557 0.007462
0.006555 0.006933
0.006552 0.007798
0.006548 0.006597
0.006537 0.007787
0.006535 0.006952
0.006535 0.007632
0.006529 0.006679
0.006528 0.007162
0.006522 0.006939
0.006504 0.006615
0.006497 0.007515
0.006497 0.007439
0.006491 0.008144
0.006482 0.007632
0.006481 0.009112
0.006472 0.007833
0.006471 0.007089
0.006470 0.009439
0.006467 0.009903
0.006463 0.011634
0.006460 0.009191
0.006459 0.006640
0.006459 0.007741
0.006456 0.007340
0.006455 0.013316
0.006449 0.006763
0.006449 0.006833
0.006440 0.006641
0.006440 0.009311
0.006437 0.006476
0.006435 0.006523
0.006429 0.007647
0.006427 0.006787
0.006427 0.006868
0.006417 0.007627
0.006416 0.007492
0.006414 0.007133
0.006413 0.006919
0.006412 0.008865
0.006410 0.007135
0.006405 0.008119
0.006404 0.007022
0.006397 0.006668
0.006393 0.006902
0.006386 0.006942
0.006386 0.011413
0.006385 0.007404
0.006383 0.007124
0.006383 0.006796
0.006379 0.007246
0.006368 0.006907
0.006354 0.008694
0.006352 0.007297
0.006351 0.007098
0.006348 0.007171
0.006341 0.007611
0.006341 0.006469
0.006337 0.007358
0.006334 0.006401
0.006331 0.006431
0.006327 0.006623
0.006323 0.011048
0.006320 0.007907
0.006316 0.008221
0.006306 0.007469
0.006305 0.012693
0.006305 0.006966
0.006291 0.006746
0.006289 0.007763
0.006284 0.007738
0.006284 0.007299
0.006271 0.007220
0.006269 0.007904
0.006267 0.007023
0.006261 0.007217
0.006255 0.006340
0.006254 0.007361
0.006249 0.007778
0.006249 0.007656
0.006238 0.007442
0.006235 0.006370
0.006230 0.007543
0.006224 0.007772
0.006223 0.006899
0.006223 0.012225
0.006219 0.006223
0.006218 0.008636
0.006216 0.008436
0.006213 0.006227
0.006212 0.008082
0.006207 0.010588
0.006205 0.011883
0.006205 0.007506
0.006197 0.007202
0.006196 0.010511
0.006186 0.006912
0.006177 0.009061
0.006170 0.006839
0.006161 0.006239
0.006154 0.006370
0.006145 0.006926
0.006141 0.009865
0.006139 0.010249
0.006137 0.006709
0.006133 0.006295
0.006130 0.007253
0.006129 0.006361
0.006126 0.006180
0.006120 0.007277
0.006119 0.006473
0.006117 0.012274
0.006115 0.008411
0.006112 0.010769
0.006112 0.007381
0.006112 0.010193
0.006111 0.006147
0.006108 0.006291
0.006107 0.010194
0.006107 0.007341
0.006104 0.006221
0.006104 0.006581
0.006091 0.007818
0.006090 0.008563
0.006089 0.007675
0.006087 0.012368
0.006079 0.009636
0.006069 0.011928
0.006065 0.006105
0.006061 0.006389
0.006058 0.006432
0.006052 0.009807
0.006051 0.006441
0.006050 0.011263
0.006048 0.012583
0.006045 0.008853
0.006044 0.006461
0.006042 0.006320
0.006040 0.007013
0.006037 0.006474
0.006035 0.008617
0.006034 0.009143
0.006033 0.007450
0.006031 0.009267
0.006027 0.006758
0.006018 0.009334
0.006013 0.007555
0.006005 0.006999
0.006000 0.006047
0.005999 0.007994
0.005999 0.006230
0.005996 0.007567
0.005995 0.011760
0.005992 0.006890
0.005988 0.006561
0.005987 0.007790
0.005986 0.006158
0.005981 0.007454
0.005978 0.012246
0.005977 0.008175
0.005962 0.006482
0.005957 0.006304
0.005950 0.006697
0.005949 0.008375
0.005945 0.007035
0.005944 0.005980
0.005928 0.006780
0.005919 0.007499
0.005917 0.006685
0.005913 0.006052
0.005912 0.007871
0.005911 0.008197
0.005908 0.008542
0.005908 0.005997
0.005906 0.007229
0.005906 0.011270
0.005904 0.007086
0.005899 0.006303
0.005898 0.008023
0.005897 0.006575
0.005882 0.005918
0.005880 0.010088
0.005877 0.006111
0.005869 0.011534
0.005868 0.006227
0.005868 0.009575
0.005868 0.006289
0.005866 0.006580
0.005865 0.006169
0.005863 0.006192
0.005861 0.006630
0.005858 0.007468
0.005855 0.006448
0.005851 0.010015
0.005848 0.012694
0.005845 0.006067
0.005843 0.006359
0.005842 0.005920
0.005841 0.005966
0.005840 0.007800
0.005835 0.006307
0.005834 0.006191
0.005829 0.007601
0.005828 0.007111
0.005826 0.006819
0.005824 0.006117
0.005823 0.006118
0.005812 0.006217
0.005809 0.009252
0.005808 0.008532
0.005807 0.009123
0.005805 0.006553
0.005803 0.006305
0.005803 0.006169
0.005802 0.006171
0.005787 0.007816
0.005784 0.007712
0.005783 0.009059
0.005783 0.009378
0.005781 0.007100
0.005779 0.005899
0.005777 0.008568
0.005771 0.006730
0.005759 0.006328
0.005753 0.006475
0.005752 0.007621
0.005745 0.008064
0.005743 0.007170
0.005742 0.006055
0.005738 0.006963
0.005733 0.006302
0.005727 0.005836
0.005726 0.006730
0.005724 0.007373
0.005724 0.008634
0.005722 0.005768
0.005721 0.008359
0.005708 0.007765
0.005705 0.006987
0.005705 0.005969
0.005703 0.006434
0.005703 0.005889
0.005702 0.005869
0.005702 0.007375
0.005699 0.006144
0.005696 0.009724
0.005695 0.005835
0.005694 0.005729
0.005690 0.006127
0.005688 0.007113
0.005686 0.006325
0.005678 0.008743
0.005670 0.005812
0.005668 0.008432
0.005668 0.007315
0.005662 0.006156
0.005657 0.008254
0.005655 0.006543
0.005651 0.005766
0.005650 0.008576
0.005649 0.006968
0.005644 0.006352
0.005640 0.006017
0.005639 0.005973
0.005636 0.006559
0.005636 0.005664
0.005634 0.006105
0.005634 0.006526
0.005634 0.007209
0.005622 0.007386
0.005620 0.005660
0.005614 0.007932
0.005612 0.008178
0.005603 0.006584
0.005603 0.005699
0.005601 0.009106
0.005599 0.006034
0.005598 0.005648
0.005590 0.008580
0.005590 0.006720
0.005586 0.005707
0.005584 0.007696
0.005576 0.009224
0.005575 0.005899
0.005569 0.005982
0.005568 0.005871
0.005564 0.005644
0.005564 0.006890
0.005560 0.006267
0.005558 0.009218
0.005558 0.007186
0.005558 0.005606
0.005556 0.008287
0.005556 0.005591
0.005554 0.012423
0.005546 0.005875
0.005544 0.006952
0.005538 0.006737
0.005537 0.006158
0.005533 0.007681
0.005530 0.005533
0.005529 0.005880
0.005529 0.006400
0.005519 0.007815
0.005511 0.006308
0.005508 0.006285
0.005504 0.006306
0.005499 0.005652
0.005498 0.006992
0.005496 0.006618
0.005494 0.012236
0.005491 0.007132
0.005481 0.005926
0.005470 0.009310
0.005469 0.006076
0.005469 0.006014
0.005469 0.007235
0.005467 0.005642
0.005466 0.005912
0.005465 0.006721
0.005459 0.008951
0.005458 0.005516
0.005456 0.006650
0.005446 0.006619
0.005445 0.008096
0.005434 0.007372
0.005433 0.005752
0.005433 0.006725
0.005428 0.007691
0.005427 0.005654
0.005425 0.006039
0.005421 0.007001
0.005415 0.006885
0.005414 0.010005
0.005414 0.005770
0.005412 0.005753
0.005402 0.007745
0.005398 0.007761
0.005397 0.005985
0.005388 0.005497
0.005388 0.005930
0.005383 0.005732
0.005381 0.005796
0.005368 0.009635
0.005363 0.006217
0.005362 0.006977
0.005361 0.005429
0.005358 0.005641
0.005356 0.009229
0.005355 0.005602
0.005344 0.005578
0.005337 0.008108
0.005332 0.007147
0.005325 0.007859
0.005321 0.005472
0.005317 0.007999
0.005313 0.005505
0.005310 0.005526
0.005310 0.006174
0.005307 0.009326
0.005302 0.006868
0.005301 0.007150
0.005298 0.006633
0.005291 0.010810
0.005290 0.006609
0.005289 0.006177
0.005289 0.005296
0.005286 0.005595
0.005284 0.008218
0.005277 0.005326
0.005269 0.005474
0.005258 0.006254
0.005256 0.005456
0.005254 0.007444
0.005254 0.006099
0.005252 0.006056
0.005250 0.005390
0.005248 0.005660
0.005247 0.005416
0.005245 0.005685
0.005242 0.005250
0.005242 0.005403
0.005242 0.006777
0.005236 0.007220
0.005229 0.006612
0.005229 0.007709
0.005222 0.008865
0.005221 0.007277
0.005220 0.008388
0.005219 0.005792
0.005210 0.005271
0.005209 0.006130
0.005205 0.006805
0.005201 0.005894
0.005199 0.010144
0.005197 0.005439
0.005191 0.006120
0.005185 0.006279
0.005185 0.005895
0.005173 0.005215
0.005172 0.005623
0.005171 0.005685
0.005164 0.006115
0.005164 0.005828
0.005153 0.005896
0.005151 0.005523
0.005146 0.005662
0.005143 0.006428
0.005136 0.006035
0.005132 0.005157
0.005132 0.005206
0.005121 0.007933
0.005119 0.005716
0.005118 0.007630
0.005110 0.008762
0.005108 0.006274
0.005103 0.007786
0.005103 0.007522
0.005101 0.006277
0.005098 0.005118
0.005097 0.006372
0.005097 0.006439
0.005091 0.005140
0.005090 0.005527
0.005089 0.006003
0.005088 0.006320
0.005087 0.005656
0.005086 0.005134
0.005080 0.005672
0.005073 0.005443
0.005070 0.008016
0.005060 0.005841
0.005057 0.005692
0.005055 0.005584
0.005052 0.006183
0.005044 0.005312
0.005037 0.005147
0.005037 0.005055
0.005028 0.012205
0.005027 0.006901
0.005021 0.005236
0.005019 0.005968
0.005009 0.005598
0.005009 0.005770
0.005005 0.013565
0.005002 0.005157
0.004996 0.005553
0.004995 0.005195
0.004994 0.005098
0.004990 0.005945
0.004989 0.007988
0.004987 0.005588
0.004986 0.006812
0.004977 0.006365
0.004974 0.006936
0.004971 0.005697
0.004960 0.008180
0.004955 0.007710
0.004954 0.005124
0.004953 0.005253
0.004952 0.006029
0.004949 0.006379
0.004947 0.005786
0.004943 0.005029
0.004942 0.005444
0.004941 0.007812
0.004940 0.011071
0.004927 0.005372
0.004916 0.005430
0.004912 0.004916
0.004908 0.008511
0.004907 0.005148
0.004906 0.005693
0.004905 0.006420
0.004903 0.006774
0.004881 0.004935
0.004880 0.005779
0.004878 0.006562
0.004877 0.006925
0.004876 0.005101
0.004875 0.007274
0.004870 0.005736
0.004869 0.005001
0.004867 0.005717
0.004860 0.008235
0.004858 0.005520
0.004856 0.009363
0.004850 0.005133
0.004850 0.006284
0.004847 0.005083
0.004846 0.008082
0.004845 0.006311
0.004840 0.005467
0.004831 0.007823
0.004826 0.006667
0.004826 0.008383
0.004825 0.005666
0.004824 0.008881
0.004818 0.005961
0.004818 0.005870
0.004809 0.005042
0.004806 0.009251
0.004805 0.005591
0.004801 0.007862
0.004800 0.006245
0.004800 0.004894
0.004797 0.005238
0.004795 0.006943
0.004794 0.005423
0.004780 0.006084
0.004779 0.005217
0.004777 0.004785
0.004774 0.004813
0.004773 0.010089
0.004773 0.005273
0.004770 0.005046
0.004764 0.008867
0.004764 0.006914
0.004763 0.005706
0.004762 0.005251
0.004762 0.005693
0.004759 0.005304
0.004748 0.005199
0.004743 0.005232
0.004741 0.005436
0.004731 0.008607
0.004726 0.004848
0.004726 0.005001
0.004720 0.005130
0.004715 0.005070
0.004711 0.006558
0.004707 0.007486
0.004707 0.004872
0.004706 0.005245
0.004706 0.004799
0.004705 0.004774
0.004704 0.006015
0.004702 0.004753
0.004701 0.010809
0.004699 0.006588
0.004698 0.004754
0.004698 0.008740
0.004697 0.004766
0.004694 0.005689
0.004691 0.005979
0.004689 0.007640
0.004685 0.004750
0.004677 0.005089
0.004666 0.011003
0.004665 0.005439
0.004665 0.004877
0.004660 0.006926
0.004658 0.007916
0.004658 0.004751
0.004654 0.005067
0.004652 0.006706
0.004643 0.004715
0.004637 0.004706
0.004635 0.005119
0.004635 0.005262
0.004631 0.005613
0.004625 0.006324
0.004618 0.004766
0.004618 0.004752
0.004608 0.004647
0.004600 0.005888
0.004595 0.006145
0.004591 0.006437
0.004589 0.006093
0.004585 0.004928
0.004584 0.006586
0.004584 0.008337
0.004579 0.004833
0.004577 0.005305
0.004573 0.005213
0.004566 0.005330
0.004566 0.005603
0.004553 0.004657
0.004553 0.005120
0.004549 0.004807
0.004547 0.004936
0.004547 0.004759
0.004546 0.004787
0.004544 0.005109
0.004543 0.005371
0.004542 0.004772
0.004530 0.008289
0.004525 0.008822
0.004521 0.004927
0.004510 0.004682
0.004509 0.004591
0.004507 0.004964
0.004502 0.005196
0.004492 0.005780
0.004489 0.004535
0.004487 0.005174
0.004485 0.005335
0.004484 0.006112
0.004483 0.009167
0.004478 0.005245
0.004475 0.004956
0.004471 0.005309
0.004470 0.011648
0.004467 0.005045
0.004466 0.006092
0.004456 0.004524
0.004455 0.004817
0.004454 0.004566
0.004454 0.005683
0.004446 0.004738
0.004445 0.004460
0.004444 0.005286
0.004444 0.004597
0.004440 0.006241
0.004433 0.005044
0.004433 0.004625
0.004429 0.007845
0.004424 0.007104
0.004418 0.004883
0.004416 0.004500
0.004415 0.008573
0.004415 0.004881
0.004412 0.006873
0.004408 0.007274
0.004403 0.006772
0.004396 0.007511
0.004396 0.005796
0.004387 0.005591
0.004387 0.004609
0.004378 0.005287
0.004376 0.004822
0.004368 0.008531
0.004368 0.004527
0.004364 0.004515
0.004355 0.005749
0.004353 0.004628
0.004349 0.005136
0.004348 0.004418
0.004344 0.004425
0.004342 0.005141
0.004341 0.004508
0.004334 0.004690
0.004334 0.004607
0.004333 0.006967
0.004329 0.004405
0.004329 0.004332
0.004325 0.006108
0.004325 0.007502
0.004322 0.009284
0.004320 0.005014
0.004319 0.006273
0.004317 0.004447
0.004314 0.005022
0.004312 0.004716
0.004309 0.006228
0.004308 0.004538
0.004307 0.004517
0.004307 0.004813
0.004306 0.005474
0.004306 0.004420
0.004305 0.007500
0.004293 0.006119
0.004293 0.006112
0.004290 0.004666
0.004285 0.004690
0.004283 0.005251
0.004283 0.004802
0.004282 0.004894
0.004281 0.004302
0.004274 0.007010
0.004273 0.005273
0.004272 0.004544
0.004269 0.006106
0.004269 0.006022
0.004268 0.005735
0.004265 0.005142
0.004264 0.004376
0.004264 0.004697
0.004262 0.004476
0.004259 0.005971
0.004257 0.004584
0.004257 0.005524
0.004252 0.005200
0.004251 0.004611
0.004249 0.004915
0.004248 0.004623
0.004245 0.004640
0.004243 0.004712
0.004242 0.005556
0.004242 0.004647
0.004241 0.005252
0.004239 0.004349
0.004236 0.006773
0.004232 0.004591
0.004231 0.010105
0.004229 0.009054
0.004221 0.007186
0.004220 0.005493
0.004219 0.007285
0.004213 0.004275
0.004209 0.004981
0.004207 0.004942
0.004207 0.004951
0.004207 0.005517
0.004204 0.007312
0.004201 0.005916
0.004197 0.004560
0.004197 0.005611
0.004194 0.005211
0.004188 0.004626
0.004187 0.004688
0.004184 0.005082
0.004182 0.004543
0.004180 0.004572
0.004175 0.004581
0.004174 0.005241
0.004168 0.004198
0.004168 0.006359
0.004164 0.004717
0.004163 0.005064
0.004161 0.004628
0.004160 0.004870
0.004158 0.004299
0.004158 0.004572
0.004149 0.006879
0.004148 0.006952
0.004147 0.005264
0.004140 0.005528
0.004140 0.004925
0.004139 0.006374
0.004138 0.004281
0.004128 0.004511
0.004127 0.006585
0.004125 0.006978
0.004125 0.008295
0.004108 0.007273
0.004104 0.004369
0.004101 0.004381
0.004100 0.005793
0.004099 0.005913
0.004098 0.004890
0.004096 0.007154
0.004095 0.004345
0.004093 0.004165
0.004092 0.004947
0.004087 0.004418
0.004086 0.005405
0.004079 0.007027
0.004079 0.004292
0.004076 0.004369
0.004073 0.004505
0.004066 0.005692
0.004065 0.007641
0.004065 0.006900
0.004056 0.005305
0.004055 0.004292
0.004054 0.004733
0.004053 0.005107
0.004050 0.005437
0.004050 0.004672
0.004048 0.006086
0.004047 0.006018
0.004045 0.005884
0.004039 0.004332
0.004038 0.004078
0.004036 0.004692
0.004034 0.005210
0.004033 0.004319
0.004033 0.004250
0.004020 0.004659
0.004008 0.004828
0.004004 0.007064
0.004002 0.004777
0.003992 0.005726
0.003990 0.004468
0.003987 0.006296
0.003987 0.005301
0.003978 0.004573
0.003976 0.005012
0.003974 0.004580
0.003973 0.004400
0.003971 0.004365
0.003968 0.005061
0.003967 0.006278
0.003959 0.006648
0.003958 0.004862
0.003956 0.006267
0.003955 0.004985
0.003955 0.005452
0.003954 0.009065
0.003952 0.004200
0.003943 0.005335
0.003939 0.005233
0.003936 0.004111
0.003934 0.005067
0.003928 0.007443
0.003926 0.006780
0.003922 0.004233
0.003919 0.005528
0.003918 0.006798
0.003913 0.004023
0.003911 0.004633
0.003908 0.005203
0.003904 0.005759
0.003902 0.003936
0.003900 0.003923
0.003900 0.004143
0.003895 0.006280
0.003893 0.004809
0.003881 0.004570
0.003881 0.005726
0.003871 0.005973
0.003870 0.003881
0.003868 0.005600
0.003863 0.007525
0.003860 0.004781
0.003859 0.006980
0.003858 0.006725
0.003855 0.004205
0.003852 0.003858
0.003852 0.004903
0.003852 0.004057
0.003848 0.005160
0.003842 0.004188
0.003837 0.004296
0.003832 0.004973
0.003828 0.005313
0.003827 0.003937
0.003823 0.004740
0.003823 0.003975
0.003820 0.003828
0.003809 0.004248
0.003808 0.003866
0.003806 0.004361
0.003804 0.004446
0.003798 0.004350
0.003793 0.005205
0.003791 0.005521
0.003787 0.005650
0.003785 0.006208
0.003784 0.007117
0.003781 0.005923
0.003778 0.004195
0.003778 0.006575
0.003776 0.004192
0.003768 0.006105
0.003766 0.007503
0.003762 0.004794
0.003755 0.004308
0.003755 0.004247
0.003747 0.003953
0.003743 0.004172
0.003741 0.006589
0.003740 0.003756
0.003738 0.004458
0.003734 0.005755
0.003732 0.004318
0.003729 0.004381
0.003728 0.004586
0.003726 0.003899
0.003725 0.006725
0.003721 0.004274
0.003718 0.003973
0.003718 0.005320
0.003714 0.003717
0.003705 0.005641
0.003703 0.004063
0.003702 0.005822
0.003699 0.003857
0.003697 0.005027
0.003695 0.003797
0.003694 0.004781
0.003693 0.004023
0.003692 0.003692
0.003683 0.004385
0.003679 0.005150
0.003675 0.004420
0.003675 0.006564
0.003673 0.004144
0.003671 0.005021
0.003670 0.003792
0.003667 0.005617
0.003663 0.004719
0.003658 0.004077
0.003657 0.004090
0.003656 0.008345
0.003655 0.004095
0.003655 0.003960
0.003655 0.007885
0.003652 0.003764
0.003646 0.005022
0.003645 0.009403
0.003644 0.003891
0.003637 0.003678
0.003635 0.004095
0.003634 0.003713
0.003634 0.004565
0.003622 0.005961
0.003620 0.004927
0.003619 0.003753
0.003617 0.007997
0.003616 0.003857
0.003615 0.005237
0.003611 0.003915
0.003608 0.003990
0.003603 0.004743
0.003601 0.005188
0.003597 0.004243
0.003589 0.005148
0.003579 0.008398
0.003577 0.004619
0.003572 0.004963
0.003570 0.003733
0.003567 0.005367
0.003567 0.007140
0.003566 0.005474
0.003558 0.003829
0.003555 0.004188
0.003549 0.006871
0.003549 0.004097
0.003548 0.004071
0.003546 0.003683
0.003545 0.004443
0.003543 0.004129
0.003533 0.004728
0.003522 0.004399
0.003522 0.003732
0.003519 0.003536
0.003517 0.004056
0.003516 0.003698
0.003511 0.005484
0.003511 0.003671
0.003506 0.003849
0.003504 0.005440
0.003498 0.004386
0.003489 0.004311
0.003488 0.004764
0.003484 0.005998
0.003479 0.003945
0.003474 0.003690
0.003472 0.003877
0.003461 0.004281
0.003452 0.004779
0.003452 0.003473
0.003443 0.006254
0.003439 0.003469
0.003438 0.004009
0.003435 0.004223
0.003429 0.005685
0.003427 0.003741
0.003426 0.006597
0.003426 0.003826
0.003421 0.003573
0.003418 0.005120
0.003415 0.005229
0.003409 0.003504
0.003407 0.004331
0.003403 0.003901
0.003402 0.004457
0.003399 0.003758
0.003397 0.003592
0.003383 0.004323
0.003374 0.004068
0.003367 0.003878
0.003363 0.003969
0.003360 0.005173
0.003360 0.005416
0.003352 0.003884
0.003330 0.003701
0.003329 0.006041
0.003323 0.004245
0.003320 0.004127
0.003318 0.003906
0.003317 0.005917
0.003316 0.003663
0.003312 0.006172
0.003309 0.003385
0.003304 0.004697
0.003295 0.005471
0.003295 0.003397
0.003294 0.004093
0.003292 0.003311
0.003288 0.004521
0.003286 0.003391
0.003285 0.003935
0.003281 0.004462
0.003276 0.003713
0.003276 0.003695
0.003275 0.004247
0.003271 0.003324
0.003268 0.003786
0.003256 0.003257
0.003251 0.006706
0.003249 0.003250
0.003249 0.003403
0.003242 0.005355
0.003241 0.005512
0.003215 0.004218
0.003212 0.004693
0.003205 0.003880
0.003203 0.003329
0.003196 0.003935
0.003195 0.003227
0.003195 0.003607
0.003182 0.005382
0.003181 0.003385
0.003179 0.003449
0.003178 0.003871
0.003173 0.003187
0.003172 0.003431
0.003169 0.003961
0.003167 0.004121
0.003166 0.004657
0.003156 0.003294
0.003152 0.003689
0.003147 0.003236
0.003144 0.003424
0.003142 0.003884
0.003131 0.003836
0.003129 0.003998
0.003125 0.004067
0.003125 0.003451
0.003121 0.005141
0.003116 0.003578
0.003114 0.003157
0.003109 0.005945
0.003107 0.005187
0.003104 0.003968
0.003100 0.003805
0.003099 0.003166
0.003093 0.003290
0.003091 0.004573
0.003088 0.003094
0.003087 0.003371
0.003084 0.003460
0.003074 0.003698
0.003066 0.003823
0.003055 0.003377
0.003054 0.003964
0.003049 0.003494
0.003048 0.003053
0.003040 0.003650
0.003039 0.003663
0.003039 0.003626
0.003032 0.003686
0.003031 0.004424
0.002999 0.003156
0.002995 0.003387
0.002993 0.003686
0.002973 0.003701
0.002968 0.003516
0.002967 0.003077
0.002966 0.006516
0.002965 0.003429
0.002961 0.003694
0.002957 0.003340
0.002954 0.003288
0.002948 0.003302
0.002937 0.003344
0.002930 0.003248
0.002922 0.003087
0.002917 0.003273
0.002909 0.003952
0.002908 0.002913
0.002898 0.005475
0.002894 0.003770
0.002894 0.004159
0.002892 0.003314
0.002882 0.004174
0.002876 0.002938
0.002876 0.002953
0.002875 0.002917
0.002867 0.002913
0.002859 0.003706
0.002857 0.003083
0.002853 0.003800
0.002838 0.003067
0.002834 0.002947
0.002827 0.002890
0.002802 0.003731
0.002778 0.003643
0.002776 0.002931
0.002760 0.003550
0.002758 0.003482
0.002756 0.003162
0.002746 0.003725
0.002743 0.002921
0.002742 0.004108
0.002741 0.004300
0.002733 0.004185
0.002729 0.002784
0.002723 0.002851
0.002714 0.002762
0.002701 0.002765
0.002698 0.005451
0.002692 0.003591
0.002679 0.003130
0.002668 0.003451
0.002666 0.005282
0.002622 0.002802
0.002617 0.002645
0.002612 0.003305
0.002607 0.004568
0.002602 0.003556
0.002596 0.002612
0.002595 0.003265
0.002592 0.003083
0.002584 0.002689
0.002584 0.003291
0.002573 0.002625
0.002552 0.004917
0.002549 0.002630
0.002546 0.002687
0.002543 0.002638
0.002533 0.003125
0.002527 0.002968
0.002520 0.003615
0.002509 0.003035
0.002504 0.003393
0.002501 0.002598
0.002499 0.003920
0.002492 0.002798
0.002475 0.002508
0.002471 0.002597
0.002469 0.003423
0.002456 0.002456
0.002450 0.003463
0.002442 0.002836
0.002422 0.002607
0.002409 0.002433
0.002401 0.002838
0.002398 0.002404
0.002384 0.002420
0.002378 0.002645
0.002361 0.002430
0.002358 0.002670
0.002355 0.002493
0.002351 0.002649
0.002345 0.002620
0.002344 0.002514
0.002327 0.002792
0.002311 0.002498
0.002290 0.002531
0.002289 0.002366
0.002275 0.002933
0.002229 0.002424
0.002224 0.002284
0.002200 0.002312
0.002194 0.002296
0.002166 0.002241
0.002126 0.003032
0.002110 0.002612
0.002103 0.002557
0.002100 0.002328
0.002046 0.002444
0.002030 0.002375
0.002024 0.002171
0.002005 0.002082
0.001994 0.002166
0.001956 0.002062
0.001922 0.002567
0.001911 0.002057
0.001867 0.001964
0.001855 0.002170
0.001850 0.003669
0.001837 0.002084
0.001782 0.001893
0.001781 0.002117
0.001748 0.002256
0.001691 0.001730
0.001684 0.001688
0.001669 0.001788
0.001664 0.001896
0.001630 0.001784
0.001581 0.001641
0.001509 0.001771
0.001426 0.001446
0.001415 0.001440
0.001374 0.001572
