0.195731 0.197226
0.170718 0.198568
0.120751 0.122608
0.116018 0.123479
0.110643 0.112320
0.109755 0.129007
0.089100 0.115935
0.084833 0.090028
0.082387 0.108399
0.081627 0.083705
0.080525 0.085287
0.077947 0.094120
0.077260 0.087361
0.076333 0.079599
0.073108 0.074957
0.069139 0.071112
0.065594 0.086499
0.061269 0.069366
0.059575 0.064346
0.059120 0.062075
0.058558 0.085082
0.056759 0.066873
0.053200 0.054826
0.048881 0.051153
0.048864 0.049824
0.047753 0.057675
0.047658 0.049936
0.045303 0.048694
0.043463 0.064030
0.042859 0.058249
0.042657 0.047345
0.042175 0.049637
0.040448 0.048531
0.039901 0.041093
0.039825 0.040805
0.039528 0.048132
0.039348 0.040334
0.038987 0.046366
0.038833 0.054105
0.038633 0.050983
0.038626 0.044964
0.038622 0.068643
0.038462 0.048117
0.038378 0.039442
0.038373 0.047491
0.038358 0.038844
0.038294 0.040467
0.038208 0.065601
0.037723 0.055269
0.037552 0.042733
0.037426 0.041726
0.036811 0.074349
0.036763 0.040873
0.036688 0.037509
0.036517 0.037520
0.036503 0.046600
0.036015 0.037707
0.035817 0.044294
0.035323 0.048537
0.035317 0.036988
0.035112 0.042618
0.034587 0.038187
0.034254 0.039806
0.034243 0.034733
0.034103 0.037553
0.033565 0.034513
0.033550 0.033996
0.033432 0.041360
0.033407 0.035684
0.033376 0.053542
0.033319 0.033646
0.033307 0.035913
0.033107 0.033155
0.033066 0.036425
0.032740 0.044369
0.032401 0.050703
0.032354 0.043530
0.032256 0.055684
0.032220 0.032548
0.032214 0.032567
0.032154 0.032569
0.032144 0.046171
0.031980 0.047160
0.031937 0.032043
0.031888 0.033301
0.031683 0.035090
0.031558 0.036926
0.031504 0.040125
0.031458 0.038278
0.031409 0.033403
0.031285 0.078876
0.031133 0.032464
0.030969 0.032276
0.030954 0.035516
0.030877 0.034072
0.030858 0.035561
0.030707 0.035716
0.030678 0.031609
0.030199 0.034926
0.030182 0.040448
0.030047 0.049401
0.029745 0.035577
0.029638 0.032873
0.029620 0.039379
0.029600 0.034600
0.029573 0.033484
0.029522 0.029896
0.029519 0.030701
0.029386 0.035597
0.029344 0.032473
0.029188 0.033401
0.029157 0.029438
0.029150 0.029769
0.029101 0.029468
0.028991 0.043433
0.028958 0.036274
0.028769 0.040301
0.028631 0.037751
0.028605 0.029466
0.028506 0.034679
0.028376 0.029947
0.028317 0.035271
0.028124 0.028921
0.028047 0.029205
0.027936 0.032143
0.027799 0.030930
0.027785 0.031781
0.027753 0.028248
0.027707 0.027969
0.027629 0.034030
0.027419 0.028980
0.027409 0.030624
0.027273 0.030663
0.027249 0.036314
0.027183 0.045670
0.026983 0.036274
0.026973 0.029273
0.026939 0.027869
0.026910 0.031318
0.026893 0.030162
0.026891 0.034693
0.026890 0.027120
0.026837 0.032984
0.026805 0.044327
0.026750 0.028953
0.026721 0.030470
0.026662 0.031860
0.026653 0.030947
0.026653 0.036632
0.026623 0.027661
0.026589 0.035813
0.026582 0.029271
0.026575 0.027751
0.026464 0.029192
0.026437 0.035129
0.026405 0.030598
0.026358 0.026484
0.026292 0.033994
0.026246 0.033716
0.026207 0.027679
0.026092 0.031456
0.026078 0.028185
0.025963 0.029659
0.025859 0.027286
0.025857 0.026459
0.025840 0.031502
0.025763 0.029707
0.025700 0.039802
0.025675 0.028176
0.025627 0.029887
0.025623 0.028336
0.025606 0.029174
0.025507 0.026986
0.025476 0.028798
0.025469 0.029324
0.025410 0.030657
0.025402 0.028798
0.025396 0.032674
0.025395 0.025836
0.025368 0.027547
0.025352 0.034342
0.025293 0.028191
0.025053 0.030023
0.025039 0.026469
0.024969 0.029037
0.024860 0.029572
0.024848 0.044194
0.024816 0.024909
0.024779 0.030690
0.024602 0.032662
0.024531 0.027794
0.024418 0.040265
0.024394 0.028136
0.024187 0.040152
0.024095 0.032816
0.024086 0.024720
0.024038 0.027417
0.024020 0.050718
0.023979 0.025643
0.023926 0.024621
0.023882 0.028557
0.023837 0.025326
0.023830 0.028940
0.023803 0.026103
0.023782 0.039945
0.023688 0.029334
0.023670 0.038625
0.023620 0.027314
0.023471 0.031284
0.023355 0.057147
0.023240 0.024352
0.023189 0.034485
0.023125 0.028036
0.023116 0.028542
0.023028 0.025311
0.022974 0.027340
0.022956 0.023135
0.022956 0.039269
0.022954 0.023809
0.022888 0.024882
0.022886 0.025571
0.022859 0.023596
0.022822 0.025195
0.022808 0.030313
0.022671 0.025100
0.022669 0.029196
0.022646 0.026895
0.022637 0.025022
0.022554 0.023189
0.022538 0.031200
0.022505 0.024930
0.022477 0.024630
0.022472 0.024351
0.022449 0.029830
0.022418 0.023975
0.022413 0.025790
0.022407 0.034480
0.022332 0.022846
0.022329 0.023643
0.022307 0.023735
0.022249 0.024389
0.022195 0.024513
0.022187 0.028292
0.022173 0.025317
0.022168 0.027166
0.022145 0.041992
0.022129 0.028571
0.022112 0.022451
0.022086 0.041017
0.022079 0.023889
0.022054 0.027637
0.022015 0.025689
0.021976 0.028320
0.021919 0.024470
0.021898 0.026452
0.021889 0.022842
0.021872 0.023921
0.021866 0.027797
0.021838 0.023571
0.021818 0.024293
0.021814 0.053216
0.021797 0.024347
0.021772 0.025010
0.021685 0.024735
0.021682 0.021905
0.021653 0.025926
0.021642 0.032806
0.021631 0.028589
0.021612 0.035012
0.021560 0.021797
0.021500 0.024877
0.021478 0.034455
0.021465 0.025146
0.021452 0.031745
0.021446 0.025197
0.021410 0.022257
0.021401 0.031232
0.021372 0.039256
0.021302 0.022239
0.021279 0.027771
0.021275 0.021518
0.021243 0.023831
0.021231 0.022988
0.021218 0.030948
0.021218 0.044436
0.021218 0.022459
0.021207 0.034289
0.021206 0.024296
0.021180 0.022417
0.021168 0.024332
0.021075 0.032758
0.021060 0.023852
0.021054 0.024681
0.021052 0.022770
0.021028 0.022736
0.021013 0.024092
0.021011 0.024259
0.020990 0.035560
0.020988 0.023988
0.020969 0.028334
0.020967 0.030676
0.020944 0.027023
0.020896 0.025617
0.020880 0.030667
0.020849 0.025430
0.020840 0.022739
0.020800 0.024769
0.020763 0.023853
0.020755 0.022816
0.020696 0.022010
0.020684 0.049174
0.020637 0.021435
0.020606 0.022094
0.020585 0.023642
0.020566 0.026244
0.020565 0.034156
0.020549 0.024781
0.020513 0.025251
0.020495 0.029025
0.020493 0.021324
0.020479 0.022910
0.020454 0.027086
0.020420 0.029900
0.020419 0.020427
0.020417 0.029262
0.020405 0.028732
0.020385 0.022243
0.020343 0.027366
0.020295 0.029959
0.020236 0.020849
0.020236 0.020416
0.020229 0.021813
0.020211 0.026169
0.020195 0.037402
0.020187 0.025925
0.020141 0.036063
0.020101 0.021233
0.020085 0.032158
0.020035 0.021219
0.020025 0.027415
0.020016 0.027266
0.020014 0.028473
0.020011 0.021280
0.019959 0.023722
0.019928 0.020243
0.019915 0.023145
0.019887 0.022897
0.019877 0.022588
0.019833 0.023175
0.019781 0.020279
0.019761 0.021450
0.019688 0.025538
0.019678 0.020278
0.019511 0.031347
0.019432 0.021371
0.019398 0.026212
0.019294 0.035125
0.019292 0.023556
0.019270 0.020495
0.019260 0.020725
0.019242 0.020878
0.019230 0.022816
0.019225 0.024825
0.019211 0.037862
0.019199 0.022976
0.019198 0.021246
0.019185 0.019203
0.019169 0.022214
0.019129 0.024862
0.019110 0.019726
0.019087 0.020593
0.019026 0.032239
0.018985 0.019857
0.018985 0.022701
0.018948 0.038109
0.018925 0.019308
0.018920 0.023087
0.018863 0.020546
0.018861 0.018999
0.018827 0.030071
0.018816 0.022968
0.018791 0.026036
0.018780 0.026410
0.018765 0.022318
0.018744 0.020171
0.018735 0.022492
0.018732 0.021681
0.018691 0.020230
0.018676 0.021377
0.018672 0.019116
0.018662 0.025548
0.018611 0.040825
0.018605 0.021382
0.018562 0.022466
0.018547 0.018604
0.018530 0.025384
0.018514 0.030779
0.018512 0.027148
0.018501 0.022751
0.018500 0.024089
0.018483 0.020521
0.018471 0.025663
0.018395 0.019909
0.018369 0.018688
0.018358 0.018649
0.018352 0.022205
0.018339 0.018734
0.018312 0.041499
0.018307 0.032919
0.018272 0.025631
0.018265 0.019135
0.018228 0.020368
0.018222 0.032930
0.018167 0.018865
0.018155 0.046447
0.018126 0.019266
0.018086 0.018637
0.018046 0.020655
0.018034 0.019743
0.018002 0.018203
0.017988 0.023692
0.017953 0.019104
0.017944 0.035093
0.017920 0.019229
0.017916 0.037274
0.017888 0.019177
0.017829 0.019040
0.017753 0.019201
0.017744 0.017986
0.017728 0.027624
0.017711 0.021400
0.017704 0.019048
0.017704 0.022570
0.017676 0.030289
0.017651 0.029746
0.017630 0.019233
0.017629 0.031011
0.017603 0.018579
0.017599 0.019497
0.017583 0.024227
0.017582 0.022437
0.017562 0.022261
0.017561 0.017866
0.017557 0.017565
0.017556 0.018680
0.017526 0.017922
0.017499 0.024381
0.017497 0.018783
0.017478 0.025090
0.017448 0.018739
0.017351 0.017751
0.017300 0.027949
0.017300 0.021426
0.017294 0.023296
0.017292 0.018854
0.017262 0.017953
0.017250 0.021170
0.017242 0.017460
0.017233 0.026889
0.017226 0.019628
0.017223 0.021487
0.017177 0.018096
0.017142 0.021861
0.017129 0.018930
0.017118 0.030115
0.017092 0.023507
0.017091 0.022597
0.017080 0.018942
0.017050 0.023411
0.017044 0.020918
0.017017 0.018361
0.016970 0.022611
0.016950 0.022075
0.016950 0.017974
0.016935 0.019541
0.016919 0.019158
0.016888 0.022216
0.016877 0.026250
0.016834 0.017120
0.016826 0.020525
0.016801 0.017112
0.016796 0.036730
0.016755 0.018443
0.016739 0.025388
0.016723 0.021197
0.016700 0.017959
0.016684 0.019952
0.016669 0.021660
0.016649 0.017607
0.016589 0.017505
0.016555 0.021435
0.016536 0.017192
0.016522 0.017737
0.016504 0.017668
0.016485 0.022163
0.016483 0.025200
0.016470 0.018334
0.016464 0.018411
0.016448 0.025087
0.016441 0.018248
0.016436 0.020773
0.016433 0.018294
0.016372 0.066419
0.016354 0.031787
0.016341 0.031031
0.016334 0.018908
0.016310 0.031215
0.016274 0.028050
0.016251 0.020214
0.016243 0.021937
0.016224 0.052105
0.016214 0.017052
0.016181 0.018216
0.016168 0.024577
0.016160 0.018202
0.016146 0.017202
0.016127 0.017464
0.016115 0.021554
0.016113 0.018683
0.016111 0.016314
0.016095 0.022056
0.016087 0.017927
0.016080 0.018404
0.016062 0.017281
0.016061 0.017874
0.016031 0.018682
0.016022 0.017756
0.015944 0.019044
0.015927 0.017687
0.015907 0.019062
0.015905 0.020849
0.015903 0.018944
0.015888 0.023023
0.015858 0.021600
0.015855 0.019495
0.015851 0.021320
0.015841 0.017664
0.015810 0.024579
0.015790 0.016083
0.015769 0.025202
0.015761 0.028880
0.015713 0.016188
0.015709 0.018779
0.015692 0.016380
0.015677 0.016939
0.015673 0.017151
0.015665 0.018534
0.015645 0.017326
0.015644 0.015716
0.015628 0.015819
0.015621 0.016610
0.015611 0.018977
0.015590 0.020535
0.015588 0.015927
0.015582 0.026715
0.015575 0.031353
0.015558 0.023060
0.015556 0.016602
0.015552 0.019377
0.015536 0.016088
0.015508 0.015563
0.015477 0.015801
0.015469 0.015536
0.015451 0.016481
0.015394 0.018245
0.015370 0.016061
0.015353 0.018820
0.015332 0.015362
0.015324 0.017516
0.015287 0.017541
0.015275 0.015988
0.015266 0.016089
0.015246 0.016985
0.015209 0.021055
0.015199 0.016982
0.015188 0.017930
0.015184 0.034227
0.015168 0.021557
0.015167 0.021415
0.015145 0.015528
0.015135 0.016452
0.015098 0.015299
0.015075 0.016023
0.015060 0.015295
0.015058 0.021850
0.015052 0.015252
0.015024 0.015036
0.015003 0.026228
0.014979 0.015018
0.014968 0.024082
0.014962 0.015009
0.014959 0.017027
0.014952 0.016362
0.014941 0.026424
0.014938 0.028936
0.014932 0.015127
0.014927 0.021084
0.014913 0.015826
0.014894 0.019520
0.014892 0.020030
0.014889 0.021452
0.014888 0.015664
0.014868 0.015793
0.014804 0.015497
0.014779 0.015960
0.014772 0.016154
0.014758 0.019017
0.014732 0.017211
0.014697 0.019617
0.014687 0.018211
0.014681 0.016892
0.014675 0.019798
0.014634 0.014853
0.014611 0.015887
0.014600 0.015961
0.014595 0.018440
0.014593 0.016584
0.014581 0.020132
0.014580 0.018828
0.014579 0.016101
0.014550 0.033476
0.014541 0.019393
0.014533 0.015550
0.014532 0.015770
0.014529 0.023387
0.014519 0.018917
0.014509 0.017919
0.014502 0.018192
0.014484 0.017274
0.014482 0.021688
0.014471 0.018110
0.014463 0.016506
0.014442 0.016008
0.014422 0.016378
0.014418 0.015794
0.014403 0.016772
0.014399 0.016078
0.014386 0.016283
0.014382 0.017225
0.014334 0.027241
0.014329 0.015042
0.014316 0.015411
0.014308 0.015525
0.014307 0.018470
0.014269 0.015843
0.014261 0.014984
0.014250 0.017214
0.014239 0.020685
0.014231 0.018956
0.014229 0.015047
0.014221 0.019464
0.014218 0.016411
0.014207 0.014536
0.014182 0.026309
0.014178 0.017662
0.014169 0.020987
0.014141 0.015432
0.014132 0.016274
0.014121 0.015575
0.014116 0.019094
0.014106 0.022089
0.014106 0.014838
0.014057 0.014525
0.014044 0.015459
0.014022 0.014328
0.014001 0.014575
0.013969 0.014804
0.013965 0.018871
0.013959 0.014627
0.013928 0.021960
0.013919 0.016104
0.013908 0.014537
0.013891 0.015075
0.013881 0.014709
0.013873 0.015525
0.013828 0.024854
0.013789 0.025470
0.013789 0.022075
0.013786 0.014434
0.013768 0.019991
0.013754 0.017192
0.013744 0.014358
0.013720 0.014961
0.013700 0.017291
0.013690 0.016826
0.013689 0.013922
0.013682 0.015146
0.013682 0.013899
0.013665 0.014967
0.013659 0.015388
0.013659 0.019083
0.013653 0.017572
0.013652 0.013760
0.013622 0.019939
0.013611 0.014820
0.013601 0.020889
0.013585 0.014148
0.013579 0.026315
0.013568 0.014605
0.013508 0.019302
0.013503 0.014870
0.013502 0.013963
0.013496 0.014037
0.013482 0.014410
0.013464 0.017018
0.013458 0.022249
0.013457 0.013639
0.013414 0.016960
0.013394 0.016399
0.013385 0.013440
0.013380 0.018608
0.013378 0.013933
0.013359 0.019444
0.013349 0.019721
0.013349 0.013640
0.013329 0.015114
0.013310 0.018403
0.013307 0.015657
0.013307 0.013863
0.013304 0.024991
0.013299 0.016833
0.013298 0.016911
0.013289 0.014018
0.013222 0.019851
0.013217 0.015945
0.013202 0.015006
0.013198 0.014182
0.013189 0.013907
0.013186 0.013651
0.013177 0.014969
0.013173 0.019267
0.013172 0.013248
0.013169 0.018092
0.013139 0.018610
0.013117 0.019534
0.013084 0.021940
0.013051 0.015249
0.013046 0.016582
0.013045 0.017530
0.013044 0.013104
0.013030 0.019138
0.013018 0.017278
0.013007 0.014316
0.013002 0.013985
0.012998 0.016930
0.012957 0.013069
0.012937 0.014060
0.012936 0.015823
0.012933 0.013512
0.012933 0.013184
0.012929 0.020196
0.012923 0.015946
0.012916 0.018113
0.012910 0.025108
0.012909 0.016203
0.012901 0.014752
0.012875 0.020158
0.012866 0.014578
0.012866 0.015645
0.012856 0.013089
0.012855 0.015788
0.012853 0.013802
0.012852 0.015096
0.012849 0.021399
0.012849 0.018663
0.012848 0.016469
0.012835 0.020427
0.012827 0.017162
0.012814 0.014733
0.012809 0.014624
0.012806 0.013316
0.012802 0.021201
0.012802 0.018910
0.012791 0.015217
0.012781 0.014637
0.012776 0.013064
0.012767 0.015050
0.012751 0.015137
0.012715 0.020680
0.012713 0.012713
0.012709 0.014290
0.012707 0.015200
0.012705 0.012825
0.012698 0.024773
0.012698 0.013974
0.012696 0.014338
0.012688 0.015653
0.012686 0.017256
0.012677 0.015106
0.012675 0.014439
0.012674 0.013054
0.012664 0.015451
0.012663 0.013228
0.012646 0.013732
0.012644 0.016389
0.012641 0.013955
0.012625 0.020390
0.012612 0.022430
0.012611 0.016070
0.012594 0.020600
0.012590 0.012606
0.012583 0.013771
0.012576 0.013679
0.012563 0.017620
0.012563 0.012627
0.012555 0.014824
0.012551 0.013001
0.012544 0.022147
0.012544 0.015994
0.012540 0.013869
0.012538 0.014381
0.012508 0.013611
0.012501 0.012722
0.012495 0.012580
0.012489 0.013351
0.012487 0.016338
0.012480 0.012616
0.012469 0.012931
0.012447 0.015439
0.012446 0.013758
0.012446 0.017856
0.012445 0.013550
0.012428 0.015358
0.012425 0.014086
0.012419 0.019868
0.012415 0.014620
0.012400 0.013966
0.012398 0.016786
0.012397 0.015282
0.012386 0.012861
0.012383 0.014830
0.012374 0.015874
0.012340 0.012960
0.012339 0.012812
0.012337 0.026524
0.012335 0.013479
0.012320 0.014719
0.012315 0.014590
0.012313 0.015704
0.012309 0.016117
0.012302 0.014927
0.012296 0.016543
0.012274 0.016052
0.012271 0.019346
0.012262 0.015527
0.012244 0.015483
0.012229 0.012653
0.012216 0.015459
0.012215 0.012699
0.012206 0.025700
0.012178 0.012234
0.012175 0.013621
0.012166 0.013346
0.012166 0.013680
0.012153 0.012212
0.012140 0.012929
0.012137 0.016433
0.012124 0.014125
0.012119 0.013069
0.012113 0.014178
0.012094 0.017415
0.012090 0.012433
0.012087 0.013362
0.012075 0.022647
0.012074 0.015295
0.012069 0.017399
0.012029 0.012769
0.012021 0.012666
0.012019 0.012924
0.012013 0.012869
0.011988 0.014912
0.011987 0.012855
0.011982 0.014616
0.011978 0.012050
0.011969 0.013361
0.011964 0.012198
0.011937 0.016012
0.011921 0.012609
0.011919 0.012159
0.011914 0.013845
0.011908 0.021124
0.011902 0.014443
0.011893 0.012707
0.011889 0.012607
0.011888 0.012837
0.011887 0.015029
0.011877 0.012092
0.011844 0.017903
0.011832 0.014948
0.011832 0.018623
0.011829 0.012263
0.011816 0.012985
0.011816 0.016465
0.011810 0.013178
0.011755 0.012145
0.011742 0.014928
0.011738 0.014406
0.011733 0.017308
0.011722 0.015219
0.011719 0.012321
0.011710 0.016698
0.011706 0.013614
0.011700 0.016230
0.011699 0.012434
0.011690 0.018154
0.011684 0.012256
0.011683 0.016317
0.011654 0.012895
0.011634 0.014458
0.011633 0.012485
0.011633 0.013880
0.011609 0.011947
0.011595 0.015696
0.011588 0.011597
0.011580 0.012174
0.011567 0.015216
0.011557 0.013962
0.011552 0.011802
0.011551 0.012201
0.011540 0.013634
0.011534 0.014370
0.011528 0.012144
0.011520 0.018087
0.011517 0.012642
0.011509 0.012906
0.011509 0.016757
0.011502 0.015083
0.011501 0.013533
0.011499 0.012621
0.011485 0.020497
0.011478 0.011892
0.011456 0.020521
0.011456 0.011479
0.011443 0.011860
0.011443 0.014244
0.011441 0.011625
0.011435 0.015636
0.011430 0.013004
0.011426 0.019792
0.011413 0.017195
0.011406 0.014914
0.011395 0.011924
0.011391 0.012560
0.011388 0.013338
0.011383 0.011897
0.011383 0.015718
0.011380 0.012577
0.011370 0.014989
0.011336 0.012061
0.011310 0.013187
0.011300 0.011371
0.011295 0.014021
0.011282 0.011500
0.011277 0.020427
0.011275 0.011458
0.011268 0.013465
0.011267 0.013422
0.011263 0.011381
0.011252 0.013808
0.011245 0.012574
0.011242 0.011691
0.011220 0.017178
0.011214 0.016812
0.011208 0.011210
0.011199 0.011342
0.011191 0.017372
0.011188 0.011526
0.011187 0.012088
0.011174 0.018548
0.011168 0.012169
0.011165 0.013114
0.011150 0.013993
0.011149 0.012954
0.011148 0.013447
0.011144 0.011804
0.011131 0.020604
0.011123 0.011867
0.011121 0.012422
0.011118 0.011141
0.011116 0.015148
0.011111 0.014755
0.011099 0.012516
0.011095 0.012079
0.011092 0.017642
0.011072 0.011749
0.011070 0.018898
0.011063 0.012567
0.011051 0.013587
0.011030 0.014117
0.011029 0.013053
0.011028 0.013303
0.011018 0.011832
0.011006 0.011220
0.010999 0.015103
0.010980 0.011611
0.010973 0.018077
0.010958 0.011133
0.010957 0.012881
0.010953 0.011712
0.010952 0.021201
0.010945 0.011688
0.010945 0.017734
0.010939 0.012030
0.010931 0.014527
0.010928 0.012171
0.010919 0.014217
0.010907 0.012012
0.010890 0.011434
0.010888 0.011238
0.010884 0.014387
0.010881 0.014019
0.010872 0.017717
0.010866 0.012573
0.010858 0.016215
0.010857 0.011233
0.010854 0.013671
0.010853 0.011219
0.010850 0.013276
0.010843 0.023120
0.010836 0.011692
0.010830 0.013620
0.010828 0.013304
0.010828 0.011781
0.010824 0.011626
0.010822 0.018023
0.010822 0.013851
0.010820 0.012736
0.010811 0.011903
0.010805 0.011809
0.010803 0.017736
0.010803 0.010848
0.010797 0.012569
0.010752 0.011076
0.010749 0.014489
0.010728 0.013422
0.010719 0.019855
0.010716 0.013226
0.010690 0.012226
0.010683 0.013007
0.010678 0.013485
0.010674 0.010784
0.010670 0.014794
0.010669 0.012055
0.010648 0.011981
0.010647 0.011262
0.010646 0.014131
0.010636 0.015463
0.010629 0.012638
0.010626 0.011365
0.010621 0.010729
0.010615 0.013446
0.010610 0.011218
0.010603 0.010945
0.010602 0.010623
0.010601 0.011728
0.010600 0.016066
0.010581 0.011081
0.010579 0.010638
0.010579 0.016911
0.010577 0.010756
0.010576 0.020356
0.010573 0.011314
0.010571 0.020286
0.010571 0.011489
0.010562 0.011503
0.010557 0.011293
0.010554 0.018221
0.010536 0.013843
0.010523 0.010966
0.010522 0.012794
0.010520 0.013943
0.010501 0.011537
0.010494 0.014594
0.010478 0.011370
0.010473 0.010578
0.010472 0.010835
0.010467 0.011017
0.010465 0.011139
0.010458 0.015639
0.010440 0.012718
0.010439 0.015868
0.010432 0.010543
0.010431 0.011488
0.010429 0.017970
0.010414 0.012924
0.010407 0.010707
0.010399 0.013232
0.010399 0.010660
0.010396 0.011094
0.010392 0.011158
0.010386 0.010968
0.010377 0.010476
0.010376 0.015255
0.010368 0.010717
0.010366 0.013180
0.010352 0.015813
0.010343 0.010423
0.010339 0.020823
0.010337 0.014335
0.010334 0.017318
0.010331 0.010852
0.010326 0.010596
0.010321 0.023033
0.010314 0.013048
0.010306 0.012236
0.010301 0.012097
0.010292 0.011268
0.010282 0.011156
0.010278 0.016286
0.010276 0.014027
0.010269 0.015585
0.010232 0.010281
0.010227 0.010338
0.010218 0.010670
0.010218 0.020259
0.010212 0.012395
0.010203 0.011223
0.010203 0.024683
0.010199 0.010492
0.010192 0.016554
0.010187 0.011935
0.010175 0.010772
0.010174 0.011849
0.010172 0.013032
0.010167 0.011295
0.010164 0.010423
0.010155 0.012750
0.010151 0.012120
0.010141 0.013375
0.010137 0.010904
0.010137 0.010265
0.010135 0.016991
0.010135 0.015942
0.010128 0.011061
0.010118 0.014179
0.010108 0.014084
0.010106 0.011344
0.010103 0.012562
0.010103 0.010715
0.010096 0.013849
0.010095 0.010512
0.010077 0.013677
0.010075 0.016916
0.010064 0.016636
0.010057 0.010485
0.010057 0.012081
0.010051 0.013174
0.010048 0.013020
0.010042 0.017280
0.010022 0.010441
0.010020 0.014963
0.010019 0.012586
0.010006 0.010815
0.010003 0.010109
0.009983 0.011193
0.009980 0.012362
0.009978 0.011312
0.009977 0.010064
0.009976 0.010061
0.009969 0.010269
0.009967 0.010872
0.009964 0.010139
0.009963 0.011254
0.009957 0.009965
0.009955 0.020811
0.009948 0.014090
0.009942 0.016521
0.009938 0.012207
0.009933 0.011216
0.009930 0.010454
0.009924 0.014451
0.009908 0.010017
0.009907 0.010999
0.009898 0.010737
0.009891 0.010790
0.009886 0.010154
0.009885 0.010018
0.009883 0.021193
0.009881 0.015851
0.009881 0.014643
0.009862 0.011036
0.009855 0.011512
0.009851 0.011258
0.009838 0.010551
0.009836 0.010217
0.009832 0.011385
0.009828 0.010423
0.009796 0.011647
0.009793 0.010501
0.009791 0.010010
0.009789 0.015695
0.009785 0.015107
0.009766 0.009874
0.009762 0.011358
0.009749 0.014793
0.009746 0.010330
0.009746 0.013081
0.009736 0.009827
0.009733 0.013161
0.009731 0.010874
0.009727 0.009745
0.009722 0.013770
0.009714 0.010239
0.009714 0.012408
0.009705 0.013638
0.009702 0.010265
0.009699 0.013798
0.009696 0.010322
0.009694 0.009986
0.009690 0.013091
0.009683 0.016190
0.009679 0.015984
0.009677 0.011340
0.009676 0.011359
0.009672 0.010352
0.009670 0.011980
0.009666 0.010206
0.009661 0.012621
0.009657 0.009896
0.009654 0.010108
0.009651 0.010157
0.009646 0.016189
0.009645 0.016400
0.009641 0.021288
0.009638 0.011137
0.009638 0.009955
0.009621 0.012513
0.009618 0.016020
0.009615 0.010351
0.009604 0.011281
0.009604 0.010819
0.009603 0.009727
0.009598 0.010597
0.009596 0.010396
0.009595 0.010148
0.009582 0.012070
0.009567 0.015003
0.009557 0.011460
0.009555 0.009636
0.009552 0.011150
0.009547 0.010977
0.009547 0.009574
0.009542 0.011795
0.009532 0.010133
0.009532 0.012128
0.009529 0.009579
0.009526 0.013314
0.009518 0.010387
0.009517 0.012574
0.009513 0.010338
0.009509 0.010320
0.009502 0.010358
0.009495 0.011133
0.009493 0.009986
0.009487 0.014483
0.009476 0.012431
0.009460 0.011838
0.009453 0.011504
0.009441 0.011487
0.009429 0.011191
0.009429 0.009904
0.009426 0.011252
0.009426 0.011051
0.009420 0.009938
0.009419 0.011308
0.009419 0.011012
0.009412 0.009663
0.009407 0.010664
0.009404 0.014684
0.009395 0.011699
0.009386 0.012237
0.009384 0.013186
0.009383 0.010771
0.009382 0.013768
0.009381 0.011043
0.009367 0.009674
0.009352 0.009543
0.009346 0.012126
0.009328 0.013682
0.009325 0.011005
0.009324 0.013121
0.009324 0.020408
0.009323 0.018864
0.009318 0.018901
0.009312 0.009726
0.009312 0.010267
0.009309 0.009884
0.009297 0.013633
0.009295 0.011760
0.009293 0.010578
0.009292 0.017678
0.009283 0.010028
0.009264 0.009440
0.009261 0.010248
0.009261 0.009968
0.009261 0.010780
0.009255 0.009349
0.009255 0.011201
0.009253 0.013476
0.009251 0.009424
0.009246 0.012480
0.009238 0.011261
0.009230 0.013522
0.009228 0.009487
0.009223 0.009248
0.009221 0.012424
0.009212 0.010705
0.009209 0.011783
0.009199 0.010017
0.009197 0.010269
0.009185 0.010986
0.009183 0.016469
0.009183 0.012683
0.009177 0.009860
0.009174 0.018603
0.009166 0.010331
0.009166 0.015224
0.009165 0.010532
0.009162 0.010969
0.009155 0.009166
0.009154 0.011414
0.009154 0.009811
0.009151 0.009744
0.009146 0.009565
0.009133 0.009195
0.009129 0.011620
0.009124 0.009736
0.009118 0.010595
0.009112 0.009652
0.009111 0.009995
0.009110 0.014686
0.009109 0.009573
0.009106 0.009965
0.009105 0.009125
0.009089 0.018899
0.009088 0.011570
0.009086 0.010091
0.009082 0.009881
0.009074 0.010317
0.009053 0.016670
0.009053 0.013097
0.009045 0.013921
0.009045 0.010265
0.009041 0.009259
0.009038 0.012093
0.009034 0.009041
0.009028 0.017169
0.009027 0.009449
0.009023 0.011849
0.009022 0.013227
0.009019 0.009303
0.009012 0.009052
0.009007 0.010698
0.009005 0.009955
0.009001 0.011724
0.009001 0.009857
0.008994 0.012065
0.008991 0.012586
0.008989 0.012758
0.008986 0.019517
0.008984 0.009149
0.008969 0.009094
0.008964 0.011774
0.008962 0.015286
0.008961 0.012899
0.008959 0.010579
0.008958 0.010595
0.008957 0.010734
0.008944 0.010445
0.008937 0.009847
0.008930 0.009517
0.008925 0.009085
0.008923 0.009515
0.008922 0.015974
0.008917 0.010262
0.008912 0.012024
0.008907 0.012100
0.008903 0.009097
0.008901 0.008920
0.008900 0.009195
0.008888 0.009350
0.008874 0.011270
0.008873 0.009071
0.008867 0.008921
0.008866 0.010199
0.008864 0.008945
0.008859 0.009210
0.008854 0.009436
0.008849 0.009072
0.008838 0.015968
0.008838 0.009087
0.008838 0.009672
0.008836 0.009073
0.008836 0.008891
0.008828 0.013815
0.008823 0.012841
0.008820 0.009382
0.008815 0.008858
0.008814 0.009544
0.008808 0.009218
0.008801 0.009286
0.008800 0.009060
0.008793 0.010855
0.008792 0.009509
0.008790 0.009680
0.008785 0.012050
0.008782 0.013455
0.008779 0.009435
0.008778 0.012822
0.008772 0.013388
0.008767 0.014266
0.008767 0.009524
0.008766 0.010735
0.008765 0.010699
0.008760 0.011246
0.008758 0.009331
0.008757 0.010430
0.008750 0.013714
0.008737 0.017546
0.008730 0.009728
0.008727 0.015260
0.008722 0.010803
0.008710 0.014055
0.008707 0.009295
0.008697 0.012932
0.008686 0.009447
0.008686 0.010069
0.008684 0.010189
0.008682 0.009437
0.008678 0.014235
0.008678 0.009540
0.008677 0.008935
0.008675 0.012285
0.008669 0.008852
0.008666 0.009347
0.008663 0.009077
0.008659 0.014595
0.008658 0.008748
0.008647 0.009339
0.008636 0.011405
0.008635 0.011179
0.008635 0.013426
0.008633 0.008675
0.008620 0.009921
0.008620 0.009372
0.008619 0.008662
0.008617 0.012481
0.008615 0.012546
0.008610 0.008635
0.008608 0.011694
0.008607 0.011591
0.008607 0.011849
0.008606 0.011305
0.008601 0.010781
0.008595 0.010308
0.008593 0.012954
0.008591 0.014250
0.008589 0.009829
0.008588 0.009947
0.008573 0.009285
0.008570 0.010538
0.008564 0.011653
0.008562 0.008711
0.008561 0.017800
0.008549 0.011336
0.008549 0.008722
0.008540 0.008767
0.008540 0.010344
0.008523 0.012136
0.008520 0.008848
0.008517 0.010147
0.008516 0.008615
0.008516 0.008880
0.008512 0.015570
0.008508 0.008610
0.008506 0.009073
0.008501 0.008972
0.008498 0.010802
0.008497 0.012623
0.008496 0.008711
0.008494 0.010537
0.008483 0.009519
0.008482 0.008791
0.008482 0.010096
0.008477 0.009494
0.008475 0.009452
0.008469 0.010969
0.008452 0.009267
0.008440 0.012198
0.008440 0.011902
0.008439 0.009628
0.008437 0.009170
0.008437 0.008574
0.008428 0.008814
0.008426 0.009802
0.008424 0.012448
0.008424 0.009158
0.008418 0.009455
0.008412 0.008680
0.008409 0.009332
0.008406 0.010224
0.008406 0.008516
0.008400 0.008941
0.008392 0.010187
0.008389 0.009188
0.008370 0.013206
0.008369 0.010064
0.008368 0.009606
0.008365 0.010490
0.008363 0.011768
0.008362 0.009726
0.008357 0.010888
0.008354 0.009691
0.008351 0.008369
0.008348 0.008698
0.008344 0.010021
0.008338 0.011779
0.008337 0.008565
0.008331 0.008708
0.008330 0.009541
0.008317 0.011307
0.008314 0.008505
0.008313 0.010662
0.008295 0.012050
0.008292 0.008297
0.008290 0.019425
0.008281 0.011730
0.008275 0.012872
0.008275 0.016377
0.008273 0.011337
0.008270 0.008347
0.008265 0.009456
0.008255 0.011329
0.008246 0.010613
0.008246 0.008961
0.008241 0.013172
0.008235 0.009195
0.008225 0.009676
0.008222 0.008384
0.008212 0.008424
0.008211 0.009638
0.008208 0.011688
0.008199 0.010902
0.008196 0.013523
0.008193 0.010239
0.008190 0.008208
0.008190 0.009467
0.008179 0.010413
0.008173 0.010288
0.008167 0.008993
0.008165 0.009996
0.008160 0.011976
0.008152 0.010557
0.008148 0.008402
0.008147 0.008688
0.008147 0.009915
0.008142 0.008486
0.008137 0.010093
0.008127 0.012632
0.008120 0.017206
0.008119 0.009383
0.008113 0.008997
0.008110 0.008494
0.008107 0.008302
0.008104 0.012069
0.008102 0.011548
0.008096 0.009565
0.008094 0.009431
0.008093 0.008259
0.008092 0.012902
0.008080 0.012483
0.008079 0.009160
0.008070 0.009146
0.008067 0.008190
0.008065 0.009881
0.008057 0.010870
0.008052 0.015022
0.008051 0.009906
0.008047 0.008475
0.008047 0.010509
0.008038 0.008456
0.008031 0.008553
0.008026 0.008553
0.008026 0.011618
0.008018 0.008303
0.008016 0.009138
0.008013 0.008165
0.008012 0.009358
0.008007 0.008349
0.008007 0.012573
0.008006 0.010404
0.008004 0.008562
0.008002 0.008027
0.008001 0.010356
0.007998 0.008239
0.007997 0.010918
0.007991 0.015085
0.007989 0.008304
0.007980 0.008819
0.007971 0.008227
0.007969 0.009628
0.007969 0.008884
0.007968 0.009042
0.007955 0.015720
0.007949 0.009180
0.007947 0.008065
0.007941 0.011134
0.007941 0.009470
0.007941 0.008469
0.007939 0.009862
0.007936 0.008859
0.007928 0.009613
0.007923 0.013897
0.007912 0.008022
0.007911 0.010807
0.007908 0.008621
0.007908 0.009751
0.007904 0.007932
0.007903 0.010404
0.007902 0.013890
0.007897 0.011275
0.007881 0.009249
0.007881 0.011065
0.007878 0.008784
0.007877 0.010669
0.007867 0.008327
0.007864 0.008965
0.007864 0.008619
0.007852 0.009824
0.007848 0.011912
0.007847 0.009038
0.007846 0.014246
0.007843 0.008241
0.007837 0.008105
0.007835 0.009996
0.007832 0.008225
0.007829 0.011839
0.007824 0.012763
0.007824 0.010125
0.007823 0.009706
0.007809 0.008028
0.007807 0.013151
0.007804 0.008969
0.007804 0.009677
0.007802 0.008312
0.007794 0.019469
0.007793 0.009982
0.007791 0.008045
0.007788 0.010926
0.007783 0.010116
0.007781 0.014075
0.007774 0.008189
0.007771 0.009918
0.007770 0.007981
0.007769 0.007872
0.007766 0.019102
0.007765 0.007842
0.007764 0.009362
0.007763 0.009182
0.007762 0.009591
0.007748 0.007805
0.007746 0.009132
0.007739 0.009118
0.007738 0.009247
0.007732 0.007750
0.007723 0.008837
0.007721 0.012168
0.007718 0.007783
0.007717 0.016185
0.007714 0.009428
0.007714 0.010083
0.007713 0.009116
0.007711 0.012892
0.007708 0.008920
0.007705 0.009348
0.007702 0.008293
0.007691 0.008081
0.007686 0.008506
0.007684 0.011858
0.007676 0.007809
0.007671 0.007740
0.007664 0.011584
0.007661 0.007791
0.007660 0.009462
0.007655 0.007940
0.007655 0.007851
0.007654 0.010508
0.007648 0.010503
0.007644 0.010286
0.007639 0.010575
0.007634 0.009141
0.007631 0.010305
0.007628 0.008530
0.007622 0.013169
0.007621 0.012265
0.007614 0.013144
0.007607 0.012371
0.007607 0.012002
0.007605 0.010013
0.007601 0.010842
0.007599 0.008555
0.007595 0.009318
0.007588 0.009410
0.007580 0.008943
0.007580 0.007747
0.007579 0.008670
0.007577 0.009145
0.007568 0.012016
0.007567 0.010255
0.007562 0.008543
0.007557 0.008344
0.007553 0.008840
0.007553 0.008707
0.007550 0.009881
0.007547 0.011673
0.007547 0.007793
0.007547 0.009507
0.007545 0.008161
0.007541 0.007594
0.007540 0.011495
0.007530 0.011441
0.007525 0.008491
0.007518 0.008322
0.007516 0.009294
0.007512 0.009122
0.007508 0.011367
0.007503 0.008090
0.007503 0.011984
0.007496 0.012715
0.007494 0.011254
0.007489 0.009340
0.007484 0.007492
0.007483 0.010264
0.007481 0.009293
0.007475 0.009437
0.007472 0.010637
0.007470 0.008021
0.007466 0.007693
0.007463 0.008857
0.007463 0.007548
0.007461 0.008525
0.007460 0.008463
0.007454 0.008940
0.007452 0.008034
0.007451 0.007820
0.007441 0.008205
0.007435 0.010482
0.007423 0.007425
0.007420 0.007436
0.007416 0.008641
0.007411 0.007597
0.007405 0.007467
0.007403 0.009600
0.007403 0.011394
0.007399 0.011234
0.007393 0.013567
0.007387 0.008702
0.007379 0.007393
0.007379 0.008981
0.007376 0.008085
0.007369 0.010299
0.007363 0.015912
0.007363 0.008191
0.007333 0.008270
0.007331 0.007466
0.007330 0.008249
0.007328 0.008809
0.007325 0.007507
0.007320 0.007352
0.007318 0.008605
0.007313 0.007847
0.007309 0.013602
0.007308 0.012912
0.007307 0.007590
0.007300 0.011322
0.007279 0.008148
0.007271 0.007697
0.007270 0.011278
0.007269 0.008330
0.007268 0.007301
0.007265 0.013495
0.007264 0.008091
0.007258 0.008756
0.007257 0.010596
0.007255 0.008041
0.007255 0.007326
0.007250 0.007312
0.007244 0.010935
0.007242 0.007972
0.007240 0.008342
0.007238 0.009986
0.007232 0.008002
0.007229 0.007369
0.007212 0.011199
0.007205 0.008595
0.007199 0.008052
0.007198 0.007701
0.007194 0.009714
0.007182 0.007246
0.007182 0.007311
0.007178 0.007409
0.007175 0.009823
0.007173 0.009650
0.007173 0.008038
0.007172 0.007852
0.007165 0.007928
0.007156 0.007166
0.007150 0.011166
0.007147 0.007386
0.007145 0.007613
0.007144 0.009423
0.007138 0.016184
0.007138 0.008396
0.007138 0.007480
0.007131 0.007132
0.007131 0.007334
0.007129 0.008947
0.007123 0.007270
0.007120 0.007195
0.007115 0.007528
0.007115 0.008553
0.007115 0.009513
0.007113 0.015921
0.007109 0.007315
0.007109 0.007482
0.007109 0.008760
0.007108 0.008231
0.007093 0.007221
0.007091 0.007349
0.007089 0.008994
0.007087 0.007155
0.007086 0.007593
0.007077 0.008235
0.007077 0.010002
0.007076 0.007267
0.007072 0.008238
0.007071 0.007256
0.007071 0.009487
0.007067 0.011073
0.007062 0.008312
0.007058 0.012693
0.007057 0.008772
0.007051 0.007682
0.007050 0.007785
0.007048 0.007653
0.007045 0.008103
0.007041 0.008587
0.007033 0.009060
0.007030 0.007459
0.007029 0.011846
0.007028 0.007199
0.007028 0.007203
0.007019 0.010179
0.007018 0.007197
0.007011 0.008337
0.007009 0.007366
0.007003 0.011156
0.007003 0.012564
0.007002 0.007743
0.006998 0.010760
0.006998 0.007093
0.006991 0.009786
0.006985 0.009679
0.006983 0.009032
0.006983 0.008194
0.006978 0.007907
0.006977 0.009440
0.006976 0.009121
0.006969 0.007472
0.006968 0.010023
0.006966 0.015923
0.006964 0.009376
0.006963 0.007017
0.006962 0.008210
0.006960 0.011048
0.006956 0.010276
0.006954 0.008530
0.006953 0.007463
0.006948 0.006961
0.006946 0.010559
0.006945 0.007134
0.006945 0.008372
0.006945 0.007469
0.006943 0.010157
0.006935 0.007362
0.006930 0.008264
0.006926 0.008532
0.006918 0.010915
0.006917 0.012160
0.006907 0.007616
0.006906 0.008196
0.006905 0.011654
0.006904 0.012837
0.006901 0.011000
0.006899 0.011373
0.006899 0.006946
0.006898 0.008052
0.006894 0.007070
0.006889 0.009599
0.006888 0.007378
0.006887 0.012150
0.006886 0.007910
0.006884 0.007118
0.006883 0.008068
0.006877 0.007350
0.006876 0.012142
0.006874 0.008662
0.006869 0.007699
0.006859 0.006865
0.006859 0.006874
0.006852 0.009868
0.006849 0.007602
0.006844 0.011037
0.006842 0.009882
0.006841 0.010238
0.006830 0.007451
0.006826 0.010250
0.006825 0.007566
0.006823 0.007126
0.006822 0.011455
0.006820 0.007327
0.006809 0.008563
0.006809 0.008708
0.006800 0.008907
0.006798 0.007129
0.006796 0.009380
0.006793 0.007129
0.006792 0.007575
0.006791 0.007121
0.006785 0.007976
0.006783 0.007125
0.006783 0.008337
0.006782 0.008697
0.006781 0.007422
0.006778 0.007573
0.006772 0.007565
0.006772 0.008856
0.006771 0.007470
0.006771 0.007323
0.006770 0.012011
0.006769 0.008314
0.006766 0.006812
0.006760 0.007276
0.006759 0.007004
0.006759 0.008426
0.006756 0.006907
0.006750 0.007241
0.006749 0.008592
0.006744 0.008705
0.006744 0.007261
0.006744 0.011881
0.006737 0.007369
0.006733 0.009858
0.006730 0.008720
0.006728 0.008959
0.006724 0.007785
0.006724 0.008864
0.006719 0.006978
0.006719 0.010711
0.006717 0.011547
0.006710 0.010642
0.006697 0.008042
0.006696 0.008245
0.006692 0.006959
0.006688 0.006907
0.006688 0.008758
0.006686 0.007859
0.006683 0.008403
0.006683 0.011989
0.006680 0.008734
0.006674 0.007994
0.006668 0.009538
0.006664 0.006731
0.006664 0.006830
0.006663 0.007721
0.006660 0.006805
0.006658 0.009826
0.006657 0.008690
0.006657 0.006679
0.006656 0.009648
0.006652 0.010556
0.006646 0.011294
0.006630 0.007776
0.006627 0.007540
0.006624 0.007250
0.006611 0.007094
0.006611 0.007351
0.006607 0.008397
0.006605 0.006699
0.006604 0.008365
0.006600 0.007280
0.006598 0.007764
0.006597 0.007390
0.006593 0.007886
0.006587 0.007303
0.006585 0.007127
0.006585 0.008090
0.006579 0.006776
0.006577 0.008694
0.006568 0.008436
0.006562 0.006802
0.006554 0.008620
0.006553 0.006650
0.006547 0.006758
0.006546 0.007421
0.006546 0.007726
0.006543 0.011208
0.006542 0.009889
0.006539 0.009245
0.006536 0.008201
0.006528 0.008223
0.006522 0.008167
0.006519 0.006735
0.006511 0.007582
0.006509 0.010555
0.006506 0.007643
0.006504 0.007364
0.006496 0.006739
0.006494 0.009002
0.006494 0.007091
0.006493 0.006853
0.006490 0.008055
0.006485 0.008145
0.006483 0.008742
0.006480 0.007165
0.006479 0.009814
0.006479 0.007951
0.006477 0.008797
0.006473 0.006687
0.006468 0.009192
0.006467 0.006901
0.006464 0.008518
0.006462 0.006873
0.006454 0.007010
0.006453 0.009547
0.006450 0.006862
0.006450 0.006768
0.006446 0.006560
0.006444 0.009539
0.006441 0.006739
0.006440 0.008277
0.006438 0.008353
0.006430 0.010913
0.006427 0.007583
0.006424 0.006733
0.006424 0.007206
0.006419 0.010950
0.006414 0.007280
0.006414 0.006649
0.006413 0.007115
0.006409 0.008094
0.006409 0.010845
0.006408 0.007143
0.006406 0.008704
0.006401 0.013485
0.006396 0.008403
0.006392 0.006492
0.006390 0.013022
0.006384 0.007021
0.006374 0.007804
0.006371 0.006570
0.006371 0.008725
0.006369 0.006751
0.006365 0.007587
0.006362 0.007216
0.006362 0.008143
0.006349 0.006407
0.006349 0.008000
0.006348 0.006922
0.006344 0.007156
0.006342 0.014630
0.006340 0.007477
0.006337 0.009714
0.006337 0.012769
0.006334 0.007640
0.006333 0.006806
0.006332 0.006799
0.006330 0.007227
0.006319 0.007709
0.006306 0.008212
0.006304 0.007130
0.006299 0.008324
0.006299 0.006946
0.006297 0.006531
0.006284 0.007622
0.006284 0.007395
0.006274 0.006288
0.006273 0.006434
0.006271 0.006853
0.006270 0.008258
0.006269 0.007247
0.006269 0.007955
0.006263 0.007182
0.006263 0.006426
0.006258 0.009255
0.006249 0.007163
0.006239 0.006830
0.006237 0.007014
0.006237 0.006467
0.006235 0.006287
0.006232 0.010709
0.006232 0.012723
0.006231 0.008053
0.006230 0.008340
0.006223 0.008324
0.006214 0.013171
0.006212 0.008282
0.006209 0.006349
0.006205 0.007680
0.006201 0.007041
0.006200 0.013080
0.006194 0.006678
0.006192 0.006636
0.006190 0.013849
0.006188 0.008909
0.006188 0.007165
0.006183 0.009967
0.006172 0.006660
0.006169 0.008231
0.006168 0.008043
0.006154 0.008619
0.006153 0.007017
0.006152 0.009498
0.006151 0.009680
0.006150 0.007624
0.006148 0.006390
0.006142 0.011603
0.006139 0.015204
0.006133 0.006489
0.006132 0.006879
0.006127 0.008526
0.006124 0.006719
0.006124 0.006604
0.006122 0.011331
0.006122 0.007312
0.006122 0.006234
0.006121 0.006172
0.006112 0.006341
0.006112 0.007415
0.006105 0.007057
0.006099 0.007762
0.006094 0.010071
0.006093 0.006978
0.006090 0.007510
0.006077 0.006182
0.006072 0.007626
0.006069 0.010007
0.006062 0.006395
0.006058 0.006207
0.006052 0.006167
0.006020 0.007000
0.006016 0.006255
0.006015 0.007031
0.006008 0.006807
0.005993 0.008042
0.005983 0.008608
0.005980 0.013902
0.005979 0.006452
0.005972 0.013578
0.005971 0.010926
0.005968 0.007865
0.005966 0.006329
0.005961 0.007028
0.005960 0.006669
0.005958 0.007725
0.005954 0.007349
0.005951 0.005953
0.005949 0.006188
0.005947 0.006094
0.005946 0.011994
0.005940 0.006775
0.005932 0.006243
0.005930 0.006011
0.005921 0.006322
0.005920 0.007065
0.005917 0.006937
0.005917 0.005966
0.005915 0.006312
0.005910 0.011616
0.005901 0.008003
0.005901 0.005935
0.005899 0.006405
0.005894 0.007898
0.005889 0.007445
0.005889 0.006043
0.005886 0.006025
0.005883 0.005921
0.005881 0.009199
0.005878 0.006660
0.005872 0.009811
0.005868 0.007047
0.005867 0.006159
0.005863 0.006349
0.005863 0.006043
0.005862 0.007919
0.005853 0.008206
0.005852 0.006539
0.005850 0.007040
0.005841 0.008724
0.005837 0.007848
0.005835 0.011610
0.005833 0.006299
0.005829 0.009381
0.005826 0.006110
0.005824 0.006113
0.005818 0.007257
0.005817 0.009585
0.005811 0.006395
0.005808 0.008144
0.005808 0.007101
0.005800 0.006972
0.005798 0.006887
0.005795 0.011875
0.005788 0.006899
0.005779 0.007669
0.005776 0.006745
0.005765 0.009180
0.005763 0.009093
0.005761 0.006111
0.005758 0.006240
0.005754 0.006110
0.005749 0.013488
0.005748 0.010009
0.005738 0.006517
0.005737 0.007784
0.005736 0.010126
0.005730 0.008393
0.005725 0.005924
0.005722 0.010835
0.005722 0.006618
0.005719 0.006579
0.005701 0.015492
0.005699 0.006777
0.005699 0.005906
0.005697 0.005800
0.005691 0.009418
0.005689 0.005725
0.005686 0.005815
0.005686 0.006381
0.005682 0.006741
0.005681 0.006032
0.005678 0.006689
0.005674 0.006465
0.005673 0.006057
0.005670 0.008193
0.005662 0.008817
0.005657 0.010328
0.005657 0.005705
0.005644 0.006425
0.005642 0.006244
0.005641 0.009540
0.005640 0.006105
0.005639 0.007979
0.005636 0.009662
0.005635 0.006470
0.005634 0.007791
0.005633 0.005765
0.005616 0.005895
0.005609 0.007163
0.005609 0.006243
0.005605 0.006487
0.005603 0.007385
0.005602 0.005814
0.005597 0.005971
0.005595 0.005772
0.005595 0.009142
0.005586 0.008686
0.005585 0.005746
0.005576 0.005627
0.005573 0.005939
0.005572 0.005700
0.005572 0.005888
0.005571 0.005859
0.005569 0.006330
0.005567 0.005877
0.005560 0.007137
0.005552 0.006880
0.005551 0.006302
0.005549 0.006725
0.005536 0.009013
0.005534 0.010261
0.005527 0.007492
0.005526 0.006134
0.005519 0.007720
0.005513 0.005570
0.005504 0.005602
0.005500 0.005759
0.005500 0.007457
0.005499 0.006019
0.005496 0.006964
0.005495 0.007386
0.005495 0.007628
0.005493 0.007097
0.005490 0.006702
0.005488 0.008355
0.005488 0.005699
0.005484 0.005563
0.005484 0.007552
0.005474 0.006520
0.005466 0.007749
0.005458 0.008551
0.005451 0.006680
0.005449 0.006188
0.005447 0.009175
0.005442 0.006017
0.005440 0.010202
0.005439 0.006100
0.005436 0.005526
0.005426 0.006619
0.005424 0.005427
0.005423 0.005426
0.005420 0.010477
0.005418 0.010717
0.005417 0.006357
0.005411 0.006711
0.005407 0.006891
0.005401 0.005750
0.005398 0.005801
0.005393 0.007330
0.005376 0.005383
0.005369 0.008162
0.005364 0.006517
0.005364 0.006227
0.005361 0.006296
0.005359 0.005753
0.005336 0.005921
0.005336 0.008002
0.005329 0.006197
0.005329 0.006881
0.005325 0.012880
0.005322 0.005839
0.005317 0.008003
0.005314 0.009054
0.005313 0.007665
0.005309 0.005948
0.005309 0.008332
0.005308 0.005863
0.005303 0.006896
0.005303 0.005925
0.005300 0.005521
0.005299 0.005301
0.005297 0.010566
0.005294 0.008209
0.005287 0.009120
0.005287 0.005886
0.005285 0.006776
0.005284 0.005759
0.005282 0.007050
0.005281 0.010000
0.005264 0.005266
0.005261 0.006036
0.005260 0.008365
0.005258 0.005299
0.005247 0.007153
0.005245 0.005331
0.005241 0.006591
0.005240 0.007206
0.005236 0.005354
0.005236 0.005488
0.005235 0.007960
0.005227 0.005458
0.005224 0.007471
0.005210 0.005527
0.005206 0.005753
0.005201 0.006134
0.005196 0.007944
0.005194 0.009866
0.005186 0.008590
0.005183 0.006024
0.005182 0.006237
0.005180 0.006269
0.005179 0.006156
0.005177 0.006208
0.005172 0.009314
0.005166 0.005950
0.005163 0.005420
0.005159 0.009201
0.005147 0.005841
0.005147 0.005608
0.005144 0.006274
0.005139 0.010129
0.005135 0.006247
0.005132 0.006603
0.005123 0.005648
0.005120 0.005995
0.005119 0.007409
0.005112 0.005230
0.005111 0.005339
0.005109 0.005238
0.005109 0.005223
0.005107 0.007490
0.005107 0.005194
0.005098 0.007600
0.005089 0.005495
0.005087 0.006885
0.005087 0.005286
0.005079 0.005981
0.005075 0.009156
0.005071 0.005399
0.005064 0.006361
0.005054 0.005111
0.005052 0.007500
0.005045 0.006165
0.005044 0.005192
0.005035 0.006433
0.005034 0.006031
0.005025 0.007339
0.005018 0.007978
0.005017 0.005231
0.005013 0.007988
0.005009 0.005500
0.004991 0.008863
0.004982 0.005894
0.004979 0.007891
0.004970 0.005435
0.004952 0.007417
0.004942 0.005939
0.004935 0.005378
0.004924 0.005522
0.004922 0.005018
0.004915 0.008428
0.004904 0.005143
0.004903 0.005117
0.004895 0.005592
0.004888 0.005614
0.004876 0.008275
0.004873 0.005970
0.004866 0.005117
0.004857 0.006258
0.004851 0.006163
0.004840 0.006125
0.004831 0.005562
0.004830 0.005528
0.004827 0.004834
0.004824 0.006383
0.004820 0.007396
0.004811 0.006038
0.004803 0.005881
0.004800 0.004934
0.004784 0.005231
0.004779 0.004832
0.004777 0.005029
0.004774 0.009513
0.004774 0.005223
0.004772 0.005886
0.004769 0.004957
0.004766 0.005614
0.004764 0.005353
0.004760 0.004975
0.004757 0.005504
0.004748 0.005957
0.004746 0.007555
0.004741 0.005344
0.004732 0.006016
0.004727 0.005288
0.004720 0.005096
0.004719 0.004778
0.004717 0.008067
0.004717 0.004840
0.004707 0.005282
0.004693 0.006575
0.004685 0.006112
0.004680 0.005612
0.004679 0.004693
0.004666 0.005060
0.004649 0.004730
0.004647 0.005140
0.004642 0.006382
0.004629 0.005735
0.004622 0.004757
0.004620 0.005477
0.004617 0.006779
0.004610 0.005445
0.004608 0.004661
0.004602 0.004718
0.004597 0.004623
0.004596 0.005277
0.004595 0.006111
0.004584 0.004586
0.004579 0.004824
0.004556 0.005406
0.004553 0.004925
0.004544 0.004939
0.004542 0.005318
0.004542 0.005831
0.004528 0.004851
0.004524 0.004832
0.004512 0.005140
0.004507 0.005002
0.004496 0.005462
0.004482 0.007073
0.004478 0.004838
0.004475 0.005561
0.004471 0.009578
0.004464 0.004782
0.004463 0.004504
0.004463 0.005252
0.004434 0.004747
0.004428 0.004886
0.004422 0.004549
0.004422 0.004730
0.004408 0.006125
0.004400 0.008235
0.004396 0.004699
0.004391 0.004560
0.004389 0.004865
0.004373 0.006001
0.004370 0.004439
0.004365 0.005269
0.004357 0.004545
0.004351 0.005340
0.004344 0.006378
0.004342 0.004429
0.004341 0.004500
0.004334 0.005820
0.004329 0.005860
0.004326 0.005118
0.004322 0.004687
0.004322 0.004498
0.004319 0.005672
0.004310 0.005410
0.004307 0.004896
0.004306 0.004552
0.004298 0.006840
0.004293 0.006295
0.004279 0.004989
0.004266 0.004557
0.004261 0.004292
0.004260 0.004702
0.004246 0.004538
0.004236 0.004624
0.004230 0.004578
0.004217 0.004651
0.004217 0.004342
0.004192 0.004756
0.004191 0.004361
0.004187 0.004248
0.004186 0.004500
0.004185 0.004241
0.004179 0.005177
0.004177 0.005896
0.004145 0.007145
0.004131 0.004342
0.004130 0.004865
0.004125 0.004631
0.004114 0.004918
0.004106 0.004145
0.004091 0.004370
0.004090 0.004176
0.004086 0.004604
0.004062 0.004311
0.004047 0.004667
0.004041 0.004609
0.004016 0.004529
0.004015 0.005529
0.003997 0.004030
0.003947 0.004317
0.003943 0.004235
0.003936 0.005046
0.003933 0.004802
0.003932 0.004529
0.003901 0.004154
0.003897 0.006566
0.003884 0.004627
0.003882 0.004106
0.003855 0.004954
0.003851 0.004266
0.003834 0.004276
0.003828 0.003888
0.003827 0.005420
0.003826 0.004118
0.003809 0.004065
0.003803 0.008381
0.003798 0.005971
0.003787 0.004556
0.003766 0.004301
0.003766 0.003779
0.003759 0.003912
0.003735 0.004391
0.003719 0.006894
0.003705 0.003733
0.003699 0.004085
0.003698 0.004277
0.003623 0.004118
0.003594 0.004139
0.003593 0.005215
0.003550 0.003998
0.003490 0.003736
0.003486 0.005409
0.003457 0.003571
0.003444 0.003826
0.003426 0.003714
0.003412 0.004420
0.003391 0.003446
0.003380 0.003729
0.003351 0.003516
0.003315 0.003491
0.003279 0.003446
0.003258 0.004212
0.003212 0.003820
0.003197 0.003909
0.003190 0.004256
0.003162 0.003841
0.003150 0.003552
0.003138 0.003624
0.003123 0.003208
0.003115 0.003679
0.003108 0.004159
0.003072 0.003238
0.003037 0.003221
0.002995 0.003301
0.002914 0.003124
0.002856 0.003114
0.002841 0.002952
0.002794 0.002864
0.002781 0.003140
0.002666 0.002811
0.002642 0.003459
0.002511 0.002859
0.002473 0.003016
0.002413 0.002577
0.002351 0.002617
0.002266 0.002295
0.001975 0.002299
0.001937 0.002136
