0.157319 0.159326
0.147972 0.150767
0.143022 0.153553
0.134717 0.152569
0.112103 0.116083
0.106354 0.118079
0.096665 0.098000
0.088009 0.104163
0.082933 0.120221
0.081837 0.103954
0.080677 0.095654
0.071872 0.081503
0.069745 0.081772
0.068389 0.084581
0.064051 0.066107
0.060444 0.072321
0.059836 0.066868
0.058602 0.063544
0.058595 0.069347
0.056205 0.065038
0.053444 0.056215
0.053290 0.069071
0.053288 0.057993
0.053220 0.054033
0.052984 0.053365
0.051239 0.073716
0.050422 0.064918
0.050360 0.053621
0.050359 0.050865
0.049934 0.055125
0.049771 0.053058
0.048957 0.054167
0.048255 0.050430
0.047837 0.049286
0.047334 0.049759
0.046839 0.055718
0.046784 0.049689
0.046368 0.054727
0.045440 0.048157
0.045355 0.057750
0.044972 0.087426
0.044959 0.064856
0.044838 0.049496
0.044822 0.045054
0.044406 0.049408
0.044333 0.045936
0.044165 0.044554
0.042526 0.046019
0.042224 0.043903
0.042150 0.042803
0.042107 0.046894
0.042064 0.044074
0.041907 0.049223
0.041702 0.046464
0.041679 0.042731
0.041276 0.059228
0.040072 0.054085
0.039646 0.046919
0.039044 0.046429
0.038709 0.080299
0.038408 0.048220
0.038202 0.046475
0.038081 0.041564
0.038021 0.038534
0.037632 0.050009
0.037622 0.048090
0.037491 0.039455
0.037451 0.048034
0.037136 0.043310
0.036973 0.049217
0.036835 0.037357
0.036571 0.047178
0.036495 0.040529
0.036245 0.037718
0.036039 0.051435
0.035571 0.038300
0.035481 0.058382
0.035373 0.040480
0.035146 0.036587
0.034953 0.041480
0.034750 0.049993
0.034541 0.047479
0.034517 0.040573
0.034455 0.059092
0.034067 0.040821
0.034014 0.052640
0.034002 0.044515
0.033724 0.034889
0.033524 0.044871
0.033432 0.034416
0.033364 0.038202
0.033287 0.035412
0.033181 0.043442
0.032653 0.043508
0.032587 0.033202
0.032554 0.052202
0.032546 0.035823
0.032395 0.040520
0.032383 0.034096
0.032244 0.032540
0.032107 0.035716
0.032042 0.032177
0.031993 0.034210
0.031889 0.046072
0.031371 0.032313
0.031326 0.031388
0.031227 0.039703
0.031133 0.033865
0.031092 0.031196
0.030694 0.040976
0.030630 0.037008
0.030304 0.032727
0.030187 0.031600
0.030149 0.033389
0.029886 0.042286
0.029767 0.038304
0.029718 0.031794
0.029694 0.030319
0.029543 0.042714
0.029481 0.046078
0.029466 0.037685
0.029239 0.032639
0.029174 0.029729
0.029143 0.034603
0.029136 0.034112
0.029054 0.032977
0.029042 0.045844
0.028769 0.039850
0.028644 0.029258
0.028223 0.031613
0.028218 0.036362
0.028207 0.030169
0.028103 0.035432
0.027966 0.031799
0.027947 0.036524
0.027942 0.034979
0.027703 0.028416
0.027702 0.047907
0.027673 0.027825
0.027449 0.032105
0.027354 0.034568
0.027340 0.037919
0.027245 0.034124
0.027186 0.036016
0.027071 0.031568
0.026912 0.028316
0.026852 0.027220
0.026823 0.038523
0.026475 0.046913
0.026395 0.029889
0.026216 0.026600
0.026016 0.028410
0.025948 0.028205
0.025863 0.051652
0.025780 0.028535
0.025441 0.030188
0.025238 0.028168
0.025176 0.034182
0.024986 0.027792
0.024982 0.036590
0.024891 0.026913
0.024851 0.027256
0.024767 0.027722
0.024758 0.035571
0.024748 0.029966
0.024722 0.029546
0.024654 0.030029
0.024630 0.028953
0.024382 0.030595
0.024215 0.024355
0.024047 0.028256
0.023883 0.027891
0.023702 0.029856
0.023665 0.025945
0.023550 0.026838
0.023496 0.025258
0.023416 0.029760
0.023279 0.025498
0.023251 0.028679
0.023179 0.024511
0.023164 0.025880
0.023161 0.023689
0.023096 0.023881
0.023064 0.024070
0.023003 0.034861
0.022938 0.025892
0.022934 0.031094
0.022858 0.023005
0.022842 0.025527
0.022790 0.039529
0.022698 0.025156
0.022685 0.035568
0.022676 0.025024
0.022668 0.027367
0.022633 0.024170
0.022597 0.024269
0.022587 0.027810
0.022587 0.023935
0.022587 0.025773
0.022463 0.031176
0.022456 0.024529
0.022361 0.024116
0.022321 0.023089
0.022288 0.024386
0.022279 0.025322
0.022241 0.028516
0.022102 0.022791
0.022098 0.023571
0.022094 0.033238
0.022077 0.022372
0.021982 0.022455
0.021910 0.022801
0.021889 0.024042
0.021855 0.035862
0.021849 0.026457
0.021821 0.025742
0.021714 0.024256
0.021705 0.037294
0.021666 0.026146
0.021614 0.025722
0.021550 0.027076
0.021535 0.021566
0.021501 0.021806
0.021420 0.023457
0.021321 0.022160
0.021320 0.021815
0.021310 0.023194
0.021300 0.024467
0.021278 0.021824
0.021240 0.021905
0.021212 0.022629
0.021210 0.029777
0.021181 0.031647
0.021162 0.021455
0.021120 0.028907
0.021084 0.021130
0.021080 0.034919
0.021037 0.037379
0.020999 0.023190
0.020959 0.023773
0.020956 0.022473
0.020945 0.035849
0.020911 0.025275
0.020857 0.024766
0.020827 0.021278
0.020781 0.021172
0.020758 0.020776
0.020748 0.026076
0.020693 0.031559
0.020667 0.027328
0.020512 0.025802
0.020496 0.027127
0.020465 0.021149
0.020441 0.022656
0.020428 0.023037
0.020353 0.020807
0.020353 0.023536
0.020311 0.023201
0.020298 0.020833
0.020292 0.030518
0.020275 0.020914
0.020244 0.025342
0.020195 0.028429
0.020144 0.029645
0.020135 0.020840
0.020134 0.021763
0.020125 0.021603
0.020122 0.025394
0.020107 0.021745
0.020064 0.029237
0.020063 0.025557
0.020053 0.020592
0.019930 0.021251
0.019866 0.030846
0.019846 0.020491
0.019766 0.022042
0.019737 0.020480
0.019708 0.020130
0.019695 0.020441
0.019680 0.029288
0.019654 0.029501
0.019640 0.041479
0.019573 0.030457
0.019543 0.020227
0.019475 0.023993
0.019460 0.025400
0.019414 0.021887
0.019371 0.026514
0.019350 0.020435
0.019298 0.020366
0.019293 0.021993
0.019180 0.020642
0.019167 0.022737
0.019151 0.021078
0.019146 0.024068
0.019134 0.034009
0.019123 0.021159
0.019109 0.019200
0.019100 0.021033
0.019093 0.025538
0.019063 0.031002
0.019028 0.024612
0.019004 0.021040
0.018999 0.020998
0.018989 0.022613
0.018890 0.022061
0.018882 0.019555
0.018877 0.018927
0.018877 0.022901
0.018841 0.019300
0.018828 0.019126
0.018801 0.024934
0.018787 0.019878
0.018756 0.022585
0.018741 0.028314
0.018730 0.020861
0.018722 0.018933
0.018710 0.027162
0.018657 0.020480
0.018657 0.022229
0.018656 0.026005
0.018640 0.019954
0.018579 0.023047
0.018542 0.020551
0.018536 0.019799
0.018495 0.023391
0.018409 0.018470
0.018366 0.018610
0.018357 0.027983
0.018345 0.018612
0.018344 0.020522
0.018325 0.019620
0.018284 0.028321
0.018279 0.021302
0.018242 0.020251
0.018221 0.024238
0.018218 0.020044
0.018189 0.019034
0.018173 0.018430
0.018157 0.025907
0.018152 0.020438
0.018151 0.020312
0.018149 0.019995
0.018139 0.038661
0.018074 0.023621
0.018056 0.018523
0.018037 0.021112
0.018008 0.020824
0.017933 0.021003
0.017928 0.018931
0.017910 0.019266
0.017875 0.019110
0.017826 0.018259
0.017799 0.018557
0.017797 0.019075
0.017793 0.020194
0.017782 0.018589
0.017760 0.024367
0.017741 0.018133
0.017704 0.019868
0.017693 0.025184
0.017665 0.018219
0.017651 0.021787
0.017624 0.029862
0.017567 0.020102
0.017566 0.031339
0.017564 0.019525
0.017540 0.025594
0.017526 0.019748
0.017523 0.020720
0.017523 0.017964
0.017500 0.022570
0.017498 0.030537
0.017471 0.017531
0.017462 0.017687
0.017428 0.020345
0.017409 0.021045
0.017408 0.017570
0.017391 0.019043
0.017384 0.020131
0.017365 0.022784
0.017331 0.019996
0.017327 0.021571
0.017318 0.017965
0.017312 0.019618
0.017307 0.020167
0.017306 0.021785
0.017297 0.021467
0.017297 0.017767
0.017296 0.018067
0.017277 0.044719
0.017244 0.019882
0.017237 0.021049
0.017191 0.018110
0.017125 0.027409
0.017111 0.031330
0.017111 0.021828
0.017111 0.025029
0.017094 0.018699
0.017079 0.017646
0.017073 0.025093
0.017053 0.018606
0.017016 0.017940
0.017000 0.018333
0.016969 0.030493
0.016941 0.023413
0.016914 0.018602
0.016899 0.017775
0.016897 0.017551
0.016856 0.017558
0.016855 0.024662
0.016832 0.024966
0.016831 0.017915
0.016828 0.021281
0.016818 0.017461
0.016785 0.019701
0.016784 0.019972
0.016770 0.026891
0.016755 0.022491
0.016745 0.017216
0.016702 0.028582
0.016684 0.018842
0.016670 0.016824
0.016654 0.022530
0.016605 0.020850
0.016601 0.016797
0.016576 0.016843
0.016562 0.032718
0.016558 0.017786
0.016552 0.019656
0.016547 0.030154
0.016531 0.016777
0.016508 0.016782
0.016502 0.017137
0.016459 0.017703
0.016450 0.016791
0.016439 0.018587
0.016430 0.028634
0.016429 0.017371
0.016425 0.016613
0.016406 0.022357
0.016406 0.017674
0.016403 0.023071
0.016385 0.017257
0.016374 0.016733
0.016355 0.020364
0.016310 0.022404
0.016295 0.018141
0.016292 0.017965
0.016287 0.026605
0.016279 0.020106
0.016264 0.031733
0.016229 0.020517
0.016226 0.017408
0.016204 0.022415
0.016155 0.022745
0.016130 0.017304
0.016127 0.021113
0.016110 0.019888
0.016092 0.019051
0.016086 0.017735
0.016080 0.017850
0.016068 0.024909
0.016066 0.016147
0.016054 0.018380
0.016046 0.016064
0.016043 0.017975
0.016028 0.025668
0.016012 0.016708
0.016011 0.018280
0.015991 0.016546
0.015975 0.023458
0.015933 0.018020
0.015892 0.024945
0.015846 0.027202
0.015831 0.020846
0.015830 0.017691
0.015827 0.018274
0.015819 0.020604
0.015808 0.015887
0.015780 0.019577
0.015757 0.029489
0.015755 0.016387
0.015749 0.017011
0.015743 0.015754
0.015719 0.021795
0.015717 0.038055
0.015708 0.020077
0.015697 0.017149
0.015674 0.034286
0.015671 0.027071
0.015608 0.018757
0.015603 0.037309
0.015594 0.022036
0.015573 0.017490
0.015542 0.022592
0.015513 0.024689
0.015512 0.016767
0.015472 0.016628
0.015468 0.016755
0.015455 0.022046
0.015444 0.019208
0.015402 0.017911
0.015402 0.015451
0.015384 0.016669
0.015364 0.015833
0.015361 0.017902
0.015359 0.016028
0.015354 0.020642
0.015351 0.021482
0.015315 0.016258
0.015307 0.016681
0.015271 0.017379
0.015268 0.017808
0.015263 0.015456
0.015238 0.023775
0.015215 0.016103
0.015204 0.016053
0.015186 0.019025
0.015184 0.023843
0.015163 0.016822
0.015147 0.016980
0.015137 0.015725
0.015126 0.022927
0.015122 0.016223
0.015102 0.019126
0.015085 0.025756
0.015085 0.016619
0.015076 0.019204
0.015074 0.015355
0.015072 0.015751
0.015067 0.017938
0.015065 0.018080
0.015056 0.016615
0.015053 0.019388
0.015050 0.018051
0.015017 0.015945
0.014994 0.015524
0.014973 0.015044
0.014948 0.016206
0.014933 0.017996
0.014923 0.015259
0.014899 0.015099
0.014881 0.018768
0.014857 0.015352
0.014844 0.015940
0.014837 0.023984
0.014818 0.022360
0.014797 0.025178
0.014730 0.014935
0.014717 0.015401
0.014706 0.016420
0.014699 0.015021
0.014691 0.018041
0.014688 0.015216
0.014672 0.023979
0.014660 0.016629
0.014654 0.015443
0.014639 0.014977
0.014624 0.017546
0.014623 0.018266
0.014616 0.016514
0.014588 0.020892
0.014565 0.016957
0.014544 0.016118
0.014542 0.017788
0.014515 0.016257
0.014490 0.014535
0.014465 0.017472
0.014462 0.015160
0.014444 0.014704
0.014430 0.014437
0.014402 0.017515
0.014395 0.015225
0.014391 0.016097
0.014384 0.015537
0.014381 0.017024
0.014369 0.030700
0.014365 0.016752
0.014361 0.014860
0.014361 0.015784
0.014342 0.018982
0.014337 0.017381
0.014330 0.014916
0.014328 0.016798
0.014319 0.028990
0.014317 0.016980
0.014295 0.017813
0.014284 0.014393
0.014280 0.015011
0.014278 0.021457
0.014270 0.015985
0.014266 0.018322
0.014262 0.016094
0.014260 0.020954
0.014241 0.014879
0.014237 0.014991
0.014211 0.017511
0.014194 0.014760
0.014193 0.019969
0.014188 0.014263
0.014188 0.015785
0.014185 0.016318
0.014183 0.024108
0.014180 0.018400
0.014175 0.014567
0.014170 0.030469
0.014162 0.016616
0.014162 0.016220
0.014159 0.029297
0.014154 0.015707
0.014145 0.017431
0.014104 0.015570
0.014060 0.014511
0.014041 0.016483
0.014039 0.027493
0.014030 0.023548
0.014030 0.015490
0.014029 0.017006
0.014027 0.014885
0.014022 0.014378
0.014021 0.023686
0.014011 0.017784
0.014011 0.015553
0.014001 0.018952
0.014001 0.014660
0.013998 0.023964
0.013990 0.014019
0.013985 0.015183
0.013981 0.014865
0.013979 0.016009
0.013974 0.015559
0.013958 0.018574
0.013950 0.025194
0.013911 0.016511
0.013905 0.014350
0.013876 0.013884
0.013871 0.022333
0.013870 0.013910
0.013864 0.017269
0.013848 0.025347
0.013832 0.023051
0.013804 0.014805
0.013797 0.014436
0.013791 0.017574
0.013791 0.021058
0.013778 0.013810
0.013772 0.016098
0.013759 0.014298
0.013748 0.018369
0.013745 0.017410
0.013738 0.015780
0.013737 0.016787
0.013735 0.014663
0.013734 0.026406
0.013725 0.025558
0.013703 0.015811
0.013680 0.019105
0.013640 0.016388
0.013636 0.015331
0.013636 0.013960
0.013632 0.015154
0.013620 0.017470
0.013614 0.013964
0.013605 0.013932
0.013605 0.015116
0.013603 0.014558
0.013599 0.017905
0.013594 0.017860
0.013591 0.019326
0.013583 0.013725
0.013581 0.016265
0.013576 0.013986
0.013565 0.021435
0.013561 0.015813
0.013560 0.013893
0.013547 0.014047
0.013524 0.013531
0.013515 0.014355
0.013501 0.014937
0.013474 0.014666
0.013473 0.013646
0.013445 0.015491
0.013425 0.016874
0.013415 0.014929
0.013414 0.016004
0.013386 0.013737
0.013383 0.013517
0.013368 0.014130
0.013362 0.014744
0.013358 0.013435
0.013352 0.015696
0.013348 0.021789
0.013337 0.016903
0.013320 0.015982
0.013311 0.016106
0.013297 0.014607
0.013290 0.016229
0.013289 0.013437
0.013265 0.019050
0.013258 0.018041
0.013253 0.014157
0.013224 0.013231
0.013212 0.015713
0.013207 0.014437
0.013204 0.018288
0.013187 0.014715
0.013169 0.018121
0.013168 0.016467
0.013163 0.013347
0.013148 0.014452
0.013138 0.017520
0.013136 0.015196
0.013128 0.014385
0.013123 0.017746
0.013117 0.021270
0.013106 0.017221
0.013105 0.016163
0.013105 0.014042
0.013100 0.014853
0.013098 0.014969
0.013067 0.020476
0.013062 0.014301
0.013041 0.016989
0.013035 0.017203
0.013034 0.021871
0.013030 0.014866
0.013029 0.017491
0.013023 0.021139
0.013020 0.013451
0.013018 0.013383
0.013017 0.015600
0.013016 0.015742
0.013010 0.014892
0.012996 0.014095
0.012965 0.013416
0.012953 0.013815
0.012949 0.017773
0.012947 0.013166
0.012932 0.013990
0.012928 0.013014
0.012926 0.013147
0.012916 0.020250
0.012912 0.029378
0.012875 0.015089
0.012875 0.013878
0.012871 0.019177
0.012870 0.013042
0.012866 0.013688
0.012865 0.014009
0.012861 0.021553
0.012843 0.014756
0.012840 0.021347
0.012820 0.017169
0.012811 0.015375
0.012808 0.013611
0.012800 0.018691
0.012793 0.017010
0.012787 0.016413
0.012787 0.017045
0.012786 0.014210
0.012782 0.013460
0.012771 0.017294
0.012771 0.016914
0.012743 0.017135
0.012738 0.016099
0.012722 0.014776
0.012717 0.017253
0.012709 0.019913
0.012693 0.013578
0.012682 0.016483
0.012678 0.013470
0.012677 0.013849
0.012666 0.016488
0.012660 0.023171
0.012660 0.014867
0.012659 0.013895
0.012648 0.016449
0.012633 0.015953
0.012623 0.014279
0.012589 0.014446
0.012586 0.015226
0.012585 0.014117
0.012576 0.012650
0.012575 0.013186
0.012571 0.015657
0.012570 0.014466
0.012570 0.013064
0.012558 0.013182
0.012557 0.013322
0.012556 0.016836
0.012555 0.016703
0.012544 0.013014
0.012543 0.014364
0.012530 0.026795
0.012522 0.014303
0.012511 0.012760
0.012506 0.014138
0.012502 0.013707
0.012502 0.014415
0.012499 0.012545
0.012497 0.014514
0.012495 0.013363
0.012489 0.013905
0.012485 0.022219
0.012479 0.014115
0.012476 0.015182
0.012451 0.013020
0.012451 0.022150
0.012434 0.014158
0.012431 0.016297
0.012416 0.014689
0.012410 0.017162
0.012392 0.012889
0.012389 0.013999
0.012382 0.013417
0.012379 0.013012
0.012374 0.015084
0.012369 0.013045
0.012361 0.017851
0.012355 0.021082
0.012353 0.025038
0.012343 0.013632
0.012323 0.014870
0.012322 0.012580
0.012316 0.019879
0.012310 0.017571
0.012299 0.024260
0.012290 0.015063
0.012289 0.013186
0.012286 0.013996
0.012274 0.027108
0.012270 0.019160
0.012250 0.016482
0.012249 0.016416
0.012248 0.020953
0.012243 0.015104
0.012221 0.013931
0.012217 0.013015
0.012217 0.018002
0.012214 0.012365
0.012206 0.014059
0.012192 0.027063
0.012190 0.013874
0.012186 0.021639
0.012182 0.012592
0.012178 0.021959
0.012174 0.012225
0.012170 0.012501
0.012165 0.020713
0.012162 0.014199
0.012162 0.012978
0.012161 0.016461
0.012154 0.012604
0.012152 0.015684
0.012132 0.015531
0.012124 0.021497
0.012117 0.016734
0.012107 0.014854
0.012106 0.017992
0.012100 0.013016
0.012099 0.020682
0.012097 0.013263
0.012086 0.013284
0.012082 0.017570
0.012079 0.016803
0.012075 0.020698
0.012070 0.015410
0.012060 0.019334
0.012048 0.013658
0.012041 0.018485
0.012034 0.013656
0.012028 0.013325
0.012024 0.021760
0.012019 0.012547
0.012014 0.012322
0.012006 0.015284
0.012001 0.012015
0.012000 0.018043
0.011999 0.016942
0.011992 0.015901
0.011990 0.012429
0.011988 0.012547
0.011981 0.013391
0.011963 0.014854
0.011953 0.025943
0.011943 0.016360
0.011941 0.019323
0.011936 0.014126
0.011930 0.019384
0.011922 0.014425
0.011922 0.012306
0.011914 0.015118
0.011910 0.015540
0.011907 0.013383
0.011900 0.014577
0.011897 0.012870
0.011897 0.012687
0.011892 0.015644
0.011891 0.014814
0.011891 0.012039
0.011886 0.018719
0.011883 0.014493
0.011876 0.019760
0.011871 0.013784
0.011869 0.012092
0.011867 0.014220
0.011867 0.014149
0.011866 0.017977
0.011863 0.011922
0.011861 0.014174
0.011849 0.015248
0.011845 0.012994
0.011842 0.012330
0.011834 0.012659
0.011817 0.015710
0.011815 0.015766
0.011815 0.014088
0.011814 0.011965
0.011812 0.014677
0.011801 0.014099
0.011800 0.012061
0.011796 0.012373
0.011777 0.012912
0.011774 0.016186
0.011773 0.012568
0.011765 0.021494
0.011763 0.012636
0.011754 0.012953
0.011751 0.012348
0.011751 0.019077
0.011751 0.012584
0.011745 0.013581
0.011739 0.013625
0.011731 0.019124
0.011731 0.011817
0.011730 0.012054
0.011729 0.014318
0.011723 0.014856
0.011723 0.013204
0.011721 0.021246
0.011720 0.014654
0.011713 0.012831
0.011706 0.020250
0.011704 0.012911
0.011704 0.012100
0.011703 0.013931
0.011701 0.017657
0.011699 0.013325
0.011697 0.011879
0.011695 0.013375
0.011692 0.017161
0.011686 0.012907
0.011678 0.016666
0.011669 0.016641
0.011653 0.012305
0.011647 0.020082
0.011635 0.012801
0.011631 0.012337
0.011630 0.020687
0.011628 0.011846
0.011623 0.022757
0.011620 0.015069
0.011610 0.018757
0.011601 0.011970
0.011595 0.012458
0.011590 0.012450
0.011589 0.011699
0.011567 0.011676
0.011567 0.012560
0.011566 0.011865
0.011559 0.013823
0.011555 0.014089
0.011554 0.013842
0.011523 0.014849
0.011521 0.020360
0.011505 0.012569
0.011500 0.011648
0.011498 0.015271
0.011498 0.018217
0.011489 0.012136
0.011484 0.019670
0.011482 0.013957
0.011475 0.012996
0.011463 0.016495
0.011463 0.018778
0.011447 0.018344
0.011446 0.012038
0.011444 0.013695
0.011442 0.011751
0.011438 0.019108
0.011426 0.014916
0.011420 0.025200
0.011419 0.013893
0.011418 0.014799
0.011399 0.012563
0.011374 0.016138
0.011363 0.011818
0.011356 0.014575
0.011352 0.012055
0.011352 0.012272
0.011351 0.015632
0.011344 0.018040
0.011343 0.016402
0.011338 0.014252
0.011334 0.012233
0.011333 0.012658
0.011325 0.012475
0.011318 0.015384
0.011313 0.011754
0.011310 0.013298
0.011308 0.023482
0.011300 0.029127
0.011297 0.014736
0.011296 0.014822
0.011295 0.012020
0.011294 0.017025
0.011284 0.012458
0.011276 0.016685
0.011270 0.011311
0.011266 0.011830
0.011253 0.015730
0.011244 0.013464
0.011243 0.014779
0.011243 0.016527
0.011227 0.019823
0.011227 0.011574
0.011226 0.017575
0.011224 0.017635
0.011222 0.012725
0.011215 0.018953
0.011214 0.015453
0.011214 0.011451
0.011209 0.011215
0.011208 0.014881
0.011204 0.020286
0.011199 0.012162
0.011196 0.017287
0.011195 0.014318
0.011189 0.014505
0.011188 0.013994
0.011188 0.011400
0.011186 0.013144
0.011177 0.012346
0.011163 0.012707
0.011162 0.014673
0.011152 0.011532
0.011148 0.017234
0.011143 0.012471
0.011139 0.011547
0.011134 0.012545
0.011123 0.013144
0.011121 0.011338
0.011118 0.021482
0.011112 0.014888
0.011112 0.016200
0.011099 0.015689
0.011097 0.012514
0.011090 0.015910
0.011077 0.018338
0.011068 0.012457
0.011058 0.012119
0.011056 0.017048
0.011055 0.013920
0.011050 0.012185
0.011049 0.011126
0.011044 0.014317
0.011042 0.011699
0.011030 0.013968
0.011026 0.016352
0.011024 0.012943
0.011019 0.021378
0.011014 0.011362
0.011010 0.013219
0.011005 0.011575
0.010996 0.017566
0.010992 0.013030
0.010988 0.014576
0.010984 0.013162
0.010980 0.020271
0.010980 0.012320
0.010962 0.012250
0.010958 0.012060
0.010947 0.013785
0.010946 0.016285
0.010943 0.015527
0.010940 0.013353
0.010934 0.024043
0.010930 0.012010
0.010926 0.014568
0.010912 0.011953
0.010891 0.011028
0.010884 0.010955
0.010882 0.018860
0.010879 0.012984
0.010863 0.012171
0.010860 0.012981
0.010860 0.012509
0.010858 0.012414
0.010856 0.016547
0.010852 0.011883
0.010841 0.022588
0.010829 0.012771
0.010827 0.013661
0.010827 0.013856
0.010809 0.011858
0.010800 0.011939
0.010793 0.011902
0.010790 0.017311
0.010782 0.015362
0.010771 0.013328
0.010771 0.017914
0.010762 0.015668
0.010759 0.023709
0.010749 0.011407
0.010749 0.017302
0.010738 0.025391
0.010715 0.011275
0.010706 0.011618
0.010704 0.010998
0.010703 0.013098
0.010700 0.012901
0.010690 0.011847
0.010687 0.013783
0.010674 0.013024
0.010671 0.011885
0.010661 0.012044
0.010656 0.011110
0.010649 0.012086
0.010646 0.014486
0.010645 0.013775
0.010639 0.017361
0.010638 0.011164
0.010632 0.013765
0.010629 0.011034
0.010621 0.014993
0.010617 0.019563
0.010617 0.012617
0.010615 0.024486
0.010611 0.018793
0.010599 0.018185
0.010596 0.011498
0.010592 0.011353
0.010587 0.012134
0.010567 0.015365
0.010555 0.010785
0.010555 0.011526
0.010553 0.011016
0.010543 0.011445
0.010540 0.011008
0.010528 0.013645
0.010511 0.015698
0.010511 0.011305
0.010509 0.011059
0.010497 0.016222
0.010497 0.015052
0.010492 0.013929
0.010478 0.012083
0.010467 0.012130
0.010464 0.010881
0.010463 0.011205
0.010461 0.011601
0.010459 0.012357
0.010450 0.026042
0.010440 0.011718
0.010437 0.015305
0.010436 0.010599
0.010436 0.010633
0.010431 0.015927
0.010428 0.012954
0.010419 0.015034
0.010401 0.012938
0.010386 0.012147
0.010384 0.010802
0.010381 0.021385
0.010378 0.015770
0.010366 0.011305
0.010364 0.012688
0.010356 0.010373
0.010348 0.010405
0.010346 0.011533
0.010346 0.011575
0.010339 0.015124
0.010334 0.012563
0.010333 0.016318
0.010331 0.010873
0.010328 0.010403
0.010317 0.018683
0.010313 0.017320
0.010311 0.010663
0.010303 0.011206
0.010297 0.020495
0.010294 0.011725
0.010284 0.012070
0.010283 0.010928
0.010281 0.010535
0.010278 0.013084
0.010276 0.010325
0.010272 0.016413
0.010265 0.016512
0.010264 0.014152
0.010256 0.012133
0.010251 0.011345
0.010249 0.013846
0.010243 0.011449
0.010242 0.012104
0.010232 0.020495
0.010230 0.011419
0.010227 0.019898
0.010222 0.014853
0.010215 0.011207
0.010215 0.011358
0.010213 0.012225
0.010207 0.011361
0.010202 0.010276
0.010202 0.011232
0.010201 0.010408
0.010201 0.011344
0.010201 0.013032
0.010187 0.010749
0.010184 0.010648
0.010183 0.021450
0.010179 0.014280
0.010175 0.010442
0.010174 0.011677
0.010173 0.010408
0.010169 0.012274
0.010166 0.015688
0.010163 0.010614
0.010162 0.013375
0.010156 0.010672
0.010150 0.010285
0.010148 0.017432
0.010138 0.010594
0.010137 0.012345
0.010130 0.012498
0.010127 0.011969
0.010120 0.012311
0.010120 0.010671
0.010118 0.011179
0.010116 0.011292
0.010116 0.010598
0.010114 0.013239
0.010100 0.011160
0.010088 0.016123
0.010082 0.011172
0.010079 0.023860
0.010075 0.010343
0.010074 0.011131
0.010070 0.013201
0.010061 0.010672
0.010054 0.016957
0.010053 0.017705
0.010053 0.014267
0.010050 0.019550
0.010046 0.012236
0.010041 0.016105
0.010040 0.010942
0.010040 0.012405
0.010039 0.012117
0.010038 0.015014
0.010037 0.012132
0.010030 0.013292
0.010027 0.010296
0.010026 0.020318
0.010024 0.011811
0.010021 0.010514
0.010009 0.011038
0.010008 0.010270
0.010004 0.014039
0.010003 0.010920
0.009990 0.020087
0.009985 0.011716
0.009978 0.014909
0.009977 0.010643
0.009967 0.019445
0.009958 0.011659
0.009953 0.011232
0.009952 0.019421
0.009952 0.011983
0.009951 0.021593
0.009950 0.011722
0.009936 0.010353
0.009935 0.012309
0.009933 0.010694
0.009926 0.010818
0.009924 0.011225
0.009920 0.010442
0.009916 0.010916
0.009912 0.014437
0.009912 0.012190
0.009912 0.011092
0.009904 0.013233
0.009896 0.010575
0.009892 0.014787
0.009886 0.011311
0.009886 0.011099
0.009886 0.010441
0.009877 0.009889
0.009874 0.010646
0.009873 0.015376
0.009873 0.011244
0.009872 0.014273
0.009871 0.015927
0.009859 0.022137
0.009855 0.020009
0.009850 0.010655
0.009839 0.010017
0.009819 0.013406
0.009812 0.021168
0.009811 0.018263
0.009798 0.020790
0.009796 0.014547
0.009794 0.010303
0.009789 0.010644
0.009774 0.015524
0.009772 0.011772
0.009769 0.010433
0.009766 0.014936
0.009761 0.011858
0.009755 0.024458
0.009747 0.012343
0.009743 0.010745
0.009739 0.011235
0.009736 0.010644
0.009728 0.009811
0.009726 0.013687
0.009719 0.010404
0.009715 0.013258
0.009702 0.009805
0.009698 0.010550
0.009697 0.011975
0.009670 0.014528
0.009665 0.011592
0.009656 0.015520
0.009654 0.015677
0.009650 0.013018
0.009640 0.019834
0.009636 0.011873
0.009636 0.013493
0.009631 0.010042
0.009628 0.013635
0.009626 0.012417
0.009621 0.010473
0.009619 0.010851
0.009611 0.009819
0.009609 0.016182
0.009604 0.012470
0.009603 0.012559
0.009603 0.011613
0.009601 0.012532
0.009601 0.012121
0.009595 0.010470
0.009591 0.011242
0.009586 0.016221
0.009584 0.010730
0.009583 0.012925
0.009580 0.010089
0.009578 0.011493
0.009577 0.013067
0.009573 0.018082
0.009568 0.011001
0.009566 0.009701
0.009564 0.011567
0.009564 0.010077
0.009563 0.011220
0.009558 0.018322
0.009556 0.015487
0.009543 0.010517
0.009542 0.010068
0.009537 0.012880
0.009536 0.010288
0.009533 0.009821
0.009532 0.012602
0.009528 0.011870
0.009521 0.010341
0.009521 0.014787
0.009513 0.009622
0.009512 0.011648
0.009511 0.012238
0.009510 0.009765
0.009492 0.015324
0.009488 0.013498
0.009482 0.010357
0.009470 0.012102
0.009462 0.014350
0.009458 0.009983
0.009448 0.009768
0.009447 0.011053
0.009445 0.009793
0.009440 0.012245
0.009440 0.015351
0.009436 0.013126
0.009435 0.010730
0.009434 0.009919
0.009428 0.010245
0.009423 0.014075
0.009414 0.012154
0.009406 0.009875
0.009405 0.019412
0.009405 0.015373
0.009401 0.018140
0.009398 0.009797
0.009392 0.011689
0.009392 0.009620
0.009391 0.011939
0.009390 0.009532
0.009390 0.009790
0.009377 0.010647
0.009367 0.021880
0.009350 0.011970
0.009347 0.009852
0.009346 0.009871
0.009342 0.020491
0.009337 0.017366
0.009334 0.016175
0.009331 0.016737
0.009330 0.010250
0.009330 0.009949
0.009323 0.010506
0.009323 0.010933
0.009322 0.009515
0.009321 0.012358
0.009317 0.009608
0.009316 0.010154
0.009314 0.012678
0.009310 0.009373
0.009300 0.013049
0.009291 0.014531
0.009289 0.012787
0.009285 0.011221
0.009276 0.011594
0.009275 0.011476
0.009267 0.009280
0.009264 0.011010
0.009261 0.014452
0.009259 0.011866
0.009258 0.009744
0.009253 0.011102
0.009252 0.011766
0.009251 0.010223
0.009244 0.014738
0.009242 0.014641
0.009237 0.010830
0.009234 0.013815
0.009234 0.010927
0.009232 0.012308
0.009230 0.009300
0.009229 0.010791
0.009227 0.011118
0.009220 0.014706
0.009217 0.014873
0.009208 0.009515
0.009208 0.012945
0.009208 0.011295
0.009207 0.009300
0.009203 0.009631
0.009199 0.009767
0.009188 0.011637
0.009186 0.011900
0.009186 0.012764
0.009170 0.010266
0.009150 0.009669
0.009142 0.011090
0.009124 0.010592
0.009122 0.010258
0.009115 0.010328
0.009114 0.009608
0.009100 0.014841
0.009093 0.010678
0.009091 0.015165
0.009090 0.011793
0.009089 0.009666
0.009078 0.009290
0.009077 0.010532
0.009073 0.009278
0.009064 0.019617
0.009062 0.011308
0.009061 0.009525
0.009060 0.011575
0.009054 0.009343
0.009051 0.009249
0.009031 0.009042
0.009021 0.009787
0.009018 0.015687
0.009002 0.010472
0.009001 0.025392
0.008999 0.015016
0.008997 0.013107
0.008993 0.013224
0.008988 0.011287
0.008977 0.010921
0.008970 0.012006
0.008967 0.013823
0.008961 0.012078
0.008952 0.009326
0.008944 0.009412
0.008936 0.010277
0.008934 0.010644
0.008933 0.014575
0.008928 0.010598
0.008926 0.009637
0.008924 0.013601
0.008920 0.010121
0.008918 0.013017
0.008915 0.012747
0.008905 0.009139
0.008904 0.011142
0.008896 0.011895
0.008892 0.010694
0.008890 0.013737
0.008890 0.020108
0.008889 0.009753
0.008885 0.009786
0.008882 0.009201
0.008879 0.011003
0.008878 0.011601
0.008877 0.010372
0.008874 0.009915
0.008873 0.009757
0.008872 0.013511
0.008871 0.011305
0.008869 0.008871
0.008862 0.010175
0.008862 0.011092
0.008858 0.009407
0.008858 0.010228
0.008857 0.009614
0.008854 0.009942
0.008849 0.009053
0.008843 0.010575
0.008840 0.009775
0.008833 0.009423
0.008830 0.015623
0.008829 0.008986
0.008829 0.012542
0.008814 0.009938
0.008808 0.010829
0.008808 0.011935
0.008799 0.009119
0.008796 0.009047
0.008795 0.009545
0.008792 0.009009
0.008789 0.008851
0.008788 0.010628
0.008782 0.009410
0.008766 0.008928
0.008760 0.010511
0.008747 0.008942
0.008744 0.009674
0.008735 0.010773
0.008734 0.011410
0.008733 0.009804
0.008733 0.016780
0.008729 0.016650
0.008722 0.009708
0.008722 0.009044
0.008719 0.013124
0.008717 0.009403
0.008715 0.018560
0.008707 0.018677
0.008701 0.013925
0.008701 0.009067
0.008696 0.010595
0.008694 0.018734
0.008690 0.011681
0.008688 0.009246
0.008674 0.010944
0.008667 0.009112
0.008667 0.010833
0.008662 0.014204
0.008662 0.012925
0.008661 0.008907
0.008653 0.009086
0.008639 0.010595
0.008639 0.013130
0.008633 0.013053
0.008633 0.010691
0.008624 0.016330
0.008620 0.013325
0.008615 0.009249
0.008611 0.008945
0.008605 0.008777
0.008604 0.009689
0.008600 0.010556
0.008587 0.008738
0.008580 0.008916
0.008577 0.009280
0.008568 0.009951
0.008567 0.010507
0.008560 0.012956
0.008557 0.012246
0.008555 0.008704
0.008555 0.010559
0.008549 0.010705
0.008546 0.009612
0.008546 0.008618
0.008542 0.010202
0.008542 0.008964
0.008541 0.010503
0.008530 0.008777
0.008519 0.016053
0.008512 0.010017
0.008511 0.011111
0.008507 0.011395
0.008504 0.015834
0.008500 0.013216
0.008497 0.010203
0.008480 0.008738
0.008473 0.011418
0.008463 0.008545
0.008462 0.011810
0.008461 0.010221
0.008458 0.008610
0.008455 0.009093
0.008454 0.009353
0.008452 0.010135
0.008438 0.013713
0.008427 0.008942
0.008423 0.009567
0.008420 0.008776
0.008413 0.008430
0.008404 0.010478
0.008404 0.009859
0.008402 0.010605
0.008401 0.009324
0.008384 0.009203
0.008375 0.010631
0.008367 0.008414
0.008362 0.008446
0.008354 0.009262
0.008352 0.008688
0.008348 0.010079
0.008345 0.009545
0.008342 0.009943
0.008341 0.009748
0.008338 0.008596
0.008324 0.010855
0.008321 0.008843
0.008304 0.008532
0.008300 0.011382
0.008286 0.020320
0.008285 0.012347
0.008284 0.016729
0.008279 0.011487
0.008273 0.009889
0.008266 0.009139
0.008263 0.012559
0.008262 0.019618
0.008252 0.012181
0.008244 0.010009
0.008243 0.010494
0.008241 0.012303
0.008238 0.013458
0.008236 0.008406
0.008235 0.008271
0.008231 0.011683
0.008230 0.010262
0.008228 0.008285
0.008222 0.015147
0.008221 0.009568
0.008219 0.013182
0.008217 0.008382
0.008213 0.013530
0.008212 0.011277
0.008210 0.016320
0.008202 0.009643
0.008201 0.010975
0.008192 0.012050
0.008192 0.010299
0.008189 0.010001
0.008189 0.014785
0.008184 0.009752
0.008183 0.008965
0.008182 0.013291
0.008173 0.008199
0.008163 0.008347
0.008162 0.013940
0.008158 0.012989
0.008155 0.008758
0.008153 0.009709
0.008152 0.010813
0.008150 0.011276
0.008147 0.010355
0.008133 0.013162
0.008132 0.008427
0.008105 0.010664
0.008104 0.009039
0.008103 0.009193
0.008101 0.008137
0.008097 0.018743
0.008073 0.009580
0.008072 0.008826
0.008067 0.008392
0.008067 0.010898
0.008063 0.013977
0.008061 0.008751
0.008058 0.013816
0.008056 0.010452
0.008056 0.015115
0.008036 0.010271
0.008031 0.011514
0.008030 0.009397
0.008026 0.009286
0.008025 0.008214
0.008024 0.012185
0.008020 0.009896
0.008016 0.008191
0.008016 0.014923
0.008016 0.014257
0.008014 0.014061
0.008004 0.009537
0.007999 0.011324
0.007998 0.012195
0.007995 0.009035
0.007994 0.011224
0.007990 0.008985
0.007986 0.014504
0.007986 0.009751
0.007986 0.009097
0.007985 0.008255
0.007979 0.012277
0.007974 0.008871
0.007963 0.011557
0.007955 0.008918
0.007953 0.013096
0.007952 0.011966
0.007949 0.009746
0.007939 0.009163
0.007935 0.008031
0.007931 0.008029
0.007930 0.009420
0.007929 0.009059
0.007924 0.009099
0.007923 0.008049
0.007919 0.008023
0.007906 0.008819
0.007900 0.007905
0.007897 0.008518
0.007892 0.008543
0.007890 0.009489
0.007889 0.015308
0.007884 0.011963
0.007873 0.009554
0.007864 0.010808
0.007842 0.013915
0.007823 0.008838
0.007813 0.013011
0.007809 0.010027
0.007802 0.008936
0.007790 0.008387
0.007785 0.012457
0.007778 0.007993
0.007774 0.011922
0.007771 0.010503
0.007754 0.008036
0.007751 0.007880
0.007740 0.009731
0.007733 0.011046
0.007731 0.008167
0.007727 0.008283
0.007721 0.010449
0.007717 0.008660
0.007717 0.008211
0.007716 0.008943
0.007711 0.007936
0.007710 0.007807
0.007703 0.007828
0.007691 0.012544
0.007688 0.009359
0.007686 0.008388
0.007670 0.007819
0.007664 0.011611
0.007650 0.014673
0.007649 0.009826
0.007648 0.007691
0.007647 0.008265
0.007642 0.018964
0.007641 0.009699
0.007638 0.007822
0.007636 0.008922
0.007629 0.008537
0.007622 0.012129
0.007617 0.011153
0.007616 0.016152
0.007611 0.009079
0.007606 0.007895
0.007602 0.008743
0.007597 0.009904
0.007596 0.008311
0.007581 0.007588
0.007569 0.008128
0.007562 0.008480
0.007560 0.008931
0.007559 0.016199
0.007555 0.007777
0.007551 0.007759
0.007544 0.009346
0.007543 0.009661
0.007530 0.010133
0.007528 0.007617
0.007528 0.011769
0.007523 0.008213
0.007517 0.007851
0.007510 0.008322
0.007508 0.009917
0.007507 0.009808
0.007504 0.012647
0.007503 0.009888
0.007495 0.009917
0.007486 0.008309
0.007486 0.007662
0.007481 0.010781
0.007480 0.008325
0.007478 0.017653
0.007444 0.008721
0.007436 0.012426
0.007436 0.011917
0.007435 0.008063
0.007430 0.010061
0.007424 0.010138
0.007421 0.008302
0.007420 0.011390
0.007411 0.008190
0.007410 0.007894
0.007407 0.007474
0.007400 0.010136
0.007400 0.010160
0.007395 0.012406
0.007385 0.007605
0.007372 0.011107
0.007372 0.013204
0.007369 0.008290
0.007363 0.007918
0.007362 0.012539
0.007354 0.007598
0.007353 0.010380
0.007353 0.009400
0.007346 0.007491
0.007344 0.007440
0.007337 0.008532
0.007329 0.007793
0.007322 0.009781
0.007316 0.008775
0.007311 0.014668
0.007310 0.007529
0.007303 0.007615
0.007298 0.017545
0.007297 0.007660
0.007297 0.007990
0.007296 0.007420
0.007291 0.009189
0.007290 0.009024
0.007285 0.010065
0.007259 0.009950
0.007254 0.007445
0.007251 0.012679
0.007245 0.008702
0.007239 0.008283
0.007234 0.011095
0.007222 0.013852
0.007211 0.007359
0.007204 0.007299
0.007202 0.007750
0.007200 0.011745
0.007189 0.008118
0.007188 0.008474
0.007176 0.008534
0.007171 0.007783
0.007162 0.007957
0.007159 0.012577
0.007154 0.007319
0.007151 0.007175
0.007151 0.008542
0.007146 0.008215
0.007144 0.009493
0.007139 0.010662
0.007119 0.020192
0.007111 0.007245
0.007106 0.010392
0.007095 0.007768
0.007078 0.007649
0.007074 0.012066
0.007070 0.008240
0.007067 0.007496
0.007067 0.009035
0.007053 0.009867
0.007053 0.014086
0.007041 0.017255
0.007037 0.008417
0.007036 0.007201
0.007033 0.008448
0.007028 0.009312
0.007027 0.008529
0.007025 0.012989
0.007020 0.012335
0.007020 0.007660
0.007015 0.008661
0.007014 0.007278
0.007013 0.008221
0.007013 0.007322
0.007011 0.013840
0.007007 0.012855
0.007004 0.009805
0.006997 0.007003
0.006992 0.008532
0.006985 0.007512
0.006978 0.007146
0.006977 0.011344
0.006972 0.009238
0.006969 0.007065
0.006940 0.007988
0.006937 0.012889
0.006936 0.007273
0.006911 0.007753
0.006898 0.008517
0.006895 0.007549
0.006889 0.009301
0.006884 0.007437
0.006877 0.011539
0.006869 0.014856
0.006860 0.007268
0.006844 0.007350
0.006834 0.007068
0.006829 0.007176
0.006813 0.008587
0.006801 0.010066
0.006792 0.008177
0.006788 0.006987
0.006784 0.011884
0.006780 0.008267
0.006772 0.008554
0.006721 0.009892
0.006719 0.008138
0.006691 0.007116
0.006690 0.006919
0.006689 0.007558
0.006678 0.007834
0.006674 0.008127
0.006667 0.007722
0.006659 0.010970
0.006640 0.006754
0.006639 0.007242
0.006622 0.007712
0.006614 0.007032
0.006610 0.006903
0.006608 0.010446
0.006606 0.006776
0.006596 0.007445
0.006590 0.007842
0.006588 0.006659
0.006587 0.007241
0.006571 0.007058
0.006570 0.006643
0.006543 0.007888
0.006531 0.006557
0.006527 0.008026
0.006522 0.006986
0.006512 0.007300
0.006502 0.006934
0.006494 0.010807
0.006493 0.009598
0.006492 0.007261
0.006467 0.008520
0.006457 0.007165
0.006457 0.008426
0.006448 0.006631
0.006438 0.007427
0.006429 0.008578
0.006425 0.007044
0.006405 0.007010
0.006399 0.008056
0.006389 0.006809
0.006386 0.008674
0.006380 0.012048
0.006377 0.007191
0.006373 0.007040
0.006372 0.007808
0.006368 0.006433
0.006365 0.007512
0.006362 0.006444
0.006357 0.007029
0.006355 0.006653
0.006338 0.008119
0.006333 0.007286
0.006319 0.010802
0.006315 0.006664
0.006301 0.006324
0.006298 0.008451
0.006292 0.007186
0.006278 0.006357
0.006274 0.006740
0.006259 0.007228
0.006240 0.006447
0.006236 0.006873
0.006224 0.009824
0.006198 0.009118
0.006171 0.006262
0.006162 0.006930
0.006154 0.007871
0.006154 0.006706
0.006140 0.008445
0.006137 0.006196
0.006136 0.008550
0.006131 0.006416
0.006131 0.007893
0.006117 0.006352
0.006093 0.008266
0.006074 0.006523
0.006064 0.007819
0.006059 0.006729
0.006059 0.007493
0.006058 0.006182
0.006056 0.008416
0.006040 0.006574
0.006038 0.006983
0.006037 0.006123
0.006029 0.007016
0.006025 0.006247
0.006009 0.006201
0.006002 0.007896
0.006000 0.006171
0.005974 0.009567
0.005974 0.008972
0.005973 0.007542
0.005955 0.006116
0.005953 0.006287
0.005950 0.005968
0.005909 0.006195
0.005907 0.006497
0.005906 0.006021
0.005897 0.007113
0.005877 0.006644
0.005865 0.006461
0.005857 0.006536
0.005856 0.007423
0.005856 0.008606
0.005851 0.005860
0.005849 0.007105
0.005839 0.006397
0.005828 0.007536
0.005825 0.006057
0.005793 0.006098
0.005785 0.006266
0.005777 0.007044
0.005754 0.008752
0.005653 0.006411
0.005646 0.005717
0.005622 0.006225
0.005621 0.005771
0.005604 0.008173
0.005601 0.006585
0.005554 0.005901
0.005548 0.005857
0.005546 0.006897
0.005535 0.006393
0.005534 0.005550
0.005513 0.007068
0.005507 0.005589
0.005505 0.005602
0.005504 0.006536
0.005499 0.005875
0.005486 0.005692
0.005476 0.005868
0.005474 0.006864
0.005455 0.006098
0.005449 0.006867
0.005437 0.006370
0.005423 0.005645
0.005403 0.005856
0.005399 0.005477
0.005373 0.006759
0.005367 0.005569
0.005360 0.005967
0.005351 0.005851
0.005347 0.007426
0.005341 0.005834
0.005328 0.007572
0.005291 0.006409
0.005276 0.005559
0.005251 0.005748
0.005152 0.005465
0.005146 0.005541
0.005145 0.005743
0.005140 0.005536
0.005135 0.005645
0.005063 0.005681
0.005024 0.005297
0.004992 0.005368
0.004988 0.005075
0.004984 0.005299
0.004948 0.005784
0.004927 0.006076
0.004899 0.005024
0.004870 0.005661
0.004870 0.005526
0.004834 0.005363
0.004823 0.005684
0.004780 0.005534
0.004770 0.004878
0.004759 0.005098
0.004758 0.005149
0.004689 0.005013
0.004647 0.005268
0.004631 0.004788
0.004624 0.004648
0.004594 0.004691
0.004566 0.005452
0.004515 0.005378
0.004398 0.004529
0.004397 0.005079
0.004374 0.004430
0.004362 0.004876
0.004356 0.004376
0.004354 0.004756
0.004338 0.004699
0.004313 0.004390
0.004285 0.004362
0.004261 0.005036
0.004175 0.004496
0.004131 0.004298
0.004077 0.004194
0.004054 0.004171
0.003971 0.004158
0.003846 0.004871
0.003837 0.004162
0.003784 0.003928
0.003608 0.003683
0.003538 0.003824
0.003457 0.003818
0.003329 0.003510
0.003106 0.003336
0.002907 0.002910
0.002725 0.002783
0.002636 0.003033
0.002612 0.002619
0.002612 0.002789
0.002311 0.002387
