0.139129 0.140992
0.120067 0.134119
0.103860 0.116567
0.101277 0.104254
0.098670 0.149306
0.088923 0.105225
0.085726 0.093878
0.077610 0.084716
0.077119 0.120234
0.075072 0.096470
0.074924 0.123253
0.072404 0.074759
0.071859 0.080221
0.071001 0.096501
0.069380 0.080210
0.069076 0.070913
0.066855 0.070663
0.066063 0.072138
0.065792 0.066643
0.064998 0.073574
0.062457 0.075420
0.062320 0.073410
0.061142 0.062479
0.060365 0.060394
0.059777 0.092313
0.059127 0.066635
0.058003 0.063858
0.057088 0.095483
0.055852 0.057674
0.055762 0.062234
0.054767 0.056721
0.054331 0.058840
0.052990 0.056973
0.052112 0.068435
0.051936 0.055228
0.051862 0.052189
0.051507 0.055698
0.051168 0.061495
0.050909 0.076503
0.050790 0.057996
0.050521 0.051506
0.049860 0.050725
0.049608 0.070104
0.049406 0.054916
0.048937 0.050832
0.048487 0.061758
0.048462 0.049311
0.048377 0.082882
0.048022 0.050365
0.046524 0.049814
0.046388 0.051221
0.046275 0.048190
0.046170 0.046687
0.045953 0.046476
0.045624 0.053395
0.045261 0.051560
0.045239 0.047175
0.045156 0.050716
0.044927 0.065861
0.044726 0.066912
0.044126 0.049846
0.043654 0.079791
0.043556 0.048281
0.043329 0.049879
0.042982 0.044346
0.042765 0.056154
0.042606 0.046169
0.041706 0.041982
0.041490 0.042351
0.040738 0.049618
0.040611 0.042860
0.040593 0.042023
0.040050 0.048987
0.039975 0.046998
0.039917 0.042325
0.039788 0.040661
0.039705 0.045927
0.039672 0.046449
0.039447 0.044007
0.039393 0.045116
0.039384 0.040756
0.039372 0.058422
0.039152 0.041812
0.039013 0.070710
0.038899 0.046699
0.038706 0.055859
0.038290 0.039860
0.038245 0.038854
0.038198 0.065901
0.038126 0.049134
0.037850 0.048395
0.037751 0.046656
0.037577 0.039297
0.037287 0.047483
0.037279 0.037859
0.037166 0.049696
0.037029 0.037068
0.036967 0.038239
0.036796 0.041009
0.036697 0.037440
0.036663 0.039683
0.036551 0.038024
0.036531 0.042262
0.036509 0.038099
0.036010 0.039860
0.035841 0.050605
0.035833 0.044250
0.035776 0.039476
0.035755 0.040594
0.035750 0.036570
0.035411 0.049724
0.034915 0.036771
0.034496 0.053424
0.034394 0.034653
0.034250 0.038255
0.034086 0.034450
0.033759 0.034440
0.033736 0.036120
0.033272 0.037757
0.033230 0.047381
0.033148 0.065680
0.032839 0.041476
0.032785 0.049936
0.032674 0.039821
0.032617 0.034462
0.032615 0.036709
0.032532 0.032963
0.032428 0.065936
0.032366 0.038263
0.032163 0.042389
0.031071 0.049654
0.031040 0.031469
0.030910 0.049864
0.030757 0.032068
0.030754 0.040215
0.030088 0.032614
0.029799 0.030460
0.029659 0.031528
0.029492 0.046766
0.029433 0.041629
0.029377 0.043680
0.029268 0.057837
0.029194 0.033260
0.029190 0.033395
0.029082 0.045575
0.028855 0.034613
0.028767 0.032681
0.028677 0.030619
0.028654 0.036859
0.028422 0.030651
0.028075 0.034100
0.028002 0.029826
0.027885 0.027934
0.027852 0.038444
0.027785 0.032291
0.027542 0.028375
0.027535 0.043707
0.027527 0.031278
0.027262 0.040311
0.027254 0.036716
0.027055 0.028942
0.026950 0.031231
0.026601 0.034514
0.026597 0.037008
0.026575 0.039010
0.026513 0.033884
0.026512 0.028392
0.026463 0.027271
0.026416 0.044370
0.026321 0.026471
0.026281 0.029151
0.026277 0.027945
0.025916 0.027480
0.025636 0.026907
0.025604 0.025843
0.025520 0.027854
0.025486 0.026438
0.025475 0.029469
0.025424 0.028295
0.025384 0.025667
0.025369 0.034202
0.025331 0.031747
0.025270 0.035065
0.025244 0.027173
0.025164 0.025299
0.025131 0.026326
0.025016 0.026477
0.025016 0.025050
0.025015 0.025810
0.025012 0.025014
0.025005 0.030180
0.025002 0.025122
0.024994 0.025048
0.024992 0.025033
0.024991 0.025031
0.024989 0.025220
0.024988 0.025018
0.024988 0.025068
0.024988 0.025105
0.024987 0.025067
0.024987 0.025050
0.024987 0.025062
0.024987 0.026350
0.024987 0.025451
0.024987 0.025460
0.024959 0.029349
0.024884 0.035588
0.024833 0.048420
0.024698 0.026325
0.024577 0.036612
0.024453 0.041294
0.024363 0.024424
0.024345 0.032516
0.024215 0.031716
0.024150 0.032068
0.023975 0.025370
0.023963 0.026239
0.023947 0.028096
0.023942 0.032998
0.023857 0.027822
0.023847 0.026507
0.023687 0.031145
0.023487 0.026906
0.023475 0.027944
0.023240 0.023782
0.023219 0.026166
0.023203 0.026002
0.023074 0.027782
0.022960 0.026294
0.022924 0.029783
0.022820 0.022843
0.022815 0.022868
0.022778 0.029547
0.022698 0.027275
0.022616 0.023691
0.022566 0.029293
0.022405 0.024958
0.022372 0.027327
0.022358 0.033828
0.022356 0.023399
0.022311 0.024151
0.022249 0.039269
0.022139 0.023117
0.022132 0.022172
0.022125 0.022433
0.022102 0.022346
0.022096 0.022115
0.022096 0.022495
0.022073 0.022888
0.022045 0.044393
0.021965 0.031536
0.021796 0.038992
0.021790 0.022659
0.021754 0.023886
0.021601 0.022669
0.021583 0.022668
0.021522 0.034042
0.021461 0.021466
0.021432 0.022641
0.021368 0.027634
0.021346 0.026093
0.021326 0.041961
0.021235 0.024054
0.021231 0.029074
0.021200 0.030045
0.021051 0.023762
0.021021 0.022585
0.020935 0.026335
0.020931 0.024381
0.020880 0.021219
0.020869 0.021108
0.020831 0.032251
0.020780 0.040535
0.020690 0.027995
0.020428 0.021689
0.020425 0.022246
0.020257 0.021968
0.020239 0.023075
0.020162 0.030156
0.020107 0.022682
0.020091 0.024547
0.019938 0.041222
0.019853 0.024980
0.019813 0.020659
0.019757 0.021324
0.019752 0.026310
0.019746 0.023879
0.019737 0.021240
0.019675 0.020225
0.019670 0.022173
0.019647 0.021159
0.019640 0.035317
0.019485 0.035911
0.019418 0.019709
0.019406 0.021283
0.019378 0.023640
0.019285 0.023519
0.019201 0.019866
0.019157 0.023819
0.019088 0.028924
0.018925 0.019331
0.018906 0.019036
0.018704 0.024549
0.018606 0.030553
0.018601 0.022003
0.018574 0.023550
0.018454 0.033481
0.018347 0.024853
0.018330 0.024836
0.018238 0.030794
0.018085 0.021336
0.018064 0.033933
0.018055 0.019834
0.018041 0.019882
0.017992 0.018183
0.017905 0.023029
0.017897 0.024856
0.017869 0.019645
0.017851 0.021241
0.017834 0.019802
0.017828 0.027908
0.017803 0.026893
0.017787 0.019186
0.017758 0.022101
0.017741 0.030688
0.017636 0.018627
0.017603 0.018569
0.017593 0.019852
0.017573 0.019331
0.017566 0.021688
0.017532 0.026643
0.017519 0.018605
0.017468 0.020901
0.017445 0.019834
0.017425 0.027206
0.017421 0.024275
0.017412 0.021674
0.017294 0.018372
0.017227 0.019765
0.017213 0.019641
0.017050 0.023150
0.017026 0.017992
0.017000 0.020326
0.016998 0.022454
0.016990 0.020754
0.016983 0.017227
0.016919 0.026243
0.016811 0.025323
0.016776 0.017721
0.016756 0.018368
0.016746 0.018625
0.016672 0.027510
0.016651 0.017754
0.016571 0.021450
0.016531 0.017015
0.016484 0.017931
0.016479 0.026523
0.016457 0.018679
0.016440 0.027319
0.016398 0.018606
0.016363 0.017468
0.016105 0.017492
0.016101 0.027123
0.016093 0.021920
0.016042 0.016796
0.016009 0.034694
0.016004 0.017250
0.016003 0.017234
0.015981 0.017636
0.015931 0.018912
0.015848 0.017610
0.015727 0.020288
0.015648 0.015798
0.015643 0.019938
0.015624 0.015777
0.015606 0.016266
0.015547 0.027754
0.015546 0.016388
0.015530 0.018218
0.015529 0.016543
0.015528 0.016666
0.015524 0.016487
0.015521 0.023099
0.015497 0.015650
0.015492 0.016117
0.015457 0.018847
0.015436 0.022197
0.015403 0.018808
0.015370 0.018641
0.015363 0.022576
0.015321 0.020186
0.015316 0.019450
0.015312 0.015706
0.015218 0.016308
0.015210 0.017265
0.015093 0.016803
0.015092 0.015127
0.014984 0.015195
0.014958 0.019789
0.014942 0.016174
0.014936 0.018433
0.014921 0.026055
0.014897 0.015322
0.014864 0.020871
0.014829 0.016073
0.014826 0.019863
0.014802 0.015689
0.014783 0.015026
0.014768 0.018398
0.014766 0.017799
0.014761 0.015618
0.014758 0.015766
0.014732 0.016605
0.014725 0.016933
0.014712 0.014717
0.014707 0.014874
0.014688 0.026452
0.014661 0.017820
0.014660 0.028227
0.014484 0.015423
0.014452 0.017011
0.014451 0.019732
0.014427 0.014656
0.014413 0.016027
0.014403 0.016366
0.014403 0.014505
0.014402 0.014681
0.014381 0.022974
0.014369 0.019218
0.014340 0.014706
0.014336 0.017173
0.014212 0.015534
0.014207 0.014240
0.014170 0.017220
0.014164 0.018863
0.014127 0.022585
0.014111 0.021997
0.014098 0.014838
0.014076 0.015221
0.013994 0.014964
0.013976 0.014917
0.013949 0.014806
0.013931 0.019672
0.013898 0.028390
0.013816 0.017379
0.013795 0.015330
0.013754 0.015678
0.013737 0.015729
0.013715 0.021450
0.013713 0.024393
0.013617 0.014544
0.013569 0.016981
0.013526 0.015433
0.013476 0.013486
0.013458 0.019189
0.013443 0.016576
0.013441 0.014463
0.013390 0.013623
0.013359 0.017529
0.013258 0.013605
0.013257 0.021526
0.013207 0.013723
0.013198 0.013275
0.013156 0.016902
0.013127 0.014470
0.013075 0.017012
0.013015 0.013692
0.012991 0.013071
0.012986 0.013654
0.012981 0.013383
0.012968 0.025607
0.012955 0.013219
0.012952 0.020310
0.012950 0.014152
0.012948 0.018857
0.012940 0.015336
0.012916 0.023083
0.012890 0.013260
0.012889 0.020775
0.012883 0.013867
0.012882 0.024852
0.012879 0.016113
0.012878 0.015818
0.012857 0.014140
0.012841 0.013997
0.012816 0.015512
0.012805 0.013153
0.012802 0.017580
0.012747 0.019025
0.012747 0.014240
0.012714 0.013283
0.012679 0.016378
0.012631 0.013690
0.012513 0.013636
0.012483 0.014487
0.012453 0.016613
0.012448 0.014936
0.012417 0.018300
0.012399 0.012930
0.012399 0.012497
0.012395 0.014896
0.012380 0.013664
0.012376 0.012860
0.012371 0.017303
0.012257 0.012492
0.012244 0.013294
0.012207 0.015083
0.012204 0.012391
0.012140 0.015734
0.012110 0.012275
0.012100 0.013106
0.012093 0.012523
0.012087 0.013459
0.012049 0.022546
0.012039 0.013195
0.012034 0.012168
0.012021 0.013209
0.012014 0.015278
0.012009 0.012213
0.012003 0.012532
0.011991 0.013735
0.011983 0.013305
0.011955 0.012520
0.011946 0.012819
0.011909 0.014722
0.011903 0.014924
0.011902 0.015526
0.011882 0.013305
0.011860 0.016858
0.011859 0.012029
0.011849 0.016696
0.011841 0.014367
0.011839 0.013521
0.011804 0.013796
0.011753 0.013385
0.011721 0.013381
0.011696 0.014413
0.011660 0.011858
0.011655 0.012706
0.011611 0.013096
0.011580 0.011983
0.011563 0.011756
0.011512 0.014051
0.011504 0.012734
0.011474 0.022052
0.011434 0.019122
0.011397 0.015976
0.011369 0.011623
0.011341 0.011345
0.011318 0.013246
0.011308 0.014554
0.011207 0.013400
0.011204 0.011541
0.011202 0.017153
0.011153 0.013718
0.011142 0.012866
0.011141 0.012257
0.011116 0.011687
0.011077 0.011580
0.011077 0.011986
0.011039 0.011161
0.011009 0.011750
0.011006 0.015752
0.010954 0.014827
0.010949 0.012836
0.010937 0.012220
0.010894 0.023432
0.010892 0.011127
0.010849 0.015212
0.010796 0.020392
0.010688 0.011333
0.010683 0.011167
0.010682 0.010968
0.010664 0.011310
0.010575 0.010678
0.010569 0.011083
0.010559 0.011161
0.010550 0.011215
0.010550 0.012033
0.010546 0.012820
0.010532 0.010650
0.010493 0.011752
0.010492 0.011401
0.010464 0.012252
0.010457 0.011935
0.010385 0.011255
0.010380 0.015295
0.010364 0.012123
0.010311 0.010756
0.010305 0.013924
0.010294 0.011899
0.010273 0.010418
0.010268 0.011631
0.010227 0.011280
0.010193 0.012139
0.010140 0.011452
0.010123 0.011912
0.010116 0.011136
0.010113 0.012529
0.010077 0.012441
0.010060 0.012587
0.010056 0.012073
0.010050 0.011202
0.010018 0.019242
0.010018 0.010028
0.009998 0.011963
0.009997 0.010515
0.009980 0.010562
0.009961 0.010477
0.009955 0.011234
0.009949 0.016420
0.009947 0.012959
0.009942 0.015735
0.009939 0.010933
0.009918 0.011013
0.009894 0.013499
0.009868 0.010483
0.009864 0.011266
0.009851 0.015429
0.009850 0.011404
0.009843 0.015280
0.009830 0.017955
0.009821 0.011929
0.009814 0.010210
0.009813 0.013618
0.009794 0.011123
0.009788 0.011945
0.009754 0.010411
0.009705 0.015200
0.009697 0.010265
0.009696 0.009915
0.009694 0.011188
0.009666 0.013081
0.009664 0.010929
0.009657 0.009949
0.009647 0.011491
0.009639 0.013380
0.009639 0.015652
0.009605 0.017036
0.009604 0.009972
0.009567 0.013647
0.009563 0.010607
0.009485 0.019291
0.009461 0.012574
0.009451 0.010036
0.009443 0.009691
0.009418 0.009685
0.009386 0.013397
0.009363 0.011842
0.009356 0.017444
0.009325 0.011065
0.009320 0.010844
0.009298 0.010329
0.009276 0.010340
0.009259 0.011502
0.009259 0.009908
0.009248 0.010631
0.009202 0.011041
0.009196 0.014552
0.009189 0.012879
0.009179 0.010308
0.009176 0.010185
0.009163 0.010127
0.009104 0.009189
0.009100 0.013620
0.009076 0.010897
0.009027 0.012869
0.009016 0.010251
0.009007 0.015177
0.009005 0.017510
0.008963 0.013504
0.008950 0.014038
0.008943 0.009046
0.008935 0.009078
0.008928 0.012166
0.008922 0.009125
0.008916 0.012407
0.008906 0.011813
0.008894 0.010450
0.008862 0.009097
0.008861 0.017787
0.008833 0.011429
0.008823 0.015192
0.008799 0.009870
0.008775 0.009723
0.008771 0.009133
0.008769 0.013180
0.008754 0.011736
0.008746 0.009686
0.008718 0.011853
0.008699 0.015388
0.008699 0.009187
0.008675 0.010992
0.008665 0.009904
0.008663 0.008786
0.008651 0.011256
0.008631 0.010105
0.008625 0.012273
0.008625 0.011028
0.008586 0.008918
0.008581 0.011708
0.008528 0.012456
0.008512 0.009727
0.008424 0.008873
0.008423 0.014989
0.008394 0.015732
0.008393 0.010281
0.008386 0.008630
0.008372 0.008427
0.008356 0.015309
0.008333 0.009598
0.008302 0.008905
0.008300 0.008446
0.008289 0.009365
0.008278 0.008548
0.008264 0.008546
0.008244 0.009621
0.008237 0.014211
0.008230 0.008915
0.008221 0.008580
0.008213 0.008543
0.008207 0.011822
0.008195 0.013977
0.008184 0.011638
0.008172 0.008263
0.008172 0.009657
0.008171 0.012211
0.008158 0.010843
0.008152 0.008419
0.008141 0.009239
0.008139 0.011044
0.008128 0.008862
0.008103 0.008169
0.008100 0.010969
0.008056 0.008062
0.008040 0.010376
0.008038 0.009411
0.008023 0.008462
0.008023 0.010032
0.008000 0.008512
0.007996 0.008875
0.007980 0.010508
0.007965 0.008217
0.007923 0.015576
0.007922 0.008525
0.007908 0.008889
0.007892 0.009086
0.007890 0.013563
0.007889 0.011300
0.007853 0.009497
0.007844 0.009319
0.007838 0.008404
0.007834 0.009091
0.007821 0.009278
0.007820 0.008943
0.007817 0.007954
0.007783 0.014001
0.007774 0.007862
0.007764 0.008215
0.007748 0.008946
0.007740 0.008804
0.007700 0.008252
0.007698 0.009464
0.007690 0.010724
0.007689 0.010981
0.007685 0.009051
0.007676 0.009382
0.007653 0.016895
0.007628 0.007928
0.007628 0.009624
0.007622 0.009750
0.007612 0.009544
0.007610 0.008798
0.007599 0.007717
0.007596 0.010596
0.007591 0.009188
0.007590 0.007695
0.007583 0.008663
0.007572 0.009624
0.007570 0.008358
0.007564 0.008230
0.007553 0.007615
0.007549 0.009540
0.007537 0.009686
0.007514 0.011604
0.007502 0.007591
0.007489 0.007618
0.007463 0.008493
0.007437 0.010214
0.007414 0.007437
0.007385 0.008006
0.007369 0.007472
0.007364 0.008085
0.007350 0.008140
0.007332 0.010218
0.007322 0.007340
0.007318 0.008403
0.007318 0.008119
0.007313 0.010466
0.007289 0.010698
0.007285 0.010508
0.007256 0.008066
0.007252 0.009767
0.007246 0.007768
0.007238 0.008590
0.007225 0.007403
0.007219 0.007346
0.007218 0.015714
0.007194 0.007596
0.007189 0.010288
0.007184 0.007626
0.007172 0.008484
0.007159 0.007815
0.007153 0.007244
0.007153 0.007566
0.007150 0.010031
0.007145 0.009946
0.007129 0.009402
0.007125 0.011377
0.007120 0.009062
0.007118 0.013879
0.007111 0.012109
0.007110 0.012500
0.007106 0.009109
0.007092 0.009887
0.007090 0.008219
0.007086 0.011365
0.007053 0.007836
0.007030 0.007984
0.007027 0.007035
0.007017 0.009056
0.007015 0.007546
0.007009 0.007451
0.007008 0.007405
0.007007 0.007440
0.006991 0.007089
0.006990 0.008484
0.006982 0.012269
0.006982 0.007579
0.006977 0.007162
0.006973 0.006986
0.006972 0.008669
0.006968 0.008477
0.006962 0.008048
0.006959 0.008164
0.006958 0.008151
0.006958 0.007046
0.006957 0.008182
0.006957 0.009050
0.006956 0.007825
0.006952 0.007431
0.006928 0.008740
0.006924 0.008647
0.006921 0.007346
0.006921 0.008219
0.006902 0.011491
0.006886 0.007058
0.006885 0.011597
0.006870 0.012491
0.006843 0.011453
0.006840 0.009594
0.006827 0.010755
0.006819 0.008456
0.006804 0.007250
0.006764 0.012228
0.006759 0.007936
0.006751 0.006804
0.006744 0.007239
0.006742 0.006788
0.006739 0.006908
0.006735 0.006738
0.006734 0.007641
0.006729 0.009686
0.006728 0.006812
0.006726 0.006825
0.006721 0.008149
0.006720 0.006904
0.006720 0.007462
0.006720 0.008634
0.006712 0.006813
0.006706 0.007108
0.006702 0.009962
0.006699 0.007358
0.006696 0.006723
0.006680 0.007725
0.006679 0.007564
0.006674 0.009009
0.006671 0.009320
0.006668 0.011351
0.006665 0.006920
0.006663 0.007834
0.006662 0.008804
0.006660 0.006755
0.006659 0.009661
0.006659 0.008547
0.006653 0.008575
0.006645 0.006768
0.006634 0.007012
0.006633 0.006800
0.006632 0.006887
0.006617 0.006958
0.006613 0.010117
0.006609 0.007268
0.006607 0.007503
0.006599 0.007305
0.006593 0.008388
0.006585 0.006849
0.006573 0.008051
0.006571 0.007306
0.006554 0.007112
0.006553 0.007626
0.006531 0.008094
0.006528 0.009152
0.006526 0.006845
0.006515 0.006617
0.006515 0.006584
0.006515 0.009121
0.006511 0.010682
0.006501 0.006947
0.006500 0.006885
0.006491 0.008989
0.006489 0.006539
0.006489 0.007367
0.006484 0.006499
0.006483 0.006932
0.006475 0.007011
0.006475 0.006975
0.006470 0.006717
0.006469 0.006940
0.006459 0.008678
0.006427 0.008265
0.006427 0.019729
0.006422 0.006754
0.006416 0.006903
0.006414 0.008298
0.006412 0.010633
0.006400 0.007402
0.006393 0.012006
0.006392 0.006682
0.006389 0.007627
0.006363 0.007875
0.006357 0.007322
0.006350 0.006665
0.006342 0.007555
0.006340 0.006768
0.006339 0.006622
0.006338 0.006967
0.006330 0.012911
0.006317 0.008338
0.006306 0.009923
0.006299 0.006568
0.006288 0.006893
0.006280 0.011206
0.006279 0.007113
0.006276 0.007197
0.006273 0.007926
0.006271 0.006657
0.006271 0.007630
0.006267 0.006738
0.006266 0.006697
0.006259 0.006813
0.006244 0.006817
0.006229 0.011801
0.006229 0.007555
0.006225 0.006337
0.006223 0.011982
0.006219 0.006474
0.006214 0.009050
0.006209 0.008103
0.006164 0.006309
0.006164 0.009842
0.006160 0.009367
0.006154 0.007792
0.006153 0.008493
0.006150 0.006492
0.006149 0.006412
0.006131 0.007322
0.006127 0.007870
0.006070 0.006795
0.006067 0.008396
0.006052 0.009457
0.006050 0.010244
0.006048 0.009407
0.006044 0.006280
0.006030 0.006327
0.006019 0.009962
0.006017 0.006177
0.006017 0.007201
0.006014 0.009465
0.006010 0.006276
0.006009 0.006088
0.006005 0.006640
0.006003 0.006190
0.005979 0.007408
0.005976 0.007335
0.005975 0.007995
0.005968 0.009591
0.005964 0.006399
0.005956 0.009423
0.005948 0.007385
0.005945 0.006743
0.005942 0.008770
0.005935 0.011463
0.005935 0.008097
0.005932 0.009572
0.005932 0.008744
0.005929 0.006219
0.005927 0.006682
0.005881 0.006383
0.005870 0.008722
0.005844 0.009743
0.005843 0.006841
0.005839 0.006977
0.005833 0.007526
0.005833 0.006554
0.005808 0.009460
0.005800 0.011108
0.005799 0.006257
0.005798 0.009034
0.005794 0.005838
0.005789 0.005944
0.005788 0.006012
0.005786 0.006894
0.005782 0.008174
0.005781 0.008986
0.005773 0.006823
0.005765 0.005979
0.005765 0.010596
0.005764 0.006326
0.005763 0.006058
0.005755 0.006031
0.005753 0.005819
0.005752 0.006761
0.005747 0.005753
0.005733 0.006984
0.005700 0.008165
0.005694 0.006282
0.005688 0.005777
0.005680 0.006528
0.005679 0.005817
0.005679 0.005978
0.005676 0.005811
0.005675 0.006693
0.005674 0.007282
0.005668 0.006053
0.005662 0.008523
0.005660 0.005992
0.005655 0.006591
0.005651 0.007502
0.005646 0.005930
0.005643 0.005680
0.005633 0.005832
0.005630 0.007205
0.005619 0.007164
0.005611 0.006365
0.005609 0.009454
0.005606 0.006126
0.005597 0.010140
0.005591 0.005709
0.005588 0.006595
0.005582 0.008187
0.005578 0.005633
0.005573 0.007166
0.005568 0.006842
0.005567 0.010325
0.005567 0.006154
0.005561 0.005584
0.005558 0.012731
0.005545 0.007968
0.005543 0.005878
0.005539 0.007345
0.005538 0.007190
0.005536 0.006253
0.005534 0.006436
0.005533 0.009557
0.005513 0.006191
0.005511 0.006096
0.005504 0.005909
0.005497 0.005822
0.005497 0.005608
0.005489 0.005819
0.005488 0.012821
0.005484 0.006709
0.005477 0.008930
0.005472 0.011130
0.005465 0.005976
0.005462 0.008120
0.005460 0.007273
0.005458 0.006688
0.005446 0.007437
0.005441 0.006855
0.005441 0.005728
0.005437 0.008041
0.005435 0.007425
0.005435 0.006227
0.005435 0.009334
0.005428 0.005746
0.005427 0.005475
0.005425 0.010175
0.005419 0.005728
0.005415 0.006614
0.005414 0.006552
0.005412 0.005894
0.005408 0.006231
0.005406 0.006378
0.005406 0.005529
0.005405 0.006506
0.005395 0.005965
0.005394 0.005477
0.005392 0.005479
0.005385 0.006297
0.005381 0.006641
0.005380 0.005534
0.005378 0.005439
0.005376 0.007248
0.005366 0.007289
0.005364 0.009252
0.005363 0.006042
0.005363 0.006170
0.005348 0.006090
0.005345 0.005971
0.005343 0.006171
0.005342 0.007158
0.005341 0.006027
0.005338 0.008869
0.005329 0.005901
0.005327 0.005977
0.005326 0.010128
0.005324 0.005919
0.005312 0.006801
0.005310 0.008889
0.005305 0.007493
0.005305 0.005779
0.005279 0.005620
0.005273 0.006553
0.005273 0.005522
0.005270 0.005996
0.005269 0.006282
0.005252 0.005530
0.005242 0.006228
0.005235 0.005616
0.005233 0.006593
0.005227 0.006301
0.005224 0.006269
0.005213 0.006352
0.005206 0.005567
0.005203 0.006472
0.005200 0.006081
0.005196 0.006408
0.005194 0.006249
0.005190 0.005413
0.005181 0.005492
0.005181 0.010262
0.005179 0.005294
0.005178 0.005766
0.005178 0.013875
0.005172 0.005789
0.005171 0.006534
0.005168 0.006566
0.005167 0.006528
0.005162 0.006901
0.005160 0.006217
0.005156 0.005367
0.005155 0.005375
0.005152 0.005551
0.005150 0.005955
0.005143 0.005744
0.005141 0.005262
0.005133 0.005242
0.005133 0.007980
0.005133 0.005639
0.005132 0.007960
0.005128 0.006939
0.005125 0.005660
0.005113 0.006268
0.005109 0.006804
0.005108 0.005118
0.005106 0.006711
0.005102 0.007438
0.005091 0.005971
0.005089 0.005426
0.005081 0.005616
0.005081 0.006341
0.005081 0.009805
0.005080 0.005360
0.005073 0.006409
0.005073 0.005237
0.005073 0.005483
0.005069 0.006503
0.005066 0.005181
0.005060 0.005333
0.005057 0.005346
0.005055 0.005115
0.005047 0.005170
0.005043 0.006753
0.005042 0.006692
0.005036 0.005974
0.005033 0.006289
0.005021 0.007141
0.005021 0.005462
0.005008 0.007283
0.005007 0.006443
0.005003 0.005118
0.005000 0.005091
0.004994 0.005480
0.004980 0.006597
0.004978 0.005516
0.004973 0.007006
0.004963 0.009824
0.004962 0.009470
0.004962 0.010602
0.004961 0.008978
0.004957 0.009665
0.004957 0.006788
0.004949 0.005699
0.004937 0.005885
0.004934 0.006350
0.004930 0.005168
0.004927 0.007717
0.004922 0.008463
0.004921 0.006567
0.004919 0.005018
0.004919 0.005177
0.004910 0.008357
0.004903 0.005562
0.004903 0.006263
0.004901 0.006489
0.004897 0.005292
0.004874 0.008487
0.004873 0.004940
0.004868 0.005445
0.004864 0.004916
0.004854 0.005090
0.004851 0.005085
0.004851 0.004944
0.004843 0.005023
0.004843 0.005134
0.004827 0.006667
0.004822 0.006146
0.004821 0.004907
0.004806 0.006160
0.004804 0.005685
0.004802 0.005472
0.004791 0.005792
0.004789 0.005446
0.004783 0.005438
0.004783 0.006237
0.004777 0.005015
0.004775 0.005523
0.004768 0.006617
0.004768 0.005090
0.004765 0.009264
0.004764 0.005296
0.004763 0.007673
0.004761 0.005642
0.004760 0.005884
0.004750 0.005691
0.004747 0.005323
0.004745 0.004759
0.004743 0.004898
0.004739 0.005348
0.004736 0.004973
0.004714 0.004757
0.004710 0.006567
0.004704 0.004825
0.004699 0.005519
0.004698 0.004707
0.004695 0.007614
0.004693 0.004772
0.004689 0.006090
0.004680 0.004869
0.004680 0.005614
0.004673 0.004680
0.004664 0.004758
0.004662 0.004709
0.004657 0.006341
0.004649 0.005333
0.004638 0.009956
0.004625 0.004792
0.004619 0.004750
0.004619 0.005725
0.004612 0.005138
0.004610 0.005461
0.004610 0.004648
0.004606 0.004937
0.004604 0.005337
0.004603 0.006894
0.004602 0.005299
0.004597 0.007049
0.004592 0.008598
0.004591 0.005168
0.004582 0.006280
0.004574 0.004574
0.004572 0.006387
0.004571 0.004694
0.004570 0.005471
0.004570 0.005053
0.004569 0.005038
0.004562 0.004733
0.004554 0.004556
0.004553 0.006741
0.004550 0.005111
0.004543 0.005140
0.004541 0.006305
0.004529 0.006442
0.004524 0.005107
0.004522 0.004696
0.004520 0.006667
0.004519 0.005502
0.004516 0.006766
0.004512 0.004770
0.004488 0.006001
0.004482 0.006686
0.004479 0.005882
0.004475 0.005013
0.004471 0.008165
0.004469 0.006803
0.004466 0.007171
0.004461 0.005190
0.004460 0.006198
0.004457 0.005738
0.004443 0.004544
0.004440 0.005096
0.004434 0.004913
0.004434 0.006440
0.004409 0.008392
0.004408 0.006721
0.004403 0.005404
0.004397 0.004894
0.004395 0.005247
0.004389 0.006753
0.004389 0.004739
0.004387 0.004461
0.004384 0.005851
0.004382 0.005699
0.004379 0.006866
0.004379 0.004563
0.004376 0.004811
0.004375 0.004610
0.004367 0.005678
0.004354 0.007230
0.004354 0.005216
0.004348 0.004593
0.004348 0.005324
0.004344 0.004980
0.004340 0.007928
0.004333 0.005540
0.004328 0.004751
0.004326 0.005859
0.004325 0.005201
0.004321 0.004895
0.004315 0.004607
0.004308 0.006941
0.004307 0.007923
0.004294 0.007393
0.004291 0.004374
0.004286 0.004621
0.004270 0.004404
0.004266 0.005975
0.004265 0.004571
0.004259 0.004448
0.004258 0.004276
0.004257 0.004343
0.004256 0.005212
0.004251 0.004268
0.004243 0.004335
0.004243 0.004254
0.004240 0.004531
0.004234 0.004535
0.004234 0.005992
0.004232 0.004855
0.004230 0.005616
0.004227 0.004305
0.004227 0.005463
0.004222 0.004931
0.004201 0.005544
0.004198 0.004396
0.004195 0.005251
0.004193 0.004775
0.004188 0.004518
0.004188 0.006844
0.004186 0.005047
0.004186 0.005674
0.004185 0.007136
0.004176 0.004709
0.004176 0.005051
0.004172 0.005662
0.004167 0.005555
0.004157 0.004158
0.004156 0.005940
0.004156 0.007208
0.004152 0.005530
0.004150 0.004505
0.004134 0.004214
0.004134 0.004628
0.004133 0.004380
0.004129 0.006126
0.004129 0.004141
0.004127 0.007389
0.004126 0.005624
0.004124 0.004298
0.004122 0.004251
0.004106 0.004983
0.004100 0.006897
0.004099 0.005411
0.004098 0.004703
0.004096 0.004256
0.004088 0.004445
0.004082 0.004701
0.004079 0.007532
0.004077 0.005187
0.004075 0.005054
0.004074 0.004508
0.004072 0.005186
0.004070 0.005573
0.004066 0.005816
0.004059 0.004271
0.004059 0.006768
0.004058 0.005126
0.004058 0.005860
0.004058 0.004330
0.004058 0.005141
0.004053 0.004311
0.004053 0.005068
0.004050 0.006224
0.004049 0.005725
0.004049 0.004395
0.004048 0.004113
0.004043 0.004100
0.004041 0.004295
0.004038 0.004083
0.004037 0.005987
0.004033 0.004130
0.004032 0.004516
0.004027 0.004515
0.004026 0.004098
0.004024 0.004779
0.004018 0.005912
0.004012 0.005099
0.004002 0.008305
0.004001 0.004740
0.003997 0.005789
0.003987 0.004314
0.003985 0.004690
0.003981 0.005173
0.003980 0.004092
0.003978 0.005929
0.003978 0.004541
0.003970 0.004531
0.003970 0.005864
0.003968 0.004929
0.003964 0.004388
0.003963 0.004755
0.003962 0.005878
0.003959 0.006307
0.003958 0.004037
0.003955 0.004332
0.003954 0.004986
0.003953 0.005379
0.003952 0.004485
0.003949 0.004256
0.003937 0.007273
0.003935 0.003961
0.003933 0.004220
0.003931 0.004733
0.003930 0.005064
0.003930 0.004931
0.003929 0.005094
0.003927 0.004805
0.003924 0.005100
0.003922 0.004101
0.003904 0.004395
0.003901 0.004406
0.003898 0.004314
0.003892 0.006736
0.003890 0.005431
0.003890 0.005826
0.003887 0.004737
0.003887 0.004718
0.003885 0.004152
0.003884 0.004040
0.003880 0.006299
0.003878 0.004535
0.003875 0.005576
0.003869 0.003940
0.003869 0.004518
0.003867 0.003948
0.003866 0.004548
0.003865 0.004352
0.003860 0.005326
0.003851 0.004412
0.003842 0.003948
0.003840 0.004714
0.003837 0.004865
0.003834 0.004031
0.003833 0.004079
0.003832 0.006527
0.003830 0.003889
0.003830 0.004265
0.003828 0.006823
0.003825 0.005532
0.003824 0.005634
0.003824 0.004031
0.003824 0.004124
0.003823 0.005948
0.003821 0.005614
0.003818 0.004194
0.003814 0.003975
0.003808 0.003830
0.003800 0.004311
0.003796 0.005684
0.003795 0.004790
0.003794 0.003947
0.003792 0.004054
0.003790 0.004455
0.003787 0.004694
0.003784 0.003993
0.003783 0.005374
0.003782 0.004008
0.003779 0.003952
0.003777 0.004084
0.003774 0.004313
0.003764 0.003782
0.003762 0.006356
0.003755 0.006297
0.003755 0.004666
0.003753 0.004273
0.003748 0.004775
0.003748 0.004336
0.003747 0.004282
0.003744 0.003883
0.003743 0.004196
0.003743 0.004307
0.003738 0.003910
0.003734 0.004572
0.003734 0.006652
0.003733 0.005990
0.003732 0.003931
0.003731 0.004515
0.003730 0.005102
0.003724 0.003839
0.003718 0.008210
0.003712 0.003720
0.003702 0.004568
0.003701 0.003722
0.003701 0.004879
0.003701 0.004687
0.003696 0.004349
0.003695 0.003940
0.003684 0.003844
0.003676 0.004066
0.003669 0.003728
0.003667 0.003690
0.003660 0.004069
0.003653 0.004523
0.003651 0.005269
0.003648 0.004986
0.003647 0.005154
0.003645 0.004765
0.003641 0.003926
0.003641 0.003814
0.003639 0.005306
0.003638 0.004467
0.003630 0.004157
0.003629 0.004203
0.003627 0.003642
0.003624 0.005459
0.003623 0.004871
0.003618 0.004990
0.003613 0.004289
0.003608 0.004128
0.003606 0.007438
0.003605 0.005149
0.003601 0.004729
0.003600 0.004891
0.003598 0.004163
0.003593 0.005064
0.003590 0.006149
0.003589 0.004992
0.003589 0.003825
0.003585 0.003662
0.003585 0.005770
0.003572 0.004240
0.003563 0.004204
0.003560 0.003823
0.003552 0.003695
0.003549 0.004734
0.003548 0.005261
0.003548 0.003841
0.003545 0.004563
0.003541 0.003703
0.003536 0.003773
0.003534 0.004433
0.003531 0.003890
0.003521 0.004182
0.003521 0.003944
0.003515 0.004232
0.003514 0.003653
0.003511 0.005138
0.003506 0.004398
0.003506 0.004103
0.003502 0.006840
0.003495 0.003827
0.003495 0.004507
0.003493 0.004524
0.003485 0.003493
0.003483 0.003890
0.003483 0.003777
0.003482 0.003893
0.003479 0.004490
0.003478 0.006251
0.003472 0.006762
0.003470 0.003508
0.003470 0.003863
0.003464 0.004202
0.003460 0.004809
0.003458 0.005850
0.003453 0.004219
0.003450 0.003889
0.003448 0.004554
0.003445 0.003884
0.003443 0.004903
0.003436 0.004584
0.003433 0.006494
0.003428 0.003574
0.003424 0.004172
0.003420 0.005197
0.003419 0.006671
0.003414 0.004673
0.003412 0.005786
0.003406 0.005357
0.003402 0.008028
0.003402 0.005020
0.003399 0.005147
0.003398 0.004099
0.003395 0.006034
0.003391 0.004473
0.003386 0.003564
0.003384 0.003972
0.003383 0.004675
0.003376 0.003833
0.003373 0.003470
0.003370 0.003491
0.003365 0.003552
0.003365 0.003866
0.003360 0.005824
0.003353 0.006476
0.003349 0.006757
0.003348 0.003740
0.003337 0.006573
0.003335 0.003439
0.003328 0.004495
0.003322 0.004682
0.003319 0.003773
0.003319 0.004109
0.003318 0.003731
0.003315 0.004725
0.003311 0.003597
0.003309 0.003540
0.003304 0.004293
0.003298 0.003360
0.003288 0.004357
0.003287 0.003479
0.003284 0.003856
0.003277 0.003459
0.003274 0.003695
0.003270 0.003450
0.003263 0.005481
0.003256 0.003603
0.003250 0.004669
0.003250 0.005325
0.003249 0.003679
0.003242 0.007540
0.003239 0.003923
0.003232 0.003266
0.003231 0.003735
0.003221 0.003914
0.003220 0.003586
0.003219 0.003362
0.003218 0.004115
0.003218 0.003356
0.003216 0.003371
0.003213 0.005218
0.003212 0.005833
0.003205 0.005665
0.003203 0.004543
0.003193 0.005117
0.003191 0.003598
0.003186 0.006966
0.003180 0.004701
0.003178 0.003751
0.003177 0.003796
0.003176 0.005217
0.003171 0.003221
0.003168 0.003967
0.003151 0.003368
0.003148 0.006068
0.003148 0.003515
0.003143 0.006761
0.003142 0.005952
0.003139 0.004595
0.003138 0.005899
0.003136 0.003474
0.003136 0.003305
0.003135 0.003178
0.003132 0.003384
0.003122 0.003606
0.003119 0.003315
0.003113 0.003742
0.003108 0.003969
0.003108 0.005872
0.003102 0.003680
0.003098 0.003376
0.003093 0.003496
0.003083 0.004129
0.003074 0.003967
0.003073 0.004934
0.003063 0.004524
0.003059 0.003703
0.003054 0.003320
0.003051 0.004557
0.003050 0.003361
0.003046 0.003141
0.003044 0.003330
0.003042 0.003308
0.003032 0.003644
0.003032 0.003598
0.003031 0.003749
0.003023 0.004431
0.003016 0.003578
0.003016 0.003027
0.003013 0.006134
0.003009 0.003323
0.003009 0.003629
0.002993 0.002994
0.002986 0.003050
0.002979 0.003046
0.002978 0.003122
0.002978 0.003847
0.002965 0.004664
0.002959 0.005563
0.002959 0.003499
0.002959 0.003074
0.002951 0.003069
0.002936 0.006300
0.002931 0.005908
0.002930 0.004481
0.002927 0.003694
0.002925 0.003928
0.002920 0.003417
0.002915 0.003158
0.002914 0.003070
0.002914 0.003174
0.002910 0.003754
0.002906 0.003021
0.002899 0.005299
0.002892 0.003255
0.002890 0.003135
0.002888 0.002889
0.002879 0.005180
0.002877 0.003135
0.002871 0.003557
0.002869 0.004241
0.002865 0.002926
0.002864 0.003182
0.002857 0.003210
0.002827 0.002841
0.002824 0.004346
0.002819 0.003572
0.002806 0.003975
0.002800 0.003115
0.002788 0.003196
0.002785 0.003268
0.002764 0.004200
0.002745 0.003096
0.002734 0.003488
0.002732 0.004026
0.002729 0.004566
0.002719 0.002826
0.002717 0.002974
0.002715 0.003598
0.002712 0.003775
0.002711 0.002907
0.002694 0.002731
0.002686 0.002772
0.002664 0.003080
0.002649 0.002661
0.002645 0.003117
0.002643 0.002930
0.002643 0.003454
0.002636 0.003164
0.002626 0.003809
0.002617 0.002687
0.002608 0.003034
0.002605 0.003792
0.002598 0.002962
0.002586 0.002887
0.002564 0.002628
0.002563 0.002932
0.002557 0.002762
0.002552 0.003102
0.002545 0.002748
0.002543 0.003446
0.002541 0.002871
0.002535 0.002704
0.002534 0.002713
0.002530 0.003430
0.002522 0.002636
0.002518 0.003252
0.002513 0.002645
0.002509 0.003196
0.002492 0.003927
0.002472 0.002529
0.002455 0.002540
0.002452 0.002474
0.002424 0.002793
0.002423 0.003485
0.002415 0.002801
0.002414 0.002712
0.002401 0.003657
0.002398 0.002687
0.002374 0.002415
0.002335 0.002610
0.002330 0.002390
0.002309 0.002936
0.002297 0.002950
0.002296 0.002558
0.002282 0.002467
0.002270 0.002371
0.002259 0.002319
0.002256 0.002707
0.002236 0.002329
0.002180 0.002515
0.002178 0.002349
0.002160 0.002438
0.002143 0.002171
0.002124 0.002640
0.002079 0.002109
0.002047 0.002422
0.002038 0.002222
0.002037 0.002141
0.002036 0.002260
0.002020 0.002046
0.002013 0.002589
0.001994 0.002016
0.001868 0.002438
0.001822 0.001850
0.001813 0.001844
0.001801 0.002714
0.001769 0.001798
0.001767 0.002128
0.001738 0.001963
0.001729 0.001753
0.001729 0.002243
0.001719 0.001748
0.001692 0.001841
0.001672 0.002139
0.001631 0.001658
0.001612 0.001615
0.001593 0.001785
0.001580 0.001805
0.001550 0.001668
0.001541 0.001646
0.001534 0.001541
0.001511 0.001604
0.001490 0.001527
0.001419 0.001821
0.001397 0.001452
0.001175 0.001279
0.001120 0.001177
0.001087 0.001185
