0.214605 0.225785
0.191357 0.197467
0.168178 0.176143
0.150807 0.164350
0.129916 0.143643
0.129180 0.138505
0.125046 0.129606
0.106568 0.106675
0.105141 0.105489
0.104179 0.128401
0.086174 0.095472
0.085488 0.101415
0.076249 0.081600
0.075957 0.082146
0.075793 0.078277
0.071995 0.093281
0.071794 0.073719
0.064055 0.065765
0.063073 0.073908
0.062977 0.063375
0.060729 0.075324
0.058435 0.075224
0.058232 0.062987
0.057480 0.081784
0.055972 0.059309
0.055575 0.061438
0.055216 0.069931
0.055064 0.063734
0.054761 0.061638
0.054629 0.079927
0.053530 0.069040
0.052771 0.055085
0.052546 0.058842
0.051900 0.055836
0.050948 0.076315
0.050909 0.064814
0.049793 0.052004
0.049699 0.052407
0.049502 0.053839
0.049100 0.060757
0.048768 0.056194
0.048414 0.077183
0.047448 0.057131
0.047228 0.057053
0.046817 0.049947
0.046771 0.084617
0.046289 0.052306
0.046124 0.059173
0.045640 0.059210
0.045268 0.053653
0.044755 0.047496
0.042751 0.044275
0.042651 0.043530
0.042453 0.044468
0.041633 0.060548
0.041546 0.042544
0.040938 0.050552
0.040700 0.051286
0.040103 0.040251
0.039454 0.039938
0.039075 0.039841
0.039069 0.041296
0.038464 0.046048
0.038444 0.047853
0.038136 0.043721
0.038123 0.043118
0.037580 0.061155
0.037297 0.037843
0.036554 0.037251
0.036464 0.038938
0.036392 0.038121
0.036356 0.059761
0.036356 0.036708
0.035778 0.040098
0.035708 0.038759
0.034694 0.037588
0.034620 0.036806
0.034526 0.035344
0.034188 0.040025
0.034125 0.036447
0.033962 0.041883
0.033338 0.035228
0.033160 0.036347
0.033021 0.048053
0.032416 0.042383
0.032302 0.032959
0.032216 0.035280
0.032202 0.038317
0.031978 0.038996
0.031940 0.036596
0.031579 0.038996
0.031572 0.033113
0.031383 0.056809
0.031292 0.039879
0.031166 0.033611
0.030990 0.032491
0.030955 0.035807
0.030857 0.053589
0.030677 0.032058
0.030252 0.032366
0.030201 0.039542
0.030168 0.035598
0.029954 0.035967
0.029856 0.034036
0.029822 0.032696
0.029758 0.038039
0.029755 0.037732
0.029305 0.032731
0.029294 0.034334
0.029273 0.042639
0.029144 0.029317
0.029042 0.056079
0.029000 0.036622
0.028780 0.032314
0.027962 0.034116
0.027809 0.039344
0.027742 0.041416
0.027720 0.028534
0.027452 0.031709
0.026924 0.031933
0.026685 0.029745
0.026627 0.027077
0.026622 0.035100
0.026578 0.032167
0.026567 0.028013
0.026559 0.037240
0.026488 0.030438
0.026460 0.029758
0.026412 0.028305
0.026393 0.027392
0.026319 0.034116
0.026295 0.034289
0.026227 0.028289
0.026156 0.034581
0.026141 0.026867
0.025713 0.031108
0.025563 0.026431
0.025427 0.028559
0.025300 0.034225
0.025297 0.026511
0.025061 0.032056
0.024579 0.030782
0.024319 0.025350
0.024266 0.028519
0.024221 0.024346
0.024150 0.030960
0.023799 0.038744
0.023796 0.026137
0.023789 0.028001
0.023731 0.045905
0.023729 0.028592
0.023708 0.025328
0.023609 0.044212
0.023606 0.028118
0.023605 0.028447
0.023330 0.024695
0.023122 0.024624
0.023113 0.023935
0.023112 0.034790
0.022973 0.024242
0.022910 0.031950
0.022844 0.027453
0.022837 0.027648
0.022783 0.028644
0.022654 0.034512
0.022585 0.029878
0.022438 0.030859
0.022054 0.029632
0.022000 0.024712
0.021702 0.024382
0.021535 0.025660
0.021527 0.029007
0.021417 0.021721
0.021400 0.021814
0.021394 0.021453
0.021208 0.032861
0.021108 0.025460
0.020949 0.021095
0.020860 0.028867
0.020822 0.026930
0.020686 0.023533
0.020664 0.022405
0.020450 0.024735
0.020066 0.020506
0.020030 0.025538
0.020025 0.030486
0.019983 0.020311
0.019981 0.027379
0.019873 0.020105
0.019785 0.023510
0.019651 0.022829
0.019610 0.032984
0.019416 0.022562
0.019391 0.023958
0.019249 0.020035
0.019206 0.021606
0.019199 0.020446
0.019119 0.020175
0.019011 0.025115
0.018993 0.020264
0.018961 0.026053
0.018949 0.030915
0.018928 0.021495
0.018907 0.019698
0.018821 0.020248
0.018807 0.021549
0.018779 0.022178
0.018730 0.019996
0.018628 0.025662
0.018615 0.020228
0.018379 0.019990
0.018343 0.020576
0.018198 0.027293
0.018030 0.018886
0.018003 0.020016
0.017982 0.019085
0.017981 0.018612
0.017910 0.018743
0.017809 0.025461
0.017798 0.017847
0.017720 0.018308
0.017661 0.031840
0.017658 0.019191
0.017653 0.023824
0.017466 0.022722
0.017465 0.018107
0.017362 0.020502
0.017257 0.020276
0.017255 0.021288
0.017192 0.018085
0.017174 0.020335
0.017137 0.023265
0.017050 0.024036
0.017019 0.019333
0.017005 0.017076
0.016987 0.017174
0.016958 0.018633
0.016950 0.017654
0.016848 0.019590
0.016705 0.016853
0.016697 0.017135
0.016635 0.022647
0.016615 0.016910
0.016602 0.017117
0.016571 0.019100
0.016554 0.016835
0.016537 0.017964
0.016242 0.018361
0.016186 0.020174
0.016183 0.025883
0.016176 0.016190
0.016125 0.016446
0.016075 0.017260
0.016032 0.016706
0.016007 0.023225
0.015959 0.019729
0.015956 0.018591
0.015935 0.022586
0.015853 0.023384
0.015736 0.018971
0.015673 0.019947
0.015562 0.023046
0.015553 0.016333
0.015531 0.017436
0.015524 0.020006
0.015481 0.019182
0.015412 0.015732
0.015412 0.020316
0.015393 0.016299
0.015387 0.017021
0.015365 0.024251
0.015337 0.017692
0.015314 0.027880
0.015215 0.020524
0.015205 0.015710
0.015197 0.019127
0.015159 0.018671
0.015128 0.016065
0.015124 0.016163
0.015103 0.016616
0.015103 0.020672
0.015101 0.017025
0.015049 0.024814
0.014934 0.019967
0.014902 0.018819
0.014808 0.024391
0.014790 0.024345
0.014747 0.016020
0.014722 0.015024
0.014704 0.016523
0.014703 0.016049
0.014649 0.014970
0.014634 0.017040
0.014632 0.017377
0.014575 0.015590
0.014540 0.014556
0.014494 0.020028
0.014480 0.021392
0.014450 0.014557
0.014450 0.017339
0.014444 0.016981
0.014380 0.014659
0.014349 0.016390
0.014296 0.015130
0.014278 0.020088
0.014195 0.016591
0.014180 0.015119
0.014165 0.023765
0.014158 0.014367
0.014155 0.014321
0.014114 0.014499
0.014104 0.026208
0.014072 0.015451
0.014062 0.020358
0.014053 0.019499
0.014002 0.014180
0.013994 0.016662
0.013992 0.014025
0.013983 0.016999
0.013974 0.018016
0.013933 0.018125
0.013900 0.014509
0.013835 0.014664
0.013820 0.014507
0.013801 0.016739
0.013741 0.014215
0.013709 0.018249
0.013705 0.013841
0.013562 0.014159
0.013503 0.017460
0.013500 0.019620
0.013496 0.017943
0.013488 0.016242
0.013471 0.014963
0.013384 0.016066
0.013362 0.014760
0.013351 0.015358
0.013349 0.014441
0.013324 0.014361
0.013322 0.015767
0.013314 0.014963
0.013243 0.013385
0.013133 0.014009
0.013098 0.016875
0.013086 0.014398
0.013039 0.013654
0.013029 0.014704
0.012976 0.012983
0.012966 0.012991
0.012892 0.014169
0.012883 0.018834
0.012875 0.016988
0.012875 0.012899
0.012823 0.013065
0.012772 0.013190
0.012768 0.015827
0.012754 0.015100
0.012739 0.013982
0.012733 0.013339
0.012667 0.016363
0.012595 0.013043
0.012570 0.014701
0.012518 0.015243
0.012512 0.012728
0.012511 0.013715
0.012508 0.014169
0.012506 0.014426
0.012501 0.013158
0.012450 0.013338
0.012434 0.015379
0.012332 0.016009
0.012276 0.018017
0.012260 0.015519
0.012246 0.021709
0.012203 0.020355
0.012196 0.017842
0.012154 0.014268
0.012059 0.013293
0.012057 0.013582
0.012048 0.018959
0.012041 0.014866
0.012031 0.013812
0.011995 0.013332
0.011929 0.012355
0.011928 0.012745
0.011928 0.012422
0.011927 0.021754
0.011889 0.014446
0.011819 0.012341
0.011813 0.015226
0.011756 0.018434
0.011741 0.013242
0.011735 0.011881
0.011709 0.017703
0.011679 0.013108
0.011646 0.013031
0.011637 0.012754
0.011625 0.015186
0.011621 0.012359
0.011598 0.014748
0.011590 0.019010
0.011575 0.012425
0.011562 0.017110
0.011514 0.015760
0.011496 0.015610
0.011491 0.011999
0.011489 0.014474
0.011476 0.014449
0.011472 0.019228
0.011456 0.011805
0.011414 0.013606
0.011406 0.015302
0.011390 0.012081
0.011308 0.015522
0.011306 0.011421
0.011237 0.017031
0.011221 0.012636
0.011219 0.013130
0.011206 0.012316
0.011204 0.014900
0.011157 0.012207
0.011092 0.013394
0.011082 0.011436
0.011039 0.011148
0.011027 0.012282
0.011013 0.011403
0.011011 0.011994
0.010998 0.012738
0.010990 0.011762
0.010979 0.022626
0.010955 0.019267
0.010946 0.013954
0.010942 0.011130
0.010935 0.012615
0.010916 0.012976
0.010884 0.016946
0.010868 0.011202
0.010830 0.011297
0.010827 0.012683
0.010795 0.012521
0.010784 0.011508
0.010765 0.015221
0.010755 0.011824
0.010753 0.011419
0.010744 0.011801
0.010699 0.013005
0.010668 0.013161
0.010654 0.010743
0.010651 0.015492
0.010622 0.012274
0.010622 0.012953
0.010605 0.011776
0.010602 0.015730
0.010602 0.013257
0.010600 0.012475
0.010585 0.012183
0.010583 0.014538
0.010580 0.010842
0.010569 0.010655
0.010498 0.013551
0.010485 0.010986
0.010443 0.011442
0.010419 0.010636
0.010404 0.010438
0.010394 0.011898
0.010383 0.011653
0.010383 0.016123
0.010375 0.012602
0.010327 0.013489
0.010321 0.012329
0.010317 0.012589
0.010297 0.015516
0.010292 0.015786
0.010286 0.011188
0.010262 0.011631
0.010262 0.010509
0.010260 0.017444
0.010243 0.012946
0.010226 0.011426
0.010224 0.012111
0.010222 0.010271
0.010188 0.010897
0.010169 0.012633
0.010161 0.010779
0.010143 0.011816
0.010112 0.011875
0.010066 0.010069
0.010049 0.012327
0.010047 0.010866
0.010033 0.012062
0.010020 0.011451
0.010015 0.011546
0.010007 0.010184
0.010002 0.010074
0.009996 0.010423
0.009991 0.010340
0.009979 0.010134
0.009977 0.011043
0.009952 0.010431
0.009942 0.014241
0.009942 0.011695
0.009930 0.010100
0.009919 0.010063
0.009918 0.013590
0.009914 0.012603
0.009911 0.010430
0.009887 0.012794
0.009882 0.009887
0.009861 0.010314
0.009844 0.011719
0.009828 0.011652
0.009796 0.011854
0.009793 0.010238
0.009764 0.011916
0.009763 0.012299
0.009760 0.012780
0.009657 0.014788
0.009653 0.010557
0.009649 0.010444
0.009648 0.015540
0.009633 0.010665
0.009624 0.010490
0.009613 0.010043
0.009606 0.011605
0.009597 0.012122
0.009591 0.010928
0.009574 0.018289
0.009571 0.012208
0.009549 0.011057
0.009533 0.011949
0.009513 0.010665
0.009509 0.010647
0.009508 0.009777
0.009503 0.010868
0.009497 0.014055
0.009473 0.015436
0.009469 0.012309
0.009436 0.011774
0.009436 0.013978
0.009431 0.010731
0.009427 0.011728
0.009419 0.010551
0.009419 0.010045
0.009417 0.015467
0.009407 0.010035
0.009404 0.009649
0.009373 0.013157
0.009365 0.009417
0.009363 0.012770
0.009359 0.009514
0.009358 0.013753
0.009357 0.011106
0.009337 0.012871
0.009328 0.011741
0.009322 0.010544
0.009307 0.013721
0.009299 0.012199
0.009295 0.010163
0.009292 0.010355
0.009257 0.009648
0.009257 0.009448
0.009253 0.010752
0.009221 0.011130
0.009190 0.009265
0.009179 0.009401
0.009168 0.011070
0.009164 0.009880
0.009159 0.010805
0.009154 0.012258
0.009149 0.009395
0.009135 0.017065
0.009106 0.013363
0.009104 0.009553
0.009087 0.009676
0.009069 0.010190
0.009064 0.011352
0.009056 0.009955
0.009048 0.011050
0.008975 0.015382
0.008966 0.012544
0.008960 0.010846
0.008957 0.011045
0.008942 0.012386
0.008930 0.012746
0.008929 0.010104
0.008923 0.009082
0.008904 0.009208
0.008870 0.009556
0.008860 0.009384
0.008849 0.015701
0.008816 0.012891
0.008797 0.009578
0.008791 0.012477
0.008779 0.011688
0.008778 0.009403
0.008770 0.009612
0.008759 0.010759
0.008758 0.009657
0.008739 0.008919
0.008731 0.009105
0.008729 0.011021
0.008720 0.009968
0.008714 0.010530
0.008711 0.011317
0.008700 0.009275
0.008700 0.009980
0.008697 0.009143
0.008689 0.009448
0.008683 0.008749
0.008681 0.009616
0.008669 0.021029
0.008663 0.009989
0.008660 0.012182
0.008659 0.009001
0.008658 0.010974
0.008657 0.010187
0.008657 0.009721
0.008628 0.010996
0.008610 0.008854
0.008604 0.010058
0.008601 0.009274
0.008594 0.013303
0.008593 0.014860
0.008579 0.009872
0.008578 0.009701
0.008577 0.008700
0.008573 0.011372
0.008572 0.009413
0.008563 0.009209
0.008553 0.013022
0.008550 0.012956
0.008550 0.009912
0.008536 0.010596
0.008526 0.008612
0.008518 0.008770
0.008503 0.010528
0.008492 0.012315
0.008483 0.008709
0.008481 0.011146
0.008472 0.009434
0.008467 0.008504
0.008433 0.008641
0.008425 0.011893
0.008414 0.011437
0.008404 0.008995
0.008401 0.009263
0.008360 0.009027
0.008346 0.010683
0.008346 0.009381
0.008330 0.013300
0.008330 0.011835
0.008326 0.012302
0.008313 0.008400
0.008290 0.011510
0.008281 0.008733
0.008278 0.010724
0.008272 0.008580
0.008267 0.008784
0.008262 0.008986
0.008257 0.012878
0.008244 0.008856
0.008239 0.014101
0.008218 0.008836
0.008215 0.009179
0.008199 0.015280
0.008175 0.009312
0.008171 0.009252
0.008157 0.010493
0.008155 0.008191
0.008142 0.012199
0.008137 0.008822
0.008133 0.013734
0.008109 0.009452
0.008096 0.008665
0.008080 0.009624
0.008075 0.008463
0.008070 0.009255
0.008063 0.012452
0.008059 0.012428
0.008050 0.008293
0.008047 0.012584
0.008024 0.009972
0.008022 0.008490
0.007998 0.008783
0.007993 0.009144
0.007988 0.010632
0.007986 0.009398
0.007969 0.008695
0.007961 0.008327
0.007952 0.008015
0.007940 0.008248
0.007931 0.008084
0.007930 0.008117
0.007924 0.008383
0.007923 0.008730
0.007922 0.009452
0.007908 0.008945
0.007901 0.010916
0.007892 0.008051
0.007881 0.008051
0.007863 0.008319
0.007848 0.008335
0.007837 0.008051
0.007837 0.009186
0.007823 0.008894
0.007818 0.008249
0.007816 0.011581
0.007791 0.008701
0.007788 0.008000
0.007785 0.008050
0.007768 0.009616
0.007752 0.009814
0.007727 0.009416
0.007723 0.014477
0.007721 0.008530
0.007709 0.007857
0.007706 0.011039
0.007701 0.007786
0.007701 0.008696
0.007700 0.008104
0.007693 0.011801
0.007689 0.011183
0.007677 0.008700
0.007675 0.010549
0.007672 0.007943
0.007669 0.008632
0.007667 0.008292
0.007663 0.009680
0.007654 0.009196
0.007651 0.008683
0.007642 0.011930
0.007633 0.011883
0.007627 0.009375
0.007625 0.009406
0.007618 0.007634
0.007605 0.009705
0.007591 0.008581
0.007591 0.008579
0.007581 0.017462
0.007576 0.008198
0.007575 0.007917
0.007575 0.007627
0.007574 0.009132
0.007567 0.009793
0.007564 0.010352
0.007557 0.008400
0.007555 0.007703
0.007551 0.008598
0.007524 0.008227
0.007480 0.008237
0.007470 0.008101
0.007466 0.013764
0.007447 0.008513
0.007436 0.009465
0.007429 0.007478
0.007428 0.011135
0.007425 0.007719
0.007423 0.008367
0.007423 0.007479
0.007419 0.008262
0.007418 0.008704
0.007413 0.008163
0.007411 0.009219
0.007389 0.007964
0.007389 0.016971
0.007387 0.007990
0.007386 0.012023
0.007384 0.009985
0.007381 0.009367
0.007380 0.007890
0.007376 0.007754
0.007373 0.008889
0.007372 0.011158
0.007367 0.009366
0.007356 0.008445
0.007333 0.009473
0.007332 0.009172
0.007307 0.008596
0.007300 0.008489
0.007293 0.008727
0.007293 0.009854
0.007292 0.007612
0.007292 0.007815
0.007291 0.007461
0.007288 0.007297
0.007287 0.007885
0.007282 0.013966
0.007276 0.007710
0.007258 0.012740
0.007255 0.009644
0.007251 0.007316
0.007243 0.008914
0.007243 0.007548
0.007241 0.009769
0.007238 0.007601
0.007235 0.013400
0.007232 0.008849
0.007226 0.007797
0.007213 0.008267
0.007210 0.008510
0.007206 0.007484
0.007193 0.007573
0.007192 0.013084
0.007188 0.010326
0.007183 0.007874
0.007181 0.009484
0.007174 0.007311
0.007169 0.008073
0.007164 0.008058
0.007160 0.009506
0.007153 0.008635
0.007153 0.008000
0.007153 0.008090
0.007151 0.007561
0.007148 0.007173
0.007148 0.007317
0.007148 0.008694
0.007114 0.012286
0.007113 0.008480
0.007109 0.008252
0.007106 0.007799
0.007102 0.008326
0.007099 0.009671
0.007086 0.007432
0.007077 0.007887
0.007072 0.008393
0.007064 0.007663
0.007057 0.010516
0.007053 0.008354
0.007050 0.012841
0.007047 0.008793
0.007043 0.009064
0.007042 0.010013
0.007029 0.013722
0.007021 0.007475
0.007020 0.007242
0.007014 0.009220
0.007013 0.008609
0.007005 0.011084
0.006992 0.010968
0.006990 0.007318
0.006981 0.007223
0.006981 0.007284
0.006978 0.011287
0.006954 0.007559
0.006946 0.009072
0.006937 0.008660
0.006924 0.007552
0.006922 0.007196
0.006917 0.009041
0.006915 0.007975
0.006909 0.007322
0.006908 0.007272
0.006907 0.010146
0.006906 0.007436
0.006904 0.012993
0.006903 0.007539
0.006900 0.007776
0.006900 0.007993
0.006899 0.006963
0.006896 0.007468
0.006892 0.007399
0.006872 0.008083
0.006871 0.007050
0.006870 0.008819
0.006866 0.007008
0.006863 0.009148
0.006855 0.007253
0.006854 0.007837
0.006846 0.007677
0.006845 0.008216
0.006836 0.013980
0.006833 0.007042
0.006816 0.009754
0.006813 0.007822
0.006808 0.008991
0.006801 0.008174
0.006799 0.006811
0.006796 0.007204
0.006794 0.008248
0.006774 0.010213
0.006764 0.006845
0.006762 0.006901
0.006749 0.008131
0.006725 0.006890
0.006725 0.007920
0.006718 0.007162
0.006717 0.006824
0.006695 0.006945
0.006683 0.007311
0.006682 0.006775
0.006680 0.008479
0.006674 0.008426
0.006672 0.007348
0.006660 0.006805
0.006637 0.008413
0.006626 0.006968
0.006601 0.006684
0.006597 0.006766
0.006597 0.008869
0.006588 0.009904
0.006582 0.008669
0.006566 0.007434
0.006562 0.007846
0.006559 0.007054
0.006555 0.010961
0.006553 0.007831
0.006551 0.007728
0.006550 0.007213
0.006549 0.009263
0.006546 0.006658
0.006546 0.007052
0.006542 0.006634
0.006540 0.006746
0.006533 0.008676
0.006529 0.008615
0.006526 0.007277
0.006525 0.010295
0.006524 0.007957
0.006518 0.009682
0.006501 0.007797
0.006496 0.006656
0.006492 0.008715
0.006488 0.011200
0.006485 0.007116
0.006483 0.009912
0.006483 0.006490
0.006476 0.007043
0.006475 0.006624
0.006473 0.009785
0.006468 0.009176
0.006450 0.006553
0.006448 0.010756
0.006444 0.008951
0.006442 0.013217
0.006438 0.011085
0.006438 0.008519
0.006436 0.006724
0.006426 0.008383
0.006418 0.008088
0.006407 0.007458
0.006400 0.006865
0.006393 0.007262
0.006390 0.007140
0.006389 0.007880
0.006364 0.006385
0.006364 0.007693
0.006362 0.006432
0.006361 0.006679
0.006359 0.008023
0.006356 0.008621
0.006354 0.006526
0.006352 0.006481
0.006348 0.006689
0.006344 0.007362
0.006341 0.007207
0.006326 0.008159
0.006320 0.006974
0.006318 0.006698
0.006315 0.009945
0.006312 0.007051
0.006302 0.008279
0.006292 0.006547
0.006284 0.007985
0.006278 0.008502
0.006270 0.008632
0.006269 0.006406
0.006264 0.006981
0.006261 0.006565
0.006260 0.009091
0.006254 0.007303
0.006252 0.007075
0.006246 0.009762
0.006239 0.006655
0.006238 0.006522
0.006234 0.008014
0.006230 0.006528
0.006222 0.007417
0.006221 0.008575
0.006220 0.006335
0.006212 0.007507
0.006208 0.006420
0.006195 0.006928
0.006190 0.006941
0.006189 0.007634
0.006188 0.006868
0.006186 0.006706
0.006183 0.006348
0.006178 0.007088
0.006174 0.007825
0.006173 0.006966
0.006167 0.008585
0.006165 0.006299
0.006160 0.006664
0.006153 0.006952
0.006153 0.010019
0.006150 0.007481
0.006148 0.006749
0.006145 0.007522
0.006143 0.006837
0.006143 0.006776
0.006137 0.007266
0.006130 0.006295
0.006128 0.007113
0.006128 0.006703
0.006121 0.012123
0.006110 0.007813
0.006110 0.007624
0.006106 0.007782
0.006101 0.006297
0.006092 0.007009
0.006087 0.006435
0.006086 0.007364
0.006072 0.006579
0.006069 0.006419
0.006067 0.006189
0.006065 0.010234
0.006065 0.007248
0.006058 0.007256
0.006057 0.006309
0.006055 0.006065
0.006052 0.006541
0.006045 0.007192
0.006039 0.008595
0.006037 0.007220
0.006032 0.008112
0.006029 0.006390
0.006028 0.009602
0.006022 0.008702
0.006021 0.006043
0.006020 0.008545
0.006018 0.008055
0.006016 0.007800
0.006016 0.006547
0.006013 0.007218
0.006012 0.006140
0.006005 0.010391
0.006005 0.010125
0.005999 0.006532
0.005989 0.008679
0.005985 0.006819
0.005983 0.008769
0.005980 0.012010
0.005977 0.006320
0.005976 0.008357
0.005964 0.006818
0.005943 0.006371
0.005937 0.007339
0.005932 0.006637
0.005927 0.007121
0.005925 0.006560
0.005921 0.006096
0.005921 0.006145
0.005918 0.006990
0.005917 0.006240
0.005917 0.006986
0.005916 0.008081
0.005912 0.008873
0.005909 0.013965
0.005909 0.012687
0.005905 0.012544
0.005904 0.007787
0.005897 0.005926
0.005894 0.006843
0.005894 0.007852
0.005893 0.007703
0.005890 0.006840
0.005885 0.006155
0.005883 0.007829
0.005878 0.007802
0.005877 0.009079
0.005875 0.006817
0.005867 0.006869
0.005864 0.005992
0.005852 0.008689
0.005843 0.006690
0.005838 0.008390
0.005833 0.006133
0.005832 0.007405
0.005830 0.009731
0.005828 0.008671
0.005825 0.006783
0.005819 0.005955
0.005819 0.006411
0.005817 0.011474
0.005813 0.007829
0.005813 0.006823
0.005809 0.009882
0.005802 0.006064
0.005802 0.007377
0.005793 0.011005
0.005788 0.006121
0.005785 0.008015
0.005784 0.006035
0.005782 0.006044
0.005778 0.012104
0.005777 0.010419
0.005775 0.006640
0.005775 0.008780
0.005774 0.007109
0.005768 0.006602
0.005766 0.005921
0.005765 0.007569
0.005761 0.007627
0.005753 0.006159
0.005747 0.006800
0.005747 0.006294
0.005745 0.006508
0.005742 0.006527
0.005738 0.006253
0.005737 0.006507
0.005736 0.007114
0.005732 0.006112
0.005728 0.008399
0.005728 0.009926
0.005722 0.007690
0.005719 0.006438
0.005719 0.008425
0.005717 0.006243
0.005714 0.006480
0.005713 0.005821
0.005706 0.006346
0.005705 0.010013
0.005703 0.005792
0.005701 0.007824
0.005699 0.009416
0.005697 0.009480
0.005692 0.005853
0.005690 0.007854
0.005690 0.005697
0.005688 0.009163
0.005681 0.006571
0.005676 0.006931
0.005672 0.006271
0.005667 0.011946
0.005667 0.006177
0.005661 0.006529
0.005649 0.005665
0.005640 0.006055
0.005640 0.008406
0.005638 0.007487
0.005631 0.011466
0.005629 0.005907
0.005629 0.005931
0.005628 0.005979
0.005622 0.006045
0.005622 0.005646
0.005620 0.005729
0.005617 0.005938
0.005614 0.009653
0.005614 0.005712
0.005612 0.005970
0.005612 0.006730
0.005601 0.007477
0.005595 0.005774
0.005593 0.006423
0.005592 0.006267
0.005589 0.008566
0.005584 0.006956
0.005581 0.006658
0.005580 0.007524
0.005577 0.008143
0.005575 0.009770
0.005574 0.006712
0.005572 0.005721
0.005557 0.005948
0.005556 0.008821
0.005556 0.006495
0.005553 0.006253
0.005552 0.005659
0.005549 0.008712
0.005547 0.009587
0.005546 0.009923
0.005541 0.006060
0.005538 0.007402
0.005526 0.006416
0.005525 0.006564
0.005522 0.007651
0.005522 0.005986
0.005522 0.005962
0.005515 0.006101
0.005498 0.009208
0.005498 0.005811
0.005489 0.008538
0.005489 0.008505
0.005487 0.005551
0.005485 0.005749
0.005483 0.006165
0.005482 0.009277
0.005475 0.008068
0.005474 0.005543
0.005473 0.007027
0.005472 0.006052
0.005471 0.007351
0.005469 0.007922
0.005468 0.007635
0.005466 0.007034
0.005464 0.005518
0.005464 0.006452
0.005463 0.005663
0.005460 0.008145
0.005455 0.011237
0.005455 0.014080
0.005454 0.006271
0.005454 0.009865
0.005439 0.008107
0.005439 0.005579
0.005438 0.008495
0.005437 0.005647
0.005434 0.005593
0.005430 0.005560
0.005425 0.007585
0.005423 0.005806
0.005418 0.006069
0.005418 0.006926
0.005413 0.006177
0.005410 0.007394
0.005404 0.005601
0.005401 0.005510
0.005401 0.007487
0.005397 0.005936
0.005395 0.008015
0.005393 0.005745
0.005392 0.006278
0.005390 0.006195
0.005386 0.005440
0.005386 0.008459
0.005385 0.005580
0.005385 0.007227
0.005385 0.009901
0.005379 0.006516
0.005378 0.005438
0.005378 0.005479
0.005370 0.005533
0.005363 0.008426
0.005361 0.005854
0.005356 0.007182
0.005352 0.005949
0.005350 0.005784
0.005345 0.005494
0.005341 0.006419
0.005338 0.007249
0.005333 0.005415
0.005331 0.006606
0.005319 0.005394
0.005318 0.005638
0.005311 0.005565
0.005308 0.007131
0.005306 0.008657
0.005301 0.007177
0.005298 0.005775
0.005293 0.007369
0.005291 0.005870
0.005289 0.005430
0.005288 0.007535
0.005286 0.005333
0.005284 0.008727
0.005271 0.007241
0.005266 0.005757
0.005261 0.007920
0.005257 0.007979
0.005255 0.009478
0.005248 0.005934
0.005247 0.009789
0.005241 0.005566
0.005239 0.005476
0.005228 0.008451
0.005228 0.005686
0.005228 0.005995
0.005226 0.008012
0.005225 0.007423
0.005224 0.006192
0.005220 0.011077
0.005217 0.009525
0.005216 0.006132
0.005210 0.007658
0.005210 0.005598
0.005207 0.005677
0.005202 0.007037
0.005197 0.005359
0.005196 0.006677
0.005195 0.005258
0.005194 0.005355
0.005191 0.007511
0.005189 0.011323
0.005185 0.005825
0.005182 0.005693
0.005179 0.007131
0.005178 0.005212
0.005177 0.006563
0.005174 0.007502
0.005167 0.005427
0.005165 0.008603
0.005159 0.006123
0.005158 0.005343
0.005154 0.009988
0.005153 0.008440
0.005152 0.006101
0.005151 0.007387
0.005144 0.008619
0.005142 0.005359
0.005138 0.005228
0.005137 0.005532
0.005135 0.005669
0.005134 0.005253
0.005129 0.008730
0.005120 0.006406
0.005120 0.005886
0.005119 0.005403
0.005118 0.006559
0.005116 0.007625
0.005115 0.006111
0.005113 0.005659
0.005111 0.005910
0.005107 0.008176
0.005106 0.007692
0.005104 0.007757
0.005104 0.006780
0.005100 0.005662
0.005097 0.008162
0.005095 0.006995
0.005094 0.005145
0.005089 0.005606
0.005085 0.005382
0.005082 0.005116
0.005074 0.006822
0.005068 0.005485
0.005067 0.006560
0.005065 0.007947
0.005063 0.006863
0.005062 0.006832
0.005061 0.005124
0.005059 0.005130
0.005058 0.006336
0.005057 0.005428
0.005049 0.005320
0.005046 0.005751
0.005045 0.006535
0.005044 0.006058
0.005044 0.009711
0.005043 0.008441
0.005041 0.006037
0.005036 0.011780
0.005036 0.005126
0.005035 0.005412
0.005030 0.006523
0.005028 0.006111
0.005028 0.005030
0.005028 0.005059
0.005027 0.005554
0.005025 0.005645
0.005024 0.005764
0.005023 0.007840
0.005021 0.010881
0.005017 0.005489
0.005012 0.005380
0.005003 0.005529
0.004999 0.005071
0.004997 0.005913
0.004997 0.005623
0.004995 0.005847
0.004994 0.010300
0.004993 0.007268
0.004990 0.005039
0.004989 0.008602
0.004988 0.005341
0.004988 0.005043
0.004987 0.007029
0.004981 0.006194
0.004980 0.005724
0.004973 0.006349
0.004968 0.005206
0.004961 0.011111
0.004960 0.008359
0.004955 0.005495
0.004953 0.005211
0.004952 0.009375
0.004951 0.012045
0.004946 0.005048
0.004944 0.005330
0.004942 0.005526
0.004942 0.004959
0.004938 0.005930
0.004936 0.006349
0.004935 0.008092
0.004934 0.005360
0.004933 0.005664
0.004931 0.005248
0.004930 0.006490
0.004929 0.005396
0.004928 0.005458
0.004927 0.006513
0.004927 0.006681
0.004919 0.007572
0.004916 0.005808
0.004914 0.006789
0.004913 0.008134
0.004909 0.007397
0.004908 0.007026
0.004904 0.007239
0.004901 0.011595
0.004893 0.006452
0.004891 0.009168
0.004890 0.007551
0.004889 0.004981
0.004888 0.005409
0.004888 0.005880
0.004879 0.007773
0.004879 0.005892
0.004879 0.005123
0.004878 0.005322
0.004875 0.005021
0.004874 0.006117
0.004871 0.006879
0.004870 0.005983
0.004868 0.006063
0.004867 0.008615
0.004861 0.005789
0.004860 0.006036
0.004859 0.005868
0.004856 0.005211
0.004855 0.005062
0.004854 0.005926
0.004853 0.005798
0.004851 0.005968
0.004848 0.005040
0.004838 0.005209
0.004836 0.006375
0.004834 0.005739
0.004834 0.005978
0.004829 0.005222
0.004829 0.005234
0.004826 0.008653
0.004826 0.005029
0.004825 0.008480
0.004825 0.004949
0.004821 0.006648
0.004819 0.010959
0.004817 0.006056
0.004817 0.004942
0.004817 0.006476
0.004817 0.008686
0.004816 0.004971
0.004812 0.006726
0.004809 0.005988
0.004806 0.006225
0.004806 0.005404
0.004800 0.007308
0.004796 0.008226
0.004795 0.004985
0.004795 0.006466
0.004792 0.006940
0.004786 0.006587
0.004786 0.005397
0.004784 0.004846
0.004782 0.004992
0.004781 0.005012
0.004780 0.006415
0.004778 0.005555
0.004775 0.006679
0.004764 0.005009
0.004764 0.005395
0.004759 0.005007
0.004755 0.006228
0.004752 0.007709
0.004750 0.005625
0.004750 0.004927
0.004748 0.005669
0.004744 0.004988
0.004735 0.007566
0.004728 0.005083
0.004722 0.004738
0.004717 0.008094
0.004708 0.005115
0.004706 0.004860
0.004700 0.007354
0.004690 0.005306
0.004687 0.006593
0.004686 0.005862
0.004685 0.006204
0.004683 0.004949
0.004681 0.006151
0.004680 0.004792
0.004679 0.004883
0.004676 0.005394
0.004672 0.006701
0.004670 0.006073
0.004668 0.004693
0.004668 0.006343
0.004666 0.005629
0.004664 0.006721
0.004661 0.005198
0.004657 0.004667
0.004656 0.005308
0.004656 0.007094
0.004644 0.009971
0.004644 0.006843
0.004643 0.006020
0.004638 0.007925
0.004635 0.006386
0.004633 0.004691
0.004631 0.008104
0.004629 0.006623
0.004628 0.004757
0.004627 0.004648
0.004624 0.004761
0.004623 0.006674
0.004620 0.006334
0.004616 0.009872
0.004615 0.004742
0.004615 0.006010
0.004614 0.005427
0.004611 0.007814
0.004610 0.009213
0.004606 0.008906
0.004605 0.005163
0.004605 0.004943
0.004604 0.004697
0.004603 0.009593
0.004600 0.006753
0.004597 0.007135
0.004596 0.005821
0.004594 0.004993
0.004592 0.004884
0.004590 0.005365
0.004590 0.005219
0.004589 0.005009
0.004587 0.004594
0.004577 0.004630
0.004574 0.005087
0.004573 0.005343
0.004572 0.005351
0.004569 0.005174
0.004566 0.004644
0.004565 0.006401
0.004560 0.004640
0.004560 0.004867
0.004558 0.005615
0.004552 0.005013
0.004545 0.005424
0.004540 0.005032
0.004537 0.004568
0.004533 0.007010
0.004530 0.004564
0.004527 0.004692
0.004523 0.010000
0.004521 0.004989
0.004519 0.004678
0.004518 0.005583
0.004517 0.005018
0.004514 0.004946
0.004506 0.006657
0.004506 0.004603
0.004505 0.005232
0.004501 0.004562
0.004497 0.004658
0.004496 0.004565
0.004493 0.004953
0.004493 0.004592
0.004491 0.004507
0.004488 0.006904
0.004486 0.005274
0.004484 0.004631
0.004484 0.004705
0.004484 0.006277
0.004481 0.006449
0.004479 0.006464
0.004479 0.004883
0.004478 0.004794
0.004476 0.008274
0.004475 0.004652
0.004474 0.005157
0.004474 0.008007
0.004472 0.005038
0.004468 0.005014
0.004468 0.005862
0.004468 0.004612
0.004467 0.005213
0.004462 0.005056
0.004460 0.005988
0.004456 0.005843
0.004455 0.007367
0.004454 0.007906
0.004450 0.005080
0.004450 0.004691
0.004450 0.006937
0.004449 0.005000
0.004447 0.004763
0.004444 0.005619
0.004444 0.005984
0.004442 0.004874
0.004441 0.004496
0.004439 0.004671
0.004436 0.004446
0.004436 0.004567
0.004436 0.004535
0.004434 0.010772
0.004434 0.004841
0.004431 0.008274
0.004425 0.007470
0.004424 0.005440
0.004420 0.007642
0.004417 0.005745
0.004417 0.004422
0.004416 0.004553
0.004413 0.004419
0.004411 0.006730
0.004404 0.005714
0.004404 0.004469
0.004403 0.006643
0.004402 0.005876
0.004401 0.007908
0.004401 0.005407
0.004399 0.005222
0.004398 0.005238
0.004398 0.006263
0.004390 0.006998
0.004388 0.005946
0.004387 0.005385
0.004386 0.007354
0.004380 0.009108
0.004376 0.006523
0.004376 0.004666
0.004375 0.005870
0.004373 0.005703
0.004363 0.005646
0.004361 0.005917
0.004353 0.005239
0.004352 0.007008
0.004351 0.004749
0.004350 0.005190
0.004349 0.004459
0.004347 0.005101
0.004346 0.004566
0.004345 0.005609
0.004342 0.006797
0.004339 0.004794
0.004339 0.005726
0.004339 0.006738
0.004339 0.004752
0.004337 0.005497
0.004336 0.005098
0.004334 0.006443
0.004333 0.005847
0.004331 0.008782
0.004329 0.006938
0.004329 0.005191
0.004327 0.004715
0.004324 0.004579
0.004323 0.004604
0.004321 0.005378
0.004319 0.004599
0.004318 0.005106
0.004316 0.005315
0.004313 0.004473
0.004310 0.006734
0.004309 0.004366
0.004309 0.007833
0.004309 0.005230
0.004308 0.007394
0.004307 0.006803
0.004300 0.004646
0.004296 0.006150
0.004294 0.004816
0.004292 0.005160
0.004289 0.006985
0.004279 0.006412
0.004276 0.004627
0.004276 0.004781
0.004274 0.004776
0.004273 0.004324
0.004266 0.004431
0.004264 0.007144
0.004264 0.006497
0.004261 0.006844
0.004255 0.007027
0.004249 0.005406
0.004245 0.005830
0.004243 0.009663
0.004240 0.004744
0.004239 0.004706
0.004232 0.005584
0.004229 0.004381
0.004228 0.005347
0.004228 0.006031
0.004227 0.004339
0.004224 0.006325
0.004220 0.004913
0.004214 0.006222
0.004211 0.004963
0.004210 0.004275
0.004205 0.004497
0.004205 0.004460
0.004201 0.005006
0.004200 0.004217
0.004196 0.004501
0.004194 0.004577
0.004192 0.004309
0.004191 0.005183
0.004184 0.004766
0.004182 0.004516
0.004180 0.004352
0.004176 0.004209
0.004175 0.004193
0.004175 0.004470
0.004168 0.004450
0.004168 0.004311
0.004165 0.004330
0.004159 0.004249
0.004155 0.004280
0.004153 0.005488
0.004146 0.005158
0.004145 0.004387
0.004129 0.004506
0.004128 0.006865
0.004128 0.004615
0.004128 0.004324
0.004126 0.004981
0.004126 0.005671
0.004118 0.004364
0.004115 0.004203
0.004114 0.005961
0.004105 0.004517
0.004103 0.006277
0.004102 0.007803
0.004099 0.004141
0.004098 0.005203
0.004094 0.005066
0.004094 0.004737
0.004080 0.004573
0.004079 0.004617
0.004075 0.006689
0.004074 0.005645
0.004066 0.004428
0.004058 0.005845
0.004057 0.004345
0.004055 0.005403
0.004052 0.004297
0.004052 0.004097
0.004049 0.004505
0.004047 0.005711
0.004046 0.004692
0.004041 0.004851
0.004039 0.004091
0.004035 0.004164
0.004034 0.004477
0.004029 0.005450
0.004025 0.004389
0.004018 0.006787
0.004011 0.004437
0.004011 0.004874
0.004009 0.004508
0.004007 0.005998
0.004005 0.006604
0.004002 0.004028
0.003995 0.005454
0.003993 0.005626
0.003993 0.004974
0.003988 0.004054
0.003985 0.004399
0.003982 0.007550
0.003980 0.004094
0.003980 0.006159
0.003979 0.006739
0.003979 0.004009
0.003977 0.004561
0.003975 0.004714
0.003973 0.004269
0.003971 0.005182
0.003962 0.004595
0.003961 0.004044
0.003961 0.005513
0.003960 0.004067
0.003958 0.005230
0.003958 0.005311
0.003956 0.005944
0.003956 0.005566
0.003954 0.004086
0.003948 0.004703
0.003945 0.004590
0.003943 0.004215
0.003941 0.008280
0.003940 0.006202
0.003939 0.004185
0.003939 0.005250
0.003937 0.005698
0.003937 0.004522
0.003936 0.004486
0.003936 0.004003
0.003933 0.004035
0.003928 0.004319
0.003927 0.004538
0.003923 0.004088
0.003917 0.004352
0.003916 0.005054
0.003912 0.004542
0.003907 0.008113
0.003907 0.004200
0.003906 0.004688
0.003906 0.003914
0.003904 0.005053
0.003897 0.004106
0.003894 0.004180
0.003893 0.003894
0.003892 0.003999
0.003891 0.004476
0.003891 0.004286
0.003888 0.004375
0.003887 0.008163
0.003883 0.004199
0.003882 0.004710
0.003882 0.003888
0.003872 0.004499
0.003871 0.004563
0.003862 0.006820
0.003860 0.004399
0.003858 0.004044
0.003858 0.005106
0.003856 0.004316
0.003849 0.004658
0.003845 0.005599
0.003845 0.008456
0.003843 0.004158
0.003842 0.003973
0.003841 0.007681
0.003829 0.006133
0.003826 0.004081
0.003825 0.004230
0.003823 0.004035
0.003821 0.004929
0.003821 0.005045
0.003821 0.005160
0.003819 0.003935
0.003819 0.006505
0.003819 0.004055
0.003818 0.005133
0.003816 0.003901
0.003806 0.004496
0.003806 0.004303
0.003802 0.004005
0.003801 0.005132
0.003800 0.005160
0.003796 0.004365
0.003795 0.004389
0.003794 0.005777
0.003793 0.004494
0.003789 0.004665
0.003788 0.006153
0.003787 0.004386
0.003787 0.004624
0.003785 0.003896
0.003785 0.006104
0.003784 0.005232
0.003779 0.008162
0.003776 0.005838
0.003776 0.003993
0.003773 0.004261
0.003773 0.004369
0.003770 0.004071
0.003769 0.005012
0.003767 0.005267
0.003764 0.004019
0.003760 0.004330
0.003759 0.003962
0.003759 0.006750
0.003755 0.006294
0.003752 0.004059
0.003750 0.004133
0.003742 0.006052
0.003739 0.004284
0.003732 0.003813
0.003730 0.004177
0.003729 0.003928
0.003728 0.004530
0.003728 0.003895
0.003727 0.008455
0.003726 0.004088
0.003722 0.004200
0.003719 0.003829
0.003719 0.004316
0.003718 0.004409
0.003716 0.005724
0.003715 0.004456
0.003714 0.005611
0.003712 0.005179
0.003703 0.004166
0.003701 0.005003
0.003698 0.004042
0.003698 0.004830
0.003696 0.007390
0.003693 0.003718
0.003692 0.003893
0.003690 0.003995
0.003684 0.003994
0.003683 0.004476
0.003682 0.003710
0.003681 0.004449
0.003672 0.004368
0.003669 0.007119
0.003669 0.003720
0.003669 0.004637
0.003666 0.003814
0.003666 0.004611
0.003664 0.006041
0.003663 0.007173
0.003663 0.004408
0.003662 0.007466
0.003662 0.006956
0.003659 0.004116
0.003653 0.004120
0.003653 0.004860
0.003648 0.004366
0.003648 0.003793
0.003647 0.004416
0.003646 0.004329
0.003646 0.005300
0.003645 0.006810
0.003644 0.004158
0.003644 0.003679
0.003643 0.005615
0.003642 0.004814
0.003642 0.004266
0.003632 0.004534
0.003631 0.006662
0.003630 0.003767
0.003629 0.004949
0.003627 0.003659
0.003623 0.003825
0.003623 0.004986
0.003619 0.003677
0.003615 0.003908
0.003612 0.003682
0.003611 0.004392
0.003609 0.003811
0.003604 0.004125
0.003603 0.005225
0.003602 0.003628
0.003599 0.005287
0.003593 0.004584
0.003589 0.003991
0.003588 0.004091
0.003588 0.005238
0.003584 0.005407
0.003583 0.004064
0.003580 0.004291
0.003579 0.005118
0.003576 0.004984
0.003573 0.005076
0.003570 0.005778
0.003570 0.003989
0.003564 0.004206
0.003564 0.003588
0.003562 0.004452
0.003560 0.004893
0.003559 0.004605
0.003554 0.004643
0.003553 0.003814
0.003552 0.006042
0.003548 0.003574
0.003547 0.007890
0.003547 0.003624
0.003546 0.004106
0.003544 0.003867
0.003541 0.005593
0.003540 0.003631
0.003537 0.004112
0.003528 0.004160
0.003526 0.005353
0.003522 0.003764
0.003517 0.004070
0.003517 0.004025
0.003515 0.003839
0.003513 0.003982
0.003512 0.007244
0.003508 0.003661
0.003508 0.003873
0.003507 0.004061
0.003501 0.003530
0.003501 0.003629
0.003492 0.003792
0.003492 0.004409
0.003491 0.003794
0.003490 0.004598
0.003488 0.004088
0.003485 0.003559
0.003480 0.003782
0.003474 0.003807
0.003471 0.003904
0.003470 0.003574
0.003469 0.004359
0.003468 0.004444
0.003468 0.007420
0.003467 0.003931
0.003459 0.004242
0.003453 0.004008
0.003451 0.003617
0.003449 0.004110
0.003448 0.003592
0.003440 0.004048
0.003433 0.005070
0.003430 0.004234
0.003429 0.003787
0.003427 0.003641
0.003419 0.006647
0.003417 0.003787
0.003412 0.005991
0.003411 0.003785
0.003409 0.007033
0.003409 0.003533
0.003408 0.003621
0.003407 0.003778
0.003407 0.003436
0.003406 0.003435
0.003404 0.005217
0.003401 0.005855
0.003399 0.003707
0.003399 0.003432
0.003398 0.003416
0.003397 0.003710
0.003396 0.005245
0.003394 0.003743
0.003388 0.005070
0.003386 0.004138
0.003381 0.006024
0.003380 0.003719
0.003373 0.008102
0.003368 0.003945
0.003365 0.003722
0.003363 0.004591
0.003359 0.003475
0.003358 0.003627
0.003356 0.005573
0.003355 0.005815
0.003355 0.004729
0.003348 0.003625
0.003342 0.005289
0.003341 0.003779
0.003339 0.003760
0.003338 0.003385
0.003338 0.004068
0.003337 0.005506
0.003335 0.005699
0.003333 0.005019
0.003333 0.005048
0.003331 0.003900
0.003325 0.003367
0.003323 0.004992
0.003323 0.004582
0.003316 0.004206
0.003316 0.003375
0.003310 0.003675
0.003308 0.003645
0.003307 0.005187
0.003306 0.003963
0.003305 0.003632
0.003304 0.004124
0.003303 0.006051
0.003302 0.005106
0.003299 0.003982
0.003296 0.003390
0.003291 0.005679
0.003290 0.003345
0.003290 0.004943
0.003287 0.004279
0.003281 0.003689
0.003280 0.007308
0.003280 0.004163
0.003280 0.005413
0.003276 0.005322
0.003275 0.004803
0.003273 0.006066
0.003272 0.003806
0.003267 0.003471
0.003266 0.003405
0.003261 0.004189
0.003260 0.003533
0.003249 0.004196
0.003248 0.003557
0.003245 0.003840
0.003245 0.003398
0.003239 0.003542
0.003223 0.003391
0.003223 0.003848
0.003221 0.004782
0.003220 0.004244
0.003218 0.003778
0.003216 0.005405
0.003215 0.003791
0.003213 0.003272
0.003213 0.003519
0.003212 0.003870
0.003211 0.003515
0.003209 0.004957
0.003209 0.003977
0.003207 0.004806
0.003201 0.003945
0.003196 0.004724
0.003194 0.003322
0.003192 0.005688
0.003189 0.004898
0.003184 0.004486
0.003183 0.003924
0.003176 0.003781
0.003174 0.004028
0.003168 0.005020
0.003164 0.003241
0.003153 0.003261
0.003148 0.004209
0.003147 0.004631
0.003145 0.004904
0.003138 0.003455
0.003138 0.005190
0.003137 0.003163
0.003134 0.003433
0.003132 0.003687
0.003129 0.004286
0.003126 0.003294
0.003124 0.003831
0.003118 0.003601
0.003116 0.003471
0.003114 0.003127
0.003103 0.003287
0.003100 0.007722
0.003095 0.003195
0.003094 0.003323
0.003093 0.004243
0.003089 0.003150
0.003088 0.003327
0.003086 0.003206
0.003080 0.005622
0.003073 0.008117
0.003067 0.004174
0.003066 0.005453
0.003064 0.004042
0.003057 0.004188
0.003056 0.004215
0.003056 0.003517
0.003054 0.003158
0.003052 0.003595
0.003049 0.003060
0.003046 0.004452
0.003046 0.003135
0.003043 0.003144
0.003040 0.003325
0.003037 0.005055
0.003028 0.003430
0.003024 0.003072
0.003023 0.003488
0.003021 0.003196
0.003016 0.003871
0.003016 0.004649
0.002999 0.007181
0.002999 0.003158
0.002995 0.004283
0.002994 0.003039
0.002994 0.003949
0.002990 0.003839
0.002990 0.003256
0.002986 0.003024
0.002983 0.003046
0.002983 0.003802
0.002979 0.003224
0.002974 0.003498
0.002971 0.003368
0.002966 0.005112
0.002965 0.004906
0.002965 0.003147
0.002964 0.003357
0.002960 0.006526
0.002958 0.003628
0.002956 0.003103
0.002955 0.008244
0.002954 0.003376
0.002953 0.003332
0.002951 0.003100
0.002951 0.004130
0.002949 0.003445
0.002946 0.003154
0.002946 0.003599
0.002944 0.004948
0.002943 0.004045
0.002937 0.004707
0.002933 0.003674
0.002930 0.003505
0.002925 0.005052
0.002914 0.003356
0.002913 0.003163
0.002913 0.003080
0.002907 0.003915
0.002905 0.002982
0.002905 0.003011
0.002905 0.003847
0.002894 0.003355
0.002893 0.003516
0.002888 0.003631
0.002887 0.003641
0.002880 0.005002
0.002868 0.003823
0.002863 0.003024
0.002860 0.002970
0.002860 0.004149
0.002858 0.004814
0.002856 0.003100
0.002856 0.003056
0.002854 0.002983
0.002854 0.002988
0.002852 0.003127
0.002850 0.003096
0.002838 0.004219
0.002836 0.006930
0.002834 0.003199
0.002831 0.003216
0.002829 0.004941
0.002828 0.002957
0.002823 0.005315
0.002821 0.002831
0.002819 0.003544
0.002802 0.004007
0.002795 0.002817
0.002794 0.003432
0.002794 0.003481
0.002793 0.003367
0.002793 0.005086
0.002792 0.002829
0.002784 0.002814
0.002781 0.002843
0.002775 0.003247
0.002771 0.004143
0.002765 0.003869
0.002763 0.003431
0.002760 0.003634
0.002759 0.002879
0.002755 0.002849
0.002751 0.002986
0.002749 0.003036
0.002741 0.003386
0.002737 0.002774
0.002737 0.004986
0.002735 0.002913
0.002733 0.003749
0.002729 0.004258
0.002729 0.005784
0.002728 0.003098
0.002725 0.003887
0.002722 0.003008
0.002721 0.003079
0.002701 0.003570
0.002693 0.003157
0.002683 0.003107
0.002680 0.003255
0.002666 0.003222
0.002665 0.003070
0.002660 0.002878
0.002658 0.002666
0.002655 0.004259
0.002651 0.002974
0.002643 0.005927
0.002626 0.003648
0.002624 0.002720
0.002623 0.002911
0.002622 0.003250
0.002611 0.003226
0.002605 0.003471
0.002603 0.002968
0.002591 0.002815
0.002584 0.005485
0.002579 0.002827
0.002578 0.004199
0.002575 0.002773
0.002575 0.003036
0.002569 0.005522
0.002557 0.003124
0.002551 0.002678
0.002551 0.002902
0.002546 0.002928
0.002545 0.003545
0.002543 0.002758
0.002541 0.002763
0.002530 0.002964
0.002528 0.002931
0.002528 0.002951
0.002519 0.004579
0.002519 0.004159
0.002512 0.003194
0.002509 0.002934
0.002505 0.002771
0.002504 0.002523
0.002503 0.002621
0.002497 0.002916
0.002465 0.002609
0.002464 0.003171
0.002462 0.002970
0.002457 0.002743
0.002456 0.003525
0.002437 0.002451
0.002433 0.003277
0.002430 0.002771
0.002426 0.002831
0.002425 0.002499
0.002409 0.002445
0.002387 0.002498
0.002387 0.002681
0.002363 0.002939
0.002362 0.002402
0.002361 0.002511
0.002355 0.002896
0.002353 0.002401
0.002343 0.002382
0.002337 0.002435
0.002327 0.003767
0.002324 0.002384
0.002316 0.002388
0.002311 0.003223
0.002307 0.002509
0.002286 0.002290
0.002285 0.002336
0.002278 0.003592
0.002271 0.002287
0.002254 0.002441
0.002227 0.002430
0.002217 0.002589
0.002214 0.003195
0.002214 0.002243
0.002208 0.002322
0.002181 0.002736
0.002165 0.002441
0.002160 0.002600
0.002129 0.002226
0.002119 0.003086
0.002118 0.002690
0.002103 0.002586
0.002098 0.002316
0.002079 0.003108
0.002075 0.002702
0.002054 0.002077
0.002045 0.002492
0.002039 0.002203
0.002034 0.002081
0.002032 0.002036
0.002018 0.002287
0.002016 0.002245
0.002006 0.002318
0.001999 0.003022
0.001990 0.002423
0.001988 0.002445
0.001982 0.002060
0.001980 0.001997
0.001964 0.002072
0.001948 0.002176
0.001940 0.002194
0.001935 0.002209
0.001914 0.001926
0.001911 0.002829
0.001895 0.001996
0.001889 0.002155
0.001877 0.002552
0.001875 0.002758
0.001870 0.002037
0.001696 0.001702
0.001689 0.001881
0.001653 0.001949
0.001646 0.001654
0.001598 0.001682
0.001539 0.001643
0.001525 0.001560
0.001461 0.001630
0.001429 0.001524
