0.434966 0.439046
0.171972 0.173685
0.151501 0.165128
0.143316 0.169260
0.135810 0.139934
0.135591 0.150437
0.131885 0.188574
0.127338 0.136421
0.125402 0.149072
0.118720 0.121664
0.117509 0.126437
0.114400 0.133727
0.112275 0.113915
0.098124 0.101759
0.096942 0.098954
0.096564 0.109703
0.095874 0.104371
0.093424 0.093692
0.092162 0.100590
0.091875 0.096059
0.089892 0.104950
0.088102 0.096276
0.086185 0.105680
0.079868 0.090581
0.079254 0.079767
0.076782 0.079286
0.076767 0.084503
0.075688 0.077825
0.075280 0.075835
0.075150 0.079558
0.075099 0.086217
0.074952 0.082375
0.073987 0.074563
0.071598 0.075163
0.069932 0.072756
0.069305 0.094658
0.068769 0.108010
0.068159 0.120195
0.065220 0.083608
0.064893 0.081289
0.064208 0.065458
0.063881 0.077232
0.063149 0.073298
0.062367 0.069875
0.062268 0.076594
0.061879 0.065653
0.060271 0.063280
0.060077 0.097252
0.059295 0.060771
0.058941 0.063098
0.055123 0.061715
0.054577 0.055256
0.053144 0.075896
0.052920 0.053771
0.052306 0.069099
0.052300 0.060178
0.052195 0.104882
0.052073 0.056680
0.051504 0.054332
0.050957 0.055793
0.049891 0.061232
0.049885 0.053332
0.048252 0.048674
0.047843 0.049996
0.047744 0.059619
0.047614 0.052643
0.047314 0.075167
0.046500 0.062905
0.046140 0.049069
0.046090 0.061721
0.046078 0.051151
0.046051 0.050885
0.045960 0.061294
0.045239 0.049835
0.045040 0.082566
0.044261 0.086103
0.044190 0.045323
0.043614 0.045445
0.043025 0.043971
0.040910 0.075246
0.040852 0.045785
0.040735 0.062789
0.039751 0.039833
0.039608 0.061039
0.039600 0.056686
0.039016 0.043306
0.038831 0.041176
0.038805 0.049506
0.038585 0.039120
0.038576 0.040980
0.038274 0.039397
0.038252 0.041107
0.037688 0.038043
0.037311 0.042882
0.037159 0.040198
0.037047 0.039285
0.037047 0.042727
0.036986 0.039485
0.036241 0.036542
0.036055 0.041836
0.035596 0.061998
0.035456 0.043430
0.035444 0.035729
0.035345 0.035791
0.035345 0.044775
0.034999 0.049475
0.034902 0.038643
0.034844 0.038540
0.034434 0.046085
0.034352 0.035545
0.033926 0.077105
0.033540 0.037451
0.033392 0.049396
0.033352 0.037422
0.032766 0.036557
0.032741 0.036558
0.032678 0.034289
0.032628 0.034132
0.032520 0.057935
0.032412 0.039931
0.032187 0.041906
0.032075 0.044425
0.031798 0.043103
0.031604 0.031741
0.031384 0.035154
0.031325 0.033000
0.031225 0.033526
0.031211 0.039663
0.030967 0.051103
0.030838 0.031785
0.030613 0.032973
0.030470 0.030604
0.030319 0.032713
0.030308 0.040320
0.030249 0.031180
0.029900 0.046456
0.029872 0.037058
0.029828 0.049415
0.029676 0.030278
0.029560 0.056377
0.029543 0.036674
0.029493 0.032631
0.029465 0.033789
0.029253 0.039041
0.029126 0.052976
0.029021 0.040084
0.028927 0.036348
0.028859 0.033248
0.028403 0.030611
0.028110 0.036117
0.028103 0.047480
0.028097 0.056064
0.028097 0.028981
0.028077 0.040163
0.028048 0.038425
0.028004 0.035834
0.027942 0.033585
0.027930 0.036719
0.027703 0.038826
0.027703 0.028306
0.027587 0.039323
0.027570 0.027783
0.027541 0.035668
0.027369 0.032610
0.027349 0.039150
0.027100 0.030196
0.026752 0.027246
0.026734 0.034644
0.026699 0.032558
0.026693 0.028264
0.026668 0.027909
0.026617 0.026987
0.026586 0.031842
0.026492 0.027717
0.026475 0.029309
0.026473 0.048318
0.026403 0.030387
0.026376 0.036324
0.026263 0.031652
0.026262 0.031310
0.026236 0.028087
0.026092 0.028556
0.026060 0.027139
0.025957 0.036971
0.025796 0.030358
0.025792 0.033215
0.025756 0.027049
0.025637 0.038219
0.025623 0.045859
0.025561 0.029214
0.025478 0.031322
0.025449 0.026758
0.025319 0.025432
0.025256 0.028442
0.025250 0.025256
0.025198 0.027900
0.025146 0.025674
0.025073 0.025776
0.025039 0.025158
0.024935 0.035724
0.024923 0.038115
0.024911 0.025149
0.024651 0.034303
0.024479 0.044251
0.024455 0.024617
0.024424 0.024492
0.024389 0.025530
0.024260 0.027078
0.024214 0.039403
0.024206 0.025934
0.024052 0.027388
0.023925 0.028793
0.023872 0.027681
0.023859 0.029678
0.023842 0.025117
0.023784 0.023899
0.023626 0.030462
0.023566 0.039661
0.023541 0.029073
0.023536 0.024364
0.023264 0.023547
0.023228 0.026575
0.023206 0.025736
0.023181 0.028403
0.023065 0.023590
0.023012 0.029945
0.022987 0.023644
0.022929 0.027071
0.022905 0.036422
0.022881 0.025766
0.022872 0.027380
0.022787 0.023173
0.022644 0.026811
0.022541 0.026414
0.022398 0.024820
0.022366 0.022980
0.022326 0.039581
0.022273 0.027970
0.022181 0.022757
0.022167 0.025394
0.022105 0.025131
0.022078 0.028255
0.022066 0.027939
0.021804 0.021857
0.021780 0.027626
0.021743 0.023468
0.021712 0.040931
0.021694 0.023331
0.021624 0.025036
0.021606 0.023533
0.021542 0.024942
0.021506 0.023131
0.021492 0.022997
0.021454 0.023775
0.021454 0.021657
0.021384 0.022986
0.021320 0.024613
0.021055 0.022129
0.020982 0.025672
0.020900 0.024306
0.020890 0.021381
0.020808 0.027491
0.020737 0.022040
0.020639 0.022609
0.020627 0.029472
0.020280 0.026486
0.020273 0.024940
0.020209 0.020334
0.020162 0.038196
0.020140 0.035081
0.020128 0.023587
0.020095 0.020479
0.020091 0.024476
0.020030 0.026901
0.020023 0.021704
0.019988 0.022744
0.019937 0.020210
0.019903 0.020745
0.019884 0.024967
0.019838 0.019892
0.019765 0.023561
0.019722 0.030398
0.019715 0.020690
0.019663 0.024766
0.019621 0.020227
0.019569 0.021085
0.019556 0.020896
0.019475 0.023101
0.019451 0.019797
0.019357 0.023835
0.019296 0.020983
0.019202 0.019891
0.018874 0.019428
0.018562 0.019601
0.018466 0.024584
0.018330 0.023367
0.018278 0.019440
0.018235 0.024280
0.018200 0.018308
0.018194 0.018892
0.018104 0.020555
0.018085 0.018792
0.018069 0.018244
0.018061 0.018374
0.018014 0.021163
0.017968 0.019403
0.017884 0.020554
0.017780 0.019889
0.017743 0.023908
0.017731 0.019648
0.017708 0.019336
0.017683 0.019311
0.017639 0.021992
0.017592 0.019161
0.017590 0.028635
0.017529 0.029334
0.017401 0.020154
0.017398 0.030368
0.017340 0.023725
0.017323 0.026594
0.017276 0.018009
0.017168 0.020662
0.017165 0.018366
0.017133 0.018110
0.017026 0.020703
0.017010 0.017705
0.016941 0.016948
0.016934 0.018960
0.016919 0.018515
0.016905 0.017697
0.016887 0.018366
0.016871 0.022511
0.016810 0.021490
0.016798 0.018600
0.016794 0.022743
0.016698 0.019198
0.016657 0.019601
0.016640 0.018128
0.016424 0.024896
0.016369 0.016659
0.016358 0.016591
0.016268 0.029310
0.016254 0.016685
0.016244 0.017116
0.016229 0.016735
0.016226 0.016958
0.016208 0.021267
0.015901 0.017338
0.015843 0.017601
0.015765 0.017287
0.015719 0.015929
0.015586 0.020315
0.015557 0.016396
0.015552 0.016394
0.015530 0.016538
0.015522 0.019264
0.015448 0.017868
0.015410 0.022481
0.015392 0.021178
0.015382 0.026023
0.015361 0.021856
0.015354 0.016922
0.015312 0.016858
0.015292 0.015744
0.015291 0.015411
0.015212 0.016426
0.015152 0.015402
0.015131 0.020189
0.015052 0.017531
0.014995 0.016912
0.014941 0.024056
0.014920 0.015851
0.014846 0.015095
0.014811 0.018089
0.014808 0.016979
0.014670 0.017612
0.014642 0.016743
0.014637 0.017812
0.014632 0.017465
0.014600 0.016901
0.014562 0.017954
0.014551 0.019010
0.014500 0.021074
0.014491 0.015310
0.014479 0.020018
0.014447 0.014505
0.014444 0.019475
0.014423 0.015934
0.014417 0.014482
0.014203 0.020463
0.014131 0.014315
0.014104 0.034724
0.014103 0.022570
0.014071 0.016459
0.014054 0.018392
0.014039 0.019588
0.014031 0.014760
0.013930 0.014160
0.013920 0.018874
0.013907 0.018532
0.013873 0.013948
0.013786 0.021097
0.013757 0.025142
0.013708 0.013989
0.013636 0.022530
0.013636 0.016280
0.013605 0.021196
0.013596 0.015674
0.013592 0.018827
0.013585 0.016734
0.013565 0.013706
0.013506 0.013853
0.013465 0.013945
0.013443 0.015862
0.013438 0.013576
0.013433 0.014404
0.013410 0.016149
0.013409 0.013591
0.013387 0.013975
0.013344 0.013736
0.013330 0.018578
0.013308 0.015004
0.013301 0.014678
0.013273 0.013522
0.013243 0.018436
0.013196 0.026151
0.013189 0.022454
0.013189 0.013230
0.013155 0.013881
0.013150 0.021313
0.013122 0.013779
0.013055 0.016502
0.013046 0.015560
0.013022 0.027107
0.013003 0.014448
0.012989 0.014199
0.012954 0.014767
0.012930 0.018832
0.012927 0.013141
0.012877 0.015764
0.012849 0.025109
0.012798 0.013164
0.012789 0.022401
0.012785 0.013548
0.012780 0.012948
0.012779 0.013535
0.012750 0.015145
0.012609 0.014933
0.012601 0.013195
0.012573 0.014429
0.012555 0.013694
0.012487 0.013675
0.012481 0.019809
0.012462 0.014083
0.012459 0.015916
0.012439 0.016073
0.012385 0.012922
0.012276 0.016559
0.012252 0.012570
0.012232 0.013976
0.012216 0.012835
0.012212 0.019229
0.012188 0.013650
0.012157 0.013254
0.012156 0.020569
0.012149 0.013793
0.012108 0.016906
0.012017 0.012452
0.012009 0.016183
0.011996 0.013551
0.011925 0.013122
0.011920 0.013222
0.011913 0.012327
0.011891 0.012053
0.011881 0.012627
0.011875 0.013609
0.011865 0.012765
0.011833 0.016588
0.011818 0.011828
0.011792 0.012045
0.011777 0.015677
0.011775 0.014554
0.011721 0.018483
0.011707 0.011779
0.011703 0.012267
0.011687 0.016901
0.011665 0.012041
0.011615 0.011935
0.011609 0.019937
0.011577 0.019697
0.011533 0.012449
0.011506 0.013677
0.011481 0.013455
0.011478 0.016479
0.011475 0.011874
0.011457 0.016805
0.011429 0.014839
0.011397 0.018105
0.011386 0.014485
0.011352 0.014473
0.011323 0.013900
0.011302 0.011343
0.011284 0.017793
0.011272 0.016242
0.011250 0.011551
0.011249 0.011864
0.011215 0.016284
0.011214 0.019881
0.011196 0.012858
0.011186 0.011662
0.011165 0.011284
0.011158 0.013269
0.011147 0.012248
0.011116 0.012737
0.011093 0.011752
0.011091 0.011168
0.011043 0.013758
0.011018 0.013176
0.010998 0.013436
0.010949 0.012522
0.010934 0.014773
0.010931 0.014329
0.010897 0.012088
0.010896 0.013553
0.010869 0.014999
0.010855 0.011118
0.010850 0.010961
0.010839 0.011086
0.010838 0.013140
0.010832 0.012524
0.010807 0.015337
0.010770 0.014845
0.010764 0.013687
0.010632 0.011637
0.010623 0.011540
0.010620 0.010995
0.010593 0.012836
0.010584 0.012132
0.010571 0.011197
0.010558 0.013658
0.010538 0.015363
0.010487 0.015412
0.010475 0.010634
0.010457 0.012484
0.010438 0.012699
0.010418 0.012749
0.010412 0.012295
0.010362 0.010809
0.010361 0.011310
0.010361 0.010625
0.010361 0.010881
0.010355 0.012530
0.010354 0.010389
0.010353 0.013252
0.010336 0.011426
0.010334 0.012438
0.010310 0.010330
0.010298 0.011334
0.010290 0.012934
0.010288 0.014385
0.010254 0.014395
0.010250 0.012943
0.010247 0.012939
0.010227 0.010884
0.010187 0.010799
0.010165 0.011455
0.010157 0.012632
0.010149 0.011194
0.010149 0.010878
0.010146 0.010916
0.010143 0.011395
0.010141 0.013097
0.010130 0.010929
0.010113 0.012804
0.010093 0.011874
0.010083 0.010466
0.010067 0.013878
0.010063 0.013720
0.010051 0.010986
0.010025 0.018920
0.010020 0.014183
0.009999 0.012025
0.009992 0.010852
0.009989 0.010252
0.009976 0.015696
0.009947 0.010032
0.009940 0.010718
0.009923 0.010306
0.009921 0.014411
0.009883 0.013537
0.009882 0.010822
0.009873 0.011607
0.009871 0.010005
0.009856 0.012901
0.009854 0.011742
0.009828 0.010160
0.009827 0.011281
0.009754 0.016032
0.009707 0.010798
0.009707 0.016194
0.009696 0.011528
0.009685 0.010314
0.009654 0.010152
0.009645 0.011356
0.009635 0.011801
0.009620 0.013153
0.009603 0.011372
0.009586 0.010842
0.009582 0.011858
0.009567 0.009790
0.009541 0.009601
0.009539 0.009974
0.009503 0.010033
0.009499 0.015988
0.009482 0.011989
0.009464 0.011971
0.009444 0.010082
0.009429 0.009964
0.009428 0.010215
0.009424 0.010858
0.009416 0.010631
0.009402 0.010309
0.009396 0.009411
0.009391 0.012983
0.009384 0.010346
0.009381 0.015320
0.009375 0.010629
0.009370 0.009503
0.009335 0.012127
0.009325 0.009416
0.009324 0.009858
0.009322 0.009429
0.009288 0.009968
0.009287 0.009606
0.009282 0.009687
0.009272 0.009511
0.009265 0.010202
0.009256 0.009606
0.009249 0.010199
0.009247 0.012657
0.009222 0.009870
0.009219 0.013929
0.009212 0.016007
0.009200 0.010344
0.009172 0.010534
0.009161 0.010349
0.009159 0.009868
0.009110 0.015701
0.009108 0.009255
0.009108 0.009511
0.009102 0.016284
0.009101 0.009766
0.009094 0.015822
0.009088 0.014325
0.009077 0.010438
0.009057 0.011312
0.009033 0.014229
0.009029 0.012724
0.009028 0.009359
0.009028 0.011034
0.009021 0.012279
0.009016 0.010088
0.009015 0.010274
0.009015 0.009329
0.009013 0.010334
0.009010 0.011837
0.009002 0.010879
0.008998 0.014114
0.008987 0.009106
0.008979 0.011321
0.008971 0.011450
0.008967 0.009059
0.008956 0.011816
0.008949 0.012861
0.008930 0.009092
0.008920 0.010280
0.008918 0.009296
0.008882 0.011536
0.008867 0.009008
0.008867 0.011321
0.008863 0.010569
0.008843 0.010833
0.008807 0.009245
0.008803 0.008919
0.008796 0.010226
0.008796 0.009223
0.008790 0.009786
0.008780 0.009692
0.008777 0.010217
0.008775 0.010906
0.008764 0.009136
0.008739 0.008904
0.008726 0.010314
0.008723 0.014757
0.008723 0.008798
0.008713 0.013105
0.008702 0.011666
0.008702 0.008858
0.008690 0.010472
0.008681 0.011877
0.008680 0.015312
0.008679 0.010395
0.008677 0.013605
0.008673 0.010319
0.008654 0.011581
0.008642 0.009579
0.008642 0.011002
0.008627 0.009120
0.008626 0.010391
0.008619 0.012075
0.008611 0.009277
0.008601 0.015271
0.008597 0.011718
0.008574 0.009739
0.008564 0.010908
0.008563 0.009902
0.008552 0.011343
0.008539 0.008603
0.008538 0.010020
0.008530 0.011818
0.008518 0.009726
0.008516 0.008886
0.008515 0.008717
0.008509 0.010198
0.008480 0.009593
0.008478 0.008969
0.008477 0.008739
0.008472 0.010085
0.008468 0.014140
0.008467 0.008620
0.008466 0.010102
0.008453 0.010278
0.008446 0.010094
0.008445 0.011103
0.008445 0.011339
0.008435 0.009481
0.008408 0.010233
0.008403 0.011028
0.008401 0.016599
0.008398 0.010074
0.008386 0.008454
0.008364 0.008627
0.008340 0.011001
0.008333 0.008874
0.008322 0.008479
0.008310 0.008649
0.008309 0.008384
0.008296 0.012001
0.008277 0.011862
0.008258 0.009554
0.008248 0.015377
0.008241 0.009377
0.008233 0.011462
0.008227 0.016863
0.008226 0.009193
0.008206 0.008392
0.008206 0.009695
0.008205 0.010605
0.008193 0.009386
0.008182 0.008289
0.008181 0.011961
0.008165 0.013606
0.008160 0.008898
0.008158 0.008599
0.008154 0.011185
0.008150 0.008872
0.008148 0.008705
0.008146 0.008518
0.008138 0.010704
0.008130 0.008804
0.008125 0.008987
0.008104 0.008950
0.008100 0.008494
0.008078 0.008169
0.008075 0.014331
0.008068 0.014359
0.008053 0.010483
0.008046 0.013013
0.008036 0.010232
0.008012 0.009870
0.008011 0.010555
0.007989 0.008235
0.007985 0.008584
0.007979 0.007995
0.007971 0.009864
0.007945 0.009255
0.007942 0.008123
0.007932 0.008263
0.007925 0.013670
0.007898 0.010259
0.007893 0.009226
0.007877 0.012497
0.007855 0.012218
0.007831 0.009613
0.007830 0.011614
0.007830 0.008322
0.007817 0.010572
0.007806 0.008580
0.007804 0.008651
0.007798 0.008283
0.007781 0.007785
0.007777 0.010105
0.007775 0.009994
0.007765 0.008339
0.007760 0.009345
0.007755 0.008063
0.007745 0.008465
0.007734 0.014458
0.007709 0.007820
0.007703 0.008142
0.007700 0.013029
0.007697 0.009453
0.007685 0.009210
0.007669 0.010060
0.007645 0.010825
0.007644 0.007978
0.007635 0.007866
0.007608 0.008131
0.007596 0.008265
0.007591 0.007736
0.007589 0.009809
0.007589 0.010745
0.007587 0.009365
0.007585 0.013549
0.007578 0.009090
0.007571 0.008507
0.007563 0.008206
0.007552 0.010765
0.007542 0.007709
0.007542 0.007764
0.007541 0.010027
0.007535 0.007646
0.007529 0.012506
0.007524 0.011030
0.007515 0.010465
0.007514 0.008731
0.007501 0.008976
0.007499 0.007835
0.007497 0.008914
0.007480 0.014556
0.007478 0.011246
0.007476 0.008009
0.007475 0.009760
0.007474 0.008846
0.007474 0.007764
0.007453 0.007457
0.007448 0.008412
0.007443 0.008007
0.007437 0.012655
0.007436 0.008884
0.007432 0.011868
0.007431 0.008098
0.007413 0.015789
0.007393 0.007479
0.007387 0.007865
0.007369 0.007707
0.007368 0.023437
0.007367 0.008749
0.007364 0.007858
0.007342 0.007838
0.007341 0.008191
0.007338 0.008520
0.007337 0.011193
0.007328 0.009117
0.007323 0.009280
0.007322 0.007856
0.007319 0.007817
0.007310 0.008310
0.007293 0.010278
0.007292 0.008430
0.007286 0.014413
0.007284 0.012633
0.007275 0.007424
0.007268 0.008477
0.007264 0.007464
0.007261 0.007844
0.007257 0.007904
0.007254 0.010846
0.007251 0.009510
0.007234 0.010508
0.007225 0.009277
0.007225 0.009196
0.007223 0.008936
0.007211 0.009120
0.007209 0.009562
0.007207 0.007781
0.007202 0.014542
0.007200 0.008757
0.007196 0.007956
0.007192 0.008974
0.007184 0.007823
0.007139 0.011254
0.007134 0.008528
0.007132 0.007417
0.007126 0.008291
0.007116 0.011193
0.007105 0.007445
0.007103 0.010188
0.007101 0.014053
0.007101 0.007213
0.007094 0.008669
0.007084 0.012660
0.007081 0.008116
0.007079 0.007532
0.007075 0.012958
0.007056 0.007178
0.007052 0.007129
0.007046 0.007403
0.007034 0.007133
0.007032 0.008603
0.007030 0.007434
0.007029 0.008431
0.007026 0.007575
0.007025 0.007078
0.007022 0.010594
0.007020 0.008271
0.007015 0.007648
0.007008 0.010000
0.007004 0.007791
0.006996 0.011193
0.006980 0.008890
0.006978 0.008266
0.006974 0.011336
0.006973 0.009466
0.006965 0.008102
0.006935 0.007134
0.006931 0.007051
0.006928 0.011696
0.006924 0.008457
0.006922 0.006949
0.006917 0.007653
0.006917 0.007414
0.006913 0.007038
0.006905 0.006980
0.006905 0.009399
0.006904 0.008318
0.006898 0.010337
0.006897 0.007033
0.006888 0.007872
0.006867 0.007082
0.006858 0.010839
0.006857 0.007105
0.006853 0.010403
0.006847 0.008407
0.006844 0.009785
0.006837 0.012461
0.006834 0.007536
0.006827 0.009238
0.006826 0.007035
0.006820 0.007469
0.006817 0.008255
0.006805 0.006905
0.006804 0.007211
0.006801 0.010209
0.006800 0.009210
0.006790 0.007115
0.006789 0.008371
0.006789 0.010401
0.006781 0.007358
0.006773 0.007950
0.006772 0.007311
0.006771 0.011940
0.006771 0.007741
0.006764 0.007918
0.006763 0.006943
0.006762 0.007177
0.006752 0.007006
0.006751 0.006947
0.006748 0.006822
0.006734 0.007875
0.006731 0.006924
0.006728 0.009498
0.006727 0.007131
0.006719 0.010297
0.006701 0.008996
0.006692 0.007299
0.006689 0.007155
0.006688 0.007217
0.006676 0.007129
0.006672 0.006909
0.006670 0.010978
0.006665 0.006870
0.006660 0.008362
0.006655 0.007107
0.006652 0.013843
0.006644 0.006797
0.006644 0.009282
0.006642 0.007694
0.006637 0.010265
0.006636 0.006854
0.006634 0.007990
0.006631 0.006921
0.006626 0.008107
0.006623 0.006820
0.006617 0.007813
0.006616 0.008364
0.006615 0.007335
0.006610 0.006919
0.006606 0.006614
0.006601 0.006925
0.006600 0.006638
0.006594 0.006651
0.006593 0.012345
0.006589 0.006969
0.006582 0.006730
0.006578 0.006582
0.006576 0.007538
0.006572 0.008364
0.006568 0.007675
0.006557 0.006883
0.006556 0.006885
0.006555 0.006861
0.006554 0.009087
0.006549 0.009967
0.006547 0.009185
0.006546 0.008550
0.006528 0.009551
0.006524 0.008632
0.006518 0.007161
0.006512 0.006545
0.006511 0.007038
0.006508 0.006513
0.006506 0.007408
0.006505 0.007233
0.006500 0.008025
0.006498 0.007573
0.006493 0.009226
0.006484 0.007506
0.006477 0.006943
0.006476 0.013971
0.006472 0.006902
0.006471 0.007885
0.006455 0.007285
0.006455 0.006478
0.006455 0.006721
0.006450 0.008363
0.006448 0.007764
0.006443 0.007207
0.006438 0.011249
0.006434 0.008838
0.006432 0.007581
0.006427 0.014534
0.006424 0.006896
0.006422 0.006981
0.006421 0.008445
0.006420 0.008858
0.006419 0.009343
0.006412 0.014565
0.006411 0.006870
0.006400 0.012061
0.006397 0.007824
0.006393 0.006908
0.006390 0.009750
0.006366 0.006370
0.006365 0.012411
0.006361 0.007141
0.006361 0.006943
0.006360 0.007568
0.006356 0.007198
0.006349 0.008848
0.006336 0.006701
0.006331 0.006350
0.006330 0.007675
0.006327 0.007923
0.006326 0.006766
0.006322 0.011163
0.006319 0.008764
0.006315 0.007266
0.006310 0.006707
0.006302 0.007224
0.006301 0.008205
0.006297 0.006362
0.006285 0.009762
0.006277 0.008445
0.006276 0.007754
0.006272 0.011700
0.006270 0.006292
0.006269 0.010724
0.006266 0.006287
0.006266 0.010573
0.006257 0.006857
0.006254 0.006268
0.006249 0.006634
0.006247 0.006858
0.006245 0.006647
0.006243 0.006831
0.006241 0.006617
0.006239 0.007604
0.006239 0.006892
0.006237 0.006438
0.006236 0.006855
0.006235 0.007324
0.006235 0.006882
0.006230 0.008291
0.006219 0.006768
0.006214 0.009098
0.006214 0.011022
0.006213 0.008523
0.006212 0.006410
0.006199 0.008975
0.006194 0.006371
0.006191 0.006575
0.006190 0.010343
0.006186 0.006444
0.006184 0.006282
0.006183 0.006778
0.006180 0.008911
0.006174 0.010012
0.006172 0.006761
0.006155 0.006219
0.006152 0.009877
0.006151 0.006537
0.006146 0.007790
0.006145 0.008264
0.006135 0.006880
0.006133 0.006310
0.006127 0.007196
0.006124 0.007980
0.006115 0.006262
0.006108 0.006629
0.006106 0.006544
0.006103 0.007016
0.006100 0.006885
0.006099 0.011082
0.006097 0.006204
0.006096 0.006699
0.006095 0.008558
0.006095 0.007547
0.006094 0.006921
0.006092 0.006366
0.006081 0.006187
0.006080 0.006180
0.006076 0.006422
0.006070 0.007270
0.006063 0.006815
0.006061 0.006776
0.006053 0.008625
0.006052 0.006343
0.006051 0.007273
0.006050 0.006824
0.006048 0.007604
0.006047 0.009215
0.006034 0.006851
0.006031 0.006276
0.006030 0.006217
0.006028 0.007794
0.006027 0.006791
0.006026 0.009538
0.006015 0.010043
0.006014 0.010112
0.006014 0.007119
0.006013 0.006237
0.006003 0.006189
0.006000 0.007721
0.006000 0.008154
0.005994 0.006396
0.005994 0.013409
0.005992 0.007567
0.005991 0.008041
0.005990 0.007068
0.005983 0.006418
0.005979 0.009243
0.005973 0.006511
0.005972 0.007968
0.005972 0.011143
0.005967 0.006071
0.005964 0.011501
0.005963 0.006528
0.005959 0.006298
0.005944 0.006114
0.005939 0.006195
0.005937 0.006325
0.005931 0.007540
0.005930 0.009080
0.005929 0.007281
0.005929 0.010968
0.005929 0.007669
0.005928 0.007893
0.005926 0.007277
0.005919 0.006986
0.005919 0.006083
0.005906 0.005942
0.005903 0.010603
0.005898 0.007161
0.005896 0.006453
0.005892 0.008826
0.005886 0.008361
0.005885 0.007000
0.005884 0.005905
0.005884 0.007195
0.005883 0.006182
0.005881 0.006521
0.005873 0.007320
0.005870 0.006036
0.005870 0.006214
0.005861 0.007399
0.005856 0.006699
0.005855 0.006803
0.005849 0.007679
0.005847 0.005977
0.005832 0.006893
0.005832 0.008397
0.005826 0.005973
0.005814 0.007291
0.005813 0.006317
0.005812 0.007981
0.005809 0.006824
0.005803 0.006157
0.005792 0.007121
0.005789 0.006556
0.005786 0.006180
0.005784 0.005826
0.005780 0.006899
0.005780 0.007514
0.005775 0.009011
0.005754 0.006048
0.005753 0.007911
0.005752 0.008544
0.005752 0.006021
0.005748 0.007623
0.005744 0.009789
0.005743 0.013396
0.005734 0.006303
0.005728 0.006192
0.005725 0.005949
0.005710 0.006915
0.005708 0.006204
0.005708 0.008250
0.005705 0.008063
0.005702 0.008622
0.005702 0.005792
0.005700 0.005998
0.005695 0.006179
0.005695 0.009073
0.005691 0.006762
0.005683 0.005996
0.005680 0.008457
0.005674 0.006640
0.005668 0.006231
0.005668 0.007680
0.005666 0.005762
0.005663 0.007311
0.005659 0.008902
0.005658 0.005886
0.005651 0.008633
0.005644 0.006466
0.005640 0.006053
0.005637 0.005698
0.005629 0.006852
0.005625 0.006324
0.005624 0.005742
0.005623 0.006861
0.005617 0.005717
0.005603 0.007158
0.005600 0.011349
0.005596 0.005827
0.005596 0.009280
0.005595 0.006740
0.005593 0.009862
0.005584 0.005828
0.005584 0.006639
0.005583 0.007961
0.005582 0.005753
0.005581 0.010658
0.005573 0.006447
0.005569 0.006850
0.005565 0.006148
0.005558 0.007439
0.005554 0.008052
0.005550 0.009582
0.005545 0.009719
0.005537 0.007112
0.005535 0.006251
0.005533 0.006610
0.005529 0.006887
0.005529 0.005963
0.005527 0.006576
0.005515 0.008607
0.005514 0.006225
0.005512 0.005717
0.005505 0.006693
0.005502 0.005515
0.005499 0.009518
0.005498 0.005538
0.005497 0.005783
0.005496 0.005722
0.005490 0.006721
0.005490 0.005964
0.005489 0.009390
0.005484 0.006331
0.005481 0.006011
0.005479 0.006471
0.005474 0.005727
0.005469 0.006652
0.005468 0.005710
0.005468 0.006181
0.005467 0.005561
0.005466 0.009298
0.005466 0.006045
0.005464 0.008579
0.005461 0.005520
0.005461 0.011552
0.005460 0.008001
0.005460 0.006125
0.005460 0.007185
0.005455 0.006807
0.005447 0.006315
0.005446 0.006860
0.005441 0.005645
0.005439 0.009076
0.005438 0.006318
0.005428 0.009272
0.005423 0.009736
0.005422 0.007771
0.005421 0.007823
0.005419 0.005664
0.005419 0.005838
0.005413 0.009154
0.005412 0.006116
0.005409 0.008176
0.005409 0.005691
0.005409 0.005865
0.005402 0.005586
0.005398 0.005771
0.005394 0.010755
0.005394 0.009296
0.005388 0.005713
0.005388 0.009547
0.005379 0.006244
0.005375 0.011083
0.005374 0.008127
0.005373 0.007105
0.005372 0.006889
0.005371 0.005596
0.005365 0.007261
0.005363 0.009450
0.005357 0.005542
0.005342 0.005597
0.005338 0.005592
0.005337 0.008286
0.005335 0.005657
0.005334 0.005879
0.005332 0.009685
0.005329 0.007681
0.005323 0.006837
0.005319 0.005829
0.005318 0.005854
0.005314 0.008381
0.005308 0.005771
0.005296 0.005730
0.005289 0.008827
0.005289 0.006510
0.005287 0.006519
0.005280 0.005663
0.005276 0.006533
0.005273 0.005905
0.005266 0.008000
0.005262 0.005742
0.005261 0.005289
0.005259 0.005594
0.005256 0.006398
0.005251 0.005950
0.005250 0.007457
0.005248 0.006531
0.005240 0.005377
0.005238 0.005911
0.005234 0.005607
0.005231 0.006314
0.005227 0.005511
0.005225 0.007682
0.005224 0.005716
0.005224 0.006427
0.005223 0.005429
0.005210 0.006074
0.005209 0.007490
0.005208 0.005435
0.005205 0.006254
0.005200 0.005453
0.005199 0.006342
0.005197 0.005656
0.005194 0.008400
0.005193 0.006023
0.005189 0.007894
0.005189 0.006047
0.005180 0.005405
0.005172 0.006221
0.005172 0.005609
0.005167 0.007047
0.005164 0.006017
0.005163 0.009660
0.005159 0.008022
0.005144 0.005443
0.005144 0.005674
0.005143 0.007076
0.005140 0.005454
0.005140 0.005913
0.005137 0.005652
0.005136 0.005163
0.005133 0.006855
0.005133 0.006323
0.005131 0.005421
0.005129 0.005292
0.005128 0.005860
0.005124 0.005890
0.005118 0.006143
0.005118 0.005798
0.005116 0.005567
0.005113 0.005606
0.005112 0.007397
0.005112 0.005232
0.005111 0.005978
0.005105 0.005206
0.005104 0.006856
0.005101 0.007580
0.005101 0.007208
0.005100 0.006026
0.005097 0.005480
0.005091 0.005240
0.005091 0.005422
0.005088 0.005548
0.005087 0.006161
0.005086 0.005162
0.005082 0.006256
0.005075 0.005700
0.005073 0.005908
0.005070 0.005186
0.005069 0.009715
0.005066 0.006098
0.005061 0.006642
0.005056 0.005223
0.005055 0.005939
0.005054 0.006144
0.005052 0.005207
0.005048 0.005141
0.005047 0.006014
0.005047 0.008215
0.005044 0.005269
0.005044 0.005427
0.005037 0.005275
0.005032 0.006754
0.005029 0.006858
0.005029 0.007434
0.005025 0.005070
0.005018 0.005749
0.005012 0.007455
0.005009 0.005483
0.005009 0.006704
0.005009 0.005609
0.005007 0.005353
0.005003 0.005263
0.004998 0.005795
0.004997 0.008448
0.004995 0.007138
0.004994 0.005099
0.004991 0.005835
0.004990 0.005569
0.004988 0.005678
0.004986 0.009763
0.004984 0.005425
0.004982 0.005078
0.004982 0.006145
0.004975 0.005178
0.004974 0.006956
0.004974 0.012025
0.004969 0.005787
0.004965 0.009260
0.004959 0.005330
0.004956 0.009106
0.004954 0.005645
0.004950 0.005754
0.004947 0.008328
0.004944 0.008294
0.004939 0.006168
0.004935 0.008047
0.004934 0.008180
0.004931 0.009139
0.004924 0.006180
0.004924 0.005411
0.004918 0.007127
0.004916 0.004990
0.004910 0.007217
0.004904 0.005148
0.004903 0.004939
0.004897 0.006547
0.004894 0.006598
0.004893 0.012095
0.004893 0.007293
0.004891 0.006310
0.004890 0.005256
0.004887 0.006728
0.004887 0.005422
0.004884 0.006665
0.004884 0.004904
0.004882 0.005014
0.004881 0.005914
0.004879 0.005157
0.004875 0.010503
0.004871 0.005351
0.004864 0.005523
0.004863 0.005580
0.004851 0.006225
0.004841 0.004982
0.004839 0.005976
0.004838 0.005224
0.004838 0.009400
0.004836 0.007964
0.004832 0.007378
0.004830 0.005463
0.004830 0.006337
0.004829 0.005614
0.004827 0.004833
0.004823 0.005260
0.004823 0.007833
0.004821 0.005557
0.004819 0.005716
0.004812 0.007998
0.004810 0.004994
0.004801 0.007181
0.004799 0.008138
0.004798 0.006478
0.004796 0.005552
0.004787 0.004815
0.004787 0.006297
0.004785 0.007514
0.004782 0.005227
0.004778 0.007506
0.004778 0.005268
0.004777 0.005061
0.004769 0.005727
0.004769 0.010234
0.004766 0.005886
0.004761 0.007458
0.004754 0.005113
0.004746 0.005901
0.004741 0.005741
0.004737 0.006432
0.004732 0.005203
0.004731 0.005518
0.004728 0.006033
0.004728 0.006542
0.004725 0.009424
0.004724 0.004971
0.004717 0.005581
0.004715 0.006063
0.004705 0.004974
0.004703 0.005236
0.004701 0.010619
0.004700 0.004937
0.004697 0.005852
0.004689 0.006493
0.004688 0.004719
0.004687 0.006151
0.004680 0.008037
0.004676 0.005440
0.004675 0.004830
0.004674 0.005107
0.004673 0.006422
0.004665 0.006008
0.004662 0.005267
0.004661 0.005097
0.004659 0.005412
0.004657 0.005809
0.004653 0.005223
0.004652 0.004656
0.004651 0.005346
0.004648 0.005117
0.004648 0.005139
0.004648 0.006848
0.004641 0.007692
0.004640 0.007100
0.004623 0.005377
0.004613 0.005818
0.004611 0.004672
0.004611 0.007656
0.004606 0.004702
0.004604 0.004740
0.004602 0.004875
0.004600 0.004872
0.004600 0.005354
0.004595 0.005046
0.004592 0.004738
0.004587 0.005672
0.004586 0.009457
0.004583 0.006570
0.004579 0.006456
0.004577 0.007947
0.004573 0.005542
0.004568 0.007518
0.004564 0.005675
0.004562 0.008828
0.004560 0.004670
0.004558 0.005410
0.004558 0.007161
0.004557 0.012116
0.004554 0.004804
0.004553 0.004702
0.004548 0.004689
0.004545 0.005305
0.004539 0.005945
0.004538 0.006744
0.004538 0.005254
0.004534 0.005070
0.004523 0.004563
0.004523 0.005695
0.004511 0.004745
0.004510 0.004675
0.004507 0.004593
0.004505 0.004594
0.004505 0.007728
0.004504 0.004774
0.004503 0.006384
0.004500 0.004545
0.004498 0.009509
0.004498 0.007242
0.004495 0.005112
0.004492 0.005620
0.004492 0.006029
0.004487 0.007421
0.004482 0.006834
0.004481 0.004483
0.004480 0.004832
0.004480 0.005647
0.004478 0.004675
0.004473 0.004795
0.004464 0.005181
0.004458 0.004480
0.004456 0.005386
0.004448 0.004614
0.004442 0.005472
0.004438 0.006382
0.004437 0.006600
0.004437 0.005082
0.004431 0.004443
0.004430 0.004599
0.004428 0.008282
0.004417 0.004581
0.004415 0.004844
0.004413 0.004681
0.004406 0.005880
0.004405 0.004916
0.004405 0.005730
0.004404 0.005604
0.004402 0.005697
0.004402 0.005475
0.004401 0.004744
0.004393 0.004447
0.004392 0.005618
0.004392 0.005031
0.004390 0.006146
0.004390 0.005670
0.004388 0.004826
0.004387 0.004574
0.004387 0.005941
0.004383 0.009732
0.004383 0.004569
0.004382 0.006191
0.004372 0.009353
0.004372 0.005058
0.004367 0.005874
0.004363 0.008505
0.004362 0.004606
0.004361 0.005906
0.004351 0.004938
0.004348 0.007886
0.004346 0.005701
0.004345 0.005121
0.004332 0.004629
0.004332 0.004769
0.004329 0.005080
0.004328 0.005434
0.004321 0.005229
0.004320 0.004405
0.004320 0.004465
0.004317 0.004698
0.004315 0.006033
0.004307 0.004881
0.004307 0.007974
0.004305 0.011821
0.004303 0.005086
0.004302 0.005690
0.004298 0.005996
0.004295 0.007755
0.004295 0.004300
0.004292 0.004904
0.004289 0.004351
0.004280 0.004540
0.004279 0.006480
0.004270 0.006390
0.004270 0.005215
0.004269 0.005957
0.004266 0.006138
0.004265 0.007684
0.004263 0.004465
0.004263 0.005617
0.004262 0.004805
0.004260 0.005490
0.004259 0.005244
0.004256 0.004959
0.004254 0.006215
0.004248 0.004442
0.004246 0.005123
0.004246 0.007869
0.004242 0.005066
0.004242 0.005737
0.004240 0.004674
0.004239 0.004601
0.004236 0.005277
0.004236 0.006483
0.004231 0.004493
0.004229 0.005814
0.004228 0.007033
0.004227 0.004934
0.004221 0.005792
0.004220 0.004958
0.004215 0.004511
0.004212 0.004958
0.004210 0.004710
0.004204 0.006404
0.004204 0.004526
0.004195 0.004348
0.004194 0.004997
0.004193 0.005753
0.004190 0.006399
0.004190 0.006049
0.004185 0.005624
0.004183 0.004525
0.004180 0.004330
0.004177 0.005272
0.004173 0.004375
0.004172 0.004653
0.004169 0.004297
0.004165 0.004472
0.004163 0.005064
0.004162 0.004909
0.004159 0.006761
0.004158 0.004693
0.004157 0.004172
0.004151 0.005046
0.004149 0.005732
0.004149 0.004412
0.004146 0.007947
0.004137 0.004366
0.004127 0.005660
0.004125 0.004547
0.004119 0.005100
0.004115 0.005514
0.004114 0.004900
0.004113 0.007465
0.004109 0.004536
0.004109 0.004556
0.004106 0.004639
0.004103 0.005753
0.004102 0.006716
0.004101 0.005667
0.004099 0.004421
0.004099 0.005307
0.004099 0.005594
0.004098 0.004680
0.004097 0.005783
0.004096 0.004392
0.004094 0.006131
0.004094 0.005871
0.004091 0.004122
0.004089 0.005342
0.004087 0.004283
0.004087 0.004577
0.004077 0.006331
0.004076 0.007012
0.004076 0.004174
0.004076 0.007288
0.004074 0.004342
0.004072 0.004152
0.004070 0.004211
0.004069 0.004751
0.004068 0.005654
0.004062 0.004681
0.004060 0.004097
0.004059 0.004361
0.004058 0.004416
0.004057 0.004874
0.004055 0.006500
0.004051 0.004743
0.004045 0.004315
0.004038 0.004657
0.004037 0.004241
0.004037 0.004292
0.004029 0.004918
0.004028 0.007510
0.004026 0.004713
0.004016 0.004976
0.004016 0.004898
0.004009 0.004099
0.004008 0.004825
0.004008 0.006245
0.003999 0.004988
0.003999 0.004508
0.003999 0.004165
0.003998 0.008469
0.003996 0.005520
0.003993 0.004008
0.003992 0.004248
0.003985 0.004411
0.003984 0.007021
0.003982 0.004704
0.003979 0.005870
0.003975 0.007554
0.003974 0.005664
0.003973 0.006070
0.003971 0.005837
0.003971 0.005246
0.003971 0.004527
0.003971 0.004145
0.003965 0.004647
0.003964 0.006558
0.003960 0.004235
0.003959 0.004716
0.003958 0.004895
0.003956 0.004913
0.003949 0.005089
0.003949 0.007012
0.003947 0.005138
0.003945 0.005568
0.003944 0.004214
0.003944 0.004264
0.003943 0.004930
0.003941 0.004515
0.003936 0.004187
0.003936 0.004435
0.003935 0.004102
0.003934 0.004400
0.003933 0.003987
0.003929 0.005734
0.003928 0.004057
0.003926 0.008037
0.003922 0.006049
0.003921 0.005013
0.003917 0.004040
0.003916 0.004405
0.003915 0.004278
0.003908 0.004063
0.003907 0.005236
0.003905 0.005541
0.003897 0.004336
0.003896 0.006862
0.003894 0.005378
0.003893 0.003976
0.003891 0.004261
0.003888 0.004632
0.003885 0.004268
0.003877 0.004633
0.003870 0.004836
0.003870 0.008194
0.003854 0.005957
0.003854 0.004582
0.003851 0.006212
0.003850 0.004259
0.003845 0.004831
0.003844 0.005000
0.003835 0.007930
0.003833 0.004343
0.003826 0.004496
0.003824 0.004842
0.003823 0.007131
0.003823 0.006293
0.003821 0.004501
0.003820 0.004542
0.003812 0.003941
0.003809 0.008842
0.003807 0.005201
0.003805 0.004227
0.003804 0.005045
0.003803 0.007465
0.003800 0.004165
0.003800 0.004777
0.003800 0.004619
0.003800 0.004399
0.003797 0.004755
0.003796 0.004776
0.003794 0.004149
0.003790 0.005369
0.003788 0.005268
0.003780 0.004836
0.003780 0.003992
0.003779 0.004106
0.003778 0.004223
0.003776 0.005037
0.003775 0.004065
0.003774 0.004685
0.003773 0.006767
0.003772 0.004686
0.003766 0.004177
0.003760 0.004901
0.003755 0.006571
0.003754 0.008692
0.003750 0.003870
0.003749 0.004442
0.003746 0.003976
0.003743 0.005378
0.003740 0.005416
0.003739 0.003799
0.003736 0.005343
0.003726 0.007697
0.003722 0.004345
0.003716 0.005030
0.003704 0.004471
0.003701 0.004807
0.003692 0.003909
0.003689 0.004651
0.003681 0.003699
0.003674 0.003716
0.003672 0.004615
0.003672 0.003682
0.003666 0.005338
0.003660 0.004333
0.003660 0.003668
0.003659 0.003724
0.003657 0.004015
0.003649 0.006046
0.003647 0.004377
0.003646 0.003823
0.003635 0.004415
0.003632 0.003741
0.003631 0.008393
0.003630 0.006765
0.003629 0.004233
0.003625 0.004128
0.003620 0.005869
0.003619 0.005296
0.003617 0.003679
0.003616 0.004100
0.003610 0.004287
0.003609 0.004926
0.003606 0.006208
0.003606 0.006443
0.003603 0.003805
0.003603 0.004199
0.003600 0.003748
0.003596 0.004130
0.003584 0.005945
0.003578 0.003635
0.003578 0.003681
0.003575 0.003770
0.003574 0.006988
0.003572 0.003688
0.003564 0.004711
0.003563 0.005938
0.003562 0.003960
0.003561 0.003655
0.003560 0.005075
0.003558 0.004612
0.003557 0.004566
0.003553 0.004486
0.003552 0.003857
0.003544 0.005282
0.003544 0.004767
0.003544 0.005745
0.003540 0.004220
0.003536 0.003792
0.003533 0.004443
0.003530 0.003888
0.003529 0.004460
0.003527 0.003873
0.003522 0.004124
0.003522 0.004360
0.003521 0.004274
0.003521 0.004109
0.003519 0.003869
0.003518 0.003631
0.003517 0.004712
0.003517 0.004919
0.003517 0.003977
0.003516 0.004805
0.003515 0.003596
0.003513 0.004603
0.003512 0.007933
0.003509 0.005018
0.003508 0.003904
0.003506 0.006031
0.003505 0.004661
0.003504 0.003529
0.003500 0.003557
0.003492 0.003834
0.003479 0.004046
0.003477 0.004235
0.003475 0.004280
0.003475 0.005366
0.003472 0.004978
0.003467 0.004101
0.003467 0.005345
0.003464 0.003643
0.003464 0.003770
0.003460 0.004116
0.003459 0.003607
0.003457 0.006724
0.003455 0.006328
0.003454 0.003512
0.003453 0.004515
0.003449 0.004174
0.003448 0.004305
0.003445 0.003613
0.003445 0.004076
0.003445 0.003458
0.003443 0.003685
0.003442 0.004551
0.003439 0.005224
0.003438 0.003497
0.003436 0.007874
0.003428 0.003869
0.003423 0.003596
0.003420 0.004639
0.003411 0.003721
0.003409 0.003863
0.003403 0.003860
0.003402 0.003617
0.003399 0.005701
0.003391 0.003753
0.003389 0.003725
0.003388 0.004804
0.003388 0.003840
0.003386 0.003937
0.003384 0.004979
0.003382 0.007423
0.003380 0.004609
0.003378 0.003553
0.003375 0.004035
0.003367 0.004601
0.003365 0.004140
0.003365 0.004669
0.003362 0.005125
0.003361 0.004313
0.003357 0.003724
0.003357 0.006181
0.003353 0.003995
0.003349 0.004539
0.003348 0.003506
0.003347 0.004603
0.003347 0.005542
0.003347 0.003467
0.003344 0.006534
0.003341 0.006547
0.003341 0.005471
0.003341 0.003561
0.003329 0.004052
0.003329 0.003571
0.003328 0.004050
0.003328 0.003354
0.003327 0.003855
0.003325 0.003621
0.003323 0.003962
0.003322 0.003530
0.003319 0.003399
0.003316 0.004309
0.003305 0.003765
0.003302 0.004195
0.003301 0.003482
0.003300 0.003905
0.003300 0.008629
0.003297 0.004307
0.003296 0.005578
0.003294 0.006097
0.003293 0.005144
0.003290 0.003638
0.003289 0.003745
0.003285 0.004582
0.003282 0.006786
0.003281 0.003382
0.003279 0.003792
0.003275 0.003991
0.003274 0.003427
0.003271 0.004281
0.003269 0.004350
0.003266 0.003526
0.003265 0.003586
0.003264 0.003760
0.003255 0.003258
0.003253 0.003592
0.003247 0.003526
0.003247 0.003353
0.003244 0.003661
0.003241 0.003297
0.003241 0.003687
0.003232 0.003259
0.003228 0.003350
0.003226 0.005004
0.003224 0.003333
0.003219 0.004126
0.003203 0.003892
0.003197 0.003774
0.003192 0.003689
0.003191 0.006066
0.003191 0.005902
0.003183 0.003920
0.003181 0.003771
0.003178 0.003993
0.003178 0.005663
0.003176 0.003430
0.003175 0.004465
0.003173 0.007550
0.003166 0.004600
0.003165 0.003893
0.003163 0.004280
0.003159 0.003311
0.003156 0.006612
0.003149 0.004072
0.003146 0.003614
0.003145 0.005249
0.003142 0.003426
0.003139 0.003231
0.003138 0.003642
0.003136 0.004029
0.003134 0.004620
0.003134 0.003630
0.003133 0.003768
0.003128 0.003198
0.003120 0.004359
0.003119 0.003970
0.003119 0.003439
0.003111 0.003195
0.003109 0.005589
0.003108 0.003250
0.003107 0.003615
0.003101 0.003753
0.003096 0.003794
0.003092 0.004408
0.003090 0.004418
0.003090 0.003339
0.003080 0.005232
0.003066 0.003447
0.003061 0.003401
0.003055 0.003887
0.003055 0.004267
0.003052 0.004285
0.003051 0.003378
0.003044 0.003343
0.003043 0.005316
0.003041 0.003373
0.003036 0.003191
0.003029 0.003452
0.003028 0.003035
0.003025 0.004807
0.003020 0.003214
0.003017 0.003309
0.003016 0.003046
0.003016 0.003459
0.003009 0.004050
0.003004 0.003823
0.003001 0.005130
0.002999 0.004323
0.002976 0.003220
0.002970 0.003199
0.002966 0.003746
0.002965 0.003216
0.002964 0.003550
0.002959 0.004137
0.002957 0.003226
0.002952 0.003146
0.002949 0.004048
0.002940 0.005334
0.002933 0.003187
0.002927 0.003261
0.002926 0.003788
0.002922 0.003290
0.002922 0.003298
0.002919 0.002982
0.002918 0.003258
0.002917 0.003052
0.002915 0.003747
0.002914 0.003155
0.002911 0.003474
0.002909 0.003524
0.002900 0.002903
0.002895 0.003830
0.002886 0.003114
0.002885 0.003843
0.002881 0.005253
0.002878 0.002946
0.002866 0.002914
0.002864 0.003727
0.002856 0.003248
0.002853 0.005410
0.002844 0.002930
0.002843 0.003594
0.002840 0.003541
0.002837 0.003073
0.002836 0.002995
0.002828 0.002841
0.002824 0.003060
0.002816 0.003073
0.002799 0.003464
0.002798 0.003643
0.002796 0.003007
0.002795 0.004061
0.002790 0.003796
0.002782 0.002861
0.002775 0.003529
0.002747 0.003043
0.002746 0.003024
0.002744 0.005280
0.002738 0.003444
0.002736 0.004347
0.002735 0.003055
0.002733 0.003085
0.002725 0.003531
0.002716 0.002743
0.002714 0.003184
0.002713 0.003130
0.002711 0.003841
0.002711 0.004324
0.002706 0.003028
0.002706 0.003141
0.002705 0.003308
0.002705 0.003083
0.002697 0.002849
0.002690 0.003303
0.002690 0.002746
0.002684 0.003035
0.002659 0.003282
0.002652 0.003987
0.002647 0.002972
0.002645 0.002841
0.002636 0.002651
0.002633 0.002691
0.002627 0.002731
0.002625 0.003174
0.002625 0.003783
0.002617 0.002781
0.002613 0.003162
0.002610 0.002962
0.002608 0.004256
0.002598 0.002690
0.002597 0.002773
0.002592 0.003275
0.002584 0.003054
0.002579 0.002874
0.002554 0.002592
0.002549 0.003438
0.002534 0.003051
0.002531 0.002598
0.002525 0.002713
0.002522 0.002659
0.002499 0.002894
0.002490 0.002529
0.002488 0.002993
0.002471 0.002531
0.002455 0.003003
0.002454 0.003116
0.002453 0.002512
0.002451 0.002463
0.002430 0.002473
0.002427 0.005930
0.002415 0.002504
0.002396 0.003254
0.002392 0.002798
0.002392 0.003046
0.002374 0.002598
0.002365 0.002374
0.002344 0.002419
0.002332 0.002337
0.002296 0.002926
0.002291 0.003268
0.002289 0.002728
0.002268 0.002588
0.002224 0.002704
0.002218 0.002581
0.002201 0.002369
0.002200 0.002300
0.002191 0.003373
0.002174 0.003019
0.002149 0.002224
0.002136 0.002291
0.002081 0.002091
0.002052 0.002195
0.002039 0.004843
0.001976 0.002246
0.001962 0.001963
0.001950 0.002126
0.001922 0.002152
0.001922 0.002263
0.001920 0.002033
0.001872 0.002032
0.001865 0.002026
0.001859 0.002425
0.001849 0.001957
0.001841 0.002077
0.001717 0.001717
0.001709 0.001859
0.001661 0.001791
0.001593 0.001843
0.001564 0.002080
0.001455 0.001856
0.001422 0.001509
0.001386 0.001498
0.001307 0.001378
0.001280 0.001527
0.001274 0.001377
0.001223 0.001265
0.001098 0.001291
