0.229656 0.236923
0.134120 0.145009
0.131419 0.151872
0.108094 0.121251
0.105656 0.133690
0.104086 0.115090
0.099817 0.128628
0.096765 0.108666
0.091402 0.092930
0.091309 0.108750
0.088066 0.088232
0.085737 0.103262
0.084423 0.099091
0.084153 0.085870
0.082554 0.109704
0.081695 0.082015
0.079258 0.087872
0.076335 0.091752
0.076297 0.134765
0.075455 0.075505
0.073384 0.073462
0.071259 0.087034
0.069279 0.082108
0.068223 0.090600
0.068089 0.070509
0.067886 0.078856
0.067668 0.078869
0.063966 0.078426
0.063233 0.065277
0.059840 0.084133
0.057852 0.067182
0.056199 0.058280
0.054988 0.062787
0.054206 0.061585
0.053962 0.068841
0.053654 0.061274
0.053473 0.062246
0.053222 0.058479
0.052748 0.088273
0.052155 0.065053
0.051867 0.053613
0.051749 0.056380
0.051001 0.053814
0.050794 0.053386
0.050024 0.060568
0.049724 0.055339
0.049559 0.052338
0.049398 0.066767
0.049351 0.068526
0.048088 0.054429
0.047982 0.051235
0.047474 0.057534
0.047029 0.047233
0.046823 0.054933
0.046713 0.058880
0.045663 0.047377
0.045467 0.051524
0.045438 0.045814
0.045058 0.053242
0.044620 0.049590
0.044583 0.097863
0.044335 0.053521
0.044239 0.053409
0.044157 0.050134
0.043709 0.047963
0.043500 0.050627
0.043013 0.047830
0.042920 0.045811
0.042808 0.043249
0.042672 0.053041
0.042528 0.059436
0.042170 0.049820
0.041826 0.048776
0.041250 0.064770
0.039994 0.052063
0.039944 0.049278
0.038944 0.039069
0.038179 0.038346
0.037093 0.039897
0.036968 0.041192
0.036960 0.037396
0.036817 0.047942
0.036438 0.037208
0.036379 0.061160
0.036331 0.040707
0.036169 0.037919
0.036097 0.043038
0.035947 0.037381
0.035875 0.045514
0.035871 0.036634
0.035683 0.036702
0.035430 0.053809
0.035389 0.036298
0.034913 0.035042
0.034829 0.035162
0.034762 0.034952
0.034756 0.053444
0.034694 0.038598
0.034623 0.059209
0.034422 0.039495
0.033928 0.040565
0.033915 0.049509
0.033808 0.035966
0.033743 0.035501
0.033389 0.037555
0.032613 0.033992
0.032548 0.033723
0.032502 0.036736
0.032384 0.038167
0.032236 0.040846
0.032077 0.033706
0.031580 0.034486
0.031020 0.037536
0.030930 0.033438
0.030693 0.046813
0.030675 0.043804
0.030077 0.030749
0.029940 0.030173
0.029489 0.036471
0.029329 0.042460
0.029239 0.036425
0.029111 0.032212
0.029097 0.032722
0.028968 0.033249
0.028953 0.029873
0.028820 0.036671
0.028807 0.047113
0.028754 0.040476
0.028306 0.028474
0.028302 0.031610
0.028134 0.033152
0.028058 0.031328
0.027980 0.032882
0.027866 0.031665
0.027791 0.038372
0.027735 0.031088
0.027732 0.034034
0.027659 0.029351
0.027306 0.027426
0.027130 0.035594
0.027112 0.031608
0.027093 0.029193
0.027090 0.029330
0.027023 0.027690
0.026841 0.026966
0.026825 0.031480
0.026690 0.029308
0.026682 0.027985
0.026630 0.036566
0.026620 0.027132
0.026543 0.040114
0.026524 0.034452
0.026508 0.027964
0.026108 0.026857
0.025512 0.042640
0.025202 0.025399
0.025163 0.025169
0.024981 0.029592
0.024840 0.025071
0.024737 0.025200
0.024701 0.035194
0.024414 0.024672
0.024338 0.030735
0.024335 0.027352
0.024252 0.031193
0.024194 0.026679
0.024113 0.027932
0.023987 0.031822
0.023939 0.028163
0.023860 0.037220
0.023849 0.024107
0.023610 0.025776
0.023426 0.024433
0.023418 0.031122
0.023158 0.024134
0.023033 0.029571
0.022903 0.034826
0.022825 0.023081
0.022737 0.024090
0.022736 0.025982
0.022434 0.030819
0.022429 0.023408
0.022393 0.024748
0.022374 0.035439
0.022366 0.023603
0.022351 0.038991
0.022307 0.026791
0.022209 0.024741
0.022130 0.023968
0.022120 0.024379
0.022111 0.022500
0.022026 0.032141
0.022003 0.023209
0.021998 0.022339
0.021987 0.024179
0.021910 0.023268
0.021895 0.029043
0.021890 0.026155
0.021882 0.044060
0.021803 0.028233
0.021622 0.022508
0.021620 0.031729
0.021614 0.023309
0.021560 0.022808
0.021514 0.029200
0.021508 0.023369
0.021507 0.022225
0.021443 0.021813
0.021396 0.024744
0.021367 0.022244
0.021318 0.025079
0.021273 0.021337
0.021254 0.036975
0.021096 0.021645
0.021077 0.024362
0.021073 0.028053
0.021071 0.029442
0.021052 0.024562
0.021044 0.042761
0.021006 0.021102
0.020984 0.022955
0.020915 0.023624
0.020761 0.021492
0.020745 0.023927
0.020693 0.021305
0.020691 0.031099
0.020663 0.044357
0.020546 0.024692
0.020534 0.020812
0.020504 0.021567
0.020310 0.027490
0.020299 0.023809
0.020274 0.021072
0.020251 0.031553
0.020120 0.030239
0.020036 0.031492
0.020033 0.021812
0.020031 0.026894
0.020012 0.029169
0.019969 0.023941
0.019905 0.022994
0.019902 0.020057
0.019845 0.021261
0.019796 0.024205
0.019749 0.021750
0.019745 0.020698
0.019635 0.021854
0.019629 0.022650
0.019621 0.031328
0.019615 0.020017
0.019548 0.027678
0.019456 0.020471
0.019449 0.019459
0.019410 0.021863
0.019387 0.029303
0.019354 0.019861
0.019300 0.022099
0.019277 0.019667
0.019258 0.022568
0.019242 0.019668
0.019222 0.019793
0.019194 0.031382
0.019138 0.020724
0.019095 0.027341
0.019048 0.019481
0.018932 0.019721
0.018928 0.032307
0.018914 0.030490
0.018907 0.026654
0.018884 0.021381
0.018827 0.019804
0.018767 0.020442
0.018683 0.018863
0.018621 0.023006
0.018582 0.027450
0.018555 0.032428
0.018514 0.025081
0.018419 0.020042
0.018395 0.019071
0.018319 0.018554
0.018312 0.020845
0.018283 0.020406
0.018101 0.019021
0.018083 0.018956
0.018036 0.020707
0.018023 0.021438
0.017974 0.019474
0.017959 0.020947
0.017890 0.018179
0.017870 0.022223
0.017858 0.031685
0.017857 0.020961
0.017761 0.018161
0.017760 0.019471
0.017757 0.018598
0.017700 0.018042
0.017673 0.025434
0.017613 0.021990
0.017611 0.017880
0.017609 0.025954
0.017476 0.021583
0.017445 0.021027
0.017442 0.018959
0.017381 0.018490
0.017323 0.019051
0.017294 0.019272
0.017292 0.018143
0.017268 0.021345
0.017249 0.023151
0.017202 0.018155
0.017189 0.017417
0.017138 0.019020
0.017138 0.017370
0.017062 0.018196
0.017017 0.019878
0.016988 0.022437
0.016869 0.021404
0.016852 0.023729
0.016812 0.025082
0.016697 0.021352
0.016634 0.018159
0.016632 0.020619
0.016632 0.020157
0.016560 0.022451
0.016549 0.019211
0.016530 0.019288
0.016525 0.016733
0.016487 0.019160
0.016472 0.033291
0.016428 0.017829
0.016375 0.019268
0.016372 0.016792
0.016308 0.024954
0.016302 0.021325
0.016245 0.019249
0.016219 0.019272
0.016205 0.018987
0.016164 0.018635
0.016144 0.017520
0.016124 0.025096
0.016122 0.016316
0.016121 0.017042
0.016120 0.018898
0.016061 0.016495
0.016036 0.020862
0.016019 0.017469
0.015964 0.020375
0.015962 0.015967
0.015950 0.024507
0.015942 0.016305
0.015909 0.016404
0.015894 0.017609
0.015874 0.026252
0.015836 0.016273
0.015785 0.015849
0.015753 0.025618
0.015731 0.018393
0.015723 0.021970
0.015688 0.019281
0.015611 0.019039
0.015570 0.020711
0.015358 0.015437
0.015348 0.016394
0.015313 0.016263
0.015269 0.024582
0.015205 0.020300
0.015177 0.018049
0.015131 0.015965
0.015126 0.016538
0.015115 0.015718
0.015098 0.025481
0.015087 0.015150
0.015047 0.016706
0.015022 0.019516
0.015022 0.019157
0.014995 0.016875
0.014939 0.022262
0.014926 0.024789
0.014889 0.019863
0.014872 0.014882
0.014855 0.017946
0.014849 0.023605
0.014800 0.017222
0.014790 0.026975
0.014784 0.015541
0.014750 0.015194
0.014719 0.021396
0.014715 0.020365
0.014713 0.016889
0.014659 0.017963
0.014631 0.017238
0.014615 0.015514
0.014603 0.015676
0.014594 0.015038
0.014590 0.014916
0.014576 0.018990
0.014569 0.016223
0.014555 0.016290
0.014531 0.017460
0.014524 0.020935
0.014515 0.017536
0.014514 0.019546
0.014510 0.016010
0.014503 0.020456
0.014488 0.016225
0.014449 0.014468
0.014411 0.025139
0.014309 0.014778
0.014290 0.015189
0.014277 0.014896
0.014276 0.016126
0.014273 0.015660
0.014260 0.014341
0.014243 0.015712
0.014230 0.016856
0.014183 0.015529
0.014162 0.015060
0.014154 0.014551
0.014138 0.014526
0.014123 0.014142
0.014121 0.015650
0.014104 0.018437
0.014063 0.016603
0.014031 0.015828
0.014000 0.017963
0.013990 0.026557
0.013977 0.017423
0.013966 0.026576
0.013964 0.016953
0.013950 0.014106
0.013853 0.014225
0.013813 0.023908
0.013795 0.016034
0.013745 0.017513
0.013723 0.024496
0.013634 0.015259
0.013631 0.016415
0.013628 0.015319
0.013597 0.013610
0.013588 0.018783
0.013588 0.016215
0.013585 0.016914
0.013562 0.022155
0.013558 0.021589
0.013556 0.015593
0.013552 0.018001
0.013530 0.015592
0.013512 0.013542
0.013489 0.018646
0.013436 0.022926
0.013433 0.014165
0.013424 0.023471
0.013416 0.013976
0.013413 0.013550
0.013401 0.014965
0.013383 0.014033
0.013381 0.017753
0.013366 0.014137
0.013326 0.016304
0.013324 0.013730
0.013218 0.013901
0.013217 0.024466
0.013176 0.018169
0.013159 0.014441
0.013138 0.016241
0.013138 0.014056
0.013127 0.016317
0.013119 0.015341
0.013117 0.016539
0.013107 0.014095
0.013078 0.014931
0.013063 0.013081
0.013058 0.018101
0.013054 0.014650
0.013050 0.013769
0.013029 0.014284
0.013028 0.014697
0.013021 0.017529
0.013016 0.015419
0.013013 0.014763
0.012999 0.022095
0.012990 0.018310
0.012965 0.019633
0.012953 0.015624
0.012936 0.014050
0.012902 0.012930
0.012895 0.013261
0.012873 0.014196
0.012867 0.013783
0.012864 0.015065
0.012861 0.016054
0.012806 0.021820
0.012803 0.015371
0.012757 0.015605
0.012740 0.013005
0.012729 0.012902
0.012703 0.014061
0.012685 0.014050
0.012650 0.013428
0.012625 0.014708
0.012615 0.017325
0.012603 0.013001
0.012578 0.012932
0.012571 0.017000
0.012566 0.022733
0.012529 0.015574
0.012506 0.014254
0.012497 0.013152
0.012449 0.013131
0.012435 0.013478
0.012429 0.012901
0.012425 0.023571
0.012420 0.012891
0.012401 0.022065
0.012399 0.013091
0.012370 0.015013
0.012365 0.012729
0.012363 0.013038
0.012360 0.016332
0.012340 0.022586
0.012319 0.026451
0.012318 0.012452
0.012306 0.012344
0.012306 0.015758
0.012304 0.013768
0.012289 0.015025
0.012282 0.012860
0.012279 0.016239
0.012265 0.012425
0.012255 0.012895
0.012233 0.014070
0.012184 0.012798
0.012174 0.013752
0.012165 0.012349
0.012152 0.012485
0.012150 0.012850
0.012146 0.015086
0.012142 0.013025
0.012127 0.013284
0.012087 0.023768
0.012081 0.013270
0.012057 0.014879
0.012055 0.012754
0.012054 0.019173
0.012032 0.013102
0.012016 0.015526
0.012000 0.012211
0.011993 0.012172
0.011971 0.016766
0.011954 0.012525
0.011952 0.016735
0.011930 0.013971
0.011929 0.019182
0.011927 0.016580
0.011925 0.014472
0.011922 0.012793
0.011919 0.011929
0.011908 0.012467
0.011901 0.012785
0.011895 0.012762
0.011884 0.012580
0.011878 0.012214
0.011873 0.016352
0.011865 0.014366
0.011864 0.017089
0.011853 0.015849
0.011852 0.013274
0.011846 0.013537
0.011842 0.021038
0.011837 0.022437
0.011827 0.012175
0.011786 0.012896
0.011778 0.011937
0.011757 0.015840
0.011756 0.013737
0.011742 0.020385
0.011736 0.012186
0.011712 0.019656
0.011703 0.015205
0.011691 0.016010
0.011679 0.014097
0.011671 0.012606
0.011649 0.014238
0.011649 0.012068
0.011641 0.013060
0.011634 0.015227
0.011625 0.013143
0.011617 0.016134
0.011608 0.013171
0.011606 0.013538
0.011594 0.013821
0.011552 0.018351
0.011542 0.012836
0.011522 0.013148
0.011520 0.012756
0.011492 0.012024
0.011477 0.015538
0.011472 0.012923
0.011436 0.013882
0.011430 0.017219
0.011423 0.011529
0.011399 0.012640
0.011387 0.011717
0.011387 0.011779
0.011382 0.012344
0.011381 0.016800
0.011379 0.017750
0.011376 0.013381
0.011365 0.013275
0.011363 0.019928
0.011363 0.012155
0.011344 0.011582
0.011344 0.018858
0.011327 0.011908
0.011306 0.011466
0.011304 0.012429
0.011301 0.012199
0.011301 0.011876
0.011300 0.012221
0.011295 0.011408
0.011294 0.011847
0.011254 0.013233
0.011252 0.016862
0.011213 0.014176
0.011195 0.013627
0.011191 0.013961
0.011184 0.015585
0.011180 0.012279
0.011178 0.012859
0.011157 0.011390
0.011140 0.011601
0.011136 0.011320
0.011131 0.013514
0.011122 0.013335
0.011108 0.011946
0.011083 0.014755
0.011074 0.011808
0.011065 0.011447
0.011055 0.013626
0.011054 0.015163
0.011052 0.013643
0.011044 0.020668
0.011035 0.014001
0.011032 0.013910
0.011024 0.011286
0.011024 0.017458
0.011008 0.013080
0.010993 0.018357
0.010984 0.012347
0.010983 0.019228
0.010960 0.011092
0.010959 0.015027
0.010948 0.012132
0.010929 0.014290
0.010907 0.015365
0.010907 0.014285
0.010891 0.019185
0.010883 0.011284
0.010882 0.018685
0.010874 0.012129
0.010866 0.016667
0.010856 0.023859
0.010854 0.019861
0.010828 0.012687
0.010812 0.011370
0.010783 0.020176
0.010768 0.011595
0.010768 0.014218
0.010768 0.013148
0.010768 0.014577
0.010765 0.011700
0.010740 0.012201
0.010738 0.013110
0.010731 0.014170
0.010717 0.020128
0.010711 0.012314
0.010698 0.013558
0.010690 0.012215
0.010676 0.012521
0.010671 0.015989
0.010666 0.012693
0.010653 0.013537
0.010643 0.018655
0.010634 0.010687
0.010616 0.015345
0.010594 0.015554
0.010582 0.012016
0.010574 0.011726
0.010572 0.019116
0.010570 0.016813
0.010537 0.011389
0.010516 0.013343
0.010508 0.027077
0.010501 0.017297
0.010484 0.012303
0.010484 0.010979
0.010467 0.013190
0.010463 0.013639
0.010459 0.010573
0.010450 0.013724
0.010450 0.012353
0.010449 0.013572
0.010434 0.011775
0.010432 0.011261
0.010412 0.018076
0.010393 0.010762
0.010391 0.021773
0.010388 0.011442
0.010385 0.011866
0.010374 0.011224
0.010372 0.010646
0.010362 0.011590
0.010354 0.013488
0.010353 0.011976
0.010349 0.010536
0.010333 0.014352
0.010333 0.010738
0.010310 0.010875
0.010310 0.014298
0.010308 0.010311
0.010306 0.013624
0.010290 0.011667
0.010250 0.011628
0.010247 0.013349
0.010245 0.010410
0.010234 0.011411
0.010232 0.010445
0.010225 0.010264
0.010218 0.011952
0.010212 0.015567
0.010192 0.014377
0.010153 0.015657
0.010119 0.011778
0.010114 0.014544
0.010107 0.013488
0.010103 0.012294
0.010094 0.010148
0.010091 0.016229
0.010086 0.018596
0.010082 0.010088
0.010060 0.013620
0.010055 0.011493
0.010053 0.010079
0.010047 0.010670
0.010041 0.014509
0.010028 0.019996
0.010009 0.015388
0.010006 0.011708
0.009985 0.010730
0.009976 0.010951
0.009974 0.016631
0.009972 0.012599
0.009962 0.011016
0.009960 0.010522
0.009953 0.010871
0.009952 0.010012
0.009949 0.020895
0.009927 0.011016
0.009921 0.010422
0.009893 0.011067
0.009875 0.014009
0.009846 0.009988
0.009840 0.015749
0.009831 0.011391
0.009826 0.010576
0.009825 0.011022
0.009812 0.010107
0.009808 0.009823
0.009794 0.014983
0.009789 0.012351
0.009788 0.011631
0.009788 0.011254
0.009778 0.009967
0.009774 0.012352
0.009760 0.010495
0.009758 0.012885
0.009752 0.010282
0.009745 0.010978
0.009742 0.009789
0.009729 0.015422
0.009720 0.012272
0.009720 0.013686
0.009719 0.012980
0.009698 0.010482
0.009689 0.011448
0.009683 0.013028
0.009680 0.012900
0.009667 0.011799
0.009665 0.013414
0.009639 0.011958
0.009619 0.013161
0.009606 0.009876
0.009596 0.012057
0.009589 0.010294
0.009585 0.009825
0.009571 0.013556
0.009565 0.009847
0.009563 0.010814
0.009550 0.010118
0.009547 0.013641
0.009531 0.010369
0.009525 0.010986
0.009524 0.009703
0.009521 0.010089
0.009503 0.009549
0.009503 0.013303
0.009501 0.012077
0.009480 0.009608
0.009479 0.009913
0.009473 0.011888
0.009471 0.011991
0.009468 0.009955
0.009460 0.010190
0.009451 0.009829
0.009443 0.012134
0.009424 0.010919
0.009422 0.010070
0.009422 0.011093
0.009413 0.010245
0.009413 0.009484
0.009406 0.014270
0.009405 0.009836
0.009404 0.009465
0.009388 0.011347
0.009387 0.009757
0.009380 0.011436
0.009377 0.010677
0.009365 0.010028
0.009359 0.010887
0.009357 0.012091
0.009353 0.012907
0.009350 0.009490
0.009340 0.010292
0.009333 0.009634
0.009331 0.016790
0.009322 0.009789
0.009308 0.010501
0.009294 0.011138
0.009293 0.012288
0.009289 0.009331
0.009288 0.009475
0.009275 0.011593
0.009250 0.011868
0.009237 0.014641
0.009232 0.016100
0.009217 0.010165
0.009215 0.010489
0.009214 0.011207
0.009201 0.009983
0.009193 0.009644
0.009183 0.010648
0.009177 0.009793
0.009155 0.011624
0.009154 0.014644
0.009146 0.009262
0.009140 0.016937
0.009135 0.010461
0.009135 0.013338
0.009132 0.011165
0.009127 0.009361
0.009126 0.009298
0.009124 0.014011
0.009121 0.009373
0.009114 0.009606
0.009114 0.011203
0.009106 0.010126
0.009095 0.009487
0.009093 0.010907
0.009079 0.009330
0.009075 0.011924
0.009074 0.013914
0.009066 0.011486
0.009059 0.009265
0.009046 0.012312
0.009045 0.012138
0.009033 0.013065
0.009026 0.010481
0.009019 0.016044
0.009015 0.011877
0.009006 0.010451
0.009004 0.013001
0.009000 0.017724
0.008990 0.010625
0.008981 0.010343
0.008978 0.019912
0.008972 0.012217
0.008972 0.010854
0.008971 0.014629
0.008967 0.011924
0.008961 0.012778
0.008957 0.013665
0.008946 0.009870
0.008917 0.009018
0.008900 0.010324
0.008895 0.011243
0.008893 0.008946
0.008890 0.009650
0.008875 0.017029
0.008867 0.013029
0.008865 0.009808
0.008860 0.009366
0.008860 0.008960
0.008859 0.010026
0.008859 0.011355
0.008856 0.013989
0.008855 0.009701
0.008844 0.009116
0.008844 0.010779
0.008838 0.010420
0.008812 0.018533
0.008809 0.014591
0.008807 0.009812
0.008806 0.008949
0.008796 0.009140
0.008788 0.011381
0.008781 0.010414
0.008780 0.009848
0.008778 0.011787
0.008773 0.013777
0.008772 0.009773
0.008761 0.010781
0.008760 0.010395
0.008759 0.014041
0.008748 0.010910
0.008748 0.010250
0.008745 0.011847
0.008739 0.009803
0.008739 0.009923
0.008737 0.011480
0.008732 0.011704
0.008731 0.010078
0.008730 0.010616
0.008727 0.010118
0.008724 0.010329
0.008709 0.008950
0.008696 0.011349
0.008686 0.012735
0.008681 0.011542
0.008680 0.016995
0.008673 0.009249
0.008673 0.009127
0.008672 0.011685
0.008664 0.009149
0.008661 0.011231
0.008652 0.010545
0.008652 0.008713
0.008642 0.009875
0.008638 0.010426
0.008630 0.014454
0.008610 0.009831
0.008591 0.009145
0.008586 0.009155
0.008584 0.008998
0.008581 0.008619
0.008580 0.009171
0.008551 0.008794
0.008548 0.008653
0.008545 0.012343
0.008542 0.009179
0.008542 0.009588
0.008540 0.009676
0.008539 0.010084
0.008537 0.010029
0.008532 0.009615
0.008520 0.011536
0.008516 0.010615
0.008514 0.009767
0.008507 0.010058
0.008497 0.010027
0.008496 0.008689
0.008495 0.008746
0.008493 0.008955
0.008488 0.010154
0.008482 0.008862
0.008452 0.009654
0.008451 0.009011
0.008450 0.008473
0.008447 0.008842
0.008445 0.012844
0.008435 0.008436
0.008430 0.010904
0.008428 0.013624
0.008426 0.009771
0.008421 0.011440
0.008413 0.008977
0.008412 0.009455
0.008390 0.008459
0.008390 0.010771
0.008385 0.013778
0.008383 0.010191
0.008378 0.011673
0.008375 0.010998
0.008373 0.009062
0.008365 0.011019
0.008349 0.008835
0.008348 0.009683
0.008333 0.008690
0.008316 0.010850
0.008312 0.008487
0.008310 0.009075
0.008305 0.012404
0.008305 0.010158
0.008303 0.009865
0.008298 0.008402
0.008295 0.008538
0.008290 0.008405
0.008289 0.009957
0.008288 0.013469
0.008286 0.009266
0.008276 0.008985
0.008268 0.008993
0.008268 0.008365
0.008262 0.011647
0.008256 0.010084
0.008254 0.010835
0.008252 0.013407
0.008250 0.009046
0.008250 0.009469
0.008246 0.014788
0.008241 0.008777
0.008235 0.015139
0.008232 0.011639
0.008232 0.010883
0.008230 0.012269
0.008200 0.009151
0.008185 0.008393
0.008183 0.010940
0.008166 0.009399
0.008163 0.008882
0.008162 0.008388
0.008162 0.010795
0.008155 0.010491
0.008143 0.008494
0.008141 0.008779
0.008136 0.009809
0.008131 0.008191
0.008128 0.015366
0.008127 0.013036
0.008120 0.010341
0.008118 0.009318
0.008114 0.008441
0.008112 0.009881
0.008111 0.008336
0.008111 0.009761
0.008102 0.009619
0.008100 0.012918
0.008100 0.008330
0.008099 0.009445
0.008096 0.008273
0.008093 0.008198
0.008091 0.008507
0.008088 0.009038
0.008074 0.010370
0.008067 0.008360
0.008062 0.013078
0.008059 0.009025
0.008055 0.008719
0.008051 0.008777
0.008051 0.010570
0.008037 0.011493
0.008024 0.012408
0.008022 0.009275
0.008018 0.009067
0.008005 0.014033
0.007996 0.008081
0.007995 0.008604
0.007992 0.008111
0.007990 0.008462
0.007981 0.008397
0.007980 0.009620
0.007972 0.009132
0.007958 0.008572
0.007956 0.011332
0.007955 0.008227
0.007941 0.008534
0.007940 0.008668
0.007930 0.009101
0.007928 0.008240
0.007927 0.009179
0.007924 0.014860
0.007923 0.008615
0.007922 0.014676
0.007917 0.011545
0.007917 0.011311
0.007916 0.010062
0.007915 0.012363
0.007911 0.008214
0.007905 0.012206
0.007903 0.008367
0.007902 0.008059
0.007898 0.008171
0.007893 0.008453
0.007890 0.009292
0.007886 0.012025
0.007883 0.009228
0.007872 0.008326
0.007869 0.013908
0.007866 0.012696
0.007863 0.007869
0.007858 0.008062
0.007852 0.007910
0.007850 0.010832
0.007846 0.007910
0.007839 0.009279
0.007828 0.007885
0.007815 0.008809
0.007810 0.012394
0.007809 0.009597
0.007806 0.008066
0.007788 0.009887
0.007788 0.010060
0.007786 0.011113
0.007781 0.010773
0.007772 0.011738
0.007771 0.012490
0.007771 0.010459
0.007767 0.007776
0.007764 0.008039
0.007759 0.008798
0.007755 0.009891
0.007753 0.009289
0.007749 0.008206
0.007731 0.011194
0.007729 0.009647
0.007725 0.008409
0.007722 0.008178
0.007718 0.007800
0.007714 0.007991
0.007707 0.008099
0.007703 0.009964
0.007702 0.011861
0.007702 0.011036
0.007701 0.007887
0.007694 0.009377
0.007687 0.010468
0.007686 0.008205
0.007685 0.007741
0.007678 0.007818
0.007673 0.007693
0.007665 0.010947
0.007660 0.014259
0.007657 0.009464
0.007649 0.010821
0.007640 0.007829
0.007634 0.012752
0.007628 0.012749
0.007616 0.007651
0.007603 0.007607
0.007601 0.009288
0.007585 0.008209
0.007581 0.009100
0.007580 0.008019
0.007576 0.007656
0.007564 0.014259
0.007562 0.008657
0.007560 0.008379
0.007552 0.007583
0.007551 0.008522
0.007549 0.018368
0.007547 0.013416
0.007545 0.011112
0.007545 0.009612
0.007529 0.007888
0.007525 0.007843
0.007525 0.007918
0.007523 0.008018
0.007516 0.007858
0.007516 0.008970
0.007512 0.007619
0.007509 0.007723
0.007505 0.009583
0.007494 0.011031
0.007494 0.008514
0.007493 0.009079
0.007492 0.008959
0.007490 0.011281
0.007486 0.008189
0.007481 0.008748
0.007473 0.007564
0.007472 0.012207
0.007470 0.008989
0.007461 0.007954
0.007459 0.012190
0.007454 0.009376
0.007450 0.009221
0.007447 0.008751
0.007442 0.012348
0.007442 0.007526
0.007439 0.008753
0.007436 0.012118
0.007432 0.008594
0.007429 0.008226
0.007420 0.009837
0.007418 0.008252
0.007417 0.008233
0.007407 0.007518
0.007402 0.008291
0.007400 0.010674
0.007393 0.007581
0.007392 0.007530
0.007392 0.009183
0.007381 0.014936
0.007360 0.009127
0.007356 0.007722
0.007351 0.007692
0.007348 0.008638
0.007341 0.008272
0.007339 0.011951
0.007338 0.007653
0.007333 0.007600
0.007322 0.008573
0.007318 0.007470
0.007318 0.007873
0.007304 0.007753
0.007303 0.007925
0.007298 0.007519
0.007286 0.009826
0.007281 0.009332
0.007280 0.007559
0.007262 0.008157
0.007262 0.007954
0.007261 0.008819
0.007260 0.008157
0.007259 0.011381
0.007254 0.008189
0.007253 0.008744
0.007253 0.008050
0.007252 0.012567
0.007248 0.009950
0.007243 0.008654
0.007237 0.010537
0.007232 0.008818
0.007229 0.007472
0.007218 0.008086
0.007211 0.008019
0.007203 0.009057
0.007202 0.008251
0.007193 0.008392
0.007189 0.008408
0.007188 0.008871
0.007182 0.011875
0.007177 0.010666
0.007174 0.010323
0.007170 0.008108
0.007168 0.009826
0.007164 0.009138
0.007146 0.009926
0.007144 0.009767
0.007138 0.007287
0.007132 0.007747
0.007130 0.008362
0.007127 0.008330
0.007125 0.008106
0.007124 0.007266
0.007120 0.010153
0.007117 0.012232
0.007108 0.010911
0.007104 0.008888
0.007103 0.007472
0.007103 0.007337
0.007102 0.008965
0.007102 0.007262
0.007097 0.007915
0.007088 0.007865
0.007084 0.010295
0.007076 0.007405
0.007067 0.007161
0.007064 0.008707
0.007062 0.008338
0.007060 0.007968
0.007053 0.007159
0.007051 0.014332
0.007050 0.008707
0.007050 0.010724
0.007044 0.007986
0.007039 0.007286
0.007039 0.008337
0.007039 0.016769
0.007037 0.007615
0.007034 0.009151
0.007026 0.007571
0.007026 0.008833
0.007019 0.008424
0.007013 0.008672
0.007013 0.011087
0.007009 0.007651
0.007006 0.010057
0.007005 0.011123
0.006996 0.010105
0.006993 0.009305
0.006992 0.007121
0.006986 0.007573
0.006984 0.008083
0.006981 0.008780
0.006979 0.007086
0.006976 0.008473
0.006971 0.008563
0.006968 0.009004
0.006961 0.007783
0.006959 0.008029
0.006959 0.009128
0.006959 0.009363
0.006953 0.009231
0.006953 0.007106
0.006953 0.007400
0.006953 0.007120
0.006950 0.007521
0.006947 0.009237
0.006940 0.010472
0.006940 0.008136
0.006939 0.008281
0.006938 0.008057
0.006932 0.006971
0.006932 0.006994
0.006930 0.015564
0.006930 0.007806
0.006927 0.009582
0.006919 0.009930
0.006918 0.007447
0.006917 0.010105
0.006917 0.007688
0.006917 0.007262
0.006914 0.006934
0.006910 0.007727
0.006908 0.011226
0.006907 0.013916
0.006906 0.008063
0.006903 0.009437
0.006901 0.007282
0.006900 0.007638
0.006900 0.007206
0.006899 0.009017
0.006894 0.010793
0.006889 0.010703
0.006888 0.007121
0.006887 0.010193
0.006887 0.007988
0.006886 0.012662
0.006880 0.007602
0.006876 0.008515
0.006871 0.008011
0.006869 0.007976
0.006867 0.010181
0.006864 0.008506
0.006852 0.009961
0.006850 0.008496
0.006846 0.007770
0.006841 0.009967
0.006840 0.007956
0.006839 0.011171
0.006838 0.007006
0.006836 0.010527
0.006832 0.009780
0.006832 0.007090
0.006826 0.012351
0.006824 0.009064
0.006822 0.007581
0.006819 0.011600
0.006819 0.007882
0.006813 0.008768
0.006812 0.008597
0.006804 0.010078
0.006804 0.006912
0.006801 0.010864
0.006796 0.006987
0.006790 0.007920
0.006788 0.006994
0.006780 0.008024
0.006779 0.011109
0.006776 0.008057
0.006776 0.008657
0.006776 0.008124
0.006776 0.009855
0.006774 0.009039
0.006772 0.007971
0.006768 0.008562
0.006768 0.010828
0.006765 0.007283
0.006765 0.008139
0.006760 0.007212
0.006759 0.006834
0.006759 0.006884
0.006758 0.006892
0.006756 0.007815
0.006749 0.007160
0.006747 0.011467
0.006746 0.008317
0.006745 0.008607
0.006745 0.009060
0.006742 0.006764
0.006740 0.008866
0.006739 0.008448
0.006738 0.007875
0.006737 0.006844
0.006730 0.008139
0.006730 0.009868
0.006728 0.009069
0.006723 0.008676
0.006721 0.008762
0.006717 0.008347
0.006711 0.013222
0.006707 0.007342
0.006700 0.012545
0.006699 0.006903
0.006691 0.006738
0.006686 0.007149
0.006677 0.008874
0.006676 0.006967
0.006675 0.014992
0.006674 0.008315
0.006665 0.010555
0.006652 0.006837
0.006646 0.006682
0.006636 0.008032
0.006631 0.009142
0.006631 0.008891
0.006630 0.008758
0.006628 0.007096
0.006627 0.008850
0.006625 0.006756
0.006624 0.010647
0.006624 0.007976
0.006622 0.006631
0.006619 0.009193
0.006617 0.011582
0.006617 0.007636
0.006616 0.008079
0.006615 0.013829
0.006614 0.008215
0.006613 0.009613
0.006607 0.011572
0.006606 0.006621
0.006605 0.006735
0.006604 0.007137
0.006596 0.009266
0.006591 0.006989
0.006587 0.013728
0.006584 0.008085
0.006584 0.007087
0.006583 0.007428
0.006583 0.007464
0.006581 0.007173
0.006580 0.006999
0.006580 0.007101
0.006577 0.006612
0.006577 0.012692
0.006576 0.007250
0.006575 0.007509
0.006574 0.007315
0.006573 0.013452
0.006569 0.007254
0.006568 0.007374
0.006564 0.010524
0.006563 0.008125
0.006558 0.011884
0.006557 0.006852
0.006550 0.007320
0.006548 0.007375
0.006547 0.007705
0.006547 0.006574
0.006547 0.007303
0.006546 0.011294
0.006545 0.007663
0.006544 0.008768
0.006541 0.007159
0.006538 0.006714
0.006536 0.009135
0.006532 0.006874
0.006528 0.007483
0.006526 0.010331
0.006524 0.009967
0.006516 0.006640
0.006515 0.008711
0.006513 0.010517
0.006510 0.007132
0.006509 0.010188
0.006504 0.007115
0.006500 0.007040
0.006497 0.006887
0.006491 0.006674
0.006490 0.009359
0.006489 0.006841
0.006489 0.009189
0.006488 0.007012
0.006487 0.007034
0.006485 0.012152
0.006484 0.008290
0.006482 0.006826
0.006478 0.006734
0.006478 0.007279
0.006469 0.009642
0.006468 0.006539
0.006465 0.015541
0.006462 0.013306
0.006459 0.010100
0.006452 0.006895
0.006451 0.014224
0.006448 0.007832
0.006447 0.011156
0.006442 0.006749
0.006440 0.007210
0.006439 0.010489
0.006438 0.007929
0.006432 0.010816
0.006430 0.006566
0.006422 0.006551
0.006422 0.009490
0.006421 0.006487
0.006418 0.008755
0.006416 0.007327
0.006415 0.007775
0.006411 0.006932
0.006407 0.009593
0.006402 0.006759
0.006390 0.008095
0.006388 0.013153
0.006387 0.009827
0.006385 0.011392
0.006376 0.008163
0.006376 0.011934
0.006376 0.013838
0.006371 0.006862
0.006367 0.006630
0.006364 0.006501
0.006363 0.012418
0.006360 0.008732
0.006359 0.010174
0.006355 0.012651
0.006355 0.007686
0.006355 0.006595
0.006355 0.006489
0.006349 0.006802
0.006347 0.014500
0.006345 0.008773
0.006342 0.006559
0.006335 0.007229
0.006335 0.007701
0.006333 0.006538
0.006330 0.007257
0.006330 0.011322
0.006314 0.006639
0.006304 0.013290
0.006304 0.006985
0.006304 0.007461
0.006300 0.010265
0.006300 0.006731
0.006300 0.009008
0.006296 0.008141
0.006292 0.007773
0.006292 0.007668
0.006283 0.009697
0.006282 0.007898
0.006282 0.006405
0.006281 0.009425
0.006277 0.006874
0.006273 0.007948
0.006272 0.009703
0.006272 0.010138
0.006271 0.007901
0.006265 0.015336
0.006264 0.007028
0.006264 0.011001
0.006263 0.006883
0.006257 0.008791
0.006257 0.006604
0.006256 0.006761
0.006256 0.006519
0.006254 0.006734
0.006253 0.011603
0.006244 0.006334
0.006242 0.011293
0.006239 0.006870
0.006238 0.007695
0.006238 0.007062
0.006238 0.009189
0.006236 0.007239
0.006235 0.007322
0.006231 0.006262
0.006231 0.007414
0.006230 0.008030
0.006229 0.006621
0.006229 0.007988
0.006228 0.008170
0.006225 0.006399
0.006222 0.006462
0.006216 0.008799
0.006215 0.007778
0.006215 0.006366
0.006214 0.008955
0.006197 0.006348
0.006197 0.010901
0.006192 0.007372
0.006188 0.006981
0.006186 0.006732
0.006184 0.006220
0.006180 0.008848
0.006179 0.009555
0.006178 0.012270
0.006174 0.007292
0.006170 0.006275
0.006167 0.007758
0.006161 0.006235
0.006160 0.006290
0.006154 0.006358
0.006151 0.008083
0.006145 0.013188
0.006140 0.008394
0.006138 0.006351
0.006136 0.006801
0.006132 0.008493
0.006130 0.006573
0.006129 0.007905
0.006128 0.006964
0.006127 0.006558
0.006121 0.006307
0.006118 0.006628
0.006115 0.007355
0.006112 0.007343
0.006107 0.008210
0.006101 0.009857
0.006095 0.007283
0.006093 0.006631
0.006091 0.008743
0.006087 0.006876
0.006087 0.006912
0.006079 0.006141
0.006075 0.009054
0.006069 0.006862
0.006067 0.007145
0.006067 0.008532
0.006062 0.006738
0.006061 0.009278
0.006061 0.006861
0.006060 0.007843
0.006059 0.013039
0.006055 0.008099
0.006051 0.006107
0.006050 0.007720
0.006049 0.008796
0.006048 0.007411
0.006044 0.007377
0.006038 0.006287
0.006037 0.006629
0.006030 0.006296
0.006029 0.006688
0.006025 0.007407
0.006025 0.008972
0.006024 0.006566
0.006017 0.009572
0.006017 0.006169
0.006008 0.007421
0.006007 0.007164
0.006003 0.006046
0.006003 0.006687
0.006003 0.006398
0.006001 0.007319
0.005999 0.008276
0.005998 0.006294
0.005996 0.006145
0.005991 0.006795
0.005988 0.006140
0.005987 0.006133
0.005986 0.008411
0.005982 0.006202
0.005974 0.007062
0.005973 0.008268
0.005967 0.007654
0.005962 0.013033
0.005960 0.011662
0.005958 0.008217
0.005956 0.009646
0.005955 0.009071
0.005955 0.007315
0.005952 0.007366
0.005951 0.008626
0.005949 0.006500
0.005948 0.006053
0.005947 0.006107
0.005945 0.008302
0.005944 0.007681
0.005942 0.006310
0.005941 0.008018
0.005940 0.006979
0.005940 0.012940
0.005940 0.007612
0.005938 0.010274
0.005933 0.006680
0.005933 0.011380
0.005922 0.006113
0.005922 0.007230
0.005919 0.011751
0.005914 0.006255
0.005913 0.006710
0.005911 0.007438
0.005907 0.008239
0.005904 0.007368
0.005890 0.007613
0.005873 0.006954
0.005869 0.009817
0.005866 0.006648
0.005862 0.006601
0.005859 0.007174
0.005858 0.006347
0.005854 0.006203
0.005845 0.006554
0.005845 0.007290
0.005844 0.006582
0.005840 0.007854
0.005840 0.007014
0.005839 0.008101
0.005839 0.007851
0.005839 0.007159
0.005832 0.007549
0.005830 0.008869
0.005826 0.007282
0.005825 0.006035
0.005824 0.006290
0.005824 0.007976
0.005817 0.007242
0.005816 0.005887
0.005813 0.007888
0.005812 0.005991
0.005809 0.008741
0.005805 0.006531
0.005804 0.006825
0.005800 0.006409
0.005800 0.012279
0.005794 0.007416
0.005789 0.007090
0.005789 0.006970
0.005786 0.006377
0.005786 0.010753
0.005781 0.008500
0.005779 0.008136
0.005777 0.007638
0.005776 0.008184
0.005776 0.005885
0.005775 0.006772
0.005768 0.005830
0.005766 0.005865
0.005765 0.007821
0.005763 0.011483
0.005762 0.010866
0.005758 0.006879
0.005758 0.006352
0.005753 0.007370
0.005752 0.006112
0.005735 0.008565
0.005735 0.006674
0.005731 0.009366
0.005728 0.005883
0.005728 0.007500
0.005720 0.006524
0.005719 0.006796
0.005716 0.008722
0.005713 0.005924
0.005713 0.005944
0.005708 0.008698
0.005706 0.005872
0.005706 0.005831
0.005702 0.006460
0.005697 0.006252
0.005697 0.006820
0.005695 0.011025
0.005694 0.005932
0.005694 0.006439
0.005691 0.005916
0.005691 0.007853
0.005688 0.006390
0.005682 0.005873
0.005679 0.012010
0.005676 0.005951
0.005673 0.006404
0.005668 0.008336
0.005667 0.006233
0.005666 0.006348
0.005661 0.007741
0.005650 0.006316
0.005646 0.007745
0.005645 0.006510
0.005638 0.005663
0.005638 0.007403
0.005637 0.006870
0.005636 0.006531
0.005636 0.006093
0.005629 0.008372
0.005626 0.006121
0.005625 0.006667
0.005623 0.007236
0.005622 0.007228
0.005622 0.006825
0.005621 0.006426
0.005620 0.006069
0.005617 0.005662
0.005617 0.006258
0.005617 0.007250
0.005614 0.006767
0.005614 0.005930
0.005610 0.008723
0.005610 0.011091
0.005609 0.008083
0.005609 0.006275
0.005608 0.009978
0.005607 0.006308
0.005606 0.006729
0.005604 0.005765
0.005601 0.005888
0.005600 0.006916
0.005598 0.006174
0.005597 0.006375
0.005596 0.007262
0.005593 0.005607
0.005593 0.006915
0.005593 0.007785
0.005593 0.008677
0.005587 0.005973
0.005584 0.006257
0.005582 0.005701
0.005579 0.005758
0.005577 0.006148
0.005576 0.006686
0.005572 0.009033
0.005569 0.006836
0.005568 0.009703
0.005566 0.006253
0.005564 0.005653
0.005560 0.006599
0.005557 0.005959
0.005553 0.007946
0.005550 0.005621
0.005545 0.006242
0.005539 0.007678
0.005538 0.007936
0.005534 0.006296
0.005533 0.005627
0.005526 0.009861
0.005526 0.007152
0.005525 0.006461
0.005525 0.005917
0.005525 0.006261
0.005519 0.005883
0.005518 0.009005
0.005515 0.005647
0.005515 0.007827
0.005510 0.007494
0.005510 0.006621
0.005506 0.006268
0.005503 0.006063
0.005502 0.008179
0.005500 0.006016
0.005500 0.007367
0.005500 0.009374
0.005497 0.006866
0.005494 0.006116
0.005490 0.006694
0.005489 0.006295
0.005488 0.007267
0.005480 0.011972
0.005480 0.007530
0.005472 0.007095
0.005468 0.005767
0.005468 0.005791
0.005467 0.006173
0.005460 0.008427
0.005460 0.007815
0.005459 0.008233
0.005453 0.006635
0.005451 0.007863
0.005445 0.012045
0.005440 0.007560
0.005437 0.006510
0.005435 0.010955
0.005434 0.010661
0.005430 0.005789
0.005429 0.005559
0.005428 0.005757
0.005428 0.008518
0.005424 0.009360
0.005420 0.009121
0.005414 0.006924
0.005414 0.006429
0.005412 0.006864
0.005411 0.007949
0.005410 0.006404
0.005408 0.005527
0.005408 0.007032
0.005403 0.010887
0.005402 0.006372
0.005401 0.009709
0.005401 0.006626
0.005398 0.005553
0.005397 0.008179
0.005396 0.006295
0.005391 0.008055
0.005391 0.006794
0.005390 0.008744
0.005389 0.008483
0.005381 0.007918
0.005373 0.012169
0.005360 0.005889
0.005352 0.006498
0.005347 0.007917
0.005346 0.006131
0.005339 0.010225
0.005336 0.005358
0.005331 0.005361
0.005331 0.010285
0.005318 0.006093
0.005316 0.006038
0.005314 0.011980
0.005314 0.007728
0.005313 0.007288
0.005308 0.007703
0.005304 0.009265
0.005297 0.007612
0.005295 0.005856
0.005294 0.005574
0.005290 0.006005
0.005287 0.005676
0.005286 0.005289
0.005279 0.006000
0.005277 0.007690
0.005276 0.008250
0.005276 0.005527
0.005274 0.007342
0.005267 0.010579
0.005265 0.005641
0.005265 0.006650
0.005264 0.006316
0.005264 0.005896
0.005262 0.005427
0.005262 0.005674
0.005260 0.008011
0.005258 0.005392
0.005256 0.009667
0.005255 0.005259
0.005251 0.006457
0.005249 0.009452
0.005247 0.005347
0.005245 0.011027
0.005242 0.006521
0.005241 0.005853
0.005237 0.005935
0.005232 0.005506
0.005227 0.011372
0.005216 0.005960
0.005210 0.006327
0.005209 0.008265
0.005209 0.005941
0.005206 0.005787
0.005197 0.005246
0.005196 0.005963
0.005193 0.009303
0.005185 0.006067
0.005182 0.005191
0.005180 0.005426
0.005178 0.006393
0.005178 0.012832
0.005176 0.005459
0.005166 0.005296
0.005165 0.006806
0.005164 0.008254
0.005164 0.005452
0.005162 0.005744
0.005159 0.007173
0.005153 0.006654
0.005150 0.005222
0.005149 0.005257
0.005146 0.008239
0.005138 0.006353
0.005137 0.005933
0.005134 0.008010
0.005134 0.010552
0.005126 0.007622
0.005123 0.007962
0.005121 0.006169
0.005117 0.006981
0.005112 0.006713
0.005109 0.010741
0.005094 0.006954
0.005088 0.006091
0.005086 0.005326
0.005084 0.005405
0.005077 0.005340
0.005073 0.005300
0.005071 0.006253
0.005069 0.005271
0.005068 0.006036
0.005067 0.006199
0.005067 0.006492
0.005066 0.005870
0.005061 0.005669
0.005054 0.005365
0.005051 0.005460
0.005042 0.006554
0.005040 0.005558
0.005039 0.007730
0.005035 0.005767
0.005034 0.005242
0.005031 0.005847
0.005027 0.005222
0.005026 0.005718
0.005024 0.005619
0.005023 0.005253
0.005018 0.005573
0.005017 0.005436
0.005016 0.005814
0.005016 0.007263
0.005013 0.005134
0.005013 0.005963
0.005011 0.005401
0.005010 0.005147
0.004996 0.006304
0.004996 0.006516
0.004996 0.007136
0.004990 0.010436
0.004988 0.005853
0.004984 0.010707
0.004979 0.008402
0.004977 0.007552
0.004974 0.008279
0.004971 0.005427
0.004964 0.006236
0.004960 0.005811
0.004951 0.007572
0.004950 0.004994
0.004947 0.005646
0.004944 0.006848
0.004943 0.009040
0.004939 0.007174
0.004937 0.006083
0.004934 0.005147
0.004933 0.006310
0.004929 0.006090
0.004924 0.005109
0.004922 0.005056
0.004918 0.005336
0.004917 0.005900
0.004914 0.005352
0.004912 0.005697
0.004910 0.008766
0.004904 0.006025
0.004902 0.005293
0.004900 0.006641
0.004899 0.007620
0.004895 0.004928
0.004894 0.006290
0.004888 0.006215
0.004884 0.005727
0.004884 0.007176
0.004883 0.005164
0.004882 0.005326
0.004875 0.004908
0.004875 0.005365
0.004875 0.005255
0.004873 0.005330
0.004873 0.007033
0.004872 0.005337
0.004868 0.005595
0.004865 0.005706
0.004865 0.006036
0.004864 0.008478
0.004855 0.005793
0.004851 0.007301
0.004849 0.006599
0.004849 0.006288
0.004845 0.007850
0.004843 0.005853
0.004843 0.005123
0.004841 0.006426
0.004838 0.004965
0.004834 0.005817
0.004832 0.005576
0.004832 0.006119
0.004832 0.007235
0.004830 0.007344
0.004823 0.010960
0.004820 0.007338
0.004814 0.008950
0.004814 0.005310
0.004814 0.005004
0.004813 0.007192
0.004813 0.005396
0.004796 0.005618
0.004793 0.004983
0.004792 0.005377
0.004790 0.007019
0.004779 0.005734
0.004777 0.005393
0.004775 0.006137
0.004773 0.005254
0.004773 0.004851
0.004772 0.005579
0.004770 0.004829
0.004767 0.005449
0.004765 0.004895
0.004765 0.008482
0.004762 0.004959
0.004758 0.007721
0.004755 0.005192
0.004754 0.005317
0.004749 0.008854
0.004749 0.005925
0.004749 0.007672
0.004749 0.005759
0.004744 0.005332
0.004740 0.005041
0.004736 0.004787
0.004736 0.005518
0.004727 0.007378
0.004727 0.007689
0.004723 0.006758
0.004723 0.006854
0.004717 0.005177
0.004714 0.011244
0.004713 0.007120
0.004713 0.008276
0.004707 0.005801
0.004706 0.004885
0.004704 0.004724
0.004704 0.006144
0.004701 0.005918
0.004698 0.006489
0.004695 0.006142
0.004692 0.005194
0.004692 0.004780
0.004685 0.004812
0.004674 0.004682
0.004671 0.005378
0.004669 0.005929
0.004667 0.005328
0.004666 0.005354
0.004661 0.004994
0.004658 0.007106
0.004658 0.005118
0.004654 0.005832
0.004652 0.004996
0.004642 0.006362
0.004640 0.005435
0.004635 0.004766
0.004632 0.004959
0.004631 0.004662
0.004630 0.006055
0.004629 0.007521
0.004626 0.007919
0.004625 0.005358
0.004625 0.007730
0.004623 0.004865
0.004621 0.008969
0.004621 0.007961
0.004610 0.004868
0.004610 0.005621
0.004610 0.005071
0.004609 0.006906
0.004606 0.004754
0.004604 0.005751
0.004602 0.009930
0.004600 0.006898
0.004596 0.006559
0.004594 0.004609
0.004589 0.007653
0.004584 0.004975
0.004582 0.008007
0.004581 0.006900
0.004581 0.007325
0.004579 0.005002
0.004576 0.008143
0.004573 0.006331
0.004558 0.009170
0.004558 0.004639
0.004554 0.005097
0.004554 0.004702
0.004553 0.005146
0.004546 0.005092
0.004545 0.006702
0.004538 0.005397
0.004536 0.005341
0.004534 0.005636
0.004530 0.005925
0.004527 0.009232
0.004527 0.007774
0.004522 0.005020
0.004519 0.004853
0.004517 0.005895
0.004508 0.005195
0.004506 0.004615
0.004502 0.005624
0.004497 0.004855
0.004495 0.006952
0.004491 0.008174
0.004491 0.008359
0.004482 0.006192
0.004481 0.005258
0.004479 0.006588
0.004478 0.007118
0.004478 0.006507
0.004477 0.005709
0.004475 0.006720
0.004474 0.006841
0.004473 0.004823
0.004473 0.005667
0.004471 0.005022
0.004470 0.004611
0.004468 0.005118
0.004461 0.004466
0.004459 0.008961
0.004457 0.005027
0.004455 0.004607
0.004453 0.005127
0.004448 0.004966
0.004448 0.004762
0.004444 0.005269
0.004442 0.004873
0.004439 0.004831
0.004430 0.006202
0.004429 0.005046
0.004429 0.004698
0.004422 0.008028
0.004419 0.006217
0.004418 0.007253
0.004414 0.006444
0.004413 0.004601
0.004407 0.005323
0.004402 0.004971
0.004402 0.004904
0.004394 0.005484
0.004393 0.006949
0.004383 0.005047
0.004381 0.006832
0.004373 0.004971
0.004370 0.004555
0.004368 0.006565
0.004364 0.007732
0.004364 0.006233
0.004362 0.006486
0.004359 0.005654
0.004354 0.004972
0.004353 0.005266
0.004334 0.009325
0.004332 0.006140
0.004332 0.005250
0.004331 0.004722
0.004331 0.005338
0.004329 0.004558
0.004325 0.007903
0.004323 0.004554
0.004322 0.004862
0.004319 0.007674
0.004316 0.005764
0.004316 0.009476
0.004313 0.004801
0.004300 0.007905
0.004298 0.005429
0.004297 0.005941
0.004288 0.004701
0.004283 0.004712
0.004283 0.005641
0.004280 0.005545
0.004279 0.005504
0.004278 0.007233
0.004272 0.005814
0.004265 0.004618
0.004263 0.004667
0.004261 0.004303
0.004261 0.004433
0.004259 0.005819
0.004253 0.007780
0.004246 0.004270
0.004243 0.004587
0.004241 0.006152
0.004239 0.004268
0.004231 0.004270
0.004230 0.005163
0.004225 0.004854
0.004213 0.004235
0.004212 0.004287
0.004211 0.005624
0.004211 0.007149
0.004209 0.004613
0.004197 0.005533
0.004196 0.004213
0.004195 0.004501
0.004192 0.006467
0.004190 0.005824
0.004184 0.006340
0.004178 0.006473
0.004176 0.004781
0.004174 0.004917
0.004173 0.005820
0.004165 0.005533
0.004164 0.008029
0.004161 0.004170
0.004160 0.004907
0.004159 0.004948
0.004154 0.004369
0.004153 0.010922
0.004153 0.009510
0.004152 0.006689
0.004150 0.005037
0.004149 0.007568
0.004149 0.004750
0.004131 0.006078
0.004127 0.005006
0.004126 0.005402
0.004124 0.004643
0.004124 0.004847
0.004121 0.005150
0.004111 0.004910
0.004110 0.004474
0.004109 0.004622
0.004105 0.009417
0.004097 0.009113
0.004088 0.004666
0.004082 0.004716
0.004081 0.005447
0.004081 0.005608
0.004080 0.005261
0.004076 0.004530
0.004073 0.004695
0.004073 0.004280
0.004073 0.004125
0.004072 0.004509
0.004054 0.004440
0.004042 0.005867
0.004040 0.005414
0.004039 0.004111
0.004031 0.005192
0.004029 0.004355
0.004028 0.004972
0.004019 0.004639
0.004019 0.005517
0.004016 0.004141
0.004009 0.004671
0.004003 0.004611
0.004000 0.004455
0.003997 0.004167
0.003996 0.006451
0.003995 0.005500
0.003992 0.004064
0.003991 0.004754
0.003988 0.004934
0.003981 0.004639
0.003968 0.006646
0.003961 0.004458
0.003957 0.004085
0.003952 0.004636
0.003949 0.004002
0.003934 0.004005
0.003929 0.004136
0.003929 0.004259
0.003924 0.005029
0.003906 0.004807
0.003899 0.004838
0.003892 0.004548
0.003886 0.004473
0.003882 0.005819
0.003880 0.005196
0.003875 0.003905
0.003870 0.004089
0.003864 0.004555
0.003864 0.005033
0.003862 0.004227
0.003861 0.005962
0.003855 0.004857
0.003847 0.004567
0.003844 0.003893
0.003843 0.004421
0.003838 0.005084
0.003834 0.004985
0.003831 0.003862
0.003829 0.004286
0.003824 0.005707
0.003822 0.003970
0.003817 0.003976
0.003803 0.005409
0.003801 0.003838
0.003798 0.003846
0.003784 0.006464
0.003781 0.004347
0.003755 0.003841
0.003755 0.005298
0.003752 0.004903
0.003741 0.004322
0.003738 0.003890
0.003730 0.005382
0.003727 0.003993
0.003725 0.003881
0.003717 0.005152
0.003717 0.004651
0.003715 0.004267
0.003712 0.003905
0.003709 0.004047
0.003703 0.006300
0.003698 0.004005
0.003689 0.003910
0.003685 0.004300
0.003685 0.004784
0.003679 0.003929
0.003675 0.003864
0.003675 0.004009
0.003668 0.003716
0.003661 0.004030
0.003637 0.003703
0.003634 0.003819
0.003627 0.005520
0.003626 0.003925
0.003623 0.003670
0.003619 0.003812
0.003617 0.003891
0.003617 0.003922
0.003615 0.004119
0.003614 0.003670
0.003610 0.004244
0.003603 0.004285
0.003595 0.003705
0.003586 0.004440
0.003576 0.003926
0.003570 0.004172
0.003562 0.006913
0.003560 0.004933
0.003551 0.003850
0.003549 0.005380
0.003522 0.005392
0.003518 0.004011
0.003504 0.004405
0.003503 0.003592
0.003486 0.003682
0.003469 0.003805
0.003450 0.003489
0.003447 0.004357
0.003445 0.003962
0.003438 0.004987
0.003434 0.004199
0.003425 0.004369
0.003418 0.004111
0.003414 0.003789
0.003411 0.004610
0.003407 0.004515
0.003378 0.004336
0.003377 0.004224
0.003362 0.003401
0.003360 0.003414
0.003342 0.004207
0.003334 0.003398
0.003332 0.004349
0.003330 0.004134
0.003330 0.003536
0.003326 0.004182
0.003321 0.005581
0.003304 0.003362
0.003302 0.004289
0.003302 0.003891
0.003283 0.003564
0.003268 0.003465
0.003265 0.003347
0.003251 0.003351
0.003251 0.003531
0.003233 0.003590
0.003225 0.003421
0.003223 0.005037
0.003211 0.003578
0.003209 0.003368
0.003198 0.003369
0.003192 0.003216
0.003191 0.003353
0.003182 0.003353
0.003180 0.003351
0.003154 0.003203
0.003143 0.003151
0.003100 0.003385
0.003099 0.003629
0.003087 0.003517
0.003080 0.005327
0.003058 0.003536
0.003045 0.003221
0.003009 0.004405
0.002988 0.003478
0.002944 0.003213
0.002923 0.003595
0.002916 0.003205
0.002901 0.003725
0.002880 0.003282
0.002862 0.002906
0.002831 0.002967
0.002819 0.002869
0.002793 0.003091
0.002763 0.003445
0.002755 0.003249
0.002737 0.003362
0.002729 0.002912
0.002728 0.002753
0.002708 0.002926
0.002686 0.003486
0.002683 0.002752
0.002674 0.002803
0.002658 0.002730
0.002654 0.003013
0.002624 0.002656
0.002596 0.002811
0.002593 0.003112
0.002590 0.002846
0.002577 0.002680
0.002577 0.003196
0.002573 0.003167
0.002566 0.003861
0.002549 0.003183
0.002502 0.002619
0.002501 0.003184
0.002476 0.003217
0.002475 0.002595
0.002396 0.002501
0.002392 0.002478
0.002390 0.002483
0.002367 0.002534
0.002359 0.002947
0.002353 0.002396
0.002317 0.002580
0.002313 0.002336
0.002311 0.002330
0.002265 0.002689
0.002145 0.002351
0.002121 0.002328
0.002115 0.002120
0.002071 0.002596
0.002065 0.002327
0.002044 0.002146
0.002022 0.002373
0.002003 0.002488
0.001995 0.002144
0.001913 0.002151
0.001909 0.001981
0.001864 0.002213
0.001825 0.001976
0.001719 0.001779
0.001714 0.001753
0.001592 0.001744
0.001518 0.002551
0.001405 0.001810
