0.260977 0.274200
0.175754 0.184801
0.175274 0.184473
0.172589 0.179483
0.159583 0.190952
0.145806 0.149117
0.110639 0.151056
0.103547 0.150478
0.098848 0.134992
0.092422 0.189761
0.089917 0.105254
0.089347 0.090373
0.079235 0.095569
0.077240 0.079924
0.075956 0.099874
0.074739 0.075054
0.072330 0.076415
0.072287 0.078087
0.071065 0.071336
0.070248 0.080669
0.063501 0.071191
0.063331 0.064269
0.063115 0.064004
0.061292 0.076218
0.059435 0.071154
0.058982 0.064638
0.058982 0.064366
0.058531 0.074024
0.058426 0.086518
0.058161 0.061257
0.056226 0.060524
0.055983 0.061533
0.053735 0.064905
0.053248 0.066425
0.051666 0.053573
0.051236 0.052091
0.049961 0.057749
0.048958 0.054819
0.048421 0.051634
0.047715 0.083391
0.046882 0.087590
0.046572 0.058395
0.046360 0.059624
0.045765 0.050649
0.045620 0.045658
0.045616 0.045690
0.045609 0.045855
0.044181 0.049834
0.043771 0.053409
0.043663 0.053237
0.043574 0.057694
0.043245 0.090026
0.043072 0.053888
0.041419 0.074494
0.040337 0.057033
0.038173 0.043160
0.038146 0.066975
0.037433 0.043209
0.037160 0.038751
0.035867 0.036574
0.034207 0.037941
0.034071 0.034196
0.033713 0.040806
0.033394 0.033967
0.032655 0.034823
0.032631 0.037948
0.032353 0.044497
0.032093 0.033987
0.031404 0.033087
0.031283 0.046763
0.031014 0.032335
0.030819 0.036854
0.030765 0.036959
0.030560 0.042854
0.030487 0.033314
0.030335 0.034354
0.030266 0.032783
0.030155 0.032154
0.030132 0.036317
0.029559 0.029983
0.029322 0.029424
0.029313 0.040885
0.029111 0.033415
0.028719 0.029765
0.028651 0.029421
0.028609 0.031754
0.028548 0.041074
0.028543 0.029609
0.028511 0.029583
0.028256 0.041291
0.028159 0.029322
0.027955 0.036644
0.027559 0.031062
0.027262 0.032148
0.027015 0.028711
0.026896 0.037639
0.026712 0.028885
0.026667 0.033019
0.026466 0.034321
0.026299 0.027166
0.026288 0.028949
0.026273 0.027852
0.026204 0.028951
0.026201 0.038596
0.025698 0.032046
0.025677 0.028210
0.025645 0.035329
0.025471 0.026582
0.025235 0.039085
0.024981 0.028135
0.024951 0.029428
0.024692 0.024936
0.024604 0.027878
0.024572 0.026583
0.024554 0.041678
0.024526 0.034120
0.024525 0.025066
0.024401 0.028289
0.024353 0.039103
0.024274 0.031733
0.024255 0.024692
0.024070 0.032121
0.023902 0.024187
0.023822 0.025623
0.023744 0.024189
0.023674 0.033069
0.023666 0.023848
0.023637 0.024210
0.023522 0.032404
0.023439 0.024781
0.023427 0.024106
0.023394 0.033057
0.023384 0.024706
0.023041 0.024000
0.022929 0.028502
0.022928 0.030457
0.022791 0.023683
0.022751 0.033291
0.022630 0.025325
0.022615 0.031837
0.022576 0.025100
0.022449 0.037704
0.022310 0.026909
0.022200 0.023659
0.022044 0.022895
0.021847 0.024002
0.021820 0.022457
0.021730 0.026281
0.021695 0.022292
0.021517 0.025058
0.021459 0.027631
0.021273 0.023561
0.021208 0.021613
0.021060 0.022818
0.021052 0.023553
0.020962 0.021709
0.020950 0.022415
0.020931 0.028163
0.020919 0.025742
0.020877 0.023580
0.020738 0.027102
0.020719 0.023826
0.020711 0.022576
0.020668 0.022567
0.020593 0.020844
0.020543 0.028348
0.020299 0.020306
0.020241 0.020308
0.020219 0.028231
0.020108 0.024169
0.020096 0.023713
0.020055 0.022603
0.020043 0.032034
0.020000 0.024104
0.019879 0.023368
0.019783 0.020112
0.019770 0.025230
0.019742 0.020084
0.019644 0.026444
0.019619 0.020236
0.019613 0.019886
0.019558 0.027431
0.019445 0.021226
0.019405 0.022377
0.019395 0.022905
0.019385 0.022094
0.019305 0.026381
0.019290 0.022176
0.019206 0.029378
0.019195 0.020785
0.019180 0.020957
0.019177 0.032602
0.019159 0.022584
0.019109 0.019378
0.019055 0.026498
0.019018 0.019648
0.019010 0.022522
0.019003 0.022794
0.018986 0.030078
0.018939 0.021062
0.018905 0.021553
0.018820 0.019011
0.018814 0.030409
0.018722 0.019330
0.018714 0.019712
0.018597 0.025003
0.018536 0.018621
0.018480 0.020309
0.018474 0.018563
0.018259 0.019622
0.018242 0.024152
0.018181 0.020531
0.018161 0.019304
0.018146 0.023339
0.018084 0.022874
0.018065 0.024124
0.018054 0.020280
0.017999 0.024531
0.017894 0.023219
0.017882 0.018293
0.017863 0.021457
0.017785 0.028715
0.017749 0.024435
0.017728 0.018117
0.017723 0.021491
0.017707 0.019536
0.017633 0.025920
0.017592 0.023642
0.017574 0.020500
0.017459 0.025056
0.017449 0.028781
0.017367 0.018312
0.017335 0.025641
0.017333 0.022176
0.017286 0.018749
0.017037 0.019599
0.017032 0.017548
0.016951 0.019254
0.016930 0.018849
0.016821 0.019197
0.016813 0.018168
0.016799 0.017822
0.016703 0.019588
0.016676 0.018320
0.016618 0.018177
0.016596 0.021300
0.016571 0.016954
0.016544 0.037026
0.016542 0.018645
0.016524 0.020587
0.016517 0.017871
0.016498 0.028275
0.016458 0.017343
0.016452 0.018026
0.016434 0.017081
0.016415 0.030502
0.016383 0.016833
0.016334 0.019072
0.016312 0.016555
0.016245 0.017374
0.016183 0.017773
0.016153 0.023143
0.016129 0.032091
0.016098 0.021232
0.016092 0.026082
0.016087 0.016965
0.016033 0.017949
0.015922 0.018328
0.015909 0.019556
0.015895 0.018433
0.015786 0.016118
0.015742 0.016730
0.015729 0.020842
0.015684 0.020865
0.015669 0.022346
0.015607 0.022514
0.015599 0.021657
0.015594 0.018347
0.015587 0.020931
0.015587 0.016343
0.015564 0.015955
0.015514 0.022299
0.015512 0.020901
0.015448 0.021244
0.015396 0.017716
0.015386 0.023855
0.015336 0.016604
0.015323 0.021442
0.015308 0.015615
0.015296 0.017987
0.015274 0.016667
0.015252 0.015917
0.015215 0.019873
0.015207 0.021841
0.015198 0.017408
0.015192 0.015589
0.015188 0.016560
0.015133 0.016007
0.015076 0.016375
0.015066 0.018135
0.014988 0.019151
0.014965 0.016180
0.014951 0.018972
0.014916 0.015281
0.014869 0.015026
0.014861 0.025458
0.014853 0.019647
0.014851 0.018837
0.014815 0.016440
0.014807 0.018243
0.014784 0.017043
0.014781 0.016542
0.014767 0.014815
0.014734 0.015065
0.014702 0.024293
0.014664 0.018679
0.014627 0.017957
0.014594 0.019557
0.014591 0.014707
0.014571 0.028834
0.014556 0.016493
0.014512 0.021036
0.014507 0.017609
0.014459 0.015105
0.014452 0.028115
0.014434 0.015518
0.014386 0.014489
0.014346 0.019766
0.014331 0.017375
0.014328 0.015632
0.014295 0.015689
0.014284 0.015418
0.014238 0.017546
0.014229 0.016524
0.014225 0.014411
0.014209 0.024686
0.014188 0.021340
0.014164 0.017273
0.014139 0.014962
0.014119 0.014244
0.014108 0.015292
0.014049 0.016956
0.014044 0.014174
0.014037 0.014903
0.013999 0.015778
0.013936 0.015624
0.013905 0.014041
0.013869 0.020763
0.013808 0.015690
0.013769 0.015117
0.013763 0.014695
0.013712 0.013839
0.013709 0.014290
0.013695 0.017075
0.013617 0.013774
0.013552 0.014415
0.013536 0.021390
0.013518 0.016150
0.013493 0.014436
0.013444 0.013882
0.013418 0.014100
0.013388 0.016920
0.013382 0.014658
0.013305 0.024015
0.013281 0.014562
0.013251 0.014296
0.013222 0.013784
0.013221 0.016440
0.013220 0.013778
0.013209 0.013849
0.013172 0.014027
0.013168 0.013422
0.013137 0.016268
0.013126 0.018261
0.013111 0.018427
0.013076 0.015954
0.013070 0.017078
0.013027 0.017647
0.013010 0.019516
0.012992 0.015372
0.012972 0.014646
0.012945 0.015140
0.012941 0.015915
0.012925 0.014154
0.012922 0.017057
0.012911 0.021099
0.012872 0.018500
0.012855 0.013058
0.012815 0.017116
0.012800 0.013313
0.012797 0.018431
0.012780 0.014995
0.012753 0.012846
0.012691 0.014280
0.012665 0.020995
0.012655 0.013659
0.012650 0.018988
0.012645 0.015758
0.012615 0.016421
0.012607 0.013387
0.012563 0.014712
0.012556 0.014485
0.012552 0.018123
0.012542 0.014931
0.012523 0.012544
0.012493 0.014236
0.012450 0.013270
0.012387 0.012901
0.012386 0.013628
0.012382 0.018412
0.012380 0.023807
0.012371 0.013838
0.012368 0.014349
0.012303 0.013888
0.012276 0.015898
0.012271 0.015324
0.012262 0.013031
0.012254 0.012396
0.012249 0.015147
0.012243 0.015920
0.012238 0.014784
0.012236 0.019392
0.012211 0.012898
0.012203 0.013343
0.012195 0.017546
0.012190 0.013469
0.012189 0.018241
0.012164 0.016340
0.012154 0.014526
0.012115 0.013195
0.012103 0.020364
0.012100 0.018805
0.012100 0.014196
0.012062 0.014602
0.012057 0.016502
0.012053 0.018230
0.012007 0.013134
0.011993 0.012699
0.011988 0.013665
0.011968 0.013307
0.011887 0.012468
0.011875 0.014224
0.011870 0.011896
0.011856 0.012580
0.011833 0.017732
0.011832 0.013726
0.011791 0.017991
0.011771 0.014938
0.011759 0.013115
0.011758 0.012094
0.011752 0.013175
0.011736 0.018684
0.011712 0.017946
0.011696 0.020194
0.011636 0.012298
0.011608 0.011861
0.011596 0.014708
0.011563 0.015177
0.011544 0.013020
0.011511 0.011970
0.011487 0.021798
0.011440 0.017124
0.011424 0.016106
0.011388 0.015714
0.011374 0.013766
0.011366 0.012681
0.011344 0.019172
0.011330 0.014428
0.011328 0.013980
0.011327 0.012100
0.011322 0.013842
0.011319 0.013657
0.011291 0.012737
0.011281 0.014543
0.011271 0.016939
0.011263 0.017282
0.011263 0.012238
0.011261 0.020143
0.011227 0.011513
0.011221 0.011283
0.011210 0.015653
0.011208 0.011466
0.011196 0.011436
0.011195 0.012301
0.011187 0.011551
0.011185 0.012793
0.011174 0.015064
0.011156 0.011781
0.011153 0.013723
0.011144 0.013659
0.011116 0.011704
0.011109 0.013468
0.011100 0.014520
0.011097 0.011147
0.011093 0.013491
0.011078 0.011256
0.011074 0.015082
0.011071 0.012953
0.011069 0.011942
0.011067 0.012794
0.011054 0.012425
0.011045 0.011053
0.011044 0.014812
0.011032 0.011354
0.011030 0.011473
0.011021 0.016050
0.011011 0.011602
0.011007 0.012102
0.011006 0.012239
0.010983 0.012187
0.010982 0.019870
0.010967 0.016920
0.010966 0.023092
0.010956 0.018186
0.010955 0.011016
0.010950 0.012577
0.010946 0.014936
0.010936 0.013964
0.010893 0.013905
0.010880 0.012008
0.010853 0.011929
0.010851 0.015855
0.010841 0.011259
0.010817 0.012246
0.010794 0.014660
0.010793 0.013095
0.010786 0.011967
0.010780 0.015142
0.010771 0.011163
0.010755 0.013446
0.010754 0.010900
0.010706 0.011886
0.010689 0.011866
0.010669 0.012788
0.010619 0.011472
0.010617 0.010953
0.010607 0.014541
0.010606 0.014623
0.010573 0.011970
0.010572 0.013867
0.010571 0.013378
0.010566 0.011192
0.010541 0.011318
0.010526 0.010611
0.010520 0.012037
0.010511 0.017413
0.010470 0.012502
0.010469 0.014805
0.010410 0.019332
0.010386 0.010536
0.010382 0.016219
0.010372 0.010595
0.010356 0.011101
0.010327 0.010826
0.010326 0.011788
0.010305 0.016212
0.010297 0.012833
0.010291 0.010309
0.010279 0.011543
0.010267 0.014328
0.010232 0.014546
0.010209 0.010410
0.010194 0.014468
0.010179 0.015674
0.010164 0.011737
0.010162 0.010907
0.010162 0.010378
0.010155 0.015193
0.010135 0.013423
0.010135 0.016491
0.010114 0.011631
0.010085 0.010255
0.010079 0.012275
0.010075 0.013661
0.010058 0.010392
0.010040 0.018075
0.010024 0.012615
0.010014 0.014462
0.009987 0.010259
0.009986 0.011007
0.009978 0.010006
0.009974 0.012947
0.009964 0.014305
0.009962 0.013012
0.009945 0.011764
0.009938 0.010091
0.009930 0.010229
0.009909 0.014124
0.009904 0.011119
0.009903 0.010408
0.009890 0.016222
0.009872 0.012798
0.009853 0.010210
0.009850 0.014432
0.009841 0.010141
0.009837 0.010146
0.009836 0.010385
0.009835 0.011934
0.009833 0.010240
0.009832 0.009920
0.009831 0.010600
0.009827 0.009906
0.009820 0.011324
0.009819 0.021176
0.009813 0.015312
0.009793 0.012223
0.009785 0.010421
0.009785 0.011893
0.009765 0.010411
0.009752 0.010388
0.009740 0.013379
0.009720 0.009724
0.009715 0.010542
0.009704 0.009889
0.009692 0.010593
0.009677 0.009924
0.009653 0.012087
0.009633 0.010446
0.009626 0.009913
0.009624 0.012320
0.009616 0.011102
0.009611 0.017764
0.009609 0.020334
0.009599 0.009676
0.009595 0.011249
0.009581 0.013308
0.009568 0.010153
0.009565 0.010375
0.009553 0.009682
0.009543 0.009770
0.009505 0.009723
0.009502 0.015566
0.009485 0.019360
0.009478 0.010215
0.009469 0.015527
0.009466 0.010410
0.009451 0.011718
0.009446 0.010467
0.009445 0.010031
0.009443 0.010375
0.009416 0.010494
0.009402 0.010511
0.009393 0.009441
0.009390 0.009547
0.009388 0.011681
0.009383 0.014880
0.009371 0.013703
0.009366 0.009990
0.009354 0.009822
0.009342 0.009713
0.009320 0.011005
0.009320 0.010946
0.009308 0.009811
0.009306 0.014918
0.009299 0.010864
0.009291 0.013436
0.009291 0.009554
0.009287 0.010137
0.009275 0.009286
0.009271 0.010318
0.009263 0.009296
0.009260 0.010088
0.009234 0.010813
0.009228 0.013187
0.009198 0.012334
0.009193 0.010258
0.009181 0.012703
0.009160 0.011633
0.009155 0.018543
0.009146 0.009750
0.009144 0.009323
0.009141 0.013242
0.009108 0.009932
0.009094 0.013247
0.009091 0.009519
0.009089 0.009392
0.009089 0.009548
0.009080 0.013035
0.009066 0.010706
0.009061 0.009307
0.009047 0.009613
0.009047 0.011910
0.009047 0.010316
0.009046 0.009814
0.009028 0.010279
0.009028 0.013940
0.009021 0.009174
0.009018 0.012711
0.008985 0.011923
0.008983 0.010666
0.008981 0.009222
0.008970 0.010102
0.008970 0.016076
0.008949 0.010240
0.008949 0.018837
0.008925 0.011615
0.008924 0.009127
0.008920 0.011067
0.008915 0.015975
0.008914 0.012639
0.008886 0.010129
0.008880 0.012043
0.008878 0.009354
0.008872 0.012139
0.008859 0.012074
0.008853 0.010043
0.008844 0.011597
0.008841 0.013517
0.008840 0.009857
0.008838 0.011466
0.008837 0.015659
0.008834 0.010339
0.008829 0.010223
0.008819 0.016196
0.008816 0.010320
0.008813 0.009033
0.008812 0.012147
0.008806 0.012161
0.008802 0.015261
0.008797 0.009292
0.008797 0.010624
0.008785 0.009897
0.008781 0.011036
0.008776 0.013952
0.008770 0.008911
0.008748 0.011813
0.008738 0.012167
0.008735 0.009857
0.008727 0.012138
0.008715 0.009854
0.008687 0.009119
0.008680 0.013039
0.008658 0.014386
0.008658 0.009175
0.008637 0.008916
0.008632 0.017638
0.008630 0.010690
0.008620 0.010093
0.008594 0.009385
0.008567 0.009904
0.008558 0.012599
0.008554 0.009458
0.008553 0.010510
0.008542 0.009733
0.008534 0.010057
0.008525 0.008857
0.008520 0.012926
0.008513 0.010603
0.008511 0.013898
0.008500 0.009311
0.008494 0.009141
0.008493 0.010364
0.008477 0.011038
0.008472 0.010222
0.008453 0.011354
0.008445 0.009156
0.008441 0.010940
0.008428 0.016734
0.008422 0.012699
0.008419 0.009318
0.008409 0.010162
0.008405 0.009755
0.008391 0.015452
0.008390 0.013308
0.008380 0.011562
0.008373 0.013966
0.008370 0.012454
0.008369 0.009466
0.008367 0.008908
0.008358 0.010222
0.008355 0.010828
0.008350 0.009078
0.008342 0.008553
0.008328 0.008523
0.008323 0.011752
0.008308 0.008600
0.008307 0.008760
0.008307 0.014203
0.008296 0.012514
0.008295 0.012805
0.008279 0.009036
0.008278 0.009073
0.008273 0.008702
0.008273 0.011098
0.008272 0.010820
0.008261 0.009607
0.008257 0.010167
0.008252 0.010023
0.008252 0.008639
0.008240 0.008895
0.008233 0.010008
0.008232 0.008674
0.008230 0.009150
0.008222 0.009942
0.008207 0.012378
0.008190 0.008649
0.008175 0.010298
0.008174 0.010009
0.008169 0.008912
0.008154 0.008288
0.008147 0.009475
0.008139 0.008581
0.008136 0.011163
0.008129 0.008658
0.008117 0.009380
0.008093 0.008532
0.008085 0.008960
0.008085 0.010108
0.008078 0.008176
0.008076 0.009052
0.008072 0.010134
0.008058 0.008128
0.008055 0.012861
0.008051 0.010594
0.008044 0.008184
0.008044 0.008160
0.008038 0.009621
0.008035 0.012344
0.008022 0.008668
0.008006 0.008547
0.008005 0.010560
0.008002 0.014115
0.008001 0.008660
0.008000 0.009417
0.007993 0.012179
0.007977 0.009291
0.007970 0.013250
0.007961 0.008913
0.007955 0.011304
0.007937 0.008180
0.007937 0.010508
0.007936 0.009330
0.007930 0.008136
0.007924 0.009534
0.007922 0.008520
0.007914 0.009370
0.007912 0.008099
0.007911 0.012052
0.007910 0.009449
0.007903 0.008684
0.007892 0.008305
0.007884 0.010214
0.007871 0.008112
0.007866 0.008572
0.007858 0.010141
0.007857 0.009581
0.007855 0.008529
0.007854 0.008172
0.007844 0.009948
0.007842 0.016875
0.007837 0.017293
0.007836 0.010457
0.007836 0.009805
0.007831 0.009427
0.007819 0.009037
0.007815 0.009372
0.007814 0.009202
0.007809 0.008332
0.007807 0.014693
0.007800 0.009806
0.007797 0.008217
0.007797 0.008003
0.007796 0.007896
0.007794 0.009777
0.007789 0.009544
0.007786 0.009444
0.007784 0.010244
0.007778 0.008819
0.007765 0.008672
0.007758 0.008529
0.007743 0.010385
0.007729 0.008537
0.007729 0.010608
0.007728 0.008471
0.007724 0.009895
0.007715 0.013472
0.007714 0.008671
0.007707 0.009061
0.007703 0.008399
0.007698 0.008459
0.007695 0.008298
0.007683 0.007896
0.007671 0.008054
0.007670 0.011810
0.007669 0.008075
0.007663 0.008100
0.007660 0.012881
0.007654 0.010548
0.007651 0.008678
0.007649 0.008919
0.007641 0.013514
0.007641 0.008583
0.007628 0.009024
0.007625 0.008532
0.007622 0.008061
0.007611 0.007738
0.007608 0.009079
0.007601 0.010296
0.007599 0.008209
0.007598 0.011360
0.007595 0.007892
0.007594 0.008267
0.007588 0.008297
0.007588 0.007856
0.007586 0.009087
0.007582 0.010539
0.007576 0.012111
0.007575 0.008293
0.007569 0.007705
0.007564 0.010953
0.007563 0.007903
0.007558 0.009475
0.007555 0.008146
0.007536 0.011418
0.007532 0.013513
0.007532 0.010502
0.007531 0.007925
0.007529 0.007578
0.007528 0.009261
0.007524 0.010165
0.007519 0.010097
0.007517 0.007558
0.007515 0.010127
0.007498 0.010147
0.007495 0.008389
0.007490 0.009292
0.007490 0.010106
0.007482 0.010504
0.007473 0.012633
0.007468 0.008432
0.007467 0.007527
0.007465 0.011315
0.007465 0.007589
0.007457 0.007534
0.007455 0.009022
0.007455 0.008296
0.007451 0.008056
0.007448 0.007815
0.007445 0.010256
0.007437 0.013047
0.007435 0.008823
0.007433 0.011513
0.007432 0.009036
0.007426 0.010235
0.007421 0.008123
0.007417 0.008301
0.007414 0.009085
0.007414 0.007422
0.007413 0.008223
0.007413 0.008166
0.007406 0.007638
0.007403 0.008071
0.007400 0.009492
0.007398 0.010057
0.007393 0.008102
0.007391 0.008069
0.007389 0.009476
0.007388 0.007911
0.007385 0.010386
0.007383 0.008449
0.007382 0.013259
0.007378 0.007979
0.007376 0.007984
0.007370 0.008894
0.007363 0.008219
0.007361 0.009115
0.007356 0.012105
0.007353 0.008254
0.007346 0.008411
0.007345 0.007815
0.007343 0.008426
0.007337 0.008023
0.007335 0.007859
0.007334 0.012842
0.007327 0.011436
0.007323 0.009550
0.007318 0.009831
0.007317 0.009826
0.007316 0.012128
0.007309 0.007988
0.007308 0.010822
0.007305 0.007923
0.007304 0.012124
0.007301 0.008198
0.007300 0.007385
0.007294 0.008186
0.007290 0.010243
0.007285 0.009387
0.007285 0.010404
0.007279 0.009254
0.007276 0.007933
0.007275 0.009168
0.007274 0.008495
0.007270 0.008423
0.007261 0.008479
0.007255 0.009223
0.007247 0.008289
0.007237 0.008712
0.007234 0.010978
0.007232 0.009141
0.007229 0.010323
0.007227 0.007627
0.007227 0.009080
0.007222 0.008324
0.007216 0.007284
0.007209 0.015665
0.007208 0.008988
0.007194 0.007470
0.007193 0.007394
0.007190 0.007215
0.007188 0.007393
0.007187 0.008723
0.007180 0.007372
0.007175 0.008766
0.007164 0.007946
0.007163 0.010400
0.007158 0.008027
0.007153 0.010277
0.007153 0.009567
0.007148 0.007482
0.007144 0.008761
0.007137 0.007588
0.007132 0.012403
0.007128 0.007200
0.007128 0.009372
0.007112 0.007283
0.007108 0.009386
0.007101 0.007850
0.007100 0.009751
0.007097 0.008710
0.007096 0.010863
0.007094 0.012166
0.007088 0.007601
0.007087 0.012145
0.007067 0.008688
0.007065 0.007218
0.007060 0.007637
0.007052 0.009310
0.007050 0.008060
0.007049 0.007168
0.007040 0.010213
0.007027 0.007102
0.007023 0.007226
0.007023 0.008058
0.007021 0.009919
0.007017 0.007270
0.007016 0.010182
0.007014 0.007117
0.007009 0.010726
0.007005 0.008267
0.007003 0.007267
0.007001 0.008003
0.007001 0.007460
0.007000 0.013676
0.006999 0.007505
0.006994 0.009648
0.006990 0.010245
0.006989 0.007754
0.006975 0.007048
0.006967 0.007484
0.006964 0.007204
0.006961 0.007936
0.006955 0.008490
0.006951 0.008777
0.006948 0.007192
0.006946 0.007962
0.006946 0.008803
0.006944 0.007328
0.006941 0.007666
0.006938 0.007274
0.006938 0.007284
0.006938 0.007921
0.006937 0.007997
0.006932 0.007743
0.006928 0.012132
0.006928 0.007935
0.006928 0.007347
0.006927 0.007251
0.006920 0.006992
0.006918 0.008656
0.006912 0.008071
0.006905 0.013298
0.006899 0.007982
0.006899 0.010013
0.006889 0.007684
0.006878 0.008346
0.006877 0.008766
0.006876 0.008403
0.006875 0.008551
0.006872 0.007185
0.006864 0.008947
0.006861 0.007012
0.006856 0.006866
0.006847 0.009860
0.006834 0.009622
0.006832 0.007068
0.006830 0.006975
0.006829 0.006904
0.006824 0.006861
0.006823 0.008714
0.006813 0.006822
0.006811 0.007399
0.006807 0.009833
0.006806 0.006985
0.006805 0.008271
0.006804 0.012492
0.006802 0.007093
0.006799 0.012344
0.006797 0.010822
0.006795 0.007814
0.006786 0.006851
0.006784 0.007268
0.006780 0.010650
0.006779 0.007420
0.006777 0.007904
0.006769 0.007095
0.006768 0.008563
0.006767 0.007449
0.006765 0.011691
0.006759 0.011250
0.006758 0.006809
0.006755 0.010716
0.006751 0.009478
0.006748 0.009255
0.006746 0.007101
0.006740 0.007130
0.006739 0.007260
0.006735 0.008283
0.006724 0.008103
0.006723 0.007650
0.006713 0.007832
0.006712 0.008567
0.006712 0.008898
0.006704 0.008630
0.006704 0.009154
0.006702 0.006775
0.006694 0.006961
0.006689 0.008466
0.006686 0.013692
0.006683 0.010545
0.006680 0.006719
0.006679 0.007044
0.006670 0.009719
0.006669 0.006862
0.006666 0.008249
0.006666 0.008359
0.006662 0.007934
0.006657 0.008694
0.006654 0.008511
0.006649 0.008629
0.006646 0.007715
0.006643 0.007450
0.006638 0.010767
0.006638 0.008393
0.006637 0.007081
0.006635 0.007025
0.006634 0.007298
0.006620 0.010786
0.006619 0.009347
0.006616 0.008937
0.006610 0.008672
0.006609 0.007117
0.006603 0.007833
0.006601 0.006762
0.006598 0.011315
0.006593 0.009349
0.006589 0.012673
0.006589 0.008836
0.006585 0.007796
0.006582 0.006680
0.006582 0.006889
0.006580 0.007317
0.006580 0.007127
0.006570 0.006865
0.006570 0.007461
0.006565 0.006585
0.006564 0.011249
0.006562 0.007965
0.006560 0.007620
0.006552 0.008286
0.006549 0.007039
0.006548 0.006871
0.006546 0.006845
0.006545 0.008167
0.006536 0.007973
0.006536 0.007207
0.006533 0.007367
0.006525 0.006688
0.006525 0.008564
0.006523 0.006690
0.006520 0.009119
0.006517 0.008796
0.006516 0.006714
0.006506 0.014425
0.006490 0.006678
0.006488 0.006698
0.006485 0.007341
0.006484 0.007510
0.006483 0.006922
0.006482 0.011963
0.006482 0.008718
0.006476 0.006613
0.006472 0.008113
0.006472 0.006810
0.006467 0.007860
0.006464 0.010319
0.006459 0.008423
0.006451 0.008153
0.006440 0.008518
0.006438 0.009726
0.006437 0.007237
0.006436 0.012953
0.006435 0.006493
0.006434 0.007095
0.006433 0.008111
0.006430 0.008326
0.006428 0.008968
0.006426 0.006763
0.006425 0.006592
0.006424 0.006574
0.006423 0.010995
0.006417 0.007633
0.006412 0.006592
0.006407 0.007002
0.006403 0.009111
0.006397 0.006425
0.006397 0.006720
0.006396 0.006713
0.006396 0.007276
0.006391 0.007137
0.006385 0.007581
0.006381 0.011117
0.006380 0.007092
0.006374 0.007426
0.006371 0.009034
0.006368 0.009512
0.006366 0.006472
0.006354 0.006689
0.006349 0.006423
0.006349 0.007819
0.006344 0.007000
0.006343 0.007819
0.006341 0.007061
0.006337 0.006572
0.006337 0.012488
0.006329 0.007042
0.006326 0.007149
0.006320 0.006897
0.006315 0.008053
0.006312 0.006373
0.006312 0.009971
0.006311 0.007556
0.006306 0.008141
0.006301 0.006776
0.006301 0.007891
0.006297 0.007032
0.006295 0.007245
0.006292 0.006960
0.006287 0.007865
0.006287 0.007128
0.006285 0.006299
0.006268 0.007164
0.006267 0.006937
0.006262 0.011586
0.006258 0.012618
0.006256 0.008677
0.006249 0.006811
0.006247 0.007579
0.006245 0.009518
0.006244 0.006575
0.006244 0.006589
0.006244 0.007753
0.006240 0.007105
0.006237 0.007009
0.006235 0.011843
0.006233 0.006546
0.006233 0.008738
0.006226 0.010510
0.006225 0.006541
0.006214 0.010387
0.006213 0.007106
0.006213 0.007987
0.006212 0.006968
0.006203 0.006235
0.006200 0.006669
0.006199 0.008286
0.006198 0.007434
0.006178 0.006484
0.006171 0.011398
0.006165 0.006404
0.006163 0.009818
0.006163 0.010624
0.006154 0.010777
0.006153 0.006630
0.006153 0.007441
0.006152 0.006676
0.006151 0.007542
0.006146 0.006208
0.006142 0.006479
0.006139 0.007913
0.006128 0.007814
0.006126 0.006591
0.006125 0.010313
0.006121 0.008601
0.006120 0.011727
0.006116 0.006862
0.006111 0.007656
0.006111 0.011894
0.006101 0.006536
0.006081 0.011627
0.006079 0.008539
0.006077 0.007275
0.006074 0.013198
0.006071 0.006743
0.006070 0.006189
0.006068 0.007844
0.006067 0.006547
0.006062 0.010641
0.006061 0.007105
0.006054 0.006602
0.006044 0.009162
0.006041 0.015000
0.006034 0.007937
0.006032 0.006773
0.006030 0.007783
0.006027 0.010129
0.006022 0.008058
0.006021 0.006937
0.006016 0.007290
0.006009 0.006591
0.006008 0.013859
0.006005 0.006304
0.006005 0.010896
0.005997 0.006675
0.005991 0.006337
0.005991 0.006254
0.005990 0.007549
0.005982 0.006675
0.005982 0.006376
0.005978 0.006535
0.005974 0.006543
0.005971 0.008885
0.005970 0.008446
0.005968 0.007076
0.005966 0.009576
0.005965 0.006754
0.005956 0.007343
0.005954 0.008341
0.005946 0.005964
0.005946 0.008839
0.005944 0.009159
0.005941 0.006794
0.005940 0.014083
0.005927 0.008701
0.005920 0.009973
0.005916 0.007264
0.005914 0.007836
0.005913 0.006284
0.005913 0.010046
0.005911 0.006002
0.005905 0.007890
0.005901 0.008207
0.005900 0.007089
0.005892 0.009003
0.005890 0.006965
0.005888 0.005964
0.005888 0.006241
0.005887 0.007260
0.005876 0.006311
0.005876 0.006884
0.005874 0.006136
0.005865 0.006707
0.005864 0.006169
0.005861 0.005953
0.005861 0.006419
0.005856 0.006834
0.005856 0.006216
0.005853 0.006038
0.005848 0.010199
0.005846 0.005904
0.005839 0.008771
0.005837 0.009552
0.005832 0.005976
0.005829 0.007382
0.005827 0.009509
0.005827 0.006120
0.005823 0.006644
0.005815 0.008493
0.005811 0.006222
0.005808 0.007805
0.005803 0.007789
0.005801 0.007716
0.005797 0.009764
0.005796 0.005838
0.005794 0.006249
0.005794 0.005991
0.005793 0.006087
0.005793 0.006100
0.005791 0.005917
0.005786 0.006155
0.005783 0.005796
0.005782 0.008182
0.005771 0.007953
0.005770 0.007761
0.005768 0.007148
0.005765 0.006832
0.005761 0.009592
0.005760 0.005958
0.005759 0.006132
0.005759 0.005861
0.005758 0.008699
0.005758 0.007674
0.005753 0.005949
0.005753 0.007527
0.005752 0.007051
0.005750 0.008635
0.005749 0.005815
0.005740 0.006104
0.005738 0.007917
0.005736 0.007729
0.005733 0.005928
0.005732 0.006407
0.005725 0.011275
0.005724 0.007001
0.005724 0.011558
0.005722 0.012525
0.005721 0.006741
0.005721 0.006293
0.005717 0.006316
0.005717 0.006157
0.005716 0.008017
0.005713 0.005860
0.005713 0.006170
0.005703 0.007015
0.005699 0.006198
0.005698 0.005939
0.005694 0.008824
0.005684 0.006509
0.005681 0.007949
0.005680 0.010964
0.005680 0.009207
0.005679 0.008077
0.005677 0.006886
0.005675 0.009307
0.005675 0.009067
0.005674 0.008104
0.005673 0.006779
0.005669 0.006011
0.005662 0.008986
0.005655 0.007466
0.005654 0.008046
0.005652 0.005763
0.005650 0.006639
0.005647 0.009818
0.005644 0.006147
0.005643 0.005839
0.005639 0.014325
0.005635 0.005659
0.005623 0.012972
0.005621 0.006685
0.005620 0.007059
0.005618 0.006773
0.005616 0.011336
0.005610 0.005824
0.005608 0.006685
0.005601 0.006911
0.005599 0.005806
0.005579 0.006905
0.005578 0.006606
0.005573 0.006281
0.005570 0.009995
0.005565 0.006691
0.005564 0.007813
0.005562 0.005952
0.005560 0.007329
0.005558 0.008357
0.005558 0.007199
0.005553 0.005739
0.005550 0.010163
0.005547 0.009729
0.005543 0.006182
0.005538 0.009469
0.005534 0.005593
0.005534 0.005660
0.005532 0.006322
0.005531 0.006284
0.005529 0.005762
0.005526 0.006383
0.005524 0.009054
0.005521 0.009343
0.005521 0.005560
0.005518 0.006370
0.005516 0.006264
0.005515 0.008068
0.005514 0.008185
0.005513 0.005658
0.005513 0.007053
0.005511 0.005737
0.005511 0.005627
0.005506 0.005992
0.005505 0.006368
0.005501 0.009207
0.005501 0.005669
0.005497 0.006157
0.005497 0.007729
0.005495 0.011193
0.005494 0.007508
0.005494 0.006285
0.005490 0.010494
0.005488 0.006792
0.005486 0.010083
0.005486 0.005523
0.005484 0.005808
0.005482 0.009043
0.005475 0.006097
0.005473 0.006308
0.005472 0.006677
0.005468 0.005611
0.005466 0.009700
0.005465 0.010511
0.005461 0.006385
0.005458 0.006114
0.005455 0.005506
0.005452 0.005502
0.005449 0.008304
0.005447 0.008794
0.005446 0.006387
0.005441 0.008542
0.005439 0.006370
0.005437 0.005609
0.005436 0.010084
0.005431 0.006052
0.005429 0.005678
0.005429 0.005792
0.005428 0.006455
0.005427 0.007179
0.005425 0.005704
0.005423 0.006216
0.005422 0.007638
0.005421 0.005566
0.005419 0.006809
0.005413 0.006225
0.005409 0.009725
0.005408 0.006604
0.005406 0.005592
0.005405 0.005983
0.005404 0.005530
0.005396 0.005692
0.005395 0.006243
0.005391 0.005404
0.005387 0.006129
0.005386 0.006491
0.005385 0.009148
0.005378 0.008304
0.005377 0.009057
0.005372 0.007220
0.005372 0.006514
0.005371 0.006313
0.005371 0.005963
0.005358 0.006039
0.005355 0.006576
0.005353 0.006060
0.005352 0.005361
0.005350 0.007471
0.005349 0.008277
0.005346 0.005423
0.005342 0.006529
0.005330 0.006465
0.005329 0.005718
0.005324 0.005796
0.005322 0.006899
0.005310 0.005518
0.005305 0.005791
0.005304 0.005510
0.005299 0.006639
0.005298 0.007592
0.005289 0.005683
0.005288 0.009610
0.005287 0.007313
0.005276 0.007801
0.005272 0.006260
0.005272 0.005384
0.005270 0.006297
0.005270 0.008446
0.005270 0.005351
0.005268 0.005279
0.005265 0.006434
0.005256 0.007116
0.005249 0.005774
0.005247 0.010669
0.005246 0.007735
0.005245 0.006857
0.005243 0.006483
0.005241 0.010147
0.005234 0.007187
0.005234 0.005950
0.005234 0.006275
0.005227 0.008436
0.005224 0.008467
0.005224 0.008182
0.005221 0.005401
0.005220 0.005259
0.005220 0.007219
0.005218 0.006491
0.005215 0.005350
0.005213 0.006334
0.005211 0.005347
0.005210 0.005478
0.005209 0.006564
0.005208 0.006423
0.005208 0.008063
0.005206 0.009557
0.005203 0.006409
0.005200 0.006457
0.005197 0.005752
0.005190 0.007104
0.005185 0.008365
0.005183 0.005533
0.005182 0.012227
0.005181 0.005292
0.005175 0.008279
0.005175 0.006319
0.005166 0.006014
0.005165 0.005508
0.005164 0.006229
0.005162 0.005529
0.005161 0.005658
0.005158 0.005347
0.005153 0.006360
0.005150 0.006896
0.005138 0.006150
0.005137 0.006933
0.005134 0.009186
0.005130 0.005429
0.005130 0.009694
0.005130 0.008188
0.005126 0.012528
0.005110 0.005583
0.005109 0.005201
0.005107 0.010401
0.005103 0.005956
0.005102 0.010815
0.005096 0.006673
0.005094 0.006112
0.005092 0.007114
0.005090 0.007302
0.005090 0.005880
0.005082 0.006300
0.005082 0.005887
0.005078 0.007182
0.005076 0.005220
0.005069 0.007460
0.005068 0.007791
0.005063 0.005403
0.005060 0.005498
0.005056 0.005477
0.005055 0.006976
0.005055 0.005104
0.005054 0.005138
0.005053 0.005269
0.005052 0.006769
0.005051 0.005052
0.005051 0.005355
0.005050 0.005698
0.005050 0.005828
0.005049 0.010639
0.005049 0.005058
0.005047 0.005445
0.005041 0.005674
0.005035 0.005411
0.005034 0.005746
0.005033 0.005981
0.005033 0.005182
0.005027 0.006550
0.005024 0.008589
0.005022 0.005772
0.005022 0.005022
0.005020 0.007830
0.005020 0.006101
0.005018 0.005665
0.005008 0.005950
0.005005 0.010847
0.005003 0.005887
0.004999 0.005096
0.004994 0.006468
0.004992 0.005082
0.004989 0.005912
0.004988 0.007037
0.004984 0.006220
0.004976 0.007557
0.004976 0.005688
0.004975 0.007307
0.004972 0.008913
0.004970 0.008092
0.004966 0.005361
0.004965 0.005220
0.004963 0.009409
0.004957 0.006316
0.004956 0.005243
0.004956 0.006959
0.004955 0.006039
0.004954 0.005810
0.004953 0.007251
0.004952 0.005520
0.004950 0.005523
0.004950 0.005223
0.004942 0.008046
0.004939 0.005775
0.004936 0.005015
0.004935 0.009428
0.004927 0.009326
0.004926 0.006048
0.004925 0.009416
0.004922 0.005417
0.004922 0.005097
0.004922 0.007959
0.004921 0.005077
0.004920 0.006875
0.004916 0.005214
0.004916 0.005844
0.004912 0.006156
0.004904 0.009182
0.004901 0.010327
0.004892 0.005262
0.004892 0.005181
0.004885 0.006480
0.004879 0.006338
0.004876 0.005530
0.004870 0.005045
0.004865 0.005176
0.004865 0.005349
0.004862 0.005728
0.004861 0.004866
0.004861 0.006056
0.004858 0.006223
0.004858 0.008711
0.004857 0.005409
0.004851 0.005674
0.004849 0.010757
0.004848 0.010390
0.004846 0.007497
0.004840 0.005556
0.004838 0.006514
0.004836 0.005895
0.004835 0.006609
0.004833 0.005017
0.004832 0.006830
0.004830 0.009154
0.004829 0.006214
0.004823 0.005281
0.004820 0.007455
0.004820 0.005087
0.004820 0.004872
0.004819 0.005607
0.004811 0.006264
0.004810 0.005377
0.004809 0.007387
0.004808 0.005242
0.004800 0.004934
0.004798 0.007187
0.004796 0.007001
0.004794 0.005795
0.004792 0.005449
0.004789 0.005704
0.004788 0.009925
0.004784 0.005233
0.004768 0.004793
0.004763 0.005140
0.004759 0.006074
0.004758 0.006992
0.004752 0.006380
0.004750 0.007950
0.004749 0.004785
0.004749 0.004765
0.004747 0.005280
0.004745 0.006364
0.004739 0.009012
0.004736 0.005212
0.004734 0.007444
0.004732 0.006351
0.004730 0.005044
0.004729 0.005830
0.004723 0.005481
0.004713 0.005117
0.004711 0.006342
0.004705 0.005098
0.004693 0.005400
0.004693 0.011978
0.004691 0.005162
0.004687 0.004858
0.004686 0.004992
0.004669 0.005138
0.004668 0.005370
0.004666 0.006827
0.004662 0.006784
0.004655 0.005140
0.004654 0.005925
0.004652 0.007705
0.004652 0.005036
0.004651 0.007402
0.004646 0.004824
0.004645 0.004910
0.004642 0.004899
0.004638 0.006730
0.004634 0.004765
0.004634 0.004676
0.004632 0.006376
0.004631 0.004745
0.004629 0.006713
0.004627 0.004736
0.004626 0.007597
0.004622 0.006404
0.004621 0.005768
0.004610 0.008268
0.004609 0.005571
0.004607 0.005197
0.004605 0.006754
0.004605 0.006620
0.004598 0.004609
0.004597 0.005554
0.004596 0.005630
0.004596 0.004871
0.004592 0.004919
0.004590 0.007534
0.004588 0.004980
0.004587 0.005000
0.004587 0.005594
0.004586 0.005808
0.004580 0.005898
0.004580 0.006233
0.004579 0.004909
0.004577 0.006125
0.004570 0.004959
0.004568 0.005454
0.004568 0.005041
0.004564 0.005260
0.004561 0.005049
0.004560 0.008851
0.004559 0.005731
0.004556 0.004962
0.004553 0.004624
0.004547 0.005355
0.004542 0.005015
0.004540 0.005440
0.004540 0.004623
0.004539 0.005099
0.004539 0.008315
0.004524 0.005607
0.004524 0.009945
0.004524 0.004743
0.004522 0.005795
0.004519 0.005108
0.004517 0.005094
0.004512 0.005531
0.004511 0.005238
0.004511 0.004603
0.004507 0.006063
0.004502 0.004786
0.004502 0.005028
0.004499 0.007892
0.004498 0.005473
0.004498 0.007965
0.004498 0.005842
0.004496 0.006163
0.004493 0.005687
0.004488 0.007810
0.004486 0.004962
0.004485 0.004521
0.004480 0.006181
0.004480 0.006249
0.004479 0.004951
0.004478 0.004529
0.004476 0.004622
0.004476 0.005431
0.004475 0.005461
0.004475 0.004617
0.004473 0.004574
0.004473 0.004553
0.004470 0.004622
0.004469 0.006332
0.004469 0.005253
0.004467 0.005804
0.004460 0.004703
0.004456 0.008038
0.004455 0.004803
0.004454 0.004824
0.004453 0.007655
0.004451 0.006020
0.004451 0.004598
0.004450 0.007049
0.004448 0.005391
0.004442 0.004547
0.004439 0.006252
0.004433 0.004589
0.004429 0.004674
0.004422 0.004618
0.004418 0.006779
0.004414 0.004679
0.004412 0.005317
0.004409 0.005318
0.004408 0.005035
0.004407 0.007119
0.004407 0.005858
0.004405 0.005481
0.004401 0.004763
0.004391 0.005804
0.004390 0.007112
0.004390 0.004429
0.004388 0.006213
0.004386 0.009556
0.004382 0.005706
0.004381 0.004442
0.004380 0.004800
0.004376 0.007420
0.004367 0.005255
0.004366 0.006611
0.004366 0.004415
0.004363 0.005615
0.004360 0.005343
0.004360 0.006392
0.004358 0.007061
0.004356 0.004942
0.004354 0.005282
0.004352 0.005391
0.004350 0.004726
0.004349 0.005359
0.004348 0.004443
0.004345 0.004880
0.004344 0.005511
0.004342 0.004603
0.004341 0.004408
0.004327 0.005797
0.004327 0.004421
0.004323 0.004323
0.004323 0.006393
0.004322 0.006110
0.004320 0.007619
0.004315 0.004712
0.004315 0.004543
0.004312 0.005306
0.004310 0.005873
0.004302 0.006465
0.004297 0.006258
0.004290 0.005221
0.004288 0.006313
0.004287 0.006670
0.004287 0.008134
0.004287 0.006604
0.004286 0.006404
0.004284 0.004503
0.004280 0.004637
0.004279 0.004407
0.004273 0.007025
0.004273 0.004445
0.004272 0.006034
0.004271 0.004675
0.004269 0.005272
0.004261 0.004338
0.004258 0.008040
0.004256 0.004470
0.004253 0.004440
0.004252 0.004519
0.004251 0.004532
0.004249 0.004709
0.004247 0.005756
0.004247 0.004571
0.004243 0.004916
0.004236 0.005777
0.004236 0.007255
0.004230 0.006965
0.004227 0.006123
0.004226 0.004394
0.004224 0.004394
0.004219 0.004730
0.004219 0.004316
0.004208 0.008972
0.004207 0.004523
0.004206 0.004291
0.004205 0.004543
0.004204 0.004269
0.004201 0.005946
0.004194 0.004200
0.004190 0.004224
0.004189 0.008952
0.004189 0.004794
0.004186 0.005497
0.004183 0.004300
0.004180 0.004986
0.004179 0.006263
0.004179 0.004454
0.004176 0.006707
0.004168 0.006372
0.004168 0.004561
0.004166 0.004298
0.004164 0.004250
0.004163 0.004917
0.004163 0.004987
0.004162 0.004397
0.004161 0.004248
0.004160 0.004276
0.004156 0.004195
0.004154 0.008521
0.004152 0.005178
0.004150 0.004609
0.004150 0.006988
0.004147 0.005427
0.004144 0.004926
0.004143 0.004648
0.004142 0.008622
0.004141 0.004341
0.004141 0.004197
0.004140 0.004442
0.004137 0.004691
0.004135 0.004343
0.004134 0.004470
0.004131 0.004946
0.004129 0.005967
0.004127 0.004305
0.004123 0.007062
0.004121 0.004240
0.004119 0.004194
0.004113 0.004159
0.004112 0.009653
0.004098 0.004250
0.004097 0.004800
0.004096 0.005030
0.004095 0.004322
0.004091 0.004605
0.004086 0.004278
0.004085 0.004497
0.004084 0.004145
0.004082 0.007206
0.004079 0.006488
0.004075 0.005239
0.004071 0.005930
0.004062 0.004281
0.004061 0.004361
0.004059 0.005047
0.004058 0.004326
0.004058 0.005087
0.004051 0.007422
0.004042 0.006299
0.004041 0.004746
0.004038 0.004256
0.004037 0.005738
0.004036 0.004569
0.004036 0.004262
0.004036 0.004271
0.004033 0.004921
0.004033 0.004679
0.004032 0.004135
0.004032 0.004214
0.004029 0.006202
0.004026 0.004055
0.004022 0.004896
0.004021 0.004909
0.004019 0.004504
0.004018 0.004298
0.004015 0.006522
0.004015 0.004928
0.004010 0.004051
0.004010 0.005196
0.004009 0.005859
0.004008 0.004415
0.004006 0.004382
0.004006 0.005434
0.004005 0.007200
0.004000 0.005455
0.003999 0.004296
0.003998 0.005103
0.003995 0.004081
0.003994 0.005495
0.003991 0.004481
0.003983 0.007013
0.003982 0.006342
0.003980 0.009337
0.003976 0.005929
0.003973 0.006824
0.003969 0.006138
0.003966 0.004716
0.003965 0.008487
0.003960 0.004240
0.003958 0.004061
0.003953 0.004492
0.003951 0.004772
0.003939 0.004102
0.003934 0.004514
0.003933 0.004453
0.003932 0.006179
0.003926 0.004041
0.003919 0.004384
0.003902 0.004131
0.003901 0.004623
0.003900 0.006164
0.003900 0.005226
0.003899 0.005839
0.003897 0.004432
0.003893 0.004025
0.003890 0.004606
0.003882 0.004480
0.003880 0.004339
0.003878 0.005775
0.003878 0.004250
0.003876 0.004210
0.003872 0.004423
0.003872 0.004960
0.003867 0.004381
0.003865 0.004027
0.003864 0.006209
0.003863 0.004811
0.003862 0.005130
0.003859 0.007522
0.003859 0.004000
0.003859 0.005008
0.003858 0.004574
0.003857 0.004667
0.003854 0.004853
0.003850 0.004819
0.003850 0.004261
0.003848 0.004902
0.003847 0.005363
0.003838 0.005038
0.003828 0.004182
0.003827 0.004721
0.003824 0.004971
0.003820 0.004975
0.003819 0.003948
0.003812 0.004655
0.003808 0.004742
0.003807 0.003862
0.003806 0.004554
0.003802 0.003824
0.003801 0.003851
0.003799 0.004133
0.003799 0.004722
0.003797 0.003914
0.003797 0.005226
0.003796 0.004482
0.003796 0.004594
0.003795 0.004439
0.003788 0.006402
0.003786 0.005609
0.003781 0.004172
0.003776 0.003785
0.003771 0.004083
0.003768 0.005502
0.003765 0.004668
0.003765 0.004401
0.003762 0.004309
0.003758 0.008441
0.003751 0.003913
0.003745 0.005216
0.003743 0.009065
0.003743 0.007627
0.003736 0.003749
0.003734 0.004633
0.003731 0.004240
0.003729 0.003947
0.003726 0.004403
0.003720 0.003863
0.003720 0.004432
0.003719 0.003876
0.003715 0.004702
0.003699 0.004178
0.003696 0.003927
0.003687 0.004294
0.003686 0.005994
0.003686 0.003866
0.003685 0.003857
0.003678 0.006588
0.003675 0.003972
0.003674 0.005723
0.003669 0.004737
0.003668 0.003826
0.003668 0.006119
0.003666 0.005336
0.003665 0.005535
0.003664 0.004255
0.003657 0.003901
0.003648 0.004060
0.003643 0.004140
0.003643 0.005397
0.003641 0.003758
0.003639 0.005444
0.003638 0.003920
0.003637 0.003690
0.003630 0.005309
0.003629 0.006563
0.003628 0.005810
0.003628 0.004804
0.003628 0.005242
0.003624 0.003713
0.003622 0.003678
0.003621 0.003910
0.003620 0.003665
0.003615 0.004690
0.003613 0.005146
0.003611 0.003814
0.003608 0.006024
0.003607 0.004298
0.003601 0.004870
0.003600 0.004034
0.003591 0.003820
0.003590 0.003908
0.003586 0.003818
0.003577 0.004238
0.003577 0.004772
0.003576 0.003981
0.003574 0.003588
0.003571 0.004071
0.003571 0.005968
0.003566 0.003921
0.003565 0.004141
0.003564 0.004368
0.003562 0.006545
0.003562 0.008188
0.003559 0.004088
0.003559 0.004882
0.003557 0.003566
0.003554 0.003961
0.003549 0.004288
0.003548 0.004667
0.003543 0.004619
0.003543 0.005254
0.003543 0.005249
0.003542 0.003881
0.003540 0.003920
0.003537 0.003719
0.003537 0.006954
0.003536 0.008147
0.003536 0.005109
0.003531 0.005543
0.003527 0.006129
0.003526 0.003688
0.003522 0.005240
0.003519 0.003652
0.003519 0.004296
0.003517 0.004218
0.003509 0.003548
0.003508 0.004599
0.003507 0.003669
0.003503 0.004828
0.003498 0.003503
0.003497 0.003661
0.003495 0.004869
0.003493 0.007336
0.003492 0.004467
0.003491 0.004074
0.003481 0.004115
0.003474 0.005472
0.003472 0.004693
0.003468 0.003684
0.003466 0.004438
0.003466 0.004923
0.003464 0.003706
0.003464 0.003689
0.003455 0.003898
0.003453 0.003463
0.003445 0.003682
0.003445 0.004403
0.003439 0.003893
0.003438 0.003556
0.003432 0.005093
0.003431 0.004934
0.003430 0.003812
0.003428 0.003842
0.003427 0.005712
0.003423 0.003476
0.003421 0.004335
0.003421 0.004246
0.003415 0.003556
0.003410 0.003891
0.003409 0.003440
0.003408 0.003759
0.003406 0.004804
0.003403 0.004091
0.003401 0.004277
0.003399 0.003476
0.003399 0.003966
0.003395 0.004403
0.003388 0.006269
0.003384 0.003437
0.003379 0.005203
0.003373 0.003587
0.003371 0.003633
0.003368 0.003560
0.003364 0.003999
0.003360 0.004255
0.003355 0.003510
0.003353 0.004752
0.003351 0.004013
0.003349 0.004658
0.003348 0.003831
0.003346 0.003346
0.003345 0.003770
0.003341 0.004811
0.003338 0.004168
0.003336 0.003700
0.003327 0.003459
0.003322 0.004144
0.003321 0.004364
0.003315 0.003740
0.003310 0.003649
0.003305 0.004657
0.003302 0.004287
0.003302 0.003690
0.003301 0.003800
0.003299 0.005598
0.003293 0.003592
0.003287 0.003696
0.003286 0.003708
0.003286 0.004836
0.003284 0.005357
0.003277 0.004020
0.003257 0.004179
0.003252 0.003415
0.003245 0.003504
0.003234 0.003370
0.003232 0.004102
0.003228 0.003343
0.003224 0.004486
0.003216 0.004238
0.003214 0.003240
0.003206 0.003606
0.003206 0.003212
0.003204 0.003525
0.003204 0.005290
0.003203 0.003271
0.003203 0.003634
0.003200 0.004766
0.003199 0.005944
0.003198 0.003407
0.003195 0.003435
0.003187 0.004228
0.003186 0.004433
0.003185 0.003437
0.003185 0.004027
0.003184 0.004336
0.003182 0.003273
0.003181 0.005892
0.003181 0.003286
0.003180 0.003329
0.003180 0.003391
0.003177 0.003660
0.003174 0.004392
0.003169 0.005125
0.003164 0.004174
0.003160 0.003360
0.003152 0.003313
0.003150 0.003344
0.003148 0.006027
0.003143 0.003159
0.003141 0.003334
0.003141 0.006640
0.003141 0.004018
0.003140 0.003310
0.003132 0.004037
0.003131 0.003598
0.003130 0.004205
0.003128 0.003468
0.003127 0.003263
0.003125 0.006098
0.003125 0.004333
0.003119 0.003734
0.003118 0.003722
0.003116 0.003277
0.003114 0.003298
0.003107 0.003233
0.003105 0.003732
0.003103 0.006605
0.003103 0.004328
0.003097 0.003576
0.003096 0.003867
0.003094 0.003287
0.003093 0.004553
0.003092 0.005145
0.003090 0.003514
0.003089 0.003453
0.003085 0.003592
0.003084 0.003763
0.003077 0.004416
0.003077 0.004443
0.003076 0.003714
0.003076 0.004121
0.003073 0.004856
0.003066 0.004689
0.003059 0.003809
0.003058 0.003407
0.003057 0.004235
0.003053 0.005079
0.003051 0.003466
0.003048 0.005518
0.003047 0.003730
0.003047 0.004937
0.003046 0.003325
0.003039 0.003116
0.003036 0.003168
0.003034 0.003767
0.003031 0.003033
0.003025 0.004001
0.003020 0.007593
0.003017 0.006966
0.003016 0.006157
0.003014 0.003127
0.003012 0.003593
0.003008 0.005289
0.003005 0.003318
0.003001 0.006888
0.002999 0.003826
0.002996 0.004571
0.002996 0.003270
0.002995 0.004459
0.002995 0.003118
0.002987 0.003799
0.002985 0.004697
0.002984 0.003894
0.002983 0.002992
0.002982 0.003136
0.002981 0.003962
0.002980 0.004048
0.002978 0.003421
0.002976 0.003346
0.002976 0.003174
0.002962 0.003469
0.002956 0.003377
0.002954 0.003382
0.002946 0.002988
0.002932 0.003206
0.002932 0.004336
0.002930 0.003125
0.002923 0.004017
0.002923 0.003106
0.002921 0.003498
0.002910 0.004553
0.002910 0.004483
0.002908 0.003961
0.002906 0.002967
0.002901 0.003759
0.002893 0.004555
0.002893 0.004936
0.002888 0.003258
0.002880 0.003054
0.002879 0.003395
0.002878 0.003535
0.002873 0.003234
0.002868 0.003163
0.002862 0.003745
0.002853 0.003459
0.002850 0.002856
0.002849 0.005244
0.002848 0.003752
0.002848 0.004061
0.002846 0.002919
0.002833 0.003117
0.002830 0.003176
0.002822 0.002845
0.002822 0.005645
0.002819 0.003233
0.002814 0.003347
0.002811 0.003459
0.002802 0.002864
0.002792 0.004767
0.002791 0.003192
0.002790 0.003071
0.002788 0.002950
0.002787 0.002978
0.002784 0.003068
0.002780 0.005312
0.002761 0.003055
0.002753 0.002799
0.002752 0.004635
0.002742 0.003282
0.002742 0.004015
0.002740 0.002840
0.002739 0.002919
0.002737 0.003826
0.002729 0.003420
0.002725 0.003255
0.002724 0.004514
0.002723 0.006059
0.002723 0.002812
0.002722 0.003018
0.002721 0.003314
0.002719 0.005031
0.002718 0.002743
0.002715 0.003143
0.002712 0.002955
0.002710 0.002854
0.002704 0.003434
0.002703 0.002856
0.002686 0.002993
0.002686 0.004967
0.002677 0.003002
0.002671 0.003384
0.002671 0.002853
0.002670 0.003501
0.002668 0.003540
0.002667 0.002755
0.002666 0.003552
0.002665 0.002914
0.002652 0.005206
0.002647 0.002789
0.002642 0.003295
0.002637 0.002761
0.002635 0.003181
0.002632 0.002848
0.002620 0.003004
0.002612 0.003144
0.002610 0.002750
0.002610 0.004142
0.002580 0.003454
0.002566 0.002631
0.002565 0.003431
0.002555 0.003409
0.002553 0.002869
0.002547 0.002628
0.002542 0.002681
0.002535 0.002684
0.002535 0.004629
0.002529 0.002994
0.002529 0.003044
0.002525 0.003261
0.002524 0.002531
0.002506 0.002523
0.002501 0.002613
0.002498 0.002554
0.002495 0.003293
0.002490 0.002550
0.002487 0.002821
0.002478 0.002688
0.002475 0.003217
0.002475 0.002792
0.002473 0.003777
0.002472 0.003055
0.002470 0.003040
0.002466 0.003318
0.002463 0.002773
0.002462 0.002943
0.002457 0.003527
0.002452 0.003096
0.002438 0.002457
0.002436 0.002464
0.002431 0.003740
0.002429 0.002676
0.002428 0.003353
0.002427 0.003257
0.002426 0.002565
0.002426 0.002722
0.002421 0.003213
0.002417 0.002760
0.002408 0.002457
0.002404 0.003388
0.002403 0.002417
0.002397 0.002421
0.002394 0.002420
0.002383 0.002748
0.002383 0.002788
0.002372 0.002427
0.002371 0.002436
0.002359 0.002878
0.002355 0.003015
0.002349 0.003709
0.002345 0.003173
0.002341 0.002442
0.002336 0.002452
0.002334 0.002885
0.002315 0.002829
0.002312 0.002523
0.002290 0.002450
0.002260 0.002686
0.002255 0.003242
0.002207 0.002922
0.002206 0.002359
0.002199 0.002446
0.002197 0.002343
0.002192 0.002645
0.002191 0.002416
0.002148 0.002370
0.002148 0.002402
0.002137 0.002231
0.002128 0.002156
0.002111 0.003147
0.002100 0.002183
0.002099 0.002253
0.002097 0.002941
0.002094 0.002764
0.002090 0.002790
0.002089 0.002281
0.002086 0.002416
0.002073 0.002077
0.002070 0.002303
0.002070 0.002955
0.002069 0.002339
0.002050 0.002078
0.002046 0.002111
0.002040 0.002712
0.002005 0.002543
0.002002 0.003012
0.001997 0.002127
0.001966 0.002186
0.001917 0.002167
0.001899 0.002058
0.001862 0.001907
0.001803 0.002667
0.001617 0.001921
0.001601 0.001640
0.001582 0.001672
0.001571 0.001702
0.001565 0.001590
0.001509 0.001586
0.001457 0.001905
0.001346 0.001479
0.001277 0.001296
0.001261 0.001363
0.000997 0.001367
0.000949 0.000977
0.000818 0.001071
