0.259306 0.270311
0.212585 0.220869
0.162840 0.164731
0.091847 0.108548
0.090395 0.101955
0.079086 0.082374
0.078680 0.084435
0.070263 0.082766
0.066456 0.089774
0.064396 0.085280
0.062625 0.091522
0.060513 0.065113
0.059975 0.069123
0.057776 0.062621
0.057431 0.058073
0.056926 0.072100
0.055567 0.057143
0.052503 0.055836
0.051492 0.058303
0.051458 0.051939
0.050995 0.061279
0.050871 0.056695
0.050563 0.053329
0.049757 0.052001
0.049534 0.068624
0.049208 0.051705
0.048821 0.063642
0.048811 0.050161
0.048303 0.048619
0.046753 0.058746
0.046501 0.102587
0.046273 0.056507
0.046140 0.046762
0.045131 0.050491
0.045017 0.045487
0.044782 0.058479
0.044036 0.046090
0.043874 0.052746
0.043833 0.074650
0.043524 0.045509
0.043352 0.077034
0.043335 0.050324
0.043087 0.047115
0.042855 0.069399
0.042648 0.049192
0.042639 0.047144
0.042400 0.046870
0.042326 0.054410
0.042107 0.047051
0.042066 0.044585
0.041623 0.044754
0.041553 0.053001
0.041392 0.041861
0.041292 0.041833
0.041291 0.052105
0.041267 0.050618
0.041140 0.046467
0.041117 0.045220
0.040709 0.053455
0.040521 0.042623
0.040507 0.054852
0.040312 0.042706
0.040280 0.049914
0.039966 0.047802
0.039757 0.048398
0.039634 0.061234
0.039624 0.042613
0.039427 0.047526
0.039281 0.055142
0.039271 0.044455
0.038840 0.059760
0.038733 0.039321
0.038323 0.038739
0.038145 0.061008
0.037910 0.044570
0.037449 0.045783
0.037293 0.038888
0.036923 0.051581
0.036759 0.039136
0.036468 0.040092
0.036246 0.044709
0.036237 0.037658
0.036142 0.043053
0.036075 0.047347
0.035932 0.051016
0.035702 0.076860
0.035633 0.039012
0.035616 0.049132
0.035504 0.038572
0.035328 0.038863
0.035281 0.041347
0.035152 0.058486
0.035012 0.039304
0.035005 0.040616
0.034880 0.042255
0.034799 0.035145
0.034758 0.038405
0.034737 0.043244
0.034682 0.065959
0.034563 0.035176
0.034540 0.043959
0.034533 0.057830
0.034047 0.046982
0.034046 0.035712
0.034032 0.050039
0.033997 0.047837
0.033484 0.045384
0.033455 0.036287
0.033408 0.046584
0.033259 0.040595
0.032855 0.035327
0.032635 0.041371
0.032586 0.034149
0.032531 0.043522
0.032508 0.037438
0.032506 0.034828
0.032437 0.045337
0.032403 0.033965
0.032359 0.041313
0.032285 0.038787
0.032081 0.040281
0.032016 0.032253
0.032000 0.041297
0.031999 0.033262
0.031630 0.037872
0.031516 0.036443
0.031459 0.037305
0.031333 0.031626
0.031194 0.032511
0.031186 0.037471
0.031161 0.037364
0.030922 0.035407
0.030890 0.031188
0.030745 0.033308
0.030640 0.037575
0.030495 0.034843
0.030481 0.039802
0.030356 0.034264
0.030241 0.033752
0.030237 0.030568
0.030133 0.030174
0.030101 0.031554
0.030047 0.030340
0.030022 0.031528
0.029827 0.030404
0.029590 0.037559
0.029561 0.034467
0.029505 0.031977
0.029459 0.031164
0.029372 0.050707
0.029262 0.035325
0.029208 0.036608
0.029169 0.036389
0.029148 0.035795
0.028968 0.029545
0.028863 0.047466
0.028669 0.031688
0.028604 0.029678
0.028572 0.029288
0.028558 0.036051
0.028386 0.033526
0.028299 0.038389
0.028279 0.033773
0.028260 0.030274
0.028258 0.032905
0.028158 0.047448
0.028153 0.028666
0.028114 0.030424
0.028108 0.029147
0.028096 0.031928
0.028065 0.029657
0.028060 0.030510
0.027886 0.027899
0.027866 0.029772
0.027863 0.028964
0.027844 0.039496
0.027800 0.031916
0.027792 0.043896
0.027657 0.038430
0.027422 0.027881
0.027419 0.033292
0.027270 0.029378
0.027102 0.027828
0.027072 0.038032
0.027024 0.027897
0.027000 0.032128
0.026979 0.032422
0.026704 0.028885
0.026669 0.028062
0.026657 0.036926
0.026646 0.030101
0.026564 0.029021
0.026560 0.026935
0.026451 0.032615
0.026324 0.027938
0.026286 0.031619
0.026263 0.028870
0.026211 0.027705
0.026188 0.032798
0.026167 0.026380
0.026012 0.029049
0.025994 0.026667
0.025979 0.030735
0.025967 0.030166
0.025910 0.027141
0.025813 0.029764
0.025757 0.026942
0.025749 0.026311
0.025741 0.026942
0.025717 0.033669
0.025674 0.065683
0.025563 0.040753
0.025515 0.027379
0.025505 0.036162
0.025502 0.026874
0.025495 0.034308
0.025469 0.041560
0.025185 0.034340
0.025063 0.029441
0.025032 0.028212
0.025020 0.025892
0.025000 0.026222
0.024981 0.028034
0.024971 0.031547
0.024771 0.024884
0.024742 0.042594
0.024735 0.029379
0.024489 0.032871
0.024478 0.026222
0.024468 0.026885
0.024458 0.029675
0.024327 0.024803
0.024291 0.028533
0.024271 0.025674
0.024234 0.035234
0.024180 0.027914
0.024134 0.025984
0.024115 0.027945
0.024008 0.025195
0.023950 0.034699
0.023812 0.034487
0.023810 0.024731
0.023805 0.036311
0.023781 0.041201
0.023772 0.027889
0.023734 0.032128
0.023707 0.032321
0.023629 0.023805
0.023600 0.024809
0.023285 0.025183
0.023237 0.027163
0.023235 0.024542
0.023116 0.023633
0.023102 0.024204
0.023102 0.023536
0.023096 0.029013
0.022998 0.034823
0.022994 0.024942
0.022947 0.036238
0.022935 0.029007
0.022845 0.024595
0.022801 0.031756
0.022767 0.036297
0.022736 0.028045
0.022661 0.022836
0.022647 0.024610
0.022589 0.022961
0.022585 0.023186
0.022361 0.036818
0.022342 0.027443
0.022322 0.026975
0.022322 0.036580
0.022181 0.022657
0.022069 0.023321
0.022029 0.038838
0.022012 0.022519
0.022005 0.022783
0.021986 0.027397
0.021976 0.023666
0.021936 0.030761
0.021917 0.025704
0.021893 0.027115
0.021840 0.022543
0.021724 0.025521
0.021723 0.022262
0.021603 0.022347
0.021602 0.023632
0.021501 0.022432
0.021490 0.037229
0.021485 0.021907
0.021466 0.032130
0.021458 0.021646
0.021440 0.028965
0.021405 0.022169
0.021329 0.031663
0.021307 0.036635
0.021274 0.023685
0.021198 0.021530
0.021158 0.022991
0.021136 0.023777
0.021113 0.028239
0.021092 0.026628
0.021080 0.026620
0.021015 0.021151
0.020987 0.021411
0.020944 0.021974
0.020814 0.029916
0.020807 0.020943
0.020706 0.034216
0.020657 0.028135
0.020650 0.026246
0.020610 0.024084
0.020602 0.020801
0.020586 0.029628
0.020585 0.020945
0.020583 0.023809
0.020574 0.021997
0.020475 0.028408
0.020371 0.020420
0.020349 0.020772
0.020328 0.020563
0.020317 0.024830
0.020268 0.022596
0.020254 0.023861
0.020215 0.023776
0.020124 0.020218
0.020113 0.020339
0.020112 0.021024
0.020089 0.025112
0.020083 0.026308
0.020021 0.026151
0.020011 0.021061
0.019936 0.020549
0.019870 0.024047
0.019838 0.025971
0.019836 0.025714
0.019641 0.029817
0.019618 0.020138
0.019563 0.029680
0.019541 0.024995
0.019539 0.022786
0.019498 0.043804
0.019468 0.020603
0.019401 0.022203
0.019393 0.020327
0.019380 0.019421
0.019372 0.020027
0.019305 0.019358
0.019224 0.021731
0.019200 0.020994
0.019171 0.020804
0.019168 0.026021
0.019121 0.021407
0.019110 0.024395
0.019089 0.022303
0.019086 0.031112
0.019070 0.022759
0.019070 0.021701
0.019056 0.020902
0.019009 0.021244
0.019002 0.028038
0.018990 0.025124
0.018943 0.022877
0.018937 0.019127
0.018923 0.035546
0.018918 0.045881
0.018797 0.019825
0.018748 0.019315
0.018644 0.019234
0.018586 0.020268
0.018549 0.024129
0.018521 0.018699
0.018503 0.021643
0.018468 0.023017
0.018450 0.021363
0.018441 0.025899
0.018419 0.037992
0.018415 0.018708
0.018404 0.023152
0.018372 0.021300
0.018343 0.021947
0.018303 0.027627
0.018282 0.025567
0.018279 0.020219
0.018267 0.018407
0.018255 0.018503
0.018225 0.019076
0.018210 0.024722
0.018200 0.029621
0.018179 0.019763
0.018145 0.018413
0.018126 0.028451
0.018113 0.021855
0.018081 0.020895
0.018077 0.019756
0.017987 0.020569
0.017973 0.020744
0.017965 0.020839
0.017949 0.019374
0.017923 0.023867
0.017878 0.018684
0.017840 0.021493
0.017799 0.017969
0.017776 0.018336
0.017734 0.019452
0.017666 0.027180
0.017580 0.031517
0.017529 0.036677
0.017514 0.030353
0.017507 0.018056
0.017496 0.017839
0.017399 0.020674
0.017398 0.029759
0.017391 0.021382
0.017388 0.022405
0.017362 0.023637
0.017333 0.021020
0.017330 0.024442
0.017307 0.025201
0.017284 0.029338
0.017264 0.022665
0.017260 0.019465
0.017224 0.019160
0.017203 0.018644
0.017197 0.019960
0.017164 0.019470
0.017148 0.018204
0.017128 0.022874
0.017128 0.017278
0.017111 0.019712
0.017104 0.024896
0.017090 0.018920
0.017076 0.023276
0.017074 0.018952
0.017045 0.019866
0.017044 0.027609
0.016983 0.018601
0.016957 0.017751
0.016945 0.026033
0.016870 0.017325
0.016860 0.017044
0.016860 0.024650
0.016854 0.022378
0.016828 0.030129
0.016822 0.017214
0.016785 0.017315
0.016775 0.024079
0.016769 0.020316
0.016757 0.028307
0.016753 0.036089
0.016750 0.020890
0.016748 0.017546
0.016745 0.030355
0.016744 0.020975
0.016724 0.017653
0.016704 0.021316
0.016683 0.020768
0.016662 0.018695
0.016641 0.019383
0.016598 0.019049
0.016581 0.019562
0.016560 0.019393
0.016550 0.018868
0.016524 0.017138
0.016507 0.021270
0.016494 0.017276
0.016478 0.016965
0.016460 0.023629
0.016425 0.016671
0.016409 0.016546
0.016408 0.016532
0.016406 0.017126
0.016380 0.024265
0.016368 0.020551
0.016365 0.016627
0.016297 0.019620
0.016282 0.017415
0.016278 0.020669
0.016182 0.023723
0.016147 0.018074
0.016133 0.019553
0.016023 0.017107
0.016010 0.017582
0.015989 0.018906
0.015916 0.018715
0.015886 0.017962
0.015871 0.017291
0.015822 0.017328
0.015800 0.019514
0.015735 0.025640
0.015721 0.021884
0.015720 0.021996
0.015648 0.016260
0.015640 0.016784
0.015589 0.016442
0.015542 0.015713
0.015540 0.015662
0.015528 0.030668
0.015517 0.020223
0.015490 0.016587
0.015481 0.016665
0.015435 0.019967
0.015430 0.019782
0.015423 0.016962
0.015414 0.026940
0.015396 0.015489
0.015382 0.017723
0.015350 0.019213
0.015324 0.016397
0.015312 0.018820
0.015310 0.028678
0.015308 0.034912
0.015306 0.019744
0.015303 0.023335
0.015286 0.015800
0.015277 0.015787
0.015276 0.030479
0.015259 0.021751
0.015255 0.017555
0.015229 0.016723
0.015199 0.017131
0.015198 0.022156
0.015190 0.016757
0.015186 0.024929
0.015167 0.021769
0.015084 0.017856
0.015055 0.017835
0.015036 0.017493
0.015018 0.015175
0.014960 0.016052
0.014943 0.032572
0.014933 0.019228
0.014881 0.018139
0.014877 0.030662
0.014859 0.016867
0.014785 0.015542
0.014764 0.015022
0.014761 0.015078
0.014759 0.019757
0.014731 0.015919
0.014721 0.023169
0.014676 0.015925
0.014648 0.024101
0.014629 0.020477
0.014615 0.016720
0.014602 0.014714
0.014598 0.020102
0.014539 0.014569
0.014539 0.021345
0.014524 0.014962
0.014516 0.015434
0.014495 0.016288
0.014466 0.014516
0.014457 0.017750
0.014426 0.025985
0.014411 0.016238
0.014404 0.019039
0.014386 0.018489
0.014355 0.022706
0.014348 0.017672
0.014333 0.014690
0.014328 0.022831
0.014325 0.016609
0.014323 0.017026
0.014320 0.026158
0.014304 0.020391
0.014295 0.014398
0.014292 0.014850
0.014264 0.016754
0.014255 0.015329
0.014244 0.022385
0.014235 0.021170
0.014214 0.016337
0.014197 0.018201
0.014081 0.016737
0.014079 0.015432
0.014058 0.017852
0.014023 0.015743
0.013982 0.015000
0.013965 0.021729
0.013918 0.014313
0.013918 0.017203
0.013912 0.018459
0.013876 0.017856
0.013837 0.025490
0.013815 0.014484
0.013810 0.019185
0.013773 0.013944
0.013760 0.014782
0.013752 0.014814
0.013747 0.014098
0.013747 0.022532
0.013736 0.015755
0.013735 0.017451
0.013731 0.014935
0.013711 0.015361
0.013681 0.016882
0.013661 0.014783
0.013653 0.015323
0.013629 0.022203
0.013604 0.013648
0.013599 0.021031
0.013581 0.022372
0.013567 0.013781
0.013546 0.020316
0.013527 0.014306
0.013521 0.015037
0.013511 0.014659
0.013481 0.018291
0.013479 0.013734
0.013455 0.019922
0.013410 0.013503
0.013405 0.014179
0.013404 0.018361
0.013379 0.013911
0.013360 0.017378
0.013355 0.014193
0.013332 0.013861
0.013330 0.023817
0.013319 0.013342
0.013292 0.014498
0.013268 0.018934
0.013217 0.013843
0.013206 0.013523
0.013205 0.014089
0.013174 0.016597
0.013165 0.015390
0.013162 0.016034
0.013162 0.020127
0.013153 0.013916
0.013136 0.013299
0.013103 0.013514
0.013078 0.013241
0.013073 0.015793
0.013069 0.013127
0.013050 0.013548
0.013024 0.013548
0.013021 0.013280
0.013003 0.014278
0.012972 0.026721
0.012954 0.018277
0.012928 0.019555
0.012915 0.014491
0.012900 0.018122
0.012900 0.015095
0.012896 0.018703
0.012880 0.015779
0.012855 0.013577
0.012841 0.013811
0.012835 0.014169
0.012829 0.013666
0.012828 0.013160
0.012828 0.014763
0.012809 0.018191
0.012807 0.017060
0.012803 0.016578
0.012783 0.015685
0.012770 0.013648
0.012746 0.012955
0.012741 0.014016
0.012730 0.014065
0.012696 0.018579
0.012663 0.012728
0.012640 0.019366
0.012599 0.019170
0.012589 0.013373
0.012545 0.015518
0.012544 0.014645
0.012532 0.013805
0.012521 0.016182
0.012487 0.015637
0.012473 0.012742
0.012464 0.013583
0.012447 0.020191
0.012401 0.013959
0.012394 0.014625
0.012380 0.013295
0.012372 0.014850
0.012363 0.012687
0.012357 0.015990
0.012351 0.012360
0.012312 0.013685
0.012302 0.016878
0.012288 0.014031
0.012285 0.015766
0.012254 0.020490
0.012198 0.015659
0.012085 0.013651
0.012081 0.013762
0.012075 0.012639
0.012066 0.014829
0.012047 0.013155
0.012047 0.013244
0.012042 0.016232
0.012020 0.015787
0.012020 0.012743
0.012017 0.016154
0.012007 0.017253
0.011991 0.015577
0.011986 0.014822
0.011982 0.012552
0.011975 0.015705
0.011969 0.013451
0.011961 0.016338
0.011928 0.012024
0.011854 0.017018
0.011848 0.015857
0.011835 0.015402
0.011835 0.013352
0.011809 0.015394
0.011799 0.011986
0.011798 0.014946
0.011780 0.014963
0.011778 0.012721
0.011775 0.013896
0.011763 0.011887
0.011749 0.012866
0.011741 0.012102
0.011712 0.011866
0.011690 0.012030
0.011672 0.012848
0.011652 0.012035
0.011631 0.012947
0.011604 0.014003
0.011583 0.014500
0.011580 0.012051
0.011580 0.013934
0.011573 0.013360
0.011566 0.011760
0.011558 0.012817
0.011540 0.011777
0.011531 0.013677
0.011500 0.016462
0.011485 0.013148
0.011477 0.012532
0.011435 0.014109
0.011432 0.014387
0.011430 0.012550
0.011423 0.011647
0.011413 0.012242
0.011401 0.014537
0.011387 0.015878
0.011371 0.012071
0.011346 0.013609
0.011323 0.014207
0.011316 0.013883
0.011302 0.011586
0.011280 0.011781
0.011242 0.015008
0.011235 0.011914
0.011235 0.012577
0.011226 0.011650
0.011181 0.015692
0.011166 0.012014
0.011138 0.013791
0.011067 0.017041
0.011067 0.012895
0.011001 0.011396
0.010996 0.014226
0.010985 0.015336
0.010980 0.011142
0.010964 0.012634
0.010962 0.010980
0.010956 0.011520
0.010954 0.013178
0.010949 0.012873
0.010937 0.011320
0.010933 0.015710
0.010917 0.011632
0.010905 0.016120
0.010898 0.012322
0.010847 0.012433
0.010844 0.011129
0.010841 0.020907
0.010822 0.015748
0.010790 0.017542
0.010778 0.012390
0.010764 0.014393
0.010747 0.011151
0.010736 0.011483
0.010731 0.011585
0.010731 0.019039
0.010728 0.017654
0.010696 0.011738
0.010690 0.015836
0.010686 0.017481
0.010671 0.013397
0.010663 0.018253
0.010654 0.012290
0.010605 0.010963
0.010598 0.012878
0.010595 0.011892
0.010594 0.011326
0.010583 0.011247
0.010582 0.010737
0.010565 0.013894
0.010558 0.018194
0.010547 0.011303
0.010522 0.013384
0.010512 0.012950
0.010507 0.012877
0.010490 0.016153
0.010490 0.012885
0.010483 0.010897
0.010471 0.015317
0.010432 0.014401
0.010430 0.011299
0.010422 0.011239
0.010407 0.011028
0.010405 0.015168
0.010404 0.010494
0.010401 0.013865
0.010395 0.011538
0.010394 0.012631
0.010391 0.011772
0.010373 0.014514
0.010371 0.014080
0.010338 0.012547
0.010319 0.011331
0.010316 0.013896
0.010311 0.013431
0.010299 0.018236
0.010285 0.010569
0.010282 0.010519
0.010267 0.014932
0.010259 0.017333
0.010255 0.013766
0.010222 0.011848
0.010208 0.010663
0.010201 0.011559
0.010201 0.011009
0.010185 0.010876
0.010178 0.014172
0.010176 0.014769
0.010153 0.011635
0.010149 0.010512
0.010145 0.011246
0.010138 0.011692
0.010130 0.010289
0.010130 0.010530
0.010095 0.011032
0.010079 0.013661
0.010050 0.010743
0.010046 0.012787
0.010045 0.011306
0.010027 0.010218
0.009996 0.012041
0.009986 0.010137
0.009973 0.010419
0.009971 0.015031
0.009947 0.015748
0.009940 0.015642
0.009931 0.011490
0.009926 0.011754
0.009923 0.010506
0.009910 0.010387
0.009908 0.011367
0.009898 0.013643
0.009897 0.012867
0.009872 0.012891
0.009871 0.016501
0.009864 0.012763
0.009860 0.012480
0.009856 0.012627
0.009839 0.013054
0.009827 0.012394
0.009822 0.010059
0.009820 0.010093
0.009820 0.013218
0.009817 0.012614
0.009815 0.014851
0.009810 0.010357
0.009807 0.014693
0.009788 0.016766
0.009766 0.012581
0.009753 0.012931
0.009752 0.011009
0.009736 0.016981
0.009726 0.010183
0.009725 0.010224
0.009714 0.015952
0.009705 0.012457
0.009691 0.010525
0.009690 0.010261
0.009687 0.011816
0.009682 0.017865
0.009667 0.011842
0.009652 0.009949
0.009616 0.015610
0.009610 0.015901
0.009605 0.011305
0.009604 0.010981
0.009597 0.010469
0.009594 0.010363
0.009589 0.014249
0.009544 0.010087
0.009543 0.009552
0.009518 0.009539
0.009507 0.010696
0.009487 0.015283
0.009480 0.009750
0.009476 0.009485
0.009467 0.011535
0.009449 0.010238
0.009447 0.011760
0.009431 0.014452
0.009429 0.011963
0.009424 0.014302
0.009412 0.012713
0.009412 0.013844
0.009389 0.010636
0.009367 0.015771
0.009361 0.010548
0.009359 0.009433
0.009354 0.013498
0.009328 0.009449
0.009314 0.009868
0.009284 0.010417
0.009281 0.009745
0.009271 0.009516
0.009270 0.009565
0.009263 0.011715
0.009253 0.009290
0.009250 0.012663
0.009241 0.010518
0.009238 0.010660
0.009227 0.011542
0.009204 0.009238
0.009203 0.009865
0.009194 0.014511
0.009179 0.009979
0.009173 0.009806
0.009173 0.014601
0.009166 0.009220
0.009153 0.014089
0.009148 0.009695
0.009100 0.011887
0.009097 0.012955
0.009088 0.009318
0.009073 0.010076
0.009073 0.011936
0.009067 0.010372
0.009052 0.009414
0.009046 0.012356
0.009036 0.009256
0.009028 0.010934
0.009015 0.009622
0.008991 0.010553
0.008983 0.010193
0.008976 0.009631
0.008973 0.010532
0.008961 0.009326
0.008959 0.009413
0.008958 0.010704
0.008944 0.009863
0.008920 0.012138
0.008920 0.009635
0.008909 0.011167
0.008897 0.011191
0.008861 0.011034
0.008856 0.009092
0.008855 0.011490
0.008854 0.015277
0.008831 0.013373
0.008786 0.012298
0.008783 0.011248
0.008781 0.009663
0.008779 0.011135
0.008779 0.012823
0.008771 0.012944
0.008769 0.010938
0.008768 0.010436
0.008760 0.010500
0.008754 0.012676
0.008751 0.019545
0.008745 0.009885
0.008745 0.008978
0.008718 0.011282
0.008713 0.011375
0.008665 0.013484
0.008653 0.008777
0.008615 0.009623
0.008609 0.011169
0.008607 0.009231
0.008606 0.011767
0.008595 0.009287
0.008588 0.014081
0.008585 0.010696
0.008580 0.011136
0.008574 0.009768
0.008571 0.008891
0.008553 0.009052
0.008552 0.010265
0.008549 0.008875
0.008544 0.010028
0.008542 0.014300
0.008540 0.009956
0.008534 0.009566
0.008520 0.008635
0.008512 0.011943
0.008504 0.008521
0.008497 0.009201
0.008488 0.010387
0.008483 0.011507
0.008481 0.009222
0.008468 0.008962
0.008457 0.008552
0.008455 0.008915
0.008452 0.008680
0.008447 0.010053
0.008443 0.008874
0.008443 0.008715
0.008442 0.008600
0.008437 0.011177
0.008435 0.009139
0.008433 0.009163
0.008433 0.011636
0.008425 0.009489
0.008416 0.009094
0.008413 0.008902
0.008401 0.008944
0.008399 0.010378
0.008391 0.013798
0.008386 0.010192
0.008380 0.010439
0.008374 0.010661
0.008373 0.012724
0.008368 0.010108
0.008368 0.008622
0.008355 0.011648
0.008343 0.009151
0.008341 0.010382
0.008337 0.008419
0.008336 0.010734
0.008332 0.010970
0.008325 0.009222
0.008323 0.011863
0.008306 0.010599
0.008302 0.009816
0.008291 0.009958
0.008284 0.008335
0.008283 0.008549
0.008261 0.009088
0.008255 0.008324
0.008249 0.008477
0.008247 0.009210
0.008235 0.008540
0.008219 0.009083
0.008208 0.010090
0.008193 0.008488
0.008185 0.010419
0.008184 0.010060
0.008180 0.008789
0.008179 0.010251
0.008175 0.008715
0.008162 0.008541
0.008155 0.008387
0.008155 0.008512
0.008149 0.009690
0.008142 0.008307
0.008136 0.012951
0.008130 0.010141
0.008128 0.009848
0.008110 0.008139
0.008110 0.015413
0.008105 0.009369
0.008098 0.013218
0.008093 0.010163
0.008089 0.008095
0.008086 0.009508
0.008084 0.008434
0.008080 0.009065
0.008077 0.014815
0.008077 0.008456
0.008074 0.009474
0.008073 0.008970
0.008072 0.008686
0.008069 0.016747
0.008063 0.008165
0.008057 0.014440
0.008051 0.008628
0.008044 0.008478
0.008042 0.009470
0.008038 0.008117
0.008030 0.008934
0.008021 0.008828
0.008006 0.011569
0.007991 0.008112
0.007991 0.015848
0.007987 0.008086
0.007983 0.010588
0.007975 0.008435
0.007965 0.009003
0.007963 0.009023
0.007963 0.008897
0.007962 0.010740
0.007959 0.013883
0.007951 0.008156
0.007938 0.013387
0.007937 0.008478
0.007937 0.008201
0.007936 0.008905
0.007918 0.015920
0.007916 0.009285
0.007913 0.013373
0.007909 0.011184
0.007906 0.010678
0.007891 0.012601
0.007886 0.009826
0.007881 0.011903
0.007848 0.008012
0.007848 0.008709
0.007839 0.009951
0.007835 0.008082
0.007833 0.011074
0.007829 0.007980
0.007829 0.011442
0.007825 0.008581
0.007825 0.007843
0.007823 0.008925
0.007813 0.008244
0.007810 0.008517
0.007805 0.008767
0.007791 0.012584
0.007787 0.007958
0.007782 0.014556
0.007775 0.012621
0.007766 0.008026
0.007748 0.008010
0.007744 0.007800
0.007742 0.007942
0.007740 0.009479
0.007739 0.010455
0.007730 0.007963
0.007729 0.008157
0.007728 0.013351
0.007726 0.010370
0.007716 0.010253
0.007705 0.011422
0.007705 0.007855
0.007704 0.008052
0.007697 0.008201
0.007696 0.010308
0.007696 0.008611
0.007686 0.008548
0.007682 0.008978
0.007676 0.011490
0.007668 0.008500
0.007666 0.007818
0.007657 0.007738
0.007645 0.010118
0.007639 0.008445
0.007638 0.011659
0.007633 0.008877
0.007610 0.007675
0.007608 0.015507
0.007591 0.010228
0.007588 0.009455
0.007583 0.008368
0.007546 0.007571
0.007538 0.008575
0.007528 0.007759
0.007525 0.013960
0.007523 0.008291
0.007518 0.014168
0.007516 0.007525
0.007515 0.011034
0.007505 0.012485
0.007499 0.007735
0.007490 0.009373
0.007488 0.008018
0.007475 0.007758
0.007472 0.007851
0.007467 0.008700
0.007460 0.007883
0.007443 0.007585
0.007433 0.007487
0.007425 0.008011
0.007422 0.009504
0.007421 0.010936
0.007419 0.007616
0.007419 0.010984
0.007412 0.008136
0.007410 0.007461
0.007404 0.008350
0.007395 0.010001
0.007393 0.007844
0.007393 0.008092
0.007385 0.007491
0.007381 0.014224
0.007379 0.009216
0.007377 0.007542
0.007376 0.008398
0.007356 0.007447
0.007350 0.011886
0.007344 0.009280
0.007341 0.009880
0.007332 0.011457
0.007330 0.010492
0.007329 0.008192
0.007327 0.011304
0.007326 0.015091
0.007314 0.009296
0.007314 0.008632
0.007309 0.009253
0.007299 0.007891
0.007291 0.008100
0.007269 0.011809
0.007268 0.007542
0.007266 0.007614
0.007266 0.008678
0.007263 0.007525
0.007254 0.008157
0.007250 0.007942
0.007238 0.007941
0.007228 0.009785
0.007226 0.010004
0.007211 0.007615
0.007210 0.007868
0.007207 0.008681
0.007200 0.007830
0.007192 0.008096
0.007189 0.007615
0.007181 0.009501
0.007157 0.007709
0.007156 0.007648
0.007153 0.010687
0.007151 0.007929
0.007146 0.008575
0.007143 0.008165
0.007137 0.010798
0.007129 0.007892
0.007112 0.007335
0.007106 0.011092
0.007103 0.007510
0.007101 0.008805
0.007097 0.007249
0.007094 0.007234
0.007088 0.007745
0.007079 0.007365
0.007073 0.007487
0.007064 0.014388
0.007062 0.010766
0.007050 0.008103
0.007050 0.007163
0.007049 0.012395
0.007046 0.007173
0.007046 0.009153
0.007036 0.007958
0.007035 0.008159
0.007031 0.007176
0.007026 0.007147
0.007025 0.007167
0.007021 0.009303
0.007021 0.008703
0.007012 0.010331
0.007009 0.007287
0.007003 0.007007
0.006997 0.007200
0.006991 0.007713
0.006989 0.007912
0.006978 0.007295
0.006975 0.007294
0.006968 0.007484
0.006959 0.009134
0.006957 0.008484
0.006953 0.007090
0.006939 0.009151
0.006938 0.007708
0.006923 0.009686
0.006915 0.012793
0.006908 0.007633
0.006908 0.007182
0.006907 0.007956
0.006905 0.008745
0.006896 0.013410
0.006891 0.008168
0.006888 0.007858
0.006883 0.009869
0.006880 0.011544
0.006880 0.007155
0.006879 0.007035
0.006875 0.008490
0.006869 0.007875
0.006865 0.010667
0.006858 0.007192
0.006858 0.007500
0.006851 0.007317
0.006842 0.010117
0.006833 0.007727
0.006833 0.007857
0.006814 0.006859
0.006811 0.008174
0.006808 0.007456
0.006806 0.009991
0.006802 0.007743
0.006800 0.009164
0.006798 0.007173
0.006789 0.011852
0.006787 0.008027
0.006786 0.006884
0.006782 0.009648
0.006774 0.007256
0.006772 0.008659
0.006771 0.010910
0.006764 0.007947
0.006763 0.007649
0.006759 0.008867
0.006756 0.007859
0.006748 0.006854
0.006745 0.007040
0.006733 0.006779
0.006729 0.008411
0.006729 0.011224
0.006727 0.009702
0.006725 0.007632
0.006714 0.007698
0.006708 0.009522
0.006703 0.007463
0.006702 0.008995
0.006702 0.006771
0.006695 0.007439
0.006694 0.007477
0.006689 0.007839
0.006688 0.008571
0.006688 0.008886
0.006681 0.007635
0.006681 0.006751
0.006680 0.016259
0.006676 0.006967
0.006671 0.006726
0.006667 0.008260
0.006666 0.006836
0.006666 0.006675
0.006665 0.010051
0.006664 0.012580
0.006662 0.010646
0.006660 0.006898
0.006659 0.006701
0.006656 0.007254
0.006647 0.012535
0.006646 0.007790
0.006642 0.006704
0.006642 0.006653
0.006640 0.009379
0.006636 0.006726
0.006636 0.006744
0.006632 0.006845
0.006632 0.008452
0.006630 0.006875
0.006627 0.007154
0.006626 0.006635
0.006622 0.006706
0.006621 0.008073
0.006620 0.007275
0.006612 0.006878
0.006611 0.009220
0.006605 0.008820
0.006601 0.009147
0.006598 0.007179
0.006598 0.016391
0.006590 0.007773
0.006587 0.009494
0.006583 0.008352
0.006582 0.007743
0.006579 0.006856
0.006574 0.006837
0.006572 0.009852
0.006570 0.007243
0.006567 0.007447
0.006561 0.008026
0.006560 0.007402
0.006559 0.006618
0.006558 0.008455
0.006557 0.006559
0.006550 0.009480
0.006547 0.007330
0.006545 0.006845
0.006544 0.008274
0.006543 0.007169
0.006535 0.007174
0.006527 0.007522
0.006526 0.008997
0.006521 0.008485
0.006519 0.010549
0.006518 0.006983
0.006515 0.010207
0.006515 0.009851
0.006514 0.007198
0.006514 0.006940
0.006500 0.007518
0.006499 0.008096
0.006498 0.008785
0.006487 0.007552
0.006483 0.008556
0.006482 0.007450
0.006477 0.015573
0.006476 0.006755
0.006470 0.008382
0.006460 0.008918
0.006452 0.008101
0.006449 0.008366
0.006444 0.007635
0.006440 0.011737
0.006440 0.011937
0.006440 0.007549
0.006437 0.006905
0.006434 0.015151
0.006433 0.008488
0.006433 0.006646
0.006424 0.008533
0.006405 0.010196
0.006404 0.008412
0.006393 0.011974
0.006380 0.006667
0.006376 0.006673
0.006374 0.006528
0.006374 0.007062
0.006371 0.007567
0.006366 0.007560
0.006365 0.010582
0.006362 0.013605
0.006360 0.006878
0.006360 0.007370
0.006360 0.006667
0.006357 0.008265
0.006352 0.007143
0.006342 0.013580
0.006342 0.006427
0.006332 0.007179
0.006329 0.008331
0.006328 0.007983
0.006323 0.006913
0.006309 0.007068
0.006308 0.006868
0.006308 0.007852
0.006304 0.006678
0.006298 0.007927
0.006298 0.006491
0.006290 0.006858
0.006269 0.011582
0.006268 0.009890
0.006258 0.006705
0.006257 0.006681
0.006256 0.007524
0.006253 0.006927
0.006252 0.007061
0.006251 0.007377
0.006250 0.006551
0.006248 0.006786
0.006239 0.006301
0.006239 0.006669
0.006232 0.008696
0.006228 0.006272
0.006228 0.010416
0.006220 0.008153
0.006218 0.006644
0.006217 0.008223
0.006212 0.007274
0.006209 0.007690
0.006207 0.009134
0.006204 0.007795
0.006203 0.008188
0.006203 0.009078
0.006197 0.014441
0.006196 0.008824
0.006187 0.006834
0.006187 0.007607
0.006183 0.006540
0.006182 0.006364
0.006177 0.006340
0.006177 0.007228
0.006176 0.011464
0.006176 0.006836
0.006166 0.006598
0.006165 0.007158
0.006158 0.009936
0.006157 0.008397
0.006154 0.006454
0.006152 0.011705
0.006151 0.006224
0.006150 0.006211
0.006147 0.009307
0.006140 0.007575
0.006137 0.008267
0.006135 0.006566
0.006135 0.007148
0.006134 0.008255
0.006129 0.014249
0.006127 0.006652
0.006122 0.009000
0.006116 0.007884
0.006116 0.007462
0.006112 0.007474
0.006096 0.006191
0.006096 0.008005
0.006096 0.009266
0.006094 0.007566
0.006091 0.007554
0.006088 0.009064
0.006088 0.006187
0.006087 0.006557
0.006087 0.006089
0.006086 0.006214
0.006079 0.008379
0.006078 0.006175
0.006078 0.006262
0.006076 0.006699
0.006075 0.008619
0.006074 0.006899
0.006064 0.007043
0.006064 0.006236
0.006055 0.007743
0.006055 0.006646
0.006053 0.007243
0.006049 0.006502
0.006048 0.006450
0.006046 0.006999
0.006046 0.006322
0.006044 0.007899
0.006040 0.007911
0.006039 0.007495
0.006037 0.006349
0.006034 0.006367
0.006030 0.006137
0.006029 0.007486
0.006025 0.006052
0.006025 0.011172
0.006024 0.006939
0.006018 0.006415
0.006017 0.006082
0.006013 0.006830
0.006009 0.006249
0.006009 0.009291
0.006005 0.008574
0.005993 0.006158
0.005993 0.006143
0.005984 0.006283
0.005984 0.006728
0.005981 0.009041
0.005980 0.006109
0.005978 0.008898
0.005973 0.006516
0.005967 0.005990
0.005960 0.006329
0.005956 0.010191
0.005955 0.006105
0.005949 0.008128
0.005946 0.006047
0.005945 0.006235
0.005943 0.006549
0.005941 0.007985
0.005938 0.009954
0.005937 0.006837
0.005937 0.008121
0.005933 0.007085
0.005929 0.006767
0.005926 0.007669
0.005926 0.008164
0.005925 0.007600
0.005925 0.007147
0.005924 0.011169
0.005921 0.007058
0.005918 0.007363
0.005916 0.006927
0.005915 0.005988
0.005911 0.006446
0.005911 0.007662
0.005902 0.009901
0.005898 0.008861
0.005893 0.007755
0.005892 0.007499
0.005891 0.010136
0.005890 0.006463
0.005888 0.009528
0.005881 0.006985
0.005880 0.007249
0.005874 0.006431
0.005874 0.006895
0.005871 0.008398
0.005869 0.006217
0.005867 0.009548
0.005865 0.006655
0.005854 0.008743
0.005852 0.008008
0.005846 0.006054
0.005846 0.006909
0.005844 0.007639
0.005844 0.013578
0.005841 0.007578
0.005841 0.006700
0.005836 0.010533
0.005834 0.005888
0.005828 0.009333
0.005826 0.011203
0.005823 0.005849
0.005822 0.007360
0.005820 0.007897
0.005819 0.009439
0.005818 0.005877
0.005816 0.006559
0.005807 0.006104
0.005806 0.006718
0.005806 0.005897
0.005805 0.006520
0.005804 0.006236
0.005803 0.008764
0.005802 0.006932
0.005796 0.007303
0.005795 0.014746
0.005795 0.006900
0.005793 0.005842
0.005793 0.005833
0.005793 0.006165
0.005790 0.010298
0.005790 0.007672
0.005788 0.006127
0.005787 0.008259
0.005785 0.008635
0.005785 0.006616
0.005780 0.006059
0.005775 0.006093
0.005775 0.006275
0.005768 0.007212
0.005766 0.005775
0.005765 0.007218
0.005762 0.007048
0.005760 0.007773
0.005758 0.007325
0.005758 0.006803
0.005756 0.010173
0.005754 0.005933
0.005753 0.008658
0.005744 0.006577
0.005744 0.005766
0.005738 0.006887
0.005737 0.006979
0.005731 0.006488
0.005731 0.008407
0.005722 0.006473
0.005722 0.006704
0.005721 0.009186
0.005718 0.006106
0.005709 0.007648
0.005708 0.010631
0.005704 0.005707
0.005703 0.005991
0.005703 0.006478
0.005701 0.006431
0.005700 0.007190
0.005699 0.006243
0.005698 0.007683
0.005688 0.007096
0.005686 0.008751
0.005683 0.006588
0.005680 0.008059
0.005678 0.007522
0.005675 0.005753
0.005675 0.005874
0.005674 0.006070
0.005673 0.006132
0.005673 0.006065
0.005670 0.006449
0.005669 0.007114
0.005668 0.007251
0.005667 0.008562
0.005666 0.010242
0.005665 0.006028
0.005663 0.007820
0.005660 0.006368
0.005659 0.006517
0.005657 0.007011
0.005656 0.008483
0.005648 0.006643
0.005648 0.007024
0.005639 0.006834
0.005638 0.012395
0.005634 0.006820
0.005634 0.006307
0.005630 0.008621
0.005628 0.009315
0.005626 0.009182
0.005623 0.007673
0.005623 0.006005
0.005620 0.008947
0.005620 0.008820
0.005612 0.005660
0.005611 0.006179
0.005609 0.006926
0.005608 0.005746
0.005605 0.006439
0.005601 0.005749
0.005600 0.007519
0.005598 0.005673
0.005596 0.007981
0.005596 0.006684
0.005595 0.006155
0.005593 0.008492
0.005593 0.006759
0.005591 0.011003
0.005590 0.006928
0.005589 0.005600
0.005587 0.006470
0.005587 0.005663
0.005584 0.005728
0.005582 0.005753
0.005574 0.010041
0.005569 0.006461
0.005569 0.006713
0.005567 0.011136
0.005566 0.006261
0.005566 0.009668
0.005565 0.007389
0.005564 0.005757
0.005564 0.006449
0.005563 0.011365
0.005561 0.006623
0.005560 0.006420
0.005552 0.006467
0.005547 0.006773
0.005545 0.006181
0.005541 0.005809
0.005540 0.007046
0.005538 0.005676
0.005536 0.009235
0.005534 0.010766
0.005533 0.011686
0.005527 0.007239
0.005527 0.005723
0.005526 0.007195
0.005523 0.007370
0.005523 0.005785
0.005523 0.006104
0.005520 0.007640
0.005520 0.006197
0.005519 0.006017
0.005517 0.005941
0.005515 0.005723
0.005515 0.005632
0.005514 0.010869
0.005510 0.006367
0.005509 0.005600
0.005508 0.009464
0.005508 0.005776
0.005506 0.007766
0.005505 0.006216
0.005500 0.007715
0.005497 0.009653
0.005496 0.005828
0.005489 0.006794
0.005487 0.006039
0.005485 0.005524
0.005484 0.006091
0.005484 0.005624
0.005481 0.006545
0.005481 0.005640
0.005481 0.005703
0.005474 0.005574
0.005474 0.008357
0.005470 0.006084
0.005469 0.005685
0.005467 0.008029
0.005449 0.006274
0.005444 0.007697
0.005441 0.007141
0.005431 0.007561
0.005430 0.005469
0.005429 0.006246
0.005429 0.005467
0.005428 0.006211
0.005426 0.005443
0.005422 0.005813
0.005421 0.011411
0.005421 0.012067
0.005418 0.006380
0.005417 0.005755
0.005414 0.007863
0.005414 0.005806
0.005410 0.005603
0.005409 0.005598
0.005407 0.005764
0.005407 0.006335
0.005400 0.005628
0.005396 0.005439
0.005393 0.007498
0.005391 0.006683
0.005390 0.005414
0.005384 0.005774
0.005382 0.006122
0.005379 0.006995
0.005376 0.007509
0.005375 0.006257
0.005375 0.009026
0.005374 0.005689
0.005370 0.005490
0.005363 0.006075
0.005362 0.006743
0.005361 0.005722
0.005361 0.008111
0.005357 0.006080
0.005356 0.006827
0.005350 0.005403
0.005345 0.005776
0.005345 0.005499
0.005344 0.012231
0.005341 0.006321
0.005340 0.005866
0.005339 0.006415
0.005339 0.006641
0.005338 0.005501
0.005337 0.005849
0.005334 0.006586
0.005333 0.006669
0.005332 0.009490
0.005330 0.007159
0.005328 0.007108
0.005321 0.007635
0.005317 0.010146
0.005314 0.006359
0.005312 0.006110
0.005311 0.009829
0.005310 0.005380
0.005309 0.006766
0.005305 0.005444
0.005302 0.006432
0.005298 0.005997
0.005297 0.006646
0.005296 0.006188
0.005296 0.005405
0.005293 0.005969
0.005291 0.010670
0.005283 0.007177
0.005281 0.011428
0.005280 0.006947
0.005278 0.006029
0.005277 0.008313
0.005276 0.007047
0.005268 0.008370
0.005267 0.005711
0.005263 0.007520
0.005260 0.006190
0.005253 0.005755
0.005253 0.009797
0.005253 0.007229
0.005251 0.006319
0.005248 0.006108
0.005248 0.006296
0.005247 0.005688
0.005241 0.006987
0.005235 0.005485
0.005232 0.005265
0.005230 0.005479
0.005229 0.005809
0.005227 0.005315
0.005227 0.009947
0.005227 0.005788
0.005226 0.005675
0.005226 0.005821
0.005222 0.005902
0.005221 0.005512
0.005213 0.006406
0.005207 0.005823
0.005203 0.010241
0.005200 0.007060
0.005199 0.006857
0.005196 0.007898
0.005196 0.005368
0.005196 0.005663
0.005194 0.007676
0.005192 0.005804
0.005191 0.006846
0.005185 0.005386
0.005183 0.009878
0.005181 0.011031
0.005181 0.005537
0.005175 0.008009
0.005174 0.006653
0.005173 0.011087
0.005166 0.005464
0.005164 0.007754
0.005161 0.012451
0.005160 0.006536
0.005157 0.008692
0.005156 0.005823
0.005153 0.005937
0.005153 0.008493
0.005151 0.005171
0.005150 0.005210
0.005147 0.005311
0.005140 0.005972
0.005139 0.006187
0.005138 0.005693
0.005135 0.007346
0.005135 0.005452
0.005132 0.007476
0.005132 0.006691
0.005131 0.005396
0.005130 0.006015
0.005129 0.007048
0.005128 0.005676
0.005125 0.005383
0.005122 0.006553
0.005117 0.005131
0.005114 0.005189
0.005109 0.006561
0.005104 0.005932
0.005103 0.008205
0.005101 0.007029
0.005101 0.007365
0.005088 0.005313
0.005087 0.009272
0.005082 0.008442
0.005081 0.005695
0.005078 0.005731
0.005078 0.006176
0.005077 0.005557
0.005076 0.005187
0.005075 0.007356
0.005072 0.009172
0.005071 0.005675
0.005070 0.006421
0.005067 0.012453
0.005065 0.007027
0.005064 0.005613
0.005064 0.005440
0.005061 0.005980
0.005058 0.007238
0.005057 0.005918
0.005052 0.005220
0.005046 0.005078
0.005046 0.007248
0.005044 0.006136
0.005042 0.005934
0.005038 0.009005
0.005038 0.006646
0.005034 0.005058
0.005032 0.009837
0.005031 0.005377
0.005028 0.005968
0.005028 0.007813
0.005026 0.007520
0.005025 0.008227
0.005025 0.008839
0.005019 0.006841
0.005018 0.006097
0.005014 0.006085
0.005013 0.006833
0.005009 0.005419
0.005003 0.007272
0.005002 0.006263
0.004999 0.006119
0.004998 0.005948
0.004996 0.005786
0.004995 0.005585
0.004995 0.008261
0.004993 0.007312
0.004992 0.009014
0.004989 0.009175
0.004982 0.006059
0.004979 0.004997
0.004975 0.008437
0.004975 0.005214
0.004972 0.005125
0.004971 0.005533
0.004971 0.005808
0.004970 0.006654
0.004968 0.005017
0.004964 0.006467
0.004963 0.008071
0.004963 0.007222
0.004962 0.008975
0.004961 0.007758
0.004960 0.005718
0.004957 0.005066
0.004954 0.005338
0.004952 0.006116
0.004951 0.004971
0.004948 0.006796
0.004948 0.008001
0.004944 0.007196
0.004940 0.006542
0.004938 0.006253
0.004931 0.005072
0.004930 0.005425
0.004928 0.005118
0.004927 0.006811
0.004926 0.006192
0.004925 0.007070
0.004919 0.008471
0.004915 0.005001
0.004913 0.006558
0.004908 0.006920
0.004906 0.007661
0.004906 0.004944
0.004906 0.008758
0.004906 0.005008
0.004906 0.008186
0.004903 0.006417
0.004902 0.007376
0.004902 0.006520
0.004895 0.005402
0.004892 0.005138
0.004892 0.005547
0.004891 0.008193
0.004890 0.009776
0.004884 0.008952
0.004880 0.004924
0.004879 0.007523
0.004879 0.004899
0.004875 0.008268
0.004865 0.006776
0.004859 0.005227
0.004859 0.004860
0.004858 0.006847
0.004850 0.007248
0.004842 0.005413
0.004837 0.007263
0.004837 0.005610
0.004835 0.006134
0.004827 0.007103
0.004825 0.007752
0.004823 0.004849
0.004820 0.005637
0.004817 0.005038
0.004809 0.008500
0.004808 0.008563
0.004803 0.005375
0.004799 0.005342
0.004797 0.007138
0.004796 0.004915
0.004794 0.009068
0.004792 0.005445
0.004792 0.009571
0.004791 0.004974
0.004790 0.004846
0.004789 0.005811
0.004783 0.005000
0.004779 0.005974
0.004779 0.005827
0.004779 0.006233
0.004777 0.004832
0.004777 0.007366
0.004776 0.005136
0.004774 0.005527
0.004773 0.009719
0.004771 0.006085
0.004771 0.005596
0.004766 0.005401
0.004763 0.006486
0.004762 0.004993
0.004756 0.007209
0.004747 0.008455
0.004744 0.007714
0.004743 0.008770
0.004741 0.005365
0.004740 0.004773
0.004740 0.005927
0.004736 0.006153
0.004735 0.006131
0.004734 0.005575
0.004732 0.006987
0.004725 0.009176
0.004723 0.009479
0.004722 0.005397
0.004719 0.004830
0.004718 0.005402
0.004717 0.007442
0.004712 0.005819
0.004709 0.005377
0.004706 0.006648
0.004706 0.004986
0.004705 0.005323
0.004704 0.007011
0.004703 0.004982
0.004701 0.007983
0.004699 0.005072
0.004699 0.005792
0.004699 0.005106
0.004695 0.007050
0.004692 0.006752
0.004692 0.005581
0.004687 0.004813
0.004684 0.005188
0.004680 0.004984
0.004680 0.005759
0.004679 0.009407
0.004676 0.005226
0.004675 0.006633
0.004675 0.005216
0.004674 0.005336
0.004671 0.007939
0.004671 0.006833
0.004670 0.006350
0.004668 0.009088
0.004657 0.004908
0.004656 0.005351
0.004654 0.007436
0.004654 0.006315
0.004654 0.004756
0.004648 0.005326
0.004647 0.006506
0.004638 0.005708
0.004636 0.004744
0.004635 0.005207
0.004633 0.005836
0.004633 0.004696
0.004631 0.006718
0.004630 0.005041
0.004626 0.007354
0.004625 0.008638
0.004623 0.008906
0.004622 0.007043
0.004621 0.007132
0.004620 0.007492
0.004618 0.004928
0.004617 0.005480
0.004617 0.007629
0.004617 0.005024
0.004617 0.006351
0.004615 0.005731
0.004613 0.005599
0.004612 0.006052
0.004612 0.005154
0.004609 0.005611
0.004607 0.004686
0.004601 0.007609
0.004600 0.007533
0.004598 0.006935
0.004598 0.008498
0.004592 0.004608
0.004591 0.007795
0.004589 0.005757
0.004588 0.005352
0.004584 0.004649
0.004583 0.005407
0.004582 0.006208
0.004578 0.008943
0.004571 0.004742
0.004569 0.008359
0.004566 0.005966
0.004564 0.005146
0.004563 0.005901
0.004558 0.004638
0.004557 0.004873
0.004552 0.005896
0.004551 0.005453
0.004547 0.007263
0.004546 0.009900
0.004544 0.007296
0.004544 0.006112
0.004544 0.005590
0.004538 0.006469
0.004536 0.007311
0.004536 0.006875
0.004536 0.005638
0.004535 0.004883
0.004534 0.005137
0.004534 0.005077
0.004533 0.004942
0.004533 0.004833
0.004532 0.005655
0.004530 0.005937
0.004528 0.004703
0.004520 0.005090
0.004517 0.004798
0.004517 0.004672
0.004513 0.005558
0.004510 0.004903
0.004507 0.005751
0.004506 0.004675
0.004503 0.004581
0.004499 0.005616
0.004496 0.006618
0.004495 0.010938
0.004495 0.005688
0.004495 0.005399
0.004494 0.006160
0.004492 0.005765
0.004492 0.004530
0.004491 0.004946
0.004489 0.005919
0.004487 0.004564
0.004482 0.007415
0.004476 0.004857
0.004468 0.006262
0.004467 0.008391
0.004467 0.005353
0.004464 0.004501
0.004464 0.004648
0.004457 0.005003
0.004455 0.013201
0.004451 0.008418
0.004449 0.005094
0.004448 0.005787
0.004447 0.006148
0.004445 0.005641
0.004442 0.004512
0.004441 0.005070
0.004436 0.004802
0.004435 0.006638
0.004435 0.005107
0.004433 0.005391
0.004431 0.004865
0.004428 0.006795
0.004428 0.008002
0.004427 0.006579
0.004425 0.004604
0.004424 0.007544
0.004423 0.004496
0.004422 0.005539
0.004421 0.006838
0.004417 0.006742
0.004417 0.004914
0.004413 0.004656
0.004410 0.007120
0.004404 0.007162
0.004400 0.007921
0.004397 0.005480
0.004397 0.006742
0.004394 0.004959
0.004390 0.005241
0.004390 0.005571
0.004387 0.007526
0.004385 0.004511
0.004381 0.009313
0.004378 0.008217
0.004377 0.004387
0.004376 0.004823
0.004373 0.005700
0.004371 0.005004
0.004370 0.007888
0.004370 0.004488
0.004367 0.006747
0.004367 0.005867
0.004366 0.006797
0.004365 0.004424
0.004362 0.005192
0.004362 0.004457
0.004360 0.006031
0.004357 0.005443
0.004355 0.004533
0.004355 0.004379
0.004353 0.005247
0.004352 0.005378
0.004351 0.004858
0.004351 0.006225
0.004349 0.004998
0.004347 0.004786
0.004346 0.010023
0.004344 0.006663
0.004343 0.004628
0.004342 0.008422
0.004340 0.007505
0.004339 0.004352
0.004333 0.004507
0.004328 0.004476
0.004324 0.004411
0.004323 0.004628
0.004322 0.004358
0.004318 0.004659
0.004315 0.008965
0.004311 0.008897
0.004310 0.006589
0.004310 0.007222
0.004305 0.005057
0.004299 0.004310
0.004294 0.006592
0.004293 0.004432
0.004293 0.004364
0.004292 0.004425
0.004291 0.009445
0.004289 0.007563
0.004289 0.004493
0.004287 0.005668
0.004286 0.004594
0.004286 0.005125
0.004285 0.009775
0.004283 0.007492
0.004278 0.004543
0.004276 0.007700
0.004271 0.004565
0.004271 0.005298
0.004269 0.004735
0.004260 0.005459
0.004259 0.006645
0.004258 0.005955
0.004258 0.006215
0.004258 0.004386
0.004257 0.004469
0.004257 0.004606
0.004251 0.004942
0.004246 0.005244
0.004243 0.005759
0.004242 0.004990
0.004241 0.004651
0.004238 0.004413
0.004235 0.006191
0.004233 0.004313
0.004221 0.004667
0.004215 0.004219
0.004212 0.007193
0.004210 0.006584
0.004209 0.004292
0.004209 0.009870
0.004207 0.008737
0.004204 0.004905
0.004202 0.004549
0.004201 0.004206
0.004195 0.006000
0.004195 0.004627
0.004194 0.004236
0.004191 0.004575
0.004188 0.005435
0.004187 0.006512
0.004179 0.004371
0.004179 0.004958
0.004177 0.005009
0.004175 0.004466
0.004172 0.010085
0.004169 0.004361
0.004166 0.010715
0.004165 0.005454
0.004164 0.004828
0.004163 0.008347
0.004158 0.004989
0.004157 0.005265
0.004156 0.006703
0.004154 0.004510
0.004140 0.006087
0.004135 0.004342
0.004135 0.005532
0.004134 0.004266
0.004126 0.005968
0.004123 0.004175
0.004122 0.004394
0.004120 0.004492
0.004117 0.005230
0.004107 0.004315
0.004102 0.006244
0.004100 0.004400
0.004096 0.006593
0.004094 0.005509
0.004089 0.008587
0.004086 0.005573
0.004083 0.004619
0.004081 0.004115
0.004081 0.004376
0.004078 0.004306
0.004075 0.004884
0.004073 0.004330
0.004068 0.004532
0.004067 0.004614
0.004066 0.007427
0.004053 0.011131
0.004050 0.006397
0.004050 0.004589
0.004049 0.004586
0.004043 0.006452
0.004039 0.006654
0.004026 0.004127
0.004019 0.004583
0.004019 0.004187
0.004016 0.007512
0.004015 0.004389
0.004013 0.008095
0.004008 0.004174
0.004005 0.005344
0.004001 0.005067
0.004000 0.004139
0.003999 0.005042
0.003998 0.005189
0.003995 0.004267
0.003994 0.004155
0.003988 0.004239
0.003986 0.005925
0.003978 0.004059
0.003974 0.004381
0.003969 0.004157
0.003968 0.004878
0.003966 0.004195
0.003963 0.004010
0.003959 0.004511
0.003958 0.003999
0.003957 0.004128
0.003955 0.004743
0.003955 0.006242
0.003955 0.005320
0.003952 0.004077
0.003951 0.007872
0.003947 0.005025
0.003943 0.004815
0.003939 0.004989
0.003939 0.006085
0.003938 0.004049
0.003937 0.004352
0.003931 0.005499
0.003928 0.004488
0.003926 0.004509
0.003926 0.003976
0.003924 0.003977
0.003918 0.006302
0.003917 0.006851
0.003916 0.004175
0.003915 0.006234
0.003914 0.006360
0.003913 0.004192
0.003913 0.005225
0.003907 0.004981
0.003899 0.005162
0.003896 0.005755
0.003891 0.005706
0.003890 0.004819
0.003890 0.006418
0.003887 0.006934
0.003886 0.003996
0.003879 0.005758
0.003879 0.005129
0.003873 0.004606
0.003866 0.006235
0.003866 0.006146
0.003864 0.008678
0.003861 0.003864
0.003860 0.004809
0.003858 0.005457
0.003857 0.003893
0.003855 0.004415
0.003853 0.004330
0.003850 0.004105
0.003844 0.009174
0.003842 0.005275
0.003841 0.003864
0.003830 0.005023
0.003824 0.004144
0.003819 0.004127
0.003818 0.004820
0.003810 0.004366
0.003809 0.004394
0.003795 0.004443
0.003792 0.004304
0.003787 0.007820
0.003773 0.006520
0.003771 0.005405
0.003769 0.004119
0.003765 0.004453
0.003758 0.003840
0.003751 0.004250
0.003742 0.003893
0.003739 0.004799
0.003736 0.004181
0.003730 0.004026
0.003720 0.006154
0.003720 0.003973
0.003715 0.004715
0.003715 0.006427
0.003707 0.003725
0.003704 0.004255
0.003698 0.003743
0.003693 0.004942
0.003692 0.004437
0.003683 0.004473
0.003678 0.007036
0.003677 0.003793
0.003672 0.003697
0.003671 0.007073
0.003667 0.004296
0.003661 0.004059
0.003653 0.004019
0.003652 0.004626
0.003651 0.004208
0.003650 0.003906
0.003650 0.003693
0.003643 0.004091
0.003642 0.005116
0.003641 0.007748
0.003641 0.003659
0.003641 0.004061
0.003629 0.004645
0.003618 0.003966
0.003609 0.004511
0.003608 0.004560
0.003601 0.004546
0.003591 0.003994
0.003585 0.003780
0.003582 0.004231
0.003580 0.004961
0.003579 0.003599
0.003577 0.004178
0.003574 0.003950
0.003562 0.003680
0.003560 0.004559
0.003549 0.003807
0.003547 0.003745
0.003542 0.003694
0.003533 0.004326
0.003519 0.004804
0.003515 0.003750
0.003515 0.004656
0.003515 0.003762
0.003512 0.004294
0.003512 0.007136
0.003508 0.004029
0.003503 0.005363
0.003502 0.003723
0.003495 0.003550
0.003482 0.004120
0.003477 0.003488
0.003474 0.003963
0.003473 0.004293
0.003466 0.004272
0.003464 0.003643
0.003456 0.003973
0.003445 0.003488
0.003440 0.004355
0.003439 0.003738
0.003436 0.003998
0.003430 0.003464
0.003429 0.003790
0.003420 0.003555
0.003417 0.006236
0.003406 0.003988
0.003401 0.003497
0.003394 0.003509
0.003393 0.004451
0.003383 0.004408
0.003377 0.005955
0.003366 0.003577
0.003364 0.004494
0.003359 0.004304
0.003344 0.003791
0.003339 0.003562
0.003338 0.003805
0.003330 0.003831
0.003328 0.003591
0.003327 0.004369
0.003307 0.003942
0.003300 0.004647
0.003279 0.003539
0.003268 0.004271
0.003263 0.004786
0.003255 0.004306
0.003242 0.003750
0.003236 0.003404
0.003235 0.003294
0.003233 0.004680
0.003229 0.003688
0.003227 0.004303
0.003201 0.003349
0.003197 0.003546
0.003190 0.003518
0.003180 0.003574
0.003180 0.004070
0.003178 0.004093
0.003166 0.004088
0.003164 0.003705
0.003158 0.003514
0.003154 0.003857
0.003147 0.003684
0.003147 0.003333
0.003135 0.003825
0.003130 0.003756
0.003124 0.003440
0.003114 0.004765
0.003097 0.003561
0.003096 0.003180
0.003078 0.003697
0.003067 0.003414
0.003065 0.003221
0.003061 0.003703
0.003059 0.006232
0.003057 0.003501
0.003038 0.003330
0.003036 0.003398
0.003031 0.003124
0.003027 0.003870
0.003025 0.003037
0.003025 0.004392
0.003021 0.003106
0.003011 0.003060
0.002992 0.002996
0.002983 0.003634
0.002969 0.004022
0.002969 0.003426
0.002963 0.003380
0.002953 0.003444
0.002951 0.002953
0.002943 0.003209
0.002941 0.003117
0.002939 0.003015
0.002930 0.003063
0.002924 0.002956
0.002921 0.003181
0.002916 0.002981
0.002913 0.003048
0.002901 0.002962
0.002898 0.002943
0.002892 0.003328
0.002877 0.002899
0.002870 0.004794
0.002870 0.003022
0.002865 0.002870
0.002850 0.003018
0.002843 0.003530
0.002817 0.002845
0.002811 0.005381
0.002752 0.002967
0.002746 0.002768
0.002728 0.003015
0.002708 0.002907
0.002707 0.002821
0.002706 0.003156
0.002693 0.003098
0.002692 0.003125
0.002679 0.002769
0.002669 0.002873
0.002645 0.002842
0.002630 0.002920
0.002629 0.003016
0.002610 0.003704
0.002594 0.002762
0.002588 0.003060
0.002586 0.002742
0.002562 0.002591
0.002555 0.002823
0.002547 0.003708
0.002518 0.002601
0.002509 0.002798
0.002490 0.002860
0.002459 0.002481
0.002448 0.002541
0.002440 0.002903
0.002358 0.002610
0.002349 0.002680
0.002308 0.002357
0.002305 0.002382
0.002287 0.002331
0.002279 0.002306
0.002258 0.002665
0.002253 0.002858
0.002246 0.002666
0.002221 0.002518
0.002133 0.002441
0.002107 0.002288
0.002060 0.002406
0.002054 0.002225
0.002022 0.002133
0.001715 0.002000
