0.207365 0.209056
0.200539 0.306264
0.136331 0.173871
0.119139 0.128605
0.106524 0.131601
0.103794 0.113134
0.102918 0.105806
0.095685 0.096547
0.088317 0.114315
0.087108 0.090050
0.086000 0.090913
0.084986 0.085498
0.084460 0.097778
0.084223 0.091621
0.081735 0.088475
0.081069 0.095451
0.069870 0.096732
0.067461 0.116817
0.066653 0.067903
0.066239 0.074878
0.063647 0.090599
0.061289 0.072718
0.061207 0.074415
0.061125 0.069041
0.056655 0.057150
0.055635 0.068532
0.055219 0.057736
0.055180 0.068087
0.053866 0.054448
0.053734 0.061740
0.052826 0.066194
0.052443 0.052459
0.052028 0.061007
0.050719 0.053824
0.047379 0.050336
0.046802 0.049480
0.046448 0.066518
0.044811 0.063573
0.044520 0.063491
0.044154 0.049121
0.043589 0.080483
0.043578 0.049166
0.043413 0.048322
0.043203 0.059873
0.042632 0.043882
0.042448 0.047045
0.041092 0.043536
0.040933 0.053240
0.040878 0.041508
0.039390 0.044987
0.039170 0.071029
0.039160 0.065475
0.037724 0.047897
0.037298 0.039127
0.037250 0.057515
0.036741 0.058806
0.036578 0.040721
0.035953 0.037248
0.035876 0.038217
0.034766 0.049337
0.034636 0.035221
0.034535 0.034626
0.034415 0.048886
0.034386 0.034592
0.034187 0.042749
0.033993 0.038910
0.033373 0.051025
0.033349 0.042492
0.033175 0.045168
0.032919 0.041413
0.032708 0.036233
0.032468 0.038954
0.032444 0.045228
0.032291 0.032929
0.031849 0.032746
0.031792 0.046698
0.031074 0.051501
0.030630 0.033760
0.030007 0.030275
0.029761 0.033453
0.029585 0.031686
0.029317 0.031210
0.029308 0.031371
0.029208 0.052472
0.029058 0.040667
0.029010 0.030203
0.028521 0.034668
0.028455 0.031790
0.028261 0.033524
0.028085 0.031794
0.027983 0.029568
0.027979 0.029465
0.027935 0.030916
0.027905 0.032202
0.027858 0.030553
0.027618 0.044039
0.027547 0.034959
0.027542 0.030204
0.027500 0.027870
0.027481 0.030945
0.027406 0.028278
0.027362 0.041673
0.026609 0.035845
0.026504 0.026641
0.026210 0.033785
0.026140 0.028048
0.026009 0.050691
0.025961 0.048898
0.025875 0.026043
0.025692 0.028565
0.025587 0.033125
0.025468 0.025536
0.025192 0.039294
0.025148 0.027234
0.024737 0.027216
0.024597 0.030532
0.024508 0.029008
0.024362 0.025661
0.024352 0.026181
0.024229 0.027108
0.023952 0.046098
0.023877 0.028246
0.023786 0.031351
0.023633 0.026575
0.023418 0.028703
0.023338 0.033850
0.023246 0.025560
0.023194 0.023230
0.023158 0.023762
0.023142 0.027752
0.023072 0.028677
0.022980 0.028874
0.022875 0.024299
0.022802 0.026567
0.022698 0.023023
0.022679 0.026688
0.022555 0.023212
0.022553 0.032515
0.022353 0.023003
0.022269 0.026121
0.022245 0.034190
0.022174 0.022869
0.022159 0.036240
0.021984 0.022153
0.021888 0.025517
0.021826 0.029184
0.021799 0.030640
0.021793 0.036746
0.021783 0.023142
0.021527 0.023025
0.021488 0.030403
0.021398 0.023762
0.021341 0.032402
0.021266 0.025609
0.021196 0.022063
0.021135 0.029839
0.021122 0.024862
0.021054 0.024587
0.020880 0.027226
0.020870 0.026695
0.020869 0.023009
0.020850 0.024048
0.020780 0.033197
0.020776 0.022173
0.020758 0.033283
0.020754 0.024804
0.020747 0.022893
0.020636 0.021482
0.020491 0.023170
0.020461 0.022334
0.020311 0.042464
0.020282 0.020816
0.020276 0.021433
0.020201 0.033816
0.020135 0.021068
0.020078 0.020345
0.020051 0.024813
0.020011 0.023704
0.019987 0.020107
0.019923 0.037144
0.019850 0.021754
0.019844 0.021377
0.019814 0.020242
0.019778 0.025543
0.019759 0.023761
0.019650 0.019972
0.019555 0.019755
0.019433 0.020737
0.019388 0.021509
0.019358 0.024667
0.019357 0.020045
0.019334 0.019653
0.019306 0.021865
0.019224 0.019903
0.019213 0.021579
0.019193 0.028152
0.019132 0.019695
0.019113 0.021992
0.019004 0.023025
0.018971 0.033090
0.018951 0.022897
0.018934 0.021249
0.018900 0.022820
0.018833 0.022859
0.018809 0.019481
0.018724 0.019617
0.018693 0.027334
0.018632 0.034205
0.018519 0.019384
0.018508 0.020737
0.018438 0.019970
0.018409 0.028493
0.018363 0.019075
0.018285 0.018373
0.018257 0.023101
0.018186 0.020193
0.018163 0.023465
0.018089 0.019600
0.018072 0.019168
0.017928 0.019689
0.017912 0.022984
0.017888 0.019511
0.017872 0.031985
0.017858 0.033613
0.017826 0.018377
0.017793 0.025817
0.017780 0.018258
0.017752 0.020646
0.017733 0.018987
0.017685 0.022238
0.017637 0.019819
0.017605 0.019889
0.017590 0.021436
0.017584 0.031071
0.017580 0.018759
0.017573 0.018267
0.017508 0.021600
0.017394 0.019546
0.017359 0.026103
0.017358 0.021473
0.017154 0.023121
0.017154 0.021630
0.017147 0.018814
0.017124 0.017254
0.017090 0.021531
0.017052 0.022707
0.017006 0.019225
0.016989 0.023865
0.016847 0.018221
0.016818 0.019954
0.016718 0.016759
0.016673 0.016849
0.016592 0.017355
0.016513 0.017955
0.016484 0.017859
0.016483 0.016761
0.016483 0.017639
0.016456 0.020377
0.016423 0.023429
0.016285 0.026661
0.016222 0.022589
0.016218 0.029720
0.016208 0.019997
0.016206 0.016901
0.016199 0.023864
0.016188 0.025922
0.016103 0.018633
0.016084 0.017073
0.016060 0.018396
0.016011 0.023553
0.016004 0.023841
0.015900 0.022339
0.015887 0.017033
0.015887 0.016549
0.015796 0.039427
0.015781 0.021977
0.015642 0.018544
0.015623 0.021355
0.015612 0.018491
0.015610 0.020831
0.015584 0.018554
0.015419 0.020206
0.015382 0.017638
0.015348 0.027907
0.015348 0.017286
0.015335 0.015600
0.015312 0.019222
0.015310 0.017519
0.015301 0.015850
0.015259 0.015739
0.015254 0.016437
0.015253 0.016525
0.015249 0.021964
0.015249 0.015294
0.015144 0.015592
0.015136 0.020265
0.015135 0.015935
0.015024 0.016313
0.014988 0.016573
0.014983 0.016260
0.014944 0.015234
0.014937 0.015527
0.014881 0.015984
0.014861 0.015005
0.014842 0.016069
0.014834 0.017871
0.014753 0.015353
0.014675 0.027295
0.014668 0.018666
0.014667 0.022409
0.014630 0.035046
0.014619 0.014812
0.014601 0.019150
0.014601 0.016091
0.014588 0.017035
0.014568 0.017274
0.014545 0.022277
0.014529 0.015780
0.014452 0.018723
0.014414 0.017144
0.014399 0.014503
0.014357 0.016158
0.014315 0.029877
0.014291 0.019906
0.014284 0.019746
0.014278 0.015058
0.014240 0.019348
0.014190 0.014819
0.014182 0.014738
0.014178 0.016091
0.014174 0.019610
0.014169 0.017653
0.014143 0.016193
0.014103 0.015953
0.014101 0.026458
0.014098 0.018783
0.014093 0.020973
0.014082 0.015358
0.014073 0.017909
0.014070 0.014329
0.014043 0.021692
0.013989 0.015839
0.013941 0.017566
0.013898 0.014221
0.013898 0.020241
0.013851 0.013917
0.013800 0.014241
0.013681 0.017104
0.013677 0.025018
0.013674 0.020840
0.013671 0.026556
0.013656 0.013913
0.013650 0.027179
0.013615 0.025184
0.013615 0.014823
0.013609 0.014058
0.013501 0.016075
0.013489 0.016877
0.013478 0.015369
0.013464 0.015477
0.013449 0.019505
0.013421 0.013668
0.013419 0.016081
0.013410 0.015032
0.013408 0.018249
0.013404 0.020161
0.013388 0.015327
0.013356 0.018145
0.013330 0.014328
0.013255 0.016747
0.013174 0.017005
0.013164 0.014007
0.013143 0.013499
0.013121 0.014278
0.013109 0.014763
0.013095 0.013331
0.013082 0.013341
0.013079 0.015888
0.013048 0.015793
0.013014 0.014266
0.013014 0.015897
0.012985 0.013861
0.012953 0.013352
0.012930 0.017131
0.012916 0.015862
0.012914 0.013521
0.012833 0.014231
0.012819 0.013211
0.012809 0.017354
0.012798 0.013474
0.012782 0.016986
0.012775 0.015754
0.012748 0.014505
0.012733 0.015130
0.012709 0.016045
0.012703 0.019191
0.012693 0.012913
0.012670 0.022502
0.012655 0.017348
0.012637 0.018239
0.012594 0.023215
0.012550 0.023382
0.012534 0.013737
0.012506 0.013486
0.012497 0.024006
0.012483 0.013755
0.012458 0.013278
0.012456 0.013181
0.012452 0.015954
0.012450 0.012898
0.012437 0.015100
0.012431 0.015047
0.012405 0.015263
0.012404 0.012899
0.012401 0.013719
0.012391 0.018163
0.012390 0.021044
0.012370 0.015765
0.012363 0.022067
0.012318 0.013324
0.012315 0.012667
0.012285 0.013810
0.012211 0.014839
0.012197 0.013362
0.012156 0.013670
0.012142 0.013392
0.012134 0.012278
0.012123 0.012259
0.012119 0.022744
0.012080 0.012088
0.012078 0.013731
0.012077 0.012793
0.012018 0.012570
0.011964 0.014660
0.011957 0.017015
0.011940 0.015352
0.011927 0.016303
0.011908 0.015758
0.011892 0.019542
0.011891 0.014948
0.011867 0.012547
0.011858 0.012679
0.011845 0.013230
0.011815 0.011995
0.011811 0.024922
0.011811 0.020192
0.011803 0.017918
0.011802 0.020337
0.011798 0.011940
0.011742 0.015504
0.011735 0.013641
0.011730 0.014543
0.011725 0.012777
0.011720 0.013021
0.011709 0.017187
0.011651 0.017479
0.011624 0.019045
0.011585 0.012544
0.011578 0.018319
0.011574 0.012118
0.011565 0.012939
0.011523 0.013148
0.011519 0.018259
0.011515 0.013751
0.011506 0.013093
0.011489 0.012843
0.011445 0.012230
0.011388 0.012837
0.011342 0.017487
0.011316 0.013448
0.011292 0.012588
0.011265 0.016961
0.011263 0.020102
0.011225 0.013233
0.011212 0.011230
0.011206 0.011342
0.011189 0.016633
0.011182 0.011390
0.011155 0.013359
0.011139 0.016425
0.011139 0.029044
0.011109 0.019954
0.011102 0.020645
0.011097 0.012396
0.011073 0.013493
0.011064 0.011993
0.011019 0.012343
0.010927 0.016288
0.010912 0.018163
0.010910 0.016622
0.010890 0.014127
0.010870 0.013406
0.010867 0.011789
0.010858 0.012011
0.010858 0.012097
0.010847 0.012315
0.010818 0.011551
0.010814 0.016219
0.010806 0.015870
0.010787 0.013295
0.010777 0.014340
0.010766 0.012008
0.010726 0.010897
0.010715 0.017277
0.010703 0.013202
0.010651 0.013489
0.010644 0.016322
0.010640 0.011276
0.010604 0.011046
0.010589 0.011339
0.010586 0.014935
0.010585 0.010693
0.010541 0.014973
0.010518 0.019090
0.010513 0.011048
0.010490 0.015679
0.010475 0.010901
0.010475 0.011032
0.010455 0.019721
0.010445 0.012535
0.010441 0.010916
0.010438 0.011050
0.010409 0.010536
0.010408 0.015672
0.010401 0.015195
0.010339 0.011279
0.010326 0.016212
0.010311 0.011116
0.010278 0.011289
0.010270 0.015844
0.010258 0.012546
0.010249 0.012920
0.010248 0.012412
0.010243 0.010263
0.010237 0.010278
0.010231 0.010553
0.010227 0.011097
0.010205 0.014081
0.010203 0.016437
0.010202 0.017997
0.010178 0.010506
0.010151 0.012042
0.010142 0.011144
0.010117 0.010286
0.010109 0.014321
0.010104 0.010256
0.010057 0.010490
0.010044 0.011488
0.010035 0.010051
0.010015 0.011227
0.009997 0.011192
0.009975 0.011684
0.009941 0.013182
0.009938 0.012142
0.009936 0.012674
0.009927 0.010462
0.009909 0.014359
0.009908 0.010017
0.009895 0.012629
0.009857 0.016559
0.009819 0.010097
0.009818 0.009895
0.009773 0.010850
0.009773 0.013531
0.009758 0.012707
0.009739 0.009964
0.009724 0.009820
0.009701 0.010819
0.009698 0.011801
0.009638 0.012247
0.009624 0.009696
0.009605 0.019640
0.009600 0.011185
0.009546 0.013623
0.009533 0.010333
0.009521 0.010592
0.009512 0.009624
0.009503 0.012196
0.009473 0.009581
0.009448 0.012745
0.009447 0.013467
0.009442 0.009663
0.009414 0.010439
0.009411 0.014271
0.009370 0.009917
0.009366 0.014897
0.009355 0.016279
0.009338 0.009608
0.009329 0.009560
0.009312 0.010707
0.009309 0.009416
0.009291 0.013473
0.009285 0.010668
0.009277 0.011100
0.009265 0.009920
0.009238 0.013956
0.009228 0.013490
0.009217 0.011346
0.009215 0.010834
0.009188 0.014067
0.009186 0.010896
0.009186 0.009594
0.009180 0.010259
0.009153 0.013455
0.009103 0.010495
0.009102 0.009417
0.009070 0.017345
0.009058 0.012015
0.009037 0.009943
0.009032 0.013408
0.009012 0.009061
0.009006 0.011496
0.009004 0.009327
0.008996 0.011915
0.008983 0.010289
0.008961 0.012604
0.008952 0.012841
0.008879 0.014223
0.008872 0.009435
0.008862 0.009406
0.008840 0.010392
0.008834 0.009802
0.008832 0.014325
0.008822 0.009757
0.008793 0.010474
0.008782 0.010321
0.008776 0.010004
0.008768 0.012081
0.008728 0.009717
0.008725 0.010539
0.008720 0.009009
0.008718 0.016558
0.008703 0.010215
0.008694 0.009910
0.008690 0.011317
0.008687 0.009933
0.008680 0.014394
0.008674 0.008722
0.008652 0.009869
0.008612 0.011861
0.008598 0.009099
0.008553 0.011932
0.008548 0.010913
0.008542 0.009269
0.008520 0.009093
0.008508 0.010507
0.008481 0.009546
0.008481 0.009884
0.008451 0.009781
0.008434 0.008859
0.008433 0.010343
0.008428 0.009699
0.008419 0.011308
0.008416 0.012073
0.008408 0.009957
0.008408 0.010358
0.008389 0.008855
0.008372 0.010369
0.008360 0.009121
0.008344 0.010036
0.008317 0.010622
0.008305 0.009534
0.008279 0.008940
0.008276 0.009399
0.008272 0.008852
0.008225 0.010377
0.008208 0.008537
0.008203 0.008946
0.008146 0.008398
0.008138 0.011108
0.008099 0.011163
0.008094 0.014639
0.008084 0.008216
0.008080 0.009539
0.008052 0.015140
0.008049 0.008241
0.008012 0.016480
0.007991 0.010214
0.007987 0.008797
0.007987 0.008454
0.007978 0.015240
0.007908 0.011480
0.007887 0.014016
0.007867 0.014079
0.007858 0.008568
0.007855 0.007958
0.007835 0.010212
0.007832 0.008317
0.007823 0.007845
0.007804 0.015685
0.007802 0.011514
0.007802 0.008206
0.007799 0.009750
0.007790 0.008979
0.007768 0.008863
0.007750 0.008931
0.007719 0.011236
0.007707 0.013736
0.007673 0.008484
0.007673 0.009623
0.007661 0.007735
0.007659 0.008116
0.007643 0.007839
0.007607 0.009205
0.007598 0.010394
0.007590 0.007601
0.007589 0.009572
0.007570 0.008661
0.007548 0.008299
0.007547 0.013458
0.007531 0.010306
0.007499 0.009790
0.007496 0.009062
0.007488 0.008473
0.007470 0.007514
0.007443 0.008420
0.007429 0.007860
0.007428 0.011599
0.007417 0.007651
0.007376 0.009166
0.007356 0.008241
0.007329 0.008660
0.007323 0.008670
0.007282 0.013424
0.007279 0.008312
0.007274 0.008111
0.007260 0.007635
0.007225 0.012145
0.007191 0.007948
0.007175 0.007702
0.007171 0.009142
0.007150 0.011898
0.007134 0.011668
0.007095 0.008134
0.007084 0.013356
0.007075 0.007545
0.007064 0.010183
0.007024 0.007448
0.007023 0.008667
0.007022 0.008780
0.006992 0.014900
0.006985 0.016819
0.006967 0.007960
0.006964 0.008045
0.006907 0.008223
0.006901 0.008649
0.006895 0.008198
0.006892 0.006946
0.006891 0.007187
0.006864 0.009251
0.006835 0.008876
0.006833 0.007176
0.006822 0.008955
0.006814 0.011411
0.006805 0.008745
0.006792 0.010897
0.006759 0.011999
0.006747 0.010319
0.006744 0.010602
0.006742 0.009169
0.006736 0.009391
0.006734 0.008277
0.006706 0.012219
0.006702 0.006798
0.006692 0.008668
0.006679 0.006680
0.006661 0.007808
0.006653 0.007438
0.006597 0.007808
0.006570 0.007127
0.006560 0.007980
0.006552 0.008359
0.006547 0.010014
0.006503 0.012462
0.006489 0.009802
0.006470 0.006730
0.006458 0.009902
0.006457 0.007795
0.006450 0.006881
0.006447 0.006514
0.006444 0.006570
0.006379 0.006751
0.006374 0.010031
0.006366 0.006571
0.006360 0.016287
0.006356 0.006910
0.006350 0.006834
0.006328 0.006857
0.006308 0.009709
0.006302 0.007926
0.006280 0.007466
0.006269 0.007435
0.006223 0.008223
0.006222 0.006247
0.006203 0.007277
0.006185 0.011199
0.006181 0.008704
0.006156 0.006178
0.006131 0.007083
0.006128 0.010155
0.006106 0.008833
0.006096 0.009457
0.006078 0.006379
0.006058 0.006103
0.006051 0.006166
0.006035 0.008990
0.006017 0.010124
0.006008 0.008195
0.005993 0.006213
0.005983 0.006995
0.005973 0.008041
0.005941 0.006910
0.005928 0.006314
0.005911 0.007115
0.005877 0.006669
0.005844 0.007101
0.005760 0.007148
0.005759 0.012430
0.005721 0.006551
0.005712 0.007149
0.005695 0.006707
0.005658 0.005736
0.005644 0.006976
0.005629 0.006863
0.005628 0.008940
0.005626 0.010961
0.005624 0.006484
0.005606 0.007628
0.005581 0.006199
0.005547 0.006209
0.005541 0.005816
0.005499 0.009094
0.005395 0.006404
0.005393 0.006865
0.005392 0.005962
0.005113 0.006923
0.005106 0.005812
0.004931 0.005567
0.004849 0.005465
0.004818 0.006672
0.004707 0.005143
0.004682 0.005125
0.004669 0.004692
0.004664 0.005647
0.004602 0.005132
0.004598 0.004912
0.004546 0.004599
0.004535 0.006426
0.004355 0.004432
0.004253 0.004762
0.004091 0.004372
0.004075 0.004707
0.003890 0.004025
0.003817 0.003906
0.003776 0.004409
0.003704 0.004262
0.003676 0.004084
0.003654 0.003943
0.003373 0.004772
0.003192 0.003866
0.002953 0.003120
0.002308 0.002358
0.001295 0.001604
