0.210717 0.217355
0.140252 0.145764
0.139829 0.156332
0.137530 0.138027
0.136626 0.146909
0.131147 0.141758
0.108372 0.130710
0.102996 0.103728
0.101490 0.104759
0.099749 0.106387
0.095490 0.099694
0.094461 0.110611
0.088757 0.093300
0.087175 0.093954
0.082062 0.103343
0.078870 0.098975
0.072757 0.075717
0.072390 0.099845
0.069606 0.073373
0.069521 0.073960
0.069493 0.084441
0.069425 0.091684
0.068933 0.075715
0.068663 0.091135
0.068274 0.076317
0.067423 0.076507
0.065001 0.065141
0.062179 0.096371
0.057583 0.059246
0.057530 0.058437
0.057513 0.067303
0.057489 0.058967
0.053418 0.054456
0.052623 0.057609
0.052485 0.059186
0.052129 0.061124
0.051518 0.054511
0.051281 0.059861
0.050322 0.059267
0.050089 0.050242
0.049955 0.062060
0.049203 0.050102
0.047460 0.049962
0.047052 0.068039
0.046748 0.049216
0.046609 0.070803
0.045644 0.046762
0.044941 0.046752
0.044106 0.061617
0.043976 0.046496
0.043253 0.043964
0.042786 0.044531
0.042586 0.042908
0.042558 0.044244
0.042549 0.043915
0.042143 0.049199
0.042122 0.056802
0.041581 0.042815
0.040100 0.043048
0.040036 0.041075
0.039733 0.042196
0.039711 0.043219
0.039692 0.040208
0.039688 0.049479
0.039651 0.039725
0.039627 0.044253
0.039565 0.041403
0.039536 0.044130
0.039466 0.044405
0.039277 0.051857
0.039272 0.042916
0.038877 0.045179
0.038508 0.040164
0.038437 0.046325
0.038140 0.039835
0.037871 0.046911
0.037601 0.043712
0.037452 0.038241
0.037447 0.037522
0.037111 0.051413
0.036228 0.046875
0.036216 0.048039
0.035880 0.036157
0.035755 0.044751
0.035714 0.044318
0.035465 0.052164
0.034804 0.038366
0.034400 0.057412
0.034274 0.037743
0.034078 0.041133
0.033847 0.036568
0.033840 0.057546
0.033651 0.034184
0.033543 0.035445
0.033411 0.049351
0.033403 0.051300
0.033096 0.036463
0.033031 0.034314
0.032741 0.036788
0.032532 0.034073
0.032519 0.034225
0.032422 0.055455
0.032330 0.038337
0.032293 0.032801
0.032187 0.033426
0.032119 0.032532
0.031767 0.033264
0.031706 0.039485
0.031653 0.031809
0.031411 0.053167
0.031249 0.034110
0.031075 0.031217
0.031057 0.033335
0.031000 0.031449
0.030783 0.049960
0.030387 0.039393
0.030209 0.033779
0.029994 0.042654
0.029921 0.049680
0.029618 0.034061
0.029555 0.034884
0.029549 0.030939
0.029426 0.029989
0.029087 0.035880
0.029044 0.029731
0.029033 0.033098
0.028928 0.037338
0.028905 0.031172
0.028902 0.030074
0.028861 0.036563
0.028697 0.028996
0.028535 0.030012
0.028532 0.035397
0.028478 0.030882
0.028465 0.029169
0.028449 0.029422
0.028346 0.028875
0.028215 0.047744
0.028050 0.032760
0.028029 0.040262
0.027946 0.044343
0.027804 0.033745
0.027777 0.029032
0.027709 0.029984
0.027662 0.058407
0.027629 0.030638
0.027615 0.038941
0.027596 0.032461
0.027554 0.030344
0.027527 0.032914
0.027467 0.030616
0.027397 0.032888
0.027324 0.027940
0.027276 0.036968
0.027190 0.028239
0.027137 0.036556
0.026975 0.030662
0.026960 0.027322
0.026829 0.027165
0.026768 0.026955
0.026746 0.038926
0.026690 0.029024
0.026573 0.031814
0.026457 0.036689
0.026439 0.030795
0.026365 0.036565
0.026325 0.027611
0.026285 0.027959
0.026167 0.026783
0.026153 0.033961
0.026144 0.036142
0.026038 0.034701
0.026026 0.028382
0.026007 0.027215
0.025866 0.030385
0.025832 0.036690
0.025734 0.025918
0.025655 0.028421
0.025351 0.025596
0.025301 0.030441
0.025248 0.025940
0.025176 0.026665
0.025116 0.025853
0.025094 0.031740
0.025093 0.027482
0.025080 0.026014
0.024962 0.031520
0.024961 0.030809
0.024927 0.026501
0.024787 0.038976
0.024530 0.026985
0.024463 0.028545
0.024393 0.033669
0.024356 0.038331
0.024218 0.030989
0.024174 0.026294
0.024137 0.024708
0.024080 0.024149
0.023970 0.024596
0.023945 0.026155
0.023942 0.031379
0.023881 0.031063
0.023792 0.029405
0.023761 0.046814
0.023698 0.023700
0.023538 0.025291
0.023515 0.024059
0.023490 0.023712
0.023483 0.024831
0.023422 0.024443
0.023320 0.024359
0.023312 0.031800
0.023032 0.041929
0.023025 0.026984
0.022973 0.031943
0.022933 0.040062
0.022899 0.031063
0.022883 0.038198
0.022881 0.034237
0.022864 0.033499
0.022833 0.028347
0.022733 0.025705
0.022709 0.033998
0.022623 0.030222
0.022598 0.036572
0.022593 0.030746
0.022575 0.022789
0.022544 0.023265
0.022381 0.033937
0.022339 0.025475
0.022261 0.027680
0.022235 0.026857
0.022143 0.023604
0.022123 0.023450
0.022117 0.027402
0.022112 0.024632
0.022097 0.027040
0.022073 0.024056
0.022058 0.029873
0.022021 0.024783
0.022015 0.028774
0.022010 0.025970
0.021974 0.024310
0.021933 0.026663
0.021925 0.024309
0.021845 0.028070
0.021839 0.023187
0.021797 0.026862
0.021736 0.023128
0.021693 0.023925
0.021654 0.022250
0.021628 0.025302
0.021581 0.026001
0.021486 0.022637
0.021475 0.037985
0.021421 0.023478
0.021421 0.026964
0.021413 0.040519
0.021373 0.031536
0.021369 0.024025
0.021328 0.026672
0.021316 0.022599
0.021312 0.031397
0.021257 0.025195
0.021246 0.026202
0.021221 0.028339
0.021213 0.036692
0.021089 0.021560
0.021073 0.027834
0.021066 0.026816
0.021008 0.029844
0.020992 0.021534
0.020932 0.022580
0.020891 0.029728
0.020890 0.020944
0.020887 0.028233
0.020822 0.032387
0.020781 0.021187
0.020776 0.022208
0.020712 0.022536
0.020709 0.040770
0.020697 0.022920
0.020673 0.022509
0.020658 0.023995
0.020442 0.020531
0.020399 0.025614
0.020393 0.036740
0.020356 0.021579
0.020308 0.021520
0.020306 0.039906
0.020255 0.030577
0.020229 0.021278
0.020183 0.020854
0.020164 0.035718
0.020133 0.025336
0.020119 0.024318
0.020071 0.028014
0.020013 0.022358
0.019779 0.021103
0.019768 0.021309
0.019710 0.019795
0.019708 0.021398
0.019672 0.023671
0.019658 0.021782
0.019658 0.021441
0.019655 0.038417
0.019655 0.020126
0.019649 0.020366
0.019577 0.038924
0.019576 0.027858
0.019570 0.020882
0.019566 0.021030
0.019565 0.027257
0.019516 0.024857
0.019494 0.029428
0.019459 0.020141
0.019437 0.026953
0.019418 0.026079
0.019354 0.019624
0.019336 0.025047
0.019301 0.022283
0.019276 0.028776
0.019246 0.020384
0.019241 0.019661
0.019197 0.019997
0.019173 0.034583
0.019165 0.031550
0.019117 0.019546
0.019103 0.020004
0.019091 0.019413
0.019032 0.019988
0.019012 0.024554
0.018960 0.020505
0.018861 0.020213
0.018836 0.022353
0.018771 0.023840
0.018740 0.020880
0.018721 0.020287
0.018682 0.019377
0.018628 0.025414
0.018597 0.018984
0.018503 0.026831
0.018456 0.021893
0.018424 0.022832
0.018405 0.022889
0.018367 0.020186
0.018364 0.024830
0.018341 0.034362
0.018327 0.035118
0.018317 0.030377
0.018290 0.024744
0.018233 0.021381
0.018108 0.020865
0.018101 0.023753
0.018048 0.020867
0.018033 0.022791
0.018003 0.018884
0.017919 0.018723
0.017890 0.032103
0.017881 0.029144
0.017874 0.019152
0.017819 0.017979
0.017817 0.019761
0.017793 0.030751
0.017730 0.017988
0.017715 0.020415
0.017712 0.018463
0.017661 0.019630
0.017658 0.021987
0.017614 0.018149
0.017606 0.018815
0.017450 0.018477
0.017443 0.017549
0.017431 0.018281
0.017383 0.021443
0.017373 0.026516
0.017359 0.019787
0.017349 0.020926
0.017323 0.021879
0.017289 0.021127
0.017282 0.017673
0.017232 0.018062
0.017194 0.017512
0.017181 0.019455
0.017157 0.019625
0.017109 0.018678
0.017052 0.017734
0.017040 0.018277
0.017025 0.020904
0.016998 0.017025
0.016968 0.030744
0.016965 0.017598
0.016945 0.018985
0.016937 0.019944
0.016902 0.017669
0.016888 0.017709
0.016885 0.019551
0.016876 0.016923
0.016873 0.020176
0.016871 0.017623
0.016777 0.020333
0.016760 0.017788
0.016758 0.016909
0.016757 0.023455
0.016730 0.022913
0.016722 0.032825
0.016685 0.018388
0.016673 0.018964
0.016647 0.017249
0.016597 0.019836
0.016593 0.026194
0.016586 0.020260
0.016584 0.019506
0.016570 0.030952
0.016536 0.020746
0.016514 0.018359
0.016508 0.036601
0.016491 0.027489
0.016467 0.019519
0.016459 0.017167
0.016451 0.025419
0.016444 0.017705
0.016402 0.016479
0.016392 0.026549
0.016387 0.017263
0.016371 0.016705
0.016366 0.017705
0.016327 0.022797
0.016319 0.017531
0.016315 0.025419
0.016299 0.017714
0.016271 0.016601
0.016259 0.017758
0.016258 0.020445
0.016182 0.020945
0.016181 0.016335
0.016174 0.041490
0.016142 0.016952
0.016121 0.017748
0.016100 0.029424
0.016093 0.024704
0.016080 0.016640
0.016078 0.018166
0.016054 0.017159
0.016028 0.024205
0.016026 0.028360
0.015982 0.019648
0.015947 0.020047
0.015941 0.017023
0.015927 0.018547
0.015925 0.016214
0.015922 0.017925
0.015909 0.020327
0.015900 0.017524
0.015893 0.017960
0.015875 0.016442
0.015867 0.015915
0.015848 0.021149
0.015837 0.020069
0.015832 0.024627
0.015779 0.016495
0.015777 0.018347
0.015777 0.017695
0.015776 0.016252
0.015762 0.015834
0.015754 0.016604
0.015751 0.026249
0.015746 0.029995
0.015674 0.016028
0.015652 0.020123
0.015643 0.017431
0.015636 0.018482
0.015620 0.016544
0.015618 0.021066
0.015618 0.018889
0.015594 0.018172
0.015585 0.017312
0.015568 0.016531
0.015560 0.015906
0.015525 0.022814
0.015517 0.017591
0.015513 0.020425
0.015505 0.021916
0.015475 0.029783
0.015465 0.029248
0.015454 0.019320
0.015444 0.015611
0.015422 0.018439
0.015390 0.017350
0.015383 0.018295
0.015346 0.017243
0.015319 0.015435
0.015305 0.016517
0.015286 0.017782
0.015286 0.019462
0.015218 0.015277
0.015217 0.022537
0.015173 0.018594
0.015170 0.016140
0.015152 0.015372
0.015132 0.015702
0.015120 0.016057
0.015120 0.017167
0.015106 0.016844
0.015100 0.016183
0.015098 0.016315
0.015096 0.015677
0.015091 0.015734
0.015062 0.017757
0.015050 0.015566
0.015038 0.020806
0.015007 0.016986
0.014961 0.015674
0.014907 0.024386
0.014890 0.016416
0.014881 0.015005
0.014848 0.019401
0.014841 0.017418
0.014830 0.019252
0.014828 0.014962
0.014825 0.016964
0.014809 0.015898
0.014745 0.016096
0.014730 0.025210
0.014694 0.017394
0.014681 0.017286
0.014677 0.015921
0.014666 0.023438
0.014657 0.014901
0.014648 0.014987
0.014647 0.014694
0.014644 0.015316
0.014625 0.014977
0.014619 0.015777
0.014599 0.022733
0.014581 0.021084
0.014578 0.029410
0.014576 0.015057
0.014556 0.016579
0.014546 0.014910
0.014526 0.015567
0.014525 0.015724
0.014515 0.014742
0.014512 0.014677
0.014511 0.014650
0.014500 0.015949
0.014487 0.015865
0.014476 0.018332
0.014465 0.015245
0.014435 0.015174
0.014414 0.017767
0.014404 0.015515
0.014375 0.018513
0.014370 0.014999
0.014354 0.024044
0.014350 0.025722
0.014343 0.019479
0.014334 0.026440
0.014321 0.017935
0.014307 0.019016
0.014287 0.016097
0.014251 0.016288
0.014242 0.017778
0.014228 0.023199
0.014207 0.018921
0.014199 0.019142
0.014196 0.017783
0.014189 0.014527
0.014175 0.019803
0.014168 0.015709
0.014158 0.015161
0.014152 0.016260
0.014139 0.014732
0.014135 0.021628
0.014132 0.015336
0.014125 0.015709
0.014123 0.018990
0.014091 0.014810
0.014088 0.014152
0.014083 0.017398
0.014067 0.019131
0.014055 0.019103
0.014027 0.015282
0.014014 0.014408
0.013985 0.017704
0.013976 0.018216
0.013975 0.018037
0.013974 0.020776
0.013960 0.014448
0.013951 0.018795
0.013948 0.014949
0.013919 0.015890
0.013916 0.015274
0.013904 0.014302
0.013901 0.015895
0.013892 0.014842
0.013883 0.015083
0.013874 0.014125
0.013872 0.018520
0.013871 0.020768
0.013870 0.015950
0.013867 0.020393
0.013863 0.015857
0.013856 0.014006
0.013851 0.014231
0.013850 0.014052
0.013848 0.019346
0.013805 0.016130
0.013797 0.020680
0.013780 0.021020
0.013750 0.015122
0.013749 0.016312
0.013743 0.020250
0.013732 0.016275
0.013663 0.013725
0.013652 0.021464
0.013631 0.021893
0.013630 0.016449
0.013630 0.014791
0.013610 0.014168
0.013599 0.017022
0.013594 0.018161
0.013580 0.014108
0.013565 0.017983
0.013554 0.016273
0.013552 0.015047
0.013549 0.015666
0.013547 0.026642
0.013530 0.015486
0.013517 0.016880
0.013490 0.014182
0.013489 0.018777
0.013469 0.016806
0.013414 0.014013
0.013392 0.015586
0.013371 0.013887
0.013362 0.013489
0.013356 0.014245
0.013339 0.018146
0.013326 0.021858
0.013325 0.017304
0.013322 0.018825
0.013304 0.015328
0.013285 0.014054
0.013249 0.013660
0.013246 0.015941
0.013233 0.013793
0.013224 0.019787
0.013194 0.015171
0.013185 0.013204
0.013146 0.013507
0.013144 0.013472
0.013141 0.018104
0.013119 0.013769
0.013116 0.014389
0.013105 0.013287
0.013088 0.013879
0.013062 0.013310
0.013055 0.013484
0.013053 0.026674
0.013053 0.013458
0.013048 0.013236
0.013045 0.021840
0.013033 0.019554
0.013011 0.013057
0.012989 0.017728
0.012987 0.015037
0.012977 0.014347
0.012949 0.013018
0.012909 0.013584
0.012906 0.020694
0.012896 0.013978
0.012893 0.013994
0.012879 0.019153
0.012866 0.013897
0.012865 0.013966
0.012848 0.018224
0.012846 0.014252
0.012843 0.014037
0.012841 0.014174
0.012837 0.013038
0.012836 0.013720
0.012817 0.014134
0.012803 0.015940
0.012793 0.016366
0.012774 0.014554
0.012766 0.013754
0.012753 0.014511
0.012744 0.013073
0.012722 0.017278
0.012716 0.019063
0.012707 0.018612
0.012692 0.020632
0.012687 0.013484
0.012686 0.013234
0.012677 0.016265
0.012667 0.017109
0.012650 0.016620
0.012642 0.016045
0.012641 0.017448
0.012622 0.025863
0.012589 0.018004
0.012589 0.024356
0.012588 0.013382
0.012584 0.016933
0.012563 0.014907
0.012518 0.012593
0.012514 0.015959
0.012503 0.012597
0.012496 0.014979
0.012493 0.012878
0.012486 0.013110
0.012474 0.012918
0.012467 0.012607
0.012462 0.017433
0.012461 0.013664
0.012459 0.016684
0.012458 0.012520
0.012455 0.013895
0.012451 0.012580
0.012450 0.015860
0.012436 0.013672
0.012419 0.013918
0.012400 0.012893
0.012397 0.014367
0.012387 0.013639
0.012375 0.014901
0.012358 0.012746
0.012357 0.015042
0.012343 0.019070
0.012340 0.012496
0.012340 0.013546
0.012330 0.023405
0.012318 0.013743
0.012318 0.016197
0.012309 0.014426
0.012301 0.012707
0.012289 0.012443
0.012283 0.017944
0.012277 0.013139
0.012243 0.015776
0.012240 0.013446
0.012234 0.017513
0.012233 0.014305
0.012229 0.012326
0.012224 0.016417
0.012221 0.013747
0.012203 0.015505
0.012191 0.014561
0.012189 0.014208
0.012185 0.014011
0.012183 0.013886
0.012178 0.014645
0.012174 0.015452
0.012154 0.015582
0.012139 0.016254
0.012128 0.013242
0.012127 0.016004
0.012126 0.019603
0.012112 0.013288
0.012112 0.013402
0.012084 0.012859
0.012076 0.016290
0.012068 0.014512
0.012021 0.016402
0.012006 0.024550
0.012006 0.014634
0.011994 0.013802
0.011974 0.014459
0.011971 0.012302
0.011959 0.013632
0.011958 0.012828
0.011945 0.013586
0.011918 0.012038
0.011913 0.019173
0.011908 0.013766
0.011851 0.021749
0.011837 0.012919
0.011836 0.012378
0.011806 0.012036
0.011802 0.020241
0.011790 0.012113
0.011785 0.015406
0.011784 0.013666
0.011779 0.016847
0.011774 0.013131
0.011771 0.018631
0.011768 0.019116
0.011753 0.017260
0.011752 0.012836
0.011702 0.015212
0.011696 0.016282
0.011675 0.011771
0.011667 0.016918
0.011661 0.012496
0.011643 0.013356
0.011642 0.011687
0.011621 0.015522
0.011612 0.014903
0.011610 0.012362
0.011609 0.013009
0.011609 0.015425
0.011606 0.012204
0.011601 0.013751
0.011593 0.014223
0.011591 0.011950
0.011584 0.019331
0.011557 0.013760
0.011552 0.012216
0.011548 0.012825
0.011528 0.021587
0.011523 0.012655
0.011520 0.014745
0.011520 0.020576
0.011505 0.018995
0.011483 0.011729
0.011482 0.012922
0.011480 0.011499
0.011471 0.011708
0.011466 0.011975
0.011458 0.014598
0.011444 0.011495
0.011437 0.011704
0.011435 0.026806
0.011431 0.015847
0.011429 0.013481
0.011426 0.026322
0.011425 0.016954
0.011425 0.011789
0.011422 0.013580
0.011421 0.012247
0.011416 0.017157
0.011399 0.012884
0.011395 0.013527
0.011387 0.011975
0.011375 0.021121
0.011362 0.017147
0.011353 0.023372
0.011352 0.011770
0.011338 0.012554
0.011331 0.014485
0.011322 0.015542
0.011317 0.012977
0.011301 0.023773
0.011293 0.015391
0.011289 0.013797
0.011267 0.013299
0.011262 0.012750
0.011261 0.011431
0.011246 0.011346
0.011245 0.012995
0.011244 0.014471
0.011230 0.011568
0.011223 0.012519
0.011219 0.014355
0.011213 0.011770
0.011212 0.013793
0.011211 0.011397
0.011206 0.013480
0.011193 0.017515
0.011179 0.011289
0.011179 0.013963
0.011173 0.012486
0.011165 0.014160
0.011163 0.013458
0.011153 0.012972
0.011150 0.014936
0.011148 0.015383
0.011148 0.011468
0.011147 0.023456
0.011144 0.014495
0.011139 0.017513
0.011135 0.012060
0.011129 0.015320
0.011125 0.014512
0.011117 0.017431
0.011111 0.024293
0.011109 0.012900
0.011105 0.012517
0.011096 0.011105
0.011089 0.013755
0.011082 0.012416
0.011082 0.011703
0.011070 0.014740
0.011062 0.012597
0.011055 0.011465
0.011042 0.011301
0.011035 0.012021
0.011030 0.011820
0.011026 0.011408
0.011010 0.012788
0.011005 0.013564
0.011005 0.018626
0.011003 0.013472
0.011000 0.012022
0.010999 0.018302
0.010992 0.015316
0.010989 0.012604
0.010971 0.012075
0.010956 0.012226
0.010955 0.013698
0.010954 0.011394
0.010954 0.010976
0.010949 0.011379
0.010948 0.015373
0.010936 0.011442
0.010934 0.019210
0.010929 0.018060
0.010901 0.014239
0.010893 0.014079
0.010874 0.015073
0.010861 0.011475
0.010860 0.011198
0.010854 0.013170
0.010833 0.011563
0.010825 0.016290
0.010824 0.015087
0.010819 0.020037
0.010815 0.014220
0.010813 0.012335
0.010792 0.010944
0.010785 0.013200
0.010768 0.012322
0.010760 0.011710
0.010750 0.011365
0.010746 0.011567
0.010743 0.011539
0.010730 0.013554
0.010688 0.013254
0.010681 0.012325
0.010672 0.011295
0.010660 0.012073
0.010637 0.012447
0.010627 0.016061
0.010621 0.012152
0.010621 0.017791
0.010611 0.011587
0.010607 0.010786
0.010603 0.021584
0.010602 0.011620
0.010602 0.010916
0.010586 0.014941
0.010568 0.011659
0.010554 0.012456
0.010550 0.013847
0.010549 0.015302
0.010548 0.010739
0.010547 0.012981
0.010543 0.010835
0.010532 0.016656
0.010530 0.013814
0.010529 0.014624
0.010520 0.010689
0.010518 0.010930
0.010506 0.017091
0.010505 0.011085
0.010503 0.022285
0.010497 0.017303
0.010484 0.011570
0.010479 0.012359
0.010477 0.011573
0.010473 0.010561
0.010452 0.010951
0.010447 0.017472
0.010445 0.010482
0.010430 0.012348
0.010424 0.012638
0.010423 0.014690
0.010421 0.010957
0.010418 0.023368
0.010417 0.015267
0.010417 0.011002
0.010416 0.013213
0.010413 0.012802
0.010412 0.013645
0.010411 0.012250
0.010397 0.011885
0.010390 0.013665
0.010387 0.013003
0.010382 0.010597
0.010359 0.013317
0.010352 0.010775
0.010339 0.011428
0.010338 0.011990
0.010329 0.013413
0.010327 0.011177
0.010319 0.012234
0.010314 0.017852
0.010311 0.011765
0.010310 0.010534
0.010307 0.010384
0.010296 0.012336
0.010288 0.013400
0.010284 0.012130
0.010283 0.011268
0.010278 0.013108
0.010277 0.010296
0.010273 0.010992
0.010265 0.015443
0.010264 0.023597
0.010254 0.011043
0.010253 0.012780
0.010253 0.010268
0.010249 0.010893
0.010243 0.011133
0.010235 0.011063
0.010233 0.016371
0.010228 0.011347
0.010219 0.010458
0.010218 0.011039
0.010209 0.010911
0.010187 0.010713
0.010179 0.011811
0.010173 0.012532
0.010170 0.012172
0.010164 0.013202
0.010163 0.011418
0.010161 0.011652
0.010153 0.011561
0.010150 0.010665
0.010146 0.026496
0.010137 0.011121
0.010137 0.010243
0.010134 0.013273
0.010128 0.011787
0.010127 0.015120
0.010126 0.014724
0.010124 0.014970
0.010123 0.010544
0.010118 0.017126
0.010103 0.010716
0.010102 0.011924
0.010095 0.013273
0.010087 0.013124
0.010086 0.011678
0.010085 0.011964
0.010076 0.010261
0.010076 0.014221
0.010071 0.018795
0.010052 0.018571
0.010043 0.011358
0.010028 0.014530
0.010025 0.013765
0.010020 0.010375
0.010006 0.010444
0.009993 0.010218
0.009991 0.010536
0.009968 0.010054
0.009957 0.011040
0.009951 0.011042
0.009931 0.010358
0.009912 0.015641
0.009904 0.011142
0.009902 0.010300
0.009889 0.010698
0.009884 0.013106
0.009882 0.009966
0.009868 0.012923
0.009866 0.011135
0.009863 0.010285
0.009861 0.010413
0.009859 0.010626
0.009853 0.013961
0.009845 0.011058
0.009839 0.018462
0.009838 0.012647
0.009821 0.010711
0.009818 0.009917
0.009799 0.016777
0.009797 0.009919
0.009790 0.010242
0.009779 0.010056
0.009776 0.009992
0.009772 0.010188
0.009767 0.015616
0.009766 0.011006
0.009764 0.012425
0.009755 0.014638
0.009753 0.011033
0.009747 0.011732
0.009720 0.010054
0.009717 0.010857
0.009715 0.009753
0.009696 0.009919
0.009688 0.010119
0.009686 0.009865
0.009685 0.013911
0.009677 0.010186
0.009676 0.011154
0.009657 0.011296
0.009652 0.014236
0.009648 0.011573
0.009647 0.010995
0.009646 0.014528
0.009645 0.020794
0.009639 0.011568
0.009636 0.010545
0.009616 0.021516
0.009603 0.012629
0.009603 0.013197
0.009602 0.014950
0.009594 0.010642
0.009588 0.010439
0.009583 0.010462
0.009582 0.010576
0.009575 0.009585
0.009553 0.011536
0.009543 0.019481
0.009534 0.017138
0.009523 0.010500
0.009519 0.011017
0.009519 0.013708
0.009497 0.009606
0.009493 0.014033
0.009481 0.013079
0.009471 0.013526
0.009471 0.021387
0.009465 0.011720
0.009464 0.010099
0.009445 0.009727
0.009444 0.010778
0.009443 0.011003
0.009437 0.009972
0.009427 0.013064
0.009427 0.011927
0.009425 0.010763
0.009406 0.012475
0.009404 0.016211
0.009400 0.011128
0.009395 0.009709
0.009373 0.009604
0.009361 0.009548
0.009349 0.019548
0.009346 0.015685
0.009338 0.009358
0.009338 0.011691
0.009337 0.010830
0.009333 0.009580
0.009327 0.011775
0.009319 0.010538
0.009317 0.014567
0.009305 0.009446
0.009297 0.016667
0.009286 0.014280
0.009263 0.009647
0.009254 0.014879
0.009251 0.010955
0.009247 0.011223
0.009238 0.010923
0.009216 0.013775
0.009201 0.010039
0.009195 0.010734
0.009195 0.013723
0.009183 0.009752
0.009181 0.009407
0.009176 0.009642
0.009176 0.010345
0.009164 0.011539
0.009152 0.015124
0.009149 0.012638
0.009147 0.011298
0.009128 0.009996
0.009126 0.009408
0.009115 0.014695
0.009105 0.011317
0.009093 0.013005
0.009092 0.010946
0.009090 0.009724
0.009087 0.016784
0.009081 0.013275
0.009081 0.009417
0.009079 0.009744
0.009072 0.009340
0.009065 0.009390
0.009064 0.013887
0.009064 0.009952
0.009063 0.009208
0.009054 0.016451
0.009052 0.010264
0.009047 0.012518
0.009046 0.015824
0.009042 0.009419
0.009025 0.010795
0.009024 0.009208
0.009012 0.011974
0.009009 0.010070
0.009008 0.011675
0.008994 0.012255
0.008991 0.011876
0.008978 0.009516
0.008969 0.011517
0.008968 0.011202
0.008963 0.009880
0.008962 0.010321
0.008961 0.013354
0.008950 0.009117
0.008934 0.012637
0.008933 0.009552
0.008931 0.017145
0.008928 0.009434
0.008927 0.009461
0.008919 0.015996
0.008912 0.009079
0.008908 0.010600
0.008899 0.009612
0.008892 0.011115
0.008888 0.009061
0.008887 0.009131
0.008886 0.014365
0.008860 0.012059
0.008858 0.010520
0.008847 0.013384
0.008839 0.009223
0.008834 0.014713
0.008834 0.010135
0.008827 0.009128
0.008826 0.010495
0.008815 0.011568
0.008799 0.012389
0.008799 0.009700
0.008782 0.008844
0.008775 0.008962
0.008770 0.008784
0.008764 0.009597
0.008745 0.008892
0.008736 0.012332
0.008731 0.009280
0.008726 0.011931
0.008718 0.014004
0.008708 0.008785
0.008696 0.012807
0.008693 0.014867
0.008688 0.009448
0.008688 0.018563
0.008688 0.010027
0.008683 0.009141
0.008677 0.008909
0.008670 0.009299
0.008668 0.013053
0.008667 0.009344
0.008658 0.009944
0.008641 0.009231
0.008628 0.009912
0.008622 0.008787
0.008615 0.009628
0.008604 0.012596
0.008603 0.010024
0.008594 0.008604
0.008593 0.012429
0.008584 0.009308
0.008566 0.008827
0.008563 0.011317
0.008552 0.009130
0.008547 0.012163
0.008536 0.010067
0.008532 0.010771
0.008529 0.009237
0.008526 0.012389
0.008524 0.008649
0.008521 0.010728
0.008521 0.008706
0.008520 0.012923
0.008510 0.008840
0.008510 0.009222
0.008495 0.010991
0.008494 0.010999
0.008494 0.009889
0.008488 0.009434
0.008486 0.009583
0.008474 0.015428
0.008472 0.015974
0.008453 0.008723
0.008448 0.008491
0.008444 0.009050
0.008437 0.009914
0.008430 0.008601
0.008427 0.010710
0.008427 0.013798
0.008421 0.008756
0.008415 0.008654
0.008410 0.008448
0.008402 0.009016
0.008397 0.010423
0.008390 0.010471
0.008385 0.008984
0.008383 0.008698
0.008379 0.012660
0.008376 0.009275
0.008372 0.008680
0.008371 0.008586
0.008366 0.010164
0.008364 0.009959
0.008360 0.011693
0.008341 0.014694
0.008334 0.008530
0.008332 0.009373
0.008329 0.012727
0.008321 0.008939
0.008316 0.008972
0.008312 0.008912
0.008307 0.009604
0.008304 0.008606
0.008300 0.011043
0.008295 0.008532
0.008293 0.009037
0.008289 0.009129
0.008288 0.008369
0.008284 0.008769
0.008283 0.009199
0.008272 0.009623
0.008264 0.011663
0.008250 0.008387
0.008243 0.012611
0.008227 0.011739
0.008225 0.011034
0.008213 0.009449
0.008210 0.009315
0.008203 0.008598
0.008203 0.008901
0.008198 0.009099
0.008187 0.008860
0.008186 0.008353
0.008180 0.015467
0.008180 0.009459
0.008179 0.013408
0.008176 0.010977
0.008175 0.011591
0.008169 0.014972
0.008168 0.009563
0.008166 0.010947
0.008155 0.008210
0.008149 0.009866
0.008148 0.009045
0.008144 0.009613
0.008143 0.010514
0.008128 0.009942
0.008121 0.014704
0.008118 0.013190
0.008113 0.011622
0.008104 0.009926
0.008091 0.008674
0.008080 0.009264
0.008076 0.008504
0.008074 0.008560
0.008070 0.008116
0.008068 0.008470
0.008065 0.010440
0.008059 0.009589
0.008052 0.011437
0.008034 0.009759
0.008027 0.013812
0.008016 0.011738
0.008013 0.014468
0.008011 0.008052
0.007994 0.013365
0.007989 0.012537
0.007983 0.008337
0.007980 0.010568
0.007979 0.008473
0.007973 0.011662
0.007957 0.009142
0.007952 0.009262
0.007935 0.010574
0.007923 0.009018
0.007918 0.007998
0.007917 0.010204
0.007907 0.009647
0.007896 0.010094
0.007892 0.007907
0.007872 0.016081
0.007863 0.010092
0.007853 0.014874
0.007850 0.008196
0.007849 0.008440
0.007846 0.009443
0.007842 0.008581
0.007840 0.007895
0.007840 0.007908
0.007838 0.008032
0.007824 0.011870
0.007820 0.011367
0.007819 0.008550
0.007816 0.008612
0.007794 0.009635
0.007785 0.010125
0.007775 0.009685
0.007773 0.008067
0.007770 0.008328
0.007770 0.008854
0.007764 0.007897
0.007757 0.015617
0.007755 0.010438
0.007752 0.008054
0.007747 0.009883
0.007742 0.009098
0.007739 0.009568
0.007738 0.009021
0.007733 0.010875
0.007733 0.013305
0.007727 0.008956
0.007723 0.008679
0.007714 0.009374
0.007710 0.008656
0.007694 0.008961
0.007662 0.008288
0.007657 0.010726
0.007650 0.008872
0.007637 0.010815
0.007629 0.007899
0.007625 0.009620
0.007612 0.008975
0.007603 0.007798
0.007602 0.008045
0.007584 0.010794
0.007583 0.011566
0.007575 0.010683
0.007563 0.015005
0.007561 0.009089
0.007550 0.013947
0.007546 0.014901
0.007545 0.011854
0.007531 0.007557
0.007528 0.010798
0.007527 0.008049
0.007527 0.008198
0.007526 0.007967
0.007524 0.008930
0.007520 0.008210
0.007517 0.008260
0.007517 0.008371
0.007511 0.011787
0.007495 0.007903
0.007493 0.009087
0.007491 0.008462
0.007486 0.007487
0.007472 0.008194
0.007472 0.008172
0.007471 0.008185
0.007460 0.008653
0.007457 0.009396
0.007447 0.009383
0.007445 0.010089
0.007436 0.009148
0.007436 0.008925
0.007434 0.010698
0.007428 0.012941
0.007426 0.007842
0.007425 0.007622
0.007420 0.007893
0.007398 0.007568
0.007395 0.008599
0.007383 0.010097
0.007382 0.015722
0.007375 0.009231
0.007370 0.008696
0.007365 0.010941
0.007360 0.009506
0.007349 0.010018
0.007334 0.010430
0.007325 0.008824
0.007298 0.007815
0.007289 0.012815
0.007288 0.008343
0.007282 0.008826
0.007280 0.009817
0.007279 0.008693
0.007253 0.008044
0.007251 0.007863
0.007250 0.015824
0.007243 0.015843
0.007235 0.011663
0.007227 0.007567
0.007226 0.007287
0.007223 0.008429
0.007223 0.007332
0.007220 0.007611
0.007219 0.007454
0.007216 0.008067
0.007198 0.008118
0.007196 0.012137
0.007183 0.007878
0.007175 0.007858
0.007168 0.009555
0.007167 0.007740
0.007167 0.009093
0.007155 0.007366
0.007146 0.007250
0.007146 0.007749
0.007127 0.007668
0.007120 0.007330
0.007117 0.009088
0.007104 0.010519
0.007101 0.007385
0.007101 0.008236
0.007088 0.007252
0.007088 0.007114
0.007084 0.007370
0.007077 0.008161
0.007062 0.009160
0.007057 0.007533
0.007051 0.009654
0.007049 0.007075
0.007040 0.007709
0.007037 0.008195
0.007029 0.007478
0.007024 0.012219
0.007024 0.009748
0.007015 0.008856
0.007011 0.007123
0.007011 0.008045
0.007011 0.007659
0.007009 0.007176
0.006988 0.008984
0.006976 0.008454
0.006965 0.007528
0.006959 0.008991
0.006958 0.007200
0.006955 0.007314
0.006948 0.007504
0.006940 0.007985
0.006928 0.007813
0.006928 0.009684
0.006927 0.006959
0.006927 0.007130
0.006913 0.008311
0.006906 0.007775
0.006898 0.009677
0.006895 0.007477
0.006894 0.007132
0.006891 0.006989
0.006885 0.008704
0.006884 0.007040
0.006884 0.009841
0.006883 0.006944
0.006882 0.009417
0.006881 0.007383
0.006881 0.007109
0.006879 0.007955
0.006874 0.009912
0.006846 0.007204
0.006844 0.009356
0.006842 0.007907
0.006842 0.008702
0.006837 0.007482
0.006833 0.007582
0.006830 0.009047
0.006824 0.008347
0.006821 0.007245
0.006819 0.007452
0.006816 0.006923
0.006815 0.007428
0.006810 0.006888
0.006807 0.006931
0.006806 0.007941
0.006801 0.008694
0.006789 0.008008
0.006775 0.011258
0.006763 0.009407
0.006760 0.008224
0.006757 0.008405
0.006755 0.008734
0.006751 0.007403
0.006748 0.008161
0.006742 0.006811
0.006741 0.007658
0.006730 0.010411
0.006720 0.007995
0.006716 0.006912
0.006705 0.010492
0.006697 0.010341
0.006693 0.007288
0.006683 0.008542
0.006682 0.008337
0.006679 0.007189
0.006678 0.008285
0.006664 0.009051
0.006657 0.007372
0.006634 0.007044
0.006610 0.008426
0.006607 0.007283
0.006596 0.012621
0.006590 0.007891
0.006588 0.007159
0.006588 0.007469
0.006579 0.009104
0.006578 0.006711
0.006573 0.007725
0.006573 0.009748
0.006572 0.008490
0.006562 0.010733
0.006562 0.007229
0.006557 0.008993
0.006552 0.007114
0.006550 0.006686
0.006546 0.006957
0.006545 0.006554
0.006545 0.007840
0.006544 0.006801
0.006539 0.007094
0.006538 0.006687
0.006535 0.007271
0.006528 0.006609
0.006517 0.006588
0.006514 0.007127
0.006512 0.011491
0.006503 0.008218
0.006487 0.006718
0.006482 0.007142
0.006469 0.008904
0.006458 0.006601
0.006453 0.007753
0.006451 0.007321
0.006451 0.006649
0.006447 0.008853
0.006444 0.007783
0.006434 0.006895
0.006431 0.007193
0.006427 0.008786
0.006424 0.012308
0.006422 0.006590
0.006407 0.008644
0.006395 0.009281
0.006391 0.007006
0.006390 0.007161
0.006388 0.006510
0.006380 0.011131
0.006372 0.007366
0.006371 0.010024
0.006364 0.006466
0.006349 0.007655
0.006340 0.007039
0.006330 0.008193
0.006324 0.006638
0.006324 0.007045
0.006316 0.008898
0.006313 0.006840
0.006301 0.009145
0.006284 0.006945
0.006283 0.007318
0.006278 0.007390
0.006277 0.008445
0.006276 0.006870
0.006247 0.006926
0.006239 0.006865
0.006237 0.006277
0.006233 0.007101
0.006232 0.006779
0.006232 0.007923
0.006227 0.014532
0.006222 0.006796
0.006219 0.006929
0.006217 0.006774
0.006215 0.009905
0.006208 0.007405
0.006206 0.012344
0.006189 0.010100
0.006183 0.006575
0.006165 0.007822
0.006149 0.006663
0.006136 0.008485
0.006133 0.007067
0.006131 0.006620
0.006124 0.006578
0.006120 0.006409
0.006119 0.009410
0.006113 0.006612
0.006103 0.009698
0.006083 0.007043
0.006080 0.010033
0.006080 0.006156
0.006074 0.008031
0.006072 0.009801
0.006069 0.006397
0.006056 0.007531
0.006047 0.006672
0.006042 0.006939
0.006034 0.006097
0.006030 0.011962
0.006029 0.006327
0.006020 0.006025
0.006016 0.008252
0.006007 0.007167
0.006005 0.007355
0.005989 0.007128
0.005977 0.007257
0.005977 0.006741
0.005969 0.006018
0.005967 0.006228
0.005962 0.007353
0.005953 0.007323
0.005949 0.006213
0.005947 0.006072
0.005944 0.006376
0.005933 0.006732
0.005932 0.009252
0.005932 0.006109
0.005921 0.007273
0.005916 0.007641
0.005907 0.005996
0.005904 0.007546
0.005904 0.006063
0.005890 0.007877
0.005887 0.006090
0.005885 0.006033
0.005877 0.006439
0.005874 0.006621
0.005873 0.006022
0.005872 0.006380
0.005872 0.006726
0.005869 0.006047
0.005851 0.006044
0.005847 0.007551
0.005843 0.007269
0.005824 0.006513
0.005822 0.006080
0.005819 0.006572
0.005814 0.006504
0.005807 0.006319
0.005805 0.008039
0.005801 0.006817
0.005801 0.009280
0.005785 0.010447
0.005777 0.006648
0.005769 0.012177
0.005759 0.006843
0.005759 0.006141
0.005750 0.006253
0.005746 0.005908
0.005734 0.006000
0.005731 0.005868
0.005711 0.006515
0.005710 0.005905
0.005709 0.007543
0.005705 0.008445
0.005692 0.008548
0.005689 0.006367
0.005672 0.006826
0.005671 0.007258
0.005668 0.005831
0.005664 0.006343
0.005660 0.008164
0.005659 0.007464
0.005650 0.006676
0.005647 0.006628
0.005647 0.012218
0.005642 0.005787
0.005641 0.005822
0.005641 0.006734
0.005640 0.006804
0.005634 0.006950
0.005630 0.006096
0.005617 0.007380
0.005617 0.005898
0.005612 0.007196
0.005610 0.010086
0.005604 0.005636
0.005603 0.006835
0.005599 0.006250
0.005595 0.006673
0.005591 0.010066
0.005590 0.006585
0.005583 0.005828
0.005581 0.006803
0.005581 0.006459
0.005580 0.006754
0.005578 0.005882
0.005577 0.005842
0.005576 0.007343
0.005569 0.005889
0.005568 0.006610
0.005553 0.006395
0.005545 0.005775
0.005545 0.005775
0.005534 0.008084
0.005530 0.005865
0.005528 0.006366
0.005516 0.007135
0.005504 0.006501
0.005501 0.005942
0.005501 0.006248
0.005492 0.007557
0.005491 0.006045
0.005484 0.007421
0.005480 0.007306
0.005478 0.006764
0.005475 0.006734
0.005475 0.006525
0.005472 0.009304
0.005469 0.006280
0.005462 0.005665
0.005440 0.006980
0.005435 0.005536
0.005424 0.005425
0.005417 0.006036
0.005416 0.006579
0.005408 0.007704
0.005405 0.005590
0.005400 0.005674
0.005398 0.006622
0.005393 0.005452
0.005389 0.007126
0.005379 0.007315
0.005372 0.007686
0.005370 0.006378
0.005367 0.006157
0.005365 0.006296
0.005359 0.005462
0.005353 0.006286
0.005351 0.005719
0.005350 0.005856
0.005349 0.006641
0.005343 0.007889
0.005342 0.012139
0.005342 0.008079
0.005341 0.005515
0.005331 0.005463
0.005331 0.005972
0.005331 0.005853
0.005327 0.005874
0.005326 0.006773
0.005324 0.005476
0.005322 0.007456
0.005313 0.007105
0.005309 0.006240
0.005309 0.008102
0.005306 0.010883
0.005306 0.007317
0.005297 0.005637
0.005288 0.005385
0.005288 0.007782
0.005284 0.005753
0.005282 0.005413
0.005267 0.006546
0.005255 0.005434
0.005249 0.006641
0.005246 0.005512
0.005246 0.006896
0.005240 0.006026
0.005234 0.010598
0.005231 0.007684
0.005229 0.005319
0.005218 0.005453
0.005215 0.005237
0.005205 0.006922
0.005190 0.006058
0.005184 0.005216
0.005179 0.005340
0.005176 0.005768
0.005173 0.005615
0.005171 0.005790
0.005164 0.005734
0.005163 0.009040
0.005162 0.005609
0.005159 0.007115
0.005157 0.005242
0.005148 0.005364
0.005144 0.006274
0.005128 0.005219
0.005124 0.008794
0.005115 0.005146
0.005110 0.006186
0.005107 0.005450
0.005107 0.009327
0.005106 0.005359
0.005105 0.008944
0.005101 0.005227
0.005093 0.009693
0.005063 0.007408
0.005061 0.006820
0.005058 0.005527
0.005057 0.005913
0.005057 0.005596
0.005056 0.007400
0.005044 0.005278
0.005044 0.005607
0.005044 0.006134
0.005043 0.005793
0.005043 0.005723
0.005029 0.005148
0.005016 0.006042
0.005011 0.006092
0.005011 0.005059
0.005006 0.008347
0.005003 0.005446
0.005001 0.006261
0.005000 0.005157
0.004988 0.006679
0.004983 0.004985
0.004980 0.005699
0.004978 0.005654
0.004976 0.010529
0.004975 0.005368
0.004966 0.004997
0.004959 0.005460
0.004958 0.008754
0.004957 0.009944
0.004956 0.006423
0.004950 0.005222
0.004940 0.005365
0.004938 0.005672
0.004933 0.005636
0.004932 0.005240
0.004931 0.005904
0.004929 0.006265
0.004929 0.011993
0.004922 0.005929
0.004922 0.004949
0.004913 0.005100
0.004902 0.005014
0.004901 0.004919
0.004898 0.006388
0.004892 0.005147
0.004892 0.004985
0.004888 0.005621
0.004884 0.005266
0.004883 0.008485
0.004881 0.004931
0.004880 0.005875
0.004878 0.005450
0.004875 0.005467
0.004868 0.004908
0.004868 0.004908
0.004858 0.006844
0.004839 0.005064
0.004834 0.005857
0.004827 0.007184
0.004823 0.005048
0.004822 0.007678
0.004817 0.005852
0.004815 0.007370
0.004812 0.006851
0.004809 0.004887
0.004807 0.005033
0.004804 0.005127
0.004804 0.004839
0.004794 0.004920
0.004794 0.005729
0.004790 0.006069
0.004790 0.004902
0.004788 0.004914
0.004786 0.004935
0.004770 0.005102
0.004768 0.005521
0.004765 0.005242
0.004762 0.004971
0.004760 0.006931
0.004751 0.006319
0.004750 0.005752
0.004741 0.004788
0.004726 0.009724
0.004725 0.007476
0.004723 0.004902
0.004722 0.005947
0.004719 0.005599
0.004710 0.004892
0.004697 0.005404
0.004688 0.005548
0.004687 0.005576
0.004687 0.005277
0.004676 0.004935
0.004666 0.004720
0.004663 0.004769
0.004660 0.005081
0.004656 0.005021
0.004645 0.005431
0.004644 0.010951
0.004641 0.004689
0.004639 0.006412
0.004638 0.004946
0.004636 0.005050
0.004635 0.005118
0.004634 0.004910
0.004631 0.005114
0.004626 0.006292
0.004626 0.009101
0.004619 0.005038
0.004619 0.005697
0.004609 0.005470
0.004599 0.004819
0.004594 0.007899
0.004591 0.005004
0.004575 0.004668
0.004569 0.005689
0.004567 0.005324
0.004565 0.007043
0.004565 0.004896
0.004564 0.005241
0.004561 0.004860
0.004560 0.005011
0.004558 0.004759
0.004556 0.009187
0.004555 0.004906
0.004555 0.005748
0.004551 0.004860
0.004541 0.004831
0.004536 0.004940
0.004531 0.006020
0.004531 0.006612
0.004530 0.005994
0.004530 0.004864
0.004527 0.005269
0.004526 0.004580
0.004514 0.006337
0.004510 0.005558
0.004505 0.006520
0.004503 0.004961
0.004503 0.005673
0.004489 0.005270
0.004486 0.005489
0.004483 0.007666
0.004482 0.004642
0.004478 0.005912
0.004469 0.007745
0.004468 0.006516
0.004467 0.005929
0.004466 0.008513
0.004466 0.005463
0.004463 0.006508
0.004456 0.005110
0.004451 0.005479
0.004430 0.005372
0.004428 0.004835
0.004423 0.005244
0.004422 0.006701
0.004422 0.004913
0.004417 0.005352
0.004414 0.004919
0.004410 0.005213
0.004409 0.004949
0.004399 0.007129
0.004396 0.004585
0.004391 0.004789
0.004382 0.004813
0.004381 0.007595
0.004379 0.005791
0.004378 0.004621
0.004377 0.004962
0.004367 0.004808
0.004367 0.004884
0.004364 0.007021
0.004363 0.006283
0.004360 0.004639
0.004359 0.005301
0.004353 0.004886
0.004351 0.004461
0.004351 0.004664
0.004350 0.004415
0.004344 0.006374
0.004341 0.004690
0.004333 0.005752
0.004328 0.005857
0.004317 0.004788
0.004309 0.006118
0.004308 0.004364
0.004305 0.005512
0.004303 0.007053
0.004301 0.009227
0.004301 0.005768
0.004301 0.008029
0.004293 0.004475
0.004290 0.006761
0.004288 0.005805
0.004284 0.007788
0.004281 0.005299
0.004280 0.005091
0.004280 0.004431
0.004280 0.004880
0.004279 0.008767
0.004278 0.004639
0.004272 0.006201
0.004272 0.004323
0.004258 0.006648
0.004252 0.008369
0.004251 0.005611
0.004250 0.005143
0.004245 0.004453
0.004243 0.005580
0.004241 0.004242
0.004237 0.005668
0.004236 0.009198
0.004234 0.004436
0.004225 0.005735
0.004221 0.004686
0.004220 0.005682
0.004220 0.004229
0.004217 0.004736
0.004212 0.004305
0.004207 0.005367
0.004206 0.004661
0.004203 0.005162
0.004194 0.004450
0.004192 0.005029
0.004189 0.006656
0.004185 0.004286
0.004185 0.004955
0.004180 0.005256
0.004171 0.004384
0.004170 0.005255
0.004168 0.006574
0.004163 0.004273
0.004159 0.005330
0.004159 0.004413
0.004154 0.005951
0.004153 0.006264
0.004153 0.006801
0.004151 0.004175
0.004150 0.004467
0.004147 0.004484
0.004138 0.004532
0.004135 0.004650
0.004135 0.004295
0.004135 0.006032
0.004133 0.006165
0.004126 0.006636
0.004123 0.005017
0.004121 0.006616
0.004115 0.004269
0.004111 0.004251
0.004111 0.004233
0.004109 0.004694
0.004104 0.007093
0.004104 0.005979
0.004099 0.004159
0.004099 0.006092
0.004095 0.004229
0.004093 0.004513
0.004092 0.004152
0.004089 0.004096
0.004088 0.006457
0.004088 0.005914
0.004086 0.005535
0.004079 0.005319
0.004078 0.007057
0.004072 0.004447
0.004058 0.004269
0.004057 0.004266
0.004052 0.006213
0.004051 0.004249
0.004046 0.004712
0.004045 0.005295
0.004043 0.004391
0.004039 0.006326
0.004039 0.008382
0.004038 0.005454
0.004038 0.004827
0.004036 0.004181
0.004035 0.004854
0.004033 0.004091
0.004031 0.004218
0.004026 0.004087
0.004025 0.004043
0.004019 0.008150
0.004015 0.005402
0.004011 0.004013
0.004010 0.005405
0.004009 0.004083
0.004008 0.005501
0.003995 0.005117
0.003994 0.004127
0.003994 0.004073
0.003987 0.004359
0.003979 0.005929
0.003979 0.004227
0.003967 0.004010
0.003964 0.004273
0.003963 0.004369
0.003958 0.005556
0.003957 0.004331
0.003954 0.004123
0.003949 0.005896
0.003948 0.003974
0.003948 0.005122
0.003947 0.007399
0.003941 0.004546
0.003941 0.004516
0.003940 0.004632
0.003933 0.006892
0.003932 0.004835
0.003931 0.006379
0.003926 0.006903
0.003924 0.004809
0.003923 0.004649
0.003921 0.004748
0.003916 0.004108
0.003914 0.004509
0.003909 0.004165
0.003908 0.006717
0.003904 0.004211
0.003893 0.005102
0.003887 0.005112
0.003884 0.004220
0.003882 0.006248
0.003881 0.004157
0.003879 0.004337
0.003868 0.004770
0.003865 0.006328
0.003861 0.004001
0.003857 0.004391
0.003856 0.004449
0.003856 0.005300
0.003852 0.004267
0.003852 0.003893
0.003851 0.004128
0.003847 0.004884
0.003845 0.003947
0.003844 0.005063
0.003835 0.006952
0.003833 0.004445
0.003832 0.004506
0.003824 0.006674
0.003821 0.004571
0.003809 0.004390
0.003808 0.004379
0.003807 0.004650
0.003806 0.004560
0.003800 0.003823
0.003795 0.003971
0.003795 0.004267
0.003792 0.004244
0.003792 0.003803
0.003790 0.004438
0.003789 0.004724
0.003786 0.005046
0.003782 0.006576
0.003780 0.003967
0.003777 0.004253
0.003773 0.006002
0.003769 0.004494
0.003765 0.004983
0.003764 0.003772
0.003754 0.006821
0.003753 0.005127
0.003752 0.006807
0.003752 0.003753
0.003751 0.005572
0.003751 0.005146
0.003749 0.006986
0.003745 0.004300
0.003744 0.004066
0.003741 0.005130
0.003738 0.004029
0.003730 0.004282
0.003730 0.007095
0.003728 0.008923
0.003727 0.004074
0.003724 0.004060
0.003716 0.003793
0.003716 0.006429
0.003711 0.006069
0.003708 0.007677
0.003704 0.003778
0.003704 0.004127
0.003701 0.004596
0.003700 0.003933
0.003698 0.004520
0.003697 0.003996
0.003695 0.003968
0.003683 0.004749
0.003678 0.005371
0.003659 0.003997
0.003653 0.003949
0.003652 0.003772
0.003648 0.004133
0.003648 0.005469
0.003643 0.003882
0.003640 0.003762
0.003633 0.005028
0.003632 0.004465
0.003628 0.004042
0.003627 0.004836
0.003620 0.005255
0.003617 0.003882
0.003614 0.004431
0.003610 0.004713
0.003603 0.003809
0.003599 0.003790
0.003598 0.004675
0.003590 0.004984
0.003590 0.003693
0.003587 0.005265
0.003577 0.004006
0.003576 0.004306
0.003569 0.006308
0.003566 0.005244
0.003565 0.006158
0.003564 0.006640
0.003561 0.003663
0.003560 0.004165
0.003560 0.003681
0.003559 0.003620
0.003555 0.004779
0.003547 0.006556
0.003544 0.005753
0.003540 0.003698
0.003534 0.008266
0.003526 0.006433
0.003522 0.003605
0.003518 0.003798
0.003512 0.004536
0.003507 0.003799
0.003507 0.003567
0.003495 0.003864
0.003493 0.005383
0.003489 0.003507
0.003478 0.003736
0.003461 0.004583
0.003460 0.003993
0.003456 0.004795
0.003452 0.004625
0.003452 0.003850
0.003448 0.004007
0.003444 0.004272
0.003443 0.004456
0.003440 0.005471
0.003437 0.003970
0.003435 0.005286
0.003434 0.004108
0.003423 0.004021
0.003423 0.005086
0.003422 0.004650
0.003418 0.003477
0.003416 0.003649
0.003415 0.004242
0.003405 0.003425
0.003399 0.005176
0.003377 0.003900
0.003376 0.003517
0.003375 0.005535
0.003373 0.003794
0.003368 0.004058
0.003364 0.004313
0.003363 0.003628
0.003359 0.003927
0.003351 0.005811
0.003350 0.003564
0.003345 0.003836
0.003344 0.004670
0.003334 0.003406
0.003331 0.004956
0.003323 0.004574
0.003314 0.004477
0.003313 0.006349
0.003309 0.003694
0.003308 0.004351
0.003307 0.004765
0.003307 0.003794
0.003307 0.006640
0.003305 0.003734
0.003305 0.003516
0.003304 0.003572
0.003304 0.003972
0.003303 0.003785
0.003294 0.005293
0.003290 0.003440
0.003287 0.004939
0.003280 0.003423
0.003279 0.007109
0.003276 0.003342
0.003275 0.003415
0.003273 0.006107
0.003272 0.004796
0.003267 0.007450
0.003266 0.003358
0.003251 0.003782
0.003250 0.003758
0.003226 0.003897
0.003220 0.003967
0.003217 0.003489
0.003217 0.004632
0.003213 0.004161
0.003208 0.003861
0.003199 0.004530
0.003196 0.003320
0.003190 0.003408
0.003188 0.003611
0.003185 0.003529
0.003179 0.003314
0.003178 0.005717
0.003177 0.005268
0.003175 0.005976
0.003162 0.003943
0.003162 0.006083
0.003155 0.007356
0.003152 0.003427
0.003147 0.003413
0.003138 0.006290
0.003137 0.005482
0.003133 0.003220
0.003119 0.003158
0.003116 0.005294
0.003108 0.003597
0.003105 0.003514
0.003105 0.003690
0.003101 0.003259
0.003094 0.003943
0.003086 0.003150
0.003079 0.003371
0.003078 0.004367
0.003068 0.003380
0.003062 0.003130
0.003057 0.003235
0.003052 0.003488
0.003046 0.003338
0.003043 0.003643
0.003035 0.003220
0.003027 0.003179
0.003017 0.003481
0.003011 0.003399
0.003007 0.004200
0.002992 0.003012
0.002991 0.003479
0.002988 0.004000
0.002983 0.003640
0.002983 0.003973
0.002979 0.003062
0.002964 0.003079
0.002963 0.003120
0.002960 0.003692
0.002954 0.003030
0.002953 0.003081
0.002953 0.003265
0.002944 0.002976
0.002939 0.004527
0.002939 0.003179
0.002931 0.004868
0.002919 0.004270
0.002918 0.003530
0.002916 0.002917
0.002900 0.003115
0.002894 0.006233
0.002884 0.003591
0.002880 0.003712
0.002877 0.003337
0.002875 0.003230
0.002873 0.004448
0.002869 0.003860
0.002850 0.004621
0.002847 0.003064
0.002846 0.005349
0.002831 0.002863
0.002817 0.002849
0.002816 0.003085
0.002808 0.004231
0.002799 0.003135
0.002791 0.003621
0.002789 0.003176
0.002787 0.004135
0.002783 0.002934
0.002771 0.003050
0.002766 0.003204
0.002760 0.002937
0.002759 0.003585
0.002754 0.002851
0.002743 0.002780
0.002727 0.003043
0.002720 0.002823
0.002709 0.003757
0.002707 0.003552
0.002703 0.002955
0.002699 0.002814
0.002677 0.003363
0.002668 0.003401
0.002663 0.003012
0.002648 0.002959
0.002643 0.005310
0.002636 0.003097
0.002632 0.003014
0.002631 0.003040
0.002628 0.002782
0.002597 0.002689
0.002595 0.002744
0.002594 0.002960
0.002586 0.002700
0.002585 0.002859
0.002584 0.003579
0.002579 0.002888
0.002574 0.002913
0.002569 0.003408
0.002534 0.003068
0.002530 0.002757
0.002512 0.002613
0.002485 0.002532
0.002476 0.003895
0.002469 0.003832
0.002468 0.003192
0.002457 0.002495
0.002445 0.002602
0.002411 0.002938
0.002396 0.004255
0.002371 0.002639
0.002309 0.002427
0.002309 0.002319
0.002305 0.002457
0.002282 0.002361
0.002280 0.002507
0.002266 0.002440
0.002226 0.002699
0.002213 0.002245
0.002194 0.002602
0.002191 0.002429
0.002170 0.002188
0.002139 0.002403
0.002126 0.002338
0.002123 0.002579
0.002090 0.003240
0.002061 0.002140
0.002059 0.002234
0.001997 0.002543
0.001949 0.002284
0.001828 0.001839
0.001822 0.001921
0.001815 0.001851
0.001699 0.002465
0.001637 0.001721
0.001602 0.001625
0.001565 0.001566
0.001424 0.001428
0.000613 0.000742
