0.201353 0.211526
0.201135 0.202212
0.193150 0.206093
0.183000 0.185411
0.094417 0.101892
0.085531 0.094888
0.084075 0.097656
0.067951 0.072727
0.067841 0.069133
0.063085 0.069077
0.062770 0.064421
0.062630 0.096702
0.060927 0.062927
0.060074 0.073754
0.058746 0.060212
0.058254 0.118913
0.052885 0.058160
0.052620 0.062571
0.051730 0.053813
0.051091 0.066961
0.050312 0.054563
0.049638 0.062528
0.049393 0.053832
0.049273 0.053437
0.049198 0.049909
0.048771 0.051628
0.048260 0.053871
0.047995 0.056140
0.047644 0.062187
0.047139 0.053379
0.047103 0.058737
0.046884 0.051405
0.046689 0.055354
0.046671 0.057797
0.045957 0.048495
0.044528 0.045917
0.044229 0.062261
0.043686 0.055761
0.042980 0.043024
0.041923 0.042291
0.041592 0.044223
0.041007 0.043533
0.040976 0.045632
0.040875 0.042790
0.040463 0.043888
0.040453 0.046079
0.040352 0.048159
0.040205 0.043987
0.039866 0.046706
0.038904 0.040259
0.038698 0.074632
0.038394 0.044506
0.036996 0.037633
0.036941 0.044091
0.036828 0.039832
0.036659 0.037355
0.036349 0.053907
0.035711 0.036791
0.035672 0.037145
0.035297 0.039814
0.035135 0.036567
0.035048 0.037779
0.035045 0.037535
0.034897 0.037042
0.034641 0.039278
0.034593 0.038441
0.034408 0.035468
0.034335 0.062556
0.034319 0.034600
0.033916 0.044253
0.033608 0.033671
0.033603 0.036133
0.033215 0.036842
0.032582 0.040878
0.032193 0.035173
0.032167 0.034839
0.031971 0.045590
0.031814 0.038653
0.031704 0.033824
0.031658 0.034430
0.031615 0.039868
0.031614 0.032042
0.031565 0.031859
0.031557 0.032356
0.031537 0.038179
0.031421 0.040624
0.031324 0.033610
0.031195 0.041315
0.030987 0.043071
0.030954 0.037311
0.030949 0.033871
0.030938 0.033193
0.030776 0.031452
0.030628 0.042480
0.030596 0.034681
0.030552 0.049433
0.030374 0.032494
0.030354 0.034324
0.030105 0.039799
0.029929 0.042321
0.029827 0.031790
0.029674 0.037779
0.029654 0.032671
0.029612 0.041133
0.029428 0.030967
0.029370 0.029667
0.029286 0.032682
0.029285 0.048260
0.029221 0.030232
0.029211 0.035003
0.029179 0.029275
0.029090 0.031216
0.029051 0.032864
0.028671 0.029912
0.028569 0.080755
0.028542 0.029299
0.028406 0.032116
0.028356 0.049743
0.028349 0.036119
0.028305 0.032224
0.028190 0.028826
0.028183 0.033851
0.027874 0.028394
0.027809 0.029381
0.027807 0.037628
0.027694 0.029176
0.027635 0.028881
0.027510 0.038428
0.027378 0.032413
0.027175 0.051484
0.027160 0.034034
0.027094 0.038986
0.027021 0.035978
0.026996 0.027902
0.026965 0.028611
0.026828 0.036026
0.026738 0.026820
0.026682 0.043175
0.026680 0.027366
0.026667 0.027618
0.026422 0.040005
0.026402 0.037705
0.026305 0.033127
0.026207 0.029095
0.026170 0.027835
0.026045 0.026604
0.026020 0.027767
0.025989 0.028121
0.025969 0.037179
0.025965 0.029636
0.025938 0.028365
0.025912 0.030067
0.025836 0.029133
0.025718 0.028866
0.025714 0.027113
0.025680 0.036922
0.025606 0.029250
0.025422 0.034742
0.025413 0.049673
0.025235 0.036524
0.025174 0.037447
0.025163 0.025492
0.025032 0.040217
0.025023 0.026642
0.024859 0.026564
0.024709 0.031156
0.024663 0.026399
0.024579 0.034609
0.024533 0.032442
0.024512 0.032944
0.024469 0.032330
0.024455 0.030177
0.024438 0.027548
0.024423 0.030978
0.024348 0.025166
0.024309 0.025830
0.024175 0.028818
0.024081 0.044120
0.024026 0.029610
0.024002 0.047390
0.023971 0.029504
0.023949 0.024201
0.023905 0.037215
0.023867 0.028661
0.023750 0.026777
0.023701 0.026242
0.023633 0.026421
0.023131 0.024219
0.023119 0.028073
0.023098 0.028473
0.023094 0.023793
0.023045 0.023404
0.023010 0.027112
0.022943 0.025372
0.022877 0.023926
0.022832 0.022854
0.022728 0.023473
0.022703 0.030536
0.022677 0.031467
0.022666 0.029435
0.022511 0.022899
0.022466 0.033790
0.022425 0.026302
0.022393 0.023958
0.022370 0.037103
0.022313 0.023517
0.022306 0.032246
0.022158 0.026779
0.022091 0.042091
0.022064 0.028941
0.022064 0.022472
0.021957 0.027317
0.021941 0.030317
0.021695 0.030237
0.021618 0.025878
0.021543 0.026025
0.021502 0.026727
0.021483 0.022028
0.021380 0.023452
0.021359 0.032412
0.021347 0.025442
0.021324 0.036719
0.021274 0.028254
0.021190 0.021390
0.021169 0.033769
0.021117 0.029774
0.021080 0.021174
0.021016 0.025145
0.021000 0.029663
0.020898 0.025886
0.020893 0.027748
0.020892 0.035959
0.020849 0.021000
0.020578 0.033996
0.020531 0.023477
0.020437 0.024401
0.020339 0.034994
0.020294 0.020964
0.020291 0.020481
0.020225 0.025982
0.020199 0.023646
0.020191 0.021368
0.020129 0.020751
0.020114 0.023047
0.020088 0.034251
0.020042 0.020220
0.020015 0.023656
0.020000 0.023004
0.019989 0.024839
0.019932 0.020964
0.019916 0.021800
0.019900 0.021822
0.019699 0.022333
0.019591 0.032397
0.019589 0.019823
0.019554 0.021277
0.019524 0.053309
0.019467 0.023668
0.019451 0.020805
0.019435 0.029291
0.019433 0.019469
0.019408 0.023618
0.019331 0.026892
0.019300 0.032325
0.019285 0.024073
0.019234 0.025803
0.019220 0.021765
0.019183 0.033295
0.019164 0.020696
0.018988 0.022891
0.018930 0.020431
0.018847 0.019028
0.018776 0.019763
0.018771 0.023450
0.018678 0.021722
0.018666 0.019447
0.018655 0.019874
0.018606 0.019754
0.018505 0.019946
0.018484 0.019768
0.018475 0.018691
0.018422 0.019206
0.018418 0.019322
0.018407 0.025305
0.018293 0.030345
0.018232 0.018982
0.018231 0.020585
0.018101 0.019822
0.018093 0.022661
0.018087 0.021216
0.018021 0.021154
0.017970 0.021905
0.017958 0.018654
0.017932 0.019896
0.017881 0.030870
0.017874 0.020186
0.017846 0.019803
0.017844 0.025401
0.017841 0.023681
0.017832 0.022683
0.017831 0.026491
0.017766 0.019377
0.017752 0.022596
0.017752 0.019311
0.017684 0.020975
0.017654 0.021579
0.017640 0.019672
0.017618 0.020652
0.017589 0.018119
0.017570 0.019475
0.017511 0.017702
0.017478 0.018077
0.017470 0.021739
0.017455 0.018923
0.017400 0.018916
0.017400 0.025780
0.017344 0.022487
0.017340 0.019622
0.017337 0.019056
0.017313 0.023975
0.017250 0.022453
0.017235 0.017692
0.017210 0.019124
0.017163 0.018607
0.017160 0.018697
0.017128 0.023446
0.017099 0.026207
0.017036 0.023875
0.017003 0.019104
0.016963 0.018634
0.016838 0.018909
0.016805 0.017228
0.016686 0.020701
0.016652 0.020564
0.016646 0.017110
0.016603 0.016782
0.016601 0.018685
0.016597 0.027316
0.016574 0.021290
0.016544 0.021459
0.016495 0.026365
0.016436 0.019438
0.016421 0.017432
0.016412 0.016731
0.016387 0.022407
0.016325 0.017656
0.016320 0.017327
0.016272 0.019768
0.016231 0.019071
0.016190 0.020395
0.016159 0.017224
0.016157 0.019525
0.016127 0.020529
0.016102 0.021797
0.016063 0.016587
0.016054 0.022630
0.016030 0.018966
0.016023 0.016413
0.016014 0.019146
0.016014 0.017798
0.016009 0.021687
0.015940 0.028832
0.015936 0.019107
0.015933 0.016795
0.015914 0.016258
0.015882 0.016056
0.015865 0.016152
0.015825 0.023898
0.015779 0.020750
0.015659 0.015865
0.015609 0.021566
0.015559 0.019001
0.015515 0.018554
0.015512 0.016140
0.015506 0.017055
0.015489 0.025713
0.015482 0.019060
0.015434 0.018143
0.015410 0.028879
0.015389 0.017225
0.015365 0.017442
0.015314 0.028362
0.015286 0.017498
0.015278 0.017393
0.015167 0.026346
0.015051 0.017124
0.015023 0.015158
0.015011 0.015128
0.014997 0.016740
0.014989 0.019011
0.014934 0.016289
0.014909 0.018331
0.014842 0.021977
0.014815 0.031500
0.014812 0.018519
0.014783 0.018616
0.014778 0.016012
0.014763 0.016079
0.014679 0.018629
0.014670 0.018364
0.014662 0.021469
0.014584 0.021966
0.014501 0.021471
0.014496 0.015412
0.014483 0.015170
0.014427 0.016306
0.014335 0.016726
0.014317 0.015393
0.014313 0.016067
0.014264 0.014392
0.014247 0.014893
0.014196 0.015641
0.014142 0.015254
0.014141 0.016918
0.014139 0.016610
0.014132 0.022549
0.014084 0.023955
0.014080 0.014502
0.014076 0.014151
0.014048 0.018014
0.014018 0.014217
0.013996 0.015184
0.013962 0.014226
0.013951 0.014895
0.013790 0.014050
0.013732 0.014622
0.013678 0.021567
0.013664 0.014863
0.013657 0.018250
0.013644 0.015532
0.013605 0.023261
0.013602 0.018589
0.013565 0.013961
0.013554 0.015456
0.013523 0.015825
0.013483 0.023303
0.013482 0.016105
0.013479 0.014188
0.013465 0.013598
0.013447 0.016261
0.013405 0.019022
0.013381 0.015549
0.013337 0.013353
0.013314 0.016706
0.013294 0.020320
0.013280 0.015779
0.013275 0.013496
0.013253 0.019186
0.013218 0.015145
0.013157 0.014520
0.013150 0.013335
0.013146 0.016168
0.013098 0.013127
0.013044 0.014565
0.013042 0.013082
0.013032 0.013420
0.012960 0.013851
0.012953 0.017280
0.012936 0.014456
0.012897 0.013292
0.012883 0.013241
0.012850 0.015396
0.012838 0.021990
0.012836 0.013344
0.012803 0.018407
0.012781 0.013846
0.012747 0.015574
0.012744 0.016857
0.012739 0.016147
0.012695 0.014952
0.012656 0.015588
0.012613 0.015862
0.012607 0.012841
0.012605 0.014170
0.012580 0.017376
0.012571 0.024687
0.012530 0.022012
0.012511 0.013975
0.012508 0.015861
0.012503 0.015339
0.012503 0.013291
0.012496 0.015381
0.012454 0.013192
0.012405 0.015371
0.012402 0.012645
0.012368 0.013674
0.012359 0.020332
0.012309 0.012724
0.012255 0.016777
0.012246 0.012346
0.012243 0.013177
0.012229 0.019030
0.012209 0.013155
0.012190 0.012622
0.012134 0.013620
0.012080 0.012727
0.012043 0.016098
0.012043 0.013601
0.012024 0.012207
0.011983 0.012911
0.011954 0.013390
0.011949 0.014469
0.011924 0.014760
0.011913 0.014268
0.011903 0.012686
0.011884 0.015528
0.011878 0.012424
0.011874 0.012626
0.011869 0.016555
0.011847 0.015447
0.011842 0.014584
0.011808 0.014671
0.011796 0.012730
0.011779 0.013577
0.011778 0.016547
0.011775 0.013025
0.011772 0.013018
0.011772 0.012826
0.011743 0.012141
0.011710 0.014749
0.011685 0.014608
0.011661 0.015289
0.011622 0.011788
0.011599 0.014467
0.011598 0.012191
0.011597 0.012458
0.011582 0.014802
0.011555 0.020220
0.011528 0.012600
0.011512 0.012811
0.011499 0.011562
0.011470 0.013089
0.011445 0.013562
0.011441 0.011636
0.011440 0.011501
0.011411 0.011479
0.011397 0.017306
0.011395 0.011684
0.011372 0.014562
0.011366 0.015801
0.011332 0.012874
0.011323 0.014572
0.011318 0.011646
0.011318 0.011622
0.011299 0.012136
0.011290 0.012306
0.011242 0.014046
0.011239 0.011812
0.011231 0.011573
0.011206 0.013928
0.011190 0.011988
0.011183 0.011263
0.011147 0.013360
0.011146 0.011281
0.011139 0.012389
0.011128 0.011376
0.011100 0.011699
0.011070 0.018194
0.011050 0.016508
0.011008 0.011057
0.011003 0.011964
0.011000 0.013696
0.010989 0.016478
0.010987 0.012007
0.010976 0.011221
0.010972 0.013292
0.010970 0.014348
0.010964 0.015933
0.010937 0.011429
0.010935 0.011717
0.010933 0.011875
0.010932 0.012209
0.010926 0.016824
0.010913 0.013114
0.010905 0.014769
0.010899 0.015131
0.010895 0.011026
0.010869 0.011849
0.010829 0.024759
0.010779 0.016804
0.010779 0.011167
0.010773 0.011945
0.010764 0.011170
0.010685 0.012236
0.010679 0.012512
0.010657 0.011936
0.010651 0.016200
0.010648 0.014346
0.010645 0.012538
0.010641 0.012042
0.010637 0.014388
0.010635 0.011414
0.010588 0.015453
0.010575 0.010829
0.010565 0.013502
0.010556 0.015584
0.010536 0.012569
0.010527 0.014742
0.010510 0.012460
0.010469 0.010864
0.010458 0.017450
0.010458 0.010491
0.010447 0.012309
0.010446 0.013552
0.010441 0.012681
0.010441 0.010461
0.010432 0.014634
0.010430 0.011253
0.010414 0.012232
0.010400 0.013635
0.010368 0.019620
0.010362 0.016659
0.010341 0.010612
0.010340 0.011826
0.010337 0.010529
0.010313 0.012996
0.010294 0.011442
0.010272 0.010328
0.010271 0.020344
0.010261 0.011098
0.010261 0.016411
0.010258 0.010646
0.010227 0.015341
0.010218 0.011166
0.010213 0.016530
0.010210 0.015110
0.010203 0.010497
0.010192 0.010669
0.010185 0.011143
0.010177 0.011009
0.010176 0.011206
0.010170 0.010295
0.010144 0.011332
0.010138 0.011560
0.010133 0.011683
0.010122 0.011690
0.010110 0.013367
0.010077 0.011739
0.010063 0.015277
0.010057 0.019965
0.010057 0.010192
0.010056 0.015462
0.010024 0.010795
0.010010 0.010149
0.009986 0.013026
0.009984 0.014247
0.009970 0.010291
0.009968 0.010061
0.009964 0.011861
0.009963 0.010668
0.009957 0.010284
0.009922 0.012575
0.009921 0.012967
0.009898 0.010011
0.009897 0.011551
0.009897 0.017722
0.009895 0.010381
0.009893 0.010153
0.009879 0.012646
0.009879 0.015622
0.009877 0.010114
0.009854 0.011309
0.009842 0.011274
0.009829 0.018788
0.009820 0.011014
0.009813 0.014064
0.009810 0.013912
0.009799 0.013444
0.009780 0.010466
0.009760 0.015509
0.009758 0.012647
0.009755 0.011093
0.009752 0.012191
0.009748 0.010272
0.009742 0.013310
0.009731 0.010539
0.009710 0.013719
0.009694 0.010498
0.009686 0.009832
0.009682 0.010259
0.009669 0.010944
0.009655 0.011817
0.009628 0.009990
0.009623 0.011522
0.009614 0.010073
0.009589 0.010570
0.009589 0.010608
0.009579 0.014093
0.009553 0.015333
0.009547 0.010153
0.009544 0.010551
0.009525 0.010286
0.009520 0.010099
0.009505 0.012476
0.009494 0.019055
0.009488 0.011840
0.009480 0.011097
0.009478 0.012215
0.009476 0.013158
0.009462 0.011836
0.009458 0.012070
0.009453 0.010937
0.009448 0.009781
0.009447 0.009836
0.009445 0.009615
0.009425 0.011093
0.009424 0.010604
0.009418 0.014545
0.009410 0.012740
0.009391 0.010452
0.009384 0.009820
0.009360 0.013270
0.009354 0.010136
0.009346 0.015593
0.009345 0.012251
0.009334 0.016016
0.009328 0.009899
0.009319 0.016064
0.009292 0.013181
0.009292 0.009887
0.009260 0.009498
0.009258 0.009894
0.009257 0.010151
0.009220 0.011190
0.009214 0.010127
0.009206 0.011629
0.009185 0.013741
0.009184 0.009664
0.009184 0.013308
0.009179 0.010595
0.009176 0.009690
0.009169 0.012048
0.009155 0.009300
0.009151 0.010704
0.009150 0.009599
0.009142 0.009748
0.009139 0.013803
0.009133 0.014327
0.009130 0.009327
0.009123 0.009244
0.009100 0.009201
0.009100 0.013290
0.009082 0.014953
0.009081 0.009127
0.009078 0.010310
0.009074 0.009079
0.009068 0.013924
0.009063 0.009443
0.009056 0.009499
0.009049 0.011618
0.009035 0.010493
0.009007 0.010733
0.009005 0.010382
0.009001 0.009251
0.008998 0.009384
0.008984 0.009075
0.008978 0.009713
0.008966 0.009834
0.008944 0.010264
0.008943 0.009126
0.008941 0.013021
0.008917 0.009234
0.008910 0.011653
0.008907 0.009622
0.008882 0.009006
0.008871 0.012142
0.008867 0.010281
0.008858 0.010219
0.008850 0.009278
0.008847 0.010946
0.008846 0.008887
0.008845 0.009102
0.008835 0.011141
0.008831 0.009294
0.008823 0.010994
0.008819 0.009296
0.008819 0.012920
0.008810 0.010820
0.008794 0.013406
0.008791 0.012000
0.008767 0.009598
0.008764 0.009521
0.008743 0.012180
0.008742 0.009291
0.008742 0.008840
0.008742 0.009037
0.008729 0.009187
0.008724 0.009710
0.008721 0.009235
0.008700 0.008953
0.008699 0.012060
0.008692 0.008939
0.008692 0.008715
0.008691 0.008940
0.008679 0.010325
0.008668 0.010531
0.008656 0.008934
0.008650 0.016577
0.008645 0.014639
0.008644 0.011890
0.008644 0.009068
0.008643 0.008870
0.008642 0.009573
0.008641 0.009735
0.008640 0.009310
0.008638 0.013027
0.008632 0.016196
0.008626 0.009012
0.008615 0.010904
0.008602 0.008914
0.008598 0.008944
0.008595 0.009041
0.008583 0.008797
0.008572 0.008650
0.008563 0.011268
0.008556 0.010268
0.008555 0.009975
0.008552 0.010409
0.008551 0.010177
0.008543 0.008814
0.008539 0.009628
0.008538 0.012251
0.008532 0.009227
0.008510 0.009844
0.008499 0.008561
0.008499 0.008700
0.008495 0.012240
0.008487 0.014989
0.008483 0.008811
0.008460 0.010905
0.008438 0.009105
0.008433 0.016694
0.008432 0.010405
0.008427 0.008567
0.008424 0.010448
0.008421 0.009357
0.008404 0.009000
0.008403 0.012736
0.008397 0.009191
0.008396 0.008718
0.008393 0.009338
0.008387 0.010022
0.008387 0.009531
0.008385 0.009943
0.008381 0.009037
0.008374 0.010384
0.008362 0.009187
0.008353 0.011333
0.008344 0.008493
0.008342 0.015172
0.008333 0.008351
0.008324 0.010383
0.008313 0.008466
0.008309 0.008917
0.008307 0.008748
0.008302 0.008720
0.008297 0.008916
0.008295 0.013224
0.008294 0.008468
0.008293 0.012242
0.008293 0.008481
0.008292 0.009132
0.008290 0.011043
0.008286 0.009191
0.008276 0.014452
0.008276 0.008529
0.008269 0.012836
0.008264 0.008318
0.008263 0.010158
0.008252 0.009086
0.008246 0.010066
0.008245 0.008910
0.008244 0.009089
0.008242 0.008286
0.008241 0.008907
0.008228 0.009006
0.008219 0.011159
0.008217 0.013531
0.008198 0.008888
0.008198 0.008387
0.008197 0.008543
0.008194 0.012126
0.008192 0.012076
0.008188 0.008601
0.008185 0.012498
0.008183 0.008392
0.008176 0.009642
0.008173 0.014196
0.008165 0.008509
0.008163 0.010370
0.008158 0.008316
0.008155 0.011003
0.008149 0.008909
0.008144 0.008437
0.008141 0.014519
0.008123 0.009624
0.008114 0.009481
0.008114 0.008493
0.008113 0.008464
0.008100 0.008130
0.008095 0.008284
0.008086 0.014031
0.008079 0.008499
0.008078 0.008096
0.008077 0.009202
0.008072 0.008761
0.008071 0.008329
0.008053 0.008399
0.008047 0.011331
0.008021 0.009471
0.008017 0.011290
0.008007 0.012062
0.008000 0.012294
0.007959 0.008886
0.007956 0.008015
0.007930 0.010535
0.007929 0.009400
0.007928 0.010189
0.007911 0.008363
0.007904 0.009669
0.007902 0.008819
0.007900 0.009856
0.007889 0.008079
0.007888 0.008555
0.007885 0.010526
0.007882 0.008036
0.007868 0.009698
0.007866 0.008240
0.007864 0.008415
0.007863 0.007899
0.007846 0.008349
0.007843 0.011190
0.007841 0.012968
0.007834 0.011801
0.007828 0.009686
0.007821 0.009435
0.007817 0.010461
0.007814 0.011594
0.007804 0.008728
0.007800 0.009273
0.007800 0.010980
0.007774 0.009283
0.007767 0.008151
0.007761 0.008912
0.007753 0.013469
0.007750 0.010565
0.007746 0.010571
0.007736 0.009934
0.007735 0.007821
0.007727 0.011578
0.007722 0.008052
0.007717 0.009458
0.007717 0.012061
0.007714 0.010375
0.007702 0.008147
0.007687 0.009643
0.007681 0.007985
0.007675 0.008045
0.007667 0.008813
0.007660 0.008918
0.007654 0.008485
0.007649 0.013102
0.007632 0.008457
0.007630 0.008406
0.007611 0.012316
0.007603 0.008323
0.007602 0.011646
0.007590 0.010822
0.007585 0.008008
0.007578 0.010611
0.007572 0.009116
0.007558 0.008519
0.007547 0.010728
0.007545 0.009583
0.007542 0.010390
0.007535 0.008852
0.007535 0.008517
0.007532 0.008690
0.007532 0.008286
0.007531 0.010007
0.007526 0.009016
0.007526 0.007724
0.007518 0.012263
0.007515 0.007919
0.007513 0.008255
0.007503 0.008070
0.007501 0.008937
0.007499 0.007635
0.007491 0.008475
0.007479 0.010755
0.007471 0.007698
0.007471 0.010301
0.007466 0.007864
0.007459 0.008021
0.007459 0.012720
0.007454 0.008353
0.007452 0.011294
0.007449 0.008544
0.007443 0.011345
0.007437 0.010455
0.007433 0.010142
0.007426 0.010222
0.007420 0.009036
0.007415 0.009236
0.007413 0.008853
0.007412 0.009299
0.007411 0.007775
0.007404 0.008451
0.007404 0.009454
0.007404 0.007449
0.007400 0.008171
0.007400 0.009035
0.007389 0.007831
0.007388 0.008829
0.007388 0.012352
0.007387 0.007548
0.007385 0.009085
0.007367 0.008993
0.007363 0.007742
0.007349 0.007726
0.007347 0.009717
0.007346 0.007822
0.007345 0.011792
0.007344 0.007543
0.007336 0.008262
0.007335 0.007474
0.007323 0.014955
0.007317 0.009318
0.007312 0.010478
0.007307 0.007857
0.007305 0.014383
0.007303 0.008345
0.007303 0.013434
0.007303 0.016606
0.007299 0.009013
0.007277 0.007912
0.007261 0.007268
0.007261 0.011183
0.007258 0.007277
0.007256 0.008130
0.007252 0.007789
0.007245 0.009041
0.007235 0.010110
0.007233 0.011619
0.007229 0.007756
0.007228 0.010047
0.007225 0.007562
0.007223 0.009196
0.007215 0.007319
0.007214 0.008146
0.007209 0.008219
0.007208 0.008980
0.007204 0.011193
0.007198 0.015195
0.007196 0.008008
0.007189 0.008659
0.007187 0.008400
0.007185 0.008217
0.007178 0.007424
0.007177 0.008353
0.007177 0.007570
0.007174 0.007412
0.007173 0.013233
0.007172 0.017108
0.007161 0.007957
0.007159 0.012296
0.007142 0.008063
0.007137 0.007922
0.007134 0.010603
0.007120 0.014665
0.007114 0.007462
0.007114 0.007789
0.007113 0.012410
0.007112 0.007351
0.007110 0.012033
0.007103 0.007561
0.007092 0.007207
0.007091 0.010092
0.007083 0.007500
0.007079 0.007385
0.007077 0.009791
0.007076 0.010877
0.007068 0.007261
0.007068 0.007590
0.007065 0.009964
0.007062 0.007312
0.007060 0.007088
0.007057 0.009097
0.007048 0.008296
0.007042 0.007093
0.007037 0.007624
0.007037 0.007708
0.007036 0.007146
0.007035 0.009848
0.007030 0.009566
0.007021 0.009135
0.007000 0.007146
0.006994 0.013266
0.006983 0.007350
0.006980 0.008047
0.006980 0.014813
0.006975 0.011819
0.006955 0.009412
0.006955 0.008484
0.006946 0.008004
0.006935 0.011799
0.006930 0.007234
0.006920 0.006970
0.006915 0.007282
0.006907 0.007702
0.006900 0.012283
0.006894 0.013988
0.006889 0.007184
0.006887 0.007349
0.006884 0.007286
0.006872 0.007462
0.006864 0.007451
0.006863 0.006892
0.006860 0.007622
0.006854 0.008652
0.006854 0.006903
0.006851 0.009306
0.006849 0.008567
0.006848 0.008398
0.006845 0.013037
0.006845 0.011884
0.006841 0.010451
0.006837 0.007315
0.006837 0.006960
0.006836 0.009614
0.006835 0.007735
0.006835 0.006986
0.006830 0.006861
0.006827 0.007721
0.006823 0.007492
0.006811 0.006874
0.006801 0.008534
0.006794 0.007700
0.006786 0.008854
0.006784 0.007148
0.006782 0.008319
0.006781 0.008551
0.006781 0.007378
0.006778 0.009267
0.006778 0.007059
0.006777 0.008102
0.006776 0.008483
0.006772 0.008665
0.006772 0.008540
0.006770 0.008155
0.006767 0.007529
0.006767 0.007165
0.006763 0.006765
0.006761 0.008254
0.006759 0.008527
0.006757 0.009380
0.006756 0.006842
0.006752 0.007240
0.006751 0.007335
0.006748 0.007163
0.006744 0.008286
0.006741 0.007780
0.006740 0.010705
0.006740 0.006970
0.006740 0.007040
0.006739 0.008627
0.006736 0.007494
0.006735 0.012291
0.006728 0.006882
0.006725 0.010742
0.006704 0.010028
0.006701 0.008192
0.006688 0.008620
0.006687 0.007487
0.006683 0.006884
0.006681 0.008292
0.006670 0.009251
0.006670 0.009186
0.006670 0.007446
0.006667 0.007155
0.006664 0.007459
0.006662 0.006852
0.006657 0.009075
0.006650 0.013772
0.006640 0.008315
0.006630 0.008882
0.006626 0.009093
0.006626 0.008549
0.006621 0.008929
0.006615 0.008243
0.006610 0.009494
0.006609 0.006773
0.006607 0.008543
0.006606 0.009016
0.006605 0.007359
0.006602 0.007731
0.006600 0.007838
0.006580 0.007271
0.006576 0.007387
0.006571 0.007191
0.006568 0.007607
0.006568 0.007646
0.006566 0.006787
0.006559 0.008545
0.006558 0.007202
0.006552 0.007459
0.006540 0.008007
0.006536 0.007426
0.006534 0.009347
0.006532 0.008481
0.006524 0.006558
0.006524 0.009425
0.006521 0.007473
0.006512 0.007601
0.006508 0.009096
0.006508 0.007722
0.006505 0.007257
0.006505 0.007178
0.006504 0.006630
0.006501 0.007517
0.006498 0.012277
0.006495 0.006549
0.006495 0.009019
0.006488 0.010505
0.006488 0.007115
0.006485 0.007727
0.006481 0.009049
0.006479 0.007399
0.006477 0.007799
0.006475 0.010361
0.006470 0.006491
0.006466 0.006663
0.006466 0.007626
0.006460 0.010496
0.006459 0.006728
0.006457 0.007381
0.006452 0.010316
0.006447 0.007025
0.006445 0.008300
0.006433 0.006976
0.006430 0.008889
0.006423 0.007352
0.006422 0.006665
0.006422 0.008704
0.006408 0.007544
0.006404 0.008129
0.006403 0.007144
0.006399 0.010102
0.006391 0.008600
0.006379 0.006693
0.006371 0.008350
0.006369 0.006693
0.006369 0.006820
0.006364 0.007440
0.006363 0.008446
0.006355 0.006574
0.006348 0.006363
0.006347 0.007522
0.006346 0.010301
0.006339 0.009169
0.006338 0.012123
0.006337 0.007346
0.006329 0.007281
0.006321 0.006547
0.006317 0.006940
0.006309 0.006853
0.006308 0.006944
0.006306 0.007292
0.006303 0.007137
0.006298 0.006804
0.006298 0.007604
0.006295 0.006572
0.006290 0.008030
0.006289 0.007291
0.006288 0.006508
0.006287 0.006559
0.006286 0.009395
0.006281 0.008664
0.006278 0.006516
0.006272 0.011020
0.006268 0.006861
0.006266 0.006363
0.006265 0.007520
0.006265 0.006917
0.006263 0.006875
0.006257 0.006473
0.006252 0.006696
0.006252 0.006281
0.006250 0.006515
0.006247 0.007918
0.006246 0.007526
0.006238 0.008979
0.006237 0.007986
0.006236 0.007113
0.006233 0.007074
0.006232 0.007233
0.006230 0.006964
0.006229 0.009678
0.006216 0.006610
0.006210 0.006409
0.006210 0.006564
0.006207 0.007394
0.006206 0.006711
0.006203 0.007028
0.006200 0.008385
0.006199 0.006799
0.006197 0.007089
0.006190 0.009396
0.006186 0.008052
0.006184 0.006677
0.006178 0.006334
0.006177 0.008050
0.006175 0.008264
0.006174 0.007785
0.006172 0.014242
0.006171 0.006975
0.006170 0.006503
0.006165 0.006272
0.006163 0.006357
0.006163 0.006687
0.006158 0.006896
0.006158 0.006368
0.006145 0.009143
0.006139 0.008579
0.006131 0.006417
0.006130 0.008572
0.006129 0.007570
0.006127 0.006205
0.006126 0.006972
0.006122 0.007937
0.006121 0.007116
0.006121 0.007130
0.006120 0.007582
0.006114 0.007223
0.006110 0.010682
0.006109 0.009421
0.006106 0.007222
0.006105 0.007714
0.006102 0.006687
0.006099 0.007510
0.006095 0.007868
0.006083 0.006169
0.006077 0.007614
0.006077 0.006926
0.006075 0.011268
0.006070 0.007034
0.006065 0.015407
0.006065 0.006324
0.006059 0.006549
0.006055 0.010366
0.006055 0.008335
0.006048 0.006411
0.006044 0.006584
0.006041 0.012548
0.006039 0.006184
0.006039 0.008250
0.006038 0.013300
0.006037 0.006054
0.006035 0.007243
0.006025 0.006330
0.006018 0.006449
0.006018 0.006498
0.006014 0.006085
0.006013 0.006432
0.006012 0.006377
0.006012 0.011201
0.006008 0.014441
0.006008 0.006261
0.006008 0.006060
0.006007 0.007329
0.006002 0.008754
0.006000 0.006196
0.005995 0.006560
0.005993 0.006853
0.005981 0.006016
0.005981 0.009268
0.005978 0.009591
0.005976 0.006238
0.005974 0.006181
0.005972 0.008947
0.005969 0.008734
0.005967 0.012399
0.005965 0.008175
0.005961 0.009241
0.005957 0.006555
0.005951 0.006700
0.005948 0.006695
0.005948 0.011279
0.005948 0.007234
0.005945 0.006334
0.005943 0.010608
0.005943 0.006051
0.005939 0.007487
0.005936 0.006734
0.005936 0.006384
0.005936 0.007356
0.005935 0.005939
0.005933 0.006258
0.005930 0.006137
0.005929 0.008046
0.005928 0.006871
0.005923 0.006103
0.005914 0.012742
0.005913 0.010705
0.005912 0.009936
0.005912 0.007819
0.005912 0.006345
0.005911 0.005913
0.005909 0.006620
0.005908 0.007940
0.005908 0.006158
0.005905 0.006021
0.005903 0.006053
0.005903 0.008372
0.005897 0.008707
0.005894 0.006146
0.005890 0.006960
0.005887 0.006398
0.005882 0.006940
0.005880 0.006103
0.005879 0.008290
0.005878 0.007776
0.005877 0.007389
0.005874 0.006219
0.005873 0.007499
0.005873 0.006188
0.005867 0.007161
0.005862 0.007564
0.005844 0.005858
0.005838 0.006252
0.005825 0.008460
0.005824 0.006577
0.005824 0.006222
0.005817 0.006676
0.005816 0.007235
0.005813 0.005895
0.005808 0.007741
0.005808 0.006296
0.005800 0.006164
0.005793 0.007075
0.005792 0.007311
0.005790 0.005951
0.005788 0.006267
0.005787 0.006348
0.005781 0.006216
0.005773 0.008947
0.005773 0.005781
0.005765 0.006004
0.005764 0.006329
0.005763 0.007497
0.005761 0.006475
0.005757 0.005959
0.005756 0.005779
0.005756 0.006922
0.005745 0.005939
0.005743 0.005981
0.005741 0.005925
0.005741 0.008145
0.005740 0.007985
0.005737 0.008932
0.005732 0.009316
0.005731 0.008671
0.005727 0.007965
0.005726 0.006074
0.005718 0.007482
0.005717 0.009114
0.005715 0.005725
0.005714 0.005875
0.005714 0.009832
0.005711 0.005746
0.005710 0.007097
0.005710 0.006210
0.005701 0.008109
0.005700 0.009639
0.005698 0.006343
0.005695 0.008318
0.005694 0.007551
0.005691 0.007658
0.005684 0.006349
0.005678 0.006044
0.005673 0.006026
0.005672 0.006249
0.005671 0.006047
0.005670 0.006244
0.005663 0.011541
0.005662 0.005813
0.005661 0.006890
0.005657 0.008693
0.005657 0.009394
0.005652 0.008955
0.005651 0.006377
0.005639 0.009035
0.005636 0.006208
0.005635 0.006010
0.005627 0.005963
0.005627 0.007676
0.005626 0.007607
0.005626 0.005836
0.005626 0.005911
0.005623 0.008061
0.005610 0.006255
0.005606 0.006171
0.005602 0.006560
0.005600 0.006229
0.005597 0.006953
0.005597 0.007326
0.005595 0.011032
0.005592 0.006676
0.005590 0.007733
0.005588 0.008412
0.005587 0.008565
0.005585 0.006374
0.005582 0.007713
0.005582 0.006346
0.005581 0.006003
0.005577 0.005735
0.005577 0.006804
0.005575 0.011113
0.005575 0.006861
0.005573 0.008560
0.005572 0.008736
0.005571 0.008824
0.005569 0.007111
0.005566 0.006288
0.005561 0.006008
0.005561 0.005814
0.005560 0.007101
0.005559 0.008437
0.005558 0.006658
0.005558 0.009241
0.005557 0.007823
0.005557 0.006117
0.005554 0.008889
0.005552 0.006045
0.005551 0.006133
0.005545 0.005663
0.005543 0.005930
0.005541 0.008307
0.005535 0.009931
0.005534 0.005826
0.005534 0.007540
0.005534 0.005912
0.005533 0.005600
0.005532 0.008461
0.005530 0.005669
0.005530 0.008049
0.005529 0.006995
0.005526 0.006111
0.005525 0.005931
0.005524 0.007054
0.005522 0.006851
0.005518 0.006255
0.005518 0.006831
0.005515 0.006057
0.005513 0.008573
0.005511 0.006109
0.005508 0.009677
0.005507 0.005653
0.005506 0.008713
0.005504 0.007706
0.005501 0.007366
0.005500 0.005881
0.005494 0.006576
0.005492 0.007659
0.005491 0.006438
0.005488 0.009025
0.005488 0.011088
0.005486 0.005897
0.005484 0.011799
0.005481 0.005637
0.005480 0.006678
0.005478 0.005529
0.005476 0.009950
0.005474 0.007498
0.005473 0.006418
0.005467 0.007107
0.005463 0.006840
0.005460 0.007392
0.005459 0.005959
0.005456 0.007529
0.005449 0.008628
0.005448 0.006279
0.005440 0.005473
0.005437 0.007386
0.005437 0.005635
0.005429 0.006856
0.005423 0.005617
0.005422 0.005712
0.005416 0.009833
0.005415 0.005921
0.005415 0.005651
0.005414 0.006050
0.005412 0.006206
0.005412 0.006903
0.005410 0.007454
0.005408 0.006751
0.005406 0.006367
0.005405 0.006383
0.005404 0.009365
0.005403 0.012617
0.005401 0.006613
0.005394 0.005716
0.005391 0.006752
0.005389 0.006281
0.005382 0.008028
0.005381 0.005772
0.005379 0.005493
0.005377 0.005450
0.005377 0.005772
0.005376 0.005671
0.005374 0.008684
0.005373 0.005544
0.005372 0.007294
0.005369 0.005411
0.005363 0.006267
0.005361 0.009720
0.005356 0.007403
0.005356 0.005832
0.005354 0.007860
0.005352 0.005452
0.005347 0.005738
0.005346 0.009238
0.005344 0.006003
0.005343 0.007663
0.005337 0.005372
0.005336 0.005791
0.005335 0.006505
0.005335 0.006053
0.005333 0.006980
0.005333 0.007121
0.005331 0.007657
0.005331 0.005864
0.005331 0.006885
0.005330 0.007194
0.005325 0.006204
0.005323 0.008850
0.005317 0.005783
0.005312 0.007933
0.005311 0.007094
0.005310 0.006412
0.005307 0.011875
0.005304 0.005981
0.005301 0.007852
0.005299 0.005468
0.005290 0.006492
0.005289 0.005494
0.005288 0.007926
0.005286 0.005302
0.005284 0.009334
0.005282 0.005662
0.005276 0.008263
0.005275 0.009439
0.005272 0.005399
0.005272 0.006204
0.005266 0.006607
0.005263 0.006625
0.005262 0.006058
0.005262 0.006589
0.005260 0.006973
0.005255 0.007225
0.005253 0.006671
0.005251 0.006175
0.005249 0.006458
0.005249 0.007983
0.005249 0.006022
0.005248 0.007642
0.005248 0.011144
0.005246 0.005715
0.005242 0.006111
0.005242 0.006467
0.005240 0.007492
0.005223 0.008941
0.005221 0.009524
0.005217 0.006780
0.005215 0.005254
0.005215 0.005248
0.005215 0.008537
0.005214 0.006001
0.005209 0.006092
0.005208 0.005804
0.005201 0.006126
0.005200 0.009364
0.005200 0.005479
0.005199 0.006276
0.005196 0.005443
0.005195 0.007479
0.005189 0.006100
0.005188 0.010107
0.005188 0.008388
0.005185 0.006204
0.005181 0.005510
0.005180 0.008501
0.005178 0.006169
0.005177 0.007007
0.005177 0.005282
0.005176 0.005691
0.005173 0.007311
0.005173 0.005506
0.005171 0.005350
0.005170 0.005932
0.005165 0.006487
0.005165 0.005874
0.005165 0.006262
0.005163 0.005620
0.005163 0.007452
0.005158 0.005393
0.005157 0.005907
0.005154 0.008133
0.005153 0.006647
0.005151 0.006807
0.005150 0.006137
0.005150 0.009062
0.005145 0.006734
0.005143 0.006281
0.005142 0.011127
0.005140 0.007229
0.005140 0.010751
0.005137 0.005387
0.005137 0.008398
0.005136 0.006009
0.005136 0.005328
0.005133 0.009779
0.005132 0.014661
0.005127 0.005140
0.005125 0.007222
0.005125 0.009210
0.005124 0.005986
0.005124 0.005715
0.005124 0.005219
0.005124 0.005574
0.005123 0.005193
0.005121 0.007433
0.005121 0.008764
0.005119 0.007174
0.005118 0.007726
0.005118 0.006081
0.005116 0.005389
0.005112 0.013063
0.005110 0.010005
0.005109 0.005755
0.005108 0.007836
0.005108 0.005403
0.005100 0.005382
0.005097 0.005282
0.005096 0.006798
0.005092 0.006387
0.005089 0.005416
0.005088 0.005283
0.005087 0.005958
0.005084 0.005397
0.005083 0.005346
0.005083 0.005501
0.005081 0.006115
0.005078 0.011424
0.005077 0.005911
0.005077 0.007678
0.005076 0.006560
0.005068 0.008126
0.005068 0.005588
0.005066 0.005125
0.005065 0.005274
0.005063 0.006780
0.005063 0.005336
0.005062 0.006469
0.005058 0.006165
0.005058 0.005443
0.005057 0.005508
0.005057 0.008547
0.005057 0.005467
0.005056 0.010087
0.005053 0.005502
0.005052 0.005602
0.005052 0.005081
0.005051 0.005601
0.005050 0.007175
0.005049 0.005286
0.005048 0.005076
0.005048 0.006054
0.005047 0.005447
0.005045 0.009333
0.005043 0.005897
0.005043 0.005113
0.005043 0.005580
0.005041 0.005722
0.005040 0.006580
0.005039 0.005638
0.005037 0.005084
0.005034 0.006125
0.005029 0.005108
0.005029 0.006561
0.005029 0.006922
0.005026 0.006169
0.005025 0.006635
0.005020 0.007588
0.005013 0.008368
0.005012 0.005613
0.005009 0.006961
0.005005 0.005101
0.005004 0.007688
0.005003 0.006656
0.004991 0.011408
0.004988 0.013493
0.004986 0.006934
0.004984 0.006134
0.004982 0.005780
0.004980 0.007708
0.004975 0.005491
0.004975 0.009459
0.004974 0.005305
0.004973 0.005192
0.004973 0.005056
0.004973 0.006058
0.004973 0.006093
0.004971 0.014885
0.004970 0.005920
0.004970 0.009636
0.004969 0.006421
0.004968 0.005352
0.004964 0.005594
0.004963 0.008428
0.004962 0.005007
0.004956 0.005961
0.004956 0.006266
0.004954 0.005024
0.004953 0.006490
0.004952 0.006149
0.004943 0.008686
0.004943 0.005143
0.004939 0.009758
0.004939 0.007226
0.004938 0.005010
0.004937 0.005097
0.004936 0.008181
0.004935 0.005237
0.004933 0.007481
0.004930 0.006188
0.004930 0.006535
0.004929 0.006133
0.004924 0.005638
0.004923 0.009502
0.004922 0.007967
0.004919 0.006030
0.004916 0.009974
0.004915 0.004987
0.004912 0.005441
0.004912 0.004998
0.004911 0.006340
0.004911 0.004944
0.004910 0.005263
0.004909 0.005156
0.004908 0.006069
0.004905 0.005364
0.004904 0.006281
0.004904 0.005990
0.004900 0.005427
0.004899 0.006350
0.004893 0.005016
0.004890 0.006088
0.004878 0.005963
0.004877 0.005029
0.004877 0.006273
0.004875 0.007164
0.004870 0.009103
0.004867 0.005473
0.004867 0.005079
0.004866 0.007375
0.004864 0.006682
0.004857 0.005574
0.004854 0.005310
0.004854 0.004979
0.004853 0.005799
0.004852 0.005660
0.004850 0.005447
0.004848 0.004937
0.004848 0.007739
0.004848 0.008127
0.004846 0.009788
0.004843 0.005070
0.004842 0.005291
0.004842 0.006083
0.004842 0.005135
0.004837 0.006792
0.004836 0.005218
0.004831 0.004982
0.004830 0.005925
0.004829 0.005796
0.004822 0.004999
0.004821 0.005030
0.004820 0.007342
0.004819 0.004878
0.004818 0.007120
0.004816 0.006388
0.004814 0.005788
0.004814 0.004965
0.004813 0.005649
0.004811 0.005060
0.004811 0.004817
0.004807 0.007320
0.004806 0.004812
0.004805 0.008464
0.004803 0.006494
0.004801 0.004936
0.004800 0.007716
0.004800 0.004817
0.004800 0.005338
0.004800 0.005971
0.004799 0.006777
0.004795 0.007405
0.004794 0.005836
0.004793 0.006911
0.004792 0.004929
0.004790 0.006512
0.004785 0.005094
0.004785 0.004836
0.004784 0.005341
0.004779 0.006481
0.004779 0.006931
0.004777 0.008647
0.004766 0.005064
0.004766 0.007094
0.004764 0.006043
0.004763 0.005189
0.004761 0.007575
0.004758 0.009601
0.004752 0.005447
0.004751 0.006610
0.004750 0.004848
0.004749 0.005479
0.004748 0.007739
0.004748 0.005263
0.004748 0.005640
0.004743 0.006646
0.004741 0.005942
0.004740 0.004824
0.004739 0.005645
0.004739 0.008056
0.004731 0.004747
0.004729 0.004872
0.004726 0.005046
0.004726 0.005013
0.004716 0.005525
0.004715 0.010817
0.004712 0.005044
0.004711 0.005048
0.004709 0.006112
0.004707 0.005123
0.004705 0.005052
0.004704 0.005845
0.004699 0.004871
0.004698 0.005702
0.004691 0.005460
0.004689 0.004758
0.004688 0.005133
0.004686 0.005542
0.004686 0.006351
0.004685 0.004727
0.004685 0.005438
0.004684 0.006065
0.004681 0.004772
0.004680 0.005544
0.004680 0.006768
0.004678 0.005741
0.004677 0.005182
0.004677 0.004683
0.004674 0.007082
0.004671 0.004959
0.004667 0.004739
0.004664 0.005310
0.004662 0.005589
0.004661 0.004906
0.004660 0.005443
0.004659 0.004971
0.004658 0.006521
0.004655 0.005723
0.004655 0.007486
0.004650 0.004897
0.004650 0.005129
0.004649 0.005360
0.004649 0.004772
0.004643 0.005701
0.004643 0.006376
0.004642 0.005259
0.004638 0.004670
0.004633 0.007338
0.004632 0.007855
0.004631 0.008499
0.004630 0.005833
0.004630 0.004866
0.004627 0.005608
0.004627 0.009395
0.004626 0.006174
0.004625 0.006244
0.004624 0.006297
0.004623 0.005210
0.004622 0.012860
0.004622 0.005405
0.004620 0.004842
0.004618 0.006079
0.004615 0.004699
0.004613 0.007576
0.004612 0.007621
0.004611 0.009056
0.004606 0.004725
0.004601 0.004976
0.004600 0.006018
0.004599 0.009178
0.004594 0.005301
0.004592 0.005115
0.004587 0.004762
0.004586 0.005940
0.004585 0.004823
0.004584 0.006051
0.004583 0.007130
0.004580 0.008088
0.004570 0.007404
0.004570 0.005322
0.004569 0.005013
0.004565 0.006494
0.004565 0.005577
0.004562 0.005090
0.004560 0.004840
0.004559 0.009429
0.004558 0.004813
0.004558 0.005286
0.004555 0.004887
0.004555 0.008694
0.004553 0.007100
0.004549 0.004591
0.004548 0.004967
0.004544 0.004874
0.004543 0.004870
0.004543 0.006105
0.004541 0.007252
0.004540 0.005224
0.004534 0.004600
0.004531 0.009401
0.004530 0.006878
0.004529 0.006061
0.004528 0.004762
0.004528 0.004810
0.004527 0.008990
0.004525 0.004878
0.004524 0.005000
0.004521 0.005241
0.004520 0.008050
0.004520 0.004933
0.004518 0.004892
0.004518 0.007315
0.004516 0.010495
0.004514 0.005135
0.004512 0.004703
0.004511 0.004725
0.004510 0.005142
0.004507 0.005402
0.004506 0.007490
0.004506 0.005159
0.004501 0.005054
0.004499 0.004844
0.004499 0.009316
0.004491 0.004519
0.004491 0.005789
0.004490 0.005872
0.004488 0.004628
0.004487 0.004896
0.004484 0.004701
0.004484 0.007198
0.004484 0.005903
0.004483 0.005833
0.004481 0.005245
0.004480 0.004829
0.004479 0.008382
0.004476 0.005278
0.004476 0.006478
0.004476 0.005392
0.004475 0.007762
0.004474 0.007409
0.004470 0.006034
0.004468 0.005577
0.004464 0.005514
0.004463 0.005945
0.004461 0.005348
0.004460 0.006092
0.004459 0.005303
0.004455 0.005580
0.004454 0.004468
0.004454 0.007981
0.004453 0.004528
0.004451 0.005999
0.004450 0.005136
0.004450 0.007946
0.004449 0.005506
0.004449 0.004766
0.004449 0.004597
0.004444 0.006407
0.004442 0.005893
0.004442 0.004715
0.004438 0.004812
0.004436 0.004463
0.004431 0.004447
0.004430 0.005671
0.004430 0.004448
0.004430 0.004839
0.004426 0.008825
0.004422 0.004665
0.004414 0.004574
0.004409 0.005918
0.004407 0.009523
0.004407 0.004544
0.004406 0.006424
0.004403 0.004842
0.004403 0.004775
0.004400 0.006412
0.004394 0.005682
0.004393 0.009514
0.004389 0.004591
0.004388 0.004435
0.004388 0.004972
0.004388 0.011154
0.004387 0.005014
0.004387 0.004768
0.004386 0.005147
0.004385 0.004615
0.004382 0.004810
0.004381 0.007163
0.004376 0.006030
0.004374 0.005277
0.004373 0.004548
0.004369 0.004454
0.004369 0.004999
0.004369 0.007718
0.004367 0.010719
0.004366 0.004900
0.004363 0.008869
0.004362 0.005237
0.004361 0.008447
0.004356 0.005924
0.004355 0.006670
0.004352 0.004671
0.004347 0.005483
0.004346 0.008258
0.004342 0.004967
0.004341 0.005832
0.004341 0.005396
0.004340 0.005219
0.004338 0.005316
0.004335 0.006020
0.004335 0.004442
0.004335 0.004801
0.004333 0.005009
0.004333 0.004991
0.004330 0.006672
0.004330 0.004426
0.004328 0.004962
0.004326 0.004401
0.004322 0.005371
0.004322 0.004355
0.004314 0.004784
0.004313 0.005290
0.004311 0.004968
0.004311 0.008186
0.004310 0.004424
0.004306 0.004323
0.004304 0.004746
0.004303 0.004967
0.004296 0.006219
0.004296 0.004519
0.004295 0.008525
0.004292 0.005995
0.004289 0.004345
0.004287 0.004315
0.004284 0.004615
0.004281 0.005616
0.004281 0.004507
0.004281 0.006916
0.004278 0.006006
0.004278 0.004499
0.004275 0.006097
0.004275 0.004668
0.004272 0.004304
0.004271 0.004327
0.004270 0.004652
0.004269 0.004959
0.004269 0.005429
0.004266 0.005407
0.004265 0.004867
0.004263 0.004502
0.004262 0.005433
0.004261 0.005714
0.004259 0.009154
0.004255 0.006308
0.004252 0.004369
0.004250 0.004526
0.004250 0.005597
0.004245 0.005830
0.004245 0.005099
0.004242 0.004466
0.004240 0.004463
0.004238 0.004615
0.004237 0.004620
0.004236 0.004901
0.004233 0.004668
0.004232 0.005075
0.004231 0.004583
0.004224 0.005460
0.004224 0.005558
0.004220 0.008810
0.004219 0.004847
0.004216 0.005349
0.004215 0.004532
0.004214 0.004415
0.004214 0.004464
0.004212 0.004276
0.004212 0.004845
0.004209 0.004539
0.004209 0.004348
0.004204 0.004806
0.004204 0.005143
0.004198 0.007107
0.004198 0.005377
0.004197 0.005440
0.004197 0.004512
0.004194 0.006640
0.004191 0.005184
0.004190 0.004318
0.004188 0.004332
0.004187 0.009739
0.004186 0.004250
0.004184 0.004710
0.004183 0.006354
0.004182 0.004873
0.004174 0.005876
0.004169 0.004939
0.004169 0.005056
0.004167 0.005941
0.004167 0.006319
0.004165 0.008944
0.004163 0.011111
0.004161 0.006743
0.004161 0.006254
0.004158 0.005471
0.004156 0.009137
0.004155 0.006665
0.004154 0.006493
0.004151 0.004322
0.004149 0.004486
0.004147 0.004730
0.004147 0.004740
0.004146 0.004179
0.004146 0.005202
0.004145 0.004397
0.004144 0.004636
0.004138 0.005147
0.004136 0.004827
0.004134 0.008173
0.004134 0.004560
0.004132 0.005175
0.004130 0.005100
0.004128 0.008529
0.004122 0.008392
0.004119 0.004985
0.004114 0.005251
0.004113 0.004449
0.004110 0.004326
0.004103 0.005859
0.004100 0.004256
0.004095 0.005643
0.004094 0.005172
0.004093 0.004306
0.004093 0.005162
0.004091 0.005731
0.004088 0.005135
0.004084 0.005406
0.004084 0.004316
0.004082 0.004911
0.004082 0.006025
0.004081 0.004810
0.004080 0.004697
0.004079 0.006559
0.004076 0.004821
0.004072 0.004937
0.004067 0.004434
0.004064 0.004255
0.004060 0.004520
0.004058 0.004314
0.004052 0.005349
0.004050 0.004557
0.004048 0.004603
0.004041 0.006860
0.004037 0.005072
0.004033 0.004261
0.004032 0.004563
0.004032 0.004125
0.004027 0.007935
0.004027 0.004208
0.004027 0.005080
0.004017 0.008039
0.004016 0.004564
0.004016 0.004328
0.004016 0.004271
0.004014 0.004929
0.004012 0.007101
0.004011 0.004089
0.004011 0.004613
0.004010 0.004296
0.004005 0.005186
0.004003 0.004474
0.004000 0.004640
0.004000 0.004411
0.003994 0.004748
0.003994 0.004312
0.003993 0.004931
0.003993 0.004315
0.003993 0.006498
0.003988 0.004598
0.003988 0.004856
0.003988 0.004678
0.003988 0.005043
0.003987 0.004048
0.003981 0.004256
0.003979 0.004755
0.003979 0.005102
0.003975 0.004197
0.003971 0.004545
0.003971 0.004305
0.003971 0.006254
0.003967 0.005351
0.003966 0.007495
0.003965 0.004905
0.003964 0.004431
0.003963 0.007517
0.003956 0.004845
0.003954 0.004758
0.003943 0.004066
0.003942 0.004551
0.003938 0.004364
0.003938 0.004428
0.003935 0.004001
0.003934 0.006674
0.003932 0.004913
0.003931 0.004475
0.003930 0.004265
0.003922 0.004358
0.003921 0.004578
0.003920 0.004996
0.003920 0.004697
0.003920 0.004424
0.003920 0.004911
0.003920 0.006050
0.003915 0.005422
0.003913 0.005712
0.003911 0.005055
0.003910 0.003978
0.003907 0.004274
0.003904 0.004835
0.003902 0.005469
0.003902 0.003959
0.003899 0.005618
0.003898 0.004286
0.003896 0.006039
0.003892 0.007959
0.003889 0.004404
0.003889 0.004206
0.003888 0.004402
0.003882 0.004092
0.003878 0.004455
0.003877 0.004405
0.003877 0.004150
0.003875 0.004266
0.003874 0.007885
0.003868 0.005562
0.003866 0.004393
0.003864 0.004513
0.003858 0.004407
0.003856 0.005218
0.003856 0.004102
0.003856 0.004602
0.003856 0.006379
0.003852 0.004071
0.003842 0.007409
0.003841 0.004646
0.003839 0.003879
0.003835 0.004798
0.003829 0.006221
0.003829 0.003990
0.003828 0.004461
0.003826 0.004314
0.003825 0.004501
0.003822 0.004397
0.003813 0.003883
0.003810 0.004024
0.003809 0.004608
0.003808 0.004602
0.003805 0.004006
0.003802 0.004666
0.003798 0.004808
0.003796 0.003950
0.003794 0.003834
0.003794 0.003928
0.003792 0.004059
0.003790 0.004467
0.003788 0.005259
0.003772 0.004794
0.003770 0.004537
0.003770 0.004188
0.003770 0.006488
0.003760 0.005691
0.003756 0.006822
0.003754 0.004263
0.003750 0.006075
0.003750 0.004385
0.003749 0.006134
0.003746 0.004550
0.003741 0.003750
0.003737 0.004398
0.003733 0.003839
0.003732 0.006416
0.003731 0.009778
0.003730 0.005398
0.003730 0.004129
0.003726 0.004104
0.003724 0.003991
0.003722 0.004051
0.003722 0.003848
0.003720 0.004194
0.003710 0.004002
0.003709 0.010668
0.003707 0.006431
0.003706 0.004066
0.003700 0.005622
0.003698 0.003973
0.003698 0.003899
0.003697 0.004518
0.003694 0.003854
0.003687 0.005986
0.003682 0.004731
0.003680 0.004382
0.003670 0.003985
0.003665 0.004211
0.003664 0.003696
0.003662 0.004480
0.003655 0.003796
0.003654 0.004661
0.003651 0.004350
0.003643 0.004976
0.003642 0.005458
0.003635 0.004131
0.003633 0.004055
0.003625 0.004530
0.003620 0.003665
0.003616 0.003972
0.003603 0.007550
0.003602 0.003692
0.003601 0.003675
0.003597 0.004279
0.003595 0.004077
0.003594 0.004370
0.003586 0.004460
0.003583 0.004315
0.003582 0.003932
0.003579 0.006377
0.003569 0.003653
0.003562 0.003670
0.003560 0.003646
0.003552 0.004115
0.003547 0.004487
0.003540 0.003602
0.003538 0.005679
0.003538 0.004134
0.003537 0.003730
0.003535 0.003692
0.003533 0.005216
0.003526 0.003721
0.003512 0.004976
0.003511 0.003955
0.003511 0.003516
0.003509 0.003550
0.003504 0.003757
0.003502 0.004016
0.003501 0.004010
0.003500 0.004594
0.003497 0.003569
0.003495 0.004064
0.003489 0.003906
0.003485 0.003632
0.003481 0.003953
0.003476 0.003748
0.003470 0.004139
0.003463 0.004805
0.003453 0.003751
0.003451 0.005132
0.003450 0.004069
0.003448 0.004102
0.003447 0.006326
0.003446 0.003750
0.003445 0.003927
0.003438 0.003581
0.003438 0.004287
0.003437 0.003924
0.003434 0.003451
0.003429 0.003824
0.003424 0.004455
0.003417 0.003715
0.003416 0.004128
0.003396 0.003420
0.003387 0.004259
0.003384 0.003485
0.003364 0.005365
0.003363 0.004950
0.003356 0.003433
0.003354 0.004038
0.003353 0.004066
0.003352 0.003448
0.003351 0.003376
0.003338 0.005026
0.003337 0.003869
0.003336 0.003447
0.003335 0.003700
0.003334 0.003677
0.003332 0.003357
0.003330 0.003614
0.003322 0.003820
0.003321 0.004480
0.003312 0.003678
0.003307 0.003647
0.003302 0.003462
0.003300 0.005760
0.003295 0.003337
0.003293 0.003328
0.003286 0.003986
0.003281 0.003718
0.003276 0.006565
0.003262 0.003431
0.003258 0.004058
0.003252 0.003553
0.003248 0.003865
0.003246 0.003383
0.003242 0.003691
0.003229 0.004025
0.003226 0.003440
0.003218 0.004356
0.003215 0.003324
0.003215 0.003279
0.003210 0.003504
0.003201 0.003228
0.003201 0.003994
0.003188 0.004978
0.003187 0.003601
0.003179 0.003535
0.003176 0.005422
0.003174 0.003432
0.003172 0.003774
0.003162 0.003324
0.003151 0.004165
0.003151 0.003224
0.003145 0.003236
0.003142 0.003263
0.003137 0.003236
0.003131 0.004743
0.003118 0.004713
0.003098 0.003303
0.003091 0.003491
0.003089 0.003376
0.003089 0.003628
0.003083 0.003876
0.003072 0.003821
0.003063 0.003436
0.003052 0.003199
0.003018 0.003226
0.003017 0.003496
0.003001 0.003043
0.002996 0.003558
0.002984 0.003093
0.002983 0.003093
0.002981 0.003453
0.002980 0.003168
0.002977 0.003333
0.002964 0.003244
0.002963 0.002978
0.002958 0.002958
0.002954 0.003120
0.002952 0.003143
0.002952 0.004453
0.002948 0.003261
0.002948 0.003567
0.002937 0.003334
0.002928 0.003515
0.002918 0.002973
0.002916 0.003151
0.002909 0.003136
0.002907 0.002966
0.002905 0.003013
0.002896 0.003414
0.002890 0.003306
0.002886 0.004328
0.002882 0.003096
0.002869 0.002886
0.002861 0.003140
0.002860 0.002889
0.002855 0.003539
0.002845 0.003223
0.002842 0.003017
0.002837 0.002869
0.002820 0.003514
0.002818 0.004387
0.002815 0.002827
0.002800 0.002812
0.002784 0.003052
0.002782 0.003617
0.002777 0.003611
0.002762 0.003307
0.002740 0.003975
0.002733 0.003278
0.002724 0.002765
0.002712 0.003187
0.002710 0.003188
0.002689 0.003343
0.002663 0.003254
0.002661 0.002915
0.002659 0.003967
0.002639 0.002665
0.002630 0.002792
0.002622 0.002642
0.002594 0.002648
0.002588 0.003287
0.002587 0.002822
0.002585 0.002639
0.002568 0.002761
0.002527 0.002956
0.002495 0.003144
0.002492 0.002844
0.002473 0.002523
0.002469 0.002622
0.002460 0.002554
0.002453 0.002836
0.002452 0.002589
0.002451 0.002577
0.002443 0.002456
0.002422 0.002566
0.002414 0.002689
0.002411 0.002490
0.002408 0.002826
0.002395 0.002617
0.002378 0.002470
0.002374 0.003317
0.002301 0.002382
0.002297 0.002516
0.002281 0.002775
0.002270 0.002330
0.002259 0.002506
0.002189 0.002355
0.002189 0.002348
0.002085 0.002179
0.002011 0.002414
0.001877 0.002370
0.001769 0.002755
0.001676 0.001720
0.001601 0.001614
0.001600 0.001690
0.001600 0.002297
0.001586 0.001906
0.001394 0.001435
