0.149029 0.168077
0.144559 0.205323
0.138496 0.161022
0.118744 0.168202
0.115671 0.123365
0.107014 0.121308
0.096843 0.148581
0.088000 0.089039
0.087794 0.097646
0.072574 0.081407
0.071054 0.072342
0.070667 0.072295
0.069592 0.073635
0.069175 0.087683
0.062776 0.085588
0.061340 0.079222
0.060525 0.065131
0.056657 0.066383
0.056526 0.068038
0.056156 0.063938
0.055423 0.058427
0.053858 0.055441
0.052931 0.059488
0.052389 0.065581
0.051470 0.053362
0.050699 0.054184
0.050663 0.057147
0.049712 0.062706
0.047820 0.061903
0.047588 0.050981
0.047570 0.064860
0.047367 0.059136
0.043783 0.045702
0.043600 0.046250
0.042261 0.045178
0.042158 0.057541
0.041422 0.050388
0.041011 0.070238
0.040801 0.076602
0.040723 0.069121
0.040491 0.045139
0.040319 0.048784
0.040285 0.041114
0.040137 0.052485
0.039890 0.041294
0.039769 0.048590
0.039085 0.045205
0.038160 0.041226
0.037905 0.078356
0.037758 0.058301
0.037711 0.038917
0.036889 0.038526
0.036825 0.042966
0.036635 0.038905
0.036559 0.059713
0.035778 0.056274
0.035490 0.039736
0.035293 0.047541
0.035092 0.036700
0.034796 0.035242
0.034755 0.053294
0.034569 0.036591
0.034302 0.053304
0.033984 0.038444
0.033928 0.036641
0.033702 0.038606
0.033550 0.037385
0.033457 0.033500
0.033409 0.037422
0.033363 0.048167
0.033090 0.041005
0.033028 0.051729
0.032975 0.052839
0.032780 0.033234
0.032749 0.037418
0.032702 0.038577
0.032552 0.035677
0.032377 0.035279
0.032343 0.034892
0.032264 0.034234
0.032129 0.042662
0.032068 0.037006
0.031892 0.033321
0.031729 0.035337
0.031683 0.037568
0.031267 0.040418
0.031196 0.037338
0.031185 0.032110
0.030763 0.031872
0.030678 0.034478
0.030652 0.041778
0.030483 0.035399
0.030413 0.039727
0.030180 0.033366
0.030157 0.041381
0.030147 0.043149
0.030072 0.030647
0.029877 0.033708
0.029785 0.030615
0.029640 0.032924
0.029550 0.031011
0.029503 0.041307
0.029392 0.045771
0.029173 0.029760
0.029128 0.029377
0.029126 0.030991
0.028995 0.035302
0.028923 0.046929
0.028882 0.033110
0.028834 0.036696
0.028690 0.031666
0.028627 0.042266
0.028523 0.032580
0.028308 0.034955
0.028241 0.036777
0.028123 0.029551
0.028081 0.035639
0.028037 0.031588
0.027997 0.029789
0.027710 0.031977
0.027662 0.030694
0.027652 0.039602
0.027642 0.057932
0.027516 0.028950
0.027488 0.028252
0.027452 0.031247
0.027338 0.040796
0.027268 0.031964
0.027222 0.038859
0.026979 0.033131
0.026882 0.029476
0.026769 0.026992
0.026686 0.028722
0.026521 0.043852
0.026504 0.029637
0.026326 0.026797
0.026275 0.026811
0.026223 0.033383
0.025952 0.026056
0.025911 0.027155
0.025872 0.026899
0.025862 0.028928
0.025553 0.030896
0.025532 0.027655
0.025449 0.027034
0.025442 0.030861
0.025418 0.033028
0.025411 0.046365
0.025391 0.027344
0.025375 0.036969
0.025335 0.025519
0.025323 0.026232
0.025309 0.026160
0.025265 0.032462
0.025229 0.025235
0.025215 0.028510
0.025195 0.026290
0.025027 0.025147
0.025026 0.040330
0.025023 0.027320
0.024990 0.028558
0.024933 0.034830
0.024909 0.028487
0.024884 0.029745
0.024848 0.025581
0.024718 0.047057
0.024624 0.037922
0.024583 0.026503
0.024546 0.030666
0.024508 0.031631
0.024476 0.025988
0.024317 0.026200
0.024304 0.033235
0.024152 0.032683
0.024026 0.024524
0.023980 0.024168
0.023929 0.028305
0.023807 0.026273
0.023793 0.025982
0.023791 0.048203
0.023497 0.024444
0.023461 0.023729
0.023394 0.023529
0.023372 0.023606
0.023333 0.025515
0.023284 0.023562
0.023195 0.032785
0.023148 0.028014
0.023131 0.036869
0.023131 0.023419
0.023101 0.025533
0.023100 0.023646
0.023088 0.036024
0.023059 0.027991
0.023043 0.032534
0.022841 0.027948
0.022754 0.024721
0.022643 0.027161
0.022626 0.023368
0.022489 0.029293
0.022469 0.025186
0.022467 0.022684
0.022387 0.032133
0.022364 0.034098
0.022334 0.024399
0.022310 0.023194
0.022290 0.023353
0.022208 0.035257
0.022197 0.026224
0.022160 0.029659
0.022147 0.023462
0.021986 0.023570
0.021984 0.022276
0.021975 0.034305
0.021963 0.028233
0.021932 0.023608
0.021893 0.023514
0.021695 0.025283
0.021652 0.026394
0.021633 0.032368
0.021630 0.032810
0.021590 0.033771
0.021550 0.022967
0.021477 0.030326
0.021368 0.022502
0.021368 0.031045
0.021321 0.026137
0.021321 0.024000
0.021293 0.023706
0.021231 0.026021
0.021167 0.023768
0.020910 0.026658
0.020805 0.031036
0.020803 0.021600
0.020746 0.022785
0.020708 0.022514
0.020684 0.028807
0.020662 0.027904
0.020608 0.023199
0.020574 0.028127
0.020571 0.021032
0.020557 0.050005
0.020507 0.023892
0.020505 0.025759
0.020442 0.025347
0.020417 0.037673
0.020410 0.025779
0.020400 0.037061
0.020389 0.022620
0.020386 0.023631
0.020371 0.020515
0.020285 0.028693
0.020254 0.020546
0.020143 0.023981
0.020082 0.021893
0.020021 0.020648
0.019993 0.021195
0.019985 0.022681
0.019809 0.021641
0.019710 0.020636
0.019703 0.026936
0.019622 0.020437
0.019602 0.020941
0.019601 0.020178
0.019489 0.029101
0.019487 0.035010
0.019453 0.029460
0.019398 0.029396
0.019374 0.022613
0.019356 0.026381
0.019306 0.019588
0.019286 0.021155
0.019262 0.019468
0.019261 0.023187
0.019247 0.019476
0.019162 0.022061
0.019092 0.020584
0.019039 0.023364
0.018936 0.022623
0.018903 0.022158
0.018818 0.022110
0.018799 0.024189
0.018769 0.022341
0.018615 0.020187
0.018595 0.018991
0.018528 0.021925
0.018475 0.021786
0.018420 0.022768
0.018418 0.025203
0.018345 0.019794
0.018338 0.025035
0.018325 0.018961
0.018269 0.019231
0.018261 0.020516
0.018251 0.018617
0.018246 0.027144
0.018156 0.024590
0.018105 0.018185
0.018091 0.024369
0.018060 0.019989
0.018037 0.036468
0.018034 0.023908
0.018027 0.020021
0.018023 0.018535
0.018012 0.020471
0.018006 0.019720
0.017962 0.020308
0.017955 0.037959
0.017901 0.022643
0.017884 0.033990
0.017884 0.019989
0.017850 0.019845
0.017842 0.026666
0.017820 0.019590
0.017757 0.036502
0.017755 0.017985
0.017742 0.022201
0.017732 0.020683
0.017723 0.021342
0.017722 0.019917
0.017575 0.028339
0.017569 0.018723
0.017511 0.018813
0.017496 0.018584
0.017484 0.018977
0.017484 0.017701
0.017478 0.021202
0.017468 0.020918
0.017463 0.027451
0.017435 0.019602
0.017431 0.024868
0.017427 0.019547
0.017412 0.017601
0.017370 0.024754
0.017345 0.030109
0.017338 0.018671
0.017328 0.018646
0.017303 0.018846
0.017273 0.017620
0.017266 0.018647
0.017259 0.022851
0.017255 0.022447
0.017241 0.020094
0.017215 0.018362
0.017181 0.018145
0.017179 0.023537
0.017111 0.023244
0.017084 0.021408
0.017074 0.018977
0.017044 0.019790
0.017006 0.021046
0.016944 0.018300
0.016915 0.017218
0.016903 0.016920
0.016901 0.017255
0.016870 0.021553
0.016847 0.024212
0.016841 0.019653
0.016820 0.018668
0.016770 0.026101
0.016762 0.017567
0.016752 0.028300
0.016740 0.017601
0.016694 0.027803
0.016688 0.017170
0.016684 0.022425
0.016680 0.020810
0.016638 0.018574
0.016629 0.017480
0.016610 0.020075
0.016603 0.017504
0.016597 0.018792
0.016566 0.028868
0.016545 0.019520
0.016541 0.020196
0.016503 0.018467
0.016459 0.020233
0.016442 0.022922
0.016437 0.034675
0.016433 0.017624
0.016430 0.016626
0.016412 0.017353
0.016411 0.022092
0.016394 0.027675
0.016389 0.021357
0.016343 0.019325
0.016332 0.031816
0.016322 0.018610
0.016314 0.020366
0.016292 0.018486
0.016289 0.024752
0.016275 0.016764
0.016255 0.023750
0.016230 0.016368
0.016193 0.020236
0.016189 0.021089
0.016150 0.017626
0.016135 0.018820
0.016088 0.023590
0.016071 0.032467
0.015956 0.016350
0.015919 0.017199
0.015916 0.019748
0.015913 0.018673
0.015897 0.017090
0.015885 0.016360
0.015844 0.017882
0.015778 0.017470
0.015778 0.016648
0.015776 0.015864
0.015762 0.016624
0.015748 0.017492
0.015666 0.026314
0.015664 0.016914
0.015638 0.022248
0.015627 0.019802
0.015612 0.016614
0.015606 0.024927
0.015596 0.017360
0.015591 0.015773
0.015568 0.016981
0.015558 0.017489
0.015553 0.021061
0.015509 0.018052
0.015496 0.024737
0.015495 0.016265
0.015495 0.016600
0.015461 0.016254
0.015446 0.017716
0.015420 0.018839
0.015404 0.015921
0.015401 0.024506
0.015389 0.016331
0.015387 0.016582
0.015366 0.018858
0.015359 0.020648
0.015312 0.022980
0.015295 0.015965
0.015255 0.017926
0.015228 0.029745
0.015227 0.019614
0.015192 0.015503
0.015151 0.016230
0.015138 0.017305
0.015095 0.016977
0.015092 0.016045
0.015088 0.020204
0.015080 0.015974
0.015006 0.018003
0.014995 0.026380
0.014987 0.015633
0.014971 0.020790
0.014957 0.019887
0.014951 0.015948
0.014937 0.016646
0.014931 0.018901
0.014926 0.026573
0.014916 0.016874
0.014914 0.024356
0.014910 0.017248
0.014885 0.015475
0.014884 0.020290
0.014864 0.022230
0.014850 0.019260
0.014839 0.017497
0.014839 0.015116
0.014822 0.024434
0.014815 0.015152
0.014798 0.016980
0.014787 0.016647
0.014757 0.019625
0.014732 0.025562
0.014723 0.014792
0.014635 0.015931
0.014619 0.018304
0.014576 0.018842
0.014555 0.021643
0.014522 0.014934
0.014512 0.025163
0.014511 0.024997
0.014491 0.020993
0.014480 0.016462
0.014477 0.015468
0.014468 0.015570
0.014457 0.023582
0.014443 0.014619
0.014441 0.018140
0.014419 0.015043
0.014405 0.014426
0.014393 0.019421
0.014387 0.015556
0.014368 0.014372
0.014357 0.015796
0.014352 0.016200
0.014345 0.017476
0.014324 0.017369
0.014294 0.014533
0.014278 0.015807
0.014243 0.014304
0.014241 0.014632
0.014228 0.016937
0.014215 0.014688
0.014213 0.027545
0.014200 0.021510
0.014196 0.016817
0.014188 0.019931
0.014163 0.015247
0.014151 0.019892
0.014128 0.018185
0.014092 0.014445
0.014084 0.014361
0.014062 0.015706
0.014031 0.017526
0.014029 0.015354
0.014027 0.025744
0.014020 0.014894
0.013958 0.014287
0.013922 0.021887
0.013918 0.015496
0.013912 0.015555
0.013912 0.013932
0.013898 0.022216
0.013882 0.018659
0.013880 0.015527
0.013852 0.015700
0.013849 0.019341
0.013847 0.014584
0.013839 0.015760
0.013777 0.014851
0.013761 0.016214
0.013757 0.014720
0.013727 0.013861
0.013713 0.019445
0.013706 0.024385
0.013702 0.014275
0.013699 0.014154
0.013695 0.017179
0.013680 0.019529
0.013679 0.014079
0.013678 0.021008
0.013651 0.014283
0.013628 0.023616
0.013617 0.019817
0.013586 0.016511
0.013572 0.015220
0.013555 0.013676
0.013552 0.018861
0.013539 0.017293
0.013538 0.017362
0.013497 0.014373
0.013491 0.013833
0.013490 0.015448
0.013488 0.014462
0.013458 0.014413
0.013423 0.014845
0.013418 0.014037
0.013403 0.016691
0.013397 0.013732
0.013381 0.013427
0.013363 0.016202
0.013362 0.016609
0.013357 0.013739
0.013355 0.018595
0.013348 0.013893
0.013340 0.015627
0.013335 0.021951
0.013335 0.013701
0.013320 0.020804
0.013310 0.038488
0.013284 0.013518
0.013258 0.013645
0.013246 0.013484
0.013244 0.016025
0.013242 0.015555
0.013232 0.013302
0.013225 0.017131
0.013222 0.013292
0.013201 0.014253
0.013193 0.014183
0.013192 0.016349
0.013182 0.016920
0.013176 0.013969
0.013172 0.019369
0.013145 0.014962
0.013143 0.017021
0.013072 0.014596
0.013064 0.014609
0.013007 0.019067
0.013000 0.013900
0.012973 0.014151
0.012967 0.013512
0.012966 0.013822
0.012957 0.013015
0.012953 0.013980
0.012948 0.013298
0.012925 0.013049
0.012911 0.014656
0.012909 0.014382
0.012894 0.015349
0.012849 0.014306
0.012815 0.014254
0.012812 0.016427
0.012812 0.020307
0.012796 0.014702
0.012785 0.017727
0.012783 0.023797
0.012780 0.015277
0.012745 0.027468
0.012731 0.013303
0.012727 0.025296
0.012715 0.016263
0.012711 0.014827
0.012700 0.012837
0.012696 0.014137
0.012694 0.014664
0.012687 0.013534
0.012667 0.015776
0.012666 0.021401
0.012643 0.014812
0.012635 0.015275
0.012633 0.015258
0.012625 0.018829
0.012624 0.026270
0.012616 0.013450
0.012611 0.020376
0.012599 0.016853
0.012573 0.015450
0.012573 0.013203
0.012531 0.015573
0.012524 0.016942
0.012494 0.013598
0.012479 0.016200
0.012472 0.012805
0.012455 0.016734
0.012449 0.013203
0.012449 0.014857
0.012438 0.013767
0.012427 0.016653
0.012427 0.012721
0.012422 0.014022
0.012421 0.014008
0.012413 0.014464
0.012411 0.019238
0.012411 0.015276
0.012403 0.016796
0.012340 0.013358
0.012310 0.013000
0.012306 0.014845
0.012302 0.012538
0.012277 0.012557
0.012273 0.021900
0.012269 0.014982
0.012252 0.024772
0.012237 0.013168
0.012230 0.013233
0.012203 0.017715
0.012182 0.013112
0.012172 0.016257
0.012160 0.015486
0.012157 0.013456
0.012140 0.013290
0.012131 0.014107
0.012126 0.013419
0.012117 0.021457
0.012116 0.012351
0.012111 0.015696
0.012102 0.017398
0.012076 0.015080
0.012071 0.018507
0.012038 0.013748
0.012020 0.020005
0.012013 0.016656
0.011999 0.012146
0.011996 0.013316
0.011989 0.027263
0.011986 0.012317
0.011980 0.012083
0.011962 0.014983
0.011931 0.014328
0.011920 0.013754
0.011868 0.013049
0.011829 0.014506
0.011795 0.013664
0.011792 0.014932
0.011778 0.016194
0.011766 0.012738
0.011763 0.015450
0.011761 0.023702
0.011732 0.012329
0.011724 0.013248
0.011724 0.012023
0.011723 0.012071
0.011722 0.015287
0.011689 0.014995
0.011655 0.027518
0.011635 0.012445
0.011626 0.013188
0.011624 0.013656
0.011621 0.012000
0.011609 0.012634
0.011598 0.011810
0.011592 0.012775
0.011591 0.012889
0.011583 0.013614
0.011574 0.014093
0.011550 0.016085
0.011537 0.013889
0.011535 0.011991
0.011528 0.014256
0.011514 0.013132
0.011489 0.012062
0.011488 0.013246
0.011472 0.011680
0.011470 0.014423
0.011463 0.012253
0.011459 0.013254
0.011448 0.011806
0.011431 0.016001
0.011429 0.016760
0.011426 0.020720
0.011416 0.012443
0.011409 0.014373
0.011407 0.011901
0.011365 0.015855
0.011363 0.011837
0.011357 0.011666
0.011357 0.011413
0.011354 0.012100
0.011352 0.014317
0.011343 0.011926
0.011330 0.014094
0.011328 0.014987
0.011325 0.015485
0.011302 0.016686
0.011300 0.017171
0.011299 0.012884
0.011286 0.012110
0.011276 0.012206
0.011264 0.012376
0.011259 0.019892
0.011259 0.015895
0.011255 0.012168
0.011241 0.012133
0.011239 0.012989
0.011239 0.012954
0.011238 0.015775
0.011231 0.017091
0.011219 0.013931
0.011205 0.013391
0.011204 0.011344
0.011204 0.011466
0.011201 0.011514
0.011198 0.011759
0.011176 0.013326
0.011175 0.013196
0.011170 0.017181
0.011166 0.013430
0.011153 0.012503
0.011151 0.012750
0.011151 0.013810
0.011119 0.016391
0.011096 0.014304
0.011087 0.015082
0.011083 0.014005
0.011059 0.011149
0.011056 0.012311
0.011046 0.011660
0.011022 0.011557
0.011016 0.013751
0.011008 0.013517
0.010993 0.012105
0.010990 0.014646
0.010990 0.015220
0.010988 0.012023
0.010969 0.015932
0.010969 0.014777
0.010968 0.013966
0.010953 0.014566
0.010950 0.011520
0.010948 0.010973
0.010925 0.011173
0.010912 0.011322
0.010902 0.011980
0.010884 0.013368
0.010873 0.012375
0.010864 0.016441
0.010862 0.013629
0.010851 0.013010
0.010815 0.011900
0.010814 0.010931
0.010810 0.013657
0.010809 0.011195
0.010803 0.012040
0.010775 0.010841
0.010764 0.016724
0.010763 0.015213
0.010755 0.013319
0.010747 0.018657
0.010746 0.011482
0.010738 0.011466
0.010726 0.012330
0.010722 0.013281
0.010702 0.016345
0.010695 0.010929
0.010686 0.011199
0.010686 0.013348
0.010666 0.014181
0.010665 0.012981
0.010663 0.013284
0.010663 0.012753
0.010660 0.018206
0.010654 0.010679
0.010652 0.012592
0.010636 0.010746
0.010632 0.011612
0.010604 0.012427
0.010595 0.015718
0.010594 0.014181
0.010593 0.012446
0.010592 0.018483
0.010588 0.013119
0.010556 0.012493
0.010555 0.011057
0.010551 0.012168
0.010548 0.010688
0.010548 0.017090
0.010533 0.010870
0.010517 0.021287
0.010516 0.012753
0.010513 0.011279
0.010512 0.013341
0.010496 0.010574
0.010486 0.012276
0.010485 0.011898
0.010474 0.010987
0.010468 0.010580
0.010466 0.010991
0.010457 0.011060
0.010451 0.013797
0.010442 0.013481
0.010435 0.012051
0.010431 0.010791
0.010415 0.010479
0.010410 0.010635
0.010405 0.011871
0.010389 0.018119
0.010382 0.010397
0.010378 0.010970
0.010374 0.012392
0.010365 0.014421
0.010356 0.011230
0.010341 0.013124
0.010336 0.010343
0.010327 0.013593
0.010317 0.012397
0.010316 0.012572
0.010280 0.018899
0.010273 0.010806
0.010265 0.010821
0.010258 0.010389
0.010254 0.020148
0.010251 0.010652
0.010251 0.012072
0.010239 0.011744
0.010233 0.010258
0.010230 0.010776
0.010227 0.010449
0.010212 0.013206
0.010212 0.013987
0.010190 0.011957
0.010170 0.011998
0.010165 0.016618
0.010149 0.010653
0.010149 0.027459
0.010149 0.010307
0.010143 0.017599
0.010140 0.010823
0.010137 0.011900
0.010127 0.015996
0.010120 0.015501
0.010117 0.011451
0.010092 0.011741
0.010082 0.021210
0.010044 0.015459
0.010043 0.011466
0.010040 0.015540
0.010032 0.012044
0.010016 0.011056
0.010001 0.010881
0.010000 0.010347
0.009999 0.012044
0.009989 0.012718
0.009988 0.015050
0.009987 0.014414
0.009985 0.009991
0.009971 0.010180
0.009970 0.013050
0.009968 0.010818
0.009964 0.011842
0.009957 0.011414
0.009945 0.010910
0.009943 0.011043
0.009915 0.011782
0.009911 0.010078
0.009911 0.011331
0.009900 0.013361
0.009895 0.011889
0.009895 0.010444
0.009892 0.012512
0.009886 0.011153
0.009876 0.010151
0.009873 0.010466
0.009871 0.010580
0.009856 0.010828
0.009817 0.009825
0.009808 0.010116
0.009807 0.010470
0.009798 0.012742
0.009787 0.010964
0.009784 0.015623
0.009776 0.009924
0.009773 0.010984
0.009770 0.010272
0.009768 0.010848
0.009762 0.011009
0.009761 0.012906
0.009760 0.011516
0.009757 0.010950
0.009749 0.010090
0.009745 0.014647
0.009744 0.013560
0.009741 0.019800
0.009736 0.010275
0.009722 0.009749
0.009715 0.010138
0.009709 0.009766
0.009701 0.011464
0.009701 0.015322
0.009693 0.011775
0.009692 0.011504
0.009677 0.010543
0.009667 0.010586
0.009665 0.009676
0.009657 0.012561
0.009654 0.013030
0.009637 0.013752
0.009635 0.010262
0.009627 0.009746
0.009624 0.010371
0.009614 0.017204
0.009609 0.010808
0.009603 0.010820
0.009585 0.010287
0.009581 0.009628
0.009576 0.010827
0.009576 0.016448
0.009566 0.010205
0.009558 0.017090
0.009556 0.012874
0.009551 0.011965
0.009544 0.016083
0.009543 0.010698
0.009539 0.015746
0.009538 0.011410
0.009528 0.010449
0.009516 0.013132
0.009508 0.015405
0.009501 0.010758
0.009500 0.015148
0.009499 0.010111
0.009490 0.011180
0.009489 0.010337
0.009488 0.011098
0.009482 0.010919
0.009480 0.010177
0.009478 0.013111
0.009473 0.009519
0.009464 0.009589
0.009454 0.010933
0.009453 0.017258
0.009451 0.009756
0.009432 0.013306
0.009427 0.009501
0.009425 0.010489
0.009421 0.009516
0.009410 0.009731
0.009402 0.009729
0.009394 0.010436
0.009383 0.016692
0.009375 0.010315
0.009367 0.009575
0.009356 0.012902
0.009349 0.009361
0.009348 0.011602
0.009333 0.009764
0.009322 0.010047
0.009321 0.009451
0.009310 0.017108
0.009302 0.010823
0.009291 0.013508
0.009281 0.011519
0.009266 0.012342
0.009256 0.009655
0.009253 0.016136
0.009232 0.009421
0.009229 0.011500
0.009227 0.009887
0.009221 0.009630
0.009215 0.009318
0.009194 0.014720
0.009189 0.013328
0.009177 0.009928
0.009169 0.009223
0.009166 0.011332
0.009158 0.009383
0.009156 0.012843
0.009145 0.012003
0.009138 0.010004
0.009138 0.009249
0.009135 0.013612
0.009133 0.014961
0.009132 0.015983
0.009130 0.013912
0.009111 0.009848
0.009110 0.009400
0.009107 0.010400
0.009102 0.010420
0.009088 0.011307
0.009084 0.009356
0.009074 0.009148
0.009072 0.011144
0.009061 0.014298
0.009053 0.010852
0.009037 0.009624
0.009028 0.011763
0.009009 0.009239
0.009009 0.009341
0.008967 0.011407
0.008965 0.009196
0.008948 0.010103
0.008947 0.008969
0.008946 0.009989
0.008945 0.012022
0.008942 0.009337
0.008942 0.009081
0.008938 0.014034
0.008938 0.009325
0.008933 0.009771
0.008929 0.010440
0.008926 0.009214
0.008917 0.010651
0.008911 0.012654
0.008907 0.013666
0.008893 0.010624
0.008889 0.009993
0.008887 0.009617
0.008886 0.008950
0.008883 0.009458
0.008881 0.009611
0.008879 0.009632
0.008868 0.016314
0.008863 0.014265
0.008862 0.009608
0.008855 0.012677
0.008852 0.008953
0.008851 0.009548
0.008846 0.011567
0.008846 0.010039
0.008845 0.009559
0.008844 0.008957
0.008828 0.008868
0.008825 0.011082
0.008824 0.010395
0.008823 0.011733
0.008823 0.009903
0.008820 0.011675
0.008811 0.010034
0.008806 0.013575
0.008800 0.012714
0.008795 0.011054
0.008793 0.008842
0.008789 0.019651
0.008786 0.009739
0.008776 0.019464
0.008773 0.009283
0.008768 0.013060
0.008756 0.010532
0.008753 0.009156
0.008749 0.008923
0.008748 0.012678
0.008747 0.013671
0.008744 0.019418
0.008737 0.014296
0.008735 0.009207
0.008734 0.008860
0.008733 0.008781
0.008730 0.009042
0.008730 0.013839
0.008722 0.013502
0.008719 0.009461
0.008713 0.009649
0.008712 0.008875
0.008711 0.009113
0.008710 0.010009
0.008710 0.009098
0.008708 0.009164
0.008696 0.008797
0.008671 0.011636
0.008669 0.008704
0.008660 0.012167
0.008655 0.020082
0.008650 0.013255
0.008643 0.009022
0.008642 0.008754
0.008638 0.008845
0.008634 0.008787
0.008633 0.009291
0.008632 0.008738
0.008631 0.009177
0.008628 0.008965
0.008626 0.008768
0.008623 0.010321
0.008615 0.010979
0.008612 0.008892
0.008610 0.008660
0.008605 0.010986
0.008580 0.018264
0.008578 0.009093
0.008578 0.015338
0.008576 0.010546
0.008575 0.009163
0.008574 0.008717
0.008573 0.010184
0.008571 0.008686
0.008570 0.010157
0.008560 0.009137
0.008544 0.013715
0.008544 0.009455
0.008542 0.010054
0.008542 0.010232
0.008540 0.010645
0.008507 0.009897
0.008493 0.009747
0.008478 0.015694
0.008478 0.009177
0.008474 0.008763
0.008473 0.009151
0.008470 0.009231
0.008468 0.009684
0.008466 0.008818
0.008459 0.010001
0.008458 0.010273
0.008452 0.009226
0.008447 0.008535
0.008442 0.016629
0.008432 0.010563
0.008416 0.012268
0.008416 0.008616
0.008415 0.009629
0.008415 0.009961
0.008412 0.009224
0.008407 0.008815
0.008406 0.014787
0.008405 0.008527
0.008403 0.015096
0.008402 0.008423
0.008386 0.008912
0.008383 0.008833
0.008380 0.012682
0.008380 0.009309
0.008376 0.008852
0.008369 0.012069
0.008363 0.009161
0.008363 0.008677
0.008357 0.008835
0.008352 0.012545
0.008341 0.011224
0.008338 0.009761
0.008317 0.014977
0.008293 0.016724
0.008287 0.010090
0.008281 0.008354
0.008281 0.008533
0.008279 0.008739
0.008275 0.008300
0.008271 0.010626
0.008271 0.009619
0.008271 0.010247
0.008269 0.014876
0.008269 0.008335
0.008267 0.008558
0.008265 0.008778
0.008263 0.008745
0.008263 0.013961
0.008257 0.008340
0.008246 0.010132
0.008231 0.011029
0.008230 0.008682
0.008217 0.009012
0.008216 0.009301
0.008213 0.009897
0.008197 0.009365
0.008196 0.008653
0.008192 0.009455
0.008186 0.008743
0.008177 0.010360
0.008177 0.010407
0.008174 0.009762
0.008170 0.008537
0.008167 0.008731
0.008152 0.008722
0.008152 0.008815
0.008151 0.017057
0.008147 0.009478
0.008144 0.018373
0.008138 0.009378
0.008137 0.010045
0.008135 0.008599
0.008135 0.009543
0.008134 0.009643
0.008127 0.008445
0.008116 0.008758
0.008114 0.008331
0.008112 0.011367
0.008100 0.008485
0.008084 0.008544
0.008083 0.009692
0.008076 0.016784
0.008070 0.008608
0.008056 0.008289
0.008052 0.008239
0.008048 0.011946
0.008046 0.009520
0.008043 0.008351
0.008037 0.011734
0.008035 0.008733
0.008034 0.010946
0.008024 0.008033
0.008023 0.009143
0.008020 0.009144
0.008019 0.010556
0.008018 0.010873
0.008011 0.009757
0.008011 0.012137
0.007970 0.011226
0.007965 0.010528
0.007955 0.013627
0.007954 0.008049
0.007954 0.014277
0.007950 0.012181
0.007947 0.010015
0.007947 0.008536
0.007945 0.008626
0.007945 0.008513
0.007942 0.008959
0.007936 0.011386
0.007935 0.012667
0.007931 0.009454
0.007914 0.008220
0.007912 0.009356
0.007907 0.010325
0.007903 0.010047
0.007901 0.012173
0.007888 0.009354
0.007857 0.009038
0.007854 0.010809
0.007853 0.007870
0.007851 0.008492
0.007842 0.011895
0.007836 0.009798
0.007835 0.008826
0.007832 0.009202
0.007831 0.008458
0.007830 0.010052
0.007822 0.008216
0.007819 0.010296
0.007806 0.008558
0.007801 0.012019
0.007800 0.009071
0.007789 0.013762
0.007768 0.008877
0.007763 0.008772
0.007760 0.007799
0.007758 0.011277
0.007756 0.008114
0.007736 0.009240
0.007731 0.008540
0.007727 0.007871
0.007716 0.007834
0.007715 0.009904
0.007701 0.008629
0.007696 0.008229
0.007686 0.008181
0.007681 0.009877
0.007674 0.008362
0.007667 0.012019
0.007665 0.009380
0.007664 0.008209
0.007664 0.007900
0.007653 0.014395
0.007646 0.010088
0.007640 0.012502
0.007634 0.010214
0.007632 0.009502
0.007622 0.012540
0.007616 0.008724
0.007612 0.008656
0.007608 0.012290
0.007606 0.008364
0.007596 0.010632
0.007593 0.009636
0.007589 0.011165
0.007584 0.009346
0.007577 0.007858
0.007563 0.010103
0.007559 0.009942
0.007548 0.009122
0.007544 0.007899
0.007538 0.009175
0.007538 0.007746
0.007535 0.008285
0.007530 0.010430
0.007529 0.012800
0.007523 0.014693
0.007521 0.012444
0.007515 0.007754
0.007511 0.008187
0.007506 0.016106
0.007499 0.010290
0.007486 0.008165
0.007483 0.008657
0.007479 0.007693
0.007476 0.007949
0.007474 0.007485
0.007470 0.007960
0.007456 0.008545
0.007453 0.008666
0.007441 0.009110
0.007438 0.010167
0.007428 0.009637
0.007423 0.008110
0.007419 0.009590
0.007407 0.007974
0.007404 0.008077
0.007396 0.008336
0.007395 0.007601
0.007395 0.010521
0.007390 0.012722
0.007381 0.007621
0.007381 0.008694
0.007378 0.009351
0.007376 0.014427
0.007372 0.008748
0.007370 0.008407
0.007369 0.009150
0.007368 0.007729
0.007368 0.008131
0.007360 0.008366
0.007358 0.009618
0.007355 0.008333
0.007352 0.011295
0.007352 0.008743
0.007348 0.011693
0.007342 0.007932
0.007333 0.011006
0.007333 0.008876
0.007332 0.009887
0.007332 0.008414
0.007329 0.007915
0.007319 0.008931
0.007318 0.007904
0.007315 0.007801
0.007313 0.007916
0.007312 0.009938
0.007304 0.008058
0.007292 0.007895
0.007288 0.007399
0.007285 0.009380
0.007279 0.007897
0.007277 0.009107
0.007275 0.008148
0.007270 0.008454
0.007269 0.008947
0.007260 0.008053
0.007256 0.007717
0.007256 0.007552
0.007253 0.010544
0.007251 0.008589
0.007250 0.009296
0.007248 0.007602
0.007244 0.008322
0.007241 0.009642
0.007230 0.007548
0.007227 0.008517
0.007223 0.010770
0.007222 0.007279
0.007220 0.008179
0.007213 0.009681
0.007212 0.009608
0.007205 0.007842
0.007205 0.008270
0.007194 0.008259
0.007193 0.008138
0.007190 0.008290
0.007190 0.008204
0.007188 0.010478
0.007187 0.008000
0.007186 0.008427
0.007185 0.010741
0.007182 0.009711
0.007181 0.007370
0.007176 0.008037
0.007164 0.007765
0.007156 0.007232
0.007153 0.007882
0.007149 0.007450
0.007146 0.011069
0.007144 0.010669
0.007133 0.008557
0.007121 0.007763
0.007110 0.012051
0.007104 0.007150
0.007103 0.010267
0.007103 0.007327
0.007100 0.009439
0.007098 0.007324
0.007095 0.007258
0.007080 0.008210
0.007065 0.008505
0.007065 0.009661
0.007064 0.008678
0.007064 0.008205
0.007063 0.007981
0.007061 0.008067
0.007060 0.010244
0.007056 0.011946
0.007053 0.008849
0.007053 0.007195
0.007052 0.013261
0.007051 0.007706
0.007047 0.008787
0.007045 0.007448
0.007040 0.007061
0.007040 0.009189
0.007038 0.007325
0.007036 0.009613
0.007033 0.007085
0.007032 0.007767
0.007025 0.008588
0.007022 0.007208
0.007012 0.008282
0.007005 0.009915
0.006998 0.010380
0.006998 0.007870
0.006994 0.009809
0.006987 0.007365
0.006977 0.013202
0.006976 0.007526
0.006974 0.007659
0.006973 0.009268
0.006970 0.011502
0.006965 0.008158
0.006961 0.009642
0.006960 0.007047
0.006959 0.008100
0.006959 0.007155
0.006958 0.007494
0.006955 0.008403
0.006946 0.008657
0.006945 0.007231
0.006941 0.009367
0.006935 0.012314
0.006935 0.008630
0.006933 0.007791
0.006930 0.007585
0.006929 0.008571
0.006924 0.007362
0.006913 0.006925
0.006912 0.008286
0.006909 0.008667
0.006909 0.008248
0.006907 0.007705
0.006906 0.007768
0.006904 0.016940
0.006899 0.007008
0.006897 0.007551
0.006895 0.007338
0.006892 0.007346
0.006892 0.014711
0.006888 0.011004
0.006886 0.009972
0.006884 0.010350
0.006878 0.014907
0.006876 0.008336
0.006876 0.007166
0.006871 0.006923
0.006871 0.008769
0.006866 0.007697
0.006866 0.007509
0.006863 0.007991
0.006860 0.008805
0.006853 0.008175
0.006846 0.008173
0.006845 0.008735
0.006843 0.007216
0.006840 0.011098
0.006834 0.007850
0.006831 0.007171
0.006829 0.007297
0.006823 0.006932
0.006821 0.007769
0.006820 0.007413
0.006817 0.007006
0.006811 0.007225
0.006802 0.010805
0.006802 0.011120
0.006798 0.007749
0.006798 0.006870
0.006788 0.009143
0.006786 0.009475
0.006782 0.008702
0.006779 0.009011
0.006777 0.007229
0.006776 0.008190
0.006775 0.009581
0.006773 0.007588
0.006773 0.006812
0.006773 0.007324
0.006772 0.007790
0.006770 0.007963
0.006763 0.008487
0.006760 0.007221
0.006751 0.009242
0.006750 0.007797
0.006746 0.009945
0.006742 0.007827
0.006738 0.008720
0.006736 0.006896
0.006735 0.007724
0.006735 0.007492
0.006732 0.007275
0.006731 0.007376
0.006728 0.009427
0.006720 0.007105
0.006718 0.008238
0.006718 0.006721
0.006703 0.007284
0.006703 0.007299
0.006700 0.007028
0.006698 0.006862
0.006687 0.009445
0.006687 0.010621
0.006687 0.012233
0.006682 0.009293
0.006677 0.010496
0.006674 0.007007
0.006667 0.009417
0.006667 0.010887
0.006663 0.007212
0.006656 0.009674
0.006656 0.010700
0.006654 0.006713
0.006654 0.007253
0.006652 0.008444
0.006646 0.007568
0.006643 0.006811
0.006639 0.011925
0.006634 0.011740
0.006634 0.006949
0.006633 0.013069
0.006632 0.006832
0.006624 0.007812
0.006624 0.008045
0.006623 0.009593
0.006616 0.006625
0.006615 0.008514
0.006612 0.008300
0.006611 0.007871
0.006602 0.007963
0.006602 0.007561
0.006597 0.006755
0.006589 0.007592
0.006589 0.006760
0.006588 0.008249
0.006582 0.008028
0.006581 0.011982
0.006578 0.007304
0.006576 0.008149
0.006575 0.007172
0.006574 0.006834
0.006568 0.007007
0.006566 0.007597
0.006565 0.012367
0.006562 0.007106
0.006561 0.010106
0.006552 0.011347
0.006545 0.007311
0.006541 0.006717
0.006536 0.007374
0.006533 0.015024
0.006532 0.007162
0.006532 0.006943
0.006530 0.007630
0.006529 0.008261
0.006522 0.009868
0.006521 0.006694
0.006518 0.009389
0.006508 0.006892
0.006503 0.007366
0.006502 0.006695
0.006498 0.008152
0.006494 0.011308
0.006492 0.008351
0.006490 0.006771
0.006483 0.008634
0.006477 0.007078
0.006476 0.006848
0.006472 0.009497
0.006465 0.007881
0.006464 0.007734
0.006461 0.011936
0.006460 0.007584
0.006459 0.010390
0.006457 0.007213
0.006456 0.012792
0.006456 0.006904
0.006455 0.010647
0.006453 0.006809
0.006451 0.010385
0.006449 0.007108
0.006449 0.007460
0.006447 0.010298
0.006444 0.015003
0.006437 0.006793
0.006436 0.011050
0.006435 0.006873
0.006432 0.007272
0.006424 0.010545
0.006423 0.007176
0.006413 0.007590
0.006407 0.006440
0.006406 0.008691
0.006405 0.013391
0.006405 0.007327
0.006398 0.011425
0.006397 0.010339
0.006391 0.006881
0.006391 0.007091
0.006388 0.010348
0.006388 0.010514
0.006384 0.006457
0.006375 0.009433
0.006375 0.013899
0.006371 0.007643
0.006365 0.006869
0.006364 0.011288
0.006361 0.006702
0.006359 0.006648
0.006359 0.008190
0.006352 0.007059
0.006350 0.008137
0.006349 0.013182
0.006348 0.006753
0.006345 0.010645
0.006345 0.006845
0.006338 0.007380
0.006337 0.011191
0.006335 0.011360
0.006334 0.006685
0.006334 0.006661
0.006334 0.008793
0.006333 0.006902
0.006332 0.007457
0.006329 0.013898
0.006326 0.009923
0.006314 0.007682
0.006312 0.006317
0.006306 0.008912
0.006305 0.006504
0.006304 0.008327
0.006303 0.006909
0.006302 0.011268
0.006285 0.009254
0.006276 0.006404
0.006269 0.011724
0.006263 0.007316
0.006261 0.006303
0.006261 0.009217
0.006260 0.010240
0.006259 0.011229
0.006259 0.007662
0.006256 0.007230
0.006252 0.006445
0.006247 0.011084
0.006243 0.009930
0.006241 0.007982
0.006240 0.009913
0.006238 0.007105
0.006234 0.006764
0.006231 0.008132
0.006229 0.010954
0.006227 0.006408
0.006226 0.012473
0.006225 0.008726
0.006224 0.007015
0.006223 0.007877
0.006220 0.007271
0.006215 0.007048
0.006212 0.007264
0.006209 0.007210
0.006208 0.007540
0.006206 0.006249
0.006204 0.008213
0.006200 0.006950
0.006199 0.006660
0.006197 0.008428
0.006197 0.008840
0.006191 0.006829
0.006185 0.010931
0.006181 0.006226
0.006181 0.008044
0.006176 0.006258
0.006173 0.006226
0.006168 0.006465
0.006165 0.006668
0.006163 0.006297
0.006157 0.009523
0.006157 0.006701
0.006155 0.007165
0.006150 0.016630
0.006148 0.010850
0.006143 0.006397
0.006141 0.008429
0.006139 0.012805
0.006136 0.007751
0.006134 0.007026
0.006133 0.006229
0.006133 0.006261
0.006130 0.007425
0.006127 0.013509
0.006126 0.007726
0.006124 0.008854
0.006123 0.006638
0.006122 0.010022
0.006122 0.008831
0.006122 0.010763
0.006117 0.014454
0.006116 0.007977
0.006113 0.014486
0.006112 0.006760
0.006110 0.006275
0.006110 0.006350
0.006108 0.010403
0.006107 0.012608
0.006106 0.007233
0.006099 0.009500
0.006099 0.007185
0.006098 0.006211
0.006096 0.006709
0.006092 0.006934
0.006090 0.006872
0.006083 0.008011
0.006082 0.009858
0.006077 0.006608
0.006075 0.008160
0.006072 0.009001
0.006070 0.006234
0.006069 0.009764
0.006067 0.006765
0.006065 0.009875
0.006063 0.007017
0.006061 0.006519
0.006060 0.006072
0.006058 0.007872
0.006057 0.007492
0.006054 0.010462
0.006053 0.009315
0.006046 0.007252
0.006040 0.009331
0.006040 0.006253
0.006033 0.008195
0.006028 0.007418
0.006020 0.007441
0.006019 0.009231
0.006017 0.008609
0.006015 0.007449
0.006013 0.008091
0.006012 0.006881
0.006011 0.006780
0.006010 0.006715
0.006005 0.007854
0.006001 0.006621
0.005999 0.006024
0.005996 0.006678
0.005995 0.006304
0.005993 0.007487
0.005989 0.007002
0.005988 0.006760
0.005988 0.006070
0.005987 0.006659
0.005987 0.007760
0.005983 0.009884
0.005978 0.008383
0.005977 0.007471
0.005975 0.010575
0.005973 0.006452
0.005971 0.006410
0.005969 0.009225
0.005969 0.010027
0.005968 0.005996
0.005968 0.008955
0.005967 0.006580
0.005965 0.007206
0.005957 0.010071
0.005955 0.016208
0.005950 0.006277
0.005950 0.008941
0.005949 0.006090
0.005945 0.016188
0.005944 0.006883
0.005939 0.007386
0.005936 0.006680
0.005932 0.006022
0.005927 0.006220
0.005922 0.011453
0.005916 0.006946
0.005914 0.006011
0.005914 0.006529
0.005912 0.006739
0.005910 0.007349
0.005908 0.008327
0.005893 0.015203
0.005889 0.006053
0.005889 0.011485
0.005889 0.006098
0.005888 0.006826
0.005885 0.008835
0.005884 0.006968
0.005882 0.010378
0.005869 0.006192
0.005866 0.006489
0.005866 0.006133
0.005863 0.009991
0.005863 0.008122
0.005858 0.012121
0.005857 0.006218
0.005855 0.011968
0.005849 0.009926
0.005846 0.006949
0.005837 0.010756
0.005827 0.006817
0.005824 0.006425
0.005818 0.010690
0.005816 0.011231
0.005814 0.006590
0.005813 0.008848
0.005811 0.008351
0.005811 0.006542
0.005809 0.007236
0.005807 0.007161
0.005807 0.006217
0.005805 0.010902
0.005805 0.008831
0.005803 0.005835
0.005798 0.006667
0.005795 0.006218
0.005795 0.009396
0.005792 0.006686
0.005792 0.007706
0.005785 0.005923
0.005781 0.006016
0.005778 0.007485
0.005775 0.006365
0.005772 0.006557
0.005762 0.006543
0.005761 0.006703
0.005754 0.008477
0.005754 0.006342
0.005753 0.006254
0.005750 0.006500
0.005749 0.006060
0.005749 0.005892
0.005745 0.010362
0.005744 0.006100
0.005742 0.005941
0.005738 0.006967
0.005732 0.005748
0.005728 0.007867
0.005727 0.005914
0.005726 0.008638
0.005725 0.010818
0.005724 0.005831
0.005719 0.009014
0.005705 0.006338
0.005705 0.006838
0.005700 0.011211
0.005698 0.006429
0.005697 0.006128
0.005697 0.006021
0.005693 0.006741
0.005691 0.006350
0.005688 0.007684
0.005686 0.006296
0.005684 0.005725
0.005680 0.006352
0.005678 0.007516
0.005677 0.006082
0.005671 0.008947
0.005669 0.008363
0.005666 0.009136
0.005666 0.010522
0.005665 0.006101
0.005663 0.008512
0.005656 0.006630
0.005654 0.006045
0.005654 0.010293
0.005652 0.007691
0.005652 0.005684
0.005651 0.007263
0.005651 0.006721
0.005651 0.007288
0.005649 0.006664
0.005647 0.010053
0.005644 0.005833
0.005643 0.010758
0.005642 0.010003
0.005641 0.006593
0.005636 0.005774
0.005632 0.006364
0.005631 0.006521
0.005629 0.008645
0.005626 0.006902
0.005623 0.006209
0.005623 0.006733
0.005617 0.008086
0.005612 0.011319
0.005612 0.007377
0.005602 0.008230
0.005594 0.006705
0.005592 0.008311
0.005591 0.009874
0.005584 0.005871
0.005575 0.008302
0.005573 0.006183
0.005567 0.007237
0.005567 0.012451
0.005566 0.007154
0.005562 0.006713
0.005559 0.010551
0.005557 0.006693
0.005555 0.006718
0.005553 0.008323
0.005547 0.006516
0.005546 0.015375
0.005545 0.006572
0.005542 0.011056
0.005537 0.005562
0.005531 0.006266
0.005522 0.007257
0.005522 0.007496
0.005517 0.006714
0.005515 0.006632
0.005515 0.005935
0.005511 0.005974
0.005507 0.005979
0.005503 0.005628
0.005497 0.009363
0.005490 0.008113
0.005486 0.006530
0.005485 0.006241
0.005481 0.008365
0.005480 0.006475
0.005478 0.008838
0.005477 0.005486
0.005474 0.005566
0.005474 0.006361
0.005473 0.006898
0.005468 0.011353
0.005466 0.007721
0.005459 0.006149
0.005456 0.006274
0.005452 0.009334
0.005452 0.005801
0.005449 0.006677
0.005444 0.005611
0.005439 0.005787
0.005437 0.009420
0.005434 0.005779
0.005432 0.005965
0.005430 0.007829
0.005429 0.006110
0.005421 0.006759
0.005419 0.005448
0.005418 0.005505
0.005405 0.005758
0.005395 0.006545
0.005381 0.010511
0.005375 0.005588
0.005369 0.006086
0.005367 0.010738
0.005365 0.006068
0.005364 0.006901
0.005361 0.007853
0.005360 0.009385
0.005359 0.006153
0.005357 0.005921
0.005344 0.006628
0.005337 0.010753
0.005332 0.007645
0.005330 0.005954
0.005327 0.005568
0.005322 0.009507
0.005320 0.005397
0.005318 0.005727
0.005314 0.006859
0.005313 0.005360
0.005310 0.006053
0.005310 0.007078
0.005309 0.006792
0.005307 0.007956
0.005304 0.010108
0.005299 0.005722
0.005288 0.007232
0.005287 0.008911
0.005286 0.006826
0.005286 0.006154
0.005283 0.005460
0.005261 0.005508
0.005260 0.006663
0.005258 0.010957
0.005255 0.006494
0.005250 0.005329
0.005246 0.005711
0.005244 0.007505
0.005242 0.008689
0.005242 0.006436
0.005241 0.005402
0.005241 0.005359
0.005239 0.006543
0.005236 0.007821
0.005235 0.005954
0.005234 0.006429
0.005230 0.007345
0.005229 0.006693
0.005229 0.007172
0.005222 0.006446
0.005215 0.007091
0.005207 0.005853
0.005204 0.005731
0.005202 0.006412
0.005201 0.006105
0.005195 0.007038
0.005186 0.006099
0.005184 0.005288
0.005179 0.006732
0.005175 0.005505
0.005174 0.005409
0.005170 0.006464
0.005167 0.006151
0.005166 0.005931
0.005160 0.005310
0.005152 0.006707
0.005151 0.005479
0.005148 0.005245
0.005148 0.005852
0.005139 0.005463
0.005132 0.007716
0.005132 0.005226
0.005130 0.005228
0.005129 0.009853
0.005128 0.005147
0.005123 0.005513
0.005122 0.005814
0.005116 0.006375
0.005116 0.007798
0.005115 0.009859
0.005115 0.007420
0.005108 0.005255
0.005107 0.005270
0.005101 0.005221
0.005098 0.005541
0.005096 0.005493
0.005091 0.008788
0.005082 0.005779
0.005080 0.007137
0.005076 0.005445
0.005067 0.006457
0.005063 0.008469
0.005063 0.006017
0.005054 0.008878
0.005054 0.005420
0.005050 0.006647
0.005032 0.006450
0.005027 0.005374
0.005023 0.006482
0.005021 0.006360
0.005011 0.008367
0.005010 0.005295
0.005006 0.005557
0.005006 0.010729
0.005003 0.005248
0.005001 0.008915
0.004999 0.006369
0.004998 0.011282
0.004988 0.011857
0.004984 0.005068
0.004979 0.005514
0.004978 0.007840
0.004976 0.005088
0.004976 0.005596
0.004975 0.005860
0.004972 0.008225
0.004969 0.005688
0.004968 0.006418
0.004967 0.005293
0.004967 0.005073
0.004966 0.005942
0.004962 0.005582
0.004961 0.007378
0.004956 0.007700
0.004953 0.011647
0.004953 0.005529
0.004945 0.006975
0.004944 0.005032
0.004935 0.005064
0.004935 0.005068
0.004934 0.004966
0.004928 0.006963
0.004920 0.007402
0.004913 0.011576
0.004912 0.005174
0.004912 0.005423
0.004904 0.005656
0.004901 0.008036
0.004897 0.005042
0.004893 0.006964
0.004886 0.010212
0.004884 0.005626
0.004884 0.005535
0.004880 0.005232
0.004878 0.006572
0.004874 0.004937
0.004872 0.008877
0.004870 0.008219
0.004868 0.006090
0.004867 0.010164
0.004865 0.005053
0.004864 0.005632
0.004858 0.005227
0.004855 0.005851
0.004854 0.007016
0.004848 0.010841
0.004846 0.007120
0.004845 0.005208
0.004837 0.005320
0.004834 0.005393
0.004828 0.011219
0.004828 0.008054
0.004820 0.007940
0.004819 0.004983
0.004817 0.005979
0.004817 0.005284
0.004815 0.005762
0.004803 0.005069
0.004801 0.006429
0.004797 0.004942
0.004796 0.005029
0.004794 0.008668
0.004794 0.007711
0.004785 0.005774
0.004783 0.005098
0.004782 0.007449
0.004781 0.004812
0.004776 0.010295
0.004774 0.004829
0.004769 0.007633
0.004769 0.005005
0.004768 0.007167
0.004765 0.005717
0.004757 0.004991
0.004756 0.005116
0.004751 0.004869
0.004744 0.005907
0.004736 0.005670
0.004734 0.007695
0.004733 0.008206
0.004732 0.007993
0.004731 0.005556
0.004725 0.005224
0.004703 0.005145
0.004700 0.007987
0.004697 0.005115
0.004693 0.006042
0.004691 0.005004
0.004691 0.005735
0.004689 0.004750
0.004685 0.007019
0.004684 0.005601
0.004683 0.004774
0.004682 0.007293
0.004682 0.005827
0.004681 0.005234
0.004670 0.009359
0.004668 0.006780
0.004661 0.005771
0.004661 0.006273
0.004660 0.004722
0.004659 0.006621
0.004659 0.005295
0.004654 0.006489
0.004653 0.006806
0.004651 0.004824
0.004651 0.005062
0.004645 0.006298
0.004643 0.006071
0.004640 0.011419
0.004638 0.004810
0.004638 0.004935
0.004637 0.004713
0.004634 0.007270
0.004630 0.005459
0.004623 0.004860
0.004620 0.005111
0.004620 0.004653
0.004619 0.005229
0.004617 0.005175
0.004617 0.005649
0.004616 0.009019
0.004612 0.006314
0.004604 0.004637
0.004603 0.005240
0.004603 0.007521
0.004602 0.007080
0.004589 0.004815
0.004586 0.005878
0.004584 0.004685
0.004583 0.005212
0.004579 0.004933
0.004577 0.004923
0.004576 0.005705
0.004571 0.006211
0.004563 0.004865
0.004550 0.008003
0.004546 0.005626
0.004546 0.004682
0.004537 0.004719
0.004530 0.005151
0.004529 0.004613
0.004526 0.005424
0.004520 0.005715
0.004515 0.005066
0.004515 0.005596
0.004509 0.007476
0.004507 0.004714
0.004486 0.005265
0.004483 0.005025
0.004476 0.006647
0.004475 0.007753
0.004474 0.006499
0.004468 0.006633
0.004466 0.004908
0.004465 0.007672
0.004461 0.004563
0.004459 0.006614
0.004453 0.005458
0.004452 0.005226
0.004449 0.004937
0.004432 0.006593
0.004432 0.004551
0.004425 0.005077
0.004414 0.004430
0.004401 0.004464
0.004401 0.005222
0.004395 0.007325
0.004389 0.006875
0.004389 0.005141
0.004387 0.004611
0.004387 0.010144
0.004384 0.005129
0.004382 0.004724
0.004377 0.005271
0.004371 0.006317
0.004362 0.005341
0.004353 0.005567
0.004352 0.004544
0.004351 0.004705
0.004350 0.005227
0.004348 0.006059
0.004345 0.004352
0.004303 0.004921
0.004298 0.008046
0.004296 0.005255
0.004289 0.008221
0.004285 0.004318
0.004282 0.004499
0.004260 0.004760
0.004249 0.004364
0.004245 0.005549
0.004230 0.005679
0.004222 0.004322
0.004205 0.006479
0.004200 0.004545
0.004198 0.004320
0.004198 0.011475
0.004198 0.004890
0.004195 0.004981
0.004190 0.004843
0.004190 0.004606
0.004188 0.005180
0.004185 0.004639
0.004172 0.004889
0.004171 0.005315
0.004167 0.004201
0.004161 0.004711
0.004160 0.004754
0.004157 0.004679
0.004142 0.004323
0.004141 0.004988
0.004139 0.004269
0.004132 0.004149
0.004119 0.004355
0.004086 0.004338
0.004082 0.004162
0.004080 0.004234
0.004079 0.004939
0.004077 0.004531
0.004070 0.005013
0.004069 0.004758
0.004061 0.004699
0.004047 0.007454
0.004036 0.005651
0.004034 0.004472
0.004028 0.004516
0.004022 0.004540
0.004021 0.005444
0.004017 0.007085
0.004016 0.004149
0.004007 0.005461
0.004007 0.005188
0.004002 0.004176
0.004000 0.004061
0.003999 0.004280
0.003983 0.004603
0.003976 0.004345
0.003968 0.004420
0.003952 0.004229
0.003951 0.004607
0.003946 0.005112
0.003942 0.004125
0.003929 0.004882
0.003925 0.004257
0.003921 0.004132
0.003912 0.006591
0.003895 0.004780
0.003879 0.004227
0.003866 0.004406
0.003857 0.004670
0.003853 0.004093
0.003831 0.004373
0.003831 0.004241
0.003826 0.006421
0.003780 0.006626
0.003780 0.003962
0.003774 0.004183
0.003744 0.004620
0.003692 0.003756
0.003671 0.004565
0.003664 0.004511
0.003663 0.003690
0.003654 0.004703
0.003628 0.004623
0.003607 0.004988
0.003599 0.004017
0.003596 0.003754
0.003589 0.003815
0.003580 0.003771
0.003576 0.003818
0.003575 0.003593
0.003566 0.003704
0.003551 0.003732
0.003542 0.003872
0.003541 0.004768
0.003532 0.003542
0.003526 0.003614
0.003523 0.004052
0.003519 0.003746
0.003491 0.003746
0.003488 0.003499
0.003457 0.003806
0.003447 0.003991
0.003446 0.003987
0.003398 0.004229
0.003395 0.006112
0.003388 0.003430
0.003376 0.003393
0.003354 0.003561
0.003354 0.004390
0.003347 0.003610
0.003326 0.003523
0.003319 0.003568
0.003254 0.004034
0.003247 0.003308
0.003244 0.003387
0.003241 0.004462
0.003218 0.003363
0.003212 0.003317
0.003174 0.003288
0.003163 0.003520
0.003156 0.003385
0.003144 0.003582
0.003126 0.003581
0.003116 0.003521
0.003111 0.003293
0.003106 0.003276
0.003089 0.003553
0.003085 0.003723
0.003076 0.003880
0.003068 0.003478
0.003060 0.003466
0.003056 0.003301
0.003001 0.003038
0.002970 0.002970
0.002926 0.003647
0.002891 0.003155
0.002876 0.003300
0.002869 0.003238
0.002838 0.002995
0.002834 0.003237
0.002796 0.003242
0.002791 0.003545
0.002783 0.003299
0.002774 0.002914
0.002745 0.003066
0.002736 0.002791
0.002673 0.002867
0.002670 0.002834
0.002505 0.002735
0.002469 0.003010
0.002345 0.002355
0.002317 0.002405
0.002302 0.002462
0.002184 0.002414
