0.411315 0.567491
0.270145 0.290651
0.253526 0.276283
0.183044 0.254726
0.117262 0.117458
0.107852 0.115972
0.103913 0.138558
0.084872 0.116119
0.083144 0.102183
0.076526 0.078556
0.068139 0.079131
0.067741 0.078726
0.067219 0.071021
0.066918 0.067915
0.065956 0.066178
0.063903 0.074057
0.062400 0.094435
0.061598 0.062316
0.061498 0.063653
0.059090 0.073668
0.056380 0.064678
0.056085 0.067761
0.054090 0.065216
0.053779 0.056294
0.053526 0.057866
0.053384 0.057534
0.053127 0.058656
0.052977 0.057399
0.052878 0.055966
0.051183 0.054198
0.050657 0.060505
0.050212 0.063485
0.047433 0.047873
0.047255 0.052983
0.045992 0.064693
0.044760 0.054917
0.044741 0.048197
0.044559 0.056095
0.044125 0.045203
0.042450 0.042628
0.042101 0.042796
0.042064 0.050974
0.041269 0.043704
0.041172 0.045236
0.041046 0.046342
0.040811 0.069869
0.040257 0.048931
0.040099 0.047797
0.039050 0.062597
0.038955 0.041577
0.038668 0.039964
0.038464 0.043873
0.038150 0.061680
0.038074 0.052368
0.037868 0.046005
0.037768 0.046327
0.037628 0.045886
0.036889 0.041541
0.036502 0.037585
0.036443 0.043204
0.036036 0.041263
0.035799 0.041815
0.035492 0.041004
0.035144 0.037868
0.034697 0.036925
0.034682 0.034798
0.034546 0.048878
0.033969 0.034216
0.033817 0.050054
0.033524 0.036620
0.033451 0.043654
0.032254 0.036833
0.032187 0.033463
0.032080 0.032187
0.031944 0.050603
0.031916 0.047871
0.031586 0.032252
0.031059 0.032302
0.030987 0.036321
0.030778 0.040275
0.030415 0.043037
0.030294 0.034254
0.030234 0.041671
0.030140 0.030332
0.030005 0.039888
0.029965 0.035066
0.029770 0.034778
0.029413 0.029564
0.029411 0.032300
0.029409 0.036332
0.028675 0.037076
0.028446 0.029886
0.028415 0.030568
0.028119 0.029271
0.027993 0.028146
0.027983 0.030995
0.027868 0.035578
0.027719 0.029305
0.027656 0.030725
0.027645 0.028233
0.027509 0.037256
0.027385 0.030106
0.027340 0.028220
0.027328 0.038674
0.027253 0.032323
0.027244 0.028237
0.027202 0.030223
0.027015 0.031647
0.026962 0.028375
0.026960 0.044026
0.026954 0.028834
0.026951 0.031573
0.026880 0.027663
0.026857 0.027514
0.026808 0.029932
0.026750 0.038801
0.026572 0.031676
0.026553 0.027099
0.026418 0.039195
0.026310 0.027379
0.026304 0.034028
0.026272 0.030508
0.026191 0.028888
0.026144 0.026231
0.026138 0.030187
0.026093 0.031711
0.025954 0.027850
0.025949 0.028684
0.025892 0.044880
0.025845 0.033813
0.025827 0.027021
0.025691 0.028704
0.025466 0.033383
0.025411 0.025879
0.025302 0.033973
0.025177 0.027138
0.024929 0.030073
0.024876 0.049753
0.024867 0.033549
0.024816 0.026289
0.024752 0.041019
0.024579 0.026276
0.024342 0.027007
0.024315 0.033144
0.024288 0.024856
0.024283 0.032053
0.024264 0.025000
0.024253 0.026570
0.024232 0.025066
0.024183 0.037653
0.024133 0.030461
0.024100 0.029204
0.024052 0.030587
0.024036 0.026373
0.023963 0.032762
0.023913 0.025474
0.023811 0.024449
0.023809 0.025056
0.023678 0.023683
0.023658 0.027308
0.023583 0.027762
0.023548 0.027344
0.023517 0.024994
0.023514 0.025272
0.023406 0.030638
0.023395 0.026272
0.023371 0.024986
0.023367 0.023807
0.023344 0.050435
0.023304 0.026261
0.023287 0.025506
0.023271 0.023334
0.023262 0.031731
0.023258 0.032050
0.023250 0.034107
0.023231 0.024672
0.023100 0.029570
0.023087 0.023282
0.023062 0.025861
0.023040 0.026251
0.023029 0.034080
0.022982 0.029188
0.022699 0.023378
0.022645 0.023883
0.022583 0.025041
0.022478 0.027194
0.022459 0.022741
0.022292 0.028808
0.022281 0.035521
0.022280 0.025405
0.022277 0.024154
0.022273 0.025571
0.022263 0.039721
0.022247 0.028113
0.022190 0.026551
0.022164 0.031538
0.022126 0.024481
0.022116 0.022146
0.022107 0.024797
0.022037 0.023707
0.021855 0.023839
0.021845 0.024898
0.021761 0.031301
0.021714 0.030458
0.021672 0.026754
0.021603 0.028792
0.021369 0.023339
0.021364 0.034366
0.021291 0.025077
0.021278 0.034108
0.021181 0.021292
0.021168 0.033788
0.021163 0.022279
0.021159 0.021680
0.021134 0.031778
0.021068 0.022290
0.020981 0.021123
0.020926 0.021063
0.020884 0.021379
0.020870 0.021849
0.020828 0.021253
0.020780 0.026788
0.020772 0.020950
0.020729 0.032194
0.020714 0.020904
0.020658 0.021541
0.020522 0.020912
0.020504 0.020812
0.020461 0.025754
0.020437 0.041825
0.020402 0.024173
0.020372 0.023782
0.020362 0.024328
0.020359 0.021586
0.020352 0.026107
0.020351 0.020723
0.020348 0.034578
0.020318 0.023719
0.020237 0.033854
0.020235 0.021785
0.020112 0.020935
0.020102 0.022878
0.020094 0.020946
0.020045 0.043782
0.020019 0.025192
0.020003 0.031866
0.019998 0.024702
0.019908 0.026514
0.019747 0.027239
0.019710 0.040974
0.019681 0.020282
0.019678 0.021787
0.019657 0.033233
0.019621 0.019834
0.019571 0.035745
0.019511 0.020046
0.019459 0.024762
0.019417 0.020174
0.019314 0.022178
0.019295 0.028404
0.019289 0.021639
0.019265 0.020608
0.019253 0.024583
0.019240 0.023370
0.019211 0.020656
0.019204 0.023624
0.019201 0.026490
0.019152 0.023453
0.019142 0.020916
0.019140 0.026789
0.019136 0.021849
0.019119 0.021780
0.019105 0.027942
0.018978 0.028627
0.018936 0.027454
0.018897 0.024661
0.018895 0.024657
0.018812 0.029222
0.018796 0.026812
0.018721 0.022905
0.018701 0.018965
0.018695 0.018722
0.018681 0.023727
0.018647 0.023309
0.018626 0.033594
0.018622 0.027652
0.018606 0.022796
0.018586 0.021409
0.018568 0.019740
0.018543 0.023528
0.018504 0.027344
0.018389 0.020825
0.018383 0.021918
0.018377 0.023092
0.018375 0.025388
0.018354 0.018946
0.018345 0.023303
0.018345 0.019831
0.018312 0.027721
0.018264 0.018940
0.018257 0.033197
0.018210 0.023131
0.018065 0.019923
0.018022 0.022972
0.017993 0.019457
0.017975 0.021365
0.017964 0.019050
0.017941 0.024077
0.017895 0.023574
0.017883 0.019420
0.017832 0.020762
0.017799 0.017953
0.017799 0.018497
0.017731 0.020079
0.017664 0.025213
0.017660 0.019053
0.017650 0.019835
0.017631 0.025681
0.017628 0.020595
0.017607 0.017874
0.017593 0.020866
0.017562 0.019915
0.017515 0.021470
0.017508 0.017665
0.017500 0.019053
0.017486 0.018645
0.017470 0.017604
0.017470 0.020154
0.017412 0.019840
0.017336 0.021098
0.017309 0.021230
0.017307 0.018312
0.017300 0.026375
0.017294 0.017841
0.017274 0.017320
0.017261 0.024928
0.017200 0.023082
0.017191 0.018750
0.017138 0.018948
0.017053 0.017689
0.017049 0.025833
0.017039 0.017668
0.016985 0.019456
0.016966 0.025800
0.016933 0.026884
0.016910 0.027109
0.016898 0.017313
0.016892 0.018655
0.016889 0.021689
0.016862 0.017199
0.016860 0.020178
0.016836 0.017992
0.016820 0.018888
0.016811 0.017415
0.016784 0.019883
0.016769 0.020339
0.016764 0.022768
0.016753 0.016988
0.016748 0.017815
0.016736 0.018190
0.016689 0.016958
0.016682 0.019025
0.016681 0.018327
0.016678 0.020052
0.016663 0.019465
0.016609 0.016717
0.016579 0.018369
0.016562 0.020256
0.016539 0.016901
0.016538 0.021071
0.016516 0.018217
0.016498 0.016792
0.016491 0.020858
0.016421 0.018800
0.016398 0.021919
0.016391 0.021481
0.016386 0.017075
0.016368 0.019779
0.016344 0.017270
0.016324 0.017716
0.016322 0.020877
0.016321 0.017400
0.016273 0.018065
0.016237 0.022924
0.016225 0.017747
0.016211 0.017935
0.016195 0.023136
0.016190 0.019274
0.016173 0.018913
0.016147 0.020997
0.016129 0.018268
0.016098 0.022102
0.016095 0.017668
0.016062 0.018707
0.016055 0.018267
0.016042 0.017582
0.016017 0.019724
0.015997 0.024271
0.015988 0.016303
0.015966 0.017933
0.015930 0.017405
0.015893 0.016666
0.015851 0.017936
0.015816 0.016679
0.015793 0.016893
0.015785 0.017913
0.015701 0.025657
0.015698 0.018244
0.015696 0.016615
0.015680 0.015734
0.015653 0.017903
0.015649 0.025021
0.015642 0.019078
0.015636 0.019363
0.015591 0.015982
0.015567 0.018322
0.015534 0.015577
0.015531 0.022129
0.015529 0.016295
0.015481 0.016449
0.015448 0.019679
0.015404 0.024329
0.015403 0.017132
0.015383 0.015555
0.015364 0.015641
0.015333 0.021756
0.015265 0.021703
0.015260 0.015426
0.015253 0.021103
0.015195 0.017298
0.015177 0.017241
0.015145 0.018362
0.015117 0.016175
0.015090 0.021940
0.015072 0.023403
0.015037 0.017497
0.015031 0.020900
0.015026 0.021582
0.015004 0.019288
0.015000 0.015206
0.014975 0.027211
0.014968 0.020865
0.014965 0.015884
0.014941 0.019606
0.014940 0.020305
0.014891 0.023553
0.014863 0.020949
0.014824 0.017475
0.014796 0.026379
0.014796 0.022528
0.014793 0.017231
0.014777 0.015001
0.014777 0.024308
0.014744 0.015435
0.014713 0.015478
0.014673 0.026968
0.014661 0.017779
0.014582 0.015194
0.014565 0.027561
0.014562 0.017172
0.014542 0.021277
0.014531 0.018085
0.014507 0.016824
0.014504 0.016454
0.014495 0.016572
0.014471 0.014628
0.014457 0.028315
0.014440 0.018353
0.014439 0.022556
0.014430 0.026832
0.014414 0.019524
0.014392 0.021936
0.014385 0.016875
0.014371 0.018071
0.014344 0.018376
0.014327 0.015543
0.014319 0.014995
0.014315 0.017871
0.014314 0.014569
0.014307 0.018108
0.014284 0.023580
0.014268 0.019424
0.014246 0.023824
0.014243 0.023955
0.014241 0.016742
0.014207 0.019140
0.014204 0.015718
0.014199 0.021634
0.014198 0.015270
0.014183 0.017147
0.014182 0.018162
0.014179 0.018061
0.014165 0.016641
0.014127 0.015410
0.014121 0.017155
0.014121 0.020692
0.014121 0.014938
0.014075 0.014127
0.014043 0.014181
0.014025 0.015077
0.014020 0.017569
0.013947 0.014378
0.013911 0.015019
0.013863 0.014607
0.013861 0.019801
0.013853 0.023379
0.013850 0.014905
0.013836 0.016288
0.013834 0.016203
0.013831 0.018458
0.013825 0.018358
0.013805 0.018087
0.013732 0.025141
0.013727 0.016450
0.013722 0.013895
0.013680 0.014113
0.013670 0.022343
0.013669 0.018289
0.013659 0.019552
0.013646 0.013711
0.013633 0.025525
0.013623 0.014018
0.013622 0.020458
0.013619 0.023862
0.013609 0.019114
0.013604 0.013869
0.013599 0.013706
0.013582 0.018392
0.013574 0.013933
0.013574 0.021892
0.013571 0.014001
0.013539 0.021133
0.013511 0.014139
0.013501 0.014519
0.013447 0.014563
0.013439 0.013952
0.013423 0.013832
0.013406 0.018000
0.013404 0.013511
0.013381 0.022564
0.013372 0.014174
0.013359 0.014050
0.013286 0.022122
0.013275 0.014917
0.013260 0.013265
0.013244 0.015423
0.013224 0.017027
0.013213 0.016347
0.013201 0.013995
0.013195 0.013712
0.013186 0.013434
0.013179 0.014348
0.013173 0.014472
0.013170 0.029788
0.013167 0.017009
0.013165 0.016439
0.013152 0.029860
0.013142 0.014017
0.013139 0.020556
0.013123 0.021099
0.013045 0.026278
0.013044 0.017144
0.013039 0.014091
0.013038 0.015487
0.013020 0.013028
0.013014 0.017846
0.013011 0.014825
0.012993 0.015508
0.012981 0.013473
0.012976 0.013430
0.012936 0.015748
0.012932 0.014399
0.012926 0.021158
0.012920 0.015238
0.012876 0.014011
0.012853 0.012951
0.012841 0.017382
0.012839 0.013088
0.012825 0.013086
0.012821 0.013901
0.012811 0.012824
0.012805 0.014278
0.012799 0.017564
0.012792 0.013239
0.012773 0.015385
0.012726 0.013391
0.012723 0.016465
0.012711 0.014461
0.012703 0.014881
0.012679 0.015335
0.012647 0.014371
0.012630 0.013026
0.012630 0.015873
0.012626 0.016073
0.012619 0.013108
0.012617 0.014094
0.012615 0.014858
0.012578 0.016770
0.012578 0.024819
0.012567 0.015350
0.012547 0.013109
0.012541 0.012548
0.012536 0.013455
0.012533 0.014552
0.012531 0.025377
0.012530 0.012733
0.012530 0.014633
0.012513 0.016546
0.012508 0.013484
0.012502 0.013780
0.012499 0.013557
0.012482 0.015926
0.012476 0.014140
0.012452 0.013010
0.012443 0.012951
0.012436 0.013960
0.012410 0.012828
0.012409 0.019692
0.012392 0.015857
0.012388 0.013446
0.012384 0.012922
0.012377 0.015729
0.012373 0.013923
0.012371 0.015312
0.012366 0.015202
0.012351 0.027070
0.012338 0.013958
0.012326 0.014976
0.012307 0.013485
0.012279 0.013011
0.012276 0.012283
0.012273 0.014754
0.012266 0.012392
0.012245 0.013240
0.012233 0.020757
0.012204 0.014352
0.012201 0.012798
0.012196 0.017449
0.012189 0.015866
0.012183 0.012372
0.012172 0.013484
0.012132 0.017215
0.012130 0.013224
0.012092 0.022267
0.012069 0.012192
0.012061 0.012205
0.012041 0.020722
0.012034 0.013924
0.012026 0.015927
0.012010 0.029786
0.011979 0.012586
0.011970 0.011987
0.011946 0.015574
0.011932 0.018187
0.011926 0.012319
0.011915 0.018433
0.011901 0.014517
0.011888 0.012563
0.011887 0.012461
0.011849 0.017874
0.011846 0.015689
0.011840 0.018195
0.011837 0.014711
0.011836 0.012551
0.011832 0.012156
0.011826 0.014002
0.011825 0.015926
0.011808 0.016883
0.011808 0.015638
0.011807 0.022746
0.011806 0.012180
0.011797 0.025386
0.011786 0.015981
0.011776 0.016934
0.011768 0.013402
0.011758 0.012380
0.011754 0.016240
0.011753 0.013765
0.011749 0.011903
0.011747 0.012590
0.011746 0.012311
0.011733 0.014129
0.011730 0.012189
0.011724 0.014198
0.011719 0.014135
0.011716 0.013274
0.011716 0.012218
0.011694 0.012339
0.011694 0.019154
0.011690 0.016970
0.011662 0.017617
0.011655 0.014355
0.011641 0.015208
0.011640 0.011811
0.011638 0.015732
0.011617 0.012811
0.011612 0.027250
0.011602 0.013507
0.011600 0.016186
0.011585 0.013023
0.011585 0.015491
0.011579 0.012044
0.011571 0.015562
0.011558 0.020574
0.011544 0.014077
0.011541 0.014083
0.011534 0.012969
0.011519 0.012862
0.011518 0.017251
0.011510 0.012567
0.011503 0.017633
0.011495 0.013008
0.011494 0.012073
0.011467 0.011910
0.011456 0.012193
0.011453 0.011763
0.011442 0.012175
0.011436 0.011633
0.011420 0.013985
0.011401 0.012030
0.011389 0.012049
0.011359 0.012301
0.011352 0.014571
0.011343 0.012442
0.011337 0.016351
0.011330 0.014186
0.011317 0.011667
0.011298 0.012814
0.011290 0.011785
0.011287 0.017198
0.011282 0.015072
0.011281 0.012188
0.011281 0.011485
0.011281 0.011638
0.011268 0.013404
0.011264 0.021127
0.011256 0.014911
0.011255 0.012205
0.011243 0.020216
0.011228 0.012085
0.011227 0.018363
0.011187 0.012830
0.011183 0.011785
0.011176 0.011261
0.011168 0.011469
0.011163 0.013937
0.011137 0.013398
0.011128 0.012890
0.011127 0.013271
0.011127 0.012803
0.011125 0.012963
0.011116 0.012521
0.011114 0.012781
0.011112 0.018056
0.011107 0.013985
0.011104 0.015935
0.011100 0.013238
0.011097 0.013736
0.011091 0.015373
0.011090 0.012663
0.011087 0.020750
0.011076 0.012027
0.011071 0.014345
0.011069 0.011096
0.011068 0.014820
0.011047 0.015448
0.011040 0.020116
0.011021 0.014168
0.011015 0.011044
0.011015 0.013941
0.011008 0.012346
0.011004 0.015546
0.010983 0.012056
0.010978 0.012352
0.010978 0.016144
0.010974 0.015379
0.010973 0.013152
0.010972 0.013275
0.010970 0.012762
0.010959 0.011209
0.010956 0.012142
0.010941 0.011241
0.010935 0.019585
0.010929 0.016322
0.010925 0.011606
0.010912 0.012301
0.010906 0.014366
0.010900 0.016228
0.010900 0.012002
0.010895 0.012852
0.010887 0.011080
0.010886 0.013042
0.010884 0.010914
0.010868 0.011370
0.010854 0.013562
0.010851 0.011532
0.010843 0.011581
0.010841 0.013531
0.010837 0.014261
0.010832 0.011067
0.010814 0.011439
0.010812 0.011953
0.010809 0.015561
0.010792 0.011011
0.010791 0.010976
0.010753 0.014805
0.010751 0.014027
0.010750 0.014957
0.010744 0.015045
0.010721 0.019103
0.010717 0.013233
0.010715 0.012348
0.010709 0.013827
0.010704 0.018079
0.010702 0.013761
0.010700 0.010859
0.010698 0.010840
0.010697 0.011897
0.010694 0.016663
0.010679 0.021645
0.010676 0.010742
0.010671 0.011938
0.010668 0.019682
0.010668 0.010997
0.010665 0.013361
0.010665 0.010913
0.010663 0.012820
0.010651 0.014998
0.010648 0.013083
0.010635 0.012594
0.010635 0.015582
0.010617 0.011808
0.010616 0.013707
0.010610 0.010911
0.010603 0.012067
0.010601 0.015353
0.010595 0.010927
0.010595 0.012869
0.010594 0.011039
0.010590 0.011667
0.010580 0.012365
0.010575 0.016964
0.010572 0.013855
0.010569 0.011519
0.010565 0.011538
0.010562 0.010963
0.010552 0.018139
0.010543 0.011781
0.010539 0.017741
0.010538 0.011289
0.010536 0.010906
0.010534 0.010785
0.010534 0.010737
0.010533 0.010600
0.010525 0.014666
0.010522 0.013732
0.010522 0.011533
0.010517 0.011902
0.010510 0.011418
0.010508 0.014587
0.010500 0.012274
0.010496 0.013321
0.010486 0.013327
0.010484 0.010688
0.010481 0.010608
0.010472 0.016525
0.010472 0.018610
0.010469 0.011409
0.010459 0.012662
0.010446 0.011823
0.010444 0.011755
0.010444 0.011327
0.010428 0.018625
0.010425 0.011907
0.010417 0.014691
0.010408 0.010770
0.010398 0.011414
0.010384 0.015213
0.010383 0.010641
0.010380 0.018359
0.010380 0.013292
0.010369 0.011084
0.010369 0.023289
0.010368 0.015834
0.010367 0.010374
0.010359 0.010618
0.010356 0.012492
0.010354 0.012784
0.010350 0.012277
0.010326 0.014486
0.010314 0.011767
0.010311 0.010879
0.010274 0.014133
0.010271 0.015019
0.010268 0.010900
0.010257 0.010976
0.010247 0.012691
0.010235 0.011089
0.010235 0.013731
0.010234 0.017646
0.010232 0.014596
0.010211 0.015686
0.010207 0.012251
0.010206 0.012073
0.010182 0.013682
0.010179 0.010461
0.010178 0.011646
0.010175 0.010224
0.010166 0.010291
0.010166 0.011559
0.010153 0.013141
0.010151 0.010156
0.010143 0.010268
0.010127 0.010491
0.010125 0.014963
0.010110 0.015926
0.010110 0.013326
0.010108 0.021983
0.010106 0.011961
0.010105 0.012306
0.010100 0.015801
0.010094 0.012120
0.010086 0.012359
0.010085 0.010646
0.010065 0.014888
0.010063 0.010218
0.010055 0.013341
0.010047 0.011483
0.010037 0.018219
0.010037 0.010377
0.010035 0.010641
0.010029 0.010391
0.010028 0.013105
0.010026 0.010681
0.010025 0.013725
0.010002 0.012942
0.010001 0.010711
0.010001 0.011077
0.009998 0.011066
0.009994 0.017040
0.009992 0.010889
0.009982 0.017244
0.009973 0.010414
0.009969 0.010194
0.009968 0.012497
0.009967 0.010477
0.009965 0.010644
0.009965 0.017342
0.009953 0.011153
0.009929 0.011471
0.009917 0.015441
0.009911 0.013642
0.009911 0.010399
0.009900 0.010846
0.009898 0.011096
0.009890 0.010018
0.009890 0.013607
0.009881 0.012075
0.009857 0.011710
0.009844 0.013942
0.009843 0.009963
0.009837 0.011815
0.009836 0.012502
0.009832 0.012581
0.009825 0.012802
0.009812 0.010426
0.009804 0.016687
0.009801 0.010669
0.009800 0.013446
0.009799 0.010126
0.009787 0.010856
0.009785 0.011872
0.009783 0.012282
0.009781 0.012013
0.009773 0.010096
0.009766 0.010645
0.009756 0.010175
0.009743 0.012957
0.009743 0.010892
0.009741 0.010054
0.009740 0.009984
0.009717 0.010805
0.009709 0.014638
0.009708 0.015430
0.009708 0.016862
0.009707 0.010990
0.009703 0.011653
0.009700 0.011164
0.009693 0.010659
0.009686 0.009741
0.009679 0.010681
0.009677 0.014518
0.009674 0.018404
0.009664 0.010368
0.009661 0.009734
0.009653 0.013151
0.009645 0.018813
0.009634 0.015400
0.009628 0.009922
0.009618 0.010191
0.009605 0.010880
0.009601 0.012971
0.009601 0.013646
0.009599 0.010457
0.009584 0.015059
0.009582 0.017032
0.009579 0.009982
0.009575 0.010107
0.009573 0.012719
0.009571 0.009699
0.009563 0.010523
0.009548 0.009935
0.009537 0.019866
0.009520 0.009791
0.009511 0.011772
0.009505 0.010540
0.009504 0.011776
0.009503 0.010545
0.009488 0.014080
0.009481 0.011960
0.009474 0.011318
0.009470 0.010737
0.009468 0.010271
0.009453 0.010921
0.009452 0.009766
0.009447 0.012449
0.009436 0.018961
0.009430 0.015098
0.009427 0.009670
0.009427 0.009475
0.009426 0.010186
0.009418 0.010504
0.009409 0.009528
0.009399 0.011097
0.009398 0.009798
0.009397 0.012429
0.009392 0.010547
0.009389 0.012606
0.009386 0.010187
0.009385 0.019893
0.009381 0.011428
0.009378 0.010053
0.009376 0.010213
0.009374 0.016178
0.009365 0.011462
0.009363 0.010303
0.009355 0.011376
0.009348 0.009932
0.009340 0.009954
0.009337 0.016434
0.009332 0.009415
0.009330 0.010658
0.009329 0.020888
0.009327 0.009552
0.009323 0.011076
0.009301 0.011200
0.009301 0.010539
0.009300 0.010615
0.009299 0.020138
0.009297 0.018655
0.009294 0.009359
0.009293 0.010512
0.009290 0.019656
0.009280 0.009540
0.009278 0.010631
0.009275 0.009636
0.009274 0.011713
0.009252 0.010836
0.009250 0.014580
0.009247 0.009274
0.009241 0.012655
0.009237 0.009700
0.009230 0.009596
0.009215 0.013497
0.009215 0.009465
0.009214 0.011775
0.009211 0.010698
0.009207 0.016156
0.009207 0.010251
0.009202 0.009662
0.009198 0.013316
0.009197 0.010679
0.009196 0.009675
0.009186 0.013389
0.009184 0.009857
0.009181 0.010885
0.009181 0.012847
0.009172 0.011204
0.009166 0.009321
0.009166 0.010385
0.009163 0.013217
0.009163 0.012638
0.009158 0.010380
0.009158 0.014723
0.009155 0.016327
0.009151 0.009489
0.009138 0.013213
0.009138 0.013755
0.009134 0.010706
0.009133 0.012730
0.009126 0.011117
0.009124 0.014915
0.009124 0.009804
0.009118 0.016723
0.009117 0.009410
0.009117 0.012518
0.009104 0.009469
0.009104 0.010990
0.009083 0.009767
0.009081 0.009540
0.009079 0.010709
0.009079 0.010081
0.009066 0.009405
0.009053 0.017890
0.009039 0.009040
0.009023 0.009188
0.009022 0.009678
0.009016 0.010032
0.009015 0.010641
0.009008 0.019546
0.008998 0.009102
0.008997 0.010815
0.008984 0.010225
0.008981 0.011669
0.008976 0.009450
0.008973 0.009079
0.008969 0.013642
0.008966 0.009570
0.008964 0.012255
0.008953 0.009258
0.008951 0.013029
0.008941 0.009181
0.008937 0.009093
0.008937 0.009080
0.008922 0.009040
0.008916 0.012822
0.008915 0.014628
0.008896 0.010256
0.008893 0.013438
0.008887 0.010411
0.008887 0.009534
0.008880 0.009729
0.008879 0.009136
0.008868 0.009196
0.008864 0.009066
0.008858 0.009511
0.008857 0.014608
0.008850 0.012360
0.008849 0.009729
0.008849 0.009380
0.008845 0.009220
0.008843 0.008938
0.008840 0.008882
0.008834 0.009321
0.008834 0.009760
0.008833 0.009270
0.008829 0.008895
0.008821 0.010011
0.008814 0.009210
0.008811 0.010413
0.008810 0.009056
0.008806 0.009830
0.008803 0.009590
0.008795 0.013011
0.008790 0.009528
0.008789 0.009133
0.008783 0.011379
0.008781 0.009516
0.008755 0.017751
0.008754 0.014126
0.008749 0.009833
0.008749 0.014083
0.008748 0.013454
0.008746 0.008774
0.008740 0.011308
0.008732 0.022252
0.008731 0.011051
0.008729 0.009125
0.008723 0.011049
0.008720 0.009276
0.008716 0.008943
0.008715 0.012607
0.008714 0.010047
0.008714 0.008916
0.008707 0.008966
0.008699 0.011529
0.008692 0.009135
0.008691 0.009570
0.008690 0.014227
0.008684 0.011129
0.008683 0.010354
0.008682 0.011510
0.008667 0.014610
0.008659 0.016923
0.008659 0.010843
0.008657 0.010467
0.008650 0.009018
0.008644 0.013141
0.008623 0.009411
0.008618 0.019801
0.008617 0.008634
0.008617 0.008904
0.008616 0.012159
0.008612 0.010627
0.008610 0.009147
0.008609 0.018442
0.008608 0.008949
0.008607 0.012265
0.008604 0.016835
0.008600 0.012995
0.008599 0.011129
0.008589 0.013834
0.008582 0.009586
0.008577 0.010868
0.008571 0.009546
0.008566 0.013707
0.008563 0.012551
0.008544 0.012262
0.008536 0.008660
0.008533 0.009253
0.008527 0.010587
0.008523 0.008790
0.008517 0.009225
0.008515 0.010039
0.008510 0.010984
0.008509 0.009925
0.008506 0.009793
0.008488 0.010094
0.008478 0.009019
0.008478 0.009054
0.008477 0.009009
0.008467 0.009437
0.008464 0.008760
0.008445 0.013418
0.008435 0.009973
0.008433 0.011988
0.008432 0.008576
0.008426 0.013942
0.008425 0.009529
0.008425 0.008710
0.008423 0.014800
0.008423 0.009539
0.008422 0.009323
0.008417 0.014626
0.008414 0.010469
0.008413 0.009539
0.008409 0.010101
0.008407 0.013712
0.008403 0.010132
0.008395 0.009754
0.008380 0.014938
0.008379 0.010034
0.008371 0.009309
0.008368 0.009388
0.008360 0.012930
0.008360 0.013180
0.008352 0.009371
0.008350 0.013520
0.008345 0.009788
0.008342 0.008399
0.008335 0.008473
0.008333 0.008989
0.008329 0.008413
0.008307 0.009613
0.008306 0.015475
0.008305 0.008862
0.008303 0.010549
0.008301 0.010385
0.008300 0.008387
0.008299 0.009304
0.008297 0.009245
0.008296 0.012608
0.008293 0.010864
0.008292 0.009825
0.008291 0.008343
0.008286 0.008868
0.008285 0.009588
0.008274 0.009332
0.008273 0.008379
0.008266 0.012250
0.008253 0.009472
0.008252 0.013021
0.008232 0.009334
0.008231 0.008255
0.008221 0.013788
0.008215 0.009656
0.008212 0.008601
0.008211 0.008764
0.008209 0.013628
0.008207 0.008435
0.008206 0.008533
0.008197 0.019640
0.008193 0.009371
0.008191 0.008282
0.008183 0.009212
0.008181 0.015313
0.008175 0.008324
0.008174 0.008793
0.008172 0.009153
0.008172 0.008188
0.008171 0.009943
0.008168 0.009091
0.008164 0.011327
0.008164 0.012285
0.008162 0.011103
0.008159 0.010963
0.008158 0.011446
0.008158 0.013289
0.008153 0.015667
0.008150 0.009783
0.008149 0.009865
0.008149 0.009276
0.008147 0.010886
0.008142 0.008870
0.008141 0.011483
0.008137 0.009173
0.008127 0.011161
0.008125 0.008198
0.008120 0.008765
0.008116 0.012244
0.008115 0.011838
0.008114 0.009122
0.008110 0.009661
0.008105 0.008814
0.008105 0.009534
0.008104 0.010614
0.008080 0.008209
0.008074 0.008829
0.008071 0.009502
0.008067 0.008867
0.008065 0.009549
0.008056 0.009999
0.008048 0.010022
0.008045 0.008742
0.008043 0.011264
0.008039 0.008615
0.008028 0.011315
0.008025 0.011689
0.008024 0.009143
0.008022 0.009914
0.008021 0.008486
0.008019 0.010821
0.008011 0.009243
0.008010 0.011850
0.008010 0.010949
0.008007 0.008401
0.008004 0.008706
0.008001 0.013394
0.007999 0.014734
0.007993 0.009997
0.007992 0.010147
0.007991 0.008605
0.007991 0.013693
0.007990 0.011726
0.007979 0.008332
0.007978 0.009032
0.007966 0.008759
0.007963 0.012021
0.007963 0.010389
0.007958 0.011475
0.007957 0.010937
0.007955 0.008749
0.007949 0.008353
0.007946 0.007979
0.007936 0.012651
0.007928 0.011169
0.007919 0.010321
0.007918 0.008328
0.007916 0.008283
0.007912 0.007952
0.007896 0.011117
0.007895 0.008240
0.007893 0.011561
0.007883 0.008639
0.007878 0.008420
0.007878 0.008013
0.007876 0.008523
0.007874 0.009380
0.007872 0.010088
0.007869 0.009707
0.007865 0.007876
0.007863 0.008697
0.007861 0.007982
0.007856 0.008633
0.007851 0.011411
0.007848 0.008268
0.007842 0.009572
0.007841 0.009835
0.007837 0.009623
0.007836 0.008217
0.007836 0.010049
0.007834 0.009267
0.007834 0.008793
0.007833 0.008963
0.007832 0.011865
0.007826 0.014746
0.007822 0.008475
0.007820 0.010443
0.007816 0.007856
0.007813 0.011448
0.007811 0.012931
0.007807 0.007886
0.007802 0.013300
0.007798 0.010800
0.007794 0.008111
0.007792 0.008710
0.007790 0.010593
0.007789 0.009737
0.007784 0.008026
0.007780 0.013265
0.007776 0.009485
0.007775 0.009103
0.007770 0.011023
0.007768 0.007890
0.007764 0.009587
0.007754 0.009127
0.007754 0.008452
0.007752 0.012295
0.007747 0.008618
0.007742 0.008294
0.007742 0.008625
0.007736 0.009658
0.007733 0.008135
0.007728 0.010652
0.007722 0.008376
0.007699 0.012860
0.007686 0.010007
0.007685 0.008644
0.007682 0.008059
0.007682 0.007693
0.007681 0.010851
0.007681 0.017887
0.007680 0.013656
0.007665 0.008581
0.007657 0.008503
0.007657 0.009541
0.007656 0.008119
0.007653 0.007736
0.007652 0.009238
0.007648 0.007709
0.007646 0.008065
0.007644 0.009338
0.007643 0.017808
0.007625 0.015605
0.007624 0.008061
0.007620 0.008260
0.007619 0.009862
0.007616 0.007625
0.007612 0.008647
0.007608 0.008588
0.007608 0.007765
0.007606 0.015520
0.007605 0.008348
0.007597 0.017084
0.007586 0.007671
0.007578 0.010011
0.007575 0.010093
0.007574 0.008234
0.007572 0.009136
0.007562 0.008365
0.007561 0.009644
0.007561 0.011347
0.007561 0.008964
0.007552 0.011033
0.007552 0.008307
0.007551 0.010826
0.007546 0.007751
0.007545 0.007977
0.007543 0.008408
0.007542 0.008389
0.007540 0.010755
0.007538 0.008150
0.007538 0.013945
0.007538 0.010548
0.007536 0.008569
0.007529 0.007984
0.007519 0.008798
0.007517 0.007696
0.007509 0.008615
0.007505 0.008991
0.007501 0.009050
0.007500 0.010424
0.007498 0.007959
0.007493 0.011506
0.007490 0.010639
0.007490 0.010759
0.007484 0.008360
0.007484 0.008008
0.007483 0.008763
0.007482 0.008721
0.007479 0.009343
0.007476 0.007737
0.007476 0.009510
0.007475 0.008040
0.007473 0.009595
0.007472 0.009040
0.007472 0.008295
0.007471 0.008662
0.007469 0.012558
0.007467 0.008563
0.007464 0.013689
0.007463 0.010702
0.007456 0.007781
0.007456 0.008163
0.007447 0.011149
0.007445 0.018702
0.007436 0.008127
0.007435 0.011545
0.007433 0.009052
0.007413 0.009773
0.007412 0.009586
0.007411 0.008498
0.007410 0.014443
0.007400 0.008035
0.007399 0.007724
0.007395 0.009876
0.007387 0.008107
0.007382 0.009125
0.007381 0.015488
0.007376 0.007748
0.007375 0.008046
0.007371 0.008542
0.007370 0.014231
0.007369 0.011220
0.007364 0.007525
0.007357 0.010490
0.007356 0.009941
0.007355 0.007733
0.007346 0.009264
0.007346 0.007424
0.007344 0.008751
0.007336 0.007352
0.007330 0.010847
0.007326 0.007819
0.007324 0.009799
0.007321 0.007835
0.007317 0.008334
0.007316 0.007987
0.007316 0.011110
0.007315 0.011574
0.007314 0.008143
0.007314 0.007429
0.007313 0.010273
0.007310 0.011282
0.007309 0.008396
0.007307 0.007552
0.007306 0.007763
0.007304 0.011291
0.007303 0.009481
0.007301 0.007814
0.007301 0.012657
0.007300 0.007501
0.007297 0.007602
0.007284 0.008140
0.007280 0.009127
0.007279 0.008050
0.007271 0.007290
0.007270 0.007327
0.007266 0.008355
0.007253 0.008764
0.007249 0.009194
0.007237 0.008118
0.007231 0.008104
0.007222 0.008878
0.007214 0.008642
0.007213 0.009673
0.007212 0.011303
0.007197 0.010113
0.007197 0.007339
0.007194 0.007424
0.007194 0.012095
0.007192 0.007910
0.007190 0.008241
0.007190 0.009489
0.007189 0.010282
0.007188 0.011058
0.007184 0.008677
0.007179 0.008189
0.007163 0.007465
0.007151 0.007917
0.007148 0.007780
0.007147 0.010140
0.007144 0.010421
0.007142 0.007772
0.007140 0.007389
0.007133 0.008441
0.007130 0.010960
0.007128 0.007882
0.007126 0.007647
0.007113 0.007702
0.007113 0.009613
0.007112 0.015220
0.007108 0.007288
0.007105 0.007937
0.007104 0.010667
0.007103 0.007368
0.007103 0.011323
0.007099 0.014402
0.007098 0.008939
0.007089 0.007868
0.007085 0.007959
0.007083 0.009283
0.007080 0.007223
0.007078 0.008275
0.007074 0.012891
0.007073 0.007415
0.007073 0.009964
0.007068 0.008693
0.007066 0.007688
0.007059 0.007230
0.007058 0.013162
0.007054 0.009117
0.007048 0.010608
0.007040 0.007481
0.007036 0.007482
0.007034 0.007521
0.007022 0.007795
0.007022 0.012439
0.007019 0.007209
0.007015 0.007629
0.007010 0.009058
0.007006 0.013258
0.007004 0.007883
0.007004 0.007723
0.007002 0.010412
0.007000 0.007463
0.006992 0.010534
0.006985 0.009587
0.006984 0.007270
0.006982 0.006991
0.006979 0.011249
0.006979 0.007704
0.006974 0.007352
0.006974 0.011070
0.006973 0.007460
0.006971 0.011075
0.006971 0.007267
0.006970 0.011317
0.006965 0.006968
0.006953 0.008021
0.006952 0.007250
0.006950 0.008547
0.006950 0.014117
0.006950 0.009635
0.006943 0.008502
0.006940 0.006999
0.006939 0.009495
0.006938 0.007291
0.006930 0.007414
0.006924 0.009940
0.006924 0.008513
0.006923 0.009630
0.006922 0.009550
0.006919 0.008150
0.006918 0.013367
0.006911 0.010186
0.006908 0.008542
0.006908 0.007029
0.006907 0.007915
0.006906 0.011526
0.006903 0.007634
0.006903 0.007894
0.006894 0.007358
0.006891 0.007435
0.006891 0.012124
0.006884 0.007413
0.006882 0.007289
0.006879 0.007987
0.006876 0.007858
0.006875 0.007636
0.006875 0.007633
0.006871 0.007616
0.006871 0.007901
0.006865 0.007068
0.006864 0.011137
0.006863 0.009135
0.006846 0.007471
0.006843 0.008852
0.006842 0.007581
0.006842 0.008189
0.006840 0.007053
0.006833 0.010464
0.006832 0.007766
0.006829 0.006928
0.006829 0.008280
0.006821 0.007001
0.006819 0.007106
0.006816 0.008882
0.006813 0.007421
0.006810 0.012521
0.006809 0.008064
0.006806 0.006883
0.006798 0.007423
0.006796 0.008610
0.006795 0.007823
0.006794 0.010159
0.006791 0.007110
0.006788 0.009907
0.006787 0.007252
0.006784 0.010461
0.006780 0.006845
0.006776 0.006779
0.006775 0.011200
0.006775 0.013143
0.006771 0.007331
0.006767 0.007767
0.006764 0.007107
0.006764 0.006966
0.006763 0.007011
0.006762 0.007451
0.006757 0.006793
0.006757 0.006977
0.006746 0.007197
0.006740 0.009460
0.006739 0.010705
0.006738 0.008198
0.006737 0.006839
0.006736 0.007240
0.006718 0.007872
0.006715 0.017434
0.006712 0.007498
0.006706 0.006757
0.006706 0.009593
0.006705 0.009685
0.006700 0.008758
0.006699 0.008543
0.006696 0.010325
0.006695 0.006977
0.006694 0.006816
0.006686 0.006873
0.006686 0.010440
0.006683 0.007770
0.006680 0.007380
0.006679 0.008326
0.006678 0.008067
0.006678 0.007371
0.006676 0.008851
0.006675 0.006852
0.006672 0.008997
0.006672 0.007335
0.006667 0.009757
0.006666 0.007727
0.006665 0.007473
0.006658 0.013723
0.006649 0.010027
0.006648 0.010939
0.006643 0.008061
0.006643 0.010128
0.006639 0.007203
0.006632 0.015767
0.006625 0.009734
0.006625 0.007040
0.006616 0.009108
0.006615 0.009365
0.006610 0.007943
0.006608 0.008040
0.006605 0.006721
0.006601 0.010911
0.006600 0.008860
0.006598 0.007768
0.006588 0.006859
0.006582 0.007895
0.006579 0.008821
0.006577 0.010786
0.006576 0.010641
0.006575 0.007494
0.006574 0.008135
0.006573 0.006726
0.006570 0.007092
0.006564 0.006753
0.006562 0.006757
0.006558 0.009037
0.006546 0.007042
0.006541 0.006571
0.006536 0.006688
0.006535 0.007924
0.006528 0.009440
0.006518 0.006580
0.006511 0.006618
0.006510 0.006543
0.006509 0.007206
0.006509 0.012986
0.006508 0.009743
0.006507 0.009744
0.006495 0.008315
0.006490 0.011172
0.006488 0.006878
0.006487 0.007322
0.006481 0.006675
0.006480 0.007190
0.006471 0.008492
0.006469 0.007882
0.006462 0.007505
0.006452 0.007025
0.006448 0.007425
0.006445 0.017915
0.006436 0.006909
0.006431 0.008158
0.006431 0.006983
0.006428 0.007652
0.006427 0.007265
0.006427 0.007157
0.006425 0.015536
0.006425 0.008202
0.006423 0.010503
0.006419 0.007504
0.006416 0.010503
0.006410 0.006823
0.006410 0.012136
0.006409 0.007966
0.006408 0.007390
0.006407 0.008698
0.006400 0.009895
0.006398 0.008719
0.006395 0.007871
0.006391 0.007890
0.006389 0.007185
0.006389 0.006498
0.006385 0.006806
0.006382 0.009092
0.006382 0.010974
0.006380 0.012390
0.006375 0.007515
0.006375 0.007124
0.006375 0.010219
0.006374 0.012309
0.006372 0.007354
0.006371 0.011374
0.006370 0.007387
0.006363 0.006522
0.006361 0.009525
0.006359 0.007613
0.006356 0.007716
0.006354 0.007935
0.006350 0.007984
0.006346 0.007467
0.006345 0.009266
0.006340 0.009313
0.006337 0.009783
0.006333 0.006903
0.006328 0.006659
0.006327 0.007790
0.006325 0.006460
0.006324 0.006337
0.006323 0.007124
0.006322 0.006630
0.006321 0.006783
0.006315 0.006503
0.006310 0.007686
0.006301 0.007507
0.006297 0.009678
0.006296 0.006612
0.006294 0.011200
0.006287 0.008574
0.006286 0.006336
0.006281 0.007827
0.006280 0.012784
0.006273 0.006490
0.006271 0.006331
0.006271 0.009187
0.006269 0.006728
0.006268 0.010063
0.006268 0.006299
0.006267 0.009108
0.006262 0.006589
0.006262 0.006742
0.006259 0.006457
0.006254 0.006326
0.006248 0.011194
0.006247 0.016357
0.006247 0.006523
0.006245 0.016157
0.006245 0.006467
0.006243 0.009380
0.006237 0.012858
0.006234 0.007396
0.006230 0.006796
0.006228 0.006600
0.006226 0.006674
0.006224 0.009065
0.006223 0.009832
0.006223 0.009829
0.006213 0.007042
0.006213 0.007582
0.006211 0.006565
0.006211 0.010842
0.006210 0.006255
0.006198 0.006630
0.006198 0.006535
0.006198 0.014428
0.006195 0.010895
0.006192 0.006768
0.006189 0.009506
0.006184 0.010518
0.006184 0.006423
0.006174 0.006762
0.006167 0.010415
0.006163 0.006498
0.006159 0.010693
0.006159 0.012721
0.006157 0.007321
0.006152 0.007712
0.006152 0.009861
0.006150 0.007979
0.006148 0.008113
0.006146 0.010318
0.006143 0.007132
0.006142 0.007112
0.006138 0.007574
0.006136 0.007186
0.006131 0.006421
0.006122 0.006454
0.006122 0.009192
0.006119 0.007830
0.006118 0.007892
0.006117 0.006131
0.006117 0.006515
0.006112 0.007545
0.006108 0.006317
0.006106 0.006115
0.006106 0.006712
0.006103 0.008832
0.006101 0.012063
0.006097 0.008745
0.006088 0.008456
0.006088 0.006543
0.006086 0.006482
0.006062 0.010206
0.006060 0.006072
0.006050 0.006412
0.006050 0.013733
0.006047 0.008760
0.006047 0.007870
0.006042 0.012346
0.006039 0.007275
0.006039 0.006605
0.006038 0.011277
0.006033 0.006758
0.006032 0.006895
0.006032 0.008487
0.006030 0.008441
0.006023 0.006378
0.006021 0.007927
0.006020 0.006106
0.006015 0.006303
0.006014 0.012920
0.006014 0.006960
0.006004 0.011022
0.006004 0.008785
0.005997 0.007205
0.005994 0.006005
0.005993 0.008258
0.005985 0.008616
0.005973 0.006094
0.005966 0.006690
0.005965 0.007384
0.005964 0.010437
0.005962 0.010720
0.005962 0.006381
0.005960 0.013931
0.005959 0.009777
0.005957 0.006735
0.005956 0.006011
0.005956 0.006894
0.005955 0.006338
0.005954 0.007821
0.005946 0.006010
0.005942 0.012737
0.005939 0.010707
0.005939 0.008960
0.005938 0.013421
0.005931 0.006766
0.005928 0.007925
0.005925 0.010125
0.005924 0.010471
0.005922 0.006216
0.005920 0.008391
0.005919 0.009093
0.005914 0.006608
0.005909 0.006875
0.005907 0.006122
0.005904 0.009721
0.005901 0.006857
0.005901 0.008560
0.005900 0.006741
0.005899 0.009982
0.005897 0.006500
0.005892 0.010074
0.005874 0.006868
0.005870 0.006314
0.005865 0.007467
0.005865 0.006838
0.005864 0.005937
0.005864 0.009064
0.005858 0.009287
0.005855 0.005969
0.005855 0.007141
0.005850 0.011054
0.005848 0.010809
0.005847 0.007868
0.005845 0.006305
0.005843 0.006511
0.005840 0.009481
0.005838 0.009995
0.005837 0.006870
0.005833 0.006829
0.005828 0.006039
0.005824 0.006561
0.005823 0.005997
0.005820 0.006771
0.005817 0.007567
0.005812 0.009507
0.005810 0.011201
0.005797 0.011081
0.005796 0.008105
0.005795 0.014809
0.005794 0.006283
0.005775 0.008794
0.005774 0.006639
0.005772 0.008592
0.005771 0.006124
0.005768 0.007102
0.005768 0.006697
0.005761 0.006689
0.005754 0.005945
0.005753 0.006288
0.005740 0.007133
0.005736 0.006990
0.005733 0.007137
0.005733 0.010818
0.005733 0.007078
0.005727 0.013628
0.005722 0.007334
0.005719 0.005984
0.005715 0.009378
0.005709 0.008956
0.005706 0.010298
0.005705 0.008865
0.005702 0.012719
0.005698 0.013571
0.005694 0.010008
0.005693 0.007103
0.005691 0.005792
0.005689 0.007927
0.005688 0.010156
0.005686 0.005926
0.005685 0.011544
0.005684 0.005811
0.005679 0.008848
0.005679 0.007069
0.005678 0.008071
0.005678 0.007402
0.005677 0.006760
0.005676 0.006644
0.005669 0.005964
0.005669 0.012228
0.005665 0.006860
0.005665 0.006754
0.005658 0.006112
0.005657 0.006003
0.005646 0.006679
0.005644 0.005743
0.005637 0.006107
0.005628 0.008355
0.005627 0.010276
0.005623 0.005795
0.005619 0.006077
0.005615 0.006109
0.005615 0.007280
0.005615 0.005726
0.005611 0.006730
0.005607 0.005990
0.005599 0.011756
0.005596 0.009356
0.005594 0.006289
0.005589 0.005895
0.005588 0.006199
0.005584 0.008239
0.005584 0.014368
0.005582 0.005732
0.005582 0.006412
0.005582 0.006656
0.005581 0.006764
0.005580 0.008070
0.005575 0.006141
0.005572 0.007074
0.005567 0.005756
0.005564 0.008509
0.005552 0.007087
0.005547 0.007314
0.005546 0.006732
0.005532 0.005900
0.005529 0.006237
0.005525 0.006409
0.005525 0.006192
0.005519 0.008576
0.005516 0.006526
0.005513 0.012735
0.005507 0.006206
0.005503 0.010374
0.005498 0.006495
0.005495 0.009528
0.005494 0.006110
0.005494 0.006016
0.005493 0.006449
0.005481 0.005582
0.005481 0.009638
0.005477 0.006221
0.005477 0.005724
0.005471 0.007817
0.005470 0.005731
0.005466 0.005733
0.005459 0.008492
0.005456 0.008084
0.005452 0.006383
0.005451 0.005647
0.005449 0.012300
0.005447 0.010550
0.005446 0.005781
0.005433 0.006211
0.005431 0.005730
0.005425 0.005543
0.005425 0.005957
0.005424 0.006768
0.005419 0.005573
0.005413 0.006248
0.005408 0.006515
0.005408 0.005841
0.005403 0.006911
0.005401 0.005689
0.005394 0.008138
0.005387 0.005542
0.005386 0.010333
0.005381 0.011115
0.005381 0.005763
0.005380 0.005686
0.005376 0.006141
0.005375 0.005669
0.005373 0.005847
0.005371 0.006540
0.005360 0.006503
0.005359 0.005407
0.005359 0.006942
0.005347 0.008383
0.005341 0.005989
0.005339 0.006895
0.005335 0.007101
0.005323 0.006147
0.005323 0.006146
0.005318 0.006176
0.005317 0.006790
0.005317 0.009480
0.005312 0.005742
0.005311 0.005788
0.005301 0.005344
0.005300 0.009841
0.005298 0.005309
0.005294 0.005820
0.005287 0.005503
0.005274 0.006155
0.005272 0.007554
0.005271 0.005993
0.005264 0.006891
0.005264 0.009012
0.005263 0.005964
0.005262 0.005701
0.005258 0.007579
0.005257 0.005791
0.005255 0.005525
0.005248 0.005341
0.005238 0.005268
0.005236 0.005404
0.005236 0.008243
0.005234 0.005461
0.005232 0.005371
0.005231 0.006542
0.005226 0.005330
0.005226 0.006098
0.005223 0.009310
0.005223 0.005388
0.005212 0.008689
0.005212 0.005872
0.005201 0.007352
0.005199 0.005710
0.005199 0.005206
0.005185 0.007298
0.005182 0.005845
0.005181 0.006251
0.005180 0.005747
0.005177 0.008257
0.005175 0.005928
0.005174 0.006736
0.005173 0.005402
0.005170 0.006045
0.005165 0.005646
0.005157 0.005377
0.005153 0.009607
0.005152 0.005493
0.005144 0.007197
0.005130 0.008311
0.005125 0.006873
0.005117 0.005144
0.005099 0.006112
0.005095 0.005668
0.005094 0.008817
0.005088 0.005685
0.005085 0.005220
0.005084 0.005281
0.005082 0.005513
0.005080 0.005369
0.005068 0.008019
0.005066 0.005802
0.005063 0.006727
0.005057 0.006470
0.005054 0.005175
0.005049 0.005441
0.005038 0.005305
0.005037 0.012042
0.005036 0.005755
0.005027 0.005662
0.005022 0.005035
0.005021 0.005172
0.005019 0.007474
0.005017 0.006313
0.005014 0.005114
0.005013 0.006408
0.005011 0.007077
0.005009 0.005163
0.005008 0.006086
0.005005 0.009347
0.004997 0.005337
0.004985 0.005390
0.004981 0.005037
0.004981 0.005344
0.004979 0.006480
0.004978 0.008937
0.004974 0.006903
0.004974 0.005052
0.004969 0.005025
0.004964 0.009359
0.004963 0.006222
0.004962 0.006164
0.004961 0.011351
0.004960 0.005129
0.004956 0.005330
0.004956 0.006091
0.004953 0.005198
0.004952 0.006621
0.004946 0.008443
0.004941 0.005409
0.004939 0.005442
0.004934 0.008948
0.004913 0.005020
0.004910 0.006318
0.004901 0.005998
0.004895 0.005436
0.004894 0.005459
0.004889 0.006084
0.004887 0.005196
0.004879 0.006441
0.004878 0.005600
0.004871 0.004921
0.004867 0.005631
0.004862 0.004993
0.004853 0.005486
0.004852 0.009445
0.004851 0.005204
0.004848 0.005965
0.004847 0.006262
0.004841 0.006953
0.004836 0.005930
0.004835 0.005884
0.004832 0.006039
0.004831 0.011102
0.004830 0.006349
0.004828 0.004861
0.004824 0.005374
0.004820 0.005569
0.004820 0.005211
0.004819 0.006238
0.004816 0.005355
0.004810 0.005939
0.004809 0.005503
0.004806 0.006314
0.004805 0.005205
0.004802 0.005327
0.004800 0.005512
0.004799 0.006158
0.004797 0.005695
0.004787 0.005317
0.004785 0.005067
0.004783 0.005554
0.004780 0.005596
0.004778 0.004832
0.004777 0.005161
0.004776 0.006947
0.004769 0.004849
0.004760 0.006170
0.004759 0.005531
0.004758 0.004783
0.004755 0.009648
0.004749 0.005676
0.004746 0.005330
0.004740 0.006113
0.004737 0.004744
0.004737 0.006824
0.004735 0.004755
0.004729 0.006167
0.004721 0.005790
0.004719 0.005852
0.004714 0.005907
0.004712 0.005453
0.004704 0.005056
0.004700 0.004885
0.004699 0.005588
0.004683 0.005272
0.004683 0.005568
0.004675 0.008761
0.004668 0.005243
0.004647 0.006181
0.004633 0.004996
0.004631 0.004871
0.004623 0.006996
0.004614 0.005900
0.004605 0.004919
0.004604 0.007233
0.004604 0.005367
0.004601 0.007381
0.004588 0.005312
0.004580 0.005100
0.004578 0.005303
0.004577 0.005655
0.004565 0.005193
0.004563 0.004637
0.004559 0.005723
0.004551 0.005033
0.004546 0.005591
0.004546 0.004741
0.004531 0.005800
0.004529 0.004669
0.004527 0.004665
0.004520 0.005218
0.004515 0.006200
0.004507 0.005354
0.004502 0.004892
0.004483 0.004686
0.004481 0.004944
0.004469 0.005511
0.004465 0.004568
0.004465 0.004558
0.004460 0.005330
0.004441 0.004612
0.004438 0.006005
0.004435 0.005846
0.004433 0.004586
0.004418 0.004991
0.004413 0.004762
0.004410 0.005428
0.004409 0.006182
0.004403 0.005448
0.004400 0.007447
0.004399 0.005694
0.004389 0.004656
0.004388 0.007831
0.004382 0.007180
0.004377 0.005112
0.004375 0.008173
0.004366 0.004864
0.004356 0.004702
0.004349 0.005004
0.004338 0.005073
0.004329 0.004504
0.004326 0.004559
0.004325 0.005322
0.004319 0.005485
0.004313 0.005120
0.004307 0.006657
0.004303 0.004845
0.004289 0.004346
0.004280 0.004732
0.004277 0.004575
0.004275 0.004289
0.004275 0.006714
0.004272 0.004465
0.004272 0.004517
0.004269 0.004442
0.004253 0.004627
0.004252 0.004536
0.004245 0.004307
0.004243 0.005583
0.004238 0.004894
0.004237 0.005513
0.004220 0.004761
0.004220 0.004252
0.004216 0.006883
0.004214 0.004807
0.004205 0.005674
0.004196 0.005490
0.004195 0.004587
0.004193 0.004204
0.004190 0.004432
0.004182 0.005045
0.004181 0.006036
0.004174 0.005291
0.004170 0.004780
0.004148 0.004203
0.004146 0.004347
0.004132 0.005673
0.004120 0.006370
0.004088 0.004164
0.004087 0.004711
0.004065 0.004247
0.004038 0.006289
0.004034 0.004879
0.004029 0.006947
0.004026 0.005425
0.004015 0.004890
0.004009 0.004029
0.004008 0.004803
0.004004 0.004010
0.004002 0.006468
0.003994 0.004035
0.003977 0.004630
0.003977 0.006619
0.003975 0.004747
0.003973 0.006202
0.003970 0.004061
0.003962 0.005122
0.003960 0.004118
0.003958 0.005070
0.003951 0.004138
0.003943 0.006182
0.003936 0.004485
0.003921 0.004468
0.003914 0.005520
0.003890 0.005088
0.003874 0.004204
0.003843 0.004681
0.003840 0.006447
0.003838 0.006361
0.003838 0.005513
0.003821 0.004171
0.003800 0.004203
0.003796 0.004229
0.003794 0.003963
0.003794 0.004016
0.003769 0.003780
0.003758 0.004009
0.003722 0.004640
0.003722 0.004252
0.003719 0.004145
0.003714 0.004766
0.003703 0.003933
0.003682 0.004127
0.003679 0.003840
0.003675 0.004737
0.003659 0.004244
0.003641 0.004556
0.003634 0.003823
0.003614 0.003957
0.003607 0.004021
0.003595 0.005265
0.003588 0.003829
0.003581 0.003983
0.003564 0.003992
0.003545 0.004212
0.003541 0.004353
0.003538 0.004480
0.003517 0.003604
0.003495 0.004807
0.003486 0.004398
0.003484 0.003784
0.003474 0.003791
0.003472 0.003579
0.003471 0.003531
0.003430 0.003923
0.003429 0.003724
0.003425 0.003768
0.003391 0.005354
0.003375 0.003607
0.003370 0.003673
0.003370 0.004232
0.003370 0.003404
0.003367 0.003509
0.003363 0.003948
0.003356 0.003943
0.003355 0.003413
0.003339 0.003491
0.003334 0.003649
0.003329 0.003351
0.003328 0.003726
0.003298 0.003818
0.003298 0.004437
0.003229 0.003241
0.003220 0.004237
0.003191 0.004714
0.003189 0.003200
0.003184 0.003582
0.003183 0.003551
0.003158 0.003344
0.003139 0.003241
0.003117 0.004589
0.003102 0.003702
0.003024 0.003108
0.003017 0.003384
0.003013 0.003058
0.002985 0.003420
0.002960 0.003071
0.002921 0.003482
0.002881 0.003602
0.002867 0.002986
0.002813 0.002814
0.002809 0.002896
0.002780 0.003548
0.002740 0.003165
0.002712 0.002957
0.002642 0.003281
0.002615 0.002703
0.002595 0.002768
0.002561 0.002734
0.002485 0.002601
0.002471 0.002874
0.002402 0.002688
0.002362 0.003043
0.002170 0.002563
0.001871 0.001902
0.001867 0.002311
0.001629 0.001802
