0.286794 0.316688
0.183194 0.203465
0.178314 0.213537
0.159256 0.173969
0.133599 0.134269
0.113101 0.113378
0.102545 0.107117
0.086979 0.094101
0.083698 0.096624
0.082121 0.084983
0.080569 0.093968
0.069827 0.082547
0.068329 0.077911
0.066845 0.081288
0.064894 0.085193
0.064539 0.068962
0.063940 0.071637
0.063922 0.071402
0.062081 0.070457
0.059744 0.061355
0.058272 0.063620
0.057537 0.058200
0.056534 0.058130
0.056211 0.057484
0.052746 0.056148
0.052209 0.058422
0.051818 0.084454
0.049753 0.051684
0.049018 0.055586
0.047996 0.059568
0.046551 0.048691
0.045639 0.051786
0.044812 0.045204
0.044222 0.045509
0.044036 0.055390
0.043454 0.050650
0.043409 0.043753
0.042891 0.059924
0.042532 0.055650
0.042369 0.043908
0.042300 0.046964
0.041664 0.048174
0.041328 0.047297
0.040692 0.049675
0.040633 0.040823
0.039939 0.055472
0.039646 0.042018
0.039624 0.046868
0.039322 0.039389
0.037404 0.051822
0.036985 0.040001
0.036615 0.039034
0.036131 0.038177
0.035156 0.037385
0.034433 0.042026
0.033797 0.052737
0.033498 0.042732
0.033469 0.034716
0.033245 0.035450
0.033176 0.039355
0.033070 0.045221
0.033069 0.035070
0.033065 0.042193
0.032995 0.036541
0.032362 0.039105
0.031989 0.051939
0.031325 0.034873
0.031278 0.034043
0.031260 0.036451
0.031001 0.036111
0.030630 0.031233
0.030408 0.033234
0.030188 0.067247
0.030109 0.044047
0.029994 0.040463
0.029981 0.031253
0.029376 0.032334
0.029357 0.036551
0.028797 0.030012
0.028676 0.032353
0.028616 0.038226
0.028591 0.030554
0.028332 0.037716
0.027946 0.028275
0.027766 0.040464
0.027275 0.028793
0.027164 0.028674
0.027123 0.033145
0.026915 0.034050
0.026890 0.027649
0.026415 0.027766
0.026319 0.053897
0.026014 0.033714
0.025913 0.026476
0.025771 0.029515
0.025586 0.045505
0.025501 0.030663
0.024940 0.025097
0.024822 0.025088
0.024789 0.036753
0.024755 0.033740
0.024547 0.029972
0.024509 0.025204
0.024369 0.027331
0.024301 0.026042
0.024126 0.028094
0.024109 0.026714
0.024063 0.029071
0.024001 0.027935
0.023836 0.026473
0.023570 0.028651
0.023500 0.028858
0.023481 0.024399
0.023418 0.030858
0.023384 0.028940
0.023244 0.023877
0.023142 0.023198
0.023139 0.034185
0.023075 0.024268
0.022897 0.023181
0.022868 0.024325
0.022805 0.024207
0.022795 0.025411
0.022783 0.023100
0.022777 0.029716
0.022731 0.027423
0.022719 0.032167
0.022712 0.024772
0.022687 0.031788
0.022647 0.027744
0.022627 0.027743
0.022472 0.024956
0.022414 0.034051
0.022188 0.023633
0.022004 0.022259
0.021939 0.023049
0.021911 0.026918
0.021905 0.023244
0.021759 0.027265
0.021753 0.022316
0.021709 0.026600
0.021587 0.023655
0.021528 0.026882
0.021420 0.030685
0.021163 0.023432
0.021119 0.035202
0.021051 0.021364
0.021030 0.022698
0.020735 0.022561
0.020618 0.022744
0.020522 0.021119
0.020520 0.021521
0.020420 0.028418
0.020404 0.031384
0.020403 0.022264
0.020388 0.020569
0.020387 0.021610
0.020348 0.021074
0.020120 0.026622
0.020045 0.022567
0.019993 0.021326
0.019991 0.026595
0.019976 0.025587
0.019865 0.033025
0.019825 0.024868
0.019813 0.022564
0.019784 0.019876
0.019765 0.019997
0.019762 0.023168
0.019723 0.022338
0.019652 0.025115
0.019479 0.022612
0.019386 0.021282
0.019258 0.021913
0.019233 0.019332
0.019133 0.023897
0.019132 0.019414
0.019104 0.026191
0.019053 0.023590
0.018979 0.027265
0.018933 0.019153
0.018925 0.019366
0.018918 0.020733
0.018871 0.019721
0.018851 0.019299
0.018849 0.026228
0.018844 0.021732
0.018832 0.019942
0.018794 0.027122
0.018700 0.035101
0.018647 0.019850
0.018624 0.018739
0.018579 0.021242
0.018475 0.023664
0.018449 0.021074
0.018359 0.028671
0.018338 0.026302
0.018314 0.024662
0.018289 0.019185
0.018286 0.018309
0.018200 0.019321
0.018198 0.019451
0.018043 0.025285
0.017875 0.027193
0.017856 0.034114
0.017856 0.038104
0.017812 0.019711
0.017779 0.019516
0.017754 0.019419
0.017737 0.018759
0.017674 0.018661
0.017652 0.020013
0.017644 0.018144
0.017535 0.031270
0.017397 0.021872
0.017387 0.018978
0.017362 0.017372
0.017258 0.019882
0.017191 0.019775
0.017097 0.024309
0.017076 0.022322
0.017057 0.022900
0.016989 0.017275
0.016989 0.023395
0.016943 0.020247
0.016943 0.024173
0.016906 0.021672
0.016865 0.017478
0.016833 0.025808
0.016762 0.019099
0.016738 0.020725
0.016730 0.022241
0.016725 0.020857
0.016620 0.029791
0.016511 0.016948
0.016452 0.029917
0.016352 0.023198
0.016237 0.029042
0.016170 0.017513
0.016152 0.021631
0.016098 0.017957
0.016082 0.022464
0.016058 0.016168
0.015888 0.016209
0.015875 0.021018
0.015856 0.017037
0.015827 0.020263
0.015768 0.019801
0.015745 0.016474
0.015711 0.025061
0.015559 0.017298
0.015527 0.016816
0.015510 0.015812
0.015493 0.017194
0.015485 0.020762
0.015472 0.020570
0.015466 0.017057
0.015452 0.016598
0.015418 0.022616
0.015209 0.016695
0.015177 0.020343
0.015166 0.015621
0.015130 0.016908
0.015128 0.018672
0.015058 0.015492
0.015043 0.015640
0.015042 0.018009
0.015037 0.020014
0.014961 0.016176
0.014898 0.017077
0.014891 0.015144
0.014869 0.015034
0.014842 0.025239
0.014824 0.014972
0.014792 0.015000
0.014787 0.014879
0.014779 0.014831
0.014767 0.014905
0.014763 0.015050
0.014751 0.015092
0.014738 0.015192
0.014735 0.015109
0.014725 0.015748
0.014716 0.015374
0.014708 0.015186
0.014666 0.014832
0.014656 0.014936
0.014482 0.015308
0.014472 0.023024
0.014450 0.015068
0.014389 0.021749
0.014357 0.015020
0.014270 0.015346
0.014266 0.014969
0.014208 0.017514
0.014175 0.015874
0.014162 0.014773
0.014140 0.014981
0.014122 0.014259
0.014101 0.019486
0.014041 0.014405
0.013951 0.015897
0.013950 0.014043
0.013943 0.016803
0.013899 0.022271
0.013883 0.016816
0.013812 0.015998
0.013811 0.017565
0.013805 0.019658
0.013693 0.019174
0.013692 0.016983
0.013662 0.014462
0.013648 0.015024
0.013638 0.014462
0.013589 0.018347
0.013506 0.016091
0.013457 0.021627
0.013449 0.014943
0.013435 0.020911
0.013420 0.014411
0.013395 0.013995
0.013393 0.013571
0.013393 0.016135
0.013393 0.021293
0.013322 0.016278
0.013316 0.013734
0.013304 0.026644
0.013303 0.028114
0.013293 0.020109
0.013276 0.014155
0.013258 0.013863
0.013258 0.016525
0.013240 0.015417
0.013226 0.013507
0.013193 0.013827
0.013191 0.015178
0.013190 0.018355
0.013182 0.013752
0.013169 0.020203
0.013163 0.015579
0.013119 0.014698
0.013104 0.014158
0.013080 0.026388
0.013064 0.017040
0.013009 0.013906
0.013002 0.021064
0.012983 0.016012
0.012971 0.019282
0.012967 0.015008
0.012961 0.014232
0.012958 0.022166
0.012945 0.014199
0.012919 0.013258
0.012917 0.023473
0.012915 0.019363
0.012851 0.015468
0.012807 0.014456
0.012782 0.013477
0.012748 0.017197
0.012662 0.013759
0.012618 0.013670
0.012586 0.012969
0.012578 0.013328
0.012570 0.013176
0.012560 0.013198
0.012550 0.013487
0.012538 0.014096
0.012534 0.015946
0.012490 0.013725
0.012449 0.013432
0.012442 0.015277
0.012421 0.016594
0.012413 0.016271
0.012400 0.012425
0.012391 0.013390
0.012389 0.012892
0.012386 0.017768
0.012380 0.012465
0.012360 0.013731
0.012324 0.015434
0.012302 0.021971
0.012275 0.013861
0.012268 0.017605
0.012235 0.012793
0.012232 0.012784
0.012231 0.014129
0.012217 0.013330
0.012212 0.013928
0.012158 0.012188
0.012135 0.017444
0.012123 0.012257
0.012117 0.021300
0.012117 0.016947
0.012109 0.012710
0.012106 0.015286
0.012082 0.013007
0.012057 0.012979
0.012056 0.015452
0.012041 0.012784
0.012036 0.017899
0.011983 0.012268
0.011972 0.012654
0.011946 0.013367
0.011882 0.016459
0.011873 0.016138
0.011868 0.012640
0.011864 0.013587
0.011852 0.014938
0.011819 0.012414
0.011817 0.012010
0.011795 0.013838
0.011788 0.017220
0.011771 0.012518
0.011760 0.014693
0.011759 0.013971
0.011728 0.016695
0.011723 0.013856
0.011718 0.012443
0.011706 0.015542
0.011667 0.012276
0.011649 0.012754
0.011645 0.013300
0.011628 0.015517
0.011608 0.012290
0.011607 0.018229
0.011602 0.012085
0.011599 0.012629
0.011591 0.012047
0.011583 0.017285
0.011581 0.015527
0.011487 0.011495
0.011407 0.016202
0.011393 0.014260
0.011369 0.019351
0.011343 0.011896
0.011311 0.016350
0.011292 0.012000
0.011278 0.013911
0.011266 0.013062
0.011261 0.020515
0.011244 0.016724
0.011242 0.013067
0.011238 0.016797
0.011232 0.012963
0.011231 0.011748
0.011212 0.012088
0.011204 0.011239
0.011170 0.012240
0.011165 0.013485
0.011158 0.012181
0.011155 0.012155
0.011119 0.011762
0.011112 0.011451
0.011101 0.011943
0.011097 0.011283
0.011074 0.013765
0.011072 0.015534
0.011036 0.011238
0.011006 0.014757
0.010989 0.017528
0.010950 0.013328
0.010942 0.012677
0.010941 0.011632
0.010907 0.012753
0.010904 0.015614
0.010902 0.012392
0.010838 0.015201
0.010726 0.010847
0.010713 0.011256
0.010702 0.020809
0.010699 0.012530
0.010699 0.011118
0.010695 0.013405
0.010689 0.013477
0.010684 0.011596
0.010641 0.012393
0.010619 0.014970
0.010592 0.012115
0.010578 0.014066
0.010568 0.015645
0.010560 0.014324
0.010531 0.015267
0.010478 0.011039
0.010472 0.016536
0.010429 0.016902
0.010426 0.012145
0.010425 0.012151
0.010421 0.015568
0.010421 0.011184
0.010417 0.010557
0.010411 0.010675
0.010401 0.013786
0.010384 0.011659
0.010378 0.017664
0.010371 0.012063
0.010366 0.010867
0.010350 0.011840
0.010340 0.016365
0.010331 0.012662
0.010327 0.010458
0.010320 0.014425
0.010306 0.013083
0.010298 0.010840
0.010294 0.012201
0.010289 0.011141
0.010277 0.010620
0.010262 0.012747
0.010232 0.011502
0.010225 0.013772
0.010202 0.014696
0.010202 0.015666
0.010196 0.012375
0.010195 0.010234
0.010193 0.010995
0.010183 0.012590
0.010182 0.013166
0.010179 0.016922
0.010152 0.013397
0.010136 0.010339
0.010133 0.011445
0.010130 0.010438
0.010116 0.010581
0.010059 0.010248
0.010057 0.011711
0.010053 0.010778
0.010050 0.010387
0.010031 0.010336
0.009988 0.020261
0.009968 0.010763
0.009956 0.012787
0.009945 0.014020
0.009942 0.014106
0.009924 0.013244
0.009922 0.009928
0.009910 0.010561
0.009903 0.017700
0.009880 0.019390
0.009852 0.011424
0.009831 0.011554
0.009830 0.015697
0.009828 0.009838
0.009823 0.012328
0.009818 0.010127
0.009793 0.014976
0.009790 0.011378
0.009780 0.019986
0.009774 0.009896
0.009766 0.009813
0.009748 0.010312
0.009742 0.010305
0.009736 0.010810
0.009735 0.010693
0.009731 0.020511
0.009727 0.010891
0.009700 0.018487
0.009696 0.015554
0.009679 0.010375
0.009661 0.016480
0.009650 0.010020
0.009639 0.010957
0.009635 0.015682
0.009625 0.013257
0.009623 0.012395
0.009605 0.011648
0.009599 0.010203
0.009598 0.012486
0.009595 0.012089
0.009579 0.021724
0.009569 0.012566
0.009567 0.012268
0.009566 0.012055
0.009565 0.012125
0.009552 0.010822
0.009540 0.015038
0.009526 0.009977
0.009491 0.010742
0.009488 0.018277
0.009483 0.012444
0.009481 0.009878
0.009477 0.015248
0.009470 0.009606
0.009444 0.018291
0.009439 0.010336
0.009437 0.013718
0.009382 0.011415
0.009362 0.010007
0.009352 0.009973
0.009340 0.009487
0.009330 0.010640
0.009327 0.009753
0.009314 0.014831
0.009286 0.009772
0.009285 0.013000
0.009267 0.009657
0.009240 0.009628
0.009229 0.015056
0.009226 0.015283
0.009221 0.016362
0.009206 0.010302
0.009198 0.010253
0.009197 0.009409
0.009190 0.012643
0.009171 0.009335
0.009163 0.010702
0.009155 0.014559
0.009149 0.009827
0.009141 0.009356
0.009137 0.011544
0.009136 0.011505
0.009132 0.015993
0.009131 0.010010
0.009117 0.009836
0.009113 0.012646
0.009105 0.012457
0.009102 0.011038
0.009099 0.011597
0.009097 0.009300
0.009089 0.009407
0.009085 0.011310
0.009044 0.009613
0.009025 0.009747
0.009023 0.009678
0.009010 0.011687
0.009009 0.010558
0.008988 0.010028
0.008966 0.008989
0.008956 0.009329
0.008947 0.009828
0.008942 0.014762
0.008888 0.009502
0.008879 0.009611
0.008871 0.014464
0.008870 0.010850
0.008858 0.009068
0.008832 0.014316
0.008826 0.009463
0.008824 0.010079
0.008821 0.011447
0.008814 0.009875
0.008814 0.018831
0.008811 0.009510
0.008793 0.010221
0.008776 0.009069
0.008772 0.011082
0.008766 0.011675
0.008743 0.011792
0.008731 0.009537
0.008728 0.009944
0.008723 0.009830
0.008703 0.009823
0.008701 0.009128
0.008695 0.009713
0.008686 0.012758
0.008686 0.009616
0.008645 0.008832
0.008626 0.009868
0.008613 0.009393
0.008605 0.009162
0.008592 0.010172
0.008588 0.011468
0.008584 0.009444
0.008582 0.014026
0.008580 0.015895
0.008569 0.013016
0.008566 0.010515
0.008559 0.011983
0.008553 0.009192
0.008545 0.011087
0.008520 0.012179
0.008516 0.010036
0.008483 0.011240
0.008471 0.009134
0.008439 0.011038
0.008433 0.009959
0.008430 0.008816
0.008424 0.010043
0.008419 0.011914
0.008410 0.013625
0.008408 0.014315
0.008386 0.009814
0.008370 0.013532
0.008361 0.009082
0.008358 0.008882
0.008355 0.010976
0.008353 0.011339
0.008351 0.011755
0.008351 0.008982
0.008339 0.008394
0.008330 0.014129
0.008298 0.008421
0.008295 0.009023
0.008294 0.014015
0.008276 0.008448
0.008273 0.008352
0.008264 0.012129
0.008257 0.010711
0.008243 0.014921
0.008230 0.009752
0.008224 0.008241
0.008222 0.008830
0.008219 0.008229
0.008217 0.008282
0.008205 0.008246
0.008193 0.008667
0.008167 0.009757
0.008155 0.008213
0.008141 0.008818
0.008138 0.014041
0.008137 0.013096
0.008128 0.008530
0.008127 0.008666
0.008126 0.010627
0.008123 0.010166
0.008113 0.009206
0.008090 0.008750
0.008065 0.008337
0.008055 0.014583
0.008032 0.008326
0.008029 0.016182
0.007989 0.008035
0.007982 0.013171
0.007964 0.011167
0.007954 0.009200
0.007920 0.009817
0.007913 0.016992
0.007912 0.010557
0.007896 0.009027
0.007888 0.010295
0.007865 0.009325
0.007859 0.009298
0.007847 0.008329
0.007837 0.009967
0.007835 0.008646
0.007832 0.008045
0.007830 0.014222
0.007816 0.008308
0.007813 0.008117
0.007801 0.008266
0.007800 0.008573
0.007796 0.014089
0.007793 0.007859
0.007771 0.011418
0.007757 0.009832
0.007753 0.007824
0.007714 0.009575
0.007696 0.007757
0.007689 0.008589
0.007687 0.007687
0.007680 0.010274
0.007668 0.008712
0.007665 0.008635
0.007658 0.009244
0.007656 0.010430
0.007636 0.009603
0.007635 0.007932
0.007631 0.007866
0.007614 0.009404
0.007608 0.008806
0.007594 0.008342
0.007588 0.007688
0.007577 0.009516
0.007561 0.011284
0.007559 0.008335
0.007558 0.008278
0.007556 0.008151
0.007553 0.011052
0.007535 0.009495
0.007534 0.009741
0.007534 0.008528
0.007530 0.008327
0.007513 0.013814
0.007511 0.008121
0.007486 0.009333
0.007477 0.009206
0.007468 0.009386
0.007463 0.008612
0.007456 0.009040
0.007455 0.008556
0.007451 0.007479
0.007446 0.007639
0.007437 0.011259
0.007435 0.008399
0.007434 0.009910
0.007431 0.008038
0.007427 0.007719
0.007425 0.008238
0.007424 0.009928
0.007421 0.007855
0.007389 0.008673
0.007387 0.009073
0.007386 0.008008
0.007380 0.014559
0.007377 0.007419
0.007372 0.008350
0.007370 0.007844
0.007367 0.008844
0.007366 0.013023
0.007357 0.007763
0.007352 0.007388
0.007343 0.007723
0.007335 0.007644
0.007321 0.008742
0.007317 0.008013
0.007287 0.008422
0.007287 0.008592
0.007285 0.007716
0.007285 0.013544
0.007275 0.007468
0.007273 0.011174
0.007257 0.007664
0.007247 0.008539
0.007239 0.011241
0.007236 0.009400
0.007231 0.007368
0.007217 0.009086
0.007214 0.010892
0.007209 0.007830
0.007208 0.007551
0.007192 0.007638
0.007169 0.007543
0.007147 0.007356
0.007143 0.007833
0.007141 0.008612
0.007140 0.007357
0.007140 0.008177
0.007133 0.008129
0.007123 0.007124
0.007119 0.009957
0.007119 0.008684
0.007119 0.007202
0.007113 0.007254
0.007094 0.009932
0.007093 0.010180
0.007059 0.008814
0.007058 0.010772
0.007056 0.008020
0.007051 0.007170
0.007045 0.013420
0.007029 0.010746
0.007025 0.016464
0.007017 0.007626
0.007017 0.007194
0.006984 0.013513
0.006976 0.011487
0.006973 0.007002
0.006971 0.007875
0.006961 0.007218
0.006937 0.007010
0.006926 0.010048
0.006913 0.008320
0.006903 0.007992
0.006894 0.007188
0.006893 0.006918
0.006885 0.009727
0.006883 0.007088
0.006876 0.011268
0.006869 0.007882
0.006848 0.007455
0.006846 0.006892
0.006841 0.011733
0.006833 0.007707
0.006827 0.008589
0.006804 0.011405
0.006787 0.006859
0.006783 0.007029
0.006781 0.006809
0.006778 0.009887
0.006774 0.009079
0.006771 0.008514
0.006766 0.009089
0.006765 0.009961
0.006763 0.007416
0.006757 0.009866
0.006742 0.007173
0.006736 0.009186
0.006734 0.007123
0.006709 0.007227
0.006700 0.011413
0.006698 0.007078
0.006698 0.006923
0.006686 0.008208
0.006680 0.011727
0.006679 0.007486
0.006671 0.006839
0.006662 0.008716
0.006653 0.007924
0.006639 0.008015
0.006631 0.006996
0.006625 0.006934
0.006618 0.006973
0.006615 0.006793
0.006608 0.007570
0.006601 0.007718
0.006600 0.008622
0.006586 0.007245
0.006581 0.008048
0.006581 0.010311
0.006579 0.006860
0.006578 0.006893
0.006562 0.006623
0.006551 0.006706
0.006546 0.007094
0.006541 0.007746
0.006534 0.008432
0.006522 0.006890
0.006488 0.008044
0.006487 0.009803
0.006481 0.008337
0.006477 0.009729
0.006471 0.010605
0.006454 0.006633
0.006453 0.008785
0.006451 0.006853
0.006444 0.008252
0.006442 0.008686
0.006432 0.006612
0.006431 0.006555
0.006428 0.006572
0.006426 0.007239
0.006417 0.007464
0.006405 0.008221
0.006405 0.007302
0.006401 0.006813
0.006392 0.006642
0.006384 0.007039
0.006382 0.014203
0.006381 0.006858
0.006380 0.006510
0.006374 0.009321
0.006372 0.006581
0.006364 0.006371
0.006358 0.006367
0.006354 0.008287
0.006343 0.008577
0.006343 0.007855
0.006336 0.011478
0.006332 0.009074
0.006331 0.006528
0.006328 0.009239
0.006325 0.006418
0.006319 0.009937
0.006308 0.006838
0.006296 0.006567
0.006296 0.008397
0.006294 0.009187
0.006287 0.006520
0.006283 0.010115
0.006278 0.006360
0.006268 0.006292
0.006266 0.008525
0.006265 0.007911
0.006260 0.006422
0.006259 0.006752
0.006252 0.007284
0.006241 0.006273
0.006233 0.006437
0.006230 0.006555
0.006216 0.007267
0.006210 0.006333
0.006204 0.007608
0.006203 0.013555
0.006200 0.006943
0.006195 0.007580
0.006189 0.007000
0.006188 0.010375
0.006182 0.006204
0.006181 0.010504
0.006176 0.008547
0.006174 0.008307
0.006167 0.009489
0.006162 0.006972
0.006156 0.008636
0.006154 0.007497
0.006152 0.006530
0.006149 0.007173
0.006148 0.008499
0.006143 0.009429
0.006130 0.006585
0.006126 0.006221
0.006113 0.006378
0.006105 0.013004
0.006090 0.007794
0.006083 0.006245
0.006080 0.006378
0.006069 0.006972
0.006065 0.009356
0.006053 0.006238
0.006050 0.006463
0.006046 0.009485
0.006037 0.006093
0.006034 0.011273
0.006029 0.010178
0.006025 0.009035
0.006007 0.007679
0.006007 0.007160
0.006002 0.012065
0.005999 0.007059
0.005992 0.007874
0.005986 0.006592
0.005969 0.006196
0.005963 0.007024
0.005959 0.012552
0.005951 0.010356
0.005951 0.007498
0.005947 0.007472
0.005937 0.007688
0.005936 0.011471
0.005934 0.006241
0.005931 0.008570
0.005914 0.009555
0.005910 0.010806
0.005908 0.006712
0.005906 0.009964
0.005905 0.007644
0.005899 0.007210
0.005892 0.010367
0.005892 0.006117
0.005877 0.007251
0.005875 0.006760
0.005871 0.006620
0.005863 0.006476
0.005861 0.005942
0.005856 0.007004
0.005854 0.012621
0.005850 0.005902
0.005848 0.010734
0.005832 0.006879
0.005831 0.007112
0.005831 0.006685
0.005824 0.007660
0.005795 0.006187
0.005794 0.008655
0.005780 0.005950
0.005775 0.011582
0.005769 0.005910
0.005759 0.007478
0.005750 0.008162
0.005736 0.006385
0.005736 0.007409
0.005736 0.005866
0.005731 0.006145
0.005706 0.006339
0.005697 0.006913
0.005692 0.005949
0.005691 0.006298
0.005686 0.007844
0.005685 0.010957
0.005680 0.005800
0.005675 0.009878
0.005669 0.005863
0.005644 0.007460
0.005638 0.006710
0.005636 0.007059
0.005633 0.005869
0.005630 0.005974
0.005628 0.005737
0.005626 0.006190
0.005617 0.006022
0.005609 0.006616
0.005608 0.006926
0.005607 0.006821
0.005602 0.005907
0.005601 0.005628
0.005599 0.005617
0.005598 0.005614
0.005594 0.005963
0.005583 0.006895
0.005582 0.006850
0.005578 0.009817
0.005560 0.005838
0.005540 0.005982
0.005533 0.005676
0.005531 0.005668
0.005525 0.005890
0.005525 0.007015
0.005520 0.005963
0.005518 0.010024
0.005515 0.005602
0.005501 0.006487
0.005499 0.007867
0.005488 0.005649
0.005452 0.009247
0.005432 0.006390
0.005426 0.005587
0.005420 0.007224
0.005417 0.006203
0.005409 0.005777
0.005407 0.005414
0.005396 0.005969
0.005389 0.006341
0.005387 0.006323
0.005386 0.006784
0.005384 0.007835
0.005383 0.005907
0.005382 0.006526
0.005380 0.005776
0.005376 0.005431
0.005359 0.006950
0.005359 0.005884
0.005346 0.007682
0.005344 0.007798
0.005341 0.006236
0.005335 0.006547
0.005317 0.005669
0.005314 0.006782
0.005313 0.009943
0.005308 0.007455
0.005308 0.005609
0.005306 0.005978
0.005301 0.005807
0.005297 0.005625
0.005295 0.006196
0.005289 0.005546
0.005288 0.005348
0.005285 0.005407
0.005285 0.006969
0.005271 0.005833
0.005269 0.005831
0.005269 0.006659
0.005258 0.005304
0.005256 0.005397
0.005251 0.005589
0.005250 0.005506
0.005248 0.009170
0.005247 0.005292
0.005229 0.005378
0.005227 0.005721
0.005223 0.005303
0.005221 0.005774
0.005212 0.006568
0.005201 0.006132
0.005198 0.005411
0.005196 0.008583
0.005194 0.005566
0.005189 0.005963
0.005189 0.007839
0.005188 0.006271
0.005185 0.007017
0.005185 0.007113
0.005184 0.006065
0.005177 0.010608
0.005176 0.008163
0.005176 0.006262
0.005171 0.008895
0.005170 0.005303
0.005166 0.005330
0.005165 0.006125
0.005164 0.006352
0.005142 0.006509
0.005139 0.007604
0.005130 0.005205
0.005129 0.005192
0.005118 0.006160
0.005116 0.005300
0.005114 0.007574
0.005083 0.005361
0.005076 0.005816
0.005069 0.005876
0.005059 0.005228
0.005054 0.006997
0.005051 0.005058
0.005042 0.006122
0.005034 0.005210
0.005021 0.006340
0.005009 0.005280
0.005007 0.005422
0.005005 0.005462
0.005003 0.006229
0.005003 0.009499
0.004990 0.006404
0.004986 0.007513
0.004980 0.006386
0.004974 0.006157
0.004970 0.005870
0.004969 0.005638
0.004969 0.005419
0.004967 0.007314
0.004967 0.007362
0.004966 0.005000
0.004963 0.005133
0.004955 0.009242
0.004947 0.005015
0.004945 0.005374
0.004944 0.005210
0.004916 0.007495
0.004915 0.005123
0.004912 0.005437
0.004910 0.005479
0.004910 0.005953
0.004904 0.005310
0.004900 0.007601
0.004900 0.005270
0.004899 0.007353
0.004890 0.005162
0.004885 0.007882
0.004882 0.005356
0.004880 0.009400
0.004878 0.004927
0.004865 0.005310
0.004864 0.005655
0.004853 0.007092
0.004852 0.005839
0.004848 0.006452
0.004840 0.005561
0.004836 0.006343
0.004834 0.005825
0.004834 0.008947
0.004828 0.007872
0.004826 0.006385
0.004825 0.005906
0.004824 0.008066
0.004821 0.010938
0.004821 0.007081
0.004815 0.006524
0.004807 0.006145
0.004796 0.005370
0.004795 0.005599
0.004793 0.004820
0.004793 0.005515
0.004783 0.004861
0.004783 0.004928
0.004781 0.006424
0.004780 0.004834
0.004777 0.004819
0.004776 0.006274
0.004774 0.008329
0.004773 0.004920
0.004773 0.005018
0.004752 0.004879
0.004744 0.007429
0.004734 0.005648
0.004733 0.006688
0.004732 0.004808
0.004731 0.005984
0.004727 0.005475
0.004724 0.005486
0.004722 0.006691
0.004721 0.006318
0.004713 0.008077
0.004709 0.005264
0.004707 0.006463
0.004707 0.005308
0.004704 0.006837
0.004698 0.006986
0.004691 0.004898
0.004690 0.005074
0.004685 0.009184
0.004685 0.005441
0.004679 0.006183
0.004678 0.004968
0.004678 0.004856
0.004668 0.005129
0.004665 0.004802
0.004656 0.005245
0.004655 0.005058
0.004654 0.006149
0.004643 0.004884
0.004638 0.004704
0.004617 0.005700
0.004602 0.005163
0.004596 0.004976
0.004592 0.006008
0.004579 0.007324
0.004578 0.004704
0.004574 0.005108
0.004566 0.004948
0.004564 0.004744
0.004563 0.006455
0.004561 0.004906
0.004560 0.005602
0.004558 0.005418
0.004557 0.006509
0.004557 0.004931
0.004554 0.004990
0.004549 0.004582
0.004549 0.005436
0.004545 0.005005
0.004545 0.004606
0.004544 0.005420
0.004544 0.004633
0.004540 0.004605
0.004538 0.004630
0.004534 0.006484
0.004530 0.005913
0.004523 0.006507
0.004513 0.005596
0.004512 0.005417
0.004511 0.005172
0.004509 0.005635
0.004501 0.004988
0.004497 0.004623
0.004495 0.005477
0.004492 0.004749
0.004488 0.006872
0.004483 0.006495
0.004481 0.005967
0.004480 0.004870
0.004474 0.004724
0.004473 0.005703
0.004470 0.004746
0.004469 0.004585
0.004467 0.004575
0.004459 0.005269
0.004457 0.005229
0.004444 0.004545
0.004439 0.007641
0.004435 0.006769
0.004432 0.005008
0.004430 0.004997
0.004428 0.005741
0.004428 0.006797
0.004423 0.004519
0.004415 0.005058
0.004413 0.004809
0.004409 0.004849
0.004406 0.004563
0.004406 0.006366
0.004402 0.005715
0.004400 0.005541
0.004396 0.004611
0.004389 0.004648
0.004388 0.008124
0.004386 0.006346
0.004385 0.004557
0.004384 0.004581
0.004381 0.004772
0.004380 0.005126
0.004373 0.005718
0.004372 0.005433
0.004370 0.006346
0.004370 0.005187
0.004368 0.005132
0.004367 0.004647
0.004366 0.004756
0.004365 0.005496
0.004363 0.007362
0.004361 0.004450
0.004361 0.004750
0.004357 0.004723
0.004354 0.008005
0.004352 0.005854
0.004349 0.005704
0.004341 0.004497
0.004338 0.004731
0.004336 0.006081
0.004331 0.004649
0.004325 0.005155
0.004320 0.005540
0.004320 0.005511
0.004319 0.004367
0.004317 0.004391
0.004315 0.006199
0.004314 0.005795
0.004314 0.004857
0.004304 0.004535
0.004296 0.004312
0.004294 0.004514
0.004289 0.005229
0.004281 0.004502
0.004277 0.005245
0.004275 0.006158
0.004273 0.005001
0.004271 0.004429
0.004266 0.004479
0.004262 0.004802
0.004262 0.005381
0.004260 0.004269
0.004253 0.006713
0.004246 0.004612
0.004242 0.004510
0.004236 0.008097
0.004228 0.004888
0.004228 0.004414
0.004226 0.004857
0.004223 0.006437
0.004217 0.004245
0.004216 0.005060
0.004214 0.004523
0.004212 0.007033
0.004211 0.009346
0.004210 0.004666
0.004208 0.006237
0.004206 0.004211
0.004201 0.004562
0.004200 0.004507
0.004199 0.005544
0.004199 0.004427
0.004198 0.004230
0.004197 0.005323
0.004195 0.005562
0.004192 0.004412
0.004188 0.004268
0.004184 0.005111
0.004179 0.004287
0.004179 0.004247
0.004178 0.005138
0.004174 0.004607
0.004173 0.006747
0.004170 0.004299
0.004165 0.007905
0.004164 0.004852
0.004159 0.004909
0.004153 0.004277
0.004150 0.004191
0.004148 0.008115
0.004141 0.004255
0.004137 0.006509
0.004134 0.005026
0.004133 0.006136
0.004133 0.005852
0.004131 0.005425
0.004129 0.006013
0.004127 0.004154
0.004127 0.004397
0.004125 0.005914
0.004123 0.004550
0.004119 0.004216
0.004119 0.004437
0.004112 0.006526
0.004103 0.004426
0.004102 0.004882
0.004095 0.007174
0.004082 0.004695
0.004082 0.004347
0.004081 0.004252
0.004075 0.004261
0.004073 0.004192
0.004069 0.004752
0.004065 0.007920
0.004062 0.006379
0.004057 0.005118
0.004056 0.004871
0.004052 0.004075
0.004045 0.004202
0.004044 0.004744
0.004042 0.005423
0.004035 0.005720
0.004032 0.004098
0.004032 0.004792
0.004028 0.005910
0.004027 0.006318
0.004020 0.004607
0.004019 0.005425
0.004018 0.004678
0.004017 0.004638
0.004015 0.004292
0.004012 0.004716
0.004012 0.004152
0.004005 0.004453
0.004003 0.004119
0.003998 0.009524
0.003998 0.008054
0.003995 0.006045
0.003994 0.006978
0.003993 0.004007
0.003992 0.005164
0.003990 0.004093
0.003988 0.004919
0.003984 0.004313
0.003983 0.004231
0.003982 0.005773
0.003974 0.003993
0.003972 0.005113
0.003971 0.006163
0.003966 0.004243
0.003960 0.004720
0.003958 0.004447
0.003955 0.006443
0.003955 0.004704
0.003955 0.005054
0.003951 0.004403
0.003949 0.008687
0.003944 0.004468
0.003942 0.004425
0.003938 0.004133
0.003937 0.004404
0.003933 0.004305
0.003933 0.004144
0.003919 0.004410
0.003918 0.004186
0.003908 0.004156
0.003907 0.004430
0.003893 0.005731
0.003888 0.005571
0.003884 0.009563
0.003883 0.004633
0.003880 0.004272
0.003879 0.005078
0.003873 0.004842
0.003873 0.005104
0.003869 0.007003
0.003864 0.004011
0.003855 0.004054
0.003855 0.004027
0.003855 0.003877
0.003853 0.005251
0.003852 0.004984
0.003850 0.003951
0.003849 0.003947
0.003847 0.005444
0.003846 0.005747
0.003843 0.004400
0.003841 0.004346
0.003839 0.005032
0.003834 0.003847
0.003833 0.004264
0.003833 0.005916
0.003830 0.004372
0.003829 0.004175
0.003828 0.004051
0.003826 0.004083
0.003821 0.005191
0.003820 0.003923
0.003818 0.004972
0.003816 0.003914
0.003814 0.004572
0.003813 0.003831
0.003813 0.008262
0.003812 0.004267
0.003812 0.009199
0.003804 0.004544
0.003801 0.004136
0.003796 0.003831
0.003793 0.004600
0.003792 0.005171
0.003787 0.004915
0.003786 0.004973
0.003785 0.003788
0.003782 0.005393
0.003781 0.006067
0.003772 0.004002
0.003769 0.005713
0.003768 0.004194
0.003768 0.004430
0.003760 0.004558
0.003760 0.004165
0.003759 0.003997
0.003750 0.004045
0.003740 0.003797
0.003739 0.004435
0.003737 0.004534
0.003736 0.006071
0.003733 0.004284
0.003732 0.004886
0.003732 0.003983
0.003731 0.004856
0.003731 0.003987
0.003715 0.004002
0.003713 0.003975
0.003710 0.004062
0.003710 0.004094
0.003704 0.004103
0.003704 0.006586
0.003702 0.006239
0.003702 0.004005
0.003698 0.003777
0.003697 0.006653
0.003695 0.004427
0.003691 0.004185
0.003685 0.004297
0.003680 0.003779
0.003678 0.007715
0.003674 0.006271
0.003673 0.004723
0.003668 0.004467
0.003668 0.004188
0.003665 0.005628
0.003664 0.004026
0.003664 0.004041
0.003662 0.004295
0.003660 0.006384
0.003659 0.003943
0.003658 0.005898
0.003653 0.006671
0.003652 0.004816
0.003649 0.003885
0.003648 0.003731
0.003646 0.003770
0.003640 0.003659
0.003636 0.004064
0.003632 0.005565
0.003627 0.003719
0.003622 0.004050
0.003621 0.007669
0.003620 0.003878
0.003619 0.003718
0.003619 0.003884
0.003618 0.004333
0.003618 0.003907
0.003613 0.004244
0.003611 0.009294
0.003609 0.004006
0.003607 0.003741
0.003604 0.007187
0.003603 0.005041
0.003601 0.003777
0.003601 0.005622
0.003599 0.003893
0.003596 0.004135
0.003592 0.004194
0.003591 0.003604
0.003588 0.003637
0.003583 0.003618
0.003582 0.004131
0.003580 0.005003
0.003578 0.004634
0.003576 0.004808
0.003575 0.004551
0.003573 0.003669
0.003567 0.004303
0.003566 0.003862
0.003561 0.007806
0.003557 0.003688
0.003554 0.003703
0.003552 0.003870
0.003552 0.005244
0.003550 0.003803
0.003550 0.005679
0.003549 0.004612
0.003549 0.004775
0.003544 0.003741
0.003543 0.003579
0.003539 0.007451
0.003539 0.003870
0.003534 0.005453
0.003526 0.003749
0.003521 0.003783
0.003519 0.005678
0.003518 0.004352
0.003514 0.004657
0.003513 0.006384
0.003511 0.004505
0.003511 0.004282
0.003510 0.003928
0.003510 0.003645
0.003507 0.003597
0.003506 0.004924
0.003503 0.003868
0.003503 0.005938
0.003501 0.004114
0.003497 0.004888
0.003496 0.005300
0.003490 0.003543
0.003489 0.003641
0.003488 0.003829
0.003486 0.005073
0.003482 0.006193
0.003480 0.005805
0.003480 0.003590
0.003479 0.005742
0.003479 0.005219
0.003473 0.006737
0.003473 0.003711
0.003469 0.006755
0.003466 0.003733
0.003464 0.005922
0.003463 0.003574
0.003460 0.003850
0.003457 0.005646
0.003452 0.003867
0.003451 0.003524
0.003449 0.004211
0.003449 0.006796
0.003440 0.003684
0.003437 0.003997
0.003436 0.005918
0.003434 0.005933
0.003431 0.003697
0.003428 0.007385
0.003417 0.004959
0.003412 0.003861
0.003410 0.003715
0.003410 0.003679
0.003406 0.003860
0.003406 0.006080
0.003406 0.004296
0.003405 0.003639
0.003405 0.004473
0.003402 0.003717
0.003399 0.003458
0.003396 0.005055
0.003395 0.003667
0.003393 0.004829
0.003392 0.003884
0.003387 0.004129
0.003384 0.004351
0.003384 0.004119
0.003384 0.004649
0.003383 0.006035
0.003382 0.006443
0.003375 0.003448
0.003375 0.004411
0.003372 0.005875
0.003368 0.003485
0.003366 0.004120
0.003366 0.006965
0.003366 0.004930
0.003365 0.004019
0.003364 0.004553
0.003363 0.005116
0.003359 0.005479
0.003358 0.006773
0.003356 0.004558
0.003354 0.004199
0.003351 0.003380
0.003351 0.003828
0.003346 0.003813
0.003338 0.008795
0.003337 0.006168
0.003337 0.005134
0.003336 0.003516
0.003330 0.005770
0.003323 0.003696
0.003322 0.006713
0.003320 0.006356
0.003317 0.004338
0.003309 0.004004
0.003305 0.004543
0.003305 0.004048
0.003305 0.003512
0.003299 0.003351
0.003299 0.003788
0.003298 0.006251
0.003297 0.004959
0.003293 0.004102
0.003292 0.004044
0.003292 0.004352
0.003287 0.003576
0.003279 0.006150
0.003276 0.004580
0.003275 0.004375
0.003275 0.004103
0.003274 0.003537
0.003273 0.004341
0.003272 0.003306
0.003272 0.004332
0.003271 0.003964
0.003265 0.004756
0.003259 0.004158
0.003258 0.003617
0.003258 0.006098
0.003256 0.003439
0.003256 0.003394
0.003253 0.005531
0.003253 0.005268
0.003247 0.003733
0.003243 0.004940
0.003242 0.003733
0.003240 0.003865
0.003240 0.003829
0.003229 0.004038
0.003217 0.003875
0.003217 0.004453
0.003216 0.003233
0.003215 0.003914
0.003214 0.003475
0.003212 0.003944
0.003211 0.004937
0.003209 0.006256
0.003209 0.003490
0.003207 0.003480
0.003203 0.005455
0.003200 0.003445
0.003200 0.004082
0.003194 0.003361
0.003193 0.004835
0.003186 0.003486
0.003183 0.004080
0.003182 0.003413
0.003181 0.003699
0.003181 0.003278
0.003177 0.003258
0.003171 0.003430
0.003168 0.003727
0.003167 0.005559
0.003165 0.005815
0.003157 0.003282
0.003155 0.005411
0.003152 0.003166
0.003147 0.003832
0.003146 0.004810
0.003139 0.003664
0.003139 0.003762
0.003139 0.005480
0.003133 0.003268
0.003124 0.003627
0.003123 0.004545
0.003123 0.003560
0.003121 0.003318
0.003116 0.003178
0.003116 0.003302
0.003113 0.003162
0.003111 0.003499
0.003107 0.004850
0.003106 0.003943
0.003102 0.003857
0.003101 0.003119
0.003100 0.003891
0.003094 0.007040
0.003092 0.003532
0.003092 0.003984
0.003091 0.003299
0.003091 0.003475
0.003086 0.003255
0.003083 0.004648
0.003082 0.003210
0.003075 0.006643
0.003074 0.003436
0.003073 0.004950
0.003073 0.003394
0.003072 0.006398
0.003069 0.003383
0.003067 0.003904
0.003065 0.003174
0.003063 0.004965
0.003062 0.003100
0.003059 0.003136
0.003055 0.004555
0.003055 0.003908
0.003054 0.004175
0.003049 0.003105
0.003048 0.003191
0.003047 0.004118
0.003045 0.004623
0.003045 0.003159
0.003044 0.006229
0.003041 0.003404
0.003040 0.003667
0.003039 0.004513
0.003034 0.004071
0.003033 0.004017
0.003033 0.004644
0.003032 0.003289
0.003031 0.003198
0.003028 0.003464
0.003025 0.003931
0.003023 0.003544
0.003022 0.003767
0.003018 0.003338
0.003017 0.003565
0.003017 0.003181
0.003015 0.003673
0.003009 0.003056
0.003004 0.003528
0.003001 0.004631
0.003000 0.003020
0.002997 0.003548
0.002994 0.003307
0.002993 0.003028
0.002989 0.003364
0.002984 0.003324
0.002982 0.004190
0.002981 0.003160
0.002980 0.003637
0.002979 0.004060
0.002975 0.004414
0.002974 0.003141
0.002972 0.003436
0.002972 0.004263
0.002970 0.004957
0.002965 0.004948
0.002963 0.003198
0.002961 0.004448
0.002956 0.004018
0.002953 0.003157
0.002952 0.003145
0.002952 0.003863
0.002948 0.003737
0.002947 0.004974
0.002947 0.003608
0.002943 0.003395
0.002938 0.005656
0.002928 0.004150
0.002927 0.003282
0.002927 0.003583
0.002919 0.003295
0.002908 0.003779
0.002904 0.003013
0.002903 0.003537
0.002902 0.003602
0.002899 0.003439
0.002895 0.002958
0.002894 0.003163
0.002887 0.002966
0.002886 0.003076
0.002884 0.003241
0.002883 0.006191
0.002882 0.003729
0.002879 0.002931
0.002875 0.002880
0.002874 0.004349
0.002872 0.003090
0.002871 0.002881
0.002870 0.005965
0.002864 0.004177
0.002862 0.006655
0.002861 0.003543
0.002860 0.003195
0.002857 0.003462
0.002856 0.004595
0.002854 0.002896
0.002853 0.003520
0.002852 0.003036
0.002847 0.003780
0.002845 0.003204
0.002845 0.003379
0.002839 0.003317
0.002838 0.002941
0.002834 0.004034
0.002833 0.003884
0.002831 0.003316
0.002830 0.002985
0.002829 0.003052
0.002822 0.004091
0.002815 0.003219
0.002811 0.003296
0.002811 0.003686
0.002809 0.003226
0.002804 0.003944
0.002799 0.003031
0.002799 0.002988
0.002797 0.002973
0.002795 0.003159
0.002795 0.003007
0.002778 0.003500
0.002772 0.003407
0.002771 0.003500
0.002767 0.002773
0.002766 0.003214
0.002763 0.003123
0.002762 0.004250
0.002760 0.002997
0.002749 0.003794
0.002746 0.003223
0.002742 0.003414
0.002739 0.004599
0.002737 0.003090
0.002734 0.003429
0.002733 0.005547
0.002731 0.004958
0.002725 0.003894
0.002722 0.004409
0.002721 0.004366
0.002721 0.003174
0.002720 0.006141
0.002711 0.002809
0.002708 0.003117
0.002705 0.004231
0.002702 0.006163
0.002695 0.003037
0.002692 0.002759
0.002690 0.005209
0.002689 0.002755
0.002689 0.002927
0.002688 0.002978
0.002687 0.005980
0.002686 0.004930
0.002686 0.003132
0.002686 0.003904
0.002684 0.002987
0.002680 0.004648
0.002678 0.003188
0.002668 0.002753
0.002662 0.003081
0.002661 0.004030
0.002661 0.002711
0.002659 0.002802
0.002658 0.003401
0.002658 0.002717
0.002656 0.004266
0.002653 0.003265
0.002652 0.002764
0.002652 0.002771
0.002650 0.003301
0.002647 0.002882
0.002646 0.004811
0.002643 0.006021
0.002643 0.005702
0.002642 0.002911
0.002639 0.002921
0.002638 0.003345
0.002634 0.002943
0.002632 0.002837
0.002630 0.002815
0.002630 0.003040
0.002629 0.002811
0.002629 0.002847
0.002628 0.004248
0.002626 0.004684
0.002623 0.003756
0.002623 0.003244
0.002620 0.003072
0.002617 0.002817
0.002614 0.003938
0.002613 0.003431
0.002605 0.003275
0.002598 0.002671
0.002597 0.002737
0.002593 0.004031
0.002585 0.003085
0.002582 0.003156
0.002574 0.002983
0.002573 0.004481
0.002572 0.004530
0.002558 0.002607
0.002556 0.003803
0.002553 0.004715
0.002551 0.002614
0.002545 0.003685
0.002538 0.003101
0.002537 0.003201
0.002527 0.003312
0.002520 0.003562
0.002518 0.004808
0.002517 0.004109
0.002501 0.002644
0.002499 0.002524
0.002497 0.003457
0.002492 0.005827
0.002491 0.004403
0.002489 0.003640
0.002484 0.002580
0.002483 0.002978
0.002482 0.006419
0.002480 0.002601
0.002478 0.002958
0.002477 0.002825
0.002476 0.002527
0.002475 0.002486
0.002473 0.002681
0.002468 0.002538
0.002468 0.003677
0.002467 0.004178
0.002466 0.002858
0.002463 0.003507
0.002462 0.003446
0.002462 0.004078
0.002453 0.002756
0.002452 0.002518
0.002450 0.002773
0.002450 0.002698
0.002439 0.002826
0.002437 0.002531
0.002434 0.002498
0.002430 0.002498
0.002430 0.002642
0.002428 0.003000
0.002422 0.003116
0.002412 0.002481
0.002409 0.002547
0.002408 0.003319
0.002395 0.002564
0.002393 0.002931
0.002391 0.002422
0.002391 0.002536
0.002390 0.002559
0.002390 0.002799
0.002389 0.002614
0.002377 0.002892
0.002372 0.004479
0.002367 0.002388
0.002367 0.002619
0.002366 0.003892
0.002344 0.003093
0.002337 0.003190
0.002331 0.002472
0.002321 0.004336
0.002317 0.002537
0.002317 0.003106
0.002316 0.002904
0.002313 0.002337
0.002305 0.002390
0.002304 0.002597
0.002303 0.003070
0.002301 0.002735
0.002296 0.002632
0.002290 0.002425
0.002281 0.004711
0.002278 0.003424
0.002276 0.002394
0.002269 0.002604
0.002269 0.002540
0.002264 0.002673
0.002258 0.003044
0.002256 0.002430
0.002252 0.002712
0.002250 0.002732
0.002245 0.003064
0.002242 0.002598
0.002237 0.002950
0.002236 0.007310
0.002234 0.002319
0.002229 0.002484
0.002229 0.002644
0.002226 0.002245
0.002225 0.002427
0.002225 0.002394
0.002221 0.002725
0.002220 0.002323
0.002216 0.002481
0.002215 0.002618
0.002211 0.002784
0.002209 0.002505
0.002206 0.002509
0.002204 0.002241
0.002201 0.002345
0.002201 0.002452
0.002198 0.002204
0.002196 0.003240
0.002193 0.002212
0.002193 0.002854
0.002189 0.002937
0.002185 0.002299
0.002182 0.002253
0.002172 0.002821
0.002167 0.002328
0.002165 0.002607
0.002144 0.002623
0.002143 0.002316
0.002141 0.002697
0.002131 0.002195
0.002129 0.002263
0.002128 0.002585
0.002126 0.002463
0.002125 0.002171
0.002124 0.002185
0.002117 0.002308
0.002104 0.002590
0.002095 0.002125
0.002095 0.002313
0.002094 0.002674
0.002093 0.002348
0.002088 0.002467
0.002084 0.002268
0.002082 0.002171
0.002068 0.002069
0.002060 0.002379
0.002054 0.002209
0.002048 0.002571
0.002042 0.002611
0.002041 0.002547
0.002036 0.002288
0.002032 0.003090
0.002030 0.002379
0.002028 0.002058
0.002021 0.002444
0.002017 0.002286
0.002015 0.002411
0.002006 0.002015
0.002005 0.002422
0.002003 0.003124
0.002000 0.002613
0.001998 0.002067
0.001994 0.002215
0.001988 0.002185
0.001984 0.003325
0.001967 0.003503
0.001959 0.002357
0.001954 0.001985
0.001944 0.001989
0.001937 0.002290
0.001931 0.002402
0.001921 0.002048
0.001920 0.002074
0.001909 0.002151
0.001891 0.002098
0.001882 0.002136
0.001876 0.002439
0.001871 0.001911
0.001854 0.001989
0.001819 0.002205
0.001791 0.002009
0.001771 0.002013
0.001759 0.001978
0.001750 0.001752
0.001739 0.001835
0.001738 0.001907
0.001727 0.001815
0.001721 0.001986
0.001716 0.002168
0.001713 0.001789
0.001698 0.001785
0.001695 0.001930
0.001658 0.001716
0.001657 0.001689
0.001651 0.001780
0.001639 0.002315
0.001611 0.002429
0.001603 0.002034
0.001602 0.002014
0.001591 0.001618
0.001581 0.001977
0.001545 0.001913
0.001545 0.001605
0.001536 0.001536
0.001525 0.001570
0.001475 0.001540
0.001453 0.002033
0.001439 0.001590
0.001433 0.001494
0.001296 0.001312
0.001264 0.001326
0.001202 0.001843
0.001178 0.001273
0.001124 0.001278
0.001010 0.001046
0.000946 0.000952
0.000900 0.000943
0.000840 0.000950
0.000704 0.000714
