0.299436 0.307513
0.178248 0.194292
0.176180 0.177892
0.172998 0.219037
0.166651 0.192158
0.157480 0.190936
0.147099 0.192494
0.137891 0.154038
0.137869 0.151000
0.131717 0.132211
0.127724 0.174477
0.117414 0.132067
0.103245 0.126143
0.097633 0.098956
0.091491 0.093273
0.091002 0.140184
0.090889 0.134094
0.090742 0.095015
0.089508 0.091608
0.088747 0.097332
0.088571 0.091581
0.087993 0.102923
0.087926 0.140700
0.080280 0.088632
0.080162 0.092747
0.079498 0.079517
0.079402 0.093408
0.078963 0.146044
0.078469 0.079161
0.074344 0.104328
0.074330 0.076524
0.072849 0.083590
0.069874 0.076485
0.065522 0.065585
0.062380 0.065796
0.062365 0.066578
0.058068 0.062212
0.057838 0.059096
0.056863 0.064775
0.056710 0.068235
0.056376 0.061730
0.056363 0.062212
0.054934 0.061120
0.054423 0.069853
0.054040 0.158836
0.052497 0.070931
0.051686 0.067307
0.051669 0.054103
0.051275 0.051632
0.051257 0.051325
0.051127 0.066535
0.050860 0.056748
0.050747 0.051887
0.050541 0.056424
0.050355 0.056301
0.049830 0.051865
0.049392 0.050087
0.049391 0.049847
0.049040 0.069292
0.048920 0.063156
0.048136 0.060522
0.047969 0.054647
0.047012 0.057165
0.046693 0.058788
0.046048 0.055293
0.045347 0.045818
0.045064 0.045629
0.044903 0.047003
0.044742 0.071779
0.044595 0.047288
0.044501 0.048490
0.043861 0.045772
0.043560 0.057916
0.043473 0.079393
0.043383 0.047646
0.043265 0.047853
0.043109 0.043929
0.042687 0.048496
0.042276 0.045308
0.042185 0.086538
0.041981 0.051360
0.041352 0.046368
0.041219 0.047642
0.041066 0.056979
0.040799 0.050501
0.040616 0.049718
0.040080 0.054436
0.039134 0.041953
0.038924 0.058326
0.038789 0.039508
0.038481 0.055790
0.037944 0.051296
0.037487 0.041185
0.037140 0.053568
0.037031 0.063842
0.036962 0.037253
0.036848 0.037593
0.036188 0.036597
0.035937 0.037968
0.035329 0.040521
0.035272 0.039247
0.035073 0.042283
0.034667 0.069499
0.034474 0.041457
0.034369 0.052004
0.033442 0.047984
0.033091 0.047303
0.032935 0.033742
0.032113 0.033971
0.031931 0.047503
0.031756 0.033111
0.031627 0.052884
0.031243 0.032199
0.031216 0.038899
0.031075 0.042350
0.030289 0.036446
0.029915 0.034885
0.029496 0.035872
0.029446 0.030113
0.029419 0.030210
0.029247 0.032466
0.029236 0.029915
0.029154 0.029946
0.028848 0.038795
0.028816 0.046389
0.028702 0.035140
0.028595 0.031743
0.028470 0.030564
0.028289 0.029007
0.028135 0.031330
0.027981 0.032734
0.027655 0.027699
0.027127 0.030384
0.026540 0.030264
0.026237 0.037629
0.026073 0.026611
0.026065 0.028510
0.025948 0.034379
0.025928 0.026848
0.025889 0.029309
0.025751 0.033250
0.025748 0.027730
0.025331 0.039681
0.025248 0.027777
0.025207 0.028609
0.025099 0.026261
0.024834 0.024876
0.024811 0.035007
0.024747 0.026272
0.024672 0.026922
0.024625 0.029219
0.024515 0.028286
0.024074 0.025887
0.024049 0.024957
0.024043 0.025862
0.023991 0.024054
0.023545 0.035616
0.023510 0.041098
0.023313 0.033393
0.023287 0.023829
0.023267 0.025861
0.023208 0.026221
0.023189 0.035815
0.023139 0.029719
0.023090 0.023444
0.023030 0.028044
0.022849 0.026116
0.022564 0.032284
0.022516 0.027708
0.022372 0.026402
0.022363 0.022972
0.022327 0.038300
0.022319 0.026141
0.022194 0.027896
0.022122 0.028658
0.021966 0.022861
0.021956 0.023079
0.021822 0.023468
0.021820 0.022170
0.021712 0.026486
0.021698 0.024178
0.021685 0.040772
0.021679 0.030889
0.021603 0.031840
0.021531 0.021661
0.021487 0.025399
0.021467 0.022999
0.021411 0.023106
0.021189 0.023656
0.021174 0.022974
0.021087 0.021105
0.021074 0.023805
0.021071 0.021141
0.020970 0.022892
0.020863 0.027074
0.020863 0.036197
0.020697 0.024663
0.020616 0.021480
0.020548 0.021799
0.020467 0.020852
0.020430 0.032411
0.020424 0.022022
0.020420 0.027250
0.020335 0.020522
0.020315 0.020664
0.020311 0.026454
0.020158 0.030933
0.020146 0.025054
0.019976 0.027363
0.019879 0.020048
0.019868 0.021427
0.019822 0.028378
0.019801 0.027399
0.019779 0.025240
0.019701 0.022202
0.019698 0.027963
0.019652 0.024469
0.019637 0.020178
0.019565 0.021264
0.019508 0.020776
0.019500 0.023529
0.019486 0.021140
0.019404 0.029781
0.019298 0.023141
0.019280 0.023477
0.019267 0.019473
0.019254 0.019751
0.019233 0.025010
0.019195 0.027653
0.019174 0.021473
0.019122 0.020712
0.019105 0.033230
0.019083 0.024358
0.019026 0.023676
0.018974 0.026877
0.018861 0.022176
0.018850 0.027955
0.018848 0.021894
0.018828 0.020661
0.018818 0.023902
0.018795 0.021263
0.018691 0.028956
0.018641 0.023974
0.018603 0.020252
0.018511 0.023408
0.018481 0.021075
0.018459 0.023890
0.018349 0.028371
0.018298 0.023067
0.018195 0.021487
0.018191 0.020978
0.018135 0.020321
0.018117 0.018736
0.018105 0.021347
0.018077 0.018463
0.018048 0.019803
0.018046 0.019028
0.018015 0.025448
0.017970 0.022050
0.017859 0.026939
0.017783 0.029278
0.017779 0.019222
0.017777 0.022941
0.017774 0.017969
0.017753 0.018821
0.017736 0.018538
0.017675 0.020968
0.017668 0.018635
0.017657 0.018841
0.017593 0.017597
0.017570 0.018913
0.017424 0.020589
0.017368 0.017582
0.017318 0.020605
0.017283 0.025896
0.017253 0.024181
0.017228 0.022739
0.017153 0.021060
0.017083 0.017955
0.017042 0.019785
0.016955 0.020542
0.016931 0.017046
0.016923 0.027886
0.016909 0.018341
0.016905 0.017671
0.016841 0.027949
0.016744 0.016816
0.016714 0.018202
0.016679 0.017301
0.016658 0.022344
0.016646 0.021113
0.016628 0.022199
0.016537 0.021701
0.016517 0.018847
0.016491 0.020083
0.016462 0.032201
0.016405 0.022058
0.016399 0.018965
0.016327 0.017094
0.016201 0.024910
0.016151 0.016725
0.016116 0.016197
0.016090 0.016430
0.016088 0.021774
0.016056 0.016418
0.016042 0.024391
0.016034 0.022857
0.016006 0.016794
0.015948 0.040335
0.015882 0.017219
0.015858 0.015981
0.015824 0.018835
0.015805 0.016912
0.015781 0.016190
0.015773 0.024201
0.015740 0.016176
0.015676 0.016652
0.015672 0.015698
0.015649 0.016274
0.015627 0.016285
0.015564 0.017037
0.015529 0.016288
0.015484 0.018476
0.015458 0.016835
0.015444 0.016102
0.015370 0.015397
0.015332 0.017123
0.015328 0.015415
0.015303 0.019255
0.015279 0.015863
0.015249 0.018016
0.015225 0.017526
0.015147 0.017020
0.015124 0.015519
0.015113 0.021453
0.015099 0.019486
0.015083 0.015399
0.015074 0.015805
0.015010 0.017446
0.014990 0.017467
0.014962 0.017182
0.014940 0.016628
0.014936 0.015429
0.014897 0.017096
0.014887 0.016294
0.014809 0.014977
0.014794 0.015811
0.014788 0.018881
0.014782 0.016202
0.014696 0.018894
0.014623 0.017248
0.014579 0.016046
0.014572 0.025653
0.014566 0.025789
0.014554 0.015912
0.014553 0.022769
0.014525 0.028477
0.014518 0.014748
0.014488 0.020369
0.014486 0.017059
0.014486 0.014843
0.014483 0.024337
0.014434 0.024856
0.014427 0.014864
0.014396 0.015440
0.014371 0.016071
0.014344 0.020902
0.014324 0.015822
0.014293 0.016608
0.014265 0.014901
0.014165 0.017857
0.014112 0.017503
0.014105 0.014134
0.014104 0.024743
0.014097 0.014688
0.014086 0.016411
0.014028 0.015459
0.014020 0.014076
0.013935 0.020487
0.013920 0.016052
0.013905 0.019781
0.013898 0.014433
0.013891 0.023512
0.013887 0.014587
0.013878 0.018844
0.013871 0.016098
0.013870 0.017668
0.013817 0.019295
0.013813 0.015891
0.013794 0.027554
0.013782 0.017156
0.013755 0.013855
0.013750 0.014660
0.013741 0.032289
0.013734 0.014996
0.013727 0.017160
0.013721 0.016581
0.013714 0.027261
0.013694 0.015410
0.013684 0.015259
0.013666 0.017243
0.013666 0.013710
0.013666 0.014380
0.013640 0.016342
0.013607 0.027288
0.013568 0.014594
0.013558 0.014286
0.013534 0.019549
0.013529 0.016668
0.013519 0.025792
0.013492 0.023396
0.013430 0.013639
0.013392 0.013835
0.013388 0.014617
0.013364 0.014528
0.013346 0.019534
0.013336 0.013465
0.013264 0.016036
0.013255 0.017849
0.013241 0.015486
0.013229 0.016371
0.013183 0.013745
0.013168 0.016925
0.013141 0.015233
0.013113 0.014770
0.013101 0.013511
0.013075 0.031332
0.013020 0.014345
0.013018 0.017995
0.013012 0.013182
0.012985 0.013508
0.012976 0.016397
0.012975 0.016682
0.012967 0.023401
0.012967 0.027330
0.012952 0.013094
0.012913 0.013910
0.012896 0.015039
0.012891 0.012957
0.012857 0.013575
0.012822 0.013355
0.012792 0.024236
0.012789 0.012963
0.012757 0.021702
0.012737 0.012755
0.012712 0.013870
0.012705 0.015057
0.012701 0.015669
0.012695 0.014682
0.012672 0.017369
0.012650 0.017643
0.012635 0.013690
0.012618 0.013501
0.012602 0.014136
0.012598 0.022877
0.012583 0.013468
0.012577 0.014227
0.012549 0.015646
0.012540 0.014978
0.012523 0.012633
0.012522 0.019557
0.012512 0.012583
0.012509 0.012802
0.012506 0.018253
0.012502 0.017459
0.012485 0.022699
0.012482 0.017253
0.012477 0.014296
0.012475 0.013934
0.012469 0.013599
0.012459 0.017238
0.012458 0.013199
0.012457 0.018733
0.012444 0.013880
0.012428 0.020376
0.012419 0.018045
0.012408 0.013523
0.012371 0.012895
0.012354 0.015592
0.012332 0.014966
0.012314 0.012756
0.012305 0.017361
0.012304 0.012938
0.012290 0.013561
0.012282 0.018029
0.012252 0.013604
0.012247 0.015398
0.012242 0.013518
0.012241 0.016566
0.012236 0.012811
0.012183 0.012761
0.012163 0.012497
0.012160 0.012530
0.012159 0.024454
0.012154 0.015016
0.012147 0.014636
0.012129 0.012554
0.012121 0.016284
0.012117 0.013581
0.012102 0.012521
0.012099 0.016069
0.012093 0.012432
0.012088 0.012247
0.012086 0.013717
0.012078 0.012657
0.012076 0.014350
0.012072 0.013437
0.012057 0.019347
0.012057 0.012761
0.012053 0.019059
0.012051 0.021293
0.012032 0.013034
0.012031 0.012180
0.011989 0.025134
0.011980 0.011993
0.011972 0.018931
0.011944 0.017639
0.011939 0.025797
0.011926 0.012004
0.011923 0.020601
0.011921 0.013877
0.011913 0.012243
0.011908 0.018465
0.011902 0.013959
0.011902 0.013547
0.011899 0.013284
0.011890 0.012234
0.011832 0.012493
0.011815 0.014305
0.011811 0.013925
0.011795 0.012371
0.011791 0.012739
0.011788 0.012672
0.011777 0.018283
0.011776 0.011992
0.011771 0.012106
0.011757 0.016315
0.011734 0.012478
0.011732 0.013035
0.011718 0.012993
0.011664 0.012807
0.011660 0.015093
0.011660 0.012671
0.011655 0.013042
0.011654 0.013172
0.011652 0.013719
0.011646 0.013591
0.011633 0.012514
0.011611 0.012326
0.011610 0.012119
0.011595 0.014344
0.011593 0.013503
0.011561 0.013490
0.011560 0.011707
0.011540 0.012176
0.011530 0.012712
0.011529 0.012675
0.011513 0.014098
0.011510 0.012553
0.011508 0.018784
0.011505 0.016453
0.011492 0.012265
0.011481 0.012359
0.011470 0.014851
0.011469 0.015352
0.011469 0.021415
0.011459 0.017467
0.011454 0.014912
0.011452 0.013355
0.011450 0.014460
0.011443 0.013572
0.011440 0.015403
0.011440 0.011918
0.011427 0.013168
0.011424 0.012481
0.011415 0.013582
0.011395 0.014732
0.011393 0.013091
0.011389 0.011824
0.011385 0.012495
0.011365 0.017769
0.011364 0.013910
0.011356 0.015756
0.011350 0.011352
0.011350 0.012556
0.011346 0.012097
0.011336 0.012691
0.011326 0.016370
0.011321 0.014861
0.011305 0.014631
0.011305 0.014087
0.011299 0.013658
0.011280 0.011351
0.011270 0.012549
0.011267 0.011943
0.011261 0.018593
0.011256 0.012339
0.011256 0.012553
0.011255 0.012827
0.011251 0.011658
0.011251 0.026645
0.011247 0.012798
0.011231 0.012409
0.011230 0.013617
0.011228 0.013803
0.011224 0.015174
0.011210 0.012797
0.011210 0.012510
0.011209 0.020853
0.011181 0.011455
0.011176 0.017645
0.011171 0.011407
0.011140 0.016879
0.011130 0.012709
0.011124 0.017743
0.011098 0.013677
0.011096 0.011484
0.011091 0.012015
0.011091 0.012963
0.011081 0.011233
0.011074 0.014467
0.011067 0.014480
0.011059 0.011860
0.011054 0.011515
0.011034 0.012683
0.011028 0.015774
0.011022 0.011847
0.011022 0.013369
0.011017 0.014147
0.010993 0.015777
0.010989 0.012096
0.010986 0.012884
0.010983 0.020680
0.010983 0.017210
0.010980 0.012541
0.010978 0.011788
0.010964 0.010995
0.010959 0.011009
0.010943 0.013143
0.010938 0.011017
0.010936 0.011799
0.010935 0.015925
0.010920 0.015248
0.010913 0.011717
0.010899 0.020953
0.010896 0.016352
0.010887 0.017390
0.010868 0.012393
0.010857 0.012750
0.010854 0.014685
0.010849 0.011942
0.010844 0.014183
0.010842 0.015340
0.010831 0.011722
0.010826 0.011764
0.010824 0.013237
0.010824 0.012868
0.010822 0.014161
0.010813 0.014928
0.010811 0.019122
0.010808 0.017189
0.010807 0.012169
0.010806 0.011151
0.010803 0.011189
0.010798 0.016808
0.010797 0.012295
0.010783 0.014479
0.010781 0.011391
0.010778 0.011501
0.010776 0.010922
0.010770 0.011600
0.010763 0.011124
0.010755 0.012770
0.010753 0.011279
0.010747 0.011024
0.010739 0.010794
0.010738 0.012512
0.010729 0.011316
0.010725 0.013690
0.010710 0.015192
0.010703 0.011476
0.010691 0.012117
0.010684 0.018261
0.010674 0.012681
0.010666 0.011209
0.010663 0.011723
0.010656 0.011549
0.010651 0.015790
0.010650 0.011318
0.010642 0.013167
0.010640 0.011793
0.010638 0.011597
0.010611 0.011289
0.010598 0.011638
0.010582 0.011103
0.010581 0.013121
0.010578 0.012727
0.010572 0.011398
0.010570 0.012209
0.010567 0.011194
0.010563 0.015177
0.010549 0.013512
0.010549 0.020567
0.010543 0.019464
0.010529 0.014714
0.010527 0.013532
0.010523 0.016277
0.010521 0.019107
0.010521 0.011343
0.010504 0.012429
0.010502 0.010646
0.010501 0.011566
0.010498 0.017014
0.010496 0.011107
0.010493 0.011572
0.010491 0.016319
0.010488 0.012008
0.010453 0.020259
0.010444 0.012445
0.010441 0.010773
0.010440 0.010701
0.010430 0.018111
0.010429 0.010679
0.010425 0.010541
0.010423 0.012696
0.010412 0.015454
0.010409 0.011600
0.010408 0.011150
0.010407 0.012520
0.010402 0.010430
0.010394 0.011236
0.010393 0.012927
0.010389 0.012653
0.010388 0.012886
0.010387 0.010769
0.010379 0.012762
0.010369 0.011933
0.010369 0.010781
0.010366 0.012132
0.010354 0.013156
0.010347 0.010611
0.010334 0.012193
0.010329 0.011030
0.010324 0.011816
0.010322 0.011642
0.010310 0.010334
0.010307 0.011526
0.010306 0.016140
0.010304 0.012588
0.010304 0.011283
0.010302 0.018551
0.010287 0.012018
0.010285 0.011196
0.010277 0.011063
0.010276 0.013895
0.010274 0.012176
0.010272 0.010995
0.010269 0.013085
0.010263 0.013292
0.010261 0.010654
0.010260 0.011311
0.010247 0.010773
0.010243 0.011006
0.010239 0.012704
0.010239 0.011097
0.010238 0.010311
0.010237 0.022919
0.010237 0.013443
0.010216 0.011798
0.010209 0.010986
0.010206 0.011685
0.010206 0.010483
0.010198 0.010483
0.010196 0.010837
0.010189 0.010687
0.010183 0.012769
0.010181 0.011294
0.010180 0.019057
0.010175 0.011488
0.010172 0.012638
0.010167 0.011409
0.010164 0.011435
0.010153 0.011987
0.010143 0.010970
0.010141 0.010290
0.010133 0.011062
0.010127 0.012763
0.010123 0.013128
0.010120 0.017941
0.010116 0.010982
0.010092 0.011847
0.010076 0.016236
0.010072 0.011964
0.010070 0.013099
0.010050 0.017497
0.010049 0.012628
0.010048 0.010103
0.010047 0.016838
0.010046 0.014741
0.010010 0.014424
0.009995 0.018178
0.009992 0.015653
0.009979 0.013735
0.009976 0.018071
0.009971 0.015812
0.009969 0.013308
0.009962 0.010783
0.009953 0.011933
0.009952 0.010660
0.009951 0.013168
0.009928 0.013539
0.009922 0.012059
0.009909 0.011536
0.009880 0.011259
0.009874 0.010940
0.009873 0.010206
0.009868 0.010205
0.009864 0.009982
0.009862 0.014057
0.009861 0.011296
0.009855 0.015177
0.009853 0.012478
0.009848 0.013938
0.009846 0.011367
0.009845 0.012614
0.009833 0.010062
0.009830 0.013166
0.009829 0.011970
0.009811 0.011941
0.009807 0.009831
0.009802 0.010090
0.009800 0.010582
0.009799 0.011201
0.009796 0.011032
0.009795 0.014682
0.009793 0.013789
0.009792 0.016781
0.009791 0.010046
0.009786 0.014790
0.009778 0.010604
0.009774 0.009799
0.009773 0.009891
0.009770 0.010607
0.009765 0.012609
0.009765 0.010751
0.009764 0.014184
0.009764 0.023751
0.009745 0.010183
0.009741 0.013268
0.009733 0.010356
0.009729 0.012259
0.009721 0.013313
0.009719 0.010020
0.009712 0.013903
0.009687 0.011719
0.009684 0.009981
0.009677 0.013459
0.009676 0.016279
0.009674 0.011400
0.009673 0.010700
0.009668 0.015980
0.009664 0.010292
0.009656 0.013067
0.009656 0.013380
0.009651 0.012352
0.009647 0.010529
0.009646 0.009968
0.009635 0.010095
0.009634 0.010083
0.009628 0.013244
0.009625 0.018845
0.009622 0.010846
0.009622 0.010558
0.009621 0.011619
0.009619 0.021053
0.009617 0.010507
0.009612 0.011296
0.009586 0.011113
0.009584 0.011330
0.009581 0.013513
0.009570 0.010000
0.009566 0.016087
0.009561 0.016306
0.009560 0.015702
0.009549 0.009906
0.009545 0.010051
0.009543 0.012233
0.009542 0.014684
0.009539 0.011300
0.009527 0.011109
0.009515 0.016640
0.009512 0.012508
0.009510 0.010383
0.009507 0.012181
0.009507 0.009691
0.009505 0.012093
0.009502 0.013432
0.009499 0.011668
0.009498 0.009943
0.009497 0.015659
0.009485 0.010366
0.009477 0.010722
0.009474 0.012269
0.009466 0.013362
0.009464 0.009651
0.009463 0.011155
0.009454 0.010415
0.009452 0.013278
0.009445 0.011189
0.009442 0.010246
0.009421 0.009482
0.009416 0.009447
0.009414 0.012872
0.009408 0.011007
0.009402 0.010356
0.009402 0.010092
0.009394 0.010502
0.009393 0.010086
0.009387 0.009682
0.009385 0.009398
0.009379 0.009914
0.009369 0.012072
0.009365 0.009711
0.009356 0.018229
0.009350 0.011491
0.009333 0.012226
0.009329 0.010817
0.009328 0.009534
0.009324 0.012190
0.009323 0.010815
0.009322 0.010394
0.009313 0.014988
0.009311 0.011135
0.009306 0.009772
0.009304 0.011375
0.009297 0.009375
0.009293 0.010206
0.009291 0.011064
0.009289 0.014517
0.009286 0.015349
0.009277 0.013351
0.009274 0.012170
0.009270 0.009602
0.009266 0.012410
0.009263 0.012168
0.009253 0.012093
0.009249 0.021024
0.009235 0.013844
0.009232 0.012468
0.009224 0.018024
0.009220 0.010633
0.009217 0.009437
0.009203 0.012509
0.009201 0.010461
0.009199 0.009573
0.009198 0.009900
0.009198 0.012056
0.009180 0.016601
0.009177 0.010278
0.009173 0.016636
0.009168 0.010210
0.009159 0.010828
0.009155 0.011577
0.009155 0.009484
0.009152 0.010752
0.009143 0.010252
0.009142 0.016303
0.009138 0.014470
0.009137 0.009525
0.009136 0.010994
0.009135 0.014805
0.009129 0.013174
0.009128 0.016075
0.009126 0.010251
0.009106 0.010462
0.009105 0.009535
0.009091 0.010618
0.009087 0.012840
0.009085 0.012619
0.009079 0.009270
0.009078 0.011278
0.009076 0.010396
0.009069 0.009163
0.009060 0.010003
0.009056 0.010635
0.009045 0.011116
0.009044 0.013063
0.009042 0.011730
0.009040 0.010933
0.009030 0.009562
0.009029 0.009361
0.009026 0.012779
0.009025 0.011590
0.009025 0.013602
0.009024 0.009538
0.009023 0.010731
0.009023 0.009884
0.009022 0.021177
0.009018 0.016020
0.009015 0.012183
0.009012 0.009634
0.009000 0.011719
0.008991 0.010629
0.008990 0.010216
0.008989 0.013592
0.008983 0.010827
0.008983 0.010490
0.008983 0.011799
0.008980 0.009320
0.008975 0.010834
0.008965 0.009729
0.008965 0.013447
0.008961 0.009318
0.008952 0.009147
0.008951 0.010810
0.008945 0.009514
0.008935 0.014967
0.008933 0.011806
0.008920 0.010370
0.008918 0.009583
0.008914 0.010790
0.008912 0.012474
0.008911 0.020812
0.008909 0.010015
0.008903 0.009346
0.008903 0.012055
0.008898 0.009140
0.008897 0.010775
0.008897 0.010349
0.008892 0.011562
0.008892 0.015743
0.008890 0.010899
0.008883 0.009353
0.008881 0.014315
0.008879 0.016430
0.008875 0.012275
0.008867 0.010303
0.008864 0.013081
0.008858 0.011291
0.008845 0.009578
0.008840 0.009400
0.008839 0.009309
0.008834 0.010088
0.008831 0.009634
0.008822 0.016466
0.008818 0.010025
0.008812 0.010543
0.008812 0.009165
0.008800 0.009123
0.008795 0.008804
0.008787 0.012459
0.008781 0.010207
0.008772 0.016831
0.008769 0.010243
0.008769 0.011981
0.008768 0.012419
0.008767 0.011912
0.008766 0.010515
0.008764 0.008874
0.008755 0.009132
0.008752 0.013138
0.008750 0.013792
0.008749 0.010995
0.008746 0.011401
0.008746 0.012453
0.008744 0.011743
0.008740 0.009624
0.008730 0.010407
0.008726 0.009845
0.008720 0.009056
0.008709 0.009440
0.008708 0.008875
0.008701 0.010253
0.008695 0.008750
0.008690 0.009209
0.008689 0.009813
0.008686 0.010259
0.008683 0.023031
0.008666 0.012297
0.008651 0.009067
0.008648 0.011447
0.008646 0.012823
0.008642 0.010617
0.008640 0.010388
0.008636 0.012093
0.008634 0.009282
0.008634 0.009389
0.008630 0.008738
0.008629 0.009941
0.008624 0.008849
0.008623 0.008981
0.008617 0.013423
0.008614 0.010660
0.008609 0.009074
0.008605 0.010265
0.008602 0.017924
0.008590 0.011371
0.008580 0.009885
0.008576 0.010395
0.008575 0.010708
0.008571 0.009011
0.008565 0.010096
0.008564 0.009209
0.008563 0.011243
0.008560 0.010090
0.008559 0.010968
0.008554 0.014466
0.008548 0.014158
0.008548 0.016747
0.008545 0.013078
0.008536 0.009627
0.008533 0.008862
0.008533 0.015191
0.008533 0.008738
0.008531 0.009314
0.008530 0.011483
0.008528 0.009398
0.008521 0.009663
0.008516 0.008697
0.008514 0.008952
0.008513 0.011282
0.008509 0.009520
0.008506 0.009006
0.008506 0.009904
0.008495 0.014338
0.008490 0.009733
0.008477 0.008861
0.008474 0.008835
0.008469 0.009579
0.008459 0.009699
0.008458 0.015558
0.008456 0.010043
0.008452 0.014594
0.008442 0.012623
0.008437 0.012977
0.008433 0.017933
0.008428 0.012451
0.008419 0.015519
0.008418 0.008742
0.008404 0.009302
0.008394 0.008573
0.008391 0.010032
0.008387 0.011813
0.008385 0.009386
0.008374 0.010250
0.008371 0.008986
0.008370 0.011312
0.008369 0.009272
0.008367 0.010675
0.008364 0.009461
0.008357 0.011473
0.008355 0.011790
0.008352 0.010721
0.008350 0.017843
0.008349 0.008986
0.008346 0.009448
0.008342 0.008456
0.008342 0.009430
0.008342 0.009382
0.008339 0.010279
0.008334 0.014584
0.008332 0.008925
0.008331 0.009010
0.008331 0.013825
0.008327 0.009865
0.008323 0.010908
0.008321 0.009992
0.008320 0.009544
0.008319 0.015014
0.008317 0.009198
0.008307 0.013091
0.008304 0.011782
0.008302 0.009844
0.008301 0.009124
0.008298 0.010923
0.008298 0.008402
0.008292 0.010796
0.008289 0.010631
0.008288 0.013962
0.008288 0.012732
0.008287 0.008676
0.008278 0.009744
0.008272 0.010750
0.008265 0.009707
0.008260 0.008289
0.008252 0.008253
0.008251 0.009588
0.008249 0.010536
0.008248 0.009645
0.008247 0.008910
0.008241 0.011559
0.008240 0.019252
0.008237 0.012218
0.008236 0.008906
0.008227 0.009717
0.008214 0.009989
0.008209 0.008460
0.008208 0.008955
0.008203 0.008832
0.008199 0.009593
0.008197 0.009727
0.008192 0.008340
0.008188 0.012634
0.008185 0.010127
0.008183 0.008365
0.008182 0.010542
0.008177 0.008274
0.008176 0.008611
0.008176 0.008289
0.008175 0.013097
0.008174 0.008826
0.008172 0.011194
0.008169 0.016681
0.008167 0.008884
0.008161 0.009505
0.008161 0.010678
0.008155 0.009781
0.008152 0.010494
0.008152 0.009075
0.008151 0.012160
0.008149 0.013408
0.008146 0.016204
0.008143 0.009347
0.008141 0.010213
0.008129 0.012362
0.008126 0.009165
0.008119 0.011463
0.008119 0.009449
0.008104 0.008182
0.008104 0.009198
0.008090 0.008977
0.008086 0.020738
0.008082 0.008390
0.008079 0.012613
0.008078 0.010105
0.008075 0.009717
0.008070 0.008638
0.008066 0.008447
0.008066 0.008205
0.008064 0.008197
0.008058 0.013368
0.008055 0.008195
0.008050 0.012646
0.008048 0.008926
0.008047 0.009125
0.008042 0.008138
0.008036 0.008484
0.008033 0.008118
0.008030 0.008566
0.008028 0.009326
0.008028 0.008911
0.008023 0.014979
0.008020 0.008156
0.008016 0.008583
0.008015 0.010158
0.008014 0.011304
0.008011 0.011865
0.008011 0.008464
0.008006 0.010874
0.008001 0.011537
0.008001 0.009260
0.007992 0.012891
0.007992 0.012672
0.007987 0.008372
0.007984 0.009862
0.007983 0.008179
0.007967 0.009022
0.007963 0.015781
0.007956 0.008254
0.007943 0.008610
0.007942 0.009676
0.007941 0.008082
0.007938 0.011125
0.007931 0.011709
0.007924 0.013860
0.007921 0.011710
0.007918 0.008081
0.007913 0.009134
0.007909 0.014760
0.007909 0.009821
0.007908 0.009240
0.007902 0.012523
0.007901 0.011961
0.007901 0.008237
0.007900 0.008071
0.007896 0.009562
0.007893 0.017005
0.007892 0.008727
0.007887 0.013289
0.007876 0.016036
0.007854 0.008857
0.007849 0.007864
0.007849 0.018291
0.007849 0.012544
0.007847 0.008797
0.007846 0.010048
0.007836 0.011662
0.007829 0.007925
0.007825 0.009408
0.007824 0.017782
0.007819 0.010191
0.007811 0.008254
0.007811 0.008927
0.007808 0.009451
0.007803 0.007852
0.007802 0.010282
0.007801 0.008084
0.007799 0.008962
0.007788 0.010392
0.007784 0.008373
0.007773 0.008064
0.007757 0.009793
0.007754 0.008472
0.007754 0.013705
0.007753 0.008693
0.007749 0.011408
0.007742 0.009277
0.007740 0.008825
0.007719 0.009613
0.007717 0.008837
0.007713 0.008143
0.007713 0.012996
0.007709 0.015029
0.007705 0.012909
0.007704 0.009042
0.007698 0.008483
0.007691 0.007774
0.007690 0.009729
0.007690 0.008278
0.007685 0.008443
0.007676 0.012509
0.007675 0.016180
0.007675 0.007765
0.007672 0.007844
0.007670 0.009546
0.007666 0.010631
0.007665 0.011162
0.007664 0.008168
0.007664 0.020094
0.007662 0.011761
0.007658 0.008491
0.007655 0.007960
0.007653 0.009752
0.007649 0.008054
0.007646 0.012821
0.007636 0.008533
0.007633 0.013627
0.007628 0.007890
0.007628 0.008208
0.007625 0.009068
0.007621 0.007944
0.007616 0.010298
0.007607 0.008331
0.007606 0.015196
0.007599 0.008263
0.007597 0.007810
0.007590 0.007725
0.007587 0.009091
0.007582 0.009773
0.007580 0.009998
0.007570 0.011937
0.007570 0.008378
0.007569 0.007861
0.007567 0.008229
0.007564 0.008265
0.007564 0.010269
0.007562 0.008998
0.007560 0.008956
0.007560 0.007972
0.007559 0.007834
0.007554 0.007582
0.007554 0.007606
0.007553 0.008241
0.007547 0.013732
0.007543 0.008823
0.007542 0.008694
0.007530 0.009035
0.007523 0.013003
0.007518 0.007714
0.007518 0.008265
0.007516 0.008730
0.007509 0.011055
0.007507 0.007816
0.007501 0.007948
0.007500 0.010358
0.007499 0.010905
0.007498 0.008192
0.007496 0.008319
0.007496 0.009114
0.007494 0.010031
0.007490 0.007680
0.007487 0.007688
0.007485 0.013113
0.007465 0.009201
0.007453 0.010009
0.007444 0.009484
0.007444 0.009755
0.007442 0.014631
0.007438 0.009697
0.007437 0.009904
0.007436 0.008492
0.007431 0.008369
0.007429 0.007659
0.007423 0.008476
0.007410 0.007535
0.007409 0.007911
0.007400 0.007474
0.007396 0.008784
0.007393 0.012349
0.007382 0.007529
0.007376 0.007465
0.007371 0.007712
0.007370 0.007927
0.007367 0.012765
0.007362 0.012149
0.007357 0.008064
0.007357 0.008179
0.007352 0.007555
0.007349 0.007475
0.007345 0.008920
0.007343 0.008187
0.007343 0.007482
0.007343 0.008590
0.007340 0.007956
0.007339 0.009752
0.007328 0.007878
0.007320 0.007379
0.007319 0.009041
0.007314 0.008230
0.007309 0.018515
0.007305 0.010446
0.007304 0.009475
0.007300 0.008099
0.007298 0.009923
0.007295 0.008183
0.007295 0.009867
0.007293 0.009900
0.007285 0.009661
0.007283 0.007578
0.007278 0.010140
0.007274 0.009513
0.007271 0.009358
0.007269 0.010335
0.007260 0.010367
0.007260 0.012314
0.007259 0.008488
0.007253 0.008214
0.007251 0.007607
0.007246 0.011160
0.007246 0.007273
0.007241 0.012618
0.007232 0.009639
0.007220 0.008103
0.007212 0.007606
0.007205 0.008791
0.007202 0.007432
0.007195 0.009064
0.007194 0.010933
0.007194 0.008859
0.007188 0.009541
0.007186 0.009401
0.007184 0.010879
0.007181 0.010363
0.007179 0.009919
0.007178 0.007831
0.007167 0.007223
0.007165 0.007537
0.007164 0.008118
0.007161 0.016031
0.007159 0.007588
0.007155 0.007294
0.007155 0.009913
0.007151 0.007240
0.007144 0.007856
0.007140 0.007433
0.007138 0.008125
0.007135 0.011025
0.007133 0.008223
0.007133 0.007264
0.007129 0.014776
0.007128 0.007477
0.007126 0.007363
0.007124 0.007348
0.007122 0.010148
0.007115 0.008929
0.007106 0.007299
0.007104 0.007148
0.007099 0.007261
0.007094 0.012276
0.007089 0.013381
0.007087 0.012082
0.007084 0.009131
0.007082 0.008710
0.007081 0.008017
0.007080 0.008315
0.007079 0.012769
0.007077 0.009127
0.007075 0.007081
0.007064 0.009507
0.007063 0.011789
0.007061 0.009087
0.007060 0.009538
0.007060 0.007534
0.007056 0.008861
0.007050 0.009355
0.007049 0.014491
0.007049 0.008653
0.007046 0.010493
0.007043 0.011264
0.007042 0.007598
0.007042 0.007431
0.007040 0.009144
0.007037 0.007701
0.007035 0.008907
0.007033 0.008595
0.007029 0.007444
0.007023 0.007374
0.007022 0.007127
0.007021 0.008157
0.007017 0.010602
0.007015 0.014084
0.007011 0.007410
0.007009 0.007824
0.007008 0.008278
0.007005 0.008583
0.006998 0.011827
0.006995 0.007008
0.006995 0.010802
0.006993 0.012845
0.006982 0.010151
0.006981 0.010839
0.006981 0.007388
0.006980 0.007231
0.006979 0.007813
0.006977 0.013161
0.006969 0.011611
0.006969 0.010410
0.006968 0.009166
0.006962 0.008365
0.006951 0.009646
0.006950 0.007423
0.006948 0.008741
0.006945 0.007543
0.006944 0.008336
0.006943 0.014611
0.006935 0.007017
0.006929 0.014019
0.006929 0.007993
0.006924 0.014516
0.006922 0.008471
0.006921 0.009282
0.006918 0.009093
0.006916 0.009087
0.006913 0.009798
0.006909 0.008336
0.006909 0.012866
0.006906 0.009772
0.006906 0.009239
0.006899 0.009557
0.006899 0.007079
0.006897 0.013774
0.006896 0.009562
0.006892 0.009535
0.006890 0.012626
0.006888 0.007860
0.006884 0.010697
0.006881 0.009383
0.006878 0.012631
0.006877 0.010326
0.006870 0.009984
0.006867 0.010446
0.006865 0.010758
0.006863 0.007355
0.006858 0.007881
0.006857 0.009563
0.006857 0.007553
0.006856 0.007952
0.006855 0.008415
0.006852 0.007368
0.006846 0.009461
0.006845 0.006945
0.006840 0.010591
0.006830 0.008980
0.006827 0.007213
0.006817 0.007541
0.006817 0.008028
0.006815 0.008740
0.006814 0.008993
0.006811 0.008923
0.006811 0.007256
0.006805 0.007219
0.006802 0.008349
0.006801 0.012149
0.006800 0.009965
0.006798 0.011209
0.006798 0.007455
0.006798 0.006887
0.006796 0.009337
0.006794 0.007126
0.006787 0.008217
0.006785 0.007433
0.006784 0.010260
0.006784 0.007050
0.006783 0.008813
0.006781 0.007916
0.006772 0.010646
0.006771 0.009409
0.006770 0.012365
0.006755 0.007024
0.006751 0.009444
0.006737 0.006832
0.006736 0.007133
0.006736 0.009994
0.006733 0.019061
0.006731 0.007107
0.006728 0.011825
0.006724 0.007017
0.006719 0.008707
0.006709 0.012729
0.006702 0.007073
0.006702 0.006770
0.006701 0.007300
0.006699 0.011260
0.006697 0.008336
0.006695 0.008345
0.006693 0.007933
0.006687 0.006775
0.006684 0.006971
0.006683 0.007594
0.006682 0.011389
0.006681 0.007408
0.006681 0.010483
0.006670 0.006827
0.006667 0.008909
0.006666 0.007804
0.006665 0.007881
0.006661 0.008678
0.006659 0.007119
0.006658 0.007889
0.006655 0.010291
0.006646 0.006980
0.006644 0.006748
0.006643 0.013905
0.006640 0.007390
0.006639 0.006970
0.006635 0.006828
0.006633 0.019089
0.006629 0.007150
0.006617 0.011445
0.006598 0.007381
0.006580 0.007762
0.006578 0.012988
0.006577 0.012352
0.006572 0.009138
0.006569 0.007444
0.006568 0.006650
0.006562 0.006679
0.006561 0.007520
0.006554 0.006759
0.006546 0.007465
0.006545 0.006823
0.006539 0.008041
0.006536 0.010219
0.006531 0.014853
0.006523 0.011927
0.006523 0.007843
0.006522 0.008779
0.006518 0.006821
0.006517 0.016960
0.006515 0.008840
0.006513 0.008534
0.006506 0.007690
0.006498 0.009989
0.006487 0.009287
0.006481 0.006618
0.006480 0.013579
0.006480 0.007789
0.006480 0.006522
0.006477 0.006757
0.006476 0.012853
0.006474 0.008105
0.006472 0.006652
0.006472 0.009392
0.006471 0.009877
0.006465 0.006670
0.006459 0.007599
0.006457 0.009449
0.006447 0.009967
0.006447 0.009184
0.006445 0.010589
0.006444 0.007092
0.006443 0.007637
0.006440 0.013261
0.006439 0.013167
0.006427 0.006536
0.006426 0.006699
0.006425 0.009985
0.006421 0.009917
0.006419 0.015349
0.006413 0.007512
0.006413 0.011687
0.006409 0.006431
0.006407 0.008753
0.006407 0.013898
0.006398 0.012489
0.006397 0.011831
0.006396 0.012683
0.006394 0.010670
0.006385 0.011801
0.006378 0.009186
0.006362 0.008644
0.006359 0.007563
0.006351 0.008632
0.006350 0.006769
0.006342 0.007212
0.006330 0.006548
0.006330 0.006568
0.006328 0.007629
0.006324 0.008190
0.006321 0.006623
0.006315 0.006726
0.006312 0.006958
0.006306 0.006856
0.006305 0.007122
0.006305 0.007762
0.006299 0.006410
0.006298 0.006671
0.006298 0.010895
0.006294 0.008982
0.006294 0.006795
0.006285 0.007603
0.006281 0.007407
0.006276 0.006749
0.006259 0.008404
0.006257 0.007538
0.006256 0.007147
0.006248 0.012549
0.006248 0.009614
0.006246 0.007510
0.006240 0.006304
0.006235 0.009516
0.006233 0.007405
0.006232 0.006416
0.006230 0.006812
0.006227 0.009987
0.006223 0.007296
0.006221 0.007261
0.006213 0.010032
0.006212 0.006731
0.006208 0.008803
0.006202 0.010567
0.006201 0.007738
0.006198 0.006257
0.006192 0.008183
0.006189 0.009601
0.006183 0.007392
0.006178 0.007682
0.006175 0.006354
0.006169 0.009462
0.006167 0.009272
0.006162 0.006415
0.006160 0.007498
0.006156 0.006441
0.006156 0.006745
0.006146 0.011249
0.006136 0.007266
0.006134 0.006358
0.006133 0.006487
0.006130 0.008285
0.006130 0.008288
0.006120 0.007019
0.006119 0.007298
0.006114 0.015003
0.006112 0.008826
0.006109 0.007733
0.006108 0.008293
0.006098 0.006503
0.006097 0.007523
0.006085 0.008783
0.006081 0.007209
0.006081 0.007559
0.006072 0.007067
0.006071 0.006289
0.006069 0.013780
0.006067 0.008962
0.006062 0.006278
0.006061 0.007031
0.006050 0.006984
0.006043 0.010959
0.006042 0.006982
0.006040 0.006184
0.006038 0.009841
0.006036 0.006125
0.006029 0.006093
0.006023 0.009078
0.006022 0.007624
0.006017 0.007464
0.006014 0.006232
0.006006 0.006181
0.006000 0.007974
0.005999 0.007795
0.005991 0.007126
0.005987 0.011298
0.005985 0.014128
0.005983 0.006708
0.005969 0.006246
0.005963 0.007853
0.005960 0.008631
0.005956 0.007048
0.005955 0.006107
0.005954 0.012738
0.005951 0.007763
0.005949 0.006060
0.005946 0.009362
0.005945 0.006104
0.005939 0.006241
0.005935 0.006979
0.005930 0.006547
0.005906 0.006714
0.005904 0.006484
0.005903 0.008743
0.005903 0.007386
0.005903 0.006219
0.005895 0.006734
0.005894 0.006289
0.005892 0.006233
0.005875 0.006247
0.005870 0.006144
0.005869 0.006217
0.005864 0.006154
0.005863 0.008180
0.005859 0.005911
0.005857 0.006004
0.005855 0.006607
0.005853 0.006361
0.005851 0.007213
0.005850 0.007522
0.005843 0.006254
0.005838 0.006421
0.005836 0.006492
0.005829 0.006980
0.005829 0.005902
0.005822 0.006400
0.005817 0.005896
0.005816 0.007937
0.005812 0.008602
0.005796 0.007520
0.005790 0.006015
0.005789 0.006239
0.005782 0.007260
0.005776 0.006783
0.005755 0.006856
0.005730 0.008728
0.005718 0.006388
0.005713 0.010263
0.005710 0.006232
0.005706 0.006912
0.005703 0.006396
0.005698 0.011709
0.005696 0.006678
0.005695 0.009308
0.005694 0.006905
0.005692 0.005697
0.005686 0.005786
0.005677 0.006197
0.005674 0.005921
0.005667 0.007253
0.005657 0.007436
0.005651 0.006203
0.005650 0.007679
0.005648 0.005884
0.005645 0.005928
0.005641 0.006413
0.005640 0.006663
0.005616 0.007044
0.005612 0.006697
0.005612 0.005631
0.005607 0.006689
0.005596 0.005614
0.005593 0.007179
0.005585 0.010357
0.005580 0.005761
0.005576 0.008955
0.005576 0.005615
0.005575 0.006166
0.005574 0.006987
0.005574 0.006709
0.005573 0.005632
0.005572 0.005709
0.005562 0.008171
0.005556 0.006288
0.005554 0.006690
0.005549 0.007091
0.005546 0.008293
0.005538 0.005790
0.005535 0.005615
0.005530 0.007630
0.005527 0.005869
0.005514 0.006045
0.005511 0.008298
0.005507 0.005566
0.005507 0.005942
0.005497 0.007827
0.005497 0.005698
0.005494 0.007603
0.005490 0.005941
0.005487 0.007586
0.005486 0.005815
0.005485 0.006078
0.005483 0.006522
0.005481 0.007153
0.005480 0.005797
0.005477 0.006868
0.005473 0.006244
0.005473 0.005789
0.005454 0.005687
0.005452 0.005604
0.005452 0.005489
0.005446 0.007244
0.005433 0.006529
0.005431 0.005681
0.005421 0.005711
0.005420 0.006666
0.005413 0.006452
0.005413 0.005821
0.005407 0.006184
0.005397 0.005522
0.005392 0.006713
0.005390 0.006361
0.005385 0.007882
0.005383 0.006664
0.005378 0.006076
0.005375 0.006515
0.005372 0.005500
0.005363 0.006420
0.005362 0.005691
0.005358 0.005719
0.005355 0.005990
0.005352 0.006276
0.005345 0.005709
0.005344 0.005692
0.005344 0.006535
0.005337 0.006055
0.005306 0.006275
0.005298 0.005391
0.005291 0.006682
0.005290 0.005713
0.005290 0.006340
0.005283 0.005374
0.005277 0.006004
0.005273 0.007098
0.005268 0.005520
0.005258 0.006195
0.005258 0.009351
0.005248 0.005305
0.005231 0.005731
0.005230 0.007163
0.005230 0.006215
0.005228 0.005546
0.005225 0.006043
0.005217 0.006684
0.005217 0.006099
0.005214 0.006636
0.005210 0.005873
0.005202 0.005579
0.005177 0.007535
0.005176 0.005694
0.005158 0.005649
0.005145 0.005167
0.005138 0.005439
0.005130 0.006274
0.005120 0.005234
0.005119 0.006172
0.005084 0.005671
0.005082 0.005951
0.005080 0.007491
0.005079 0.005255
0.005063 0.005700
0.005062 0.005237
0.005058 0.005675
0.005058 0.005100
0.005033 0.006427
0.005031 0.005400
0.005007 0.005280
0.005003 0.005168
0.005003 0.005708
0.005002 0.005955
0.004996 0.007169
0.004990 0.006888
0.004985 0.005295
0.004983 0.005370
0.004945 0.005004
0.004943 0.005487
0.004936 0.005171
0.004920 0.005989
0.004901 0.006421
0.004896 0.005262
0.004888 0.005779
0.004871 0.006022
0.004809 0.005046
0.004802 0.005391
0.004802 0.005542
0.004801 0.005783
0.004790 0.004999
0.004787 0.005015
0.004782 0.011979
0.004775 0.004885
0.004775 0.005064
0.004773 0.007632
0.004769 0.004929
0.004708 0.005497
0.004681 0.004689
0.004681 0.005206
0.004680 0.005643
0.004672 0.004919
0.004669 0.004914
0.004663 0.005693
0.004662 0.005484
0.004661 0.004737
0.004645 0.005899
0.004639 0.006030
0.004638 0.004709
0.004621 0.005503
0.004608 0.005672
0.004605 0.004627
0.004603 0.005185
0.004591 0.006271
0.004574 0.005188
0.004568 0.006534
0.004532 0.005060
0.004528 0.006001
0.004513 0.004643
0.004506 0.004837
0.004475 0.004551
0.004464 0.004768
0.004460 0.005599
0.004446 0.005138
0.004444 0.005050
0.004441 0.004618
0.004438 0.005015
0.004413 0.004517
0.004404 0.004650
0.004341 0.006315
0.004330 0.004591
0.004306 0.004342
0.004286 0.004781
0.004272 0.004919
0.004238 0.004518
0.004224 0.004249
0.004221 0.004735
0.004219 0.004297
0.004219 0.004584
0.004218 0.004658
0.004180 0.004515
0.004165 0.004457
0.004150 0.004164
0.004143 0.004407
0.004140 0.006987
0.004127 0.004684
0.004105 0.004233
0.004101 0.004129
0.004100 0.005320
0.004099 0.004210
0.004050 0.004082
0.004032 0.004154
0.004028 0.004177
0.004023 0.004164
0.004002 0.004505
0.003987 0.004204
0.003932 0.003995
0.003899 0.004458
0.003895 0.004123
0.003876 0.004248
0.003788 0.004963
0.003787 0.004159
0.003744 0.004048
0.003713 0.004508
0.003672 0.003841
0.003664 0.003741
0.003598 0.005076
0.003572 0.003826
0.003571 0.003786
0.003530 0.003782
0.003529 0.003676
0.003496 0.004196
0.003467 0.004309
0.003414 0.003874
0.003396 0.003544
0.003392 0.003958
0.003346 0.005609
0.003339 0.003525
0.003319 0.004074
0.003312 0.003362
0.003211 0.003264
0.003207 0.003485
0.003198 0.004234
0.003191 0.003723
0.003156 0.003269
0.003108 0.003360
0.002967 0.003395
0.002957 0.003198
0.002933 0.003180
0.002801 0.002927
0.002776 0.003071
0.002698 0.002996
0.002666 0.003016
0.002663 0.003272
0.002543 0.002760
0.002537 0.002555
0.002436 0.002514
0.002350 0.002628
0.002330 0.002603
0.002150 0.002246
0.001693 0.002203
