0.215109 0.243994
0.154879 0.171640
0.134142 0.135407
0.133483 0.166447
0.127614 0.141762
0.121731 0.131823
0.115704 0.124638
0.113244 0.117642
0.110996 0.111818
0.110820 0.116261
0.100314 0.109433
0.098692 0.111720
0.092915 0.095789
0.088307 0.094360
0.083326 0.102018
0.081400 0.091675
0.080025 0.099295
0.078579 0.090516
0.076917 0.080336
0.073901 0.075808
0.073134 0.074884
0.070899 0.083704
0.069592 0.070419
0.066986 0.074954
0.066253 0.101188
0.065364 0.069304
0.065341 0.068480
0.065339 0.082530
0.064559 0.081783
0.064009 0.105797
0.062701 0.072614
0.062021 0.066354
0.060130 0.062728
0.059587 0.079305
0.059280 0.060101
0.057682 0.062094
0.056808 0.057390
0.056084 0.062986
0.053635 0.081389
0.053521 0.053634
0.052395 0.053233
0.052235 0.059235
0.052175 0.052345
0.051834 0.055925
0.051818 0.058275
0.051412 0.053733
0.051147 0.051458
0.051006 0.072429
0.050470 0.054613
0.050006 0.055153
0.049508 0.052048
0.049399 0.056354
0.049230 0.055889
0.048976 0.053889
0.048961 0.080442
0.048879 0.061876
0.048651 0.050083
0.048129 0.069019
0.047790 0.049065
0.047515 0.082001
0.047308 0.052448
0.047011 0.052658
0.046985 0.056890
0.045695 0.058588
0.045397 0.051104
0.044999 0.049215
0.044529 0.045741
0.044086 0.056896
0.043445 0.056669
0.043381 0.065123
0.043331 0.057670
0.042850 0.048763
0.042770 0.043699
0.042567 0.054126
0.042330 0.065871
0.042170 0.066963
0.042027 0.055502
0.041781 0.046126
0.041437 0.050264
0.041323 0.057861
0.041316 0.042999
0.040617 0.053287
0.040512 0.052298
0.040483 0.071816
0.040231 0.080067
0.039901 0.053492
0.039807 0.042888
0.039604 0.039879
0.039290 0.043089
0.039200 0.043135
0.038936 0.098103
0.038583 0.043133
0.038416 0.047778
0.038320 0.038684
0.037792 0.038385
0.037704 0.038003
0.037532 0.061270
0.036917 0.040275
0.036777 0.047837
0.036625 0.070159
0.036560 0.039178
0.036453 0.036527
0.036065 0.041945
0.035978 0.051606
0.035937 0.060110
0.035722 0.040536
0.035306 0.036744
0.035181 0.038021
0.035173 0.053268
0.034856 0.037234
0.034493 0.043582
0.034399 0.035034
0.034327 0.043445
0.034219 0.034699
0.034184 0.034839
0.034075 0.044631
0.033493 0.043385
0.033348 0.042089
0.033348 0.035627
0.033314 0.033856
0.033239 0.036984
0.033022 0.036176
0.032861 0.038105
0.032822 0.033218
0.032663 0.039834
0.032578 0.036363
0.032489 0.047861
0.032453 0.059744
0.032415 0.048150
0.032191 0.032661
0.031776 0.040432
0.031684 0.032067
0.031682 0.036552
0.031566 0.043877
0.031339 0.041619
0.031289 0.044989
0.031147 0.033647
0.030639 0.035046
0.030593 0.035602
0.030346 0.041467
0.030233 0.035497
0.030188 0.032722
0.029804 0.030321
0.029785 0.029810
0.029589 0.029814
0.029548 0.031231
0.029459 0.033828
0.029359 0.029546
0.029260 0.040973
0.029130 0.030242
0.028912 0.038761
0.028882 0.029895
0.028607 0.031972
0.028502 0.042455
0.028328 0.029770
0.028227 0.043988
0.028222 0.036148
0.028220 0.040237
0.028190 0.038574
0.028048 0.035744
0.028021 0.028823
0.027976 0.028829
0.027950 0.029847
0.027822 0.049581
0.027636 0.036750
0.027517 0.035290
0.027442 0.031904
0.027419 0.030460
0.027419 0.029646
0.027125 0.029230
0.027106 0.027328
0.027012 0.027070
0.026910 0.036575
0.026878 0.031871
0.026850 0.031468
0.026667 0.028239
0.026477 0.040591
0.026277 0.026902
0.026158 0.036582
0.026067 0.035856
0.025888 0.029508
0.025679 0.026909
0.025640 0.031593
0.025535 0.028188
0.025479 0.028584
0.025402 0.027817
0.025356 0.026883
0.025354 0.031084
0.025159 0.032028
0.024901 0.033277
0.024881 0.025844
0.024819 0.026432
0.024773 0.024856
0.024734 0.026602
0.024724 0.026094
0.024626 0.029110
0.024598 0.032838
0.024501 0.024546
0.024493 0.029063
0.024492 0.024777
0.024320 0.028602
0.024315 0.025553
0.024274 0.024585
0.024115 0.029450
0.024108 0.026807
0.024105 0.027030
0.024069 0.025162
0.024041 0.024077
0.023961 0.024589
0.023744 0.025673
0.023733 0.028592
0.023664 0.024193
0.023604 0.035288
0.023521 0.027072
0.023342 0.023452
0.023318 0.024018
0.023220 0.030119
0.022978 0.040564
0.022940 0.024135
0.022924 0.027447
0.022805 0.025360
0.022774 0.044336
0.022769 0.023473
0.022761 0.023609
0.022654 0.023414
0.022624 0.045441
0.022613 0.030834
0.022574 0.028641
0.022566 0.024295
0.022486 0.025474
0.022336 0.030664
0.022170 0.023560
0.022121 0.023756
0.022103 0.042392
0.022093 0.023151
0.022092 0.025773
0.022065 0.022576
0.021953 0.031906
0.021935 0.032228
0.021919 0.024060
0.021904 0.027448
0.021901 0.031981
0.021820 0.025768
0.021775 0.024264
0.021731 0.038897
0.021730 0.029668
0.021697 0.027386
0.021512 0.022989
0.021496 0.021734
0.021489 0.023128
0.021441 0.026360
0.021365 0.024637
0.021303 0.024636
0.021257 0.025240
0.021235 0.031411
0.021190 0.025688
0.021167 0.022780
0.021167 0.023586
0.021122 0.027187
0.021114 0.030307
0.021112 0.021372
0.021096 0.021281
0.021031 0.024269
0.021012 0.023947
0.021003 0.024988
0.020892 0.022269
0.020886 0.024420
0.020863 0.023581
0.020735 0.021838
0.020639 0.021470
0.020615 0.021529
0.020604 0.021210
0.020601 0.028997
0.020599 0.020797
0.020537 0.028254
0.020517 0.029893
0.020434 0.020688
0.020430 0.033765
0.020422 0.026105
0.020406 0.021595
0.020340 0.030429
0.020317 0.020836
0.020219 0.021187
0.020217 0.020636
0.020143 0.021737
0.020023 0.023401
0.019958 0.020470
0.019921 0.022406
0.019876 0.029789
0.019869 0.021354
0.019839 0.033318
0.019790 0.021145
0.019785 0.020849
0.019762 0.025164
0.019731 0.031166
0.019701 0.026006
0.019656 0.021107
0.019642 0.022473
0.019610 0.020749
0.019598 0.024256
0.019522 0.024483
0.019517 0.028716
0.019515 0.021528
0.019510 0.021316
0.019391 0.019463
0.019197 0.020147
0.019183 0.024784
0.019166 0.020447
0.019157 0.028881
0.019138 0.031790
0.019073 0.019289
0.018932 0.019515
0.018913 0.018983
0.018808 0.026205
0.018771 0.020664
0.018738 0.019395
0.018732 0.025503
0.018713 0.030864
0.018669 0.021977
0.018660 0.019657
0.018533 0.022620
0.018485 0.021915
0.018474 0.022303
0.018463 0.020268
0.018451 0.020218
0.018401 0.018720
0.018369 0.023029
0.018360 0.018656
0.018331 0.018474
0.018288 0.018560
0.018285 0.018289
0.018236 0.024616
0.018234 0.020318
0.018199 0.020435
0.018185 0.019904
0.018160 0.027910
0.018123 0.021230
0.018066 0.023292
0.018028 0.018422
0.017899 0.023452
0.017873 0.024270
0.017872 0.018142
0.017861 0.030081
0.017832 0.017939
0.017804 0.019314
0.017796 0.018394
0.017756 0.026913
0.017746 0.020111
0.017722 0.038912
0.017676 0.021373
0.017674 0.017966
0.017665 0.022387
0.017659 0.021781
0.017632 0.021054
0.017609 0.020416
0.017597 0.020483
0.017590 0.027047
0.017576 0.025359
0.017562 0.019252
0.017527 0.017978
0.017496 0.022210
0.017482 0.019910
0.017317 0.021658
0.017297 0.018740
0.017272 0.021539
0.017267 0.018305
0.017212 0.020400
0.017209 0.021679
0.017206 0.028766
0.017153 0.021830
0.017111 0.018503
0.017107 0.018981
0.017087 0.017843
0.017082 0.018271
0.017026 0.026371
0.017025 0.018840
0.016976 0.024534
0.016909 0.019361
0.016895 0.017481
0.016874 0.022263
0.016864 0.017668
0.016843 0.021999
0.016760 0.019777
0.016756 0.029775
0.016735 0.018267
0.016725 0.031379
0.016683 0.020011
0.016648 0.017754
0.016593 0.022498
0.016543 0.017573
0.016515 0.016913
0.016434 0.019904
0.016421 0.017038
0.016330 0.016761
0.016251 0.026623
0.016237 0.020017
0.016235 0.017943
0.016199 0.023144
0.016189 0.018084
0.016170 0.017254
0.016169 0.017897
0.016142 0.017807
0.016140 0.017612
0.016105 0.017703
0.016099 0.016671
0.016061 0.030642
0.016035 0.022791
0.016034 0.017971
0.016020 0.016844
0.015986 0.028327
0.015967 0.017282
0.015887 0.018035
0.015823 0.018806
0.015803 0.021168
0.015766 0.023336
0.015757 0.019435
0.015743 0.030009
0.015731 0.017188
0.015725 0.017424
0.015690 0.020810
0.015688 0.017167
0.015657 0.018601
0.015654 0.018714
0.015633 0.025042
0.015628 0.015654
0.015615 0.024996
0.015541 0.016181
0.015535 0.021629
0.015519 0.018201
0.015517 0.026170
0.015511 0.025436
0.015381 0.017307
0.015341 0.016450
0.015323 0.015862
0.015301 0.017758
0.015297 0.015930
0.015281 0.019661
0.015239 0.016927
0.015236 0.040805
0.015211 0.017240
0.015201 0.024752
0.015195 0.017353
0.015168 0.016495
0.015067 0.016672
0.015062 0.019417
0.015060 0.019596
0.015059 0.019895
0.015044 0.016565
0.015041 0.024786
0.015016 0.016363
0.014970 0.023110
0.014960 0.016160
0.014957 0.015428
0.014903 0.015970
0.014887 0.023287
0.014876 0.018354
0.014865 0.030122
0.014774 0.022507
0.014759 0.016465
0.014756 0.025510
0.014735 0.019716
0.014728 0.015354
0.014725 0.014966
0.014675 0.024635
0.014647 0.021199
0.014642 0.022365
0.014617 0.020888
0.014583 0.015249
0.014557 0.016937
0.014513 0.020454
0.014506 0.022591
0.014486 0.020347
0.014397 0.023154
0.014349 0.015565
0.014306 0.015745
0.014305 0.016710
0.014304 0.015067
0.014277 0.016105
0.014268 0.015037
0.014224 0.021823
0.014219 0.020347
0.014205 0.014755
0.014164 0.014685
0.014149 0.022348
0.014145 0.016337
0.014143 0.014750
0.014135 0.014208
0.014097 0.022475
0.014053 0.014100
0.014048 0.015619
0.014024 0.015443
0.013998 0.015748
0.013986 0.017233
0.013969 0.014303
0.013889 0.016731
0.013851 0.015449
0.013844 0.023238
0.013740 0.016200
0.013722 0.013724
0.013710 0.014192
0.013684 0.014439
0.013669 0.016140
0.013610 0.025140
0.013609 0.016619
0.013605 0.013697
0.013580 0.019747
0.013574 0.017861
0.013531 0.015868
0.013353 0.019853
0.013338 0.017225
0.013335 0.022214
0.013328 0.024057
0.013315 0.014470
0.013279 0.016317
0.013276 0.015187
0.013221 0.015207
0.013213 0.016109
0.013203 0.022799
0.013183 0.014344
0.013183 0.013490
0.013171 0.014338
0.013140 0.015551
0.013137 0.020430
0.013134 0.014673
0.013099 0.015680
0.013075 0.015052
0.013074 0.021189
0.013023 0.021317
0.013017 0.014007
0.013012 0.013015
0.013004 0.014371
0.013004 0.014067
0.012981 0.013059
0.012980 0.015575
0.012970 0.015229
0.012902 0.015312
0.012885 0.012950
0.012862 0.014655
0.012857 0.018089
0.012855 0.017232
0.012826 0.013125
0.012823 0.026174
0.012815 0.014528
0.012798 0.024251
0.012752 0.019261
0.012719 0.015937
0.012712 0.012984
0.012692 0.015451
0.012679 0.016560
0.012660 0.016565
0.012648 0.018902
0.012646 0.013116
0.012631 0.013663
0.012621 0.013249
0.012603 0.016147
0.012562 0.017156
0.012558 0.012604
0.012541 0.016317
0.012516 0.022033
0.012514 0.012713
0.012510 0.014286
0.012490 0.013073
0.012481 0.016841
0.012479 0.016804
0.012472 0.014694
0.012440 0.012928
0.012409 0.014015
0.012396 0.017008
0.012376 0.013500
0.012357 0.014179
0.012348 0.013471
0.012347 0.015166
0.012326 0.012701
0.012324 0.012593
0.012319 0.015232
0.012289 0.012682
0.012287 0.014234
0.012255 0.014026
0.012241 0.020119
0.012234 0.023296
0.012225 0.014514
0.012202 0.014722
0.012202 0.012476
0.012198 0.018277
0.012178 0.012985
0.012153 0.017109
0.012141 0.015938
0.012113 0.014783
0.012094 0.012844
0.012019 0.013248
0.012015 0.014186
0.011969 0.013604
0.011964 0.012942
0.011942 0.019763
0.011915 0.012172
0.011885 0.012176
0.011876 0.014687
0.011874 0.013198
0.011874 0.012507
0.011872 0.014942
0.011861 0.012079
0.011855 0.013938
0.011843 0.012819
0.011842 0.012098
0.011782 0.014595
0.011777 0.014986
0.011772 0.012214
0.011767 0.012185
0.011728 0.013635
0.011687 0.013260
0.011682 0.015446
0.011618 0.012357
0.011586 0.014265
0.011571 0.016085
0.011561 0.014027
0.011522 0.013350
0.011502 0.012963
0.011488 0.011970
0.011429 0.012848
0.011409 0.012057
0.011401 0.014179
0.011326 0.011560
0.011324 0.016883
0.011308 0.011803
0.011269 0.012372
0.011255 0.012506
0.011249 0.011466
0.011246 0.011800
0.011241 0.014788
0.011210 0.012563
0.011192 0.011343
0.011189 0.011664
0.011189 0.011633
0.011158 0.012454
0.011153 0.012004
0.011119 0.017374
0.011090 0.012840
0.011058 0.012971
0.011055 0.012733
0.011011 0.012153
0.011009 0.011014
0.011003 0.011684
0.010995 0.016053
0.010993 0.019113
0.010991 0.013722
0.010970 0.013474
0.010945 0.011105
0.010933 0.011138
0.010893 0.013955
0.010892 0.010919
0.010887 0.011674
0.010849 0.011710
0.010842 0.012564
0.010823 0.013251
0.010820 0.011120
0.010819 0.016958
0.010813 0.010973
0.010797 0.014307
0.010791 0.012145
0.010735 0.014986
0.010733 0.011361
0.010693 0.011167
0.010692 0.013061
0.010663 0.016687
0.010659 0.011865
0.010637 0.024188
0.010616 0.012439
0.010613 0.011686
0.010605 0.015112
0.010601 0.013264
0.010579 0.010933
0.010561 0.011995
0.010549 0.010771
0.010545 0.017672
0.010543 0.013276
0.010510 0.015929
0.010508 0.020063
0.010450 0.012509
0.010428 0.012144
0.010421 0.011144
0.010418 0.010690
0.010402 0.016862
0.010384 0.010781
0.010378 0.011254
0.010376 0.012202
0.010362 0.013378
0.010315 0.012872
0.010313 0.012152
0.010273 0.017614
0.010272 0.010676
0.010256 0.010828
0.010253 0.012856
0.010249 0.012446
0.010232 0.011493
0.010226 0.017174
0.010221 0.013872
0.010220 0.013678
0.010206 0.010712
0.010191 0.010769
0.010174 0.010711
0.010165 0.011853
0.010147 0.017114
0.010140 0.013160
0.010133 0.010343
0.010115 0.010780
0.010101 0.010148
0.010096 0.011065
0.010096 0.012254
0.010094 0.017369
0.010053 0.012336
0.010032 0.011155
0.009997 0.012888
0.009996 0.013541
0.009939 0.013166
0.009936 0.013451
0.009931 0.013542
0.009930 0.013086
0.009925 0.011630
0.009909 0.014481
0.009891 0.010338
0.009890 0.013410
0.009888 0.011355
0.009859 0.011475
0.009853 0.010380
0.009823 0.012690
0.009809 0.010330
0.009800 0.011453
0.009793 0.011273
0.009790 0.010943
0.009715 0.014576
0.009665 0.012111
0.009655 0.011673
0.009646 0.014343
0.009639 0.010609
0.009551 0.009826
0.009539 0.010135
0.009537 0.011826
0.009529 0.011226
0.009513 0.010337
0.009456 0.011466
0.009418 0.010679
0.009415 0.010467
0.009390 0.009532
0.009374 0.010912
0.009338 0.009443
0.009338 0.010310
0.009318 0.009460
0.009310 0.009693
0.009276 0.009342
0.009256 0.011505
0.009252 0.010385
0.009234 0.012312
0.009222 0.009316
0.009211 0.009712
0.009210 0.010158
0.009205 0.009725
0.009198 0.009522
0.009158 0.012664
0.009152 0.010027
0.009143 0.010216
0.009126 0.011562
0.009126 0.009194
0.009107 0.013884
0.009098 0.015860
0.009095 0.010303
0.009086 0.011007
0.009077 0.010445
0.009068 0.012092
0.009052 0.009381
0.009025 0.009157
0.008994 0.010291
0.008994 0.009712
0.008978 0.010101
0.008965 0.009369
0.008957 0.009093
0.008947 0.010775
0.008928 0.010252
0.008865 0.010506
0.008860 0.009010
0.008859 0.009796
0.008845 0.008974
0.008843 0.009991
0.008825 0.012621
0.008824 0.012056
0.008821 0.009374
0.008802 0.010742
0.008797 0.010562
0.008796 0.013381
0.008765 0.009793
0.008760 0.009327
0.008753 0.008789
0.008751 0.009019
0.008731 0.008923
0.008728 0.009230
0.008722 0.011000
0.008722 0.009738
0.008683 0.008879
0.008681 0.014622
0.008680 0.011829
0.008675 0.009109
0.008656 0.008760
0.008655 0.012313
0.008654 0.008866
0.008649 0.009927
0.008648 0.013152
0.008623 0.008629
0.008608 0.011225
0.008604 0.009823
0.008599 0.009026
0.008598 0.009948
0.008593 0.010163
0.008575 0.016428
0.008567 0.010037
0.008556 0.010982
0.008554 0.009136
0.008538 0.009309
0.008526 0.010455
0.008522 0.011371
0.008518 0.008810
0.008498 0.008524
0.008492 0.009023
0.008483 0.008709
0.008482 0.008973
0.008473 0.009837
0.008473 0.009676
0.008463 0.008924
0.008461 0.013178
0.008461 0.012530
0.008457 0.010445
0.008454 0.013819
0.008437 0.012335
0.008422 0.008722
0.008398 0.008512
0.008389 0.010746
0.008387 0.015170
0.008374 0.010391
0.008369 0.009154
0.008362 0.008937
0.008358 0.011367
0.008306 0.008360
0.008305 0.008472
0.008291 0.010072
0.008276 0.008394
0.008267 0.009429
0.008267 0.008919
0.008228 0.009911
0.008227 0.008877
0.008227 0.013089
0.008226 0.010983
0.008203 0.011020
0.008198 0.009612
0.008185 0.009824
0.008185 0.010544
0.008182 0.010184
0.008175 0.008691
0.008170 0.008478
0.008153 0.016907
0.008151 0.008804
0.008148 0.012691
0.008146 0.009173
0.008142 0.009080
0.008132 0.011216
0.008112 0.008983
0.008101 0.008764
0.008099 0.012080
0.008068 0.008373
0.008062 0.008853
0.008061 0.010502
0.008055 0.008820
0.008048 0.009326
0.008042 0.017001
0.008025 0.008524
0.008023 0.012739
0.008011 0.009486
0.007981 0.008540
0.007978 0.011251
0.007947 0.008993
0.007930 0.007982
0.007924 0.008991
0.007922 0.009457
0.007906 0.008704
0.007892 0.011704
0.007886 0.010729
0.007884 0.007899
0.007867 0.008963
0.007867 0.011099
0.007862 0.008625
0.007858 0.009899
0.007854 0.008012
0.007852 0.007968
0.007845 0.009168
0.007819 0.008126
0.007815 0.013281
0.007815 0.008881
0.007806 0.012096
0.007789 0.008421
0.007785 0.008173
0.007775 0.014621
0.007772 0.008235
0.007764 0.010434
0.007760 0.008759
0.007750 0.008071
0.007740 0.007746
0.007734 0.009555
0.007733 0.007749
0.007730 0.008745
0.007726 0.007812
0.007704 0.009327
0.007699 0.008416
0.007699 0.007872
0.007676 0.010440
0.007675 0.009618
0.007666 0.007829
0.007664 0.013184
0.007662 0.007891
0.007652 0.012202
0.007629 0.009356
0.007626 0.007659
0.007605 0.007976
0.007597 0.010217
0.007592 0.010734
0.007588 0.008898
0.007581 0.010054
0.007569 0.008224
0.007558 0.008279
0.007556 0.012477
0.007534 0.010529
0.007532 0.013310
0.007527 0.010711
0.007518 0.008885
0.007508 0.008236
0.007506 0.007755
0.007483 0.007998
0.007483 0.008430
0.007481 0.008177
0.007467 0.011390
0.007453 0.009188
0.007448 0.007585
0.007444 0.008136
0.007440 0.010349
0.007436 0.007507
0.007413 0.013463
0.007388 0.008106
0.007379 0.010406
0.007372 0.008280
0.007371 0.009427
0.007355 0.008729
0.007351 0.008723
0.007345 0.007501
0.007330 0.008269
0.007319 0.009926
0.007316 0.007797
0.007308 0.009432
0.007301 0.008048
0.007295 0.010940
0.007294 0.007469
0.007294 0.011013
0.007289 0.008688
0.007277 0.009244
0.007266 0.007706
0.007260 0.008779
0.007253 0.007861
0.007249 0.014177
0.007238 0.007807
0.007238 0.013948
0.007232 0.012046
0.007227 0.008701
0.007224 0.012048
0.007222 0.007488
0.007213 0.012248
0.007195 0.013728
0.007194 0.007426
0.007187 0.010263
0.007181 0.008751
0.007173 0.007715
0.007165 0.014601
0.007162 0.008562
0.007152 0.009396
0.007152 0.007483
0.007128 0.007753
0.007126 0.012209
0.007114 0.007428
0.007111 0.009564
0.007110 0.007492
0.007104 0.009202
0.007099 0.009524
0.007088 0.007483
0.007081 0.007288
0.007079 0.007772
0.007073 0.007540
0.007067 0.008858
0.007060 0.008372
0.007056 0.007390
0.007047 0.007132
0.007010 0.009547
0.006994 0.008264
0.006993 0.007140
0.006989 0.007953
0.006986 0.010145
0.006986 0.009409
0.006976 0.008813
0.006975 0.007098
0.006973 0.007328
0.006970 0.008388
0.006968 0.008764
0.006945 0.010030
0.006924 0.008242
0.006912 0.007048
0.006909 0.007341
0.006907 0.007928
0.006899 0.007050
0.006899 0.007338
0.006891 0.007073
0.006890 0.006904
0.006878 0.007668
0.006877 0.007809
0.006876 0.008586
0.006871 0.006885
0.006871 0.011330
0.006871 0.007665
0.006870 0.008149
0.006852 0.007505
0.006849 0.010400
0.006849 0.006853
0.006837 0.008769
0.006836 0.007350
0.006828 0.007477
0.006821 0.007165
0.006817 0.010992
0.006810 0.006810
0.006805 0.007373
0.006798 0.007251
0.006794 0.012900
0.006794 0.007422
0.006774 0.010268
0.006768 0.007067
0.006759 0.008298
0.006758 0.007036
0.006753 0.006756
0.006750 0.006885
0.006750 0.008239
0.006744 0.011256
0.006743 0.008088
0.006740 0.007645
0.006739 0.006855
0.006739 0.014292
0.006732 0.014514
0.006731 0.007241
0.006730 0.012882
0.006728 0.013812
0.006726 0.006795
0.006723 0.010678
0.006721 0.006847
0.006718 0.006997
0.006717 0.006883
0.006705 0.008762
0.006700 0.012578
0.006699 0.014835
0.006688 0.012880
0.006684 0.012711
0.006680 0.012391
0.006673 0.008305
0.006671 0.008805
0.006664 0.010200
0.006660 0.006696
0.006655 0.007881
0.006640 0.007698
0.006639 0.007689
0.006624 0.007682
0.006593 0.006615
0.006582 0.006736
0.006581 0.007238
0.006573 0.008887
0.006569 0.008042
0.006551 0.006607
0.006551 0.007902
0.006551 0.008809
0.006542 0.010965
0.006541 0.007312
0.006515 0.007591
0.006513 0.008739
0.006513 0.008265
0.006506 0.011044
0.006505 0.006874
0.006503 0.006951
0.006502 0.007156
0.006489 0.007022
0.006483 0.008923
0.006482 0.006933
0.006472 0.006925
0.006464 0.010677
0.006462 0.006949
0.006458 0.006979
0.006457 0.007364
0.006455 0.007310
0.006449 0.008654
0.006424 0.007775
0.006417 0.009567
0.006414 0.010041
0.006398 0.006558
0.006398 0.008527
0.006394 0.008641
0.006392 0.007108
0.006390 0.008359
0.006382 0.006719
0.006376 0.009591
0.006375 0.006427
0.006374 0.006459
0.006371 0.007926
0.006363 0.006777
0.006363 0.010000
0.006355 0.008108
0.006352 0.006606
0.006351 0.007892
0.006348 0.006638
0.006344 0.008860
0.006330 0.007339
0.006316 0.006728
0.006308 0.009187
0.006305 0.006333
0.006295 0.006602
0.006290 0.006581
0.006278 0.009711
0.006274 0.012834
0.006270 0.007331
0.006264 0.007107
0.006261 0.006421
0.006256 0.006368
0.006251 0.006389
0.006243 0.006309
0.006227 0.007957
0.006220 0.006422
0.006214 0.008634
0.006209 0.006756
0.006207 0.008667
0.006201 0.007887
0.006190 0.008110
0.006189 0.006307
0.006188 0.006935
0.006186 0.006491
0.006183 0.007234
0.006177 0.006243
0.006170 0.007375
0.006170 0.006184
0.006159 0.010104
0.006150 0.009402
0.006150 0.006553
0.006144 0.007705
0.006141 0.009444
0.006123 0.006422
0.006122 0.006326
0.006120 0.009042
0.006120 0.006321
0.006117 0.009210
0.006111 0.007766
0.006100 0.007594
0.006099 0.006233
0.006098 0.007551
0.006095 0.010984
0.006095 0.008385
0.006090 0.007011
0.006086 0.007072
0.006079 0.006303
0.006068 0.008517
0.006064 0.006674
0.006058 0.006798
0.006042 0.007837
0.006038 0.006139
0.006037 0.006313
0.006033 0.006661
0.006032 0.006275
0.006019 0.007310
0.006012 0.007725
0.005998 0.006907
0.005995 0.006206
0.005992 0.006578
0.005990 0.011001
0.005990 0.006465
0.005986 0.006590
0.005978 0.006599
0.005971 0.005977
0.005971 0.006732
0.005962 0.007923
0.005956 0.007156
0.005955 0.006409
0.005948 0.006032
0.005931 0.005945
0.005928 0.008387
0.005918 0.006130
0.005914 0.006138
0.005913 0.007882
0.005913 0.006051
0.005912 0.008473
0.005908 0.005952
0.005906 0.008335
0.005881 0.006901
0.005879 0.006754
0.005869 0.006293
0.005863 0.006342
0.005863 0.014898
0.005863 0.006631
0.005859 0.007197
0.005849 0.008493
0.005846 0.006341
0.005840 0.007594
0.005839 0.006496
0.005838 0.006437
0.005836 0.006347
0.005835 0.006567
0.005834 0.006250
0.005832 0.006440
0.005829 0.007181
0.005828 0.006017
0.005824 0.007113
0.005822 0.006718
0.005818 0.005980
0.005800 0.006204
0.005795 0.007722
0.005793 0.007183
0.005784 0.013230
0.005772 0.007562
0.005768 0.006758
0.005766 0.007191
0.005761 0.005785
0.005760 0.006346
0.005753 0.010206
0.005751 0.006645
0.005748 0.006440
0.005745 0.006301
0.005745 0.007857
0.005744 0.006786
0.005733 0.005747
0.005731 0.006537
0.005729 0.006281
0.005726 0.006644
0.005724 0.008134
0.005722 0.005973
0.005719 0.009517
0.005711 0.005782
0.005707 0.007803
0.005707 0.006645
0.005692 0.006220
0.005684 0.009840
0.005668 0.012040
0.005668 0.006354
0.005666 0.006010
0.005663 0.007243
0.005655 0.006287
0.005653 0.009706
0.005652 0.006756
0.005651 0.005824
0.005649 0.006262
0.005639 0.005730
0.005639 0.010828
0.005634 0.008357
0.005633 0.007052
0.005632 0.008251
0.005621 0.007702
0.005608 0.008186
0.005608 0.007489
0.005605 0.008301
0.005603 0.006056
0.005598 0.007490
0.005598 0.005862
0.005597 0.006241
0.005597 0.007103
0.005597 0.005715
0.005581 0.008139
0.005576 0.005702
0.005563 0.005732
0.005560 0.006367
0.005558 0.006111
0.005558 0.009069
0.005548 0.010355
0.005533 0.005865
0.005529 0.006111
0.005527 0.005718
0.005524 0.009191
0.005517 0.008460
0.005510 0.008235
0.005507 0.006382
0.005496 0.012184
0.005492 0.007801
0.005482 0.007680
0.005481 0.006514
0.005481 0.007181
0.005476 0.006018
0.005473 0.006069
0.005468 0.005873
0.005468 0.005615
0.005466 0.009317
0.005466 0.006049
0.005465 0.005465
0.005461 0.005858
0.005458 0.005846
0.005458 0.007398
0.005435 0.008360
0.005433 0.005784
0.005433 0.005505
0.005429 0.006038
0.005429 0.006550
0.005426 0.006552
0.005424 0.005575
0.005421 0.007109
0.005420 0.006714
0.005417 0.005652
0.005413 0.006244
0.005411 0.006212
0.005406 0.005718
0.005403 0.006001
0.005396 0.006518
0.005391 0.009322
0.005391 0.005454
0.005388 0.007644
0.005388 0.005419
0.005378 0.006741
0.005377 0.008453
0.005372 0.007485
0.005371 0.007723
0.005368 0.005754
0.005367 0.005466
0.005358 0.006078
0.005354 0.005873
0.005348 0.007993
0.005346 0.005940
0.005339 0.005710
0.005331 0.005529
0.005329 0.005552
0.005329 0.011744
0.005324 0.006314
0.005320 0.011260
0.005314 0.005678
0.005309 0.005395
0.005306 0.005773
0.005303 0.006905
0.005302 0.005822
0.005301 0.007637
0.005297 0.006343
0.005297 0.005547
0.005295 0.007238
0.005291 0.005875
0.005290 0.005675
0.005284 0.010384
0.005279 0.008753
0.005277 0.005386
0.005269 0.005450
0.005265 0.005306
0.005257 0.005316
0.005253 0.005316
0.005247 0.005520
0.005240 0.006486
0.005237 0.005533
0.005231 0.005671
0.005229 0.005258
0.005223 0.008485
0.005221 0.006149
0.005217 0.005437
0.005214 0.006277
0.005213 0.005352
0.005211 0.005273
0.005209 0.005329
0.005195 0.005986
0.005190 0.005853
0.005186 0.006800
0.005177 0.007880
0.005177 0.005228
0.005174 0.005278
0.005168 0.010174
0.005165 0.005229
0.005160 0.005922
0.005158 0.006251
0.005158 0.010656
0.005156 0.008300
0.005147 0.005610
0.005138 0.006080
0.005133 0.005423
0.005131 0.005714
0.005129 0.006526
0.005129 0.008948
0.005129 0.006707
0.005120 0.008049
0.005119 0.009183
0.005115 0.006405
0.005115 0.005699
0.005112 0.009752
0.005112 0.007618
0.005111 0.005557
0.005110 0.005246
0.005105 0.005847
0.005105 0.007151
0.005095 0.005464
0.005094 0.005146
0.005090 0.005118
0.005089 0.010720
0.005088 0.009168
0.005074 0.006844
0.005071 0.007922
0.005062 0.005309
0.005060 0.005915
0.005048 0.007025
0.005046 0.006291
0.005042 0.009973
0.005041 0.007558
0.005039 0.007986
0.005030 0.005203
0.005028 0.008803
0.005028 0.006046
0.005028 0.006569
0.005023 0.005853
0.005022 0.006647
0.005019 0.005153
0.005018 0.005202
0.005017 0.007827
0.005014 0.006624
0.005013 0.010784
0.005011 0.005227
0.005011 0.006362
0.005009 0.011172
0.005004 0.009063
0.005003 0.005101
0.004993 0.005597
0.004989 0.007929
0.004977 0.005438
0.004976 0.005815
0.004975 0.005778
0.004972 0.007496
0.004972 0.005048
0.004971 0.006432
0.004968 0.005315
0.004967 0.005775
0.004959 0.006743
0.004955 0.007466
0.004952 0.007197
0.004941 0.007175
0.004940 0.005171
0.004940 0.008096
0.004938 0.006338
0.004938 0.005521
0.004932 0.005636
0.004931 0.006556
0.004927 0.005178
0.004927 0.005195
0.004925 0.005193
0.004918 0.005082
0.004916 0.005957
0.004913 0.005148
0.004910 0.005332
0.004908 0.007374
0.004907 0.004910
0.004894 0.006119
0.004892 0.006111
0.004892 0.009177
0.004889 0.006153
0.004880 0.005138
0.004868 0.005348
0.004866 0.005502
0.004864 0.009940
0.004863 0.005032
0.004848 0.007259
0.004843 0.005917
0.004843 0.005371
0.004840 0.006916
0.004838 0.005215
0.004837 0.004915
0.004836 0.005228
0.004830 0.004852
0.004826 0.005244
0.004825 0.004961
0.004823 0.005562
0.004820 0.006360
0.004820 0.005341
0.004817 0.007631
0.004816 0.008466
0.004804 0.005987
0.004800 0.007979
0.004797 0.004868
0.004796 0.010869
0.004788 0.005155
0.004783 0.005621
0.004767 0.006493
0.004767 0.006071
0.004764 0.005557
0.004755 0.006174
0.004750 0.006116
0.004749 0.005260
0.004744 0.005872
0.004740 0.007543
0.004734 0.005030
0.004730 0.005371
0.004728 0.005745
0.004724 0.011310
0.004722 0.006402
0.004721 0.004932
0.004720 0.005773
0.004715 0.006941
0.004711 0.005526
0.004709 0.005481
0.004703 0.004987
0.004702 0.007296
0.004699 0.005321
0.004693 0.007785
0.004693 0.004746
0.004689 0.004992
0.004688 0.004867
0.004687 0.004699
0.004684 0.004911
0.004678 0.005122
0.004678 0.005064
0.004675 0.005169
0.004675 0.007441
0.004669 0.004696
0.004664 0.005144
0.004663 0.006064
0.004660 0.005364
0.004660 0.005035
0.004654 0.008031
0.004652 0.005859
0.004648 0.005205
0.004648 0.006510
0.004647 0.004656
0.004637 0.004870
0.004634 0.009512
0.004631 0.004658
0.004624 0.004849
0.004617 0.007698
0.004613 0.005892
0.004609 0.004778
0.004608 0.006727
0.004605 0.007408
0.004603 0.006741
0.004600 0.005230
0.004596 0.004943
0.004593 0.004731
0.004593 0.004595
0.004592 0.006312
0.004591 0.005347
0.004590 0.004741
0.004587 0.004899
0.004573 0.004693
0.004571 0.008528
0.004570 0.007612
0.004568 0.004921
0.004567 0.006785
0.004566 0.006455
0.004566 0.005506
0.004562 0.004761
0.004561 0.005067
0.004559 0.006473
0.004558 0.006475
0.004540 0.005226
0.004539 0.005047
0.004533 0.004619
0.004532 0.005132
0.004527 0.005390
0.004525 0.004526
0.004516 0.007684
0.004515 0.006325
0.004515 0.005362
0.004514 0.005056
0.004513 0.010376
0.004509 0.005743
0.004509 0.005170
0.004507 0.005483
0.004507 0.005154
0.004504 0.005392
0.004500 0.005045
0.004496 0.004576
0.004496 0.004751
0.004492 0.006767
0.004489 0.004518
0.004489 0.007521
0.004488 0.004717
0.004486 0.004710
0.004485 0.004628
0.004484 0.004718
0.004480 0.004496
0.004479 0.005225
0.004478 0.004602
0.004477 0.007624
0.004473 0.004709
0.004468 0.004567
0.004467 0.004750
0.004464 0.005001
0.004463 0.005899
0.004462 0.006077
0.004461 0.004622
0.004455 0.004591
0.004455 0.005113
0.004454 0.005011
0.004453 0.009983
0.004445 0.010771
0.004441 0.004583
0.004441 0.005488
0.004441 0.005151
0.004438 0.007231
0.004436 0.005180
0.004435 0.004473
0.004433 0.007772
0.004431 0.005772
0.004430 0.004799
0.004429 0.004740
0.004427 0.005166
0.004423 0.004713
0.004421 0.004571
0.004417 0.008113
0.004416 0.004796
0.004415 0.005227
0.004413 0.005015
0.004412 0.005670
0.004406 0.004685
0.004406 0.004715
0.004406 0.006676
0.004403 0.005879
0.004387 0.005251
0.004385 0.004656
0.004385 0.004997
0.004383 0.006343
0.004376 0.004466
0.004373 0.004395
0.004366 0.004630
0.004365 0.004902
0.004364 0.004566
0.004362 0.006701
0.004358 0.009882
0.004357 0.009371
0.004354 0.004870
0.004354 0.005119
0.004353 0.004944
0.004353 0.005676
0.004351 0.005689
0.004348 0.004356
0.004347 0.004718
0.004344 0.004357
0.004344 0.006829
0.004340 0.006685
0.004338 0.005394
0.004334 0.007999
0.004334 0.006596
0.004332 0.005045
0.004327 0.005566
0.004326 0.004351
0.004323 0.005847
0.004320 0.004404
0.004318 0.006647
0.004317 0.004429
0.004316 0.007726
0.004316 0.006544
0.004312 0.005077
0.004311 0.004508
0.004311 0.006483
0.004310 0.004764
0.004307 0.004502
0.004297 0.004968
0.004297 0.005218
0.004283 0.004660
0.004280 0.005212
0.004280 0.004574
0.004277 0.008919
0.004275 0.005026
0.004271 0.004849
0.004268 0.004428
0.004266 0.006388
0.004265 0.004311
0.004265 0.005445
0.004264 0.004816
0.004262 0.004425
0.004261 0.007026
0.004258 0.004745
0.004258 0.004472
0.004252 0.004433
0.004251 0.006837
0.004247 0.004532
0.004246 0.004541
0.004244 0.004396
0.004244 0.005133
0.004244 0.004529
0.004243 0.006068
0.004241 0.004344
0.004240 0.004936
0.004239 0.004720
0.004238 0.006991
0.004237 0.004294
0.004234 0.004428
0.004233 0.006177
0.004232 0.007924
0.004230 0.004738
0.004228 0.004775
0.004225 0.007845
0.004217 0.004963
0.004214 0.007271
0.004214 0.004416
0.004212 0.005408
0.004212 0.004927
0.004211 0.004828
0.004197 0.006929
0.004194 0.007419
0.004194 0.004454
0.004191 0.004844
0.004190 0.004633
0.004185 0.004464
0.004180 0.004484
0.004177 0.005714
0.004173 0.006525
0.004173 0.004421
0.004168 0.004227
0.004167 0.004349
0.004163 0.006410
0.004163 0.006612
0.004163 0.004978
0.004158 0.005991
0.004158 0.004896
0.004154 0.006598
0.004150 0.004843
0.004150 0.006121
0.004149 0.005283
0.004148 0.004272
0.004142 0.004578
0.004141 0.004350
0.004139 0.005577
0.004137 0.004370
0.004136 0.004877
0.004135 0.007683
0.004134 0.005521
0.004132 0.007765
0.004132 0.005056
0.004130 0.005018
0.004130 0.004764
0.004128 0.006312
0.004126 0.004418
0.004123 0.006437
0.004121 0.004917
0.004118 0.004794
0.004117 0.005958
0.004115 0.007339
0.004114 0.004349
0.004112 0.005245
0.004111 0.004568
0.004107 0.004112
0.004103 0.005206
0.004101 0.007530
0.004098 0.004259
0.004097 0.004792
0.004097 0.006780
0.004094 0.005056
0.004092 0.005981
0.004089 0.005791
0.004087 0.004375
0.004086 0.005446
0.004082 0.004383
0.004082 0.011172
0.004081 0.005662
0.004080 0.004872
0.004079 0.005596
0.004078 0.005151
0.004075 0.004440
0.004072 0.004837
0.004071 0.007881
0.004071 0.004405
0.004070 0.005481
0.004069 0.004204
0.004067 0.004317
0.004065 0.006260
0.004064 0.006535
0.004061 0.004235
0.004060 0.004742
0.004060 0.004795
0.004059 0.005420
0.004056 0.004612
0.004054 0.004070
0.004053 0.008076
0.004050 0.004412
0.004046 0.004203
0.004045 0.005202
0.004041 0.004647
0.004037 0.004185
0.004031 0.004589
0.004031 0.004991
0.004031 0.005124
0.004030 0.004516
0.004028 0.004240
0.004027 0.004334
0.004023 0.004528
0.004020 0.005873
0.004018 0.004932
0.004008 0.004526
0.004008 0.004012
0.004007 0.004216
0.004005 0.005208
0.004002 0.004175
0.004001 0.005684
0.003998 0.004099
0.003996 0.005256
0.003992 0.004151
0.003990 0.005582
0.003986 0.005073
0.003981 0.004788
0.003980 0.004385
0.003978 0.006356
0.003978 0.009387
0.003978 0.004187
0.003974 0.004489
0.003973 0.004099
0.003963 0.006453
0.003958 0.004277
0.003953 0.004186
0.003952 0.004056
0.003950 0.004382
0.003948 0.004462
0.003944 0.005219
0.003942 0.004398
0.003941 0.004496
0.003939 0.004894
0.003938 0.004713
0.003937 0.005230
0.003936 0.003979
0.003935 0.008198
0.003928 0.004070
0.003915 0.004098
0.003915 0.004156
0.003914 0.004080
0.003913 0.004800
0.003911 0.005003
0.003910 0.004053
0.003909 0.004270
0.003909 0.005865
0.003907 0.003992
0.003906 0.004015
0.003900 0.004020
0.003897 0.005289
0.003897 0.004207
0.003897 0.004115
0.003896 0.004464
0.003893 0.004610
0.003892 0.003912
0.003892 0.004770
0.003888 0.003890
0.003883 0.004209
0.003883 0.007763
0.003883 0.007164
0.003879 0.006045
0.003878 0.003948
0.003877 0.005281
0.003876 0.004038
0.003875 0.005906
0.003872 0.005653
0.003871 0.004717
0.003869 0.004411
0.003867 0.004051
0.003865 0.004418
0.003859 0.004937
0.003858 0.008049
0.003858 0.004105
0.003856 0.004722
0.003856 0.004534
0.003854 0.003987
0.003854 0.005794
0.003851 0.004997
0.003844 0.004471
0.003842 0.004229
0.003838 0.004013
0.003838 0.005959
0.003837 0.006020
0.003837 0.008060
0.003837 0.005060
0.003836 0.004056
0.003834 0.004518
0.003833 0.004194
0.003833 0.004441
0.003814 0.003911
0.003813 0.004527
0.003813 0.004756
0.003812 0.005168
0.003810 0.003991
0.003809 0.007692
0.003803 0.008115
0.003803 0.003896
0.003798 0.004208
0.003798 0.006465
0.003798 0.004566
0.003794 0.004541
0.003789 0.005841
0.003788 0.004292
0.003785 0.006855
0.003784 0.003825
0.003783 0.005820
0.003781 0.005033
0.003776 0.004000
0.003775 0.004115
0.003773 0.006726
0.003771 0.004497
0.003769 0.004072
0.003768 0.004811
0.003768 0.008044
0.003766 0.007166
0.003763 0.003773
0.003762 0.006963
0.003760 0.005625
0.003757 0.005433
0.003756 0.005840
0.003754 0.004906
0.003753 0.005456
0.003753 0.004714
0.003752 0.004541
0.003751 0.005092
0.003746 0.003800
0.003745 0.003926
0.003739 0.005717
0.003738 0.005667
0.003737 0.006074
0.003736 0.008539
0.003735 0.003989
0.003731 0.004205
0.003730 0.004778
0.003728 0.003891
0.003723 0.004112
0.003721 0.004775
0.003720 0.004506
0.003718 0.003724
0.003717 0.004042
0.003715 0.004961
0.003711 0.005711
0.003710 0.005221
0.003706 0.003859
0.003705 0.004651
0.003705 0.004801
0.003704 0.005594
0.003702 0.004736
0.003701 0.004653
0.003693 0.004193
0.003692 0.004686
0.003691 0.005753
0.003683 0.004116
0.003682 0.003795
0.003674 0.005218
0.003672 0.004371
0.003672 0.004906
0.003671 0.003755
0.003671 0.003874
0.003671 0.004790
0.003670 0.003940
0.003670 0.004015
0.003665 0.005000
0.003661 0.004608
0.003659 0.007091
0.003655 0.007969
0.003655 0.004710
0.003653 0.004177
0.003651 0.004531
0.003648 0.003892
0.003646 0.003795
0.003645 0.004674
0.003643 0.004417
0.003637 0.004619
0.003637 0.005292
0.003636 0.004998
0.003636 0.005522
0.003634 0.003694
0.003633 0.005318
0.003633 0.004949
0.003631 0.003856
0.003630 0.004221
0.003626 0.004756
0.003624 0.004341
0.003624 0.007539
0.003618 0.003896
0.003617 0.003627
0.003614 0.007573
0.003613 0.004229
0.003606 0.004069
0.003604 0.003897
0.003602 0.004542
0.003600 0.004401
0.003595 0.004249
0.003594 0.007950
0.003594 0.004037
0.003591 0.004466
0.003583 0.004232
0.003582 0.004807
0.003580 0.004358
0.003580 0.004326
0.003578 0.005864
0.003573 0.009123
0.003566 0.004270
0.003558 0.004825
0.003555 0.003956
0.003554 0.003772
0.003551 0.004217
0.003550 0.004132
0.003546 0.005757
0.003545 0.005686
0.003544 0.005339
0.003543 0.005102
0.003541 0.004037
0.003535 0.007005
0.003533 0.003990
0.003531 0.005455
0.003529 0.005291
0.003521 0.005532
0.003520 0.003852
0.003520 0.003595
0.003519 0.005078
0.003509 0.006169
0.003509 0.004398
0.003503 0.007021
0.003501 0.003953
0.003501 0.003686
0.003500 0.004850
0.003499 0.004110
0.003486 0.004475
0.003485 0.003487
0.003485 0.003979
0.003479 0.004919
0.003478 0.004262
0.003474 0.003567
0.003472 0.005172
0.003472 0.005737
0.003470 0.004152
0.003464 0.003653
0.003462 0.006088
0.003461 0.006501
0.003461 0.004360
0.003457 0.008598
0.003453 0.004697
0.003449 0.005754
0.003448 0.003820
0.003448 0.005496
0.003446 0.006107
0.003446 0.003575
0.003445 0.004524
0.003442 0.005453
0.003440 0.007967
0.003437 0.004568
0.003432 0.004787
0.003432 0.004251
0.003430 0.003563
0.003427 0.003665
0.003427 0.004681
0.003426 0.003657
0.003420 0.004346
0.003419 0.004446
0.003415 0.007063
0.003414 0.005007
0.003407 0.004354
0.003405 0.005470
0.003404 0.005048
0.003402 0.003778
0.003401 0.003465
0.003400 0.003545
0.003399 0.005455
0.003398 0.005605
0.003388 0.004869
0.003379 0.005020
0.003377 0.003495
0.003376 0.004866
0.003374 0.003723
0.003374 0.004364
0.003373 0.004750
0.003371 0.004377
0.003371 0.003861
0.003368 0.003849
0.003360 0.006028
0.003359 0.005135
0.003357 0.003380
0.003354 0.004354
0.003351 0.003489
0.003349 0.006457
0.003333 0.003459
0.003332 0.004310
0.003332 0.004504
0.003331 0.004130
0.003330 0.003400
0.003326 0.005322
0.003324 0.005823
0.003320 0.003362
0.003319 0.004724
0.003306 0.003990
0.003305 0.004328
0.003304 0.003891
0.003304 0.003735
0.003304 0.003766
0.003299 0.003544
0.003299 0.006644
0.003298 0.003328
0.003296 0.003384
0.003294 0.004629
0.003285 0.004101
0.003283 0.004580
0.003282 0.004125
0.003281 0.003541
0.003274 0.003616
0.003265 0.003719
0.003262 0.003689
0.003257 0.004864
0.003254 0.003569
0.003252 0.004883
0.003252 0.003610
0.003248 0.003343
0.003248 0.004918
0.003246 0.006642
0.003242 0.004127
0.003231 0.005461
0.003231 0.005736
0.003230 0.003392
0.003229 0.005787
0.003228 0.005193
0.003217 0.003690
0.003213 0.003377
0.003211 0.003484
0.003211 0.003362
0.003209 0.003279
0.003203 0.003908
0.003203 0.005757
0.003195 0.003702
0.003192 0.003691
0.003188 0.003637
0.003187 0.004032
0.003186 0.004282
0.003185 0.003918
0.003179 0.004059
0.003172 0.003576
0.003170 0.003347
0.003168 0.003383
0.003168 0.003974
0.003167 0.004298
0.003159 0.003745
0.003155 0.003221
0.003152 0.003757
0.003147 0.003321
0.003143 0.003443
0.003142 0.004046
0.003142 0.003972
0.003140 0.007096
0.003128 0.003583
0.003119 0.003567
0.003118 0.005874
0.003112 0.006255
0.003112 0.003216
0.003110 0.003925
0.003108 0.003245
0.003107 0.003501
0.003099 0.004671
0.003091 0.006576
0.003088 0.003097
0.003087 0.003326
0.003086 0.003641
0.003084 0.006916
0.003081 0.003213
0.003080 0.003456
0.003075 0.004342
0.003073 0.003088
0.003073 0.003404
0.003062 0.003923
0.003059 0.006188
0.003058 0.003157
0.003057 0.004587
0.003054 0.006221
0.003051 0.003949
0.003048 0.003587
0.003046 0.003173
0.003043 0.003075
0.003041 0.003172
0.003038 0.004160
0.003037 0.003104
0.003029 0.004469
0.003017 0.006037
0.003014 0.004551
0.003014 0.003404
0.003013 0.003090
0.003012 0.004095
0.003005 0.003552
0.002997 0.003429
0.002995 0.003742
0.002992 0.006754
0.002991 0.003122
0.002990 0.006004
0.002989 0.003128
0.002983 0.003215
0.002982 0.006042
0.002981 0.004655
0.002980 0.003343
0.002976 0.003242
0.002973 0.005648
0.002972 0.003039
0.002970 0.003353
0.002969 0.002993
0.002969 0.003038
0.002961 0.003193
0.002960 0.003377
0.002957 0.004250
0.002951 0.003524
0.002950 0.003807
0.002945 0.003495
0.002938 0.003752
0.002937 0.004032
0.002936 0.003015
0.002930 0.003366
0.002917 0.007030
0.002914 0.004347
0.002909 0.002925
0.002907 0.003324
0.002902 0.006606
0.002900 0.003012
0.002900 0.003952
0.002899 0.002926
0.002893 0.004183
0.002892 0.002971
0.002889 0.003532
0.002883 0.003839
0.002878 0.004052
0.002878 0.003143
0.002866 0.003458
0.002865 0.003627
0.002860 0.003257
0.002860 0.003120
0.002857 0.002912
0.002856 0.003148
0.002844 0.003191
0.002843 0.003274
0.002842 0.003497
0.002840 0.003294
0.002832 0.002937
0.002815 0.003690
0.002812 0.003856
0.002797 0.003406
0.002796 0.002982
0.002796 0.004376
0.002786 0.003885
0.002786 0.003404
0.002784 0.003297
0.002782 0.002838
0.002781 0.003468
0.002775 0.004239
0.002771 0.004935
0.002771 0.003149
0.002768 0.003321
0.002766 0.002991
0.002766 0.003355
0.002753 0.003043
0.002749 0.002850
0.002743 0.002927
0.002738 0.003037
0.002722 0.002947
0.002718 0.003226
0.002703 0.003704
0.002701 0.002813
0.002693 0.005218
0.002686 0.004614
0.002685 0.004377
0.002665 0.002955
0.002658 0.002787
0.002654 0.003192
0.002648 0.003259
0.002647 0.002677
0.002640 0.004430
0.002634 0.003495
0.002630 0.002745
0.002624 0.002673
0.002619 0.002851
0.002613 0.002870
0.002612 0.002675
0.002604 0.002717
0.002599 0.003006
0.002595 0.002905
0.002594 0.002647
0.002590 0.002732
0.002571 0.002908
0.002570 0.003028
0.002559 0.002610
0.002553 0.003142
0.002553 0.002789
0.002534 0.002934
0.002525 0.002556
0.002509 0.002888
0.002489 0.002731
0.002487 0.002916
0.002485 0.002585
0.002479 0.003014
0.002478 0.002675
0.002477 0.002770
0.002471 0.002865
0.002461 0.002635
0.002454 0.002501
0.002452 0.002520
0.002444 0.002790
0.002425 0.002526
0.002425 0.002595
0.002397 0.002979
0.002395 0.002538
0.002378 0.002897
0.002377 0.002841
0.002370 0.002416
0.002362 0.002435
0.002356 0.002552
0.002347 0.002374
0.002339 0.002625
0.002331 0.002384
0.002287 0.002742
0.002279 0.002422
0.002271 0.003464
0.002265 0.002671
0.002247 0.002297
0.002244 0.003068
0.002241 0.002448
0.002227 0.002291
0.002227 0.002459
0.002226 0.002557
0.002223 0.002521
0.002211 0.002425
0.002202 0.002381
0.002184 0.002256
0.002179 0.002357
0.002177 0.002654
0.002171 0.002425
0.002167 0.002196
0.002164 0.002370
0.002150 0.002476
0.002149 0.002365
0.002135 0.002273
0.002133 0.002754
0.002122 0.003260
0.002119 0.002533
0.002105 0.002749
0.002076 0.002091
0.002075 0.002322
0.002075 0.002225
0.002074 0.002143
0.002070 0.002425
0.002050 0.003063
0.002048 0.002214
0.002012 0.002069
0.002001 0.002042
0.001988 0.002337
0.001986 0.002121
0.001979 0.002218
0.001934 0.001948
0.001932 0.002002
0.001912 0.002458
0.001911 0.002274
0.001894 0.002014
0.001870 0.002038
0.001787 0.002021
0.001739 0.002033
0.001723 0.001808
0.001717 0.001841
0.001621 0.001751
0.001621 0.001829
0.001576 0.001603
0.001576 0.001579
0.001558 0.001668
0.001537 0.001582
0.001528 0.001721
0.001523 0.001733
0.001511 0.001721
0.001475 0.001903
