0.220022 0.246875
0.208799 0.230534
0.151367 0.159731
0.139035 0.192486
0.135979 0.137558
0.134331 0.181475
0.121553 0.147378
0.113652 0.114260
0.100309 0.108882
0.094861 0.111638
0.093204 0.129151
0.091026 0.118958
0.084054 0.093291
0.079267 0.082655
0.073916 0.074808
0.068177 0.076376
0.064627 0.086523
0.064007 0.067220
0.063164 0.067846
0.061786 0.074973
0.060200 0.080143
0.059804 0.065183
0.058209 0.058452
0.057845 0.059274
0.057698 0.060056
0.057589 0.064277
0.056538 0.059637
0.056323 0.069255
0.053916 0.055442
0.053836 0.068169
0.052825 0.057652
0.052280 0.053918
0.052248 0.055739
0.052203 0.068084
0.052108 0.054862
0.052061 0.055916
0.052008 0.064182
0.050844 0.065207
0.050725 0.055489
0.050442 0.064188
0.050274 0.053142
0.049889 0.055340
0.049589 0.054689
0.049202 0.063327
0.048875 0.056665
0.048717 0.062661
0.048032 0.048291
0.047723 0.057797
0.046925 0.055479
0.046908 0.047062
0.046849 0.048112
0.046541 0.046781
0.046371 0.059743
0.045786 0.054948
0.045619 0.049651
0.045357 0.052756
0.044807 0.045843
0.044186 0.059542
0.043345 0.051087
0.043277 0.045409
0.042745 0.047523
0.042108 0.052319
0.041975 0.049906
0.041677 0.046327
0.041659 0.080694
0.041557 0.045255
0.041264 0.041829
0.040789 0.048565
0.040537 0.042442
0.040507 0.047399
0.039788 0.055237
0.039684 0.043533
0.039572 0.040773
0.039561 0.047667
0.039423 0.042811
0.038986 0.044510
0.038933 0.045659
0.038913 0.041326
0.038766 0.047193
0.038304 0.048144
0.038256 0.046252
0.038195 0.055987
0.037537 0.051003
0.037325 0.041407
0.037105 0.041138
0.036867 0.040005
0.036161 0.037811
0.036120 0.043972
0.035257 0.035421
0.035129 0.051834
0.034813 0.045350
0.034783 0.034823
0.034756 0.036264
0.034733 0.039338
0.034718 0.038921
0.034452 0.040753
0.034055 0.034318
0.033980 0.034212
0.033891 0.034831
0.033634 0.044587
0.033484 0.036351
0.033470 0.033917
0.033391 0.042849
0.033343 0.036312
0.033232 0.035103
0.032929 0.033868
0.032673 0.039169
0.032414 0.034906
0.032315 0.033873
0.032165 0.041572
0.031062 0.048633
0.030935 0.034936
0.030688 0.031125
0.030480 0.054565
0.030440 0.044648
0.030355 0.031899
0.030026 0.041015
0.030015 0.030280
0.029827 0.035956
0.029815 0.034853
0.029638 0.032863
0.029528 0.039406
0.029316 0.041736
0.029305 0.032567
0.029303 0.029375
0.029225 0.035992
0.029160 0.034826
0.029107 0.029142
0.029061 0.035701
0.028745 0.030148
0.028704 0.038340
0.028693 0.042649
0.027910 0.029096
0.027770 0.040759
0.027585 0.028708
0.027557 0.029712
0.027555 0.045408
0.027345 0.033382
0.027187 0.028211
0.027183 0.030987
0.026718 0.043978
0.026635 0.027005
0.026580 0.039593
0.026564 0.029555
0.026537 0.029425
0.026399 0.040736
0.026348 0.030177
0.026293 0.035988
0.026144 0.030221
0.026140 0.029005
0.026127 0.035697
0.026013 0.027944
0.025962 0.045130
0.025843 0.033782
0.025625 0.034182
0.025579 0.042280
0.025545 0.034783
0.025542 0.026360
0.025392 0.028036
0.025265 0.027252
0.025159 0.028878
0.025136 0.028735
0.025115 0.030062
0.025050 0.026170
0.024982 0.027374
0.024744 0.032720
0.024676 0.025176
0.024624 0.025173
0.024359 0.032715
0.024258 0.031302
0.024237 0.030049
0.024198 0.024487
0.024157 0.027282
0.024112 0.034415
0.023963 0.038990
0.023960 0.024931
0.023953 0.027773
0.023752 0.039534
0.023574 0.024888
0.023438 0.023527
0.023392 0.023672
0.023387 0.024514
0.023368 0.024277
0.023110 0.026178
0.023008 0.038930
0.022944 0.023779
0.022907 0.026916
0.022899 0.023107
0.022851 0.025498
0.022841 0.030277
0.022799 0.026606
0.022745 0.027618
0.022629 0.023835
0.022581 0.024477
0.022564 0.023068
0.022422 0.023254
0.022411 0.031608
0.022403 0.033659
0.022383 0.025942
0.022364 0.023133
0.022356 0.025709
0.022275 0.025187
0.022181 0.033173
0.022148 0.025530
0.022117 0.025935
0.021893 0.031549
0.021805 0.024416
0.021678 0.028441
0.021486 0.025259
0.021432 0.022176
0.021267 0.024204
0.021248 0.021981
0.021090 0.036488
0.021088 0.043365
0.021055 0.030750
0.020951 0.021048
0.020871 0.042862
0.020843 0.020850
0.020833 0.022995
0.020737 0.021158
0.020700 0.021817
0.020690 0.022010
0.020591 0.026629
0.020549 0.021967
0.020486 0.020698
0.020477 0.021077
0.020454 0.021750
0.020370 0.030891
0.020261 0.025693
0.020249 0.026533
0.020046 0.023496
0.020030 0.024664
0.020014 0.023113
0.020007 0.020155
0.020006 0.020166
0.019885 0.036544
0.019874 0.020295
0.019684 0.020643
0.019667 0.027516
0.019623 0.020135
0.019403 0.025751
0.019367 0.027238
0.019319 0.021856
0.019078 0.019601
0.019042 0.032469
0.019033 0.021184
0.019004 0.020253
0.018927 0.022624
0.018914 0.030626
0.018888 0.027045
0.018871 0.021266
0.018862 0.019258
0.018839 0.023135
0.018831 0.026060
0.018807 0.019256
0.018699 0.019037
0.018596 0.031672
0.018492 0.025592
0.018340 0.022132
0.018314 0.018410
0.018219 0.019595
0.018109 0.020656
0.018061 0.023482
0.018032 0.019447
0.018022 0.018709
0.018021 0.030286
0.017993 0.023283
0.017985 0.018890
0.017853 0.018099
0.017782 0.018362
0.017761 0.032754
0.017753 0.020236
0.017619 0.017987
0.017575 0.018844
0.017528 0.018576
0.017518 0.018148
0.017517 0.018294
0.017492 0.018209
0.017487 0.022297
0.017464 0.021034
0.017435 0.025178
0.017351 0.022445
0.017333 0.020937
0.017255 0.034977
0.017239 0.021002
0.017174 0.020999
0.017078 0.017473
0.017076 0.020023
0.017021 0.023843
0.017012 0.017437
0.016995 0.028830
0.016990 0.019286
0.016921 0.018053
0.016868 0.017605
0.016834 0.018876
0.016823 0.025118
0.016781 0.021000
0.016772 0.021239
0.016750 0.017043
0.016679 0.016838
0.016645 0.028172
0.016573 0.027659
0.016554 0.024361
0.016549 0.019072
0.016487 0.017664
0.016473 0.021608
0.016456 0.017185
0.016427 0.017624
0.016419 0.016509
0.016401 0.017554
0.016396 0.018158
0.016371 0.019143
0.016370 0.017322
0.016362 0.026884
0.016249 0.021676
0.016180 0.018147
0.016098 0.016225
0.016075 0.021072
0.016064 0.021842
0.016061 0.016559
0.016051 0.017136
0.016033 0.019079
0.015893 0.018463
0.015867 0.022421
0.015825 0.019922
0.015802 0.023412
0.015754 0.016448
0.015754 0.017235
0.015729 0.015950
0.015679 0.020130
0.015646 0.027245
0.015581 0.016212
0.015571 0.017770
0.015562 0.017387
0.015536 0.024573
0.015510 0.035697
0.015499 0.018740
0.015475 0.015838
0.015442 0.015933
0.015431 0.016395
0.015427 0.017531
0.015410 0.016765
0.015377 0.017330
0.015369 0.022170
0.015366 0.018089
0.015347 0.021106
0.015306 0.023211
0.015299 0.016466
0.015294 0.019798
0.015256 0.016374
0.015221 0.017661
0.015198 0.017887
0.015172 0.020418
0.015166 0.017540
0.015149 0.015440
0.015148 0.018542
0.015098 0.015105
0.015078 0.015325
0.015071 0.015490
0.015060 0.015963
0.015056 0.015063
0.015051 0.017849
0.015015 0.017443
0.015008 0.019915
0.014993 0.027089
0.014978 0.017164
0.014970 0.016008
0.014963 0.017445
0.014956 0.015726
0.014928 0.025503
0.014849 0.023140
0.014827 0.018206
0.014826 0.018802
0.014772 0.018880
0.014768 0.020454
0.014758 0.014804
0.014742 0.017152
0.014737 0.029372
0.014725 0.016673
0.014725 0.016719
0.014698 0.018917
0.014695 0.023184
0.014686 0.015446
0.014670 0.016433
0.014636 0.016870
0.014623 0.017307
0.014616 0.024238
0.014614 0.015053
0.014578 0.017500
0.014568 0.029554
0.014542 0.015238
0.014493 0.014766
0.014485 0.025871
0.014477 0.016510
0.014447 0.017459
0.014414 0.016042
0.014392 0.016462
0.014375 0.016924
0.014369 0.017739
0.014361 0.014673
0.014360 0.016282
0.014354 0.016292
0.014339 0.014666
0.014330 0.020342
0.014330 0.017880
0.014307 0.018318
0.014301 0.014306
0.014301 0.016646
0.014291 0.015064
0.014244 0.016108
0.014221 0.014974
0.014220 0.016119
0.014196 0.018291
0.014170 0.024113
0.014129 0.014295
0.014112 0.022784
0.014103 0.014573
0.014096 0.021583
0.014069 0.014097
0.014053 0.030211
0.014052 0.014478
0.013994 0.026669
0.013980 0.014135
0.013972 0.016530
0.013966 0.018191
0.013958 0.014071
0.013937 0.022509
0.013931 0.013942
0.013910 0.017593
0.013908 0.017201
0.013896 0.018118
0.013876 0.017973
0.013863 0.014239
0.013822 0.014155
0.013804 0.019665
0.013786 0.015579
0.013768 0.020384
0.013764 0.017745
0.013763 0.014932
0.013760 0.016252
0.013758 0.016883
0.013744 0.014094
0.013734 0.023117
0.013733 0.014133
0.013728 0.020730
0.013726 0.017407
0.013696 0.015190
0.013688 0.020984
0.013658 0.018267
0.013647 0.014117
0.013636 0.020826
0.013620 0.013640
0.013612 0.016602
0.013607 0.016030
0.013598 0.021166
0.013576 0.015710
0.013567 0.021594
0.013556 0.014890
0.013555 0.013779
0.013547 0.019542
0.013534 0.018512
0.013531 0.018210
0.013466 0.014878
0.013426 0.019755
0.013425 0.013488
0.013399 0.023464
0.013394 0.019679
0.013389 0.017197
0.013377 0.018329
0.013361 0.017165
0.013353 0.016310
0.013349 0.023922
0.013337 0.014794
0.013331 0.015135
0.013326 0.014861
0.013302 0.014485
0.013295 0.023710
0.013273 0.026196
0.013269 0.019236
0.013238 0.014877
0.013230 0.014726
0.013222 0.013783
0.013213 0.013626
0.013205 0.024775
0.013197 0.019949
0.013195 0.018729
0.013193 0.015632
0.013186 0.018580
0.013185 0.013746
0.013167 0.013297
0.013163 0.014506
0.013132 0.013305
0.013126 0.023741
0.013125 0.016070
0.013110 0.013164
0.013096 0.016154
0.013092 0.014242
0.013091 0.015281
0.013068 0.013684
0.013002 0.013340
0.012998 0.013735
0.012984 0.015255
0.012958 0.014173
0.012934 0.015259
0.012933 0.013144
0.012928 0.017816
0.012927 0.014758
0.012924 0.013328
0.012911 0.013882
0.012889 0.018379
0.012884 0.013130
0.012883 0.013731
0.012861 0.016342
0.012858 0.015049
0.012858 0.013792
0.012855 0.018337
0.012832 0.024386
0.012814 0.014542
0.012782 0.017910
0.012776 0.020169
0.012751 0.017418
0.012742 0.017077
0.012738 0.014808
0.012729 0.013966
0.012721 0.017430
0.012718 0.017419
0.012684 0.012829
0.012679 0.015894
0.012669 0.027796
0.012652 0.012655
0.012652 0.018305
0.012649 0.017037
0.012604 0.015205
0.012572 0.014630
0.012571 0.015019
0.012532 0.016523
0.012516 0.021994
0.012498 0.014034
0.012494 0.014939
0.012484 0.018998
0.012411 0.014844
0.012388 0.012474
0.012372 0.014700
0.012368 0.016451
0.012367 0.015960
0.012350 0.012932
0.012332 0.014038
0.012326 0.025125
0.012314 0.018545
0.012313 0.013388
0.012300 0.012706
0.012300 0.016590
0.012271 0.014245
0.012253 0.013480
0.012222 0.016750
0.012196 0.012277
0.012182 0.013843
0.012179 0.012938
0.012166 0.012265
0.012155 0.014829
0.012154 0.013720
0.012153 0.012319
0.012152 0.014016
0.012124 0.014428
0.012124 0.015345
0.012100 0.018493
0.012091 0.012235
0.012088 0.013272
0.012081 0.012748
0.012061 0.013018
0.012059 0.023115
0.012047 0.013313
0.012041 0.017652
0.012027 0.016903
0.012013 0.013614
0.012008 0.014698
0.012008 0.015729
0.011997 0.015522
0.011978 0.012760
0.011958 0.016824
0.011956 0.012730
0.011954 0.014081
0.011953 0.012527
0.011949 0.012594
0.011938 0.015211
0.011932 0.020074
0.011928 0.020571
0.011925 0.017549
0.011908 0.012206
0.011905 0.012307
0.011894 0.012623
0.011874 0.014275
0.011866 0.011931
0.011859 0.012054
0.011854 0.015553
0.011847 0.012036
0.011839 0.020594
0.011838 0.012498
0.011788 0.012245
0.011786 0.013260
0.011776 0.012125
0.011771 0.012224
0.011747 0.013685
0.011737 0.011912
0.011710 0.013029
0.011695 0.012017
0.011685 0.013961
0.011673 0.019157
0.011650 0.018872
0.011643 0.016302
0.011637 0.015574
0.011634 0.012606
0.011633 0.013261
0.011618 0.012707
0.011603 0.012055
0.011594 0.012414
0.011566 0.023590
0.011557 0.015852
0.011553 0.011648
0.011542 0.013899
0.011539 0.017862
0.011531 0.016974
0.011524 0.016034
0.011522 0.011556
0.011511 0.013013
0.011485 0.013553
0.011481 0.012557
0.011478 0.018087
0.011462 0.011745
0.011462 0.014732
0.011458 0.017388
0.011450 0.013732
0.011447 0.015960
0.011442 0.013062
0.011430 0.013019
0.011423 0.014021
0.011419 0.011800
0.011409 0.013491
0.011405 0.012022
0.011378 0.013288
0.011375 0.014077
0.011369 0.012039
0.011368 0.013638
0.011354 0.014072
0.011349 0.012311
0.011349 0.012008
0.011345 0.016119
0.011340 0.014607
0.011338 0.012832
0.011318 0.011731
0.011284 0.012042
0.011267 0.017450
0.011265 0.012325
0.011265 0.012306
0.011260 0.019865
0.011238 0.012926
0.011237 0.015792
0.011234 0.011634
0.011211 0.011311
0.011194 0.012117
0.011193 0.015979
0.011181 0.019718
0.011163 0.011348
0.011158 0.012756
0.011139 0.012094
0.011138 0.017752
0.011127 0.011916
0.011119 0.015734
0.011091 0.019492
0.011081 0.014597
0.011064 0.011676
0.011062 0.012961
0.011052 0.012937
0.011042 0.012036
0.011036 0.011537
0.011017 0.012721
0.011003 0.014208
0.010988 0.019488
0.010979 0.013230
0.010968 0.020034
0.010963 0.012549
0.010945 0.013220
0.010943 0.014106
0.010916 0.015777
0.010896 0.021441
0.010892 0.012424
0.010878 0.017929
0.010855 0.012866
0.010851 0.011446
0.010845 0.011970
0.010828 0.011859
0.010811 0.015329
0.010808 0.014147
0.010793 0.012198
0.010790 0.013043
0.010787 0.010812
0.010778 0.010879
0.010778 0.014972
0.010769 0.012626
0.010767 0.011353
0.010727 0.011190
0.010705 0.010852
0.010698 0.011298
0.010681 0.013425
0.010673 0.011254
0.010664 0.012248
0.010652 0.014335
0.010646 0.011609
0.010643 0.014896
0.010616 0.011050
0.010613 0.010733
0.010604 0.012089
0.010578 0.011923
0.010562 0.012143
0.010554 0.010556
0.010552 0.011520
0.010541 0.017870
0.010530 0.012989
0.010525 0.011030
0.010516 0.014503
0.010508 0.014109
0.010465 0.010818
0.010450 0.011397
0.010443 0.012119
0.010439 0.015363
0.010426 0.011072
0.010418 0.016594
0.010417 0.020371
0.010417 0.020453
0.010416 0.019743
0.010409 0.024204
0.010399 0.011692
0.010396 0.014008
0.010395 0.012487
0.010394 0.013147
0.010388 0.010564
0.010386 0.011624
0.010374 0.015422
0.010357 0.011336
0.010336 0.011774
0.010335 0.010487
0.010325 0.010326
0.010321 0.012749
0.010309 0.011472
0.010307 0.011896
0.010289 0.010991
0.010281 0.011515
0.010273 0.010696
0.010271 0.010563
0.010264 0.011043
0.010259 0.011886
0.010256 0.010458
0.010245 0.010289
0.010237 0.014210
0.010234 0.014117
0.010211 0.010376
0.010204 0.015299
0.010204 0.011556
0.010187 0.012208
0.010183 0.010753
0.010168 0.013983
0.010163 0.012181
0.010161 0.012936
0.010148 0.010344
0.010134 0.011053
0.010120 0.010966
0.010113 0.010734
0.010094 0.010243
0.010085 0.010850
0.010080 0.017760
0.010072 0.015084
0.010060 0.016415
0.010059 0.014443
0.010051 0.010416
0.010048 0.019100
0.010046 0.010209
0.010040 0.010118
0.010033 0.013907
0.010021 0.010342
0.010021 0.012314
0.009991 0.010640
0.009980 0.010336
0.009975 0.010137
0.009974 0.021215
0.009967 0.010266
0.009963 0.011721
0.009962 0.011547
0.009959 0.012062
0.009936 0.010243
0.009918 0.010324
0.009910 0.012800
0.009898 0.013316
0.009898 0.011579
0.009898 0.011606
0.009893 0.010242
0.009887 0.010839
0.009879 0.010430
0.009867 0.014063
0.009851 0.015664
0.009831 0.009913
0.009825 0.013094
0.009823 0.009962
0.009822 0.009981
0.009803 0.010092
0.009796 0.011049
0.009792 0.011387
0.009784 0.010733
0.009784 0.012016
0.009761 0.010255
0.009753 0.011700
0.009745 0.019819
0.009741 0.010504
0.009734 0.015916
0.009733 0.010567
0.009729 0.009968
0.009724 0.015979
0.009716 0.010355
0.009711 0.010041
0.009705 0.010576
0.009689 0.012739
0.009687 0.010598
0.009675 0.011338
0.009673 0.013552
0.009664 0.011385
0.009662 0.012514
0.009656 0.012531
0.009653 0.012490
0.009652 0.010020
0.009646 0.010727
0.009634 0.010702
0.009621 0.012352
0.009597 0.013077
0.009595 0.010181
0.009595 0.011311
0.009594 0.010902
0.009591 0.010056
0.009584 0.018447
0.009583 0.011241
0.009574 0.011823
0.009574 0.012479
0.009568 0.015038
0.009567 0.010130
0.009564 0.010922
0.009562 0.012932
0.009561 0.009758
0.009559 0.015882
0.009558 0.011239
0.009555 0.012716
0.009549 0.011863
0.009547 0.010070
0.009544 0.010751
0.009533 0.015396
0.009527 0.014149
0.009524 0.009663
0.009523 0.010143
0.009519 0.011727
0.009508 0.015995
0.009507 0.010452
0.009502 0.011389
0.009498 0.017102
0.009484 0.011018
0.009475 0.011065
0.009475 0.014608
0.009473 0.021736
0.009470 0.016999
0.009470 0.010494
0.009465 0.011091
0.009459 0.013155
0.009458 0.009475
0.009455 0.010529
0.009445 0.009470
0.009441 0.010089
0.009441 0.011077
0.009433 0.016262
0.009431 0.010095
0.009429 0.009481
0.009427 0.009840
0.009423 0.010239
0.009396 0.009425
0.009396 0.010328
0.009390 0.015101
0.009388 0.010750
0.009385 0.013200
0.009380 0.011532
0.009377 0.009654
0.009372 0.011559
0.009366 0.012788
0.009356 0.014173
0.009353 0.013296
0.009351 0.010350
0.009348 0.010483
0.009348 0.012341
0.009344 0.017100
0.009342 0.010515
0.009337 0.009610
0.009333 0.010571
0.009331 0.012083
0.009321 0.009368
0.009312 0.015241
0.009311 0.010260
0.009311 0.009611
0.009299 0.012425
0.009294 0.009740
0.009286 0.013388
0.009275 0.010963
0.009275 0.009326
0.009267 0.009410
0.009266 0.011504
0.009262 0.009285
0.009252 0.009913
0.009248 0.010487
0.009247 0.011063
0.009246 0.010700
0.009237 0.010322
0.009231 0.010320
0.009226 0.014449
0.009219 0.010195
0.009218 0.011786
0.009217 0.012987
0.009205 0.009468
0.009204 0.009301
0.009185 0.009524
0.009166 0.010382
0.009155 0.011378
0.009152 0.010082
0.009149 0.010340
0.009138 0.014172
0.009134 0.009613
0.009130 0.010041
0.009127 0.009838
0.009122 0.012642
0.009118 0.011391
0.009115 0.011229
0.009111 0.011197
0.009107 0.011683
0.009107 0.016477
0.009087 0.014523
0.009082 0.014534
0.009081 0.009508
0.009080 0.010824
0.009076 0.009432
0.009060 0.009916
0.009049 0.015162
0.009044 0.011327
0.009039 0.009390
0.009029 0.009544
0.009028 0.009127
0.009026 0.009628
0.009025 0.014226
0.009024 0.009583
0.009022 0.013244
0.009019 0.010518
0.009019 0.022878
0.009017 0.015489
0.009017 0.009680
0.009016 0.010122
0.009015 0.018919
0.008990 0.011359
0.008964 0.010146
0.008954 0.009758
0.008949 0.009762
0.008947 0.009050
0.008946 0.009130
0.008924 0.014219
0.008920 0.009240
0.008914 0.011667
0.008910 0.011887
0.008902 0.011850
0.008902 0.015569
0.008900 0.009283
0.008899 0.010040
0.008899 0.010430
0.008890 0.012715
0.008861 0.018156
0.008860 0.011408
0.008858 0.011461
0.008853 0.011395
0.008849 0.011776
0.008848 0.009086
0.008830 0.009494
0.008825 0.008954
0.008797 0.009574
0.008792 0.010096
0.008757 0.009883
0.008745 0.009002
0.008731 0.015887
0.008724 0.009657
0.008722 0.008903
0.008713 0.010752
0.008709 0.009430
0.008688 0.010143
0.008681 0.010401
0.008663 0.012131
0.008652 0.011065
0.008647 0.010033
0.008645 0.008957
0.008637 0.010851
0.008634 0.009586
0.008630 0.011552
0.008627 0.012038
0.008614 0.012194
0.008605 0.010698
0.008601 0.014457
0.008600 0.009020
0.008593 0.010373
0.008591 0.009050
0.008585 0.009332
0.008584 0.009269
0.008578 0.009986
0.008578 0.009575
0.008575 0.009126
0.008567 0.008571
0.008563 0.009531
0.008560 0.011334
0.008560 0.009530
0.008547 0.009083
0.008534 0.010668
0.008528 0.009943
0.008519 0.008585
0.008508 0.010439
0.008506 0.008717
0.008503 0.014591
0.008495 0.013257
0.008490 0.009015
0.008487 0.012532
0.008486 0.009755
0.008467 0.009849
0.008466 0.011092
0.008460 0.008613
0.008450 0.008633
0.008450 0.011674
0.008450 0.010459
0.008445 0.013734
0.008437 0.013063
0.008431 0.010762
0.008418 0.009984
0.008416 0.014084
0.008415 0.013170
0.008401 0.009463
0.008395 0.010762
0.008394 0.014616
0.008384 0.008957
0.008374 0.009390
0.008368 0.008493
0.008366 0.009134
0.008360 0.013314
0.008354 0.012143
0.008350 0.013471
0.008349 0.011197
0.008341 0.017191
0.008341 0.008500
0.008338 0.009499
0.008333 0.010447
0.008332 0.009751
0.008319 0.008910
0.008318 0.010708
0.008311 0.013868
0.008305 0.009247
0.008301 0.012147
0.008296 0.009949
0.008292 0.009206
0.008291 0.009877
0.008272 0.009485
0.008271 0.008593
0.008271 0.008692
0.008266 0.008876
0.008266 0.020201
0.008266 0.009731
0.008265 0.009767
0.008256 0.008295
0.008240 0.009804
0.008232 0.012594
0.008232 0.010923
0.008226 0.008990
0.008215 0.009642
0.008215 0.016120
0.008214 0.017577
0.008213 0.008810
0.008213 0.008609
0.008212 0.008627
0.008210 0.008853
0.008208 0.008479
0.008204 0.009434
0.008199 0.009180
0.008189 0.010541
0.008186 0.008394
0.008183 0.008806
0.008182 0.013325
0.008165 0.010518
0.008163 0.008272
0.008158 0.009697
0.008158 0.009113
0.008158 0.009164
0.008158 0.009700
0.008155 0.008670
0.008147 0.008427
0.008136 0.008770
0.008134 0.014653
0.008132 0.009419
0.008124 0.009166
0.008124 0.008144
0.008123 0.008224
0.008119 0.010057
0.008118 0.009150
0.008117 0.009613
0.008108 0.009880
0.008106 0.011910
0.008101 0.010686
0.008099 0.009112
0.008088 0.008363
0.008083 0.009413
0.008080 0.011110
0.008078 0.011242
0.008072 0.010921
0.008063 0.011298
0.008063 0.010845
0.008063 0.008382
0.008063 0.020269
0.008059 0.009386
0.008059 0.009594
0.008051 0.008908
0.008049 0.012400
0.008048 0.009034
0.008038 0.010284
0.008037 0.009643
0.008037 0.008053
0.008029 0.009205
0.008027 0.009691
0.008025 0.009700
0.008024 0.008770
0.008017 0.008050
0.008015 0.009430
0.008011 0.008824
0.008007 0.008380
0.008003 0.008493
0.008002 0.009537
0.007995 0.016979
0.007994 0.009358
0.007986 0.011057
0.007984 0.011122
0.007982 0.015663
0.007981 0.008649
0.007979 0.016084
0.007978 0.009717
0.007977 0.009489
0.007977 0.010750
0.007976 0.008770
0.007975 0.010833
0.007974 0.008697
0.007972 0.013527
0.007968 0.010106
0.007967 0.008682
0.007966 0.009407
0.007961 0.007983
0.007960 0.013131
0.007960 0.012275
0.007956 0.008108
0.007954 0.009481
0.007950 0.008387
0.007941 0.012762
0.007940 0.008883
0.007939 0.008011
0.007935 0.010068
0.007926 0.009868
0.007922 0.012896
0.007919 0.009983
0.007918 0.013038
0.007916 0.008046
0.007915 0.008215
0.007912 0.009499
0.007912 0.021098
0.007909 0.011210
0.007907 0.009040
0.007907 0.014300
0.007895 0.009952
0.007894 0.008605
0.007888 0.012799
0.007885 0.009220
0.007878 0.010900
0.007876 0.012130
0.007874 0.008292
0.007869 0.010204
0.007866 0.008722
0.007864 0.008440
0.007855 0.007884
0.007845 0.013009
0.007841 0.008123
0.007839 0.008542
0.007835 0.010807
0.007834 0.007886
0.007829 0.008427
0.007826 0.011272
0.007826 0.008464
0.007822 0.009969
0.007815 0.008012
0.007812 0.013841
0.007809 0.011697
0.007805 0.008994
0.007804 0.010278
0.007804 0.010503
0.007802 0.009679
0.007798 0.009858
0.007798 0.011106
0.007796 0.010157
0.007793 0.010486
0.007785 0.007899
0.007779 0.008394
0.007775 0.008360
0.007771 0.008397
0.007761 0.008195
0.007758 0.010132
0.007752 0.008108
0.007736 0.009634
0.007727 0.008824
0.007717 0.009793
0.007710 0.007913
0.007696 0.012068
0.007695 0.009262
0.007694 0.007891
0.007689 0.008497
0.007688 0.010146
0.007685 0.008689
0.007685 0.008306
0.007678 0.008231
0.007672 0.008010
0.007645 0.008552
0.007643 0.008128
0.007639 0.009873
0.007612 0.008318
0.007608 0.007926
0.007605 0.009013
0.007603 0.008075
0.007599 0.007653
0.007599 0.012706
0.007598 0.007902
0.007591 0.008093
0.007591 0.012459
0.007589 0.008028
0.007584 0.010552
0.007582 0.009155
0.007581 0.009093
0.007578 0.009856
0.007578 0.011184
0.007578 0.008291
0.007576 0.007711
0.007575 0.008657
0.007573 0.008233
0.007565 0.011959
0.007565 0.008711
0.007565 0.007692
0.007561 0.007949
0.007560 0.008283
0.007555 0.008544
0.007546 0.008358
0.007537 0.007608
0.007533 0.010948
0.007532 0.009679
0.007531 0.008062
0.007530 0.008435
0.007529 0.009196
0.007529 0.008237
0.007528 0.009179
0.007523 0.009025
0.007520 0.009199
0.007518 0.007972
0.007508 0.007540
0.007503 0.007909
0.007501 0.007619
0.007494 0.007740
0.007491 0.008114
0.007489 0.007980
0.007489 0.009755
0.007484 0.009338
0.007473 0.007534
0.007471 0.007721
0.007467 0.007766
0.007465 0.007598
0.007464 0.010406
0.007464 0.009526
0.007457 0.007738
0.007457 0.007503
0.007447 0.007874
0.007446 0.009304
0.007446 0.007637
0.007436 0.008053
0.007419 0.007535
0.007416 0.007418
0.007409 0.017311
0.007402 0.007800
0.007395 0.008469
0.007392 0.007554
0.007392 0.011816
0.007385 0.007570
0.007380 0.007883
0.007376 0.008786
0.007361 0.009477
0.007358 0.012767
0.007357 0.008632
0.007345 0.015256
0.007342 0.009229
0.007334 0.012080
0.007326 0.008573
0.007317 0.008147
0.007313 0.007598
0.007300 0.010998
0.007300 0.007966
0.007299 0.010120
0.007298 0.009087
0.007297 0.009534
0.007289 0.007870
0.007287 0.008072
0.007274 0.007284
0.007270 0.008768
0.007270 0.010044
0.007267 0.009054
0.007267 0.014164
0.007262 0.009395
0.007261 0.008133
0.007257 0.009142
0.007248 0.007643
0.007243 0.007244
0.007243 0.011677
0.007241 0.010360
0.007229 0.008519
0.007229 0.008363
0.007224 0.007797
0.007224 0.007318
0.007224 0.008072
0.007215 0.009548
0.007212 0.009017
0.007212 0.009287
0.007195 0.008803
0.007193 0.015200
0.007193 0.007767
0.007191 0.007772
0.007184 0.012171
0.007179 0.010375
0.007177 0.007230
0.007174 0.007996
0.007167 0.008151
0.007166 0.009957
0.007165 0.007880
0.007162 0.014441
0.007161 0.014303
0.007161 0.007432
0.007160 0.012869
0.007159 0.007912
0.007155 0.007596
0.007150 0.007371
0.007147 0.008206
0.007141 0.008966
0.007140 0.008020
0.007139 0.009156
0.007133 0.007826
0.007132 0.007402
0.007132 0.007434
0.007129 0.010447
0.007120 0.007575
0.007118 0.009435
0.007118 0.009447
0.007112 0.010972
0.007109 0.007930
0.007106 0.010189
0.007098 0.009480
0.007097 0.011971
0.007095 0.007986
0.007093 0.007390
0.007091 0.008375
0.007084 0.008685
0.007081 0.007545
0.007062 0.008859
0.007060 0.007816
0.007059 0.009526
0.007054 0.009851
0.007052 0.007119
0.007047 0.010595
0.007036 0.008522
0.007035 0.007810
0.007035 0.008564
0.007032 0.010668
0.007029 0.007263
0.007018 0.011031
0.007016 0.008689
0.007014 0.007579
0.007010 0.011994
0.007006 0.007786
0.007006 0.007965
0.006989 0.012185
0.006989 0.011966
0.006985 0.008027
0.006982 0.008415
0.006980 0.008548
0.006980 0.007573
0.006979 0.007273
0.006972 0.009231
0.006966 0.007730
0.006961 0.007271
0.006958 0.008492
0.006953 0.012966
0.006946 0.010676
0.006938 0.013442
0.006937 0.006941
0.006935 0.007781
0.006933 0.007091
0.006928 0.007432
0.006919 0.007192
0.006913 0.008784
0.006912 0.009333
0.006911 0.014679
0.006896 0.007238
0.006896 0.007828
0.006886 0.009016
0.006881 0.007176
0.006881 0.006928
0.006880 0.013550
0.006877 0.006949
0.006874 0.007153
0.006869 0.007746
0.006868 0.008678
0.006853 0.009213
0.006849 0.012124
0.006842 0.010503
0.006838 0.008892
0.006832 0.006954
0.006831 0.012435
0.006827 0.007912
0.006826 0.011177
0.006824 0.007177
0.006824 0.008810
0.006824 0.007227
0.006824 0.014345
0.006821 0.007335
0.006818 0.009062
0.006809 0.007416
0.006809 0.007019
0.006808 0.008189
0.006790 0.007773
0.006785 0.007395
0.006772 0.008004
0.006771 0.006909
0.006770 0.007874
0.006768 0.015553
0.006759 0.008634
0.006759 0.009852
0.006758 0.007236
0.006755 0.010253
0.006752 0.007125
0.006752 0.012808
0.006751 0.007118
0.006747 0.006967
0.006744 0.009087
0.006743 0.008292
0.006737 0.013445
0.006730 0.007388
0.006730 0.007394
0.006730 0.008808
0.006727 0.009757
0.006723 0.008288
0.006722 0.010928
0.006720 0.013214
0.006718 0.016104
0.006714 0.007486
0.006713 0.006877
0.006705 0.007677
0.006701 0.007806
0.006696 0.007573
0.006693 0.011683
0.006692 0.012867
0.006688 0.008118
0.006687 0.006808
0.006672 0.011148
0.006670 0.006780
0.006665 0.008249
0.006663 0.006805
0.006660 0.009454
0.006655 0.010167
0.006655 0.008817
0.006654 0.007312
0.006653 0.006831
0.006644 0.006975
0.006640 0.007192
0.006640 0.008822
0.006638 0.009613
0.006633 0.007833
0.006632 0.008172
0.006626 0.006856
0.006621 0.007433
0.006619 0.010950
0.006611 0.009964
0.006611 0.012749
0.006605 0.006810
0.006605 0.011154
0.006602 0.007008
0.006596 0.008490
0.006594 0.007251
0.006591 0.012545
0.006590 0.007043
0.006584 0.007342
0.006583 0.007168
0.006582 0.006710
0.006580 0.010056
0.006578 0.007784
0.006576 0.008411
0.006573 0.008069
0.006569 0.008307
0.006562 0.007160
0.006560 0.008285
0.006550 0.007296
0.006543 0.012342
0.006539 0.009535
0.006531 0.006987
0.006520 0.006657
0.006516 0.007325
0.006508 0.008828
0.006504 0.009610
0.006503 0.007322
0.006497 0.006718
0.006494 0.007839
0.006494 0.009755
0.006493 0.007517
0.006491 0.007352
0.006489 0.007154
0.006484 0.009846
0.006484 0.006547
0.006483 0.008828
0.006475 0.008136
0.006470 0.009872
0.006470 0.014523
0.006468 0.009540
0.006468 0.006491
0.006463 0.007554
0.006457 0.008158
0.006456 0.011229
0.006452 0.012265
0.006450 0.008995
0.006450 0.009139
0.006448 0.007383
0.006442 0.006547
0.006442 0.009049
0.006442 0.007953
0.006441 0.006801
0.006439 0.006988
0.006438 0.009566
0.006431 0.006472
0.006422 0.007797
0.006421 0.010694
0.006417 0.006699
0.006414 0.007490
0.006411 0.007369
0.006406 0.006553
0.006402 0.007508
0.006400 0.007415
0.006396 0.011252
0.006395 0.007093
0.006395 0.006467
0.006394 0.006983
0.006390 0.006709
0.006390 0.006668
0.006386 0.006921
0.006385 0.006839
0.006381 0.008077
0.006380 0.011554
0.006380 0.009607
0.006379 0.009063
0.006373 0.007005
0.006362 0.008451
0.006359 0.007213
0.006355 0.006922
0.006352 0.011036
0.006348 0.009771
0.006342 0.006965
0.006339 0.007064
0.006338 0.010430
0.006337 0.009262
0.006334 0.007909
0.006331 0.006424
0.006330 0.008777
0.006327 0.006343
0.006318 0.007766
0.006318 0.009514
0.006312 0.010155
0.006309 0.006425
0.006305 0.006443
0.006303 0.006867
0.006301 0.006685
0.006300 0.006457
0.006298 0.007138
0.006294 0.007524
0.006290 0.007678
0.006286 0.006293
0.006283 0.008733
0.006278 0.006416
0.006276 0.008687
0.006274 0.006543
0.006274 0.006854
0.006263 0.008135
0.006259 0.007379
0.006258 0.006888
0.006255 0.007706
0.006248 0.012117
0.006247 0.006833
0.006246 0.008652
0.006245 0.008281
0.006242 0.007810
0.006237 0.010560
0.006237 0.009734
0.006235 0.011581
0.006235 0.012215
0.006229 0.011621
0.006227 0.009805
0.006227 0.007050
0.006225 0.007034
0.006223 0.008480
0.006222 0.007072
0.006217 0.006940
0.006217 0.006407
0.006215 0.009511
0.006214 0.007815
0.006211 0.014341
0.006209 0.008335
0.006208 0.006631
0.006203 0.006721
0.006201 0.006905
0.006194 0.007071
0.006192 0.006705
0.006190 0.008746
0.006186 0.009485
0.006184 0.010327
0.006183 0.006353
0.006183 0.006209
0.006181 0.006568
0.006178 0.006185
0.006172 0.007723
0.006164 0.007504
0.006160 0.010786
0.006159 0.007055
0.006157 0.006827
0.006155 0.008342
0.006154 0.007499
0.006153 0.006534
0.006150 0.011314
0.006146 0.006637
0.006145 0.007196
0.006145 0.007963
0.006144 0.006510
0.006144 0.006851
0.006139 0.006426
0.006135 0.006452
0.006126 0.006682
0.006125 0.006203
0.006123 0.007961
0.006119 0.008139
0.006118 0.007591
0.006117 0.006170
0.006113 0.008102
0.006111 0.006147
0.006109 0.012321
0.006109 0.006504
0.006103 0.007452
0.006102 0.008082
0.006101 0.006589
0.006097 0.009506
0.006097 0.006769
0.006095 0.006728
0.006095 0.006607
0.006094 0.007041
0.006093 0.006427
0.006092 0.010744
0.006091 0.009188
0.006089 0.011339
0.006088 0.006415
0.006083 0.009951
0.006080 0.006264
0.006077 0.006907
0.006075 0.007961
0.006063 0.008156
0.006062 0.007224
0.006060 0.006181
0.006060 0.006192
0.006060 0.006396
0.006055 0.006337
0.006048 0.011962
0.006046 0.006780
0.006046 0.007312
0.006043 0.008102
0.006042 0.006995
0.006041 0.007115
0.006041 0.006706
0.006040 0.008736
0.006039 0.007517
0.006037 0.007950
0.006034 0.008564
0.006027 0.006909
0.006026 0.011639
0.006024 0.010945
0.006023 0.006933
0.006023 0.006269
0.006020 0.011490
0.006006 0.009947
0.006003 0.006767
0.006003 0.007338
0.006002 0.012012
0.006001 0.007457
0.006000 0.007207
0.005998 0.006133
0.005996 0.006965
0.005996 0.006394
0.005995 0.008093
0.005979 0.006652
0.005979 0.008116
0.005976 0.006518
0.005973 0.008985
0.005972 0.009247
0.005972 0.006090
0.005971 0.010794
0.005971 0.006036
0.005968 0.009504
0.005965 0.006858
0.005961 0.006342
0.005958 0.008603
0.005957 0.006421
0.005954 0.011162
0.005954 0.006417
0.005951 0.006230
0.005949 0.006098
0.005948 0.006060
0.005940 0.007540
0.005939 0.007311
0.005939 0.009993
0.005933 0.006504
0.005931 0.007128
0.005926 0.007608
0.005918 0.008883
0.005909 0.008931
0.005906 0.006724
0.005899 0.011179
0.005897 0.006708
0.005896 0.007322
0.005895 0.007038
0.005895 0.006202
0.005894 0.007772
0.005890 0.006354
0.005886 0.006346
0.005885 0.006020
0.005881 0.007628
0.005874 0.005906
0.005872 0.009598
0.005870 0.007609
0.005867 0.006691
0.005866 0.006010
0.005866 0.006534
0.005865 0.006648
0.005865 0.006574
0.005863 0.006880
0.005859 0.009460
0.005857 0.006389
0.005856 0.009735
0.005853 0.006320
0.005851 0.005866
0.005850 0.006019
0.005849 0.006664
0.005848 0.006478
0.005848 0.009480
0.005847 0.007188
0.005846 0.006232
0.005844 0.008571
0.005839 0.005980
0.005839 0.006134
0.005838 0.007304
0.005838 0.006337
0.005835 0.007001
0.005833 0.008084
0.005832 0.006015
0.005824 0.008127
0.005823 0.006970
0.005820 0.006746
0.005815 0.009778
0.005808 0.006213
0.005804 0.006794
0.005803 0.007293
0.005801 0.009166
0.005801 0.007557
0.005800 0.005963
0.005800 0.008460
0.005796 0.007660
0.005795 0.007156
0.005794 0.005945
0.005793 0.007512
0.005789 0.007129
0.005788 0.006038
0.005787 0.006941
0.005785 0.008719
0.005785 0.007762
0.005781 0.008888
0.005780 0.006914
0.005779 0.007750
0.005776 0.006415
0.005776 0.010419
0.005774 0.011143
0.005768 0.005850
0.005763 0.006430
0.005757 0.005904
0.005757 0.006220
0.005756 0.007478
0.005756 0.007483
0.005755 0.006108
0.005754 0.005981
0.005746 0.005913
0.005746 0.005777
0.005744 0.006024
0.005737 0.013259
0.005737 0.007798
0.005737 0.007272
0.005736 0.008030
0.005736 0.007751
0.005732 0.006527
0.005722 0.008430
0.005718 0.007881
0.005717 0.006357
0.005717 0.007630
0.005716 0.006656
0.005715 0.006959
0.005711 0.007549
0.005710 0.009575
0.005709 0.007314
0.005706 0.007979
0.005704 0.006241
0.005702 0.005865
0.005701 0.006580
0.005701 0.005762
0.005701 0.007689
0.005697 0.006518
0.005696 0.006625
0.005696 0.008567
0.005692 0.006982
0.005692 0.005880
0.005687 0.007878
0.005686 0.007405
0.005679 0.006258
0.005679 0.006821
0.005675 0.007485
0.005673 0.006237
0.005673 0.005789
0.005668 0.007306
0.005668 0.005792
0.005667 0.008034
0.005667 0.006303
0.005667 0.006563
0.005660 0.008535
0.005659 0.008004
0.005657 0.006238
0.005653 0.007042
0.005652 0.006617
0.005648 0.006657
0.005647 0.007294
0.005644 0.013672
0.005641 0.005865
0.005628 0.007478
0.005620 0.006217
0.005620 0.007146
0.005606 0.007229
0.005600 0.006420
0.005597 0.006222
0.005596 0.008021
0.005587 0.009787
0.005570 0.006410
0.005566 0.005953
0.005563 0.007074
0.005559 0.005806
0.005557 0.005804
0.005551 0.008535
0.005548 0.007541
0.005547 0.005636
0.005546 0.010519
0.005546 0.007671
0.005545 0.005787
0.005539 0.012021
0.005535 0.007897
0.005535 0.007362
0.005533 0.007592
0.005529 0.006108
0.005524 0.006497
0.005521 0.006594
0.005520 0.005950
0.005517 0.006511
0.005516 0.007231
0.005514 0.006157
0.005511 0.006506
0.005509 0.005624
0.005507 0.006403
0.005507 0.007181
0.005505 0.005813
0.005504 0.005688
0.005501 0.006831
0.005501 0.006475
0.005497 0.005608
0.005496 0.006108
0.005496 0.006528
0.005490 0.012117
0.005488 0.006705
0.005488 0.005994
0.005488 0.009248
0.005487 0.006351
0.005485 0.005739
0.005485 0.006788
0.005482 0.006671
0.005481 0.005696
0.005479 0.006167
0.005475 0.005485
0.005461 0.005890
0.005454 0.006196
0.005452 0.005653
0.005449 0.007052
0.005446 0.006194
0.005442 0.006322
0.005441 0.010728
0.005439 0.007284
0.005437 0.006983
0.005436 0.005958
0.005435 0.008259
0.005424 0.006928
0.005410 0.006625
0.005406 0.006154
0.005403 0.006918
0.005401 0.005403
0.005394 0.005418
0.005387 0.010563
0.005385 0.006601
0.005379 0.005408
0.005377 0.006216
0.005375 0.006762
0.005370 0.006849
0.005366 0.011749
0.005361 0.006530
0.005360 0.005458
0.005359 0.006615
0.005358 0.006043
0.005356 0.006328
0.005356 0.007232
0.005354 0.006004
0.005354 0.006793
0.005349 0.006958
0.005339 0.005385
0.005335 0.005417
0.005333 0.005426
0.005332 0.009101
0.005331 0.009379
0.005331 0.006179
0.005325 0.006557
0.005324 0.010094
0.005322 0.010135
0.005320 0.007300
0.005318 0.005879
0.005317 0.008335
0.005316 0.006385
0.005314 0.005645
0.005313 0.005334
0.005305 0.007402
0.005300 0.005359
0.005298 0.010462
0.005293 0.007033
0.005290 0.005373
0.005286 0.006973
0.005285 0.009023
0.005284 0.006952
0.005284 0.005807
0.005282 0.006879
0.005280 0.006756
0.005280 0.006467
0.005280 0.006072
0.005279 0.009796
0.005273 0.008381
0.005271 0.007882
0.005271 0.005897
0.005267 0.006168
0.005267 0.005832
0.005265 0.005683
0.005264 0.006284
0.005264 0.007234
0.005263 0.007012
0.005257 0.006732
0.005256 0.010374
0.005252 0.010002
0.005248 0.006311
0.005245 0.008375
0.005243 0.005724
0.005241 0.010020
0.005237 0.006503
0.005233 0.005899
0.005226 0.009991
0.005221 0.008166
0.005220 0.005567
0.005219 0.008771
0.005210 0.007749
0.005206 0.005882
0.005206 0.006278
0.005203 0.005440
0.005203 0.007663
0.005195 0.006192
0.005192 0.006418
0.005190 0.005244
0.005188 0.006931
0.005176 0.007333
0.005173 0.005669
0.005171 0.006647
0.005170 0.007118
0.005168 0.005632
0.005163 0.009322
0.005163 0.012275
0.005162 0.011399
0.005159 0.005669
0.005159 0.005332
0.005159 0.006714
0.005158 0.008704
0.005154 0.006658
0.005148 0.009837
0.005146 0.005149
0.005146 0.005392
0.005144 0.005828
0.005141 0.006556
0.005140 0.007165
0.005139 0.006370
0.005137 0.005969
0.005134 0.009383
0.005133 0.005400
0.005132 0.010714
0.005131 0.010084
0.005128 0.005530
0.005125 0.005996
0.005124 0.005170
0.005122 0.007025
0.005119 0.005321
0.005119 0.005603
0.005114 0.007759
0.005112 0.005598
0.005111 0.006013
0.005110 0.006158
0.005108 0.006832
0.005104 0.007454
0.005104 0.006933
0.005103 0.010423
0.005102 0.006556
0.005101 0.006917
0.005101 0.005612
0.005097 0.007014
0.005095 0.007226
0.005091 0.005278
0.005088 0.007586
0.005081 0.007813
0.005079 0.007119
0.005077 0.006683
0.005077 0.005310
0.005071 0.007093
0.005071 0.010703
0.005068 0.005144
0.005064 0.006327
0.005064 0.008591
0.005064 0.005139
0.005063 0.005508
0.005061 0.006005
0.005060 0.009837
0.005057 0.008057
0.005057 0.005191
0.005056 0.005245
0.005054 0.007547
0.005053 0.005215
0.005051 0.006920
0.005046 0.005463
0.005045 0.007659
0.005045 0.005748
0.005044 0.005839
0.005044 0.006656
0.005043 0.006304
0.005041 0.006013
0.005039 0.005248
0.005029 0.005847
0.005023 0.005587
0.005021 0.005483
0.005020 0.005281
0.005017 0.009441
0.005010 0.005138
0.005009 0.005994
0.005009 0.005332
0.005008 0.008806
0.005002 0.005631
0.005001 0.005046
0.004999 0.005175
0.004999 0.008725
0.004997 0.005017
0.004992 0.007249
0.004986 0.005570
0.004984 0.007187
0.004982 0.009456
0.004981 0.007370
0.004978 0.008476
0.004976 0.009246
0.004972 0.005059
0.004966 0.005443
0.004966 0.005624
0.004965 0.006191
0.004962 0.005668
0.004960 0.005559
0.004959 0.006069
0.004957 0.005270
0.004956 0.005686
0.004951 0.006366
0.004950 0.005576
0.004948 0.005104
0.004944 0.006573
0.004941 0.005479
0.004939 0.007690
0.004937 0.006098
0.004936 0.009504
0.004932 0.006502
0.004930 0.006320
0.004929 0.006876
0.004927 0.006359
0.004925 0.005617
0.004923 0.005091
0.004918 0.006366
0.004909 0.005238
0.004908 0.004970
0.004905 0.005686
0.004905 0.006465
0.004890 0.005477
0.004890 0.006227
0.004889 0.005075
0.004889 0.005807
0.004886 0.005733
0.004885 0.006316
0.004870 0.005280
0.004867 0.005518
0.004865 0.005412
0.004858 0.006072
0.004855 0.008322
0.004855 0.008172
0.004851 0.007571
0.004850 0.009393
0.004849 0.006550
0.004845 0.005662
0.004844 0.004866
0.004842 0.007920
0.004842 0.012235
0.004841 0.004881
0.004841 0.006374
0.004828 0.006771
0.004818 0.006052
0.004811 0.011708
0.004809 0.006099
0.004803 0.005623
0.004795 0.007350
0.004794 0.006157
0.004787 0.004845
0.004780 0.004921
0.004780 0.005977
0.004778 0.005856
0.004773 0.005642
0.004762 0.007333
0.004758 0.006269
0.004756 0.005567
0.004747 0.005079
0.004740 0.005741
0.004735 0.006756
0.004732 0.005432
0.004726 0.006559
0.004725 0.005257
0.004723 0.007205
0.004715 0.009979
0.004714 0.005279
0.004713 0.007410
0.004706 0.005193
0.004695 0.006360
0.004694 0.009425
0.004688 0.005403
0.004688 0.004953
0.004682 0.004756
0.004679 0.006480
0.004676 0.005744
0.004670 0.004712
0.004664 0.005292
0.004663 0.004783
0.004659 0.004668
0.004658 0.005734
0.004653 0.004799
0.004649 0.004872
0.004647 0.005276
0.004647 0.005276
0.004644 0.006418
0.004641 0.005272
0.004641 0.004670
0.004640 0.005970
0.004640 0.006063
0.004634 0.010639
0.004631 0.006245
0.004630 0.004754
0.004627 0.006435
0.004615 0.008170
0.004614 0.006329
0.004612 0.006123
0.004608 0.004845
0.004607 0.009457
0.004604 0.009876
0.004604 0.004815
0.004602 0.007181
0.004600 0.005950
0.004600 0.005862
0.004598 0.005890
0.004587 0.004693
0.004585 0.007614
0.004579 0.006127
0.004576 0.006386
0.004570 0.008694
0.004565 0.004582
0.004565 0.005546
0.004564 0.011615
0.004564 0.004932
0.004560 0.007686
0.004558 0.004606
0.004553 0.004610
0.004553 0.005492
0.004547 0.004907
0.004547 0.005263
0.004544 0.005130
0.004543 0.005777
0.004542 0.004633
0.004541 0.006358
0.004540 0.006753
0.004518 0.004562
0.004517 0.004711
0.004510 0.004568
0.004501 0.004628
0.004492 0.005896
0.004492 0.005594
0.004484 0.005174
0.004479 0.004892
0.004474 0.005123
0.004464 0.005176
0.004461 0.006280
0.004461 0.005046
0.004460 0.005979
0.004459 0.007653
0.004453 0.004685
0.004450 0.008299
0.004444 0.004602
0.004443 0.005204
0.004438 0.006336
0.004434 0.005045
0.004430 0.004796
0.004428 0.004696
0.004425 0.005277
0.004421 0.004685
0.004421 0.005234
0.004417 0.005789
0.004408 0.005318
0.004388 0.005316
0.004387 0.004652
0.004376 0.007436
0.004373 0.004414
0.004368 0.005121
0.004364 0.004477
0.004357 0.006565
0.004356 0.005304
0.004353 0.004376
0.004351 0.005208
0.004351 0.004839
0.004349 0.004447
0.004344 0.006507
0.004343 0.005852
0.004343 0.005291
0.004341 0.005193
0.004335 0.006783
0.004327 0.006161
0.004326 0.005696
0.004316 0.004650
0.004314 0.005883
0.004313 0.005051
0.004311 0.005772
0.004300 0.004693
0.004298 0.004522
0.004293 0.008214
0.004287 0.006159
0.004282 0.005771
0.004275 0.007241
0.004272 0.005308
0.004266 0.005520
0.004266 0.005279
0.004249 0.004355
0.004247 0.004318
0.004237 0.005463
0.004234 0.005017
0.004233 0.004584
0.004230 0.004547
0.004225 0.007474
0.004223 0.004931
0.004220 0.005238
0.004218 0.006944
0.004212 0.007798
0.004211 0.006105
0.004209 0.005033
0.004206 0.005949
0.004185 0.007055
0.004162 0.004589
0.004160 0.004464
0.004153 0.005860
0.004151 0.006525
0.004150 0.004295
0.004148 0.005933
0.004147 0.005941
0.004139 0.006724
0.004136 0.007560
0.004136 0.009233
0.004131 0.004257
0.004131 0.004330
0.004130 0.004184
0.004129 0.005039
0.004126 0.004672
0.004122 0.004855
0.004122 0.006515
0.004110 0.005596
0.004109 0.004837
0.004107 0.004377
0.004096 0.004950
0.004093 0.007657
0.004092 0.004271
0.004091 0.004661
0.004084 0.004508
0.004081 0.004241
0.004078 0.005012
0.004072 0.004572
0.004067 0.004702
0.004063 0.004468
0.004062 0.004666
0.004060 0.005248
0.004055 0.005856
0.004032 0.005234
0.004019 0.004059
0.004016 0.005507
0.004012 0.006355
0.004009 0.004034
0.004009 0.004647
0.004004 0.004330
0.003997 0.005060
0.003995 0.006197
0.003985 0.007203
0.003981 0.004203
0.003963 0.004052
0.003959 0.004708
0.003958 0.004484
0.003952 0.004765
0.003952 0.004813
0.003952 0.004980
0.003949 0.009834
0.003948 0.005270
0.003945 0.005725
0.003938 0.005971
0.003914 0.007097
0.003910 0.005217
0.003905 0.004693
0.003902 0.004715
0.003859 0.008921
0.003847 0.004372
0.003831 0.003844
0.003827 0.004755
0.003825 0.004186
0.003808 0.004548
0.003770 0.004345
0.003768 0.003878
0.003752 0.006771
0.003726 0.003745
0.003724 0.004299
0.003720 0.005249
0.003718 0.004522
0.003717 0.003873
0.003672 0.004753
0.003667 0.004685
0.003666 0.006041
0.003660 0.004831
0.003657 0.004196
0.003656 0.003868
0.003656 0.003949
0.003655 0.006295
0.003655 0.005859
0.003634 0.004681
0.003632 0.004491
0.003626 0.003820
0.003603 0.003741
0.003603 0.004110
0.003596 0.003880
0.003590 0.003680
0.003582 0.003672
0.003577 0.004021
0.003575 0.003701
0.003568 0.004160
0.003565 0.003610
0.003536 0.003865
0.003533 0.004965
0.003532 0.005417
0.003528 0.004035
0.003527 0.003585
0.003527 0.003907
0.003521 0.003675
0.003515 0.004074
0.003507 0.003722
0.003505 0.004401
0.003470 0.004266
0.003452 0.003850
0.003448 0.004575
0.003441 0.005944
0.003423 0.004660
0.003405 0.003875
0.003401 0.003698
0.003379 0.004609
0.003349 0.003554
0.003349 0.003789
0.003343 0.004139
0.003319 0.004716
0.003311 0.007037
0.003300 0.003874
0.003281 0.003343
0.003281 0.003319
0.003277 0.004387
0.003244 0.003382
0.003235 0.003458
0.003218 0.003386
0.003203 0.003308
0.003202 0.004486
0.003200 0.003494
0.003175 0.003181
0.003174 0.003400
0.003172 0.003363
0.003170 0.004648
0.003156 0.003191
0.003147 0.003174
0.003104 0.003327
0.003096 0.004321
0.003090 0.003876
0.003085 0.003312
0.003084 0.003140
0.003061 0.003302
0.003047 0.003059
0.003022 0.003957
0.003017 0.003065
0.003006 0.003020
0.002997 0.003998
0.002995 0.004761
0.002989 0.003799
0.002981 0.003217
0.002965 0.002982
0.002949 0.003075
0.002947 0.002997
0.002943 0.003621
0.002899 0.003442
0.002878 0.002976
0.002877 0.002950
0.002834 0.002838
0.002829 0.003789
0.002814 0.003478
0.002802 0.003443
0.002725 0.003098
0.002721 0.002943
0.002677 0.002869
0.002673 0.002832
0.002592 0.002821
0.002550 0.002695
0.002460 0.002476
0.002457 0.002727
0.002360 0.002370
0.002353 0.002868
0.002322 0.002395
0.002116 0.002372
0.002089 0.002192
0.002088 0.002166
0.002069 0.002239
0.002050 0.002062
0.001947 0.002070
0.001915 0.001985
0.001884 0.002202
0.001758 0.002100
0.001729 0.001805
0.001577 0.001871
