0.300196 0.330605
0.298680 0.367064
0.256662 0.261237
0.229670 0.288481
0.223068 0.266887
0.212175 0.242745
0.192658 0.202055
0.186128 0.186806
0.184650 0.210787
0.151378 0.176739
0.138530 0.144543
0.138501 0.139979
0.131925 0.158159
0.127907 0.171690
0.118660 0.123086
0.118464 0.135406
0.110477 0.112367
0.106290 0.111355
0.093979 0.094549
0.083995 0.097261
0.081277 0.088619
0.080792 0.081318
0.080650 0.092081
0.079189 0.084526
0.078354 0.083545
0.075986 0.107764
0.075083 0.078397
0.072566 0.078346
0.070282 0.097869
0.067555 0.070072
0.065282 0.085938
0.065154 0.068496
0.063923 0.077698
0.062675 0.069042
0.062299 0.069987
0.057213 0.059077
0.057116 0.095276
0.056460 0.057398
0.055651 0.056478
0.054882 0.055875
0.054543 0.079641
0.054224 0.074507
0.053195 0.059981
0.050642 0.050832
0.049612 0.052655
0.049581 0.056348
0.049481 0.060672
0.048795 0.049860
0.048732 0.057383
0.047475 0.048435
0.046354 0.051231
0.046253 0.049070
0.045552 0.097571
0.045295 0.055060
0.045199 0.045344
0.043754 0.079128
0.042136 0.042867
0.041962 0.052693
0.041200 0.042570
0.040998 0.048708
0.039967 0.047130
0.039361 0.047113
0.038556 0.040833
0.038232 0.038555
0.037876 0.045321
0.037572 0.062633
0.037464 0.042200
0.037045 0.042311
0.036925 0.039344
0.036571 0.037677
0.036527 0.039568
0.036084 0.041709
0.036049 0.051901
0.035881 0.039436
0.035674 0.052434
0.035234 0.044044
0.035211 0.048141
0.035061 0.035581
0.035030 0.043933
0.034773 0.035445
0.034166 0.035313
0.033940 0.043077
0.033792 0.043588
0.033782 0.048342
0.033557 0.037114
0.033439 0.036737
0.033226 0.047255
0.033069 0.037636
0.032838 0.035485
0.032635 0.035238
0.032571 0.033444
0.032511 0.033462
0.032267 0.038678
0.032239 0.040674
0.032052 0.034069
0.031903 0.036255
0.031829 0.052219
0.031606 0.032403
0.031436 0.033520
0.031403 0.032819
0.031233 0.038058
0.031056 0.046494
0.031033 0.036566
0.030997 0.035657
0.030735 0.038877
0.030638 0.033460
0.030633 0.055680
0.030563 0.032339
0.030516 0.053901
0.030472 0.031347
0.030146 0.047382
0.029985 0.030270
0.029816 0.030675
0.029754 0.037610
0.029744 0.032164
0.029687 0.029760
0.029437 0.031645
0.029333 0.037071
0.029321 0.031882
0.029320 0.033602
0.029239 0.031587
0.029191 0.029565
0.029154 0.029939
0.028995 0.029696
0.028638 0.028791
0.028462 0.035854
0.028454 0.031575
0.028449 0.028728
0.028444 0.028674
0.028298 0.033880
0.028270 0.035273
0.028249 0.029453
0.028219 0.042681
0.028098 0.033104
0.027738 0.034937
0.027667 0.029908
0.027632 0.033487
0.027609 0.031149
0.027478 0.050631
0.027346 0.031684
0.027340 0.033775
0.027286 0.029495
0.027188 0.035392
0.027161 0.037747
0.026939 0.029186
0.026826 0.028693
0.026799 0.026823
0.026580 0.027339
0.026543 0.040718
0.026494 0.028409
0.026423 0.027747
0.026324 0.048271
0.026019 0.028516
0.026018 0.030125
0.025854 0.029406
0.025770 0.030951
0.025721 0.027042
0.025607 0.045548
0.025588 0.033268
0.025559 0.026467
0.025519 0.026089
0.025491 0.037569
0.025467 0.032170
0.025411 0.025650
0.025226 0.051408
0.025209 0.035591
0.025142 0.031177
0.025110 0.032998
0.025066 0.034734
0.025038 0.032904
0.024984 0.026414
0.024967 0.025338
0.024894 0.026625
0.024871 0.029863
0.024821 0.032720
0.024806 0.036835
0.024781 0.027214
0.024739 0.034248
0.024625 0.024965
0.024454 0.026568
0.024427 0.037121
0.024427 0.025535
0.024379 0.024613
0.024373 0.026731
0.024189 0.027763
0.024165 0.024495
0.024135 0.039413
0.023959 0.026306
0.023932 0.050604
0.023916 0.025956
0.023889 0.026588
0.023882 0.026040
0.023835 0.028415
0.023795 0.025318
0.023779 0.024520
0.023777 0.024205
0.023693 0.035588
0.023638 0.032725
0.023587 0.025244
0.023436 0.025796
0.023433 0.039548
0.023392 0.023605
0.023385 0.026905
0.023363 0.045080
0.023347 0.033712
0.023298 0.025719
0.023279 0.037869
0.023258 0.026564
0.023246 0.030280
0.023245 0.026401
0.023179 0.023509
0.023162 0.025667
0.023149 0.023920
0.023144 0.025954
0.023136 0.041561
0.023132 0.025902
0.023124 0.027887
0.023115 0.025760
0.023108 0.027314
0.023097 0.027756
0.023069 0.029950
0.023022 0.025346
0.022813 0.024807
0.022798 0.023962
0.022785 0.023516
0.022784 0.023143
0.022723 0.023969
0.022677 0.026027
0.022658 0.025302
0.022617 0.030034
0.022564 0.027398
0.022470 0.023693
0.022445 0.024171
0.022345 0.028454
0.022301 0.025455
0.022286 0.022410
0.022193 0.026439
0.022192 0.022341
0.022165 0.023970
0.022141 0.027004
0.022068 0.024274
0.022040 0.041219
0.022004 0.025621
0.021986 0.028056
0.021915 0.027745
0.021891 0.023102
0.021891 0.026781
0.021832 0.023400
0.021800 0.022437
0.021778 0.021916
0.021778 0.022667
0.021765 0.024735
0.021763 0.023624
0.021726 0.028236
0.021700 0.027344
0.021680 0.026213
0.021640 0.031959
0.021608 0.031128
0.021594 0.024046
0.021560 0.022616
0.021556 0.023731
0.021534 0.021724
0.021521 0.031792
0.021505 0.023107
0.021491 0.024425
0.021445 0.029496
0.021443 0.030232
0.021434 0.023075
0.021396 0.023187
0.021283 0.021801
0.021247 0.021733
0.021214 0.046461
0.021213 0.023187
0.021019 0.038051
0.021010 0.021554
0.020982 0.028009
0.020965 0.051137
0.020963 0.023267
0.020959 0.022273
0.020948 0.021554
0.020908 0.025800
0.020895 0.021616
0.020817 0.023436
0.020816 0.021841
0.020797 0.022024
0.020797 0.022404
0.020705 0.022106
0.020674 0.039801
0.020638 0.029430
0.020631 0.023901
0.020566 0.022713
0.020551 0.028198
0.020549 0.023593
0.020521 0.029552
0.020420 0.025700
0.020407 0.025912
0.020350 0.027922
0.020309 0.024403
0.020275 0.026328
0.020272 0.020448
0.020170 0.025130
0.020056 0.026799
0.020027 0.028393
0.020024 0.028889
0.020014 0.020199
0.020014 0.021578
0.020003 0.022832
0.019961 0.022134
0.019943 0.023518
0.019943 0.025342
0.019916 0.022406
0.019915 0.021869
0.019900 0.025207
0.019864 0.033025
0.019826 0.022110
0.019784 0.020459
0.019717 0.034373
0.019714 0.019827
0.019704 0.022605
0.019691 0.021654
0.019664 0.030112
0.019629 0.023090
0.019586 0.021112
0.019569 0.030849
0.019565 0.022811
0.019469 0.027748
0.019459 0.021173
0.019429 0.026128
0.019427 0.034985
0.019391 0.035852
0.019308 0.021324
0.019291 0.027598
0.019285 0.019821
0.019253 0.030488
0.019226 0.028558
0.019193 0.021027
0.019182 0.039973
0.019133 0.020215
0.019133 0.026719
0.019125 0.028248
0.019110 0.019860
0.019099 0.021773
0.019075 0.022021
0.019073 0.020984
0.019052 0.019588
0.019014 0.029733
0.019010 0.019550
0.018984 0.019352
0.018946 0.020619
0.018861 0.020140
0.018833 0.021023
0.018826 0.020076
0.018792 0.019403
0.018771 0.024500
0.018755 0.023913
0.018746 0.020584
0.018683 0.021990
0.018681 0.020723
0.018660 0.023964
0.018659 0.027681
0.018585 0.020095
0.018580 0.019023
0.018573 0.019299
0.018498 0.019960
0.018496 0.018588
0.018473 0.018519
0.018436 0.028869
0.018430 0.021706
0.018428 0.023482
0.018426 0.018885
0.018408 0.020073
0.018284 0.019044
0.018271 0.033227
0.018237 0.018330
0.018224 0.024735
0.018212 0.021197
0.018206 0.021538
0.018195 0.028222
0.018155 0.021890
0.018154 0.020627
0.018144 0.018522
0.018135 0.018184
0.018125 0.018920
0.018121 0.021110
0.018103 0.020013
0.018090 0.019834
0.018041 0.018822
0.017988 0.019995
0.017985 0.018329
0.017942 0.028160
0.017942 0.022338
0.017941 0.027307
0.017935 0.019303
0.017932 0.025838
0.017930 0.020105
0.017925 0.018974
0.017879 0.022033
0.017876 0.020276
0.017864 0.018516
0.017818 0.024339
0.017748 0.017904
0.017718 0.028818
0.017684 0.031814
0.017657 0.020111
0.017657 0.019899
0.017624 0.028033
0.017606 0.018589
0.017559 0.034926
0.017558 0.019762
0.017549 0.021584
0.017535 0.018164
0.017528 0.020984
0.017527 0.025065
0.017500 0.017637
0.017499 0.019188
0.017469 0.018340
0.017436 0.019365
0.017362 0.020238
0.017361 0.024495
0.017352 0.024683
0.017345 0.021492
0.017319 0.020480
0.017297 0.029774
0.017282 0.022233
0.017272 0.023658
0.017246 0.018764
0.017242 0.022813
0.017229 0.032590
0.017215 0.022599
0.017198 0.025233
0.017193 0.023842
0.017180 0.018589
0.017176 0.034172
0.017152 0.018477
0.017147 0.020862
0.017123 0.025965
0.017109 0.031434
0.017076 0.018160
0.017059 0.025506
0.017041 0.020273
0.017035 0.026135
0.017012 0.022184
0.017004 0.017632
0.016969 0.017452
0.016965 0.018080
0.016922 0.028421
0.016918 0.017711
0.016898 0.024968
0.016894 0.018002
0.016874 0.017938
0.016869 0.016948
0.016861 0.030401
0.016859 0.017730
0.016830 0.017700
0.016823 0.029784
0.016820 0.024866
0.016798 0.017245
0.016797 0.020011
0.016791 0.017301
0.016791 0.017913
0.016669 0.018953
0.016634 0.024408
0.016621 0.022643
0.016606 0.018665
0.016583 0.016623
0.016558 0.016790
0.016434 0.017361
0.016430 0.016730
0.016427 0.017433
0.016385 0.020097
0.016371 0.022717
0.016361 0.022418
0.016360 0.021822
0.016360 0.017450
0.016351 0.016364
0.016345 0.025054
0.016342 0.032709
0.016334 0.046325
0.016319 0.031391
0.016317 0.028063
0.016274 0.026153
0.016236 0.024927
0.016220 0.016495
0.016195 0.017667
0.016194 0.031107
0.016168 0.017570
0.016167 0.017417
0.016134 0.019486
0.016130 0.034697
0.016115 0.022626
0.016104 0.031173
0.016089 0.016907
0.016070 0.021952
0.016068 0.023732
0.016068 0.020228
0.016050 0.023652
0.016043 0.017028
0.016030 0.016067
0.016014 0.018211
0.015969 0.020800
0.015967 0.016732
0.015912 0.025741
0.015901 0.028998
0.015900 0.018780
0.015893 0.015955
0.015880 0.016056
0.015859 0.019628
0.015857 0.020179
0.015847 0.023092
0.015836 0.016232
0.015827 0.020685
0.015827 0.034944
0.015824 0.020816
0.015792 0.019358
0.015748 0.026989
0.015732 0.016305
0.015726 0.017410
0.015725 0.018336
0.015721 0.016778
0.015693 0.018161
0.015673 0.015927
0.015644 0.016694
0.015626 0.017255
0.015609 0.022915
0.015578 0.021957
0.015558 0.022716
0.015558 0.018976
0.015497 0.016233
0.015469 0.015536
0.015461 0.020406
0.015414 0.017104
0.015389 0.015481
0.015365 0.021475
0.015343 0.017216
0.015324 0.018444
0.015308 0.016191
0.015283 0.016519
0.015274 0.033560
0.015268 0.016735
0.015257 0.018173
0.015254 0.018355
0.015243 0.017121
0.015241 0.018044
0.015239 0.016761
0.015238 0.023052
0.015195 0.021470
0.015190 0.019095
0.015188 0.017233
0.015183 0.015954
0.015178 0.016479
0.015141 0.024397
0.015103 0.028523
0.015079 0.017236
0.015055 0.025413
0.015035 0.016302
0.015029 0.027651
0.015023 0.023590
0.015016 0.017357
0.015012 0.015406
0.015007 0.030103
0.015002 0.021413
0.014982 0.015450
0.014970 0.016669
0.014960 0.028500
0.014945 0.021411
0.014920 0.020491
0.014919 0.019193
0.014916 0.019301
0.014905 0.014908
0.014848 0.015415
0.014832 0.016286
0.014826 0.018142
0.014808 0.022767
0.014793 0.017347
0.014786 0.018554
0.014762 0.016655
0.014759 0.019487
0.014724 0.014973
0.014717 0.018525
0.014702 0.015220
0.014696 0.021785
0.014687 0.022532
0.014662 0.017170
0.014658 0.015406
0.014657 0.015327
0.014651 0.021838
0.014648 0.019283
0.014641 0.015410
0.014620 0.015955
0.014616 0.016944
0.014592 0.015439
0.014592 0.024241
0.014580 0.017719
0.014562 0.015000
0.014548 0.021925
0.014531 0.019684
0.014522 0.015220
0.014518 0.016993
0.014487 0.019799
0.014469 0.016214
0.014466 0.015699
0.014466 0.019022
0.014462 0.025734
0.014460 0.015625
0.014456 0.031880
0.014447 0.014511
0.014410 0.014967
0.014407 0.015941
0.014392 0.015483
0.014372 0.018199
0.014370 0.015732
0.014350 0.014682
0.014341 0.020978
0.014341 0.016092
0.014333 0.016090
0.014327 0.022519
0.014313 0.029223
0.014298 0.014385
0.014286 0.016080
0.014281 0.019362
0.014263 0.015663
0.014260 0.014647
0.014248 0.018945
0.014245 0.017543
0.014229 0.015338
0.014227 0.015674
0.014222 0.014537
0.014213 0.016359
0.014203 0.015178
0.014202 0.021468
0.014199 0.018656
0.014185 0.032339
0.014170 0.023674
0.014168 0.014856
0.014148 0.020711
0.014125 0.018550
0.014110 0.022709
0.014096 0.015231
0.014094 0.017040
0.014086 0.017397
0.014081 0.019246
0.014057 0.016416
0.014057 0.015082
0.014057 0.029861
0.014047 0.015019
0.014041 0.016214
0.014036 0.030467
0.014034 0.018486
0.014011 0.032245
0.013994 0.016706
0.013993 0.014594
0.013980 0.018903
0.013952 0.016053
0.013939 0.018761
0.013916 0.014496
0.013897 0.016373
0.013895 0.016101
0.013883 0.014145
0.013860 0.017524
0.013853 0.021833
0.013851 0.017994
0.013849 0.030136
0.013845 0.017773
0.013831 0.015233
0.013807 0.014093
0.013798 0.017814
0.013794 0.013968
0.013794 0.017999
0.013793 0.025184
0.013784 0.014473
0.013782 0.014045
0.013778 0.015130
0.013754 0.014954
0.013748 0.016146
0.013734 0.016612
0.013733 0.013780
0.013730 0.017859
0.013730 0.016210
0.013722 0.028553
0.013720 0.015144
0.013678 0.016870
0.013670 0.018682
0.013661 0.014377
0.013650 0.013831
0.013649 0.014504
0.013641 0.016049
0.013636 0.014720
0.013574 0.014561
0.013570 0.015837
0.013554 0.014128
0.013549 0.017973
0.013548 0.014959
0.013545 0.013570
0.013544 0.013919
0.013543 0.023462
0.013543 0.017005
0.013535 0.015653
0.013503 0.015977
0.013488 0.014447
0.013449 0.014564
0.013447 0.013929
0.013445 0.021278
0.013431 0.013981
0.013427 0.014377
0.013426 0.016436
0.013411 0.016293
0.013406 0.016196
0.013384 0.018590
0.013382 0.022088
0.013379 0.017514
0.013376 0.013895
0.013367 0.022965
0.013353 0.013378
0.013337 0.013439
0.013317 0.025313
0.013286 0.013860
0.013284 0.015452
0.013272 0.017298
0.013267 0.025869
0.013266 0.022909
0.013254 0.016111
0.013249 0.014301
0.013244 0.018436
0.013224 0.016221
0.013221 0.016704
0.013212 0.015554
0.013185 0.013872
0.013171 0.019198
0.013168 0.013981
0.013152 0.013306
0.013147 0.029402
0.013139 0.013828
0.013135 0.016098
0.013135 0.018172
0.013115 0.014518
0.013090 0.013984
0.013088 0.015779
0.013084 0.029760
0.013079 0.017187
0.013074 0.019870
0.013069 0.014463
0.013067 0.016532
0.013066 0.018997
0.013054 0.013588
0.013043 0.015204
0.013043 0.013822
0.013022 0.013537
0.013006 0.023485
0.013004 0.013182
0.012999 0.017181
0.012985 0.023687
0.012983 0.013983
0.012969 0.017452
0.012965 0.015369
0.012963 0.013642
0.012958 0.015119
0.012930 0.020338
0.012921 0.015885
0.012918 0.017477
0.012909 0.021160
0.012902 0.013054
0.012893 0.018000
0.012856 0.025145
0.012846 0.013726
0.012838 0.014388
0.012829 0.013854
0.012827 0.016665
0.012824 0.016168
0.012820 0.013165
0.012796 0.015614
0.012792 0.014207
0.012784 0.014161
0.012779 0.013109
0.012778 0.020964
0.012700 0.013262
0.012697 0.016128
0.012694 0.013288
0.012693 0.016234
0.012691 0.019461
0.012688 0.013250
0.012649 0.013087
0.012639 0.015401
0.012633 0.014843
0.012620 0.014253
0.012614 0.018243
0.012613 0.013662
0.012597 0.014903
0.012596 0.013149
0.012594 0.013562
0.012585 0.015676
0.012578 0.013224
0.012578 0.013881
0.012577 0.015480
0.012568 0.017083
0.012560 0.019755
0.012553 0.015345
0.012553 0.014651
0.012550 0.013162
0.012540 0.013106
0.012513 0.025507
0.012513 0.013516
0.012511 0.012975
0.012498 0.013025
0.012491 0.012979
0.012487 0.024804
0.012473 0.013274
0.012452 0.016358
0.012445 0.012840
0.012439 0.013412
0.012437 0.013098
0.012419 0.012675
0.012400 0.017645
0.012388 0.014944
0.012377 0.012710
0.012373 0.014215
0.012373 0.012702
0.012364 0.015305
0.012363 0.013887
0.012360 0.014940
0.012350 0.012861
0.012350 0.014562
0.012343 0.012428
0.012328 0.012824
0.012322 0.012572
0.012311 0.014545
0.012308 0.015494
0.012296 0.012436
0.012275 0.013825
0.012261 0.012555
0.012245 0.017615
0.012231 0.015974
0.012229 0.021249
0.012224 0.012951
0.012211 0.015791
0.012203 0.012943
0.012198 0.019329
0.012193 0.016108
0.012183 0.014983
0.012178 0.015345
0.012173 0.015910
0.012171 0.016735
0.012128 0.012203
0.012105 0.021191
0.012104 0.019003
0.012102 0.013930
0.012099 0.014228
0.012092 0.016671
0.012080 0.022583
0.012070 0.013105
0.012050 0.018792
0.012049 0.017717
0.012047 0.012335
0.012046 0.013233
0.012036 0.013583
0.012031 0.016107
0.012031 0.026667
0.012031 0.012076
0.012021 0.012100
0.012010 0.019554
0.012005 0.015415
0.011995 0.014689
0.011983 0.015040
0.011978 0.013177
0.011978 0.018092
0.011942 0.012860
0.011931 0.017668
0.011927 0.014287
0.011925 0.019256
0.011917 0.018336
0.011913 0.015101
0.011913 0.014844
0.011908 0.012092
0.011903 0.012720
0.011901 0.012287
0.011897 0.012544
0.011888 0.015424
0.011884 0.012427
0.011880 0.018426
0.011879 0.014149
0.011871 0.015755
0.011838 0.013130
0.011808 0.017236
0.011799 0.013891
0.011747 0.013279
0.011727 0.011748
0.011718 0.015023
0.011700 0.014282
0.011699 0.012670
0.011686 0.014531
0.011669 0.017981
0.011669 0.016942
0.011667 0.012947
0.011655 0.013489
0.011655 0.011860
0.011647 0.012832
0.011635 0.018805
0.011593 0.013807
0.011592 0.012830
0.011580 0.012162
0.011568 0.013888
0.011567 0.020218
0.011553 0.014044
0.011543 0.013457
0.011528 0.012501
0.011518 0.020602
0.011516 0.013451
0.011493 0.011602
0.011490 0.012770
0.011489 0.016176
0.011482 0.011581
0.011477 0.011731
0.011474 0.011558
0.011473 0.015127
0.011465 0.015245
0.011459 0.012287
0.011454 0.012085
0.011445 0.013204
0.011442 0.012731
0.011431 0.015893
0.011425 0.021846
0.011420 0.026023
0.011420 0.012302
0.011410 0.017607
0.011410 0.012136
0.011409 0.014891
0.011398 0.013432
0.011383 0.015234
0.011366 0.025894
0.011362 0.012752
0.011354 0.014569
0.011351 0.016845
0.011337 0.019902
0.011336 0.013938
0.011335 0.016738
0.011319 0.011449
0.011297 0.012990
0.011290 0.015253
0.011286 0.011339
0.011283 0.017319
0.011259 0.012441
0.011251 0.018004
0.011251 0.011456
0.011249 0.016232
0.011244 0.020893
0.011237 0.012765
0.011232 0.011387
0.011229 0.014898
0.011224 0.016212
0.011219 0.018129
0.011208 0.011299
0.011203 0.017455
0.011172 0.012791
0.011167 0.017084
0.011164 0.022309
0.011161 0.011185
0.011161 0.017504
0.011153 0.011196
0.011148 0.012379
0.011146 0.013811
0.011134 0.012805
0.011129 0.011279
0.011111 0.011503
0.011101 0.022417
0.011101 0.014279
0.011099 0.012065
0.011094 0.011222
0.011090 0.014978
0.011082 0.017355
0.011072 0.015516
0.011065 0.020885
0.011062 0.020791
0.011061 0.015637
0.011044 0.012715
0.011044 0.011900
0.011036 0.016579
0.011010 0.011862
0.011005 0.013771
0.010984 0.015109
0.010980 0.014173
0.010972 0.011272
0.010971 0.018242
0.010952 0.017627
0.010948 0.012894
0.010948 0.011924
0.010943 0.011012
0.010940 0.013506
0.010938 0.012909
0.010938 0.011114
0.010934 0.019248
0.010931 0.011063
0.010927 0.013020
0.010915 0.012420
0.010911 0.012009
0.010910 0.012716
0.010906 0.025519
0.010903 0.013988
0.010899 0.011411
0.010894 0.012632
0.010881 0.011404
0.010867 0.012686
0.010856 0.012346
0.010844 0.011143
0.010844 0.011627
0.010833 0.010933
0.010816 0.019165
0.010811 0.011002
0.010809 0.013333
0.010807 0.011369
0.010793 0.010828
0.010791 0.021659
0.010787 0.010906
0.010784 0.012862
0.010784 0.013249
0.010777 0.011036
0.010770 0.010894
0.010770 0.015268
0.010768 0.012780
0.010762 0.010912
0.010761 0.011239
0.010738 0.011335
0.010730 0.013068
0.010727 0.011854
0.010723 0.012665
0.010721 0.010843
0.010711 0.010745
0.010709 0.012406
0.010705 0.014178
0.010704 0.011868
0.010703 0.014767
0.010697 0.010852
0.010696 0.012353
0.010684 0.014230
0.010676 0.011834
0.010673 0.011075
0.010673 0.012148
0.010663 0.011512
0.010661 0.014186
0.010657 0.013838
0.010656 0.015879
0.010656 0.011495
0.010652 0.014035
0.010651 0.012647
0.010650 0.017333
0.010643 0.011452
0.010631 0.012031
0.010623 0.010708
0.010621 0.013200
0.010619 0.010793
0.010619 0.023061
0.010614 0.013806
0.010612 0.010664
0.010610 0.013105
0.010607 0.011627
0.010586 0.014323
0.010584 0.013187
0.010583 0.011923
0.010571 0.018753
0.010562 0.011329
0.010562 0.016640
0.010559 0.017954
0.010554 0.012876
0.010554 0.012116
0.010548 0.011019
0.010548 0.010953
0.010541 0.011071
0.010539 0.011125
0.010521 0.011634
0.010513 0.013815
0.010513 0.011626
0.010504 0.018518
0.010497 0.021448
0.010497 0.011529
0.010482 0.011374
0.010481 0.011313
0.010480 0.018313
0.010480 0.010942
0.010469 0.012506
0.010457 0.011109
0.010455 0.010832
0.010450 0.019310
0.010450 0.010707
0.010439 0.014468
0.010424 0.010951
0.010417 0.013740
0.010406 0.015114
0.010404 0.013521
0.010396 0.010560
0.010395 0.018568
0.010388 0.011704
0.010388 0.010639
0.010375 0.011149
0.010373 0.013364
0.010367 0.012627
0.010354 0.011222
0.010336 0.013230
0.010335 0.013955
0.010328 0.010358
0.010322 0.012614
0.010322 0.010702
0.010320 0.013367
0.010313 0.013768
0.010304 0.014352
0.010300 0.010490
0.010293 0.018551
0.010290 0.021799
0.010284 0.012527
0.010282 0.013471
0.010272 0.011214
0.010271 0.015954
0.010269 0.011749
0.010268 0.014480
0.010263 0.011971
0.010261 0.012364
0.010249 0.012497
0.010240 0.010628
0.010239 0.016383
0.010230 0.011547
0.010230 0.011854
0.010226 0.013315
0.010225 0.012967
0.010216 0.010515
0.010216 0.011760
0.010202 0.012549
0.010195 0.010411
0.010193 0.013162
0.010191 0.011544
0.010185 0.010240
0.010183 0.018256
0.010175 0.011984
0.010174 0.010356
0.010164 0.010290
0.010144 0.010831
0.010144 0.011582
0.010130 0.010451
0.010123 0.011461
0.010121 0.019423
0.010120 0.012968
0.010114 0.010675
0.010094 0.013036
0.010091 0.011358
0.010091 0.014759
0.010084 0.010170
0.010084 0.011594
0.010080 0.010451
0.010080 0.010514
0.010077 0.012611
0.010070 0.010834
0.010046 0.011690
0.010041 0.011843
0.010036 0.013245
0.010035 0.010345
0.010031 0.010692
0.010027 0.010627
0.010020 0.011458
0.010005 0.010263
0.010003 0.011448
0.010000 0.010230
0.009997 0.010575
0.009989 0.011004
0.009975 0.013269
0.009975 0.011243
0.009974 0.012653
0.009964 0.010656
0.009957 0.011105
0.009952 0.011506
0.009951 0.012372
0.009945 0.010114
0.009945 0.010032
0.009944 0.012981
0.009944 0.014807
0.009928 0.011996
0.009926 0.010769
0.009920 0.011206
0.009912 0.009950
0.009907 0.010417
0.009894 0.017621
0.009894 0.012504
0.009873 0.010322
0.009873 0.009927
0.009872 0.011550
0.009860 0.010869
0.009855 0.011062
0.009845 0.020501
0.009841 0.010214
0.009834 0.010277
0.009834 0.010815
0.009828 0.011674
0.009827 0.013043
0.009822 0.010285
0.009817 0.011666
0.009813 0.010665
0.009809 0.011224
0.009806 0.010160
0.009804 0.010599
0.009803 0.010375
0.009793 0.010269
0.009793 0.010757
0.009789 0.012734
0.009777 0.010748
0.009775 0.010585
0.009769 0.011885
0.009763 0.010276
0.009757 0.014302
0.009755 0.012481
0.009746 0.011110
0.009731 0.010794
0.009731 0.010425
0.009730 0.010672
0.009728 0.011341
0.009719 0.010561
0.009716 0.010025
0.009706 0.010950
0.009705 0.009818
0.009699 0.011324
0.009691 0.017792
0.009684 0.012024
0.009680 0.011248
0.009678 0.011312
0.009670 0.012026
0.009667 0.010120
0.009655 0.010057
0.009652 0.013065
0.009640 0.011174
0.009639 0.010193
0.009631 0.010736
0.009629 0.009904
0.009625 0.012749
0.009624 0.016900
0.009611 0.011009
0.009610 0.010273
0.009607 0.010755
0.009607 0.018855
0.009602 0.010653
0.009583 0.010456
0.009573 0.014002
0.009572 0.011793
0.009568 0.012930
0.009567 0.017210
0.009563 0.013435
0.009552 0.012618
0.009552 0.015172
0.009541 0.011352
0.009539 0.012223
0.009523 0.009653
0.009521 0.013059
0.009520 0.016431
0.009518 0.013049
0.009506 0.010733
0.009505 0.011124
0.009505 0.009864
0.009503 0.010183
0.009502 0.014432
0.009502 0.010750
0.009502 0.010190
0.009497 0.016893
0.009491 0.010046
0.009483 0.016701
0.009476 0.010986
0.009473 0.009555
0.009471 0.009701
0.009470 0.009890
0.009469 0.010341
0.009456 0.011213
0.009456 0.009568
0.009452 0.009860
0.009440 0.011283
0.009427 0.016800
0.009425 0.013413
0.009413 0.011295
0.009411 0.013403
0.009408 0.009808
0.009397 0.009533
0.009394 0.010684
0.009391 0.017893
0.009390 0.010385
0.009379 0.010005
0.009375 0.010380
0.009374 0.009475
0.009374 0.009854
0.009371 0.010904
0.009356 0.009821
0.009356 0.009836
0.009351 0.017738
0.009350 0.010149
0.009348 0.011006
0.009344 0.012961
0.009341 0.012706
0.009341 0.009594
0.009340 0.009526
0.009339 0.009528
0.009338 0.011209
0.009336 0.009403
0.009333 0.010078
0.009329 0.011404
0.009324 0.014999
0.009321 0.010669
0.009321 0.010349
0.009314 0.010266
0.009298 0.011914
0.009296 0.011368
0.009288 0.009350
0.009285 0.010806
0.009282 0.009499
0.009282 0.009968
0.009282 0.010140
0.009279 0.010587
0.009270 0.010534
0.009267 0.017675
0.009265 0.009348
0.009263 0.013409
0.009243 0.009393
0.009242 0.009534
0.009242 0.013441
0.009220 0.009663
0.009220 0.014270
0.009217 0.012485
0.009203 0.014736
0.009194 0.015798
0.009192 0.012059
0.009185 0.011562
0.009181 0.012521
0.009161 0.009986
0.009161 0.015062
0.009158 0.009496
0.009150 0.009419
0.009147 0.011700
0.009142 0.010563
0.009138 0.014886
0.009134 0.010732
0.009133 0.009311
0.009131 0.009266
0.009131 0.009189
0.009122 0.018011
0.009118 0.012648
0.009109 0.015785
0.009107 0.009224
0.009105 0.009732
0.009097 0.009351
0.009094 0.010946
0.009089 0.010445
0.009080 0.011393
0.009075 0.009840
0.009070 0.009121
0.009069 0.010087
0.009058 0.009906
0.009056 0.009582
0.009046 0.011472
0.009033 0.012500
0.009029 0.009426
0.009026 0.012127
0.009023 0.014811
0.009018 0.011727
0.009014 0.009599
0.009002 0.009629
0.009000 0.009952
0.008998 0.009642
0.008996 0.009648
0.008995 0.009643
0.008990 0.009539
0.008982 0.009674
0.008976 0.010361
0.008975 0.011494
0.008965 0.009317
0.008958 0.012993
0.008956 0.009989
0.008956 0.009475
0.008954 0.009395
0.008950 0.009264
0.008948 0.009342
0.008946 0.009061
0.008943 0.013196
0.008934 0.009231
0.008920 0.012056
0.008920 0.009003
0.008918 0.013163
0.008910 0.009065
0.008910 0.010909
0.008907 0.008932
0.008904 0.013221
0.008894 0.010638
0.008893 0.015051
0.008893 0.010901
0.008890 0.009380
0.008884 0.014609
0.008880 0.011052
0.008878 0.010822
0.008874 0.011948
0.008864 0.013782
0.008864 0.011825
0.008863 0.009258
0.008861 0.009268
0.008861 0.010022
0.008860 0.009280
0.008858 0.010681
0.008851 0.009126
0.008849 0.015236
0.008833 0.010137
0.008829 0.009129
0.008829 0.013299
0.008823 0.009517
0.008813 0.010046
0.008811 0.009982
0.008809 0.013513
0.008806 0.012221
0.008805 0.013424
0.008793 0.009130
0.008793 0.009792
0.008793 0.009585
0.008791 0.013903
0.008784 0.009329
0.008783 0.015315
0.008783 0.011440
0.008782 0.009647
0.008777 0.008897
0.008768 0.008787
0.008765 0.010978
0.008762 0.008812
0.008756 0.009857
0.008751 0.012751
0.008745 0.010893
0.008737 0.010950
0.008732 0.012754
0.008728 0.010008
0.008725 0.012141
0.008722 0.010153
0.008720 0.010761
0.008708 0.008770
0.008708 0.012949
0.008707 0.012487
0.008694 0.011860
0.008693 0.009916
0.008690 0.009689
0.008686 0.008886
0.008683 0.014179
0.008678 0.008837
0.008675 0.009088
0.008664 0.009343
0.008661 0.011063
0.008656 0.017965
0.008640 0.010104
0.008635 0.011270
0.008634 0.008971
0.008627 0.011534
0.008624 0.011466
0.008619 0.010161
0.008617 0.008690
0.008614 0.008976
0.008612 0.011874
0.008610 0.013116
0.008609 0.022393
0.008601 0.018058
0.008599 0.009438
0.008598 0.014742
0.008594 0.009084
0.008586 0.008652
0.008584 0.008933
0.008579 0.011181
0.008579 0.008864
0.008571 0.011026
0.008570 0.014143
0.008564 0.010969
0.008558 0.008710
0.008553 0.009161
0.008547 0.017241
0.008543 0.009439
0.008541 0.009542
0.008532 0.012214
0.008526 0.009460
0.008524 0.020824
0.008520 0.009104
0.008519 0.011533
0.008518 0.011765
0.008516 0.012812
0.008509 0.011618
0.008508 0.008656
0.008503 0.012488
0.008503 0.010054
0.008497 0.010434
0.008494 0.008764
0.008494 0.017041
0.008484 0.008868
0.008480 0.009499
0.008478 0.009341
0.008470 0.009301
0.008455 0.017690
0.008454 0.012293
0.008453 0.009535
0.008448 0.008747
0.008446 0.008677
0.008446 0.014337
0.008433 0.010562
0.008427 0.009376
0.008426 0.015246
0.008423 0.008956
0.008420 0.008603
0.008418 0.013566
0.008415 0.008677
0.008412 0.010895
0.008406 0.009149
0.008405 0.008937
0.008403 0.009863
0.008401 0.010583
0.008398 0.010915
0.008391 0.010527
0.008391 0.008649
0.008377 0.009431
0.008368 0.009494
0.008363 0.011925
0.008362 0.011378
0.008353 0.009805
0.008353 0.011329
0.008348 0.010537
0.008347 0.014065
0.008347 0.009569
0.008346 0.009029
0.008342 0.010418
0.008341 0.008499
0.008340 0.008751
0.008336 0.009270
0.008329 0.012719
0.008327 0.008745
0.008324 0.009527
0.008320 0.010247
0.008320 0.009258
0.008318 0.008321
0.008313 0.008975
0.008308 0.012108
0.008307 0.008663
0.008304 0.008500
0.008300 0.009776
0.008300 0.016355
0.008293 0.008843
0.008292 0.008598
0.008282 0.009655
0.008281 0.009167
0.008279 0.010239
0.008278 0.013777
0.008273 0.008782
0.008271 0.017489
0.008258 0.014221
0.008247 0.008573
0.008244 0.008495
0.008241 0.010455
0.008239 0.009459
0.008237 0.008929
0.008232 0.014610
0.008231 0.012850
0.008230 0.009235
0.008230 0.017189
0.008227 0.013079
0.008224 0.010878
0.008220 0.009457
0.008216 0.008592
0.008209 0.008245
0.008198 0.008860
0.008196 0.010794
0.008194 0.008216
0.008186 0.016459
0.008185 0.011283
0.008177 0.008332
0.008174 0.008748
0.008162 0.014780
0.008159 0.013579
0.008156 0.009319
0.008153 0.012791
0.008147 0.019084
0.008134 0.009226
0.008129 0.008788
0.008129 0.008388
0.008128 0.008828
0.008127 0.013094
0.008127 0.008953
0.008124 0.008388
0.008124 0.008159
0.008124 0.008504
0.008122 0.009129
0.008121 0.009164
0.008120 0.011793
0.008119 0.009954
0.008115 0.011624
0.008105 0.012865
0.008101 0.014780
0.008099 0.008611
0.008098 0.009452
0.008097 0.009138
0.008094 0.009959
0.008092 0.009491
0.008091 0.008096
0.008084 0.009393
0.008082 0.008257
0.008081 0.008912
0.008079 0.008246
0.008076 0.011028
0.008075 0.008238
0.008072 0.012678
0.008068 0.012446
0.008067 0.016570
0.008066 0.012600
0.008064 0.013099
0.008060 0.016027
0.008053 0.009731
0.008048 0.008257
0.008048 0.009532
0.008044 0.008280
0.008042 0.008096
0.008041 0.008093
0.008040 0.011859
0.008037 0.009762
0.008036 0.008709
0.008034 0.008655
0.008033 0.008123
0.008031 0.010551
0.008029 0.008402
0.008028 0.010649
0.008027 0.008323
0.008021 0.017746
0.008015 0.013661
0.008013 0.008479
0.008008 0.009763
0.008004 0.019233
0.008001 0.008546
0.007997 0.008751
0.007987 0.008253
0.007978 0.008441
0.007977 0.008089
0.007976 0.011276
0.007973 0.008042
0.007973 0.008483
0.007967 0.011686
0.007954 0.008130
0.007953 0.008852
0.007952 0.008107
0.007952 0.008677
0.007948 0.009934
0.007943 0.008156
0.007942 0.008562
0.007938 0.009041
0.007934 0.008331
0.007933 0.010397
0.007932 0.015259
0.007931 0.009487
0.007930 0.009336
0.007929 0.014451
0.007928 0.010504
0.007925 0.010858
0.007920 0.011890
0.007919 0.012167
0.007913 0.008525
0.007904 0.008198
0.007899 0.011146
0.007897 0.010593
0.007895 0.008848
0.007887 0.014759
0.007883 0.009003
0.007882 0.008667
0.007881 0.009264
0.007881 0.008874
0.007873 0.008152
0.007872 0.008476
0.007870 0.011012
0.007869 0.010253
0.007867 0.008841
0.007867 0.011531
0.007866 0.008194
0.007863 0.008596
0.007859 0.008063
0.007851 0.008040
0.007850 0.008234
0.007828 0.017175
0.007825 0.007911
0.007823 0.009731
0.007822 0.012382
0.007816 0.015264
0.007816 0.010836
0.007809 0.008368
0.007800 0.015582
0.007800 0.009397
0.007800 0.014225
0.007799 0.014301
0.007790 0.008250
0.007789 0.008682
0.007787 0.008624
0.007786 0.008760
0.007785 0.008537
0.007783 0.008897
0.007783 0.007876
0.007772 0.009159
0.007772 0.008067
0.007762 0.009076
0.007760 0.009159
0.007756 0.009657
0.007752 0.013018
0.007735 0.008465
0.007734 0.008223
0.007732 0.011051
0.007729 0.009083
0.007722 0.013834
0.007720 0.009313
0.007718 0.012414
0.007717 0.015009
0.007715 0.008842
0.007712 0.011944
0.007711 0.007996
0.007703 0.008443
0.007702 0.008144
0.007696 0.008123
0.007695 0.008502
0.007691 0.012428
0.007686 0.008884
0.007684 0.009670
0.007683 0.009462
0.007683 0.015973
0.007681 0.007844
0.007679 0.014303
0.007665 0.010760
0.007659 0.013168
0.007654 0.010448
0.007651 0.008162
0.007649 0.008796
0.007645 0.009409
0.007635 0.007795
0.007632 0.007640
0.007626 0.009510
0.007625 0.008772
0.007621 0.008748
0.007620 0.011342
0.007617 0.008564
0.007615 0.009656
0.007611 0.008188
0.007608 0.014474
0.007606 0.009512
0.007599 0.012828
0.007598 0.010668
0.007594 0.011113
0.007583 0.008240
0.007581 0.007681
0.007581 0.013133
0.007579 0.011223
0.007579 0.009622
0.007578 0.016549
0.007577 0.015031
0.007576 0.007642
0.007573 0.007832
0.007567 0.008582
0.007565 0.008580
0.007559 0.014530
0.007558 0.012180
0.007558 0.008682
0.007558 0.011244
0.007552 0.007600
0.007550 0.010090
0.007549 0.008516
0.007547 0.007713
0.007547 0.007580
0.007547 0.008302
0.007544 0.008621
0.007538 0.013916
0.007537 0.009691
0.007527 0.008556
0.007520 0.011567
0.007502 0.018021
0.007502 0.008904
0.007498 0.008033
0.007494 0.007904
0.007493 0.008622
0.007490 0.009076
0.007487 0.009636
0.007481 0.008960
0.007474 0.008279
0.007470 0.009505
0.007469 0.009632
0.007464 0.007870
0.007455 0.008665
0.007450 0.008955
0.007444 0.012085
0.007440 0.008157
0.007439 0.007923
0.007427 0.007635
0.007423 0.011532
0.007421 0.010848
0.007413 0.011220
0.007412 0.007495
0.007410 0.007449
0.007410 0.009952
0.007405 0.009221
0.007391 0.008301
0.007387 0.009737
0.007387 0.007839
0.007384 0.017179
0.007383 0.007767
0.007380 0.009513
0.007377 0.015390
0.007376 0.007942
0.007368 0.007909
0.007363 0.011611
0.007360 0.011573
0.007358 0.007536
0.007357 0.014509
0.007355 0.008230
0.007353 0.007997
0.007352 0.016595
0.007351 0.016574
0.007341 0.007552
0.007335 0.009680
0.007333 0.010897
0.007333 0.007346
0.007325 0.007665
0.007319 0.009387
0.007311 0.008104
0.007310 0.008023
0.007310 0.010150
0.007308 0.009148
0.007305 0.007330
0.007299 0.009677
0.007296 0.008119
0.007296 0.007461
0.007295 0.013156
0.007284 0.011744
0.007284 0.007680
0.007278 0.007283
0.007274 0.009423
0.007272 0.008527
0.007255 0.007938
0.007254 0.007910
0.007254 0.008739
0.007249 0.017846
0.007242 0.008037
0.007242 0.008380
0.007239 0.008473
0.007237 0.007840
0.007237 0.008231
0.007235 0.014941
0.007227 0.010942
0.007227 0.008202
0.007227 0.007907
0.007224 0.008423
0.007220 0.007645
0.007220 0.007695
0.007215 0.008681
0.007213 0.009524
0.007212 0.010918
0.007207 0.010543
0.007205 0.007986
0.007205 0.014184
0.007203 0.007296
0.007202 0.009744
0.007200 0.007651
0.007199 0.008904
0.007198 0.011934
0.007197 0.011926
0.007191 0.007690
0.007189 0.007555
0.007186 0.009534
0.007183 0.014507
0.007173 0.008098
0.007170 0.011708
0.007168 0.008364
0.007167 0.008298
0.007166 0.007202
0.007166 0.008839
0.007165 0.007393
0.007163 0.007280
0.007161 0.007773
0.007161 0.010695
0.007157 0.007505
0.007151 0.009083
0.007139 0.008342
0.007137 0.010238
0.007137 0.010223
0.007136 0.007613
0.007136 0.007527
0.007136 0.008654
0.007135 0.008353
0.007133 0.010490
0.007127 0.010273
0.007125 0.009111
0.007123 0.007208
0.007123 0.007354
0.007120 0.009335
0.007119 0.009296
0.007103 0.008278
0.007102 0.009270
0.007096 0.008501
0.007091 0.007370
0.007090 0.007347
0.007087 0.007836
0.007084 0.007939
0.007077 0.007284
0.007074 0.009336
0.007074 0.012344
0.007071 0.008088
0.007071 0.007574
0.007063 0.009054
0.007058 0.010396
0.007055 0.008408
0.007052 0.010280
0.007050 0.011306
0.007042 0.010083
0.007040 0.007967
0.007037 0.009482
0.007033 0.011190
0.007028 0.013902
0.007028 0.009511
0.007024 0.007097
0.007021 0.008917
0.007021 0.010509
0.007019 0.007173
0.007017 0.018244
0.007016 0.007157
0.007015 0.008732
0.007009 0.010067
0.007005 0.008968
0.007004 0.010474
0.007002 0.007141
0.007002 0.008982
0.007000 0.007063
0.006990 0.007199
0.006987 0.009866
0.006979 0.007514
0.006978 0.007095
0.006971 0.007581
0.006963 0.007465
0.006960 0.010462
0.006954 0.007181
0.006947 0.006991
0.006944 0.008091
0.006940 0.007592
0.006936 0.007396
0.006935 0.011440
0.006931 0.008222
0.006925 0.007501
0.006921 0.008609
0.006917 0.006941
0.006917 0.008086
0.006915 0.007082
0.006915 0.010448
0.006909 0.008871
0.006907 0.007314
0.006907 0.009168
0.006904 0.009914
0.006903 0.011105
0.006899 0.007310
0.006892 0.008446
0.006889 0.007302
0.006886 0.012881
0.006886 0.008089
0.006884 0.008995
0.006881 0.007595
0.006874 0.009254
0.006873 0.007600
0.006868 0.006981
0.006867 0.007338
0.006860 0.008827
0.006858 0.007034
0.006855 0.009437
0.006837 0.007132
0.006836 0.007793
0.006826 0.008472
0.006825 0.010324
0.006825 0.010744
0.006825 0.013437
0.006824 0.009679
0.006818 0.010884
0.006814 0.006962
0.006813 0.007252
0.006812 0.007922
0.006810 0.009650
0.006809 0.009180
0.006808 0.011674
0.006808 0.007785
0.006807 0.008543
0.006805 0.007842
0.006805 0.007219
0.006804 0.008908
0.006800 0.007852
0.006800 0.013606
0.006798 0.008467
0.006795 0.009715
0.006794 0.007299
0.006791 0.010116
0.006785 0.010757
0.006784 0.006891
0.006782 0.007235
0.006782 0.007918
0.006779 0.011051
0.006779 0.007624
0.006779 0.007737
0.006778 0.007174
0.006777 0.008182
0.006771 0.007581
0.006771 0.007601
0.006767 0.007373
0.006764 0.013933
0.006763 0.006951
0.006755 0.007242
0.006752 0.008960
0.006750 0.009401
0.006750 0.010228
0.006750 0.007356
0.006749 0.007218
0.006747 0.007573
0.006744 0.007681
0.006737 0.008784
0.006734 0.007962
0.006734 0.006874
0.006729 0.008075
0.006725 0.010159
0.006717 0.007330
0.006715 0.008796
0.006714 0.008675
0.006713 0.007075
0.006696 0.012966
0.006692 0.006923
0.006687 0.014390
0.006686 0.007781
0.006674 0.009330
0.006672 0.006967
0.006655 0.008185
0.006654 0.011705
0.006651 0.012369
0.006637 0.009676
0.006635 0.008821
0.006627 0.006959
0.006627 0.013305
0.006627 0.009820
0.006625 0.008290
0.006624 0.008358
0.006623 0.010159
0.006617 0.009334
0.006611 0.013242
0.006610 0.010527
0.006599 0.006726
0.006591 0.010377
0.006591 0.006705
0.006589 0.007750
0.006588 0.008122
0.006587 0.010353
0.006586 0.008957
0.006583 0.007418
0.006579 0.007947
0.006579 0.006739
0.006578 0.006900
0.006575 0.006911
0.006569 0.008440
0.006566 0.007046
0.006563 0.010145
0.006561 0.010368
0.006560 0.007290
0.006553 0.009030
0.006552 0.007717
0.006552 0.012734
0.006540 0.007548
0.006532 0.008618
0.006530 0.007300
0.006529 0.007576
0.006527 0.012107
0.006522 0.007948
0.006522 0.006629
0.006517 0.012017
0.006515 0.006656
0.006512 0.008166
0.006505 0.007243
0.006502 0.007434
0.006501 0.007778
0.006496 0.008353
0.006492 0.013797
0.006491 0.006513
0.006490 0.006894
0.006489 0.006937
0.006488 0.007149
0.006488 0.011280
0.006487 0.008653
0.006483 0.008867
0.006481 0.006976
0.006478 0.009228
0.006478 0.007153
0.006471 0.007664
0.006467 0.006701
0.006459 0.006891
0.006459 0.006730
0.006457 0.009308
0.006456 0.007354
0.006454 0.008560
0.006453 0.009243
0.006452 0.010268
0.006441 0.008803
0.006440 0.007371
0.006439 0.006941
0.006437 0.007296
0.006435 0.006666
0.006422 0.006531
0.006417 0.009503
0.006415 0.006430
0.006406 0.007776
0.006406 0.009192
0.006397 0.008686
0.006396 0.007616
0.006393 0.008969
0.006392 0.007232
0.006391 0.011720
0.006384 0.008623
0.006384 0.009680
0.006383 0.006481
0.006383 0.007470
0.006383 0.007834
0.006382 0.009266
0.006381 0.010224
0.006376 0.016957
0.006374 0.010094
0.006364 0.006550
0.006363 0.008155
0.006358 0.013704
0.006334 0.013470
0.006327 0.008022
0.006311 0.008060
0.006310 0.007174
0.006305 0.007373
0.006302 0.007249
0.006294 0.006551
0.006293 0.007541
0.006291 0.006970
0.006290 0.013985
0.006287 0.013735
0.006287 0.006705
0.006285 0.011495
0.006278 0.006770
0.006275 0.006698
0.006274 0.008748
0.006272 0.010786
0.006269 0.006423
0.006267 0.008373
0.006266 0.009753
0.006262 0.007534
0.006260 0.006566
0.006256 0.009408
0.006251 0.006448
0.006231 0.007592
0.006223 0.008371
0.006221 0.010837
0.006215 0.008895
0.006208 0.007584
0.006201 0.007546
0.006197 0.006725
0.006197 0.010893
0.006186 0.006283
0.006181 0.006419
0.006177 0.009122
0.006176 0.009094
0.006172 0.010925
0.006171 0.011124
0.006161 0.006591
0.006159 0.006432
0.006156 0.008135
0.006151 0.006723
0.006149 0.008293
0.006146 0.007169
0.006138 0.011416
0.006136 0.006440
0.006135 0.006581
0.006129 0.006730
0.006128 0.006335
0.006127 0.006263
0.006126 0.007857
0.006122 0.006950
0.006120 0.006176
0.006118 0.009896
0.006117 0.006998
0.006117 0.009845
0.006116 0.006691
0.006114 0.006142
0.006110 0.007096
0.006108 0.006628
0.006107 0.006114
0.006107 0.007440
0.006102 0.006870
0.006101 0.011055
0.006100 0.006277
0.006093 0.008196
0.006091 0.007399
0.006089 0.006614
0.006089 0.007523
0.006087 0.007359
0.006085 0.006149
0.006084 0.006985
0.006081 0.012996
0.006074 0.006460
0.006073 0.007365
0.006070 0.011423
0.006068 0.007924
0.006067 0.007476
0.006063 0.010475
0.006063 0.007567
0.006062 0.007121
0.006053 0.007431
0.006053 0.010402
0.006049 0.007115
0.006042 0.008470
0.006029 0.007034
0.006028 0.006120
0.006024 0.008033
0.006020 0.006133
0.006017 0.006118
0.006014 0.011790
0.006012 0.006294
0.006010 0.006751
0.006009 0.006729
0.006007 0.008282
0.006001 0.006183
0.006001 0.006797
0.005997 0.006609
0.005996 0.008084
0.005995 0.016698
0.005992 0.009513
0.005987 0.010765
0.005985 0.007633
0.005973 0.005984
0.005967 0.008352
0.005965 0.007131
0.005964 0.008375
0.005960 0.007632
0.005956 0.006661
0.005956 0.006996
0.005947 0.014036
0.005945 0.011439
0.005938 0.008312
0.005937 0.006340
0.005929 0.007815
0.005919 0.007066
0.005917 0.007848
0.005905 0.007919
0.005903 0.006905
0.005894 0.006354
0.005887 0.006243
0.005886 0.007048
0.005875 0.006479
0.005874 0.007449
0.005871 0.009279
0.005869 0.005876
0.005868 0.007489
0.005868 0.007038
0.005866 0.008524
0.005860 0.009407
0.005858 0.007089
0.005857 0.008798
0.005856 0.006447
0.005856 0.006110
0.005843 0.005843
0.005840 0.006316
0.005837 0.010848
0.005834 0.005844
0.005833 0.005999
0.005832 0.006352
0.005821 0.006232
0.005820 0.006027
0.005819 0.005897
0.005819 0.008486
0.005810 0.006456
0.005809 0.006393
0.005805 0.005810
0.005803 0.007102
0.005803 0.008331
0.005797 0.005857
0.005796 0.008091
0.005789 0.006081
0.005786 0.009354
0.005780 0.006528
0.005778 0.006295
0.005773 0.007138
0.005769 0.005980
0.005768 0.006144
0.005753 0.006606
0.005743 0.007193
0.005742 0.009604
0.005737 0.008032
0.005737 0.008772
0.005731 0.006122
0.005730 0.008210
0.005727 0.013089
0.005726 0.005836
0.005726 0.007083
0.005722 0.005853
0.005722 0.005871
0.005719 0.005843
0.005717 0.006097
0.005716 0.007221
0.005713 0.006193
0.005707 0.005867
0.005705 0.007707
0.005705 0.006034
0.005703 0.008346
0.005702 0.007300
0.005699 0.005822
0.005695 0.007415
0.005692 0.006585
0.005692 0.005830
0.005686 0.006184
0.005686 0.006682
0.005681 0.006420
0.005671 0.010251
0.005667 0.006168
0.005666 0.007818
0.005661 0.005671
0.005651 0.008653
0.005645 0.008150
0.005643 0.007722
0.005642 0.007045
0.005641 0.007739
0.005640 0.009690
0.005632 0.006801
0.005630 0.008002
0.005622 0.006065
0.005620 0.006110
0.005617 0.005913
0.005614 0.006463
0.005612 0.007813
0.005602 0.006981
0.005599 0.005637
0.005595 0.007075
0.005588 0.007109
0.005580 0.008408
0.005569 0.006118
0.005566 0.008799
0.005563 0.010820
0.005562 0.005789
0.005552 0.005902
0.005551 0.007063
0.005547 0.007403
0.005542 0.010661
0.005541 0.008361
0.005537 0.007627
0.005533 0.010389
0.005529 0.006274
0.005524 0.009094
0.005517 0.014309
0.005508 0.005731
0.005505 0.006156
0.005505 0.005893
0.005505 0.008056
0.005505 0.005714
0.005505 0.005665
0.005502 0.006922
0.005489 0.005661
0.005483 0.005599
0.005482 0.011987
0.005466 0.005589
0.005455 0.006621
0.005453 0.005981
0.005453 0.005929
0.005448 0.006281
0.005439 0.005530
0.005434 0.006056
0.005430 0.005552
0.005426 0.006917
0.005425 0.006624
0.005423 0.006740
0.005423 0.005486
0.005423 0.009296
0.005421 0.006600
0.005408 0.006899
0.005403 0.008409
0.005401 0.008533
0.005397 0.006037
0.005382 0.005567
0.005378 0.006235
0.005371 0.005744
0.005364 0.007434
0.005362 0.009396
0.005355 0.007284
0.005355 0.006471
0.005354 0.006016
0.005344 0.006061
0.005337 0.005668
0.005337 0.006087
0.005334 0.005386
0.005334 0.008750
0.005327 0.007991
0.005320 0.009004
0.005313 0.007973
0.005312 0.008886
0.005300 0.011835
0.005300 0.006916
0.005299 0.007863
0.005282 0.007078
0.005278 0.005460
0.005265 0.005760
0.005263 0.005430
0.005246 0.007278
0.005245 0.006155
0.005234 0.006251
0.005230 0.006484
0.005222 0.005992
0.005216 0.008279
0.005215 0.009044
0.005209 0.005664
0.005193 0.007481
0.005189 0.005308
0.005189 0.006427
0.005182 0.006254
0.005180 0.006781
0.005180 0.008181
0.005176 0.006285
0.005160 0.006308
0.005160 0.006922
0.005158 0.005835
0.005157 0.005280
0.005154 0.006058
0.005151 0.007654
0.005145 0.005849
0.005144 0.005230
0.005143 0.005395
0.005143 0.007559
0.005141 0.006141
0.005133 0.007196
0.005124 0.005193
0.005120 0.005563
0.005114 0.007502
0.005109 0.007668
0.005109 0.007003
0.005107 0.006688
0.005105 0.006057
0.005104 0.005567
0.005103 0.007641
0.005102 0.005387
0.005096 0.005701
0.005094 0.009019
0.005084 0.007954
0.005082 0.008888
0.005080 0.005469
0.005079 0.006682
0.005076 0.007172
0.005068 0.006619
0.005063 0.005333
0.005054 0.006689
0.005052 0.005121
0.005051 0.005587
0.005043 0.011118
0.005040 0.008006
0.005038 0.005735
0.005037 0.005162
0.005020 0.005900
0.005017 0.005565
0.005003 0.006047
0.005002 0.005615
0.005001 0.006481
0.005000 0.005659
0.004998 0.006063
0.004982 0.006088
0.004971 0.005797
0.004970 0.004977
0.004966 0.005889
0.004963 0.006646
0.004962 0.005841
0.004947 0.006972
0.004944 0.007036
0.004943 0.006330
0.004943 0.007130
0.004939 0.006388
0.004932 0.005212
0.004929 0.005064
0.004920 0.006171
0.004909 0.006098
0.004900 0.004910
0.004896 0.005287
0.004891 0.005841
0.004889 0.005827
0.004880 0.005570
0.004876 0.005340
0.004875 0.005724
0.004862 0.005578
0.004846 0.004907
0.004832 0.005108
0.004812 0.005944
0.004810 0.006205
0.004808 0.011244
0.004801 0.004933
0.004771 0.005119
0.004767 0.005014
0.004761 0.005383
0.004754 0.004793
0.004749 0.006853
0.004740 0.005128
0.004735 0.004806
0.004735 0.004891
0.004729 0.005176
0.004729 0.005077
0.004729 0.006281
0.004724 0.006725
0.004722 0.005315
0.004702 0.007057
0.004685 0.004976
0.004682 0.004751
0.004667 0.004766
0.004659 0.005299
0.004652 0.006777
0.004645 0.004713
0.004644 0.004722
0.004631 0.005084
0.004630 0.006681
0.004616 0.006502
0.004612 0.004819
0.004611 0.005447
0.004608 0.004768
0.004605 0.005949
0.004592 0.004899
0.004587 0.005283
0.004581 0.005038
0.004563 0.006678
0.004558 0.004696
0.004548 0.004589
0.004545 0.005050
0.004532 0.005629
0.004531 0.007144
0.004527 0.005886
0.004515 0.005547
0.004513 0.004810
0.004513 0.006524
0.004501 0.005201
0.004494 0.005486
0.004494 0.006360
0.004486 0.004964
0.004476 0.006157
0.004474 0.005957
0.004464 0.004954
0.004463 0.004952
0.004447 0.004891
0.004445 0.006599
0.004427 0.005341
0.004399 0.004477
0.004388 0.005044
0.004367 0.005648
0.004366 0.004709
0.004360 0.005703
0.004351 0.004642
0.004351 0.004990
0.004347 0.004897
0.004346 0.004415
0.004343 0.004669
0.004328 0.004331
0.004314 0.006287
0.004285 0.005307
0.004236 0.004546
0.004224 0.004711
0.004221 0.004346
0.004219 0.004380
0.004212 0.004593
0.004205 0.005690
0.004192 0.005021
0.004189 0.005772
0.004167 0.004629
0.004165 0.004751
0.004160 0.005115
0.004157 0.004788
0.004147 0.004347
0.004146 0.004362
0.004144 0.004247
0.004123 0.004165
0.004114 0.004523
0.004112 0.005333
0.004109 0.004432
0.004108 0.005710
0.004087 0.004293
0.004070 0.004361
0.004057 0.004647
0.004043 0.004139
0.004017 0.006377
0.003998 0.004790
0.003978 0.004271
0.003977 0.004631
0.003977 0.004227
0.003974 0.004195
0.003973 0.003990
0.003968 0.004702
0.003954 0.004297
0.003917 0.005785
0.003890 0.005759
0.003883 0.007750
0.003855 0.004108
0.003845 0.004445
0.003810 0.004195
0.003802 0.003948
0.003762 0.003949
0.003753 0.003804
0.003741 0.003919
0.003737 0.003821
0.003710 0.003985
0.003678 0.004045
0.003632 0.003705
0.003612 0.003636
0.003594 0.003724
0.003559 0.003903
0.003513 0.003950
0.003502 0.003696
0.003483 0.007085
0.003467 0.004632
0.003455 0.005009
0.003440 0.003784
0.003439 0.003461
0.003414 0.003860
0.003412 0.003911
0.003368 0.004095
0.003323 0.003778
0.003179 0.003528
0.003158 0.003308
0.003119 0.003328
0.003082 0.003426
0.003053 0.003080
0.002968 0.003349
0.002952 0.003084
0.002932 0.003263
0.002870 0.003592
0.002809 0.003086
0.002677 0.002917
0.002608 0.002631
0.002515 0.002676
0.002456 0.002532
0.002447 0.002505
0.002403 0.002424
0.002398 0.002648
0.002264 0.002314
0.002160 0.002407
0.002015 0.002085
