0.211685 0.269140
0.105223 0.117271
0.104141 0.110760
0.100628 0.106308
0.098774 0.113697
0.089906 0.111072
0.086249 0.123121
0.081507 0.103783
0.077579 0.098642
0.076557 0.094413
0.072908 0.145602
0.066831 0.071761
0.064730 0.073125
0.062651 0.082209
0.062552 0.090016
0.060161 0.082952
0.059533 0.066069
0.058608 0.066765
0.057950 0.104914
0.057553 0.083443
0.056438 0.073710
0.055166 0.057289
0.054441 0.058456
0.053520 0.072031
0.052255 0.061496
0.052102 0.054225
0.049385 0.050821
0.049330 0.050432
0.048086 0.050139
0.047915 0.066447
0.046246 0.051662
0.046162 0.052328
0.045962 0.049629
0.045074 0.048533
0.045004 0.045904
0.044795 0.051014
0.043886 0.054802
0.043436 0.045566
0.043408 0.046097
0.043114 0.045886
0.043004 0.044524
0.042825 0.050271
0.042781 0.059180
0.042612 0.051368
0.042552 0.047901
0.042408 0.051234
0.041592 0.044006
0.041367 0.041661
0.040935 0.047757
0.040872 0.043293
0.040807 0.052274
0.040751 0.043559
0.040605 0.056195
0.040532 0.046365
0.040419 0.051716
0.040256 0.045018
0.040035 0.044872
0.039416 0.052089
0.039290 0.058586
0.039207 0.040504
0.038891 0.041339
0.038389 0.045910
0.037888 0.050537
0.037764 0.039360
0.037297 0.043295
0.036799 0.037853
0.036756 0.039144
0.036300 0.047321
0.035900 0.043171
0.035532 0.035716
0.035532 0.035688
0.035196 0.036521
0.035180 0.035772
0.034474 0.035108
0.033239 0.036290
0.033180 0.037225
0.033002 0.040323
0.032572 0.037036
0.032531 0.034527
0.032515 0.032897
0.032220 0.032539
0.032172 0.034254
0.032101 0.038440
0.032051 0.032998
0.031948 0.038903
0.031823 0.051261
0.031644 0.032031
0.031163 0.033036
0.031145 0.035014
0.031004 0.031954
0.030978 0.032293
0.030864 0.036973
0.030542 0.034204
0.030530 0.036782
0.030358 0.033467
0.030174 0.034229
0.030103 0.030154
0.029938 0.030576
0.029892 0.031191
0.029847 0.032753
0.029821 0.035710
0.029808 0.047629
0.029727 0.033572
0.029672 0.038338
0.029331 0.040947
0.029294 0.031964
0.029239 0.029885
0.029218 0.029461
0.028849 0.032881
0.028789 0.035793
0.028771 0.030996
0.028608 0.035874
0.028589 0.030128
0.028212 0.031456
0.028145 0.028153
0.028108 0.035514
0.028107 0.034993
0.027880 0.032076
0.027694 0.028601
0.027645 0.032772
0.027486 0.031352
0.027427 0.031025
0.027291 0.029219
0.027278 0.028889
0.027218 0.029154
0.027160 0.027572
0.026971 0.033532
0.026885 0.027173
0.026601 0.032154
0.026389 0.042549
0.026330 0.027279
0.025725 0.026435
0.025711 0.028065
0.025650 0.029962
0.025549 0.036130
0.025493 0.027010
0.025340 0.035267
0.025246 0.025416
0.025186 0.038623
0.025110 0.029879
0.024884 0.035351
0.024840 0.026504
0.024826 0.030527
0.024675 0.034050
0.024586 0.033234
0.024389 0.027749
0.024385 0.026828
0.024359 0.035379
0.024349 0.038695
0.024169 0.033952
0.024083 0.024943
0.023672 0.028712
0.023663 0.024375
0.023650 0.028397
0.023616 0.025029
0.023596 0.024288
0.023558 0.029931
0.023538 0.027725
0.023466 0.023552
0.023257 0.031650
0.023243 0.025566
0.023182 0.023788
0.023159 0.024237
0.023147 0.033373
0.023055 0.024703
0.022951 0.023665
0.022890 0.035696
0.022880 0.026498
0.022797 0.023882
0.022783 0.034127
0.022757 0.026408
0.022750 0.032337
0.022580 0.025657
0.022549 0.022658
0.022430 0.032802
0.022415 0.023855
0.022382 0.032643
0.022368 0.025169
0.022172 0.022977
0.022084 0.022837
0.022056 0.024066
0.022010 0.025805
0.021920 0.034100
0.021872 0.021925
0.021841 0.023994
0.021805 0.022949
0.021790 0.023776
0.021539 0.022348
0.021475 0.022378
0.021408 0.031182
0.021327 0.022475
0.021309 0.030226
0.021304 0.022702
0.021292 0.030253
0.021247 0.029349
0.021202 0.032576
0.021184 0.023806
0.021152 0.021334
0.021073 0.022584
0.021048 0.027909
0.021029 0.021621
0.020982 0.021012
0.020982 0.022489
0.020973 0.021892
0.020955 0.021190
0.020867 0.023705
0.020845 0.026771
0.020752 0.021226
0.020670 0.021381
0.020640 0.023285
0.020432 0.023691
0.020382 0.023941
0.020373 0.023230
0.020335 0.021701
0.020305 0.024761
0.020231 0.028886
0.020222 0.030558
0.020183 0.021534
0.020090 0.020281
0.020090 0.023365
0.019996 0.020714
0.019983 0.023798
0.019976 0.027424
0.019973 0.020700
0.019947 0.025234
0.019912 0.020638
0.019910 0.034408
0.019897 0.024966
0.019861 0.023285
0.019830 0.024692
0.019827 0.034200
0.019737 0.020812
0.019715 0.020860
0.019707 0.022485
0.019699 0.020265
0.019693 0.020471
0.019643 0.021121
0.019628 0.020766
0.019566 0.023782
0.019456 0.019994
0.019408 0.019529
0.019364 0.023046
0.019276 0.021271
0.019259 0.028084
0.019209 0.024769
0.019204 0.020888
0.019201 0.020909
0.019193 0.019571
0.019155 0.026270
0.019105 0.023409
0.019102 0.019304
0.019031 0.025640
0.019003 0.019116
0.018930 0.020649
0.018744 0.027421
0.018719 0.024120
0.018715 0.019191
0.018610 0.018720
0.018591 0.028078
0.018546 0.034322
0.018486 0.023777
0.018467 0.018776
0.018441 0.023238
0.018426 0.024235
0.018382 0.023978
0.018364 0.021762
0.018320 0.019641
0.018281 0.020911
0.018255 0.019826
0.018245 0.018292
0.018235 0.019409
0.018231 0.019575
0.018227 0.025543
0.018174 0.018432
0.018087 0.029250
0.018078 0.019108
0.018034 0.018735
0.017992 0.018305
0.017977 0.020033
0.017962 0.021123
0.017927 0.022581
0.017883 0.019448
0.017782 0.020222
0.017731 0.027026
0.017727 0.017925
0.017704 0.017866
0.017678 0.020866
0.017657 0.018331
0.017626 0.017860
0.017602 0.023642
0.017576 0.027488
0.017572 0.017581
0.017566 0.019750
0.017564 0.021982
0.017562 0.021845
0.017471 0.021693
0.017457 0.017952
0.017443 0.024357
0.017420 0.022889
0.017390 0.019152
0.017380 0.020897
0.017378 0.017477
0.017367 0.018725
0.017346 0.023538
0.017331 0.020330
0.017275 0.028503
0.017259 0.019757
0.017254 0.020022
0.017224 0.020254
0.017218 0.017460
0.017200 0.025328
0.017175 0.026843
0.017174 0.022866
0.017141 0.017613
0.017112 0.024115
0.016998 0.017323
0.016965 0.017631
0.016792 0.017513
0.016770 0.016804
0.016715 0.017979
0.016700 0.026847
0.016688 0.024553
0.016676 0.018306
0.016659 0.017750
0.016643 0.018004
0.016635 0.016848
0.016628 0.045837
0.016597 0.018853
0.016521 0.021281
0.016518 0.024523
0.016471 0.026836
0.016452 0.017516
0.016418 0.017591
0.016358 0.016958
0.016320 0.018614
0.016309 0.022134
0.016304 0.019291
0.016292 0.018662
0.016181 0.028402
0.016165 0.022854
0.016114 0.023154
0.016048 0.024225
0.016004 0.020773
0.015961 0.029574
0.015959 0.023496
0.015880 0.017898
0.015832 0.021779
0.015827 0.018144
0.015796 0.021261
0.015795 0.016322
0.015784 0.016464
0.015782 0.020001
0.015761 0.019476
0.015758 0.026455
0.015741 0.016807
0.015721 0.018030
0.015711 0.015842
0.015708 0.020203
0.015669 0.016146
0.015645 0.015838
0.015629 0.022997
0.015618 0.015949
0.015604 0.022976
0.015590 0.016570
0.015550 0.019383
0.015542 0.016282
0.015513 0.017918
0.015512 0.022731
0.015503 0.018523
0.015484 0.026432
0.015413 0.018715
0.015411 0.020893
0.015324 0.020870
0.015317 0.016370
0.015314 0.015811
0.015310 0.023823
0.015307 0.021250
0.015240 0.016487
0.015236 0.025313
0.015212 0.016334
0.015194 0.020304
0.015185 0.021540
0.015150 0.015192
0.015107 0.027408
0.015079 0.024312
0.015074 0.015621
0.015053 0.015881
0.015044 0.015769
0.015040 0.024871
0.015039 0.023309
0.015037 0.015645
0.015013 0.020407
0.015012 0.016553
0.014965 0.016785
0.014960 0.022259
0.014919 0.024945
0.014906 0.015496
0.014901 0.024146
0.014848 0.032363
0.014840 0.024833
0.014835 0.016292
0.014805 0.020409
0.014779 0.021585
0.014774 0.019719
0.014745 0.025479
0.014732 0.014860
0.014591 0.020743
0.014565 0.015285
0.014562 0.018728
0.014519 0.014625
0.014490 0.014573
0.014482 0.014925
0.014472 0.014632
0.014436 0.016774
0.014424 0.015863
0.014417 0.018128
0.014413 0.015925
0.014367 0.014651
0.014367 0.015815
0.014347 0.015232
0.014317 0.015863
0.014301 0.017855
0.014255 0.016004
0.014242 0.030117
0.014241 0.031623
0.014241 0.025536
0.014225 0.018702
0.014216 0.014663
0.014160 0.016101
0.014145 0.014549
0.014099 0.033540
0.014095 0.019909
0.014094 0.015868
0.014077 0.015612
0.014063 0.015013
0.013984 0.017656
0.013952 0.030258
0.013902 0.022042
0.013892 0.018654
0.013869 0.014234
0.013836 0.031145
0.013826 0.015884
0.013821 0.014117
0.013795 0.013883
0.013789 0.013953
0.013767 0.015732
0.013756 0.014995
0.013736 0.013849
0.013722 0.016714
0.013715 0.015242
0.013695 0.016104
0.013693 0.014685
0.013687 0.013813
0.013656 0.017664
0.013653 0.014580
0.013649 0.015308
0.013571 0.014902
0.013570 0.022781
0.013558 0.017943
0.013557 0.015492
0.013534 0.015695
0.013515 0.015246
0.013512 0.021853
0.013509 0.013655
0.013466 0.014810
0.013440 0.023608
0.013415 0.015189
0.013411 0.018050
0.013393 0.015446
0.013378 0.014141
0.013333 0.016255
0.013308 0.013435
0.013304 0.025435
0.013300 0.026058
0.013268 0.013654
0.013255 0.014567
0.013250 0.014037
0.013250 0.017126
0.013245 0.013474
0.013229 0.015004
0.013201 0.027625
0.013173 0.014000
0.013161 0.013517
0.013145 0.014551
0.013120 0.014521
0.013056 0.020694
0.013044 0.014095
0.013037 0.020347
0.013022 0.013999
0.012982 0.014617
0.012964 0.015292
0.012946 0.013576
0.012875 0.017718
0.012866 0.013885
0.012854 0.013561
0.012821 0.016586
0.012819 0.017384
0.012812 0.013047
0.012806 0.022258
0.012795 0.013818
0.012786 0.024387
0.012746 0.013244
0.012717 0.016040
0.012691 0.014604
0.012686 0.012722
0.012677 0.012818
0.012668 0.018915
0.012652 0.013969
0.012648 0.012746
0.012638 0.014065
0.012633 0.019808
0.012624 0.014181
0.012621 0.014020
0.012616 0.014750
0.012606 0.020819
0.012592 0.024769
0.012578 0.013203
0.012551 0.014345
0.012548 0.012992
0.012529 0.017863
0.012518 0.017243
0.012481 0.013380
0.012476 0.014507
0.012460 0.013447
0.012441 0.013368
0.012416 0.012538
0.012415 0.012855
0.012412 0.020804
0.012411 0.016341
0.012405 0.018881
0.012404 0.020688
0.012359 0.012551
0.012354 0.014611
0.012334 0.016020
0.012332 0.014789
0.012324 0.014361
0.012295 0.022272
0.012291 0.020928
0.012251 0.012862
0.012234 0.015392
0.012214 0.014751
0.012206 0.016755
0.012203 0.018998
0.012203 0.013709
0.012169 0.016781
0.012152 0.012699
0.012128 0.019375
0.012092 0.012374
0.012085 0.016253
0.012055 0.012482
0.012050 0.012976
0.012035 0.013759
0.012016 0.012393
0.012006 0.015048
0.011987 0.020000
0.011982 0.012588
0.011978 0.015974
0.011962 0.013275
0.011947 0.012829
0.011916 0.012306
0.011915 0.013229
0.011888 0.018900
0.011882 0.014982
0.011871 0.013699
0.011851 0.013080
0.011816 0.013083
0.011801 0.016209
0.011782 0.014223
0.011758 0.014613
0.011735 0.017065
0.011730 0.020912
0.011707 0.014589
0.011703 0.026106
0.011690 0.013454
0.011690 0.013705
0.011673 0.013009
0.011656 0.011867
0.011645 0.012288
0.011632 0.014984
0.011624 0.012639
0.011618 0.013246
0.011609 0.012253
0.011590 0.013154
0.011590 0.011663
0.011582 0.012225
0.011569 0.012238
0.011558 0.017339
0.011549 0.013278
0.011547 0.011853
0.011547 0.013075
0.011536 0.011995
0.011513 0.012046
0.011512 0.012938
0.011508 0.012079
0.011505 0.018630
0.011494 0.018896
0.011473 0.012222
0.011450 0.011494
0.011450 0.019374
0.011447 0.011602
0.011438 0.017161
0.011425 0.011839
0.011402 0.013514
0.011395 0.011965
0.011394 0.011513
0.011393 0.011827
0.011350 0.012042
0.011342 0.011919
0.011336 0.012269
0.011322 0.017415
0.011319 0.021689
0.011276 0.012315
0.011255 0.011277
0.011229 0.012573
0.011226 0.013144
0.011222 0.014116
0.011219 0.017812
0.011195 0.011849
0.011191 0.012431
0.011171 0.018516
0.011142 0.013806
0.011135 0.022647
0.011134 0.022894
0.011131 0.015956
0.011113 0.014427
0.011100 0.017977
0.011088 0.013374
0.011076 0.012344
0.011054 0.019916
0.011036 0.011859
0.011035 0.024391
0.010987 0.026846
0.010956 0.013122
0.010903 0.025442
0.010898 0.011069
0.010891 0.012414
0.010874 0.011916
0.010873 0.017916
0.010873 0.014497
0.010870 0.011978
0.010854 0.018434
0.010853 0.011170
0.010836 0.019831
0.010831 0.018246
0.010779 0.018560
0.010773 0.014233
0.010751 0.020266
0.010741 0.011367
0.010719 0.012790
0.010716 0.011258
0.010712 0.011186
0.010690 0.014663
0.010688 0.014181
0.010678 0.011736
0.010665 0.011065
0.010656 0.013736
0.010653 0.010911
0.010649 0.023729
0.010643 0.011503
0.010620 0.017053
0.010616 0.011200
0.010614 0.012492
0.010604 0.011581
0.010590 0.011936
0.010589 0.012567
0.010589 0.010718
0.010588 0.012338
0.010563 0.011883
0.010556 0.013320
0.010554 0.011099
0.010534 0.011534
0.010527 0.011773
0.010526 0.012581
0.010524 0.010722
0.010523 0.011826
0.010516 0.010526
0.010506 0.012131
0.010503 0.013767
0.010482 0.011886
0.010452 0.013949
0.010442 0.010769
0.010422 0.011337
0.010420 0.011782
0.010416 0.011629
0.010411 0.011059
0.010405 0.012153
0.010402 0.011312
0.010383 0.013723
0.010371 0.016676
0.010364 0.017580
0.010363 0.021371
0.010357 0.012172
0.010355 0.012209
0.010345 0.010389
0.010342 0.013561
0.010319 0.013065
0.010301 0.011290
0.010300 0.014810
0.010286 0.011464
0.010261 0.011427
0.010251 0.011110
0.010245 0.010260
0.010243 0.018767
0.010243 0.013030
0.010241 0.012146
0.010201 0.010417
0.010198 0.015215
0.010182 0.010948
0.010152 0.013107
0.010089 0.015110
0.010074 0.010557
0.010071 0.010371
0.010069 0.013577
0.010056 0.010312
0.010056 0.013218
0.010039 0.014486
0.010028 0.010359
0.010025 0.011760
0.010023 0.013333
0.010011 0.010703
0.010002 0.011382
0.010002 0.012231
0.009994 0.011396
0.009976 0.010391
0.009964 0.010823
0.009954 0.010690
0.009952 0.011864
0.009927 0.011941
0.009925 0.010219
0.009915 0.010904
0.009901 0.014673
0.009901 0.014398
0.009897 0.013140
0.009896 0.009914
0.009890 0.013175
0.009888 0.012478
0.009870 0.011404
0.009862 0.009986
0.009862 0.010930
0.009860 0.011020
0.009856 0.010037
0.009839 0.010535
0.009823 0.012051
0.009817 0.009957
0.009784 0.012721
0.009778 0.010363
0.009762 0.015723
0.009728 0.014152
0.009723 0.013432
0.009700 0.020254
0.009682 0.010382
0.009676 0.009910
0.009660 0.010131
0.009654 0.011073
0.009651 0.011540
0.009647 0.010518
0.009637 0.014713
0.009623 0.011670
0.009622 0.010871
0.009621 0.012064
0.009616 0.013550
0.009592 0.019771
0.009582 0.011393
0.009581 0.010817
0.009567 0.013845
0.009563 0.011303
0.009561 0.011441
0.009558 0.012356
0.009554 0.009759
0.009545 0.013097
0.009536 0.010216
0.009533 0.014934
0.009527 0.009549
0.009523 0.010611
0.009522 0.011728
0.009520 0.013211
0.009519 0.011330
0.009511 0.011511
0.009511 0.011056
0.009502 0.013153
0.009489 0.009564
0.009476 0.009591
0.009475 0.010874
0.009471 0.013886
0.009468 0.010907
0.009462 0.009623
0.009449 0.013351
0.009442 0.023196
0.009438 0.010514
0.009431 0.012306
0.009418 0.011254
0.009404 0.014244
0.009394 0.010355
0.009385 0.013448
0.009382 0.012621
0.009373 0.009811
0.009362 0.014806
0.009361 0.011931
0.009358 0.009837
0.009340 0.011597
0.009336 0.010359
0.009333 0.009772
0.009320 0.009610
0.009318 0.011305
0.009316 0.011834
0.009316 0.011338
0.009308 0.010093
0.009301 0.010631
0.009292 0.011088
0.009290 0.009494
0.009280 0.010425
0.009250 0.010504
0.009244 0.009936
0.009239 0.009315
0.009232 0.012747
0.009219 0.009514
0.009216 0.010647
0.009202 0.010282
0.009193 0.024427
0.009185 0.009888
0.009175 0.010870
0.009163 0.011841
0.009143 0.009500
0.009131 0.013604
0.009127 0.009498
0.009121 0.009999
0.009118 0.013135
0.009114 0.010718
0.009112 0.009226
0.009096 0.009326
0.009087 0.012745
0.009081 0.009283
0.009031 0.012353
0.009028 0.017922
0.009027 0.009647
0.009021 0.013069
0.009019 0.009872
0.009016 0.009048
0.009009 0.009043
0.009000 0.009227
0.008991 0.012878
0.008977 0.009665
0.008973 0.009883
0.008966 0.010876
0.008964 0.011697
0.008953 0.009355
0.008945 0.012332
0.008940 0.009389
0.008930 0.010108
0.008908 0.009172
0.008882 0.008945
0.008881 0.015724
0.008881 0.009609
0.008873 0.009019
0.008857 0.018725
0.008854 0.013573
0.008852 0.010250
0.008846 0.009379
0.008840 0.009347
0.008827 0.008886
0.008811 0.010455
0.008802 0.009467
0.008795 0.009881
0.008770 0.012412
0.008769 0.012008
0.008762 0.009747
0.008741 0.010726
0.008741 0.014533
0.008739 0.008926
0.008721 0.011074
0.008710 0.024320
0.008697 0.010560
0.008667 0.012869
0.008663 0.010420
0.008655 0.010954
0.008652 0.009880
0.008640 0.010980
0.008638 0.009273
0.008617 0.011683
0.008607 0.017392
0.008583 0.009398
0.008566 0.010675
0.008566 0.012592
0.008551 0.009261
0.008548 0.008562
0.008532 0.009969
0.008516 0.009041
0.008487 0.009011
0.008480 0.009095
0.008466 0.010300
0.008463 0.009786
0.008460 0.012196
0.008443 0.011941
0.008407 0.011899
0.008399 0.009000
0.008395 0.010211
0.008394 0.008660
0.008386 0.012423
0.008362 0.008942
0.008357 0.009108
0.008356 0.012291
0.008334 0.010073
0.008324 0.010861
0.008314 0.016690
0.008313 0.011355
0.008287 0.010737
0.008260 0.014292
0.008250 0.009899
0.008233 0.009537
0.008227 0.009643
0.008216 0.011594
0.008207 0.009217
0.008202 0.009142
0.008200 0.008535
0.008192 0.008534
0.008190 0.009708
0.008175 0.011824
0.008165 0.011975
0.008155 0.009822
0.008149 0.008796
0.008140 0.010658
0.008138 0.011983
0.008131 0.010209
0.008119 0.008580
0.008105 0.013614
0.008095 0.009999
0.008090 0.008156
0.008090 0.010837
0.008080 0.008782
0.008075 0.009627
0.008055 0.008217
0.008044 0.009310
0.008032 0.008603
0.008027 0.010346
0.008020 0.009647
0.008011 0.008143
0.008011 0.008777
0.008003 0.011604
0.007995 0.010319
0.007969 0.008332
0.007954 0.007974
0.007934 0.011664
0.007932 0.009222
0.007929 0.011282
0.007908 0.009570
0.007903 0.009457
0.007867 0.010708
0.007862 0.010511
0.007848 0.008424
0.007840 0.010445
0.007817 0.009987
0.007802 0.010378
0.007792 0.008409
0.007790 0.009656
0.007781 0.010057
0.007779 0.009032
0.007773 0.008372
0.007773 0.008596
0.007763 0.014973
0.007751 0.017550
0.007748 0.008378
0.007738 0.008951
0.007732 0.010492
0.007726 0.010106
0.007723 0.008316
0.007711 0.008527
0.007708 0.012387
0.007694 0.008185
0.007693 0.011702
0.007670 0.012089
0.007657 0.008835
0.007652 0.012361
0.007643 0.008934
0.007632 0.011491
0.007626 0.008573
0.007620 0.008616
0.007593 0.008155
0.007588 0.011304
0.007584 0.008194
0.007577 0.008992
0.007550 0.010666
0.007536 0.009617
0.007524 0.008110
0.007499 0.008800
0.007479 0.007784
0.007476 0.008122
0.007467 0.007628
0.007436 0.010367
0.007436 0.012217
0.007428 0.013961
0.007423 0.009615
0.007409 0.011753
0.007404 0.008106
0.007397 0.008450
0.007386 0.008307
0.007383 0.007762
0.007366 0.007434
0.007358 0.015260
0.007351 0.009471
0.007348 0.007663
0.007345 0.010226
0.007343 0.011562
0.007334 0.010623
0.007332 0.009414
0.007323 0.007602
0.007321 0.015735
0.007321 0.007523
0.007316 0.007676
0.007307 0.008515
0.007300 0.008945
0.007291 0.014229
0.007282 0.007844
0.007277 0.013063
0.007264 0.011181
0.007258 0.008258
0.007219 0.007344
0.007216 0.007822
0.007206 0.009966
0.007199 0.007680
0.007197 0.011101
0.007194 0.007816
0.007174 0.007890
0.007172 0.008238
0.007165 0.007754
0.007161 0.008854
0.007152 0.007251
0.007144 0.008466
0.007142 0.010822
0.007121 0.007887
0.007114 0.008130
0.007110 0.008051
0.007096 0.014999
0.007088 0.010473
0.007085 0.007244
0.007076 0.008467
0.007073 0.010678
0.007065 0.007702
0.007065 0.008353
0.007056 0.011080
0.007051 0.011711
0.007045 0.008688
0.007034 0.012323
0.007007 0.007216
0.006994 0.007375
0.006992 0.011882
0.006988 0.008780
0.006980 0.007006
0.006976 0.008780
0.006973 0.007667
0.006967 0.007788
0.006966 0.007290
0.006966 0.007053
0.006947 0.014392
0.006946 0.007019
0.006939 0.008257
0.006934 0.008047
0.006929 0.006934
0.006927 0.007500
0.006925 0.007573
0.006918 0.007152
0.006917 0.008163
0.006916 0.008191
0.006906 0.007216
0.006906 0.007597
0.006883 0.007014
0.006883 0.009276
0.006866 0.007156
0.006847 0.008507
0.006839 0.007639
0.006830 0.008235
0.006811 0.006934
0.006793 0.007865
0.006792 0.007086
0.006789 0.006845
0.006782 0.007573
0.006781 0.007184
0.006775 0.008109
0.006771 0.006903
0.006764 0.007261
0.006753 0.011554
0.006746 0.006818
0.006722 0.006742
0.006721 0.008559
0.006719 0.006733
0.006718 0.006982
0.006718 0.008976
0.006712 0.007409
0.006711 0.007651
0.006707 0.007119
0.006706 0.007233
0.006702 0.008037
0.006687 0.006871
0.006681 0.008005
0.006681 0.010452
0.006656 0.008697
0.006652 0.008009
0.006649 0.007461
0.006632 0.008014
0.006626 0.007991
0.006622 0.007059
0.006613 0.007163
0.006610 0.006776
0.006605 0.009118
0.006587 0.006699
0.006586 0.006832
0.006583 0.007800
0.006573 0.007138
0.006567 0.007281
0.006559 0.008970
0.006555 0.010735
0.006542 0.006688
0.006525 0.008725
0.006525 0.007283
0.006517 0.006636
0.006515 0.006779
0.006515 0.006801
0.006510 0.008975
0.006505 0.007942
0.006501 0.006995
0.006497 0.007791
0.006490 0.007140
0.006475 0.007097
0.006473 0.006568
0.006468 0.007288
0.006466 0.007616
0.006459 0.007598
0.006449 0.006588
0.006428 0.006927
0.006426 0.007021
0.006423 0.008390
0.006411 0.007480
0.006384 0.007035
0.006376 0.006487
0.006368 0.008343
0.006326 0.006699
0.006321 0.006370
0.006318 0.011702
0.006300 0.009132
0.006285 0.007906
0.006279 0.007167
0.006265 0.009264
0.006262 0.006558
0.006261 0.006616
0.006261 0.009058
0.006252 0.006895
0.006251 0.007244
0.006236 0.009319
0.006221 0.007041
0.006213 0.006316
0.006209 0.008761
0.006195 0.007647
0.006194 0.006592
0.006180 0.006368
0.006178 0.006223
0.006173 0.006973
0.006166 0.007879
0.006162 0.008801
0.006149 0.008026
0.006148 0.010625
0.006139 0.006909
0.006106 0.007547
0.006104 0.007031
0.006102 0.006478
0.006094 0.007259
0.006090 0.006778
0.006089 0.006818
0.006079 0.006318
0.006079 0.010011
0.006071 0.006535
0.006071 0.008066
0.006070 0.006890
0.006052 0.006197
0.006046 0.006096
0.006038 0.007682
0.006036 0.006284
0.006035 0.011841
0.006032 0.009122
0.006020 0.007517
0.006013 0.007134
0.006013 0.006660
0.005994 0.009216
0.005987 0.006913
0.005984 0.009516
0.005984 0.007512
0.005982 0.008052
0.005946 0.005982
0.005943 0.007275
0.005939 0.006206
0.005919 0.006501
0.005915 0.006783
0.005915 0.009833
0.005904 0.006186
0.005898 0.006736
0.005894 0.006311
0.005892 0.006995
0.005886 0.008084
0.005875 0.008096
0.005855 0.005886
0.005854 0.007223
0.005842 0.005876
0.005841 0.008407
0.005820 0.007416
0.005820 0.006429
0.005818 0.006448
0.005818 0.006675
0.005808 0.007889
0.005806 0.005952
0.005803 0.007159
0.005803 0.007826
0.005802 0.008388
0.005791 0.006928
0.005756 0.008379
0.005756 0.009350
0.005754 0.009859
0.005750 0.005919
0.005748 0.007181
0.005743 0.006826
0.005733 0.006104
0.005712 0.007958
0.005711 0.005797
0.005708 0.007136
0.005707 0.008002
0.005707 0.006272
0.005700 0.007254
0.005699 0.007361
0.005683 0.007841
0.005670 0.006908
0.005668 0.006472
0.005662 0.005708
0.005657 0.005671
0.005638 0.007904
0.005632 0.005950
0.005616 0.007474
0.005614 0.005899
0.005586 0.005931
0.005574 0.007406
0.005573 0.005747
0.005551 0.009059
0.005547 0.006134
0.005546 0.007778
0.005545 0.008161
0.005536 0.005613
0.005535 0.006672
0.005527 0.007435
0.005523 0.007059
0.005513 0.006648
0.005509 0.005513
0.005507 0.005723
0.005499 0.005978
0.005496 0.008774
0.005484 0.006741
0.005480 0.006696
0.005480 0.005601
0.005477 0.009121
0.005475 0.005697
0.005468 0.008372
0.005460 0.005462
0.005459 0.010171
0.005459 0.007359
0.005453 0.007653
0.005449 0.005491
0.005446 0.007521
0.005432 0.007663
0.005423 0.007084
0.005419 0.006407
0.005410 0.009213
0.005410 0.005632
0.005409 0.005434
0.005390 0.006806
0.005387 0.007222
0.005381 0.009783
0.005373 0.007183
0.005371 0.006858
0.005370 0.006353
0.005366 0.005471
0.005361 0.007606
0.005358 0.005626
0.005352 0.005781
0.005342 0.006506
0.005332 0.005434
0.005331 0.006683
0.005326 0.006415
0.005325 0.006581
0.005318 0.006266
0.005315 0.006126
0.005313 0.006055
0.005311 0.006219
0.005310 0.006570
0.005305 0.007399
0.005302 0.005748
0.005299 0.006278
0.005298 0.005888
0.005283 0.007640
0.005259 0.005517
0.005253 0.006388
0.005246 0.006488
0.005237 0.005303
0.005230 0.005613
0.005226 0.006319
0.005223 0.007007
0.005216 0.009285
0.005213 0.006821
0.005212 0.008707
0.005211 0.006917
0.005206 0.008830
0.005200 0.006857
0.005192 0.005565
0.005191 0.005408
0.005189 0.006712
0.005185 0.005377
0.005182 0.008412
0.005181 0.006529
0.005180 0.008416
0.005170 0.005976
0.005164 0.006425
0.005158 0.005296
0.005155 0.007991
0.005145 0.006579
0.005141 0.005901
0.005139 0.005595
0.005134 0.005171
0.005130 0.005476
0.005129 0.005185
0.005122 0.005536
0.005106 0.007072
0.005085 0.007731
0.005082 0.005196
0.005079 0.008135
0.005072 0.005447
0.005062 0.005632
0.005034 0.005258
0.005029 0.006081
0.005023 0.006842
0.005023 0.005519
0.005019 0.006312
0.005016 0.008371
0.005013 0.005266
0.005006 0.005324
0.004984 0.005431
0.004981 0.005058
0.004974 0.007377
0.004956 0.005367
0.004947 0.005352
0.004942 0.005040
0.004936 0.005046
0.004934 0.005029
0.004929 0.007146
0.004927 0.005096
0.004921 0.008088
0.004918 0.005229
0.004917 0.005738
0.004917 0.005173
0.004913 0.005383
0.004883 0.006405
0.004866 0.005205
0.004865 0.006886
0.004863 0.005797
0.004860 0.005111
0.004843 0.004966
0.004833 0.004911
0.004827 0.004954
0.004826 0.005338
0.004818 0.005702
0.004816 0.004856
0.004815 0.005555
0.004811 0.006643
0.004791 0.009049
0.004790 0.005101
0.004788 0.006066
0.004788 0.005876
0.004774 0.005479
0.004763 0.005153
0.004754 0.005876
0.004752 0.005067
0.004750 0.005845
0.004749 0.005705
0.004742 0.008735
0.004724 0.005407
0.004709 0.007475
0.004708 0.004732
0.004703 0.004842
0.004699 0.005269
0.004698 0.004779
0.004698 0.005047
0.004695 0.006959
0.004689 0.004999
0.004686 0.004967
0.004683 0.004739
0.004680 0.004948
0.004672 0.004755
0.004664 0.005599
0.004658 0.006738
0.004657 0.010893
0.004640 0.008166
0.004625 0.006167
0.004617 0.006364
0.004615 0.005124
0.004614 0.005417
0.004608 0.004877
0.004604 0.007453
0.004595 0.006624
0.004594 0.005772
0.004590 0.007394
0.004588 0.007558
0.004583 0.007498
0.004578 0.006542
0.004574 0.008225
0.004568 0.006953
0.004562 0.005368
0.004559 0.008614
0.004556 0.004640
0.004543 0.005498
0.004543 0.005644
0.004543 0.009196
0.004540 0.005365
0.004532 0.005504
0.004524 0.006982
0.004517 0.004796
0.004516 0.005597
0.004513 0.006574
0.004504 0.005435
0.004502 0.008268
0.004494 0.005548
0.004491 0.004712
0.004488 0.004500
0.004484 0.007185
0.004479 0.005724
0.004472 0.005640
0.004467 0.005171
0.004460 0.005872
0.004459 0.004461
0.004453 0.004993
0.004450 0.004883
0.004447 0.005121
0.004446 0.008905
0.004446 0.004568
0.004446 0.005929
0.004445 0.005106
0.004442 0.004912
0.004434 0.006137
0.004431 0.004562
0.004427 0.005579
0.004424 0.005339
0.004423 0.004723
0.004412 0.005642
0.004412 0.007206
0.004411 0.009763
0.004407 0.009346
0.004407 0.005193
0.004400 0.004497
0.004396 0.004877
0.004396 0.005109
0.004396 0.004531
0.004389 0.005040
0.004388 0.005813
0.004385 0.004931
0.004382 0.009825
0.004374 0.006193
0.004374 0.004413
0.004370 0.005485
0.004367 0.006245
0.004362 0.004741
0.004357 0.008051
0.004355 0.004809
0.004352 0.005268
0.004345 0.004805
0.004341 0.004595
0.004340 0.007040
0.004339 0.004580
0.004338 0.004497
0.004332 0.007023
0.004329 0.004780
0.004325 0.004534
0.004325 0.005045
0.004324 0.004473
0.004318 0.004697
0.004309 0.009205
0.004309 0.004369
0.004307 0.007271
0.004306 0.004794
0.004295 0.005394
0.004293 0.004759
0.004289 0.004488
0.004288 0.004442
0.004286 0.005192
0.004285 0.004858
0.004274 0.004916
0.004270 0.006997
0.004265 0.004686
0.004264 0.004450
0.004264 0.004971
0.004263 0.004489
0.004249 0.005600
0.004247 0.004832
0.004247 0.005010
0.004242 0.004723
0.004239 0.005662
0.004233 0.005885
0.004230 0.004943
0.004226 0.004859
0.004218 0.005487
0.004218 0.004515
0.004207 0.004580
0.004196 0.004403
0.004187 0.004416
0.004184 0.004680
0.004184 0.006691
0.004181 0.005415
0.004179 0.005818
0.004168 0.004200
0.004165 0.004400
0.004160 0.004930
0.004144 0.005529
0.004143 0.006761
0.004136 0.005608
0.004128 0.006261
0.004122 0.004581
0.004116 0.005723
0.004114 0.009084
0.004112 0.008519
0.004108 0.004146
0.004108 0.009790
0.004104 0.004149
0.004097 0.004994
0.004096 0.004343
0.004089 0.004206
0.004087 0.006178
0.004086 0.005203
0.004083 0.004551
0.004077 0.005617
0.004075 0.004255
0.004070 0.005745
0.004067 0.004557
0.004066 0.005325
0.004065 0.005572
0.004065 0.004125
0.004065 0.004069
0.004063 0.005605
0.004063 0.007392
0.004062 0.007461
0.004060 0.004792
0.004058 0.004159
0.004033 0.005938
0.004029 0.004412
0.004024 0.005199
0.004021 0.006049
0.004021 0.006255
0.004021 0.004168
0.004021 0.005229
0.004020 0.004321
0.004019 0.004512
0.004015 0.005658
0.004012 0.004082
0.004009 0.005914
0.004008 0.007173
0.004007 0.004608
0.004005 0.004413
0.004001 0.004377
0.003999 0.004659
0.003999 0.004121
0.003997 0.004619
0.003990 0.005024
0.003985 0.005069
0.003980 0.004206
0.003979 0.003981
0.003977 0.005385
0.003964 0.004116
0.003961 0.005469
0.003959 0.008002
0.003954 0.005075
0.003948 0.004075
0.003940 0.005638
0.003937 0.004095
0.003934 0.003964
0.003932 0.003981
0.003930 0.004345
0.003929 0.004639
0.003918 0.004009
0.003916 0.007961
0.003915 0.004179
0.003913 0.003970
0.003908 0.008121
0.003904 0.005604
0.003904 0.005397
0.003890 0.004279
0.003882 0.005888
0.003878 0.005136
0.003876 0.004748
0.003875 0.003887
0.003862 0.004093
0.003853 0.004995
0.003849 0.005760
0.003847 0.005939
0.003846 0.006689
0.003845 0.005869
0.003838 0.005983
0.003837 0.003958
0.003834 0.004468
0.003833 0.005107
0.003826 0.005066
0.003816 0.005522
0.003811 0.003894
0.003811 0.004172
0.003807 0.004210
0.003807 0.004019
0.003804 0.003986
0.003802 0.004577
0.003800 0.006418
0.003799 0.004452
0.003793 0.004077
0.003789 0.004511
0.003789 0.003821
0.003784 0.004318
0.003784 0.004298
0.003779 0.005001
0.003770 0.005187
0.003766 0.004512
0.003764 0.003882
0.003750 0.005110
0.003748 0.004591
0.003748 0.003850
0.003747 0.006182
0.003747 0.005555
0.003741 0.005066
0.003740 0.005970
0.003735 0.005908
0.003732 0.004312
0.003730 0.003797
0.003726 0.005405
0.003724 0.003801
0.003722 0.007961
0.003720 0.004489
0.003718 0.005585
0.003717 0.003773
0.003712 0.004965
0.003711 0.008418
0.003710 0.006318
0.003708 0.004382
0.003691 0.004283
0.003687 0.005299
0.003685 0.004261
0.003677 0.005329
0.003655 0.006361
0.003653 0.003755
0.003651 0.003787
0.003650 0.005956
0.003649 0.003986
0.003649 0.003897
0.003647 0.004069
0.003646 0.004840
0.003646 0.003907
0.003642 0.003999
0.003634 0.009459
0.003631 0.005838
0.003628 0.004624
0.003626 0.005469
0.003619 0.003630
0.003619 0.004759
0.003608 0.004682
0.003607 0.003612
0.003592 0.004034
0.003591 0.009732
0.003586 0.003685
0.003580 0.005563
0.003579 0.003688
0.003572 0.004765
0.003570 0.004574
0.003565 0.004368
0.003565 0.004304
0.003557 0.004638
0.003554 0.006687
0.003543 0.005691
0.003539 0.003702
0.003531 0.003758
0.003528 0.005808
0.003527 0.003661
0.003527 0.003640
0.003526 0.003804
0.003526 0.004865
0.003526 0.004778
0.003525 0.004209
0.003521 0.004397
0.003516 0.007065
0.003514 0.003655
0.003511 0.003540
0.003498 0.004417
0.003496 0.003776
0.003491 0.004714
0.003488 0.004159
0.003486 0.003920
0.003486 0.004644
0.003479 0.003484
0.003472 0.006372
0.003461 0.004717
0.003458 0.003504
0.003458 0.003699
0.003447 0.004341
0.003441 0.004118
0.003441 0.003863
0.003436 0.004875
0.003434 0.003523
0.003433 0.004738
0.003431 0.004375
0.003429 0.003662
0.003421 0.004447
0.003419 0.004010
0.003411 0.005579
0.003406 0.003713
0.003390 0.006049
0.003387 0.003849
0.003386 0.003772
0.003382 0.005605
0.003381 0.003462
0.003372 0.004160
0.003362 0.004082
0.003349 0.004534
0.003340 0.003769
0.003332 0.003450
0.003326 0.005252
0.003324 0.003967
0.003323 0.003818
0.003322 0.005773
0.003317 0.003414
0.003316 0.003470
0.003316 0.004039
0.003304 0.003409
0.003288 0.004322
0.003282 0.005495
0.003272 0.003661
0.003267 0.003715
0.003266 0.004090
0.003262 0.005680
0.003256 0.004743
0.003241 0.005565
0.003237 0.005949
0.003236 0.003793
0.003234 0.003423
0.003231 0.003618
0.003226 0.003485
0.003221 0.003794
0.003221 0.003621
0.003220 0.003419
0.003219 0.003334
0.003218 0.003354
0.003189 0.007603
0.003188 0.004086
0.003168 0.003464
0.003149 0.003373
0.003142 0.004208
0.003142 0.003785
0.003127 0.003832
0.003124 0.004686
0.003118 0.004605
0.003115 0.003217
0.003109 0.003648
0.003102 0.003722
0.003087 0.004456
0.003076 0.003170
0.003059 0.004321
0.003046 0.004020
0.003039 0.003240
0.003035 0.003294
0.003031 0.007031
0.003029 0.005180
0.003013 0.003022
0.003002 0.003023
0.002992 0.003105
0.002988 0.003886
0.002987 0.003758
0.002983 0.002990
0.002967 0.003007
0.002957 0.003468
0.002951 0.003823
0.002948 0.003070
0.002943 0.002967
0.002942 0.004811
0.002936 0.003525
0.002935 0.002995
0.002925 0.003157
0.002922 0.003716
0.002913 0.003050
0.002905 0.003482
0.002904 0.003378
0.002898 0.003230
0.002897 0.003343
0.002883 0.003180
0.002872 0.002991
0.002861 0.004326
0.002855 0.003018
0.002851 0.003735
0.002799 0.003645
0.002793 0.003522
0.002755 0.006947
0.002734 0.002788
0.002733 0.006194
0.002732 0.002968
0.002701 0.003260
0.002699 0.003186
0.002692 0.002852
0.002686 0.003048
0.002684 0.002942
0.002681 0.003128
0.002674 0.002700
0.002658 0.003052
0.002654 0.003247
0.002622 0.004173
0.002610 0.002975
0.002609 0.002909
0.002598 0.004163
0.002596 0.003424
0.002592 0.002699
0.002554 0.002617
0.002545 0.002655
0.002543 0.003164
0.002536 0.003422
0.002535 0.002998
0.002534 0.002862
0.002527 0.002663
0.002462 0.002527
0.002444 0.002481
0.002415 0.002586
0.002415 0.002592
0.002404 0.002638
0.002402 0.003157
0.002378 0.002420
0.002360 0.002517
0.002351 0.002416
0.002351 0.002553
0.002301 0.003341
0.002249 0.003104
0.002109 0.002980
0.002070 0.002348
0.002043 0.002278
0.002007 0.002030
0.001990 0.002372
0.001982 0.002554
0.001912 0.002311
0.001879 0.002239
0.001873 0.001875
0.001828 0.001967
0.001706 0.001934
0.001663 0.001791
0.001659 0.001928
0.001634 0.001737
0.001331 0.001353
0.000994 0.001122
