0.379515 0.396854
0.371639 0.372102
0.090272 0.110242
0.087149 0.087215
0.087134 0.122871
0.085325 0.110914
0.079217 0.091224
0.074610 0.078994
0.071618 0.074102
0.067004 0.067342
0.066080 0.081348
0.065652 0.075521
0.065300 0.084421
0.063757 0.072283
0.062894 0.071347
0.061286 0.063695
0.061283 0.076601
0.056312 0.063587
0.055854 0.060231
0.055246 0.058128
0.053609 0.053877
0.053520 0.053536
0.052942 0.061002
0.052691 0.059691
0.052134 0.052584
0.052042 0.079137
0.051609 0.057365
0.051162 0.054147
0.050865 0.051367
0.049691 0.057025
0.048910 0.064988
0.048859 0.062280
0.048692 0.075862
0.048301 0.048453
0.046904 0.051186
0.046490 0.053074
0.045997 0.046091
0.044037 0.048352
0.043605 0.055018
0.043485 0.045121
0.043414 0.067341
0.043392 0.047366
0.042904 0.047753
0.042813 0.045480
0.042621 0.054521
0.042386 0.067220
0.042103 0.045869
0.041815 0.050208
0.041225 0.048466
0.040900 0.045238
0.040454 0.050176
0.039934 0.047349
0.039686 0.052494
0.039642 0.043976
0.038868 0.058207
0.038571 0.048164
0.038479 0.040908
0.038427 0.040826
0.038238 0.053904
0.037635 0.043182
0.037541 0.038719
0.037167 0.039211
0.037063 0.065734
0.036769 0.038728
0.036570 0.037835
0.036455 0.036575
0.036315 0.038252
0.036084 0.038826
0.035651 0.079179
0.035547 0.038720
0.035453 0.043954
0.035422 0.041671
0.035036 0.040514
0.035017 0.037529
0.034975 0.037170
0.034891 0.053260
0.034545 0.053461
0.034524 0.036228
0.034024 0.035668
0.034004 0.044922
0.033610 0.040027
0.033017 0.035630
0.033005 0.056195
0.032735 0.049175
0.032597 0.054221
0.031860 0.041132
0.031613 0.041960
0.031607 0.038495
0.031578 0.035438
0.031496 0.032354
0.031410 0.053503
0.031322 0.032395
0.031264 0.032868
0.030548 0.040003
0.030385 0.032695
0.030247 0.031166
0.030199 0.036820
0.029738 0.029761
0.029584 0.029858
0.029583 0.029869
0.029573 0.041711
0.029537 0.030135
0.029475 0.033066
0.029382 0.030149
0.029341 0.035585
0.029166 0.030758
0.029165 0.031618
0.028990 0.037408
0.028970 0.036818
0.028841 0.029132
0.028838 0.037165
0.028823 0.029637
0.028813 0.034502
0.028810 0.041094
0.028782 0.030421
0.028675 0.029626
0.028605 0.033454
0.028559 0.029039
0.028424 0.028768
0.028333 0.029715
0.028286 0.030783
0.028196 0.028559
0.028157 0.031760
0.028095 0.032314
0.028066 0.029707
0.027982 0.036583
0.027918 0.039422
0.027732 0.029524
0.027707 0.033047
0.027506 0.029307
0.027483 0.034169
0.027417 0.028124
0.027169 0.030039
0.026875 0.037403
0.026836 0.026851
0.026727 0.027288
0.026678 0.033071
0.026672 0.037417
0.026662 0.027107
0.026610 0.027673
0.026576 0.032011
0.026558 0.032614
0.026415 0.033653
0.026238 0.038874
0.026201 0.040413
0.026173 0.029940
0.026148 0.026348
0.026122 0.027801
0.026104 0.028794
0.026024 0.034319
0.025994 0.026044
0.025982 0.026296
0.025902 0.033332
0.025753 0.050035
0.025751 0.029191
0.025639 0.029281
0.025619 0.029416
0.025603 0.028820
0.025589 0.028030
0.025464 0.042086
0.025455 0.030602
0.025435 0.029735
0.025374 0.026385
0.025340 0.032254
0.025282 0.032554
0.025278 0.025403
0.025118 0.025689
0.025005 0.027221
0.024969 0.027303
0.024842 0.028869
0.024740 0.031077
0.024712 0.029798
0.024699 0.031917
0.024687 0.025374
0.024673 0.027832
0.024593 0.026117
0.024483 0.025827
0.024478 0.026584
0.024473 0.026411
0.024450 0.029788
0.024257 0.025768
0.024209 0.024500
0.024175 0.043258
0.024028 0.025055
0.024012 0.024735
0.024008 0.040561
0.023929 0.024856
0.023925 0.028461
0.023802 0.024300
0.023658 0.024692
0.023626 0.024695
0.023614 0.023871
0.023548 0.025160
0.023520 0.033533
0.023473 0.027387
0.023444 0.033434
0.023425 0.035257
0.023287 0.023591
0.023283 0.023362
0.023263 0.024469
0.023248 0.035401
0.023237 0.024094
0.023204 0.037976
0.023131 0.023343
0.023107 0.039097
0.023099 0.026558
0.023090 0.034111
0.023044 0.024452
0.023035 0.027039
0.023025 0.023353
0.023011 0.029458
0.022910 0.025334
0.022892 0.028567
0.022884 0.023854
0.022766 0.026252
0.022755 0.029627
0.022751 0.023672
0.022738 0.031609
0.022725 0.029872
0.022723 0.024105
0.022711 0.024767
0.022699 0.024644
0.022693 0.023440
0.022683 0.026385
0.022632 0.025797
0.022619 0.023144
0.022611 0.030461
0.022597 0.022655
0.022544 0.022601
0.022494 0.022813
0.022492 0.025167
0.022407 0.040697
0.022345 0.022653
0.022341 0.027271
0.022337 0.022537
0.022335 0.022888
0.022334 0.024492
0.022303 0.022612
0.022302 0.032214
0.022300 0.032808
0.022280 0.027114
0.022276 0.025708
0.022261 0.029007
0.022183 0.023827
0.022179 0.025952
0.022167 0.023662
0.022134 0.023240
0.022086 0.034649
0.022081 0.022841
0.022080 0.024010
0.022072 0.025248
0.022067 0.026830
0.022046 0.025457
0.022034 0.023179
0.022010 0.036609
0.022001 0.031036
0.021977 0.034245
0.021956 0.024123
0.021955 0.035041
0.021922 0.022904
0.021920 0.032105
0.021904 0.039809
0.021864 0.028299
0.021857 0.026529
0.021785 0.025332
0.021782 0.026172
0.021781 0.022037
0.021738 0.023466
0.021709 0.031027
0.021707 0.024132
0.021626 0.024453
0.021574 0.036060
0.021563 0.023022
0.021552 0.022434
0.021541 0.028712
0.021536 0.025132
0.021535 0.022396
0.021520 0.026550
0.021505 0.031767
0.021474 0.023299
0.021463 0.029277
0.021438 0.032665
0.021410 0.024470
0.021346 0.022330
0.021312 0.022147
0.021293 0.023393
0.021286 0.032357
0.021264 0.022236
0.021246 0.028263
0.021220 0.021223
0.021206 0.033266
0.021205 0.026206
0.021198 0.021218
0.021184 0.026551
0.021164 0.025586
0.021121 0.023091
0.020995 0.029301
0.020986 0.021245
0.020962 0.036793
0.020931 0.026959
0.020869 0.021325
0.020797 0.023169
0.020793 0.023323
0.020782 0.027163
0.020780 0.033312
0.020775 0.023034
0.020745 0.024304
0.020695 0.022143
0.020678 0.025251
0.020661 0.023779
0.020657 0.028487
0.020585 0.035315
0.020566 0.021500
0.020462 0.028859
0.020438 0.028549
0.020437 0.022487
0.020425 0.034637
0.020423 0.020720
0.020419 0.031278
0.020407 0.020579
0.020374 0.022404
0.020358 0.027874
0.020338 0.021798
0.020318 0.022190
0.020314 0.020608
0.020274 0.027987
0.020249 0.022639
0.020240 0.020955
0.020239 0.020240
0.020212 0.029622
0.020116 0.020607
0.020112 0.021049
0.020088 0.020970
0.020076 0.021650
0.020074 0.033008
0.020052 0.029868
0.020032 0.020056
0.020030 0.030680
0.020030 0.026240
0.020004 0.028413
0.019899 0.020238
0.019892 0.021152
0.019890 0.020112
0.019885 0.021344
0.019850 0.021796
0.019845 0.019929
0.019844 0.025777
0.019830 0.028336
0.019810 0.037677
0.019775 0.081704
0.019770 0.026839
0.019765 0.040915
0.019723 0.021089
0.019704 0.024546
0.019702 0.020543
0.019647 0.020824
0.019620 0.023189
0.019596 0.019633
0.019517 0.020942
0.019505 0.020106
0.019487 0.019623
0.019461 0.021342
0.019457 0.019673
0.019446 0.029121
0.019431 0.026013
0.019421 0.019976
0.019410 0.020743
0.019405 0.023805
0.019404 0.020231
0.019400 0.020825
0.019374 0.020586
0.019360 0.019371
0.019326 0.021521
0.019306 0.022254
0.019303 0.020418
0.019298 0.027163
0.019297 0.021154
0.019284 0.020190
0.019241 0.030549
0.019230 0.023466
0.019210 0.019261
0.019202 0.019237
0.019178 0.023106
0.019168 0.023990
0.019122 0.019489
0.019117 0.019271
0.019108 0.028072
0.019102 0.024275
0.019098 0.028891
0.019057 0.031590
0.019040 0.024073
0.019011 0.019037
0.018991 0.019760
0.018984 0.023880
0.018934 0.019799
0.018930 0.028113
0.018924 0.020637
0.018914 0.023588
0.018910 0.020932
0.018896 0.023007
0.018895 0.020761
0.018815 0.020704
0.018812 0.018845
0.018793 0.021797
0.018787 0.022678
0.018786 0.023463
0.018775 0.019305
0.018774 0.019946
0.018705 0.019936
0.018680 0.023582
0.018663 0.025136
0.018654 0.023743
0.018643 0.020292
0.018636 0.020180
0.018616 0.024554
0.018593 0.021711
0.018566 0.025145
0.018554 0.023101
0.018545 0.018980
0.018526 0.020720
0.018451 0.019800
0.018421 0.020168
0.018405 0.025310
0.018400 0.020067
0.018386 0.026391
0.018373 0.020473
0.018368 0.028336
0.018359 0.019638
0.018336 0.024202
0.018309 0.018776
0.018295 0.032925
0.018288 0.019875
0.018283 0.020793
0.018273 0.020417
0.018254 0.019514
0.018247 0.022304
0.018244 0.018963
0.018236 0.021776
0.018212 0.019492
0.018206 0.025768
0.018170 0.036167
0.018147 0.019554
0.018142 0.036749
0.018142 0.022431
0.018126 0.021098
0.018121 0.019002
0.018067 0.021229
0.018066 0.020888
0.018058 0.020506
0.018047 0.021885
0.018045 0.019245
0.018043 0.021533
0.018025 0.028903
0.018018 0.033528
0.017993 0.018205
0.017967 0.026544
0.017963 0.028002
0.017943 0.024414
0.017940 0.018015
0.017920 0.027882
0.017913 0.018268
0.017908 0.024144
0.017889 0.019426
0.017887 0.028601
0.017875 0.021272
0.017872 0.018680
0.017841 0.028561
0.017837 0.020352
0.017832 0.018229
0.017813 0.020482
0.017773 0.020086
0.017764 0.018116
0.017752 0.019736
0.017751 0.021376
0.017747 0.018470
0.017703 0.029663
0.017647 0.020242
0.017645 0.033191
0.017599 0.023695
0.017576 0.030344
0.017561 0.031107
0.017549 0.017989
0.017547 0.020811
0.017516 0.017540
0.017513 0.022830
0.017470 0.017977
0.017460 0.018516
0.017443 0.019162
0.017439 0.019132
0.017430 0.017464
0.017428 0.031761
0.017415 0.017678
0.017415 0.018095
0.017399 0.027043
0.017398 0.019149
0.017383 0.021353
0.017356 0.024008
0.017348 0.021817
0.017345 0.021543
0.017336 0.018858
0.017323 0.023458
0.017320 0.019101
0.017315 0.018842
0.017314 0.017453
0.017299 0.022188
0.017262 0.024823
0.017253 0.022635
0.017247 0.019085
0.017226 0.017501
0.017209 0.018835
0.017207 0.030264
0.017192 0.020202
0.017124 0.020353
0.017113 0.019925
0.017104 0.018010
0.017102 0.023243
0.017088 0.017845
0.017057 0.025697
0.017036 0.019101
0.017026 0.022293
0.017018 0.020250
0.016978 0.022677
0.016964 0.017900
0.016958 0.019099
0.016936 0.026788
0.016935 0.018366
0.016935 0.017035
0.016932 0.019748
0.016881 0.027312
0.016869 0.017244
0.016868 0.017707
0.016854 0.017417
0.016850 0.017025
0.016849 0.017857
0.016844 0.023886
0.016835 0.021911
0.016830 0.023956
0.016828 0.023949
0.016801 0.017534
0.016763 0.021262
0.016743 0.019216
0.016733 0.029042
0.016724 0.029805
0.016702 0.017212
0.016691 0.020481
0.016669 0.018209
0.016628 0.018821
0.016626 0.026864
0.016623 0.029959
0.016621 0.022587
0.016587 0.024364
0.016585 0.019405
0.016550 0.017338
0.016540 0.017199
0.016531 0.016586
0.016497 0.019814
0.016495 0.022917
0.016487 0.016740
0.016485 0.019932
0.016478 0.019676
0.016466 0.017493
0.016457 0.020547
0.016438 0.018041
0.016432 0.018379
0.016386 0.016499
0.016371 0.018532
0.016371 0.016600
0.016361 0.022065
0.016344 0.018509
0.016321 0.023237
0.016299 0.018345
0.016293 0.018372
0.016287 0.019592
0.016274 0.016432
0.016256 0.019909
0.016252 0.018465
0.016237 0.019891
0.016232 0.016633
0.016208 0.024418
0.016204 0.027404
0.016204 0.018075
0.016193 0.016210
0.016155 0.018119
0.016150 0.017927
0.016126 0.019742
0.016109 0.019419
0.016107 0.018849
0.016099 0.017867
0.016084 0.017662
0.016077 0.027116
0.016076 0.026962
0.016075 0.023469
0.016068 0.016554
0.016067 0.024231
0.016061 0.021267
0.016060 0.016349
0.016037 0.024288
0.016030 0.016874
0.015996 0.016970
0.015981 0.023291
0.015966 0.018430
0.015954 0.016267
0.015946 0.016008
0.015913 0.022272
0.015902 0.025705
0.015886 0.020331
0.015881 0.033377
0.015876 0.019788
0.015858 0.018194
0.015845 0.018639
0.015841 0.017234
0.015837 0.018345
0.015831 0.018172
0.015812 0.016645
0.015810 0.018359
0.015798 0.016688
0.015797 0.015830
0.015768 0.019869
0.015761 0.016050
0.015756 0.019116
0.015745 0.022024
0.015737 0.017947
0.015709 0.016135
0.015697 0.015707
0.015696 0.016101
0.015695 0.023824
0.015686 0.016742
0.015667 0.030932
0.015658 0.019831
0.015655 0.043197
0.015653 0.016761
0.015635 0.016752
0.015622 0.015766
0.015617 0.016068
0.015616 0.026777
0.015609 0.031481
0.015599 0.019022
0.015585 0.018175
0.015581 0.018363
0.015561 0.026066
0.015555 0.016497
0.015537 0.024335
0.015535 0.018137
0.015532 0.023530
0.015528 0.016106
0.015525 0.025734
0.015516 0.025996
0.015511 0.015691
0.015509 0.016225
0.015504 0.023123
0.015496 0.016460
0.015486 0.022755
0.015477 0.015710
0.015468 0.016189
0.015453 0.016498
0.015452 0.015907
0.015445 0.023050
0.015440 0.022178
0.015439 0.017660
0.015414 0.016431
0.015401 0.020637
0.015390 0.018541
0.015386 0.022003
0.015383 0.022607
0.015379 0.016362
0.015378 0.017605
0.015368 0.016134
0.015361 0.023033
0.015357 0.025030
0.015357 0.016662
0.015351 0.027171
0.015311 0.019432
0.015309 0.017889
0.015298 0.016004
0.015280 0.018989
0.015279 0.015703
0.015278 0.015344
0.015272 0.018407
0.015252 0.030765
0.015228 0.017711
0.015213 0.020047
0.015210 0.015369
0.015206 0.016500
0.015165 0.018475
0.015157 0.015358
0.015151 0.032230
0.015144 0.015225
0.015123 0.020363
0.015104 0.015346
0.015097 0.016434
0.015091 0.015835
0.015085 0.015383
0.015080 0.018065
0.015076 0.016995
0.015043 0.023288
0.015021 0.017248
0.015013 0.018544
0.015007 0.023008
0.015002 0.020088
0.014997 0.015990
0.014991 0.033017
0.014978 0.023018
0.014931 0.023031
0.014902 0.015194
0.014900 0.029229
0.014872 0.017222
0.014862 0.028051
0.014838 0.021363
0.014833 0.015491
0.014809 0.017953
0.014808 0.015305
0.014792 0.016610
0.014784 0.020520
0.014768 0.019299
0.014763 0.024903
0.014720 0.015094
0.014714 0.017073
0.014697 0.015745
0.014694 0.016611
0.014693 0.031394
0.014658 0.017571
0.014649 0.018167
0.014644 0.016091
0.014639 0.014982
0.014635 0.015381
0.014611 0.024034
0.014607 0.015682
0.014554 0.018683
0.014554 0.018686
0.014552 0.017992
0.014551 0.016283
0.014538 0.014818
0.014522 0.016994
0.014511 0.020795
0.014505 0.029055
0.014499 0.017748
0.014498 0.031940
0.014457 0.014916
0.014444 0.018454
0.014440 0.019605
0.014420 0.022600
0.014396 0.014758
0.014374 0.014500
0.014368 0.016753
0.014340 0.019800
0.014333 0.015135
0.014327 0.019530
0.014321 0.014728
0.014310 0.021063
0.014283 0.020468
0.014282 0.015500
0.014280 0.017294
0.014269 0.014511
0.014251 0.014683
0.014241 0.027178
0.014234 0.021321
0.014232 0.018691
0.014223 0.016414
0.014221 0.015551
0.014209 0.021974
0.014168 0.015191
0.014148 0.014212
0.014141 0.020803
0.014140 0.015406
0.014139 0.018784
0.014137 0.015008
0.014127 0.014214
0.014117 0.014504
0.014115 0.015601
0.014091 0.018002
0.014035 0.016825
0.014023 0.021063
0.014000 0.021250
0.013987 0.033159
0.013984 0.014527
0.013981 0.014677
0.013973 0.017419
0.013970 0.016669
0.013967 0.014796
0.013942 0.014325
0.013919 0.016593
0.013914 0.019459
0.013901 0.016232
0.013873 0.016442
0.013845 0.019366
0.013834 0.015079
0.013825 0.014131
0.013825 0.020602
0.013820 0.019451
0.013791 0.018254
0.013766 0.028458
0.013754 0.013968
0.013743 0.015430
0.013742 0.016016
0.013736 0.014944
0.013729 0.021161
0.013719 0.014588
0.013713 0.018847
0.013702 0.015183
0.013702 0.023220
0.013693 0.019517
0.013683 0.017848
0.013679 0.018120
0.013650 0.015777
0.013614 0.017714
0.013596 0.019556
0.013575 0.014119
0.013574 0.013721
0.013549 0.013885
0.013549 0.019501
0.013541 0.013927
0.013507 0.019844
0.013484 0.015921
0.013473 0.016489
0.013466 0.014165
0.013457 0.014485
0.013450 0.020467
0.013450 0.015046
0.013440 0.017594
0.013431 0.017766
0.013428 0.018925
0.013417 0.013991
0.013416 0.013638
0.013398 0.014836
0.013389 0.018287
0.013384 0.014106
0.013375 0.016222
0.013362 0.016206
0.013354 0.015950
0.013342 0.016140
0.013342 0.024277
0.013318 0.013869
0.013296 0.013417
0.013284 0.014394
0.013282 0.014666
0.013267 0.014575
0.013266 0.015908
0.013262 0.016355
0.013253 0.013430
0.013248 0.018962
0.013247 0.013437
0.013221 0.014588
0.013218 0.013381
0.013194 0.021967
0.013190 0.013852
0.013190 0.018675
0.013181 0.017443
0.013177 0.017940
0.013162 0.015782
0.013159 0.017289
0.013158 0.015914
0.013157 0.016043
0.013150 0.014591
0.013148 0.015939
0.013117 0.014808
0.013085 0.019519
0.013062 0.014275
0.013060 0.030359
0.013053 0.027990
0.013028 0.013430
0.013018 0.014460
0.013003 0.019834
0.012995 0.013184
0.012987 0.014288
0.012985 0.014190
0.012978 0.016694
0.012944 0.013874
0.012935 0.014058
0.012934 0.017039
0.012918 0.013496
0.012891 0.015092
0.012888 0.013679
0.012859 0.013134
0.012852 0.014061
0.012841 0.012953
0.012799 0.013808
0.012796 0.016585
0.012791 0.022414
0.012785 0.015723
0.012771 0.018593
0.012768 0.013247
0.012759 0.013076
0.012751 0.012996
0.012742 0.012747
0.012738 0.013830
0.012736 0.014806
0.012728 0.013899
0.012725 0.018578
0.012696 0.021969
0.012689 0.012745
0.012686 0.015253
0.012680 0.013938
0.012677 0.012977
0.012663 0.013991
0.012654 0.014263
0.012641 0.021570
0.012637 0.014812
0.012637 0.025701
0.012624 0.016001
0.012611 0.014918
0.012606 0.028810
0.012601 0.021774
0.012600 0.012600
0.012585 0.014281
0.012578 0.012927
0.012577 0.016848
0.012575 0.025537
0.012574 0.022427
0.012574 0.013150
0.012546 0.013890
0.012540 0.014585
0.012528 0.013700
0.012527 0.021428
0.012526 0.013963
0.012499 0.023090
0.012497 0.017868
0.012496 0.027570
0.012491 0.013679
0.012488 0.012593
0.012482 0.012649
0.012476 0.014115
0.012475 0.012595
0.012471 0.016099
0.012466 0.016799
0.012450 0.013250
0.012445 0.014121
0.012441 0.017830
0.012432 0.024316
0.012416 0.012532
0.012401 0.012974
0.012400 0.019729
0.012393 0.013114
0.012392 0.018779
0.012390 0.014050
0.012389 0.012868
0.012374 0.022016
0.012369 0.014222
0.012351 0.016558
0.012345 0.012714
0.012340 0.013032
0.012330 0.026670
0.012330 0.017648
0.012312 0.016602
0.012310 0.013517
0.012303 0.013103
0.012283 0.015376
0.012280 0.014536
0.012265 0.012772
0.012256 0.013011
0.012256 0.013154
0.012238 0.013511
0.012219 0.012572
0.012217 0.013165
0.012198 0.015671
0.012166 0.014612
0.012141 0.014540
0.012140 0.012349
0.012137 0.015480
0.012127 0.022463
0.012118 0.015609
0.012115 0.012929
0.012107 0.013258
0.012107 0.013525
0.012104 0.013069
0.012100 0.017069
0.012078 0.018609
0.012053 0.013908
0.012041 0.012575
0.012039 0.020588
0.012033 0.018719
0.012027 0.012631
0.012022 0.014841
0.012016 0.012152
0.011995 0.013822
0.011984 0.013662
0.011984 0.012179
0.011965 0.012428
0.011965 0.012852
0.011960 0.012452
0.011948 0.013735
0.011927 0.016422
0.011927 0.016921
0.011926 0.012778
0.011918 0.012512
0.011913 0.017717
0.011910 0.016187
0.011910 0.012825
0.011909 0.012508
0.011905 0.014342
0.011899 0.016539
0.011897 0.013890
0.011897 0.015148
0.011877 0.017422
0.011867 0.011904
0.011867 0.020973
0.011856 0.019760
0.011848 0.016909
0.011841 0.012879
0.011840 0.014312
0.011822 0.022438
0.011820 0.013440
0.011820 0.012443
0.011805 0.022676
0.011805 0.012729
0.011790 0.013413
0.011779 0.014894
0.011762 0.011974
0.011738 0.020081
0.011734 0.013418
0.011724 0.014679
0.011720 0.011924
0.011711 0.022029
0.011685 0.012166
0.011683 0.011959
0.011668 0.012940
0.011656 0.013748
0.011649 0.015515
0.011641 0.013773
0.011637 0.013450
0.011636 0.016298
0.011636 0.012066
0.011632 0.018376
0.011627 0.012878
0.011614 0.017526
0.011612 0.019754
0.011597 0.012692
0.011574 0.012756
0.011574 0.014467
0.011573 0.013744
0.011565 0.013977
0.011561 0.011707
0.011558 0.011876
0.011551 0.012451
0.011544 0.013125
0.011530 0.012093
0.011518 0.012732
0.011517 0.012023
0.011508 0.012030
0.011504 0.013105
0.011504 0.012165
0.011496 0.022678
0.011487 0.014069
0.011485 0.012162
0.011478 0.013336
0.011478 0.023855
0.011471 0.011719
0.011465 0.012556
0.011456 0.014004
0.011443 0.014037
0.011433 0.016816
0.011425 0.015116
0.011421 0.015427
0.011410 0.011926
0.011408 0.014693
0.011402 0.011746
0.011395 0.015967
0.011390 0.016908
0.011390 0.012554
0.011382 0.013865
0.011376 0.014142
0.011372 0.011403
0.011363 0.013746
0.011357 0.022065
0.011353 0.016817
0.011348 0.012834
0.011347 0.022539
0.011342 0.013666
0.011332 0.011365
0.011327 0.028530
0.011309 0.014130
0.011283 0.012162
0.011272 0.018442
0.011254 0.014533
0.011254 0.014675
0.011244 0.012155
0.011237 0.019502
0.011219 0.019147
0.011215 0.014623
0.011214 0.022816
0.011208 0.016284
0.011195 0.011719
0.011192 0.012575
0.011191 0.022547
0.011190 0.012897
0.011183 0.012807
0.011183 0.015797
0.011181 0.016340
0.011175 0.013513
0.011166 0.011324
0.011155 0.011334
0.011151 0.011336
0.011151 0.019593
0.011125 0.011410
0.011123 0.013991
0.011117 0.022615
0.011107 0.011221
0.011093 0.011107
0.011092 0.011291
0.011090 0.012216
0.011080 0.011923
0.011080 0.014362
0.011061 0.014810
0.011061 0.011414
0.011058 0.013356
0.011051 0.017711
0.011045 0.011663
0.011037 0.013289
0.011033 0.012031
0.011028 0.011898
0.011020 0.013935
0.011019 0.020271
0.011011 0.011705
0.011005 0.011329
0.010996 0.011016
0.010986 0.011743
0.010984 0.013364
0.010974 0.013372
0.010971 0.014149
0.010970 0.011202
0.010967 0.012584
0.010943 0.010966
0.010934 0.011691
0.010930 0.011585
0.010928 0.013079
0.010925 0.013886
0.010921 0.014074
0.010915 0.014618
0.010909 0.014366
0.010907 0.011577
0.010903 0.013772
0.010892 0.014919
0.010891 0.012442
0.010890 0.011142
0.010883 0.016008
0.010871 0.017932
0.010849 0.014195
0.010848 0.011087
0.010847 0.013530
0.010847 0.011493
0.010831 0.012519
0.010828 0.013298
0.010827 0.010958
0.010825 0.022462
0.010825 0.014012
0.010822 0.011501
0.010821 0.016389
0.010819 0.014637
0.010815 0.013806
0.010813 0.011527
0.010808 0.021748
0.010802 0.011355
0.010788 0.011403
0.010781 0.012471
0.010777 0.016119
0.010749 0.012822
0.010743 0.019672
0.010738 0.016780
0.010732 0.011332
0.010724 0.011255
0.010720 0.014479
0.010720 0.011989
0.010713 0.011566
0.010706 0.015381
0.010703 0.010934
0.010702 0.014637
0.010684 0.011674
0.010677 0.011489
0.010676 0.010874
0.010673 0.012561
0.010664 0.017462
0.010663 0.012201
0.010661 0.011019
0.010660 0.012072
0.010653 0.010748
0.010649 0.013518
0.010646 0.013823
0.010643 0.012513
0.010637 0.013257
0.010627 0.015243
0.010627 0.011579
0.010621 0.014146
0.010610 0.012766
0.010600 0.013727
0.010597 0.014515
0.010593 0.016361
0.010582 0.012034
0.010579 0.023009
0.010575 0.013626
0.010568 0.011893
0.010565 0.012086
0.010559 0.011438
0.010546 0.012603
0.010543 0.011269
0.010542 0.015888
0.010503 0.012048
0.010499 0.015212
0.010485 0.010674
0.010484 0.014920
0.010473 0.012102
0.010470 0.014839
0.010466 0.011679
0.010445 0.013416
0.010444 0.011213
0.010442 0.014809
0.010437 0.011938
0.010433 0.024265
0.010419 0.010805
0.010417 0.012010
0.010417 0.015892
0.010416 0.013404
0.010413 0.011674
0.010412 0.012980
0.010411 0.014481
0.010408 0.017244
0.010400 0.017377
0.010393 0.011979
0.010389 0.011522
0.010366 0.021916
0.010365 0.013298
0.010363 0.010614
0.010355 0.012727
0.010347 0.016376
0.010333 0.010509
0.010333 0.010842
0.010329 0.011281
0.010308 0.011010
0.010298 0.011893
0.010294 0.014771
0.010290 0.010341
0.010289 0.011167
0.010270 0.016259
0.010258 0.012275
0.010248 0.024703
0.010247 0.011540
0.010218 0.010353
0.010214 0.013769
0.010214 0.015203
0.010211 0.014921
0.010210 0.018702
0.010207 0.011080
0.010206 0.010888
0.010178 0.011875
0.010176 0.012833
0.010163 0.010880
0.010149 0.013725
0.010145 0.011381
0.010119 0.011335
0.010114 0.013207
0.010113 0.010324
0.010109 0.010146
0.010102 0.010990
0.010096 0.014404
0.010083 0.012796
0.010081 0.010323
0.010072 0.010655
0.010061 0.020690
0.010058 0.016567
0.010056 0.010911
0.010051 0.010140
0.010049 0.012543
0.010041 0.010905
0.010041 0.017132
0.010031 0.015058
0.010031 0.013929
0.010019 0.011011
0.010010 0.018152
0.010006 0.011058
0.010006 0.011557
0.009999 0.015441
0.009991 0.012396
0.009988 0.011113
0.009988 0.010938
0.009985 0.013210
0.009985 0.014190
0.009973 0.016375
0.009953 0.011100
0.009953 0.010621
0.009952 0.012545
0.009952 0.012011
0.009950 0.014164
0.009942 0.017705
0.009938 0.016828
0.009926 0.011807
0.009925 0.014784
0.009923 0.009987
0.009919 0.016498
0.009914 0.010754
0.009912 0.018255
0.009912 0.012862
0.009909 0.010219
0.009905 0.010829
0.009905 0.010629
0.009898 0.019198
0.009898 0.020306
0.009895 0.010928
0.009895 0.013664
0.009895 0.013877
0.009892 0.009963
0.009891 0.010636
0.009888 0.013822
0.009884 0.020446
0.009882 0.011253
0.009873 0.010999
0.009865 0.010210
0.009865 0.010581
0.009849 0.013523
0.009832 0.011100
0.009829 0.014138
0.009811 0.016419
0.009804 0.013450
0.009790 0.012552
0.009779 0.009983
0.009776 0.011487
0.009770 0.011837
0.009766 0.010424
0.009765 0.010144
0.009760 0.010092
0.009751 0.012338
0.009749 0.014151
0.009745 0.010479
0.009737 0.010271
0.009731 0.009901
0.009723 0.011300
0.009717 0.013614
0.009711 0.011310
0.009709 0.011017
0.009700 0.013650
0.009699 0.011446
0.009685 0.012647
0.009680 0.010036
0.009669 0.009899
0.009665 0.009927
0.009658 0.014827
0.009654 0.014177
0.009644 0.011586
0.009632 0.009719
0.009631 0.012832
0.009627 0.012148
0.009625 0.013692
0.009610 0.012256
0.009605 0.010330
0.009604 0.009794
0.009595 0.011791
0.009592 0.010795
0.009582 0.010266
0.009577 0.010593
0.009562 0.010661
0.009560 0.011658
0.009554 0.018145
0.009551 0.011449
0.009545 0.011300
0.009543 0.011082
0.009537 0.010055
0.009535 0.010622
0.009534 0.011288
0.009522 0.010069
0.009522 0.011200
0.009514 0.015284
0.009513 0.009704
0.009505 0.010561
0.009504 0.012134
0.009503 0.016811
0.009499 0.013059
0.009498 0.016341
0.009496 0.011216
0.009455 0.010830
0.009454 0.009614
0.009444 0.010871
0.009444 0.010656
0.009438 0.009646
0.009433 0.009475
0.009414 0.010926
0.009409 0.009823
0.009406 0.010266
0.009406 0.011465
0.009392 0.009967
0.009391 0.009499
0.009385 0.010016
0.009383 0.009475
0.009380 0.013513
0.009375 0.017119
0.009374 0.009700
0.009366 0.014783
0.009365 0.012916
0.009355 0.010132
0.009354 0.013159
0.009353 0.009860
0.009348 0.009519
0.009336 0.010623
0.009323 0.009323
0.009317 0.010088
0.009314 0.011817
0.009312 0.009898
0.009304 0.014682
0.009301 0.011145
0.009297 0.015310
0.009297 0.010218
0.009287 0.011119
0.009285 0.010203
0.009284 0.011442
0.009280 0.010251
0.009278 0.009982
0.009278 0.010838
0.009272 0.019190
0.009257 0.009462
0.009249 0.014829
0.009243 0.017030
0.009239 0.022010
0.009235 0.010970
0.009234 0.014327
0.009229 0.020120
0.009227 0.009670
0.009222 0.011848
0.009214 0.011746
0.009213 0.015194
0.009210 0.011250
0.009197 0.010146
0.009195 0.014569
0.009188 0.013551
0.009180 0.012925
0.009172 0.013372
0.009170 0.010161
0.009147 0.009445
0.009147 0.015131
0.009140 0.009487
0.009133 0.009340
0.009126 0.010800
0.009113 0.010403
0.009110 0.010607
0.009094 0.009164
0.009088 0.011601
0.009086 0.009275
0.009086 0.010066
0.009083 0.009549
0.009081 0.009938
0.009077 0.009933
0.009068 0.010908
0.009061 0.014405
0.009051 0.011717
0.009045 0.019254
0.009044 0.012734
0.009042 0.009067
0.009026 0.016249
0.009025 0.011943
0.009018 0.009176
0.009013 0.013083
0.009001 0.009261
0.009000 0.010423
0.008990 0.009769
0.008981 0.009620
0.008969 0.009672
0.008966 0.009358
0.008937 0.009881
0.008934 0.008968
0.008922 0.011807
0.008921 0.009987
0.008908 0.010376
0.008907 0.010874
0.008897 0.009283
0.008894 0.011796
0.008874 0.010348
0.008873 0.015587
0.008861 0.010579
0.008854 0.008885
0.008818 0.009251
0.008806 0.010518
0.008796 0.010876
0.008775 0.009733
0.008764 0.015939
0.008764 0.010054
0.008760 0.012485
0.008759 0.008945
0.008750 0.009267
0.008744 0.010065
0.008741 0.009864
0.008712 0.008902
0.008702 0.008891
0.008686 0.008996
0.008681 0.014804
0.008680 0.010241
0.008679 0.013638
0.008664 0.013028
0.008658 0.009458
0.008653 0.015696
0.008651 0.017750
0.008628 0.008872
0.008622 0.009215
0.008614 0.014854
0.008604 0.009023
0.008601 0.012276
0.008598 0.010141
0.008598 0.013374
0.008594 0.009204
0.008587 0.010035
0.008572 0.015446
0.008572 0.008775
0.008571 0.010388
0.008570 0.013148
0.008567 0.009190
0.008558 0.008627
0.008555 0.008767
0.008549 0.010370
0.008548 0.009541
0.008540 0.008972
0.008531 0.011964
0.008531 0.015603
0.008530 0.013032
0.008524 0.008702
0.008524 0.012074
0.008524 0.016229
0.008510 0.008851
0.008504 0.009608
0.008502 0.010733
0.008487 0.012065
0.008485 0.008733
0.008477 0.008910
0.008476 0.014492
0.008473 0.009483
0.008469 0.008651
0.008459 0.009623
0.008447 0.008620
0.008439 0.011032
0.008433 0.012176
0.008427 0.013061
0.008424 0.015314
0.008417 0.011047
0.008416 0.011906
0.008406 0.008932
0.008398 0.008717
0.008396 0.009147
0.008394 0.008537
0.008391 0.010629
0.008388 0.008418
0.008385 0.012111
0.008382 0.009878
0.008366 0.011313
0.008352 0.008373
0.008341 0.009038
0.008329 0.015606
0.008321 0.009669
0.008317 0.008526
0.008310 0.010629
0.008304 0.011195
0.008299 0.008670
0.008297 0.009065
0.008293 0.010829
0.008292 0.011793
0.008289 0.009728
0.008278 0.009866
0.008270 0.009662
0.008267 0.008710
0.008267 0.008674
0.008258 0.008299
0.008255 0.008367
0.008238 0.008975
0.008228 0.008416
0.008219 0.009831
0.008210 0.008934
0.008210 0.008551
0.008208 0.010446
0.008203 0.009971
0.008186 0.008554
0.008164 0.009331
0.008162 0.008276
0.008154 0.009396
0.008146 0.008192
0.008144 0.014526
0.008143 0.009094
0.008143 0.010542
0.008137 0.008632
0.008131 0.008712
0.008127 0.012592
0.008114 0.008828
0.008105 0.009690
0.008102 0.008644
0.008097 0.010013
0.008095 0.010629
0.008085 0.008168
0.008072 0.009345
0.008068 0.008340
0.008067 0.008388
0.008046 0.020861
0.008030 0.008595
0.008028 0.009728
0.008026 0.008674
0.008021 0.008263
0.008019 0.008245
0.008011 0.010264
0.007986 0.008042
0.007982 0.010445
0.007979 0.008600
0.007977 0.010859
0.007976 0.009480
0.007974 0.007976
0.007972 0.008832
0.007972 0.014161
0.007961 0.008859
0.007959 0.010458
0.007937 0.008022
0.007923 0.008093
0.007911 0.008285
0.007906 0.008228
0.007906 0.008207
0.007901 0.008055
0.007899 0.011081
0.007896 0.008110
0.007890 0.008844
0.007890 0.011092
0.007873 0.008604
0.007863 0.008510
0.007858 0.010547
0.007856 0.011056
0.007846 0.011465
0.007843 0.012759
0.007843 0.009429
0.007840 0.009799
0.007837 0.011520
0.007836 0.008152
0.007833 0.010151
0.007805 0.008063
0.007795 0.015348
0.007792 0.008470
0.007792 0.008437
0.007786 0.008567
0.007786 0.007811
0.007783 0.011741
0.007782 0.008288
0.007780 0.008016
0.007776 0.008096
0.007765 0.007947
0.007753 0.007901
0.007751 0.008468
0.007750 0.008499
0.007742 0.010126
0.007741 0.009451
0.007737 0.008233
0.007731 0.008223
0.007729 0.008690
0.007724 0.009041
0.007714 0.007843
0.007708 0.010082
0.007707 0.008657
0.007701 0.010450
0.007699 0.015352
0.007698 0.007786
0.007676 0.013846
0.007662 0.012027
0.007654 0.008075
0.007644 0.010847
0.007638 0.008860
0.007637 0.010289
0.007636 0.007866
0.007631 0.009309
0.007623 0.009889
0.007612 0.009927
0.007608 0.007671
0.007606 0.007715
0.007603 0.008500
0.007597 0.012935
0.007594 0.009676
0.007591 0.008036
0.007589 0.012047
0.007576 0.008430
0.007570 0.007736
0.007551 0.010963
0.007546 0.016612
0.007533 0.008875
0.007531 0.011362
0.007526 0.008564
0.007526 0.008763
0.007523 0.007849
0.007512 0.007830
0.007511 0.007973
0.007511 0.007673
0.007498 0.008836
0.007479 0.008660
0.007469 0.007675
0.007445 0.009276
0.007429 0.009168
0.007413 0.007501
0.007408 0.009581
0.007405 0.007480
0.007403 0.007534
0.007402 0.008338
0.007402 0.008170
0.007400 0.007484
0.007396 0.009419
0.007393 0.009904
0.007391 0.009447
0.007384 0.008737
0.007382 0.008300
0.007379 0.010730
0.007376 0.009392
0.007367 0.007938
0.007366 0.008104
0.007353 0.008121
0.007352 0.014917
0.007343 0.007592
0.007340 0.008171
0.007339 0.007372
0.007336 0.009009
0.007335 0.011686
0.007325 0.009046
0.007325 0.007540
0.007322 0.007515
0.007320 0.008270
0.007300 0.009270
0.007300 0.008242
0.007290 0.007939
0.007286 0.008373
0.007280 0.007466
0.007275 0.007803
0.007269 0.007401
0.007266 0.019889
0.007258 0.008497
0.007258 0.007601
0.007256 0.008668
0.007243 0.007413
0.007236 0.007839
0.007219 0.008070
0.007218 0.008593
0.007215 0.008752
0.007203 0.008427
0.007199 0.007977
0.007199 0.007972
0.007195 0.007355
0.007169 0.010665
0.007165 0.008567
0.007155 0.007173
0.007148 0.008507
0.007147 0.011964
0.007145 0.007559
0.007142 0.008740
0.007124 0.007945
0.007121 0.009635
0.007116 0.010405
0.007112 0.010092
0.007111 0.009207
0.007105 0.009788
0.007102 0.007560
0.007092 0.008826
0.007090 0.007497
0.007089 0.007303
0.007083 0.007159
0.007077 0.008421
0.007075 0.009993
0.007069 0.007823
0.007063 0.011923
0.007062 0.007940
0.007062 0.007497
0.007056 0.007063
0.007055 0.007563
0.007047 0.007849
0.007043 0.013951
0.007043 0.008025
0.007039 0.008918
0.007033 0.007347
0.007003 0.008109
0.006992 0.008488
0.006991 0.007154
0.006979 0.011388
0.006971 0.010982
0.006971 0.007092
0.006966 0.007535
0.006963 0.008372
0.006959 0.009013
0.006953 0.008399
0.006947 0.008146
0.006947 0.012799
0.006937 0.010173
0.006937 0.009459
0.006925 0.007493
0.006925 0.007038
0.006925 0.007253
0.006923 0.007898
0.006921 0.009113
0.006911 0.008800
0.006910 0.007083
0.006903 0.009156
0.006897 0.007201
0.006895 0.007503
0.006893 0.008169
0.006889 0.008379
0.006875 0.009346
0.006871 0.007122
0.006870 0.011014
0.006863 0.008634
0.006857 0.007370
0.006848 0.006848
0.006843 0.006960
0.006842 0.007414
0.006841 0.008499
0.006840 0.007595
0.006826 0.008813
0.006823 0.007645
0.006819 0.008933
0.006815 0.007844
0.006814 0.007484
0.006803 0.007157
0.006802 0.009089
0.006797 0.007623
0.006788 0.006929
0.006783 0.008551
0.006776 0.007534
0.006774 0.007224
0.006752 0.007692
0.006746 0.009704
0.006736 0.009482
0.006736 0.008079
0.006734 0.008289
0.006724 0.007136
0.006713 0.007439
0.006710 0.010321
0.006706 0.010122
0.006691 0.008797
0.006690 0.007175
0.006687 0.008037
0.006669 0.012969
0.006666 0.009498
0.006666 0.012215
0.006654 0.009198
0.006653 0.006904
0.006645 0.007344
0.006640 0.006784
0.006637 0.006887
0.006632 0.010979
0.006632 0.007094
0.006612 0.007353
0.006605 0.009617
0.006603 0.006719
0.006603 0.008566
0.006603 0.007521
0.006587 0.006609
0.006583 0.009386
0.006580 0.010053
0.006567 0.008727
0.006564 0.006923
0.006561 0.013997
0.006558 0.006854
0.006547 0.006986
0.006533 0.010395
0.006532 0.006989
0.006528 0.014973
0.006525 0.007928
0.006519 0.007143
0.006519 0.008948
0.006517 0.007192
0.006515 0.007517
0.006508 0.013999
0.006503 0.008732
0.006496 0.011682
0.006489 0.006787
0.006475 0.008577
0.006472 0.007493
0.006471 0.011421
0.006469 0.008412
0.006465 0.006881
0.006462 0.006969
0.006457 0.009625
0.006457 0.008853
0.006454 0.008073
0.006452 0.008287
0.006446 0.006496
0.006446 0.006912
0.006445 0.008959
0.006444 0.006955
0.006444 0.007344
0.006439 0.007537
0.006433 0.006624
0.006409 0.007456
0.006397 0.006909
0.006393 0.011350
0.006387 0.006500
0.006379 0.007726
0.006372 0.006781
0.006364 0.008405
0.006357 0.008162
0.006356 0.006893
0.006354 0.007634
0.006354 0.008355
0.006347 0.006874
0.006344 0.008148
0.006343 0.008335
0.006342 0.006793
0.006337 0.009254
0.006335 0.006721
0.006334 0.006607
0.006334 0.011554
0.006330 0.008421
0.006326 0.006748
0.006323 0.007745
0.006318 0.008623
0.006306 0.006593
0.006302 0.006950
0.006297 0.008919
0.006293 0.007057
0.006293 0.008645
0.006293 0.006935
0.006282 0.007333
0.006277 0.011173
0.006276 0.009682
0.006266 0.008942
0.006242 0.007070
0.006231 0.010766
0.006231 0.006973
0.006230 0.006418
0.006226 0.007688
0.006225 0.008061
0.006224 0.006455
0.006223 0.006749
0.006221 0.008892
0.006212 0.009221
0.006207 0.009762
0.006198 0.007377
0.006198 0.006738
0.006197 0.006719
0.006185 0.006547
0.006176 0.007084
0.006175 0.007650
0.006169 0.006249
0.006168 0.010713
0.006168 0.006530
0.006160 0.006858
0.006152 0.006487
0.006144 0.007588
0.006142 0.006303
0.006133 0.006136
0.006129 0.007475
0.006128 0.009076
0.006123 0.007751
0.006122 0.006143
0.006121 0.008251
0.006116 0.008123
0.006111 0.007769
0.006110 0.008861
0.006102 0.007803
0.006099 0.008608
0.006098 0.006329
0.006096 0.006505
0.006096 0.010618
0.006081 0.007507
0.006068 0.006763
0.006067 0.009365
0.006063 0.007288
0.006060 0.006994
0.006046 0.007146
0.006043 0.008426
0.006041 0.006508
0.006038 0.006674
0.006028 0.006055
0.006024 0.007237
0.006022 0.006046
0.006018 0.006433
0.006010 0.006179
0.006009 0.006433
0.005986 0.009349
0.005979 0.005994
0.005975 0.006353
0.005957 0.006331
0.005948 0.006680
0.005946 0.006330
0.005939 0.006302
0.005937 0.005984
0.005936 0.006523
0.005931 0.007932
0.005928 0.005972
0.005927 0.008925
0.005925 0.007418
0.005923 0.007029
0.005922 0.007709
0.005911 0.014016
0.005909 0.006101
0.005900 0.006411
0.005884 0.011567
0.005883 0.006479
0.005882 0.006389
0.005882 0.006688
0.005879 0.007438
0.005870 0.009582
0.005869 0.009018
0.005867 0.006293
0.005863 0.006067
0.005852 0.006522
0.005851 0.009396
0.005841 0.005854
0.005832 0.006249
0.005824 0.006066
0.005818 0.009702
0.005817 0.006410
0.005817 0.009905
0.005811 0.009012
0.005806 0.005818
0.005801 0.006349
0.005797 0.009837
0.005796 0.006652
0.005795 0.006566
0.005786 0.006128
0.005784 0.005966
0.005771 0.010820
0.005760 0.006524
0.005742 0.012274
0.005741 0.005875
0.005732 0.005839
0.005731 0.005951
0.005716 0.006883
0.005703 0.007535
0.005701 0.006883
0.005700 0.006988
0.005684 0.007981
0.005676 0.006361
0.005672 0.005687
0.005671 0.006717
0.005669 0.006395
0.005666 0.006480
0.005663 0.007025
0.005655 0.008918
0.005651 0.006441
0.005650 0.009148
0.005647 0.005942
0.005644 0.006232
0.005639 0.006239
0.005627 0.010227
0.005617 0.007624
0.005613 0.005944
0.005611 0.007191
0.005606 0.006759
0.005605 0.006968
0.005603 0.005773
0.005599 0.007518
0.005596 0.005690
0.005592 0.010721
0.005591 0.005882
0.005587 0.006691
0.005585 0.008769
0.005576 0.014246
0.005574 0.006912
0.005564 0.011085
0.005557 0.010461
0.005557 0.009024
0.005549 0.005735
0.005539 0.005622
0.005538 0.010210
0.005525 0.007672
0.005524 0.005571
0.005514 0.006295
0.005494 0.006561
0.005493 0.007354
0.005492 0.005559
0.005490 0.008288
0.005488 0.006935
0.005485 0.009043
0.005485 0.008542
0.005485 0.005601
0.005480 0.009692
0.005468 0.006198
0.005465 0.006656
0.005465 0.011782
0.005464 0.007572
0.005462 0.005797
0.005456 0.009765
0.005455 0.009006
0.005453 0.005647
0.005451 0.005648
0.005448 0.005801
0.005441 0.007021
0.005435 0.007160
0.005432 0.007183
0.005431 0.005746
0.005429 0.005809
0.005428 0.007792
0.005427 0.012196
0.005426 0.006694
0.005426 0.007519
0.005425 0.010263
0.005422 0.007770
0.005407 0.005541
0.005404 0.005481
0.005399 0.007982
0.005397 0.005698
0.005380 0.007911
0.005380 0.007161
0.005380 0.007444
0.005363 0.006439
0.005360 0.006116
0.005360 0.007809
0.005352 0.005426
0.005342 0.005848
0.005334 0.006058
0.005326 0.009385
0.005322 0.006097
0.005312 0.006243
0.005311 0.005991
0.005311 0.005438
0.005303 0.009005
0.005293 0.010236
0.005292 0.007093
0.005288 0.008341
0.005286 0.005656
0.005281 0.007094
0.005271 0.006643
0.005270 0.009615
0.005270 0.006215
0.005262 0.007252
0.005261 0.006736
0.005258 0.012575
0.005256 0.008202
0.005250 0.005277
0.005249 0.006326
0.005231 0.005256
0.005226 0.006810
0.005221 0.005504
0.005218 0.010646
0.005209 0.005740
0.005200 0.005562
0.005186 0.006043
0.005168 0.006752
0.005166 0.005253
0.005163 0.005254
0.005155 0.005806
0.005144 0.005831
0.005132 0.008009
0.005128 0.005415
0.005128 0.005205
0.005127 0.005959
0.005125 0.005388
0.005118 0.005363
0.005114 0.006100
0.005097 0.009072
0.005085 0.006430
0.005077 0.005679
0.005064 0.007860
0.005063 0.005476
0.005062 0.005113
0.005051 0.006893
0.005050 0.007163
0.005049 0.005930
0.005046 0.007499
0.005042 0.005114
0.005039 0.005457
0.005032 0.006134
0.005023 0.006137
0.005021 0.005039
0.005009 0.005186
0.005005 0.008475
0.005002 0.006692
0.005002 0.005738
0.004990 0.009360
0.004988 0.009774
0.004988 0.010226
0.004984 0.005560
0.004983 0.008011
0.004980 0.006501
0.004977 0.008281
0.004973 0.007134
0.004972 0.005344
0.004964 0.005361
0.004940 0.006485
0.004938 0.005286
0.004932 0.006495
0.004922 0.007474
0.004912 0.006478
0.004910 0.006820
0.004909 0.005426
0.004906 0.006288
0.004899 0.006359
0.004888 0.005693
0.004876 0.006325
0.004857 0.005342
0.004844 0.005706
0.004836 0.006706
0.004834 0.005628
0.004834 0.004917
0.004831 0.004878
0.004824 0.005285
0.004822 0.006492
0.004812 0.004845
0.004792 0.004986
0.004790 0.007570
0.004769 0.011893
0.004766 0.004824
0.004759 0.006430
0.004758 0.005158
0.004751 0.004780
0.004750 0.006933
0.004745 0.006960
0.004738 0.005322
0.004724 0.005774
0.004717 0.006081
0.004716 0.005506
0.004700 0.005029
0.004696 0.004708
0.004689 0.006546
0.004689 0.006687
0.004684 0.005570
0.004650 0.004935
0.004640 0.006143
0.004639 0.004726
0.004634 0.006163
0.004631 0.006546
0.004625 0.005122
0.004624 0.004814
0.004623 0.010403
0.004622 0.005325
0.004601 0.004629
0.004591 0.008428
0.004584 0.007156
0.004579 0.006129
0.004574 0.006022
0.004569 0.004950
0.004568 0.005899
0.004566 0.004654
0.004562 0.008210
0.004562 0.005846
0.004559 0.004710
0.004556 0.005514
0.004541 0.005686
0.004535 0.004575
0.004525 0.006443
0.004519 0.007685
0.004518 0.005466
0.004510 0.005101
0.004495 0.005879
0.004492 0.004753
0.004491 0.005108
0.004486 0.004623
0.004485 0.004712
0.004484 0.004769
0.004473 0.005225
0.004464 0.004941
0.004459 0.007314
0.004453 0.005304
0.004452 0.006097
0.004434 0.006167
0.004434 0.004845
0.004424 0.005613
0.004418 0.005513
0.004416 0.004682
0.004398 0.006606
0.004394 0.007192
0.004391 0.004435
0.004387 0.004730
0.004380 0.004524
0.004377 0.008522
0.004376 0.004485
0.004375 0.004506
0.004375 0.006948
0.004371 0.004514
0.004366 0.005769
0.004366 0.010091
0.004349 0.005643
0.004304 0.004496
0.004304 0.004542
0.004299 0.005512
0.004298 0.004368
0.004297 0.005819
0.004265 0.007809
0.004264 0.004314
0.004250 0.004790
0.004249 0.008904
0.004238 0.005410
0.004238 0.004857
0.004236 0.006687
0.004236 0.004720
0.004230 0.005104
0.004214 0.007693
0.004207 0.004684
0.004204 0.004993
0.004198 0.006613
0.004198 0.004295
0.004195 0.005509
0.004191 0.004417
0.004179 0.005245
0.004150 0.004425
0.004146 0.007528
0.004142 0.004353
0.004139 0.004819
0.004131 0.004979
0.004128 0.004796
0.004125 0.005456
0.004123 0.004354
0.004121 0.007098
0.004118 0.004132
0.004117 0.004262
0.004114 0.005227
0.004098 0.004313
0.004093 0.004159
0.004089 0.004284
0.004086 0.004942
0.004067 0.004291
0.004032 0.005696
0.004032 0.004435
0.004027 0.004058
0.004022 0.005190
0.004022 0.004437
0.004017 0.004374
0.004011 0.004697
0.004011 0.005461
0.004007 0.006127
0.003996 0.004338
0.003992 0.004283
0.003984 0.004670
0.003984 0.004353
0.003978 0.004942
0.003976 0.004347
0.003972 0.006978
0.003960 0.004356
0.003959 0.004424
0.003949 0.006421
0.003928 0.006618
0.003925 0.003985
0.003924 0.004370
0.003922 0.004457
0.003907 0.004491
0.003905 0.004762
0.003904 0.004227
0.003900 0.004107
0.003886 0.004922
0.003879 0.004585
0.003878 0.003925
0.003872 0.004062
0.003871 0.004239
0.003860 0.004249
0.003849 0.004855
0.003842 0.004067
0.003834 0.003882
0.003834 0.004296
0.003833 0.004179
0.003832 0.004009
0.003828 0.004433
0.003826 0.003892
0.003821 0.003980
0.003790 0.003841
0.003782 0.003802
0.003774 0.004960
0.003732 0.004953
0.003732 0.003988
0.003727 0.003871
0.003725 0.003758
0.003721 0.003900
0.003721 0.003895
0.003700 0.004283
0.003676 0.003727
0.003674 0.004065
0.003672 0.003966
0.003672 0.003730
0.003670 0.005411
0.003659 0.004573
0.003650 0.004887
0.003639 0.004180
0.003636 0.004517
0.003635 0.003922
0.003634 0.006244
0.003617 0.003938
0.003615 0.004102
0.003609 0.003980
0.003591 0.003678
0.003566 0.004952
0.003565 0.004925
0.003553 0.003571
0.003542 0.003882
0.003535 0.004004
0.003531 0.004514
0.003524 0.003646
0.003520 0.003694
0.003477 0.003721
0.003475 0.004247
0.003465 0.003756
0.003458 0.007734
0.003451 0.004256
0.003448 0.004198
0.003427 0.003470
0.003426 0.004010
0.003409 0.003482
0.003408 0.003643
0.003388 0.004114
0.003384 0.004057
0.003383 0.003690
0.003374 0.004021
0.003367 0.003520
0.003365 0.003720
0.003333 0.004167
0.003328 0.003413
0.003307 0.004642
0.003290 0.003434
0.003263 0.003607
0.003253 0.003445
0.003242 0.003447
0.003241 0.003335
0.003213 0.003484
0.003189 0.003753
0.003186 0.003274
0.003150 0.003180
0.003148 0.003318
0.003143 0.004127
0.003130 0.004178
0.003114 0.003373
0.003092 0.003160
0.003088 0.003859
0.003088 0.003487
0.003061 0.003264
0.003057 0.003494
0.003042 0.003107
0.003032 0.003696
0.003020 0.003581
0.003005 0.003026
0.002992 0.003126
0.002977 0.003232
0.002952 0.003324
0.002916 0.003961
0.002906 0.003153
0.002888 0.003063
0.002846 0.002850
0.002835 0.003753
0.002832 0.003579
0.002829 0.004906
0.002813 0.003108
0.002809 0.002840
0.002789 0.002846
0.002763 0.003337
0.002763 0.002921
0.002701 0.002711
0.002679 0.002960
0.002661 0.002851
0.002641 0.002877
0.002427 0.002718
0.002408 0.002469
0.002349 0.002649
0.002268 0.003168
0.002200 0.002306
0.001955 0.002063
0.001949 0.002035
0.001869 0.002231
0.001863 0.001916
0.001844 0.002576
0.001507 0.001537
0.001498 0.001564
0.001440 0.001720
0.001307 0.001551
