0.394907 0.402017
0.163557 0.163788
0.156242 0.194956
0.131282 0.133954
0.122941 0.126253
0.122689 0.123871
0.120128 0.132422
0.116161 0.126963
0.101892 0.108557
0.091168 0.091996
0.086432 0.089406
0.085974 0.093781
0.082268 0.092594
0.078657 0.089368
0.077300 0.086709
0.074665 0.075825
0.073918 0.075257
0.072529 0.075061
0.070875 0.083544
0.069336 0.119919
0.069254 0.072028
0.068288 0.076180
0.066360 0.072217
0.063776 0.080842
0.063311 0.067300
0.062924 0.063642
0.061019 0.071964
0.057466 0.063461
0.055343 0.064894
0.055181 0.073883
0.054534 0.067584
0.054416 0.056105
0.053920 0.066567
0.053658 0.058245
0.053271 0.084794
0.053120 0.064551
0.052555 0.075185
0.052227 0.067188
0.051015 0.056588
0.050462 0.050968
0.050440 0.056381
0.049691 0.054314
0.049344 0.060902
0.048804 0.054623
0.048803 0.066284
0.048630 0.051363
0.048609 0.072652
0.048538 0.053502
0.048112 0.050891
0.047477 0.058895
0.047258 0.054804
0.046174 0.057581
0.045479 0.068036
0.045096 0.047413
0.043364 0.043897
0.043274 0.050912
0.043057 0.047306
0.042439 0.048262
0.042423 0.049899
0.042009 0.058441
0.041567 0.045649
0.040992 0.050852
0.040967 0.046300
0.040869 0.042035
0.040310 0.046319
0.040056 0.046155
0.039958 0.046665
0.039786 0.053339
0.039420 0.040525
0.039174 0.043231
0.038350 0.039822
0.038198 0.039973
0.038017 0.051774
0.037927 0.048604
0.037902 0.040679
0.037870 0.052067
0.037848 0.042247
0.037408 0.042939
0.037266 0.043615
0.037064 0.038950
0.037023 0.039198
0.036863 0.041706
0.036692 0.051125
0.035924 0.041511
0.035889 0.039014
0.035623 0.047819
0.035430 0.048629
0.035030 0.035147
0.034549 0.046700
0.033949 0.037097
0.033530 0.046626
0.033507 0.043430
0.032642 0.033525
0.032520 0.036104
0.031631 0.032753
0.031503 0.034166
0.031479 0.040904
0.031407 0.031409
0.031148 0.035779
0.031038 0.060192
0.031021 0.046582
0.030965 0.031941
0.030471 0.042936
0.030347 0.037838
0.030345 0.031999
0.030249 0.032105
0.030218 0.032273
0.029884 0.031614
0.029759 0.029949
0.029628 0.034448
0.029625 0.049416
0.029623 0.032629
0.029572 0.034937
0.029438 0.040245
0.029404 0.050519
0.029279 0.030756
0.029278 0.035397
0.029185 0.036196
0.028947 0.055349
0.028909 0.045559
0.028581 0.030715
0.028518 0.031761
0.028433 0.038518
0.028417 0.037680
0.028294 0.033976
0.028266 0.029677
0.028077 0.043164
0.028045 0.035370
0.027980 0.028086
0.027903 0.032570
0.027898 0.028304
0.027869 0.028309
0.027839 0.033063
0.027727 0.034798
0.027656 0.032347
0.027642 0.029007
0.027470 0.045403
0.027368 0.052080
0.027280 0.033286
0.027231 0.045764
0.027200 0.030253
0.027084 0.031622
0.026911 0.027824
0.026833 0.032575
0.026819 0.030932
0.026584 0.029752
0.026557 0.029488
0.026519 0.030785
0.026513 0.043970
0.026504 0.027838
0.026460 0.037708
0.026449 0.027078
0.026424 0.029519
0.026247 0.027086
0.026194 0.040507
0.026121 0.037567
0.025854 0.033188
0.025824 0.026472
0.025807 0.027134
0.025691 0.029365
0.025677 0.036197
0.025676 0.051836
0.025655 0.030844
0.025392 0.029666
0.025255 0.026476
0.025089 0.037692
0.024969 0.025897
0.024906 0.026132
0.024886 0.039064
0.024792 0.030271
0.024782 0.047573
0.024679 0.039592
0.024644 0.025695
0.024516 0.032681
0.024278 0.035787
0.024155 0.029606
0.023937 0.031932
0.023912 0.042022
0.023798 0.025402
0.023769 0.027022
0.023617 0.027602
0.023534 0.034948
0.023491 0.024191
0.023387 0.033553
0.023249 0.036101
0.023161 0.025283
0.023050 0.025655
0.022982 0.024543
0.022966 0.033992
0.022881 0.023741
0.022869 0.023294
0.022832 0.025981
0.022686 0.023171
0.022685 0.022902
0.022675 0.022922
0.022652 0.030657
0.022527 0.047862
0.022433 0.025583
0.022284 0.023775
0.022146 0.032035
0.022055 0.022372
0.021977 0.023704
0.021816 0.022393
0.021793 0.026625
0.021726 0.025892
0.021604 0.024369
0.021595 0.027416
0.021537 0.024873
0.021537 0.025966
0.021527 0.026199
0.021523 0.023430
0.021491 0.022721
0.021454 0.025457
0.021317 0.033687
0.021269 0.025395
0.021266 0.026121
0.021160 0.037001
0.021014 0.021137
0.020939 0.023462
0.020934 0.025000
0.020930 0.021228
0.020903 0.023405
0.020800 0.027643
0.020712 0.028275
0.020685 0.023311
0.020644 0.028129
0.020537 0.022470
0.020509 0.022331
0.020502 0.034256
0.020488 0.022523
0.020409 0.024147
0.020403 0.022317
0.020362 0.026862
0.020282 0.020328
0.020276 0.020978
0.020275 0.029639
0.020228 0.032458
0.020215 0.031055
0.020122 0.023088
0.019985 0.021484
0.019868 0.026663
0.019813 0.021130
0.019781 0.022985
0.019723 0.020487
0.019666 0.021171
0.019602 0.021718
0.019601 0.022317
0.019500 0.019844
0.019489 0.019692
0.019404 0.020850
0.019294 0.021751
0.019287 0.019950
0.019256 0.021670
0.019223 0.022862
0.019216 0.020074
0.019196 0.021387
0.019128 0.019271
0.019122 0.026360
0.019104 0.031540
0.019086 0.019106
0.019044 0.023529
0.019036 0.019603
0.019015 0.030865
0.018939 0.023891
0.018914 0.019534
0.018812 0.018831
0.018777 0.021682
0.018706 0.019624
0.018686 0.019821
0.018681 0.018681
0.018603 0.028842
0.018598 0.021967
0.018570 0.022582
0.018514 0.023117
0.018419 0.023754
0.018405 0.018437
0.018379 0.028593
0.018329 0.030189
0.018320 0.020091
0.018306 0.025551
0.018300 0.020333
0.018268 0.033892
0.018236 0.023410
0.018210 0.019035
0.018202 0.018510
0.018177 0.030873
0.018138 0.018728
0.018130 0.020322
0.018105 0.018438
0.018077 0.018626
0.018016 0.023459
0.017955 0.018042
0.017924 0.020751
0.017882 0.019705
0.017854 0.019174
0.017789 0.024990
0.017758 0.027672
0.017757 0.019093
0.017738 0.023154
0.017719 0.017824
0.017705 0.019600
0.017611 0.017836
0.017502 0.021312
0.017453 0.030922
0.017441 0.023525
0.017407 0.024643
0.017390 0.018847
0.017267 0.019224
0.017241 0.017919
0.017232 0.022359
0.017218 0.020199
0.017214 0.028605
0.017194 0.017220
0.017102 0.029771
0.017090 0.019845
0.017006 0.025690
0.016965 0.023765
0.016944 0.018453
0.016940 0.021223
0.016940 0.017216
0.016931 0.018097
0.016922 0.019932
0.016901 0.026317
0.016876 0.019362
0.016842 0.031427
0.016832 0.017241
0.016798 0.017529
0.016788 0.027512
0.016777 0.018894
0.016750 0.016908
0.016569 0.018305
0.016545 0.025826
0.016533 0.019202
0.016487 0.021834
0.016451 0.019211
0.016435 0.019305
0.016422 0.017555
0.016405 0.018817
0.016394 0.020403
0.016391 0.026487
0.016366 0.023547
0.016344 0.017105
0.016100 0.018756
0.016094 0.023525
0.016074 0.016397
0.016023 0.019973
0.015961 0.018049
0.015888 0.028540
0.015883 0.019989
0.015816 0.017546
0.015737 0.019648
0.015731 0.023503
0.015725 0.019662
0.015715 0.017977
0.015678 0.022308
0.015658 0.017378
0.015649 0.016088
0.015632 0.020155
0.015629 0.016775
0.015615 0.015902
0.015604 0.017581
0.015580 0.016611
0.015575 0.015800
0.015547 0.020336
0.015517 0.018508
0.015474 0.018051
0.015463 0.018531
0.015450 0.021948
0.015446 0.016633
0.015423 0.018563
0.015417 0.016044
0.015403 0.016144
0.015265 0.027057
0.015233 0.015563
0.015198 0.015893
0.015169 0.015766
0.015151 0.023560
0.015123 0.020378
0.015118 0.016313
0.015113 0.017424
0.015103 0.015606
0.015091 0.016299
0.015090 0.020073
0.015020 0.018249
0.014991 0.018766
0.014955 0.015843
0.014929 0.019049
0.014929 0.020881
0.014881 0.016915
0.014873 0.019878
0.014777 0.017626
0.014772 0.028277
0.014736 0.019175
0.014712 0.019836
0.014702 0.018451
0.014679 0.021368
0.014673 0.018167
0.014668 0.016484
0.014645 0.017508
0.014621 0.016781
0.014564 0.015847
0.014525 0.016784
0.014504 0.017193
0.014477 0.023553
0.014474 0.018447
0.014435 0.021276
0.014425 0.018431
0.014423 0.019339
0.014382 0.027282
0.014353 0.015652
0.014342 0.018292
0.014329 0.018240
0.014323 0.014435
0.014289 0.017474
0.014289 0.017969
0.014252 0.015349
0.014242 0.015364
0.014239 0.015351
0.014223 0.014241
0.014218 0.014638
0.014217 0.017871
0.014174 0.019538
0.014141 0.017407
0.014138 0.014462
0.014111 0.018123
0.014087 0.015365
0.014046 0.024167
0.014016 0.015645
0.013996 0.015011
0.013979 0.020233
0.013973 0.023694
0.013967 0.023420
0.013949 0.016302
0.013931 0.017226
0.013927 0.014144
0.013909 0.015581
0.013860 0.017911
0.013843 0.015300
0.013709 0.016237
0.013657 0.028007
0.013647 0.018828
0.013618 0.015022
0.013605 0.018280
0.013585 0.014877
0.013580 0.013616
0.013514 0.017648
0.013505 0.014688
0.013448 0.014913
0.013440 0.020229
0.013432 0.013712
0.013353 0.015641
0.013331 0.014824
0.013325 0.015190
0.013300 0.013412
0.013287 0.014266
0.013222 0.013593
0.013207 0.024542
0.013085 0.016555
0.013041 0.013860
0.013038 0.019586
0.013015 0.013448
0.013013 0.015006
0.012990 0.016479
0.012980 0.013257
0.012950 0.016283
0.012934 0.013379
0.012927 0.013659
0.012909 0.014109
0.012866 0.017497
0.012848 0.023460
0.012839 0.017208
0.012815 0.025774
0.012799 0.014981
0.012798 0.014143
0.012797 0.013220
0.012716 0.015139
0.012678 0.013824
0.012665 0.013702
0.012658 0.020236
0.012628 0.016391
0.012622 0.014690
0.012589 0.018955
0.012579 0.012944
0.012544 0.017716
0.012515 0.013390
0.012511 0.016837
0.012480 0.013129
0.012454 0.014364
0.012400 0.019468
0.012359 0.012599
0.012342 0.015287
0.012326 0.015101
0.012289 0.013392
0.012237 0.015624
0.012219 0.012226
0.012167 0.013144
0.012153 0.012310
0.012065 0.016932
0.012057 0.012463
0.012043 0.012340
0.012034 0.012995
0.011961 0.016323
0.011918 0.019330
0.011884 0.014341
0.011882 0.012110
0.011845 0.022660
0.011789 0.023479
0.011746 0.013914
0.011743 0.014939
0.011736 0.013083
0.011729 0.013589
0.011705 0.014247
0.011702 0.013924
0.011696 0.012228
0.011670 0.015679
0.011668 0.012861
0.011642 0.013593
0.011577 0.014980
0.011550 0.011576
0.011537 0.014531
0.011534 0.015098
0.011530 0.011786
0.011519 0.017829
0.011497 0.013600
0.011491 0.015515
0.011438 0.011946
0.011434 0.011627
0.011416 0.012748
0.011368 0.016611
0.011340 0.011453
0.011299 0.011530
0.011281 0.011645
0.011271 0.018951
0.011270 0.011893
0.011263 0.012070
0.011255 0.011734
0.011186 0.014821
0.011186 0.011320
0.011183 0.012359
0.011183 0.011771
0.011076 0.014396
0.011067 0.011835
0.011042 0.019290
0.011035 0.011244
0.011031 0.011397
0.011024 0.014920
0.011019 0.014797
0.010980 0.012636
0.010979 0.012953
0.010976 0.013487
0.010935 0.012669
0.010919 0.012320
0.010905 0.011731
0.010902 0.013027
0.010873 0.011210
0.010862 0.011690
0.010839 0.011721
0.010815 0.015430
0.010808 0.010912
0.010800 0.012155
0.010791 0.015754
0.010789 0.011843
0.010742 0.011198
0.010707 0.010717
0.010702 0.010772
0.010695 0.010806
0.010650 0.010853
0.010650 0.011599
0.010631 0.012250
0.010612 0.016581
0.010609 0.010839
0.010607 0.012518
0.010586 0.011423
0.010563 0.011318
0.010562 0.011859
0.010556 0.010809
0.010555 0.011874
0.010533 0.014855
0.010529 0.011892
0.010479 0.014716
0.010408 0.013559
0.010396 0.011280
0.010386 0.011031
0.010383 0.010449
0.010343 0.010969
0.010333 0.010484
0.010332 0.010971
0.010327 0.010595
0.010314 0.012820
0.010303 0.011687
0.010300 0.011332
0.010275 0.013097
0.010272 0.010390
0.010246 0.011286
0.010231 0.011710
0.010201 0.012117
0.010200 0.010699
0.010183 0.010503
0.010171 0.011032
0.010171 0.010545
0.010148 0.011389
0.010143 0.010248
0.010131 0.015744
0.010120 0.012993
0.010118 0.010119
0.010111 0.013458
0.010110 0.010285
0.010096 0.011715
0.010090 0.017089
0.010077 0.010208
0.010076 0.017975
0.010071 0.010153
0.010060 0.010832
0.010047 0.010543
0.010038 0.010779
0.010019 0.011048
0.009994 0.011398
0.009982 0.016054
0.009969 0.013270
0.009955 0.010164
0.009946 0.010212
0.009932 0.011041
0.009926 0.010041
0.009921 0.013596
0.009902 0.009906
0.009897 0.012289
0.009896 0.010762
0.009831 0.014410
0.009819 0.012031
0.009803 0.010653
0.009800 0.010342
0.009734 0.011418
0.009730 0.012663
0.009730 0.010831
0.009688 0.010134
0.009665 0.011554
0.009656 0.014368
0.009643 0.009738
0.009641 0.011364
0.009628 0.012767
0.009621 0.014322
0.009620 0.009984
0.009604 0.009925
0.009603 0.009927
0.009601 0.020924
0.009583 0.014239
0.009580 0.011593
0.009577 0.013072
0.009570 0.010895
0.009566 0.010661
0.009563 0.011504
0.009563 0.012336
0.009556 0.015205
0.009527 0.009606
0.009504 0.010837
0.009499 0.011229
0.009479 0.023741
0.009477 0.012835
0.009468 0.009530
0.009445 0.014539
0.009439 0.020904
0.009416 0.011549
0.009414 0.010481
0.009410 0.012699
0.009403 0.010120
0.009392 0.011096
0.009368 0.014284
0.009355 0.010034
0.009355 0.011973
0.009349 0.012497
0.009348 0.009524
0.009335 0.010098
0.009335 0.009751
0.009335 0.009902
0.009330 0.009429
0.009327 0.010566
0.009313 0.010517
0.009311 0.012896
0.009298 0.010823
0.009289 0.009445
0.009271 0.010095
0.009264 0.011294
0.009260 0.009554
0.009260 0.014704
0.009254 0.010776
0.009231 0.013552
0.009177 0.009700
0.009162 0.011567
0.009152 0.010670
0.009147 0.015101
0.009141 0.011370
0.009138 0.009181
0.009120 0.009436
0.009117 0.010620
0.009111 0.009433
0.009088 0.009690
0.009073 0.015216
0.009057 0.009906
0.009049 0.012097
0.009037 0.009757
0.009036 0.009269
0.009035 0.011265
0.009029 0.009117
0.008993 0.010370
0.008988 0.010787
0.008981 0.009873
0.008978 0.023555
0.008974 0.010814
0.008970 0.009172
0.008959 0.012226
0.008944 0.009098
0.008933 0.010353
0.008931 0.011884
0.008924 0.011037
0.008881 0.011885
0.008880 0.009967
0.008868 0.016146
0.008867 0.013336
0.008854 0.012372
0.008849 0.013705
0.008847 0.009341
0.008845 0.008859
0.008833 0.009560
0.008830 0.008960
0.008827 0.008922
0.008825 0.009726
0.008803 0.009067
0.008793 0.011142
0.008792 0.010116
0.008775 0.008928
0.008774 0.010851
0.008760 0.010850
0.008757 0.010502
0.008752 0.010009
0.008742 0.008966
0.008729 0.009082
0.008727 0.011255
0.008726 0.009500
0.008725 0.011214
0.008695 0.009172
0.008693 0.009684
0.008691 0.010197
0.008686 0.011989
0.008683 0.011373
0.008682 0.009420
0.008675 0.009296
0.008667 0.009140
0.008654 0.009978
0.008643 0.013959
0.008611 0.009310
0.008600 0.014282
0.008595 0.010826
0.008586 0.008822
0.008581 0.011084
0.008569 0.009259
0.008557 0.010696
0.008535 0.009799
0.008532 0.011582
0.008519 0.011087
0.008514 0.010155
0.008512 0.009241
0.008509 0.008820
0.008478 0.009575
0.008475 0.008518
0.008470 0.010996
0.008460 0.008725
0.008460 0.008548
0.008454 0.013074
0.008447 0.008752
0.008437 0.012995
0.008433 0.012903
0.008418 0.008440
0.008408 0.010406
0.008398 0.013778
0.008390 0.012934
0.008388 0.009408
0.008374 0.008764
0.008373 0.008489
0.008367 0.011957
0.008363 0.008997
0.008357 0.008448
0.008351 0.009337
0.008342 0.009050
0.008337 0.008860
0.008329 0.009056
0.008324 0.008423
0.008322 0.009281
0.008308 0.011051
0.008301 0.009020
0.008299 0.009035
0.008295 0.018306
0.008289 0.011030
0.008283 0.011467
0.008276 0.010890
0.008264 0.013440
0.008249 0.011152
0.008237 0.008295
0.008221 0.008303
0.008218 0.010366
0.008206 0.008678
0.008186 0.008611
0.008184 0.008259
0.008179 0.009518
0.008175 0.009571
0.008171 0.010353
0.008168 0.009007
0.008157 0.008470
0.008157 0.014461
0.008148 0.016572
0.008144 0.009777
0.008133 0.009474
0.008130 0.013144
0.008128 0.008463
0.008127 0.008588
0.008124 0.012331
0.008114 0.008668
0.008109 0.009273
0.008104 0.008249
0.008104 0.009537
0.008097 0.008369
0.008090 0.009781
0.008088 0.008874
0.008077 0.012433
0.008073 0.008204
0.008066 0.008730
0.008063 0.008204
0.008055 0.008328
0.008051 0.008340
0.008047 0.008205
0.008046 0.010432
0.008045 0.008503
0.008034 0.008735
0.008028 0.010292
0.008027 0.008155
0.008021 0.008789
0.008014 0.013611
0.007997 0.008628
0.007992 0.012830
0.007984 0.008396
0.007982 0.008908
0.007982 0.010171
0.007976 0.008160
0.007964 0.008382
0.007957 0.011460
0.007953 0.008294
0.007912 0.011150
0.007905 0.008212
0.007905 0.008027
0.007897 0.010168
0.007884 0.010209
0.007875 0.010728
0.007869 0.009370
0.007865 0.014834
0.007857 0.011798
0.007833 0.007921
0.007827 0.009076
0.007821 0.009092
0.007804 0.008809
0.007798 0.007926
0.007785 0.019981
0.007781 0.008312
0.007774 0.010296
0.007773 0.008529
0.007772 0.009346
0.007755 0.008513
0.007742 0.008789
0.007740 0.008146
0.007739 0.008396
0.007730 0.014186
0.007703 0.014179
0.007692 0.009635
0.007686 0.008034
0.007683 0.008135
0.007680 0.008373
0.007668 0.008151
0.007656 0.007692
0.007656 0.013871
0.007649 0.007664
0.007638 0.009718
0.007637 0.015027
0.007632 0.007769
0.007629 0.007720
0.007624 0.010232
0.007608 0.008626
0.007577 0.008103
0.007576 0.008834
0.007575 0.008558
0.007572 0.009160
0.007569 0.009388
0.007564 0.014401
0.007527 0.008012
0.007524 0.008247
0.007524 0.008097
0.007505 0.008108
0.007503 0.008054
0.007499 0.008017
0.007484 0.009902
0.007470 0.010892
0.007469 0.014751
0.007466 0.009367
0.007464 0.011108
0.007462 0.010432
0.007461 0.013999
0.007447 0.009717
0.007444 0.010774
0.007440 0.014119
0.007437 0.007591
0.007419 0.008509
0.007414 0.008038
0.007404 0.009090
0.007400 0.007667
0.007396 0.007893
0.007385 0.007555
0.007384 0.008532
0.007382 0.010190
0.007366 0.008504
0.007366 0.007619
0.007351 0.016913
0.007350 0.008514
0.007336 0.012763
0.007331 0.008716
0.007325 0.008745
0.007318 0.009413
0.007313 0.007385
0.007306 0.010399
0.007305 0.007743
0.007301 0.007613
0.007296 0.008903
0.007293 0.008139
0.007291 0.007633
0.007290 0.007723
0.007285 0.008112
0.007283 0.007999
0.007283 0.010457
0.007282 0.011060
0.007281 0.010514
0.007278 0.009785
0.007277 0.011774
0.007276 0.007369
0.007269 0.009576
0.007266 0.007528
0.007259 0.011568
0.007254 0.008667
0.007254 0.009679
0.007252 0.010544
0.007250 0.007356
0.007248 0.011797
0.007238 0.010571
0.007231 0.008673
0.007228 0.008749
0.007204 0.011478
0.007203 0.007684
0.007195 0.008986
0.007183 0.008356
0.007173 0.007894
0.007171 0.008133
0.007169 0.007438
0.007168 0.007607
0.007159 0.008493
0.007158 0.007278
0.007154 0.008022
0.007151 0.011532
0.007140 0.008600
0.007136 0.007640
0.007132 0.007428
0.007125 0.007510
0.007122 0.007370
0.007113 0.014070
0.007110 0.007161
0.007104 0.009688
0.007101 0.010348
0.007094 0.010994
0.007077 0.007219
0.007075 0.008248
0.007069 0.007612
0.007064 0.012744
0.007054 0.009256
0.007045 0.007247
0.007044 0.008952
0.007041 0.007386
0.007028 0.013377
0.007027 0.007826
0.007018 0.009292
0.007011 0.008062
0.007010 0.007141
0.007001 0.008824
0.007000 0.011436
0.006994 0.007445
0.006991 0.009468
0.006986 0.007114
0.006974 0.007014
0.006965 0.011908
0.006961 0.007261
0.006958 0.007250
0.006945 0.007565
0.006943 0.007136
0.006939 0.008512
0.006937 0.007330
0.006936 0.008639
0.006931 0.015664
0.006927 0.008907
0.006923 0.014133
0.006922 0.007736
0.006922 0.010875
0.006918 0.007194
0.006917 0.007717
0.006917 0.009718
0.006899 0.008317
0.006878 0.014632
0.006868 0.012510
0.006861 0.007226
0.006859 0.009065
0.006838 0.007880
0.006836 0.013325
0.006834 0.007859
0.006833 0.007437
0.006832 0.010036
0.006831 0.006986
0.006825 0.008839
0.006822 0.007184
0.006812 0.008232
0.006806 0.011804
0.006790 0.009405
0.006786 0.006822
0.006785 0.009154
0.006783 0.008045
0.006783 0.009018
0.006768 0.007326
0.006767 0.006940
0.006767 0.007022
0.006763 0.011298
0.006746 0.006763
0.006738 0.007658
0.006732 0.011210
0.006727 0.007601
0.006717 0.009416
0.006712 0.010271
0.006711 0.006724
0.006708 0.006948
0.006708 0.007616
0.006701 0.006704
0.006685 0.013277
0.006676 0.007290
0.006670 0.006712
0.006669 0.006920
0.006647 0.010356
0.006640 0.011114
0.006617 0.006880
0.006617 0.008086
0.006593 0.007081
0.006591 0.006751
0.006586 0.006912
0.006583 0.007247
0.006582 0.011183
0.006580 0.009112
0.006576 0.006672
0.006575 0.006684
0.006571 0.008732
0.006563 0.007226
0.006561 0.006839
0.006559 0.007372
0.006559 0.012301
0.006559 0.011076
0.006558 0.006938
0.006543 0.006882
0.006542 0.007476
0.006534 0.009931
0.006533 0.012187
0.006532 0.007155
0.006528 0.006544
0.006528 0.007910
0.006525 0.006532
0.006524 0.006617
0.006523 0.006641
0.006520 0.011600
0.006516 0.008547
0.006516 0.007562
0.006509 0.007056
0.006507 0.010132
0.006507 0.011822
0.006504 0.006977
0.006499 0.006670
0.006497 0.009190
0.006484 0.006756
0.006480 0.009709
0.006479 0.008233
0.006477 0.007157
0.006476 0.006764
0.006468 0.007862
0.006468 0.009941
0.006467 0.006567
0.006455 0.006665
0.006453 0.006490
0.006451 0.010463
0.006449 0.006613
0.006440 0.006889
0.006436 0.009037
0.006435 0.007820
0.006431 0.006814
0.006417 0.006592
0.006410 0.006664
0.006407 0.008169
0.006400 0.008836
0.006395 0.006843
0.006389 0.006544
0.006386 0.007210
0.006373 0.008921
0.006369 0.007133
0.006368 0.008759
0.006366 0.006881
0.006364 0.008068
0.006358 0.006445
0.006358 0.010573
0.006354 0.007025
0.006353 0.008711
0.006346 0.006691
0.006343 0.006485
0.006336 0.006487
0.006330 0.007184
0.006329 0.006534
0.006329 0.007723
0.006329 0.007496
0.006328 0.006944
0.006326 0.007331
0.006322 0.006489
0.006321 0.008444
0.006318 0.006968
0.006311 0.007045
0.006295 0.011915
0.006295 0.007029
0.006295 0.006362
0.006294 0.007504
0.006293 0.014663
0.006291 0.006299
0.006276 0.006287
0.006274 0.007910
0.006259 0.007038
0.006258 0.009092
0.006252 0.008389
0.006244 0.007260
0.006235 0.018591
0.006235 0.008500
0.006229 0.007087
0.006216 0.007479
0.006214 0.007020
0.006213 0.007479
0.006203 0.010483
0.006200 0.007553
0.006198 0.006430
0.006197 0.007779
0.006192 0.006943
0.006187 0.006571
0.006186 0.007149
0.006183 0.008589
0.006180 0.006374
0.006179 0.007553
0.006179 0.010218
0.006176 0.006729
0.006158 0.007492
0.006156 0.006471
0.006141 0.006164
0.006140 0.006779
0.006133 0.006987
0.006129 0.006151
0.006129 0.006328
0.006127 0.006763
0.006126 0.010877
0.006126 0.011596
0.006119 0.009757
0.006118 0.006136
0.006104 0.007923
0.006103 0.007028
0.006103 0.006444
0.006085 0.006235
0.006074 0.012940
0.006069 0.006137
0.006065 0.013290
0.006063 0.006763
0.006062 0.006843
0.006050 0.006434
0.006027 0.008492
0.006023 0.006050
0.006020 0.006298
0.006018 0.006372
0.006017 0.007298
0.006007 0.006111
0.006002 0.006413
0.005994 0.006029
0.005992 0.008837
0.005991 0.006327
0.005989 0.010878
0.005984 0.009613
0.005978 0.006198
0.005974 0.006711
0.005972 0.006040
0.005969 0.006175
0.005969 0.006964
0.005968 0.009930
0.005968 0.006374
0.005964 0.006350
0.005964 0.006255
0.005958 0.010068
0.005955 0.006038
0.005948 0.006904
0.005944 0.009223
0.005938 0.006209
0.005924 0.013501
0.005924 0.007059
0.005922 0.008341
0.005919 0.010815
0.005909 0.008393
0.005909 0.008730
0.005907 0.006217
0.005907 0.006013
0.005881 0.006249
0.005880 0.007635
0.005864 0.006420
0.005864 0.006811
0.005862 0.006115
0.005859 0.010602
0.005858 0.006057
0.005858 0.007257
0.005857 0.007523
0.005856 0.006436
0.005855 0.006462
0.005854 0.006793
0.005854 0.007404
0.005853 0.008241
0.005850 0.006695
0.005843 0.005929
0.005838 0.005945
0.005834 0.005969
0.005827 0.009823
0.005818 0.007717
0.005806 0.006452
0.005803 0.008820
0.005802 0.007091
0.005791 0.007467
0.005791 0.006417
0.005780 0.006013
0.005774 0.006889
0.005770 0.006850
0.005768 0.006349
0.005764 0.009903
0.005761 0.009354
0.005758 0.006314
0.005750 0.005966
0.005748 0.008177
0.005745 0.009117
0.005742 0.009680
0.005728 0.005948
0.005715 0.007063
0.005713 0.007790
0.005707 0.006614
0.005700 0.005831
0.005694 0.006685
0.005693 0.006422
0.005692 0.005805
0.005692 0.005982
0.005688 0.005841
0.005679 0.006908
0.005678 0.006160
0.005678 0.005756
0.005678 0.006166
0.005678 0.005681
0.005672 0.009463
0.005667 0.007351
0.005659 0.005953
0.005653 0.008227
0.005649 0.007644
0.005648 0.006975
0.005643 0.005753
0.005641 0.011543
0.005639 0.006920
0.005632 0.006152
0.005628 0.006243
0.005628 0.007052
0.005626 0.008407
0.005623 0.006186
0.005622 0.006104
0.005610 0.006503
0.005605 0.009262
0.005597 0.006423
0.005592 0.005620
0.005589 0.005908
0.005589 0.006084
0.005588 0.007563
0.005587 0.006038
0.005585 0.007235
0.005585 0.006994
0.005583 0.007995
0.005583 0.005683
0.005581 0.007648
0.005573 0.008085
0.005571 0.005751
0.005566 0.006862
0.005556 0.005750
0.005555 0.006194
0.005554 0.005639
0.005553 0.006194
0.005551 0.006131
0.005546 0.009118
0.005541 0.005667
0.005540 0.006966
0.005540 0.005883
0.005539 0.011362
0.005539 0.008172
0.005539 0.006410
0.005534 0.005566
0.005534 0.007820
0.005534 0.006045
0.005530 0.006388
0.005529 0.005985
0.005527 0.005671
0.005523 0.008218
0.005522 0.005554
0.005521 0.005694
0.005521 0.006176
0.005520 0.007105
0.005518 0.005531
0.005515 0.005800
0.005515 0.007763
0.005509 0.007596
0.005505 0.006934
0.005500 0.005932
0.005498 0.007376
0.005498 0.006668
0.005496 0.006127
0.005491 0.005820
0.005489 0.007682
0.005486 0.006080
0.005483 0.005990
0.005472 0.006099
0.005471 0.005992
0.005470 0.006139
0.005469 0.008915
0.005468 0.008046
0.005468 0.007111
0.005465 0.005650
0.005459 0.006714
0.005455 0.010600
0.005454 0.007437
0.005453 0.006784
0.005446 0.007644
0.005437 0.006822
0.005436 0.005813
0.005426 0.007010
0.005424 0.005838
0.005420 0.009718
0.005418 0.005474
0.005411 0.007161
0.005408 0.007524
0.005407 0.005887
0.005396 0.011543
0.005395 0.006231
0.005393 0.007283
0.005392 0.009945
0.005392 0.005714
0.005384 0.008616
0.005374 0.005552
0.005365 0.008619
0.005363 0.005987
0.005358 0.005867
0.005358 0.006947
0.005357 0.006132
0.005347 0.005691
0.005339 0.006212
0.005334 0.007186
0.005331 0.005463
0.005330 0.007865
0.005330 0.008173
0.005329 0.006100
0.005328 0.005636
0.005328 0.005351
0.005327 0.006674
0.005325 0.007170
0.005323 0.006635
0.005319 0.005879
0.005319 0.005551
0.005312 0.007836
0.005308 0.005431
0.005307 0.005469
0.005305 0.006058
0.005298 0.005721
0.005293 0.005646
0.005280 0.008843
0.005275 0.006182
0.005274 0.005697
0.005271 0.005888
0.005264 0.006850
0.005259 0.009064
0.005253 0.005269
0.005246 0.006584
0.005238 0.005400
0.005228 0.005821
0.005224 0.005511
0.005223 0.007188
0.005221 0.005967
0.005214 0.005842
0.005206 0.006875
0.005183 0.006963
0.005182 0.005226
0.005181 0.007233
0.005180 0.010398
0.005178 0.005441
0.005171 0.005213
0.005169 0.006329
0.005163 0.005920
0.005161 0.006815
0.005154 0.006099
0.005154 0.007555
0.005154 0.008735
0.005152 0.007833
0.005152 0.009686
0.005150 0.005660
0.005149 0.007510
0.005148 0.005549
0.005144 0.005263
0.005142 0.005360
0.005139 0.008559
0.005137 0.005482
0.005136 0.005848
0.005132 0.005503
0.005129 0.006566
0.005123 0.007461
0.005121 0.005910
0.005118 0.006463
0.005116 0.005321
0.005114 0.006721
0.005113 0.005230
0.005108 0.005202
0.005106 0.006074
0.005106 0.006457
0.005103 0.007964
0.005096 0.005592
0.005093 0.005226
0.005085 0.006532
0.005084 0.008311
0.005083 0.007014
0.005080 0.005143
0.005075 0.005175
0.005067 0.005761
0.005066 0.005795
0.005063 0.007530
0.005061 0.005763
0.005054 0.009373
0.005052 0.005074
0.005048 0.005410
0.005045 0.005382
0.005036 0.006641
0.005032 0.005160
0.005031 0.005731
0.005025 0.007392
0.005018 0.007558
0.005015 0.006582
0.005011 0.005141
0.005009 0.005979
0.005008 0.006726
0.005005 0.005289
0.005000 0.005606
0.005000 0.005386
0.004999 0.005652
0.004984 0.006450
0.004983 0.005222
0.004980 0.006395
0.004980 0.005172
0.004979 0.005837
0.004975 0.005270
0.004973 0.008155
0.004973 0.005917
0.004969 0.006027
0.004967 0.007319
0.004965 0.007516
0.004964 0.013273
0.004959 0.005004
0.004956 0.005246
0.004955 0.009033
0.004947 0.007015
0.004946 0.006623
0.004943 0.005522
0.004941 0.006998
0.004938 0.005038
0.004936 0.009990
0.004935 0.006760
0.004934 0.005263
0.004934 0.005572
0.004933 0.005401
0.004925 0.006510
0.004924 0.004974
0.004923 0.006129
0.004923 0.007178
0.004918 0.005632
0.004916 0.005206
0.004915 0.006788
0.004914 0.004923
0.004909 0.005739
0.004907 0.005683
0.004896 0.004968
0.004896 0.005899
0.004895 0.006091
0.004891 0.012255
0.004891 0.008625
0.004887 0.004914
0.004885 0.005101
0.004881 0.005248
0.004877 0.007851
0.004873 0.006077
0.004873 0.004982
0.004870 0.006101
0.004868 0.005808
0.004863 0.005705
0.004863 0.005130
0.004863 0.008236
0.004862 0.004875
0.004862 0.006469
0.004862 0.005373
0.004862 0.005243
0.004860 0.006069
0.004860 0.006987
0.004860 0.008979
0.004856 0.004920
0.004854 0.006493
0.004850 0.005602
0.004849 0.005243
0.004841 0.006400
0.004839 0.005080
0.004837 0.005617
0.004835 0.008743
0.004828 0.005329
0.004828 0.004987
0.004827 0.005811
0.004825 0.004968
0.004825 0.009676
0.004821 0.005668
0.004818 0.005581
0.004814 0.004985
0.004812 0.004993
0.004807 0.007482
0.004806 0.006535
0.004804 0.005562
0.004802 0.005193
0.004802 0.005291
0.004794 0.006380
0.004791 0.007258
0.004778 0.005557
0.004774 0.004886
0.004772 0.005014
0.004770 0.005110
0.004767 0.007689
0.004764 0.005411
0.004759 0.005053
0.004758 0.005550
0.004752 0.004929
0.004749 0.005447
0.004749 0.006010
0.004749 0.006987
0.004747 0.004940
0.004743 0.004827
0.004741 0.005026
0.004739 0.005292
0.004737 0.005074
0.004732 0.006036
0.004730 0.004894
0.004725 0.004812
0.004724 0.005603
0.004719 0.005482
0.004717 0.005846
0.004717 0.004948
0.004716 0.006620
0.004716 0.005810
0.004716 0.008886
0.004715 0.006144
0.004715 0.005718
0.004715 0.004885
0.004703 0.006207
0.004702 0.009015
0.004698 0.004870
0.004697 0.009032
0.004694 0.006489
0.004691 0.004753
0.004686 0.005689
0.004685 0.005877
0.004683 0.004844
0.004683 0.006646
0.004678 0.006002
0.004675 0.005203
0.004672 0.004899
0.004668 0.005559
0.004667 0.004944
0.004664 0.006373
0.004662 0.004787
0.004659 0.005015
0.004652 0.006431
0.004652 0.007039
0.004649 0.005834
0.004647 0.008692
0.004643 0.006240
0.004642 0.005351
0.004633 0.005329
0.004630 0.004653
0.004628 0.009045
0.004628 0.005734
0.004627 0.007801
0.004627 0.007439
0.004625 0.007839
0.004623 0.004663
0.004621 0.005553
0.004613 0.010159
0.004613 0.005040
0.004609 0.009963
0.004604 0.007425
0.004600 0.004863
0.004598 0.005053
0.004598 0.005258
0.004594 0.005188
0.004587 0.007074
0.004581 0.004739
0.004581 0.004702
0.004580 0.005194
0.004578 0.005338
0.004575 0.005040
0.004569 0.005182
0.004557 0.005551
0.004554 0.005436
0.004554 0.005513
0.004554 0.007513
0.004550 0.007958
0.004547 0.005658
0.004544 0.006094
0.004542 0.005289
0.004541 0.005972
0.004539 0.005493
0.004538 0.007209
0.004536 0.005114
0.004536 0.005016
0.004535 0.008016
0.004533 0.005016
0.004531 0.005069
0.004528 0.004559
0.004528 0.004991
0.004527 0.004925
0.004527 0.006405
0.004526 0.005596
0.004523 0.005245
0.004522 0.006511
0.004521 0.005270
0.004519 0.004595
0.004517 0.005276
0.004513 0.004673
0.004513 0.005439
0.004513 0.005692
0.004513 0.005738
0.004509 0.005070
0.004507 0.004581
0.004504 0.004973
0.004500 0.006881
0.004496 0.005196
0.004495 0.004541
0.004490 0.004601
0.004490 0.005671
0.004489 0.004501
0.004486 0.006470
0.004486 0.004777
0.004485 0.009577
0.004483 0.005068
0.004482 0.004528
0.004482 0.006171
0.004476 0.004590
0.004474 0.005572
0.004473 0.004723
0.004472 0.004594
0.004470 0.004627
0.004462 0.004959
0.004461 0.007294
0.004461 0.004850
0.004460 0.004486
0.004459 0.007756
0.004459 0.004519
0.004458 0.008326
0.004455 0.005625
0.004451 0.004627
0.004449 0.004499
0.004446 0.006834
0.004443 0.004598
0.004442 0.004711
0.004438 0.007642
0.004435 0.009003
0.004433 0.006659
0.004424 0.004529
0.004423 0.005495
0.004423 0.005275
0.004421 0.004801
0.004420 0.005981
0.004419 0.004842
0.004418 0.006300
0.004413 0.005009
0.004411 0.004879
0.004410 0.004511
0.004408 0.005130
0.004406 0.004484
0.004406 0.004636
0.004405 0.005140
0.004403 0.004651
0.004402 0.004676
0.004397 0.006124
0.004395 0.005987
0.004389 0.005624
0.004385 0.004574
0.004382 0.007567
0.004381 0.007235
0.004380 0.008635
0.004376 0.004689
0.004376 0.005485
0.004376 0.006782
0.004375 0.005195
0.004374 0.004649
0.004374 0.005076
0.004373 0.005017
0.004373 0.005081
0.004372 0.005137
0.004368 0.004789
0.004367 0.005188
0.004361 0.004732
0.004358 0.008902
0.004356 0.004653
0.004355 0.006320
0.004354 0.007120
0.004352 0.004727
0.004352 0.004395
0.004350 0.005382
0.004346 0.008853
0.004342 0.004737
0.004342 0.005706
0.004340 0.008320
0.004337 0.006220
0.004333 0.005376
0.004325 0.005074
0.004324 0.004733
0.004323 0.004675
0.004322 0.004978
0.004316 0.004344
0.004312 0.005564
0.004307 0.004734
0.004306 0.004329
0.004303 0.004662
0.004302 0.004549
0.004300 0.006718
0.004298 0.004493
0.004297 0.004412
0.004297 0.004906
0.004295 0.005545
0.004293 0.005745
0.004289 0.004806
0.004289 0.005015
0.004287 0.006626
0.004285 0.007717
0.004283 0.005132
0.004282 0.005775
0.004281 0.004641
0.004278 0.004969
0.004272 0.004310
0.004260 0.004408
0.004260 0.004844
0.004258 0.006199
0.004254 0.005146
0.004253 0.004510
0.004251 0.007602
0.004250 0.005478
0.004249 0.005709
0.004249 0.004468
0.004248 0.005495
0.004247 0.008564
0.004244 0.004879
0.004239 0.004502
0.004237 0.008133
0.004237 0.005069
0.004234 0.004416
0.004232 0.005091
0.004229 0.006741
0.004228 0.005007
0.004227 0.004765
0.004227 0.005539
0.004226 0.006569
0.004223 0.006539
0.004220 0.007060
0.004218 0.004597
0.004215 0.004334
0.004210 0.004795
0.004209 0.004354
0.004209 0.004524
0.004202 0.004531
0.004199 0.004760
0.004198 0.004962
0.004195 0.004808
0.004195 0.005680
0.004192 0.004720
0.004189 0.005723
0.004188 0.006018
0.004185 0.006776
0.004182 0.005108
0.004180 0.004475
0.004177 0.006432
0.004175 0.004593
0.004174 0.005780
0.004174 0.005590
0.004173 0.008419
0.004171 0.004218
0.004170 0.004402
0.004167 0.007502
0.004166 0.004235
0.004164 0.004174
0.004162 0.005418
0.004156 0.005539
0.004155 0.004190
0.004143 0.004506
0.004142 0.004796
0.004140 0.005488
0.004137 0.006185
0.004129 0.004454
0.004125 0.004189
0.004123 0.004267
0.004123 0.005069
0.004122 0.004382
0.004118 0.004983
0.004117 0.005151
0.004117 0.009983
0.004113 0.004876
0.004108 0.004953
0.004104 0.005097
0.004101 0.006828
0.004100 0.004225
0.004098 0.005791
0.004096 0.004713
0.004095 0.005054
0.004091 0.006582
0.004090 0.007083
0.004081 0.005067
0.004078 0.006576
0.004071 0.005001
0.004067 0.004187
0.004062 0.004737
0.004061 0.004244
0.004060 0.004855
0.004056 0.004147
0.004054 0.007859
0.004052 0.004521
0.004051 0.004239
0.004050 0.005620
0.004047 0.004745
0.004046 0.005552
0.004046 0.004450
0.004044 0.004084
0.004043 0.006299
0.004042 0.005858
0.004038 0.004486
0.004038 0.004351
0.004038 0.004881
0.004032 0.004964
0.004026 0.005314
0.004025 0.004360
0.004023 0.005898
0.004020 0.004826
0.004018 0.005523
0.004016 0.005690
0.004014 0.005058
0.004014 0.005242
0.004012 0.006324
0.004010 0.004174
0.004008 0.004513
0.004008 0.004036
0.004008 0.006372
0.004008 0.006408
0.004005 0.005938
0.003998 0.005781
0.003998 0.006247
0.003996 0.004239
0.003994 0.004153
0.003993 0.006076
0.003992 0.004251
0.003991 0.004331
0.003990 0.004153
0.003990 0.004046
0.003987 0.005612
0.003981 0.004445
0.003975 0.005665
0.003974 0.007941
0.003972 0.004281
0.003971 0.004088
0.003971 0.004554
0.003969 0.005258
0.003968 0.004056
0.003967 0.004242
0.003966 0.004595
0.003962 0.005592
0.003962 0.004320
0.003957 0.004564
0.003953 0.003992
0.003951 0.004144
0.003944 0.004138
0.003944 0.005492
0.003943 0.005413
0.003939 0.005622
0.003938 0.005725
0.003936 0.006336
0.003935 0.004459
0.003935 0.004490
0.003934 0.004823
0.003929 0.004441
0.003927 0.003990
0.003923 0.004885
0.003923 0.004524
0.003923 0.003984
0.003923 0.003980
0.003922 0.009586
0.003920 0.005317
0.003916 0.004281
0.003911 0.004498
0.003907 0.004640
0.003906 0.006669
0.003906 0.007616
0.003891 0.006265
0.003890 0.005868
0.003887 0.004010
0.003878 0.003977
0.003874 0.006125
0.003873 0.004413
0.003871 0.004745
0.003870 0.004212
0.003868 0.004005
0.003868 0.004257
0.003866 0.005631
0.003866 0.004125
0.003864 0.003895
0.003864 0.004300
0.003859 0.008135
0.003855 0.003901
0.003851 0.004261
0.003850 0.004092
0.003849 0.005842
0.003845 0.004189
0.003843 0.004189
0.003838 0.004209
0.003838 0.004323
0.003837 0.004432
0.003833 0.003872
0.003829 0.007840
0.003827 0.004758
0.003827 0.005804
0.003825 0.004563
0.003825 0.003860
0.003823 0.003938
0.003817 0.004941
0.003817 0.004295
0.003816 0.007176
0.003815 0.005001
0.003808 0.003918
0.003806 0.004557
0.003805 0.006477
0.003805 0.005159
0.003804 0.005863
0.003804 0.004402
0.003803 0.004181
0.003800 0.004371
0.003797 0.005918
0.003797 0.004051
0.003796 0.005567
0.003793 0.003885
0.003792 0.005234
0.003788 0.006004
0.003787 0.003945
0.003784 0.004053
0.003774 0.005921
0.003774 0.005241
0.003770 0.003939
0.003767 0.004077
0.003766 0.004382
0.003765 0.006009
0.003762 0.004288
0.003760 0.005544
0.003754 0.006213
0.003752 0.009928
0.003751 0.004009
0.003750 0.004637
0.003748 0.004724
0.003744 0.004542
0.003743 0.007538
0.003739 0.006414
0.003734 0.004214
0.003734 0.003853
0.003730 0.004075
0.003725 0.003802
0.003724 0.007463
0.003724 0.004212
0.003724 0.004081
0.003723 0.004449
0.003723 0.006556
0.003721 0.005283
0.003720 0.006005
0.003719 0.004614
0.003718 0.003994
0.003716 0.003981
0.003713 0.006755
0.003713 0.005441
0.003712 0.005427
0.003711 0.003924
0.003709 0.005391
0.003708 0.005163
0.003702 0.004160
0.003702 0.003740
0.003701 0.006483
0.003701 0.003782
0.003694 0.004026
0.003692 0.003776
0.003687 0.004064
0.003681 0.003907
0.003680 0.004733
0.003676 0.003682
0.003675 0.006052
0.003668 0.004788
0.003668 0.003672
0.003667 0.003815
0.003664 0.004863
0.003663 0.004485
0.003660 0.007048
0.003656 0.003868
0.003656 0.003778
0.003648 0.005793
0.003644 0.004372
0.003640 0.007068
0.003640 0.003675
0.003636 0.004953
0.003635 0.006231
0.003634 0.004069
0.003634 0.004140
0.003631 0.003744
0.003630 0.007050
0.003628 0.003996
0.003628 0.007608
0.003622 0.004709
0.003619 0.007798
0.003617 0.003758
0.003617 0.004649
0.003610 0.003846
0.003606 0.003826
0.003604 0.006487
0.003604 0.004517
0.003604 0.005896
0.003602 0.006145
0.003599 0.003818
0.003598 0.004483
0.003591 0.004546
0.003591 0.005484
0.003590 0.004969
0.003588 0.004166
0.003583 0.004766
0.003583 0.005945
0.003577 0.006777
0.003573 0.005978
0.003573 0.003615
0.003569 0.003776
0.003567 0.006849
0.003562 0.005802
0.003561 0.006287
0.003560 0.003607
0.003557 0.003806
0.003552 0.004529
0.003551 0.004595
0.003549 0.004786
0.003546 0.005590
0.003546 0.003688
0.003546 0.003600
0.003545 0.003982
0.003545 0.005571
0.003544 0.003817
0.003541 0.004644
0.003540 0.003772
0.003540 0.004428
0.003538 0.004570
0.003536 0.004628
0.003535 0.005728
0.003535 0.003554
0.003534 0.003722
0.003534 0.005481
0.003532 0.004997
0.003525 0.005935
0.003525 0.005976
0.003521 0.004973
0.003519 0.004245
0.003517 0.005190
0.003517 0.003542
0.003515 0.004682
0.003515 0.004704
0.003514 0.003656
0.003512 0.004399
0.003512 0.004073
0.003509 0.003548
0.003507 0.006095
0.003507 0.005672
0.003506 0.004774
0.003504 0.005603
0.003503 0.003506
0.003503 0.004131
0.003502 0.003581
0.003489 0.003976
0.003484 0.003575
0.003482 0.010573
0.003480 0.007265
0.003473 0.003521
0.003472 0.003692
0.003469 0.005527
0.003469 0.003610
0.003465 0.004081
0.003464 0.004853
0.003463 0.004556
0.003461 0.003537
0.003460 0.003935
0.003456 0.003923
0.003456 0.003849
0.003455 0.005224
0.003449 0.003855
0.003449 0.003638
0.003448 0.004379
0.003446 0.003752
0.003443 0.005612
0.003442 0.003535
0.003441 0.003903
0.003429 0.003457
0.003429 0.003769
0.003423 0.006713
0.003419 0.003629
0.003416 0.003838
0.003414 0.006282
0.003411 0.004323
0.003408 0.003597
0.003398 0.003469
0.003398 0.004518
0.003398 0.006165
0.003397 0.003622
0.003396 0.006865
0.003396 0.003460
0.003394 0.003409
0.003389 0.003666
0.003388 0.003401
0.003384 0.003652
0.003382 0.005836
0.003381 0.005177
0.003374 0.004845
0.003370 0.005495
0.003370 0.003878
0.003369 0.004958
0.003368 0.004893
0.003362 0.004890
0.003360 0.004683
0.003355 0.006146
0.003351 0.004880
0.003347 0.003927
0.003345 0.003896
0.003345 0.004330
0.003343 0.003414
0.003342 0.003688
0.003340 0.003384
0.003339 0.005180
0.003338 0.003832
0.003337 0.005352
0.003337 0.006756
0.003335 0.005317
0.003330 0.003395
0.003327 0.005470
0.003326 0.003820
0.003325 0.003429
0.003324 0.003807
0.003323 0.004248
0.003311 0.003883
0.003310 0.004694
0.003301 0.003499
0.003294 0.003667
0.003291 0.003338
0.003290 0.003376
0.003286 0.006823
0.003284 0.004409
0.003283 0.004356
0.003282 0.004897
0.003282 0.006266
0.003281 0.003520
0.003279 0.004464
0.003278 0.005165
0.003277 0.006030
0.003275 0.003494
0.003268 0.003994
0.003267 0.003353
0.003260 0.003288
0.003258 0.003718
0.003258 0.004250
0.003258 0.005289
0.003249 0.003298
0.003243 0.003360
0.003237 0.004457
0.003229 0.003300
0.003228 0.003784
0.003226 0.003243
0.003220 0.003441
0.003216 0.003458
0.003211 0.003912
0.003211 0.004305
0.003207 0.004484
0.003201 0.003841
0.003199 0.003895
0.003198 0.003712
0.003197 0.004565
0.003195 0.005243
0.003195 0.003599
0.003192 0.003708
0.003191 0.003221
0.003179 0.003365
0.003178 0.003910
0.003176 0.003565
0.003176 0.005557
0.003170 0.006491
0.003166 0.004060
0.003165 0.003321
0.003161 0.003583
0.003160 0.005361
0.003151 0.006029
0.003148 0.004268
0.003147 0.003259
0.003145 0.005722
0.003141 0.004982
0.003138 0.003140
0.003130 0.005004
0.003129 0.003176
0.003127 0.003404
0.003114 0.003391
0.003110 0.003441
0.003107 0.004576
0.003103 0.004342
0.003102 0.005749
0.003097 0.004557
0.003094 0.006403
0.003088 0.004116
0.003085 0.004653
0.003081 0.003881
0.003080 0.004377
0.003080 0.006496
0.003076 0.003583
0.003076 0.004589
0.003072 0.003474
0.003071 0.005082
0.003070 0.006808
0.003067 0.003405
0.003066 0.003485
0.003051 0.004592
0.003046 0.003286
0.003046 0.005900
0.003045 0.003766
0.003041 0.007103
0.003040 0.003579
0.003037 0.003089
0.003033 0.003062
0.003012 0.003614
0.003009 0.003199
0.003004 0.003780
0.002987 0.003017
0.002987 0.003510
0.002987 0.004730
0.002985 0.003114
0.002984 0.003475
0.002983 0.004220
0.002980 0.003358
0.002976 0.004038
0.002972 0.004302
0.002969 0.004226
0.002960 0.003088
0.002959 0.003730
0.002957 0.005045
0.002951 0.005009
0.002948 0.003282
0.002948 0.003857
0.002934 0.004118
0.002923 0.003609
0.002922 0.003529
0.002921 0.003805
0.002919 0.003187
0.002919 0.002942
0.002919 0.003236
0.002915 0.004197
0.002913 0.003033
0.002902 0.003029
0.002902 0.003591
0.002898 0.002989
0.002895 0.002964
0.002877 0.003604
0.002877 0.003336
0.002872 0.003580
0.002864 0.002883
0.002854 0.004244
0.002846 0.004489
0.002841 0.002958
0.002835 0.004333
0.002830 0.003390
0.002828 0.003107
0.002827 0.002845
0.002823 0.002886
0.002819 0.003670
0.002813 0.003560
0.002811 0.003383
0.002811 0.002998
0.002809 0.004144
0.002800 0.002843
0.002799 0.002886
0.002789 0.003650
0.002788 0.002877
0.002785 0.002869
0.002780 0.002941
0.002774 0.002890
0.002773 0.002891
0.002769 0.003223
0.002766 0.003345
0.002765 0.003235
0.002756 0.003133
0.002746 0.004307
0.002744 0.003288
0.002736 0.003151
0.002722 0.003322
0.002721 0.003000
0.002719 0.003044
0.002709 0.003109
0.002707 0.002740
0.002702 0.002702
0.002696 0.004838
0.002693 0.003163
0.002690 0.003144
0.002675 0.002983
0.002675 0.002863
0.002652 0.002858
0.002649 0.002869
0.002623 0.006422
0.002621 0.003534
0.002615 0.004121
0.002600 0.002788
0.002600 0.003105
0.002581 0.002768
0.002568 0.002890
0.002566 0.002828
0.002561 0.003662
0.002558 0.003251
0.002558 0.002731
0.002557 0.003828
0.002555 0.002987
0.002541 0.002619
0.002540 0.002768
0.002526 0.002775
0.002519 0.003718
0.002518 0.004014
0.002515 0.003318
0.002498 0.004882
0.002479 0.003067
0.002473 0.002507
0.002473 0.002922
0.002469 0.002652
0.002462 0.003181
0.002451 0.003051
0.002442 0.002697
0.002439 0.002554
0.002419 0.002985
0.002381 0.002397
0.002375 0.003037
0.002361 0.002365
0.002340 0.002754
0.002325 0.002354
0.002322 0.002360
0.002304 0.002382
0.002287 0.003004
0.002279 0.002865
0.002273 0.002481
0.002232 0.003086
0.002221 0.002376
0.002199 0.002211
0.002195 0.002937
0.002187 0.002252
0.002136 0.002260
0.002113 0.002253
0.002111 0.002594
0.002079 0.002558
0.002059 0.002205
0.002046 0.002341
0.002022 0.002114
0.001995 0.002081
0.001959 0.002017
0.001943 0.001946
0.001943 0.002078
0.001936 0.002388
0.001922 0.002055
0.001904 0.002070
0.001881 0.002562
0.001755 0.001864
0.001750 0.002626
0.001585 0.001796
0.001552 0.001815
0.001380 0.001506
0.001244 0.001289
