0.145483 0.147890
0.125943 0.138267
0.121061 0.155810
0.112870 0.148245
0.106680 0.119820
0.101231 0.141056
0.094304 0.112056
0.090125 0.101576
0.089467 0.098751
0.088914 0.101395
0.087885 0.123008
0.077251 0.087590
0.071229 0.078107
0.069092 0.070149
0.067316 0.084466
0.066504 0.068264
0.065183 0.082843
0.064744 0.104750
0.064682 0.094880
0.063892 0.076135
0.063155 0.083563
0.057796 0.058473
0.055689 0.057493
0.054175 0.060474
0.053198 0.104687
0.053143 0.053418
0.052321 0.061481
0.050678 0.059392
0.046940 0.049883
0.046442 0.072789
0.044721 0.055738
0.044629 0.045902
0.044564 0.051992
0.044495 0.048143
0.043373 0.054054
0.041792 0.053869
0.039757 0.054766
0.038678 0.049935
0.038200 0.041560
0.037894 0.040269
0.037382 0.055741
0.037282 0.039391
0.036683 0.039273
0.036451 0.039476
0.036277 0.037326
0.035456 0.050003
0.035058 0.041767
0.034899 0.035105
0.033563 0.049495
0.033311 0.035355
0.033066 0.033777
0.032765 0.047279
0.032218 0.033629
0.031752 0.034602
0.031100 0.033749
0.029524 0.030606
0.028735 0.032324
0.028483 0.037266
0.028397 0.030340
0.028335 0.028729
0.028138 0.040596
0.027853 0.037876
0.027613 0.029564
0.027522 0.033792
0.027002 0.032010
0.026858 0.027584
0.026763 0.027689
0.026657 0.027908
0.026657 0.033944
0.026431 0.035814
0.025337 0.027122
0.025193 0.029350
0.025027 0.029038
0.024809 0.025351
0.024639 0.027218
0.024599 0.025610
0.024418 0.026592
0.024383 0.026474
0.024172 0.025649
0.024119 0.039843
0.024105 0.028140
0.024090 0.030065
0.024031 0.028270
0.024023 0.024937
0.023858 0.031887
0.023788 0.026278
0.023734 0.024474
0.023699 0.026080
0.023694 0.035689
0.023690 0.032503
0.023544 0.026303
0.023428 0.026486
0.023427 0.029078
0.023388 0.035214
0.023383 0.024301
0.023192 0.028467
0.023165 0.028132
0.023107 0.028530
0.023055 0.023648
0.023012 0.035342
0.022924 0.025103
0.022852 0.026218
0.022817 0.036140
0.022371 0.027107
0.022150 0.022613
0.022069 0.035616
0.021814 0.024746
0.021792 0.026731
0.021754 0.037067
0.021700 0.023113
0.021571 0.032527
0.021399 0.054670
0.021304 0.030160
0.021259 0.024875
0.021241 0.026500
0.021061 0.022761
0.021045 0.025163
0.020932 0.022188
0.020900 0.027032
0.020837 0.023885
0.020756 0.039380
0.020756 0.022926
0.020719 0.035786
0.020644 0.029739
0.020641 0.023255
0.020631 0.024454
0.020596 0.020607
0.020568 0.021325
0.020389 0.024436
0.020206 0.020675
0.020165 0.022650
0.020137 0.028258
0.020057 0.022554
0.020042 0.027962
0.020005 0.026136
0.020005 0.026173
0.019983 0.020026
0.019967 0.024620
0.019772 0.027232
0.019747 0.020759
0.019699 0.034937
0.019589 0.021523
0.019538 0.020057
0.019495 0.020259
0.019374 0.025013
0.019363 0.019735
0.019312 0.019370
0.019300 0.020863
0.019237 0.019923
0.019234 0.021595
0.019190 0.036778
0.019091 0.024806
0.019067 0.019468
0.019062 0.020762
0.019026 0.028637
0.019015 0.019996
0.018879 0.022504
0.018573 0.018854
0.018509 0.022005
0.018480 0.019650
0.018419 0.020241
0.018360 0.020476
0.018164 0.018830
0.018111 0.023791
0.018099 0.019080
0.018073 0.018518
0.017994 0.018390
0.017985 0.026662
0.017966 0.020358
0.017928 0.019870
0.017888 0.022421
0.017709 0.019443
0.017676 0.028253
0.017617 0.018433
0.017612 0.021763
0.017604 0.023253
0.017603 0.018929
0.017539 0.018985
0.017535 0.022835
0.017208 0.026746
0.017151 0.018340
0.017118 0.020177
0.017114 0.017375
0.017091 0.017750
0.017077 0.017087
0.017058 0.018609
0.017016 0.024343
0.017011 0.017535
0.016955 0.027038
0.016908 0.020557
0.016892 0.017486
0.016770 0.020914
0.016741 0.018627
0.016717 0.016960
0.016520 0.016820
0.016495 0.018498
0.016475 0.020498
0.016467 0.024334
0.016325 0.029311
0.016261 0.018125
0.016233 0.017001
0.016203 0.016603
0.016202 0.025128
0.016165 0.016335
0.016147 0.024850
0.016139 0.020737
0.016068 0.021918
0.015972 0.018346
0.015966 0.017396
0.015960 0.027185
0.015916 0.028883
0.015907 0.023063
0.015895 0.016726
0.015873 0.021481
0.015868 0.019030
0.015827 0.020359
0.015807 0.015901
0.015778 0.017789
0.015748 0.022253
0.015730 0.016531
0.015711 0.019163
0.015691 0.027527
0.015673 0.026978
0.015629 0.015880
0.015452 0.021561
0.015416 0.017378
0.015363 0.018119
0.015320 0.022827
0.015291 0.017398
0.015277 0.015690
0.015246 0.016421
0.015113 0.020351
0.015057 0.017041
0.015055 0.019459
0.015044 0.015529
0.014973 0.018525
0.014957 0.017234
0.014908 0.025932
0.014828 0.025833
0.014822 0.019015
0.014819 0.017556
0.014736 0.022496
0.014715 0.015260
0.014642 0.016192
0.014588 0.014780
0.014560 0.022399
0.014552 0.027227
0.014542 0.014818
0.014497 0.019510
0.014484 0.015478
0.014437 0.023613
0.014429 0.015359
0.014361 0.017772
0.014356 0.015806
0.014326 0.015656
0.014311 0.017663
0.014295 0.027210
0.014289 0.018675
0.014285 0.015012
0.014254 0.018333
0.014189 0.014263
0.014185 0.018069
0.014096 0.019219
0.014017 0.015134
0.014007 0.029701
0.013996 0.017142
0.013981 0.016457
0.013946 0.016367
0.013933 0.014554
0.013930 0.019686
0.013893 0.016823
0.013861 0.014934
0.013851 0.025247
0.013799 0.018990
0.013792 0.013914
0.013776 0.015804
0.013749 0.014704
0.013631 0.014981
0.013588 0.015289
0.013582 0.016381
0.013518 0.016126
0.013510 0.017806
0.013474 0.015132
0.013390 0.019361
0.013367 0.024378
0.013360 0.014428
0.013350 0.015950
0.013335 0.019326
0.013305 0.016419
0.013290 0.015248
0.013226 0.019756
0.013136 0.016656
0.013121 0.020853
0.013090 0.020754
0.013088 0.016587
0.013066 0.016983
0.013007 0.014582
0.013000 0.021352
0.012997 0.018655
0.012987 0.013030
0.012941 0.014747
0.012777 0.013426
0.012769 0.016132
0.012766 0.014587
0.012728 0.013805
0.012629 0.012741
0.012562 0.015673
0.012538 0.014395
0.012526 0.020258
0.012516 0.021120
0.012512 0.012750
0.012420 0.015200
0.012395 0.015165
0.012300 0.021111
0.012294 0.012795
0.012258 0.013062
0.012240 0.017111
0.012218 0.012383
0.012212 0.022571
0.012209 0.014604
0.012202 0.012239
0.012200 0.012739
0.012183 0.018311
0.012146 0.013340
0.012137 0.018619
0.012127 0.014818
0.012097 0.014466
0.011934 0.014128
0.011921 0.016595
0.011915 0.015661
0.011906 0.012535
0.011906 0.011916
0.011900 0.012302
0.011896 0.012808
0.011895 0.012094
0.011878 0.012546
0.011826 0.012059
0.011761 0.011993
0.011755 0.014484
0.011746 0.012170
0.011691 0.011957
0.011686 0.013440
0.011611 0.012613
0.011606 0.012884
0.011576 0.013107
0.011567 0.014523
0.011562 0.012915
0.011559 0.018602
0.011550 0.014273
0.011548 0.015475
0.011529 0.013210
0.011492 0.012850
0.011490 0.020070
0.011484 0.012161
0.011466 0.012068
0.011413 0.013303
0.011405 0.012097
0.011370 0.011439
0.011311 0.011877
0.011200 0.016733
0.011191 0.020461
0.011164 0.012179
0.011103 0.018661
0.011103 0.012468
0.011034 0.018320
0.011028 0.011574
0.011021 0.011082
0.011007 0.018151
0.011006 0.017872
0.011005 0.013739
0.011001 0.012835
0.010995 0.012935
0.010994 0.012714
0.010945 0.012118
0.010924 0.012452
0.010906 0.011249
0.010871 0.011343
0.010860 0.011583
0.010850 0.013829
0.010846 0.015100
0.010824 0.013196
0.010744 0.011143
0.010722 0.017810
0.010695 0.013009
0.010683 0.012257
0.010682 0.010855
0.010682 0.010917
0.010679 0.016344
0.010670 0.019408
0.010652 0.013745
0.010646 0.012934
0.010643 0.013569
0.010595 0.011559
0.010574 0.013110
0.010571 0.010576
0.010561 0.016189
0.010527 0.010615
0.010519 0.013207
0.010485 0.010665
0.010480 0.011184
0.010440 0.011128
0.010429 0.010818
0.010418 0.012089
0.010410 0.015267
0.010398 0.011832
0.010361 0.010479
0.010361 0.011078
0.010349 0.016844
0.010337 0.011574
0.010293 0.012267
0.010279 0.014021
0.010267 0.011023
0.010239 0.011631
0.010225 0.010805
0.010188 0.011347
0.010181 0.011658
0.010156 0.021577
0.010152 0.012471
0.010140 0.010402
0.010123 0.012337
0.010094 0.013783
0.010091 0.010416
0.010075 0.010095
0.010070 0.011187
0.010061 0.010217
0.010043 0.010732
0.009975 0.011066
0.009974 0.011885
0.009972 0.014604
0.009941 0.012500
0.009929 0.012136
0.009920 0.010183
0.009893 0.012869
0.009855 0.010433
0.009833 0.011493
0.009828 0.011670
0.009797 0.013039
0.009795 0.010030
0.009787 0.011267
0.009778 0.014886
0.009748 0.010521
0.009728 0.012791
0.009702 0.013238
0.009661 0.010459
0.009635 0.011593
0.009617 0.011455
0.009574 0.011489
0.009566 0.009873
0.009536 0.010384
0.009510 0.013384
0.009478 0.010938
0.009461 0.009778
0.009429 0.013474
0.009419 0.012709
0.009410 0.011767
0.009395 0.009667
0.009390 0.009557
0.009378 0.010380
0.009374 0.014476
0.009353 0.012131
0.009341 0.014994
0.009335 0.011350
0.009323 0.009467
0.009312 0.012693
0.009239 0.011080
0.009231 0.014157
0.009229 0.011628
0.009227 0.009706
0.009223 0.009419
0.009220 0.009221
0.009207 0.009408
0.009192 0.009919
0.009181 0.009679
0.009163 0.010609
0.009159 0.010579
0.009110 0.009279
0.009103 0.010574
0.009094 0.010415
0.009088 0.009602
0.009068 0.009469
0.009055 0.009502
0.009027 0.011875
0.009012 0.012327
0.009011 0.015051
0.008950 0.010318
0.008925 0.013468
0.008881 0.010514
0.008828 0.012823
0.008818 0.008876
0.008783 0.011710
0.008769 0.008932
0.008764 0.011421
0.008748 0.011317
0.008744 0.011164
0.008742 0.010141
0.008730 0.016803
0.008721 0.009927
0.008711 0.013027
0.008703 0.008709
0.008690 0.009918
0.008688 0.010617
0.008665 0.008784
0.008661 0.010963
0.008658 0.010456
0.008654 0.014534
0.008648 0.011220
0.008630 0.009083
0.008626 0.012165
0.008619 0.009622
0.008607 0.013540
0.008604 0.013688
0.008601 0.009730
0.008586 0.008728
0.008578 0.015544
0.008567 0.011257
0.008543 0.008646
0.008532 0.009061
0.008530 0.010069
0.008522 0.011245
0.008496 0.008868
0.008495 0.011585
0.008486 0.009748
0.008484 0.011656
0.008483 0.009169
0.008472 0.008583
0.008445 0.009802
0.008420 0.014769
0.008412 0.008862
0.008395 0.008675
0.008392 0.010642
0.008391 0.010190
0.008386 0.008413
0.008373 0.008911
0.008351 0.012945
0.008343 0.012744
0.008332 0.008919
0.008317 0.008336
0.008295 0.009778
0.008294 0.009345
0.008293 0.011020
0.008285 0.008799
0.008283 0.016418
0.008273 0.010146
0.008264 0.008873
0.008256 0.009999
0.008252 0.012700
0.008229 0.008325
0.008226 0.008816
0.008217 0.009245
0.008201 0.008932
0.008200 0.010199
0.008197 0.008250
0.008189 0.009372
0.008183 0.009017
0.008175 0.008557
0.008164 0.013440
0.008160 0.009261
0.008141 0.010007
0.008136 0.015576
0.008127 0.010289
0.008117 0.009059
0.008103 0.011385
0.008094 0.009621
0.008085 0.010726
0.008084 0.009485
0.008083 0.012877
0.008051 0.016104
0.008018 0.013252
0.008010 0.009957
0.008007 0.009678
0.008002 0.008089
0.007983 0.008414
0.007964 0.008686
0.007945 0.008282
0.007905 0.010879
0.007898 0.008884
0.007895 0.008415
0.007893 0.008119
0.007859 0.009707
0.007856 0.009532
0.007856 0.009699
0.007844 0.009132
0.007837 0.010330
0.007832 0.012372
0.007829 0.009142
0.007827 0.010294
0.007816 0.009034
0.007806 0.008871
0.007804 0.007816
0.007785 0.015226
0.007749 0.011278
0.007741 0.008022
0.007739 0.009570
0.007726 0.008585
0.007719 0.009173
0.007698 0.008598
0.007697 0.013698
0.007697 0.010368
0.007680 0.017615
0.007679 0.008563
0.007670 0.011397
0.007669 0.008784
0.007664 0.008625
0.007644 0.007768
0.007643 0.009518
0.007639 0.009199
0.007613 0.008290
0.007595 0.011650
0.007574 0.007960
0.007567 0.010534
0.007562 0.011380
0.007560 0.007874
0.007539 0.007879
0.007534 0.017140
0.007527 0.008122
0.007515 0.008198
0.007512 0.009338
0.007511 0.009069
0.007502 0.007849
0.007500 0.010067
0.007498 0.008716
0.007494 0.016527
0.007494 0.007895
0.007489 0.008702
0.007486 0.010081
0.007468 0.008308
0.007430 0.008209
0.007422 0.008080
0.007399 0.008501
0.007385 0.012177
0.007382 0.008205
0.007380 0.013375
0.007370 0.009047
0.007365 0.007952
0.007348 0.012673
0.007345 0.007420
0.007341 0.011086
0.007314 0.008872
0.007312 0.007932
0.007304 0.007879
0.007300 0.009187
0.007284 0.009528
0.007280 0.007766
0.007276 0.007368
0.007268 0.008792
0.007266 0.007346
0.007261 0.008359
0.007260 0.009875
0.007255 0.009424
0.007244 0.007909
0.007239 0.007868
0.007179 0.008352
0.007178 0.007670
0.007169 0.007455
0.007144 0.018156
0.007141 0.011532
0.007136 0.009212
0.007128 0.007336
0.007108 0.008988
0.007092 0.011336
0.007092 0.007275
0.007069 0.010250
0.007067 0.007689
0.007028 0.007896
0.007027 0.008491
0.007025 0.007064
0.007024 0.009743
0.007016 0.007794
0.007012 0.007172
0.007009 0.007478
0.006994 0.009306
0.006979 0.008136
0.006976 0.008046
0.006974 0.007568
0.006967 0.007485
0.006960 0.007037
0.006956 0.007062
0.006955 0.007051
0.006950 0.007432
0.006949 0.008279
0.006948 0.009171
0.006940 0.008515
0.006938 0.007034
0.006928 0.008885
0.006928 0.007008
0.006920 0.008375
0.006913 0.007412
0.006893 0.006958
0.006891 0.010438
0.006889 0.013567
0.006886 0.009730
0.006864 0.009835
0.006860 0.007313
0.006840 0.008552
0.006838 0.008870
0.006838 0.012038
0.006836 0.007261
0.006830 0.006908
0.006820 0.007081
0.006800 0.008923
0.006798 0.006974
0.006785 0.007872
0.006777 0.009766
0.006777 0.009122
0.006775 0.008280
0.006775 0.011184
0.006767 0.007875
0.006743 0.008439
0.006739 0.008839
0.006732 0.006832
0.006723 0.007011
0.006710 0.009138
0.006706 0.007261
0.006705 0.008618
0.006693 0.011670
0.006689 0.007572
0.006689 0.007008
0.006679 0.007797
0.006666 0.007766
0.006640 0.008282
0.006632 0.007016
0.006625 0.007093
0.006599 0.007808
0.006593 0.008024
0.006593 0.007642
0.006581 0.008897
0.006576 0.007252
0.006575 0.007017
0.006574 0.010847
0.006565 0.006757
0.006562 0.007285
0.006550 0.006589
0.006540 0.007435
0.006540 0.008211
0.006536 0.007852
0.006534 0.007209
0.006527 0.007661
0.006526 0.009986
0.006504 0.006885
0.006500 0.007436
0.006485 0.007083
0.006468 0.009961
0.006468 0.009130
0.006466 0.007932
0.006451 0.008359
0.006449 0.007275
0.006426 0.006958
0.006422 0.007725
0.006420 0.007368
0.006415 0.006683
0.006409 0.006579
0.006406 0.007626
0.006405 0.008783
0.006404 0.008973
0.006400 0.006432
0.006400 0.007085
0.006397 0.007179
0.006371 0.006724
0.006358 0.008111
0.006356 0.007557
0.006348 0.006802
0.006336 0.010625
0.006335 0.008692
0.006325 0.010738
0.006319 0.006682
0.006314 0.006444
0.006313 0.006641
0.006308 0.007585
0.006306 0.008236
0.006298 0.010877
0.006292 0.009307
0.006284 0.008966
0.006281 0.007053
0.006275 0.006908
0.006267 0.008186
0.006265 0.007000
0.006262 0.011348
0.006246 0.007258
0.006233 0.006870
0.006232 0.009125
0.006222 0.006351
0.006210 0.007101
0.006208 0.007973
0.006206 0.010573
0.006202 0.008840
0.006185 0.006775
0.006185 0.008987
0.006181 0.006890
0.006176 0.006631
0.006175 0.006607
0.006164 0.007432
0.006155 0.006820
0.006131 0.008776
0.006130 0.006313
0.006128 0.008155
0.006127 0.006447
0.006121 0.007069
0.006112 0.007134
0.006109 0.010051
0.006093 0.007015
0.006070 0.007600
0.006067 0.006748
0.006051 0.010095
0.006038 0.006492
0.006030 0.008335
0.006008 0.007105
0.006006 0.006334
0.005997 0.006194
0.005996 0.006293
0.005989 0.006245
0.005987 0.006011
0.005986 0.007681
0.005982 0.007859
0.005975 0.008746
0.005952 0.006276
0.005951 0.007581
0.005945 0.009751
0.005939 0.006208
0.005938 0.006194
0.005934 0.006098
0.005917 0.006638
0.005915 0.008153
0.005914 0.009609
0.005907 0.012922
0.005893 0.006530
0.005890 0.005933
0.005888 0.006216
0.005863 0.007429
0.005861 0.006309
0.005853 0.010732
0.005853 0.008518
0.005850 0.007316
0.005843 0.006608
0.005832 0.007653
0.005830 0.012106
0.005829 0.006998
0.005829 0.007610
0.005822 0.011349
0.005821 0.008007
0.005818 0.006305
0.005817 0.007735
0.005811 0.007403
0.005811 0.006129
0.005802 0.008166
0.005796 0.006968
0.005792 0.007905
0.005791 0.006101
0.005775 0.006060
0.005770 0.006193
0.005767 0.006239
0.005751 0.006731
0.005746 0.006349
0.005739 0.010630
0.005730 0.006087
0.005724 0.009977
0.005707 0.006226
0.005706 0.007163
0.005705 0.005758
0.005702 0.006554
0.005698 0.005789
0.005690 0.005955
0.005690 0.006244
0.005685 0.006001
0.005674 0.005708
0.005665 0.006551
0.005661 0.006382
0.005647 0.006053
0.005646 0.007129
0.005645 0.005713
0.005634 0.005693
0.005622 0.007359
0.005619 0.006407
0.005618 0.008023
0.005589 0.006275
0.005587 0.006988
0.005577 0.007948
0.005575 0.005966
0.005574 0.006233
0.005570 0.005717
0.005570 0.007802
0.005568 0.009124
0.005566 0.006245
0.005564 0.008989
0.005563 0.007023
0.005551 0.010975
0.005550 0.005649
0.005518 0.006875
0.005518 0.006627
0.005503 0.007611
0.005501 0.011010
0.005483 0.005815
0.005477 0.008158
0.005477 0.007230
0.005472 0.007771
0.005470 0.006686
0.005459 0.007059
0.005458 0.008618
0.005457 0.006015
0.005454 0.008403
0.005451 0.008164
0.005443 0.006838
0.005440 0.005458
0.005439 0.007232
0.005429 0.007637
0.005427 0.005979
0.005424 0.006051
0.005422 0.006333
0.005416 0.005981
0.005415 0.007446
0.005408 0.006292
0.005405 0.006495
0.005404 0.008133
0.005400 0.005812
0.005397 0.005726
0.005396 0.008936
0.005379 0.009660
0.005377 0.006396
0.005371 0.005453
0.005367 0.006114
0.005363 0.007176
0.005352 0.006216
0.005339 0.008288
0.005335 0.007700
0.005332 0.005871
0.005323 0.006393
0.005322 0.007492
0.005320 0.007210
0.005316 0.006714
0.005315 0.007589
0.005308 0.005502
0.005301 0.005809
0.005299 0.005511
0.005293 0.005669
0.005290 0.007923
0.005283 0.008268
0.005281 0.006263
0.005279 0.005377
0.005278 0.007694
0.005275 0.008386
0.005272 0.006090
0.005255 0.005957
0.005252 0.006705
0.005222 0.009726
0.005212 0.006601
0.005211 0.005340
0.005206 0.006742
0.005205 0.007092
0.005205 0.006988
0.005185 0.009275
0.005184 0.009495
0.005182 0.006285
0.005147 0.007878
0.005114 0.007929
0.005112 0.006054
0.005108 0.005480
0.005069 0.006257
0.005067 0.007221
0.005058 0.005121
0.005052 0.005284
0.005047 0.005261
0.005033 0.005134
0.005029 0.007089
0.005018 0.005195
0.005012 0.006837
0.005009 0.005506
0.004997 0.005092
0.004987 0.006355
0.004976 0.007441
0.004969 0.010858
0.004968 0.006991
0.004948 0.005061
0.004941 0.005268
0.004921 0.008223
0.004911 0.006110
0.004902 0.005043
0.004892 0.006134
0.004885 0.006814
0.004876 0.007583
0.004874 0.005645
0.004870 0.005818
0.004859 0.005854
0.004855 0.004935
0.004855 0.006859
0.004852 0.007351
0.004852 0.005058
0.004838 0.007459
0.004831 0.007631
0.004822 0.005454
0.004822 0.004839
0.004820 0.005130
0.004813 0.004825
0.004811 0.005837
0.004808 0.005682
0.004805 0.005602
0.004797 0.004974
0.004796 0.005320
0.004796 0.005409
0.004794 0.005633
0.004792 0.005567
0.004783 0.008859
0.004775 0.005830
0.004769 0.006373
0.004764 0.006612
0.004747 0.007115
0.004742 0.004966
0.004734 0.008114
0.004733 0.005225
0.004728 0.004804
0.004724 0.005630
0.004723 0.004850
0.004720 0.006461
0.004708 0.006406
0.004684 0.005424
0.004664 0.005928
0.004661 0.008371
0.004659 0.007548
0.004657 0.007058
0.004649 0.006717
0.004641 0.006637
0.004639 0.005114
0.004636 0.006469
0.004626 0.004685
0.004624 0.004768
0.004624 0.004897
0.004612 0.004672
0.004610 0.004710
0.004606 0.004767
0.004596 0.005081
0.004567 0.008311
0.004565 0.011124
0.004558 0.007872
0.004553 0.005555
0.004551 0.005136
0.004527 0.004631
0.004526 0.007627
0.004520 0.005543
0.004518 0.004890
0.004517 0.005427
0.004516 0.006821
0.004512 0.004583
0.004509 0.006470
0.004497 0.005351
0.004481 0.004750
0.004476 0.004536
0.004474 0.005597
0.004466 0.004677
0.004465 0.005532
0.004444 0.005292
0.004437 0.007104
0.004432 0.005519
0.004431 0.005942
0.004428 0.004661
0.004426 0.004493
0.004425 0.004609
0.004425 0.009215
0.004424 0.004604
0.004423 0.005748
0.004422 0.005347
0.004417 0.007313
0.004411 0.005099
0.004408 0.004837
0.004407 0.005220
0.004406 0.006420
0.004404 0.008017
0.004404 0.004753
0.004390 0.004398
0.004387 0.004530
0.004384 0.006379
0.004378 0.005215
0.004371 0.005990
0.004365 0.004395
0.004347 0.005218
0.004339 0.005568
0.004337 0.005469
0.004329 0.006517
0.004322 0.006198
0.004320 0.004597
0.004299 0.006815
0.004299 0.004901
0.004294 0.004483
0.004291 0.004963
0.004290 0.004320
0.004288 0.004308
0.004287 0.004829
0.004281 0.006796
0.004260 0.004444
0.004255 0.005486
0.004253 0.007998
0.004232 0.005337
0.004231 0.006351
0.004226 0.008699
0.004225 0.005359
0.004224 0.004899
0.004210 0.006334
0.004191 0.004511
0.004177 0.004387
0.004167 0.005289
0.004159 0.004765
0.004156 0.004826
0.004148 0.006546
0.004144 0.005893
0.004131 0.004638
0.004131 0.005898
0.004122 0.004916
0.004120 0.006552
0.004113 0.004580
0.004106 0.004857
0.004092 0.005905
0.004090 0.005773
0.004071 0.008855
0.004056 0.004087
0.004042 0.004694
0.004038 0.006538
0.004024 0.008060
0.004022 0.004419
0.003998 0.004446
0.003998 0.004057
0.003992 0.004318
0.003989 0.004121
0.003980 0.004235
0.003974 0.004475
0.003974 0.006574
0.003965 0.004354
0.003965 0.004002
0.003960 0.004729
0.003950 0.007186
0.003947 0.008910
0.003945 0.004833
0.003945 0.006510
0.003935 0.005038
0.003932 0.006425
0.003924 0.003982
0.003919 0.006046
0.003916 0.004653
0.003910 0.004941
0.003907 0.004240
0.003906 0.004277
0.003905 0.004942
0.003903 0.003942
0.003902 0.004598
0.003887 0.004223
0.003886 0.004784
0.003871 0.009483
0.003868 0.005068
0.003861 0.009323
0.003857 0.005440
0.003850 0.005879
0.003830 0.004082
0.003828 0.004092
0.003825 0.005255
0.003815 0.005632
0.003801 0.004363
0.003781 0.004595
0.003776 0.004081
0.003774 0.004814
0.003773 0.006859
0.003768 0.003826
0.003761 0.003998
0.003760 0.004969
0.003759 0.003913
0.003757 0.004043
0.003748 0.003767
0.003745 0.004399
0.003728 0.005548
0.003715 0.003784
0.003715 0.004276
0.003708 0.005101
0.003707 0.005761
0.003700 0.004112
0.003685 0.003843
0.003679 0.004183
0.003669 0.004306
0.003669 0.009569
0.003660 0.010085
0.003649 0.003660
0.003648 0.004951
0.003638 0.003846
0.003624 0.004331
0.003616 0.005289
0.003610 0.005018
0.003577 0.003695
0.003573 0.004480
0.003565 0.003795
0.003562 0.004584
0.003558 0.003781
0.003547 0.004644
0.003541 0.004592
0.003541 0.003763
0.003517 0.003560
0.003516 0.005942
0.003508 0.003581
0.003505 0.003513
0.003502 0.004279
0.003493 0.005729
0.003491 0.004501
0.003483 0.005759
0.003482 0.003693
0.003474 0.005587
0.003457 0.003760
0.003449 0.003881
0.003443 0.004198
0.003431 0.008119
0.003430 0.003855
0.003429 0.005198
0.003395 0.003740
0.003386 0.004074
0.003384 0.005592
0.003373 0.004401
0.003369 0.003969
0.003346 0.003698
0.003344 0.003556
0.003339 0.003512
0.003316 0.003436
0.003314 0.003320
0.003308 0.003400
0.003298 0.003458
0.003290 0.003467
0.003286 0.004050
0.003280 0.004008
0.003245 0.004355
0.003217 0.003708
0.003213 0.004084
0.003211 0.003539
0.003199 0.003205
0.003169 0.004015
0.003164 0.003195
0.003158 0.003907
0.003157 0.004486
0.003155 0.003230
0.003150 0.004123
0.003145 0.003230
0.003137 0.009191
0.003101 0.003232
0.003080 0.003125
0.003074 0.003098
0.003072 0.003423
0.003069 0.003932
0.003062 0.003559
0.003033 0.003515
0.003007 0.003168
0.002975 0.003371
0.002919 0.003430
0.002917 0.002966
0.002889 0.003439
0.002882 0.003074
0.002877 0.003032
0.002875 0.003075
0.002820 0.003015
0.002700 0.002758
0.002642 0.003275
0.002636 0.002865
0.002611 0.003236
0.002580 0.002916
0.002558 0.002605
0.002486 0.002828
0.002482 0.002631
0.002453 0.002598
0.002444 0.003454
0.002380 0.002772
0.002311 0.002588
0.001828 0.002066
0.001597 0.001905
