0.205941 0.318150
0.195569 0.236902
0.192404 0.198875
0.177358 0.207472
0.168322 0.175019
0.141538 0.160444
0.133263 0.145960
0.132669 0.149621
0.129147 0.182068
0.118924 0.119553
0.112059 0.121923
0.111033 0.112335
0.110916 0.125899
0.091742 0.096563
0.084710 0.085636
0.079850 0.089906
0.062366 0.064366
0.062361 0.066496
0.061717 0.064022
0.054810 0.056173
0.054115 0.064448
0.051889 0.079992
0.051578 0.057802
0.049813 0.056442
0.049362 0.055177
0.049051 0.070470
0.045615 0.051862
0.044722 0.080221
0.044187 0.046904
0.043984 0.047392
0.043376 0.043567
0.043123 0.043171
0.043090 0.044902
0.042673 0.044413
0.042325 0.062178
0.041872 0.052465
0.041081 0.044917
0.040614 0.049855
0.040440 0.041182
0.039726 0.044264
0.039505 0.044631
0.039394 0.069727
0.039234 0.053250
0.039053 0.046178
0.038845 0.055087
0.038715 0.047130
0.037950 0.038302
0.037861 0.038555
0.037091 0.041912
0.037046 0.037541
0.036902 0.043528
0.036714 0.044339
0.036392 0.043702
0.036352 0.036502
0.035916 0.051367
0.035738 0.035940
0.035713 0.038232
0.035666 0.040437
0.035494 0.043739
0.035399 0.051485
0.035389 0.042427
0.035359 0.049029
0.035105 0.040448
0.034583 0.036537
0.034211 0.037124
0.033874 0.035376
0.032090 0.038351
0.032087 0.051839
0.031793 0.031937
0.031765 0.053564
0.031691 0.037707
0.031664 0.033655
0.031305 0.037513
0.031256 0.036244
0.031237 0.057227
0.031123 0.032509
0.031105 0.033067
0.030900 0.031006
0.030681 0.039411
0.030520 0.048939
0.030270 0.040519
0.030185 0.045964
0.030048 0.040852
0.029816 0.034118
0.029802 0.056085
0.029608 0.043112
0.029233 0.032135
0.028969 0.034005
0.028316 0.033551
0.027758 0.034002
0.027688 0.040926
0.027426 0.030076
0.027362 0.032338
0.027350 0.032360
0.027349 0.028046
0.026846 0.030914
0.026822 0.032675
0.026689 0.027344
0.026469 0.027349
0.026369 0.032669
0.026319 0.031655
0.026122 0.026251
0.025787 0.029842
0.025780 0.028850
0.025531 0.037706
0.025494 0.030325
0.025490 0.035364
0.025477 0.030017
0.025141 0.026869
0.024976 0.029672
0.024966 0.029123
0.024913 0.029379
0.024527 0.026735
0.024267 0.024734
0.024250 0.027556
0.024188 0.031208
0.023920 0.026878
0.023896 0.024966
0.023862 0.024072
0.023829 0.031218
0.023823 0.031785
0.023666 0.024112
0.023552 0.027214
0.023527 0.024993
0.023398 0.024282
0.023345 0.028587
0.023230 0.024469
0.023216 0.026938
0.023039 0.024518
0.023015 0.033542
0.022971 0.023050
0.022968 0.023089
0.022942 0.023315
0.022912 0.025326
0.022884 0.027377
0.022724 0.024744
0.022706 0.022983
0.022696 0.037443
0.022620 0.030973
0.022590 0.023859
0.022471 0.033802
0.022089 0.022822
0.022027 0.023440
0.021872 0.026917
0.021787 0.035118
0.021645 0.026820
0.021640 0.023351
0.021617 0.029408
0.021534 0.025923
0.021533 0.025285
0.021526 0.024278
0.021381 0.021424
0.021362 0.028161
0.021344 0.029688
0.021295 0.023678
0.021267 0.036588
0.021237 0.025890
0.021175 0.034377
0.021091 0.024127
0.021088 0.026000
0.021002 0.030577
0.020917 0.022781
0.020872 0.027958
0.020872 0.021562
0.020767 0.024572
0.020697 0.022165
0.020640 0.028371
0.020631 0.025024
0.020592 0.023628
0.020575 0.021145
0.020482 0.025810
0.020334 0.020621
0.020303 0.030699
0.020291 0.022998
0.020271 0.021145
0.020267 0.025958
0.020192 0.024548
0.020022 0.023479
0.019999 0.021198
0.019998 0.022631
0.019935 0.029061
0.019895 0.026294
0.019802 0.020795
0.019748 0.021416
0.019723 0.021530
0.019647 0.019959
0.019638 0.020626
0.019621 0.019648
0.019539 0.023615
0.019431 0.020131
0.019429 0.027375
0.019419 0.021904
0.019417 0.024948
0.019384 0.023314
0.019271 0.026849
0.019195 0.019582
0.019172 0.025554
0.019140 0.020787
0.018924 0.022434
0.018904 0.019309
0.018880 0.019492
0.018804 0.029760
0.018673 0.025294
0.018624 0.029041
0.018606 0.018938
0.018521 0.018642
0.018482 0.018651
0.018474 0.032578
0.018462 0.025964
0.018368 0.026928
0.018287 0.032379
0.018220 0.021605
0.018145 0.019507
0.018111 0.018966
0.018060 0.019554
0.018052 0.019300
0.017941 0.018067
0.017860 0.020702
0.017852 0.018122
0.017794 0.025661
0.017745 0.035686
0.017734 0.029187
0.017707 0.023414
0.017685 0.018229
0.017625 0.018155
0.017439 0.026302
0.017316 0.019708
0.017312 0.028379
0.017276 0.025458
0.017270 0.021934
0.017210 0.027874
0.017195 0.017714
0.017187 0.018218
0.017150 0.026499
0.017110 0.026161
0.017055 0.020871
0.017033 0.028043
0.016993 0.023268
0.016936 0.018787
0.016935 0.024269
0.016887 0.017617
0.016863 0.017498
0.016860 0.019322
0.016848 0.017598
0.016806 0.023161
0.016747 0.017195
0.016741 0.021342
0.016700 0.019724
0.016675 0.018333
0.016658 0.016944
0.016654 0.018651
0.016635 0.019352
0.016627 0.021640
0.016624 0.020631
0.016588 0.026239
0.016569 0.017337
0.016556 0.017497
0.016539 0.017680
0.016527 0.021284
0.016411 0.033675
0.016393 0.017966
0.016349 0.026769
0.016256 0.021894
0.016241 0.021831
0.016240 0.017899
0.016214 0.019960
0.016152 0.018793
0.016076 0.016692
0.016055 0.018197
0.016004 0.016609
0.015988 0.033988
0.015978 0.027333
0.015964 0.019593
0.015940 0.017151
0.015939 0.018842
0.015918 0.023678
0.015913 0.016431
0.015912 0.016116
0.015861 0.016429
0.015845 0.021054
0.015835 0.023251
0.015810 0.016465
0.015807 0.019437
0.015790 0.020925
0.015733 0.016440
0.015716 0.017128
0.015611 0.019547
0.015606 0.023452
0.015601 0.019528
0.015599 0.017672
0.015566 0.020311
0.015564 0.020533
0.015558 0.015937
0.015513 0.016158
0.015507 0.016487
0.015462 0.021412
0.015433 0.017970
0.015378 0.019452
0.015350 0.019084
0.015331 0.016809
0.015323 0.017859
0.015300 0.024552
0.015282 0.017507
0.015264 0.017131
0.015233 0.024292
0.015204 0.016717
0.015029 0.020713
0.015022 0.015900
0.015005 0.017878
0.014993 0.015594
0.014956 0.018859
0.014952 0.015129
0.014949 0.018250
0.014924 0.019895
0.014917 0.028002
0.014847 0.017154
0.014840 0.014969
0.014817 0.016997
0.014779 0.023501
0.014709 0.015075
0.014707 0.016086
0.014697 0.016208
0.014668 0.018952
0.014635 0.015852
0.014578 0.020344
0.014577 0.015750
0.014545 0.015592
0.014527 0.020858
0.014510 0.031102
0.014483 0.017435
0.014433 0.017513
0.014420 0.016639
0.014410 0.015438
0.014391 0.014558
0.014387 0.016634
0.014364 0.015475
0.014315 0.014547
0.014305 0.014686
0.014304 0.022441
0.014292 0.014956
0.014270 0.014876
0.014263 0.014670
0.014246 0.016972
0.014243 0.018613
0.014241 0.026185
0.014212 0.022404
0.014210 0.026844
0.014195 0.019358
0.014153 0.015449
0.014125 0.019753
0.014113 0.016147
0.014042 0.017132
0.014033 0.027493
0.014000 0.020943
0.013999 0.016465
0.013998 0.014213
0.013996 0.014910
0.013988 0.016452
0.013984 0.014602
0.013982 0.026874
0.013959 0.016240
0.013944 0.016999
0.013928 0.016401
0.013909 0.015464
0.013903 0.018081
0.013882 0.017000
0.013876 0.016817
0.013853 0.014034
0.013818 0.014037
0.013807 0.013828
0.013800 0.014450
0.013795 0.014347
0.013793 0.016515
0.013775 0.015901
0.013756 0.014046
0.013751 0.014664
0.013747 0.015277
0.013720 0.023873
0.013698 0.016346
0.013683 0.015217
0.013651 0.014540
0.013617 0.020331
0.013615 0.016398
0.013606 0.014130
0.013605 0.014633
0.013604 0.020963
0.013593 0.031129
0.013538 0.023798
0.013519 0.015190
0.013492 0.016095
0.013469 0.017272
0.013458 0.015023
0.013416 0.016125
0.013386 0.015935
0.013379 0.014805
0.013379 0.013405
0.013374 0.013842
0.013372 0.018242
0.013354 0.013658
0.013351 0.018399
0.013327 0.015513
0.013326 0.016573
0.013324 0.014291
0.013313 0.017037
0.013310 0.014327
0.013305 0.013793
0.013268 0.013844
0.013259 0.016651
0.013245 0.015044
0.013243 0.017266
0.013231 0.014382
0.013227 0.018577
0.013215 0.013875
0.013201 0.021452
0.013199 0.020363
0.013188 0.024338
0.013186 0.016558
0.013184 0.014726
0.013179 0.013417
0.013173 0.014197
0.013119 0.029006
0.013081 0.013435
0.013074 0.014602
0.013036 0.013204
0.013018 0.019006
0.013006 0.021245
0.012991 0.015623
0.012985 0.014716
0.012949 0.013394
0.012939 0.013729
0.012933 0.013107
0.012930 0.013277
0.012929 0.015899
0.012882 0.016049
0.012876 0.019438
0.012830 0.016406
0.012818 0.014053
0.012812 0.013158
0.012811 0.015553
0.012783 0.015770
0.012776 0.013500
0.012776 0.015643
0.012758 0.013664
0.012677 0.012954
0.012648 0.013475
0.012636 0.013093
0.012623 0.013278
0.012623 0.017653
0.012615 0.013336
0.012606 0.014259
0.012601 0.014731
0.012598 0.020739
0.012595 0.012938
0.012590 0.014083
0.012588 0.026846
0.012571 0.017047
0.012547 0.016164
0.012542 0.023062
0.012493 0.012911
0.012487 0.012504
0.012482 0.012910
0.012467 0.014491
0.012456 0.014000
0.012407 0.013510
0.012400 0.012602
0.012368 0.013727
0.012365 0.014464
0.012351 0.012870
0.012343 0.017465
0.012341 0.023565
0.012329 0.014569
0.012313 0.012426
0.012313 0.012332
0.012312 0.014904
0.012311 0.015993
0.012303 0.015213
0.012297 0.012375
0.012294 0.023530
0.012287 0.013753
0.012277 0.013279
0.012251 0.025401
0.012246 0.017572
0.012241 0.014301
0.012238 0.013496
0.012229 0.012234
0.012225 0.012840
0.012210 0.012643
0.012192 0.013450
0.012159 0.013202
0.012137 0.012770
0.012135 0.012203
0.012074 0.012145
0.012066 0.017338
0.012066 0.013554
0.012054 0.012688
0.012047 0.012558
0.012043 0.014947
0.012038 0.012140
0.012028 0.013979
0.012018 0.013614
0.012003 0.012878
0.011987 0.012906
0.011972 0.012811
0.011970 0.013170
0.011945 0.013188
0.011942 0.014047
0.011940 0.013837
0.011928 0.012043
0.011906 0.015078
0.011905 0.019959
0.011903 0.013369
0.011902 0.012238
0.011882 0.025946
0.011881 0.011954
0.011873 0.011900
0.011851 0.020591
0.011847 0.015346
0.011846 0.012017
0.011837 0.013392
0.011812 0.018716
0.011810 0.012665
0.011794 0.013399
0.011775 0.015211
0.011774 0.012091
0.011769 0.012076
0.011762 0.013182
0.011751 0.012105
0.011742 0.015153
0.011732 0.014724
0.011693 0.012862
0.011692 0.011720
0.011685 0.015145
0.011666 0.016596
0.011659 0.011765
0.011641 0.016172
0.011637 0.013665
0.011608 0.013585
0.011607 0.016373
0.011597 0.013926
0.011591 0.012467
0.011590 0.012033
0.011577 0.014831
0.011575 0.011669
0.011562 0.015662
0.011560 0.013570
0.011557 0.012995
0.011553 0.012350
0.011548 0.015118
0.011513 0.013383
0.011512 0.016794
0.011502 0.011807
0.011498 0.020196
0.011495 0.013958
0.011483 0.013541
0.011480 0.012820
0.011479 0.011665
0.011473 0.016490
0.011470 0.015311
0.011460 0.012562
0.011457 0.020159
0.011443 0.014010
0.011431 0.022170
0.011374 0.016586
0.011371 0.011641
0.011360 0.012910
0.011346 0.011436
0.011317 0.013189
0.011315 0.026940
0.011307 0.015008
0.011304 0.012704
0.011282 0.011567
0.011280 0.023417
0.011260 0.011348
0.011258 0.013079
0.011246 0.011579
0.011240 0.013420
0.011233 0.012096
0.011224 0.011311
0.011219 0.014939
0.011188 0.013458
0.011149 0.012150
0.011148 0.019841
0.011146 0.011305
0.011130 0.013873
0.011129 0.012623
0.011124 0.017222
0.011114 0.013628
0.011113 0.012949
0.011111 0.012163
0.011110 0.012776
0.011109 0.016253
0.011102 0.011421
0.011088 0.012277
0.011083 0.011277
0.011073 0.016984
0.011062 0.012113
0.011061 0.012064
0.011053 0.013037
0.011049 0.013214
0.011045 0.012027
0.011036 0.014335
0.011033 0.011671
0.011031 0.012028
0.011030 0.013931
0.011019 0.012594
0.011006 0.013745
0.011003 0.013919
0.010990 0.019292
0.010954 0.014346
0.010954 0.013885
0.010939 0.020749
0.010924 0.012347
0.010924 0.012812
0.010919 0.014158
0.010911 0.022232
0.010890 0.013826
0.010888 0.016709
0.010861 0.012846
0.010858 0.012003
0.010849 0.012120
0.010827 0.012907
0.010825 0.013051
0.010822 0.017414
0.010815 0.011568
0.010813 0.028232
0.010797 0.011303
0.010797 0.017211
0.010793 0.014081
0.010787 0.011335
0.010785 0.012492
0.010782 0.010817
0.010772 0.011934
0.010757 0.011185
0.010745 0.011372
0.010739 0.014028
0.010737 0.014884
0.010733 0.012472
0.010715 0.014304
0.010692 0.011339
0.010666 0.012013
0.010644 0.010886
0.010639 0.011749
0.010639 0.011400
0.010638 0.011530
0.010625 0.011395
0.010620 0.011849
0.010601 0.012616
0.010592 0.011188
0.010588 0.014611
0.010580 0.011959
0.010574 0.010856
0.010570 0.010620
0.010566 0.011195
0.010559 0.011131
0.010552 0.014298
0.010532 0.015363
0.010529 0.011420
0.010515 0.010973
0.010511 0.015780
0.010510 0.012148
0.010507 0.012708
0.010499 0.011721
0.010481 0.010549
0.010474 0.010508
0.010451 0.011150
0.010440 0.010500
0.010432 0.010503
0.010423 0.010631
0.010422 0.012157
0.010419 0.015964
0.010401 0.013980
0.010398 0.012602
0.010392 0.016110
0.010386 0.013976
0.010385 0.010974
0.010376 0.011254
0.010370 0.015211
0.010366 0.011729
0.010364 0.011784
0.010339 0.011650
0.010309 0.010340
0.010306 0.021818
0.010298 0.014178
0.010291 0.020932
0.010289 0.013278
0.010280 0.015619
0.010269 0.016879
0.010267 0.011069
0.010260 0.010360
0.010257 0.018829
0.010251 0.011204
0.010225 0.010585
0.010220 0.013771
0.010214 0.010631
0.010206 0.011600
0.010203 0.012963
0.010201 0.017199
0.010194 0.010779
0.010177 0.010399
0.010173 0.017508
0.010168 0.011577
0.010153 0.010538
0.010152 0.010428
0.010150 0.011098
0.010150 0.012369
0.010140 0.010377
0.010138 0.014642
0.010125 0.013073
0.010116 0.019385
0.010107 0.010448
0.010106 0.011396
0.010096 0.012310
0.010081 0.018670
0.010068 0.011734
0.010060 0.013416
0.010056 0.010347
0.010043 0.010583
0.010032 0.010959
0.010021 0.010778
0.010012 0.010617
0.010012 0.016900
0.010012 0.012700
0.010001 0.010031
0.010000 0.011229
0.009991 0.011242
0.009970 0.018850
0.009957 0.011228
0.009947 0.010322
0.009946 0.012301
0.009940 0.018789
0.009930 0.012754
0.009916 0.014399
0.009916 0.010783
0.009915 0.018622
0.009903 0.012540
0.009899 0.010014
0.009896 0.023896
0.009887 0.017017
0.009882 0.012732
0.009877 0.011565
0.009876 0.016052
0.009872 0.009927
0.009859 0.010185
0.009858 0.010151
0.009857 0.010422
0.009838 0.010765
0.009837 0.010771
0.009811 0.012707
0.009810 0.013530
0.009809 0.013508
0.009800 0.011915
0.009797 0.012781
0.009792 0.011299
0.009789 0.013143
0.009787 0.010845
0.009787 0.011044
0.009780 0.010032
0.009779 0.013687
0.009779 0.012596
0.009768 0.012378
0.009767 0.012217
0.009751 0.010431
0.009747 0.017452
0.009737 0.016727
0.009729 0.012241
0.009724 0.010742
0.009717 0.010842
0.009713 0.012939
0.009712 0.011245
0.009711 0.014444
0.009711 0.010368
0.009704 0.010913
0.009701 0.011564
0.009681 0.009766
0.009680 0.010953
0.009678 0.011340
0.009659 0.010246
0.009655 0.011446
0.009646 0.016753
0.009645 0.010554
0.009645 0.013415
0.009640 0.014423
0.009628 0.023219
0.009617 0.012535
0.009614 0.012809
0.009612 0.010584
0.009610 0.010551
0.009607 0.010161
0.009604 0.009904
0.009604 0.012692
0.009598 0.010509
0.009590 0.010168
0.009583 0.017912
0.009560 0.011384
0.009541 0.012108
0.009531 0.010339
0.009523 0.013788
0.009522 0.009597
0.009514 0.010504
0.009512 0.012114
0.009510 0.009850
0.009493 0.015001
0.009492 0.010136
0.009476 0.012230
0.009476 0.010879
0.009474 0.010176
0.009470 0.016868
0.009458 0.010729
0.009446 0.009726
0.009444 0.010577
0.009435 0.009823
0.009433 0.012113
0.009433 0.011234
0.009432 0.009880
0.009430 0.009724
0.009429 0.013043
0.009396 0.010002
0.009393 0.009673
0.009389 0.010705
0.009381 0.009391
0.009374 0.014573
0.009368 0.010921
0.009354 0.011375
0.009345 0.010153
0.009336 0.011553
0.009327 0.010054
0.009319 0.010860
0.009316 0.009402
0.009314 0.010982
0.009296 0.012942
0.009295 0.015227
0.009291 0.009382
0.009251 0.011057
0.009247 0.010654
0.009240 0.011083
0.009237 0.011512
0.009233 0.011149
0.009231 0.009545
0.009225 0.009344
0.009220 0.011192
0.009196 0.011052
0.009193 0.010758
0.009193 0.011962
0.009191 0.019666
0.009189 0.009719
0.009184 0.009882
0.009176 0.011047
0.009175 0.009303
0.009172 0.013841
0.009163 0.017899
0.009159 0.015575
0.009153 0.011217
0.009150 0.009459
0.009120 0.015997
0.009102 0.016393
0.009091 0.009564
0.009090 0.010368
0.009088 0.009585
0.009086 0.010683
0.009077 0.010943
0.009077 0.009723
0.009074 0.009144
0.009073 0.011135
0.009067 0.010803
0.009059 0.013819
0.009045 0.013494
0.009041 0.011426
0.009025 0.016127
0.009022 0.009600
0.009020 0.010174
0.009014 0.009893
0.009005 0.009868
0.009003 0.011994
0.008994 0.012109
0.008990 0.011119
0.008987 0.009420
0.008971 0.009886
0.008970 0.019350
0.008968 0.011570
0.008966 0.010790
0.008962 0.009851
0.008961 0.009147
0.008958 0.012614
0.008947 0.010363
0.008947 0.009059
0.008939 0.009429
0.008936 0.010891
0.008936 0.013451
0.008934 0.012021
0.008931 0.012524
0.008928 0.016070
0.008925 0.009229
0.008912 0.009350
0.008905 0.010958
0.008900 0.009541
0.008899 0.016439
0.008895 0.009129
0.008892 0.009484
0.008881 0.010071
0.008881 0.015363
0.008871 0.013588
0.008868 0.009042
0.008857 0.012348
0.008856 0.012146
0.008850 0.009702
0.008850 0.009358
0.008848 0.017205
0.008848 0.010050
0.008836 0.008919
0.008812 0.009180
0.008809 0.010974
0.008805 0.012785
0.008802 0.010334
0.008802 0.012681
0.008801 0.009215
0.008801 0.013382
0.008799 0.010536
0.008792 0.010113
0.008788 0.016791
0.008788 0.009166
0.008777 0.013437
0.008765 0.008919
0.008764 0.010293
0.008761 0.010319
0.008759 0.019880
0.008756 0.010747
0.008756 0.009006
0.008753 0.010202
0.008751 0.008988
0.008742 0.008799
0.008739 0.015138
0.008736 0.009760
0.008729 0.009363
0.008722 0.012576
0.008722 0.010505
0.008714 0.009038
0.008712 0.008831
0.008712 0.010432
0.008712 0.011793
0.008708 0.009078
0.008708 0.008850
0.008680 0.011289
0.008669 0.011176
0.008663 0.009035
0.008662 0.009664
0.008654 0.011035
0.008644 0.009470
0.008644 0.011281
0.008633 0.010165
0.008630 0.008781
0.008617 0.016814
0.008615 0.008834
0.008610 0.011345
0.008596 0.011612
0.008581 0.010255
0.008576 0.008675
0.008573 0.009698
0.008568 0.008632
0.008563 0.015880
0.008556 0.009900
0.008547 0.008748
0.008541 0.008993
0.008539 0.011029
0.008533 0.012397
0.008525 0.014772
0.008508 0.009020
0.008503 0.009134
0.008501 0.008658
0.008498 0.008507
0.008489 0.013334
0.008469 0.009527
0.008468 0.016126
0.008454 0.008910
0.008449 0.009437
0.008443 0.011085
0.008443 0.012102
0.008440 0.008677
0.008440 0.010132
0.008439 0.008758
0.008437 0.009638
0.008428 0.009564
0.008420 0.016092
0.008419 0.008449
0.008409 0.009805
0.008403 0.013322
0.008401 0.011194
0.008401 0.009927
0.008401 0.011712
0.008400 0.013330
0.008397 0.008746
0.008395 0.009144
0.008380 0.008471
0.008379 0.012385
0.008379 0.013302
0.008378 0.009546
0.008373 0.009050
0.008369 0.009663
0.008356 0.010750
0.008353 0.009263
0.008348 0.008433
0.008348 0.012948
0.008333 0.010388
0.008331 0.008796
0.008326 0.011553
0.008322 0.008323
0.008317 0.008366
0.008316 0.008392
0.008310 0.008806
0.008310 0.011600
0.008309 0.008801
0.008300 0.008545
0.008298 0.009243
0.008296 0.008361
0.008293 0.008484
0.008280 0.008563
0.008276 0.009707
0.008273 0.010765
0.008271 0.008668
0.008267 0.010377
0.008267 0.018545
0.008264 0.013892
0.008263 0.009331
0.008260 0.016842
0.008257 0.012551
0.008254 0.009977
0.008250 0.011580
0.008249 0.009210
0.008247 0.009740
0.008246 0.008277
0.008236 0.011297
0.008236 0.010494
0.008221 0.008893
0.008219 0.011484
0.008215 0.009809
0.008214 0.016140
0.008210 0.010016
0.008205 0.012357
0.008201 0.011167
0.008200 0.011749
0.008188 0.018313
0.008185 0.009066
0.008184 0.009862
0.008172 0.009378
0.008166 0.008274
0.008165 0.015594
0.008162 0.011197
0.008133 0.013868
0.008125 0.010528
0.008123 0.009260
0.008119 0.008204
0.008114 0.008904
0.008110 0.009999
0.008107 0.009993
0.008102 0.008752
0.008101 0.009660
0.008100 0.008254
0.008087 0.009935
0.008071 0.012381
0.008069 0.008605
0.008060 0.011154
0.008044 0.008269
0.008043 0.008454
0.008032 0.009250
0.008030 0.008256
0.008027 0.012280
0.008022 0.008144
0.008017 0.009293
0.008012 0.008317
0.007994 0.008986
0.007987 0.013979
0.007984 0.010690
0.007982 0.015095
0.007978 0.009810
0.007978 0.010399
0.007970 0.008201
0.007970 0.008192
0.007958 0.009211
0.007957 0.008530
0.007955 0.013850
0.007953 0.008576
0.007950 0.009197
0.007948 0.008094
0.007941 0.009343
0.007939 0.010819
0.007930 0.010416
0.007927 0.009021
0.007927 0.012397
0.007921 0.008165
0.007919 0.010405
0.007908 0.010004
0.007890 0.009337
0.007887 0.008024
0.007873 0.008019
0.007873 0.008209
0.007872 0.008382
0.007861 0.008401
0.007853 0.009962
0.007847 0.008567
0.007846 0.011277
0.007846 0.010778
0.007841 0.009371
0.007838 0.008878
0.007837 0.008946
0.007837 0.012862
0.007829 0.008404
0.007825 0.018353
0.007810 0.008646
0.007805 0.009753
0.007803 0.009844
0.007797 0.017655
0.007796 0.010349
0.007795 0.012138
0.007793 0.008709
0.007784 0.008205
0.007782 0.012012
0.007780 0.007854
0.007768 0.011704
0.007766 0.011177
0.007763 0.011251
0.007754 0.009762
0.007752 0.016879
0.007739 0.007985
0.007734 0.009020
0.007731 0.008115
0.007730 0.007734
0.007711 0.011709
0.007707 0.015602
0.007704 0.007847
0.007692 0.009585
0.007686 0.010369
0.007683 0.007759
0.007679 0.011235
0.007675 0.007715
0.007673 0.009355
0.007668 0.011021
0.007660 0.008862
0.007656 0.009028
0.007653 0.015609
0.007650 0.008029
0.007637 0.009762
0.007634 0.014184
0.007627 0.008909
0.007627 0.016252
0.007611 0.008025
0.007601 0.011960
0.007600 0.009143
0.007588 0.009776
0.007587 0.007725
0.007577 0.007619
0.007574 0.008413
0.007565 0.007795
0.007565 0.008032
0.007563 0.009844
0.007556 0.012980
0.007552 0.008149
0.007541 0.011319
0.007540 0.009007
0.007526 0.007648
0.007526 0.008640
0.007517 0.007845
0.007517 0.009150
0.007512 0.011179
0.007504 0.014275
0.007503 0.012704
0.007503 0.007570
0.007487 0.009025
0.007485 0.008582
0.007470 0.009059
0.007470 0.007890
0.007468 0.007633
0.007466 0.012970
0.007463 0.008896
0.007462 0.007524
0.007454 0.011244
0.007452 0.010685
0.007449 0.008666
0.007436 0.008942
0.007435 0.008527
0.007434 0.008707
0.007434 0.011497
0.007432 0.007468
0.007431 0.009112
0.007422 0.007630
0.007419 0.009195
0.007417 0.008758
0.007415 0.010953
0.007379 0.008192
0.007374 0.009014
0.007374 0.008814
0.007374 0.012382
0.007369 0.011010
0.007368 0.009054
0.007367 0.008180
0.007367 0.008573
0.007365 0.011260
0.007364 0.009251
0.007349 0.010019
0.007346 0.012290
0.007340 0.008956
0.007335 0.014018
0.007335 0.009267
0.007334 0.011640
0.007334 0.008137
0.007332 0.021643
0.007332 0.008958
0.007327 0.008043
0.007323 0.010727
0.007318 0.011876
0.007316 0.009814
0.007305 0.010549
0.007300 0.014362
0.007292 0.007854
0.007290 0.015112
0.007289 0.007507
0.007282 0.008241
0.007276 0.008129
0.007275 0.008034
0.007272 0.007558
0.007267 0.014071
0.007265 0.007353
0.007262 0.007294
0.007254 0.018310
0.007249 0.008045
0.007247 0.007334
0.007244 0.007476
0.007244 0.013048
0.007239 0.007569
0.007238 0.007392
0.007237 0.017039
0.007225 0.008575
0.007222 0.007323
0.007219 0.010423
0.007212 0.010660
0.007212 0.008137
0.007208 0.007612
0.007205 0.007242
0.007203 0.008480
0.007198 0.007751
0.007196 0.007386
0.007193 0.008854
0.007191 0.009002
0.007175 0.007259
0.007173 0.008134
0.007168 0.007362
0.007167 0.010656
0.007163 0.007718
0.007161 0.010885
0.007161 0.016280
0.007156 0.007386
0.007153 0.008268
0.007151 0.008392
0.007144 0.008456
0.007138 0.007508
0.007137 0.007369
0.007131 0.012106
0.007131 0.007385
0.007128 0.007174
0.007127 0.007203
0.007117 0.010042
0.007114 0.007180
0.007113 0.007320
0.007108 0.007386
0.007108 0.010757
0.007101 0.008212
0.007098 0.008973
0.007093 0.008420
0.007093 0.008611
0.007089 0.010699
0.007079 0.013574
0.007075 0.013293
0.007062 0.007427
0.007062 0.008364
0.007062 0.010206
0.007056 0.008259
0.007047 0.007350
0.007046 0.007372
0.007024 0.007202
0.007021 0.012303
0.007019 0.009182
0.007017 0.008886
0.007006 0.007233
0.007005 0.007761
0.006999 0.007647
0.006996 0.007056
0.006996 0.007025
0.006995 0.011716
0.006989 0.008074
0.006984 0.008441
0.006977 0.008111
0.006965 0.010770
0.006965 0.007515
0.006963 0.007210
0.006962 0.013146
0.006952 0.008000
0.006946 0.013460
0.006943 0.012859
0.006937 0.007029
0.006936 0.007743
0.006934 0.007947
0.006933 0.008008
0.006918 0.007155
0.006916 0.007409
0.006915 0.009911
0.006911 0.007504
0.006908 0.009544
0.006903 0.011432
0.006897 0.008916
0.006892 0.012497
0.006892 0.012409
0.006890 0.009953
0.006889 0.011426
0.006885 0.008239
0.006872 0.007752
0.006867 0.007308
0.006865 0.006881
0.006862 0.010475
0.006859 0.008111
0.006856 0.007131
0.006855 0.008537
0.006850 0.007205
0.006844 0.006844
0.006842 0.007543
0.006833 0.008356
0.006828 0.011725
0.006824 0.013619
0.006822 0.015523
0.006818 0.008371
0.006815 0.011027
0.006813 0.008153
0.006811 0.009421
0.006801 0.010131
0.006779 0.007185
0.006771 0.007907
0.006764 0.014383
0.006759 0.007029
0.006753 0.009948
0.006749 0.007995
0.006728 0.007589
0.006723 0.008803
0.006722 0.011648
0.006719 0.007582
0.006716 0.007635
0.006709 0.006841
0.006708 0.013057
0.006706 0.007577
0.006705 0.009236
0.006697 0.007828
0.006691 0.008553
0.006684 0.008985
0.006680 0.007445
0.006679 0.006998
0.006677 0.009153
0.006674 0.007584
0.006660 0.006679
0.006659 0.007842
0.006655 0.007243
0.006649 0.008420
0.006647 0.006680
0.006647 0.008687
0.006637 0.011949
0.006636 0.008034
0.006624 0.008517
0.006622 0.014605
0.006614 0.007216
0.006608 0.007627
0.006604 0.007558
0.006596 0.011706
0.006593 0.008591
0.006588 0.011400
0.006574 0.006682
0.006567 0.008137
0.006563 0.007327
0.006557 0.007303
0.006553 0.010136
0.006547 0.012499
0.006547 0.011111
0.006543 0.007677
0.006535 0.006678
0.006530 0.007607
0.006528 0.006568
0.006526 0.011650
0.006525 0.006775
0.006519 0.007329
0.006515 0.008791
0.006513 0.007610
0.006512 0.008015
0.006505 0.007248
0.006485 0.006821
0.006478 0.007956
0.006464 0.010809
0.006457 0.006621
0.006448 0.009747
0.006445 0.007047
0.006443 0.012254
0.006433 0.007061
0.006428 0.009831
0.006424 0.007071
0.006418 0.007909
0.006416 0.007166
0.006414 0.010512
0.006413 0.008365
0.006407 0.006625
0.006399 0.006975
0.006398 0.012237
0.006392 0.013272
0.006392 0.006714
0.006392 0.014078
0.006389 0.006663
0.006388 0.007553
0.006383 0.013902
0.006379 0.007763
0.006377 0.006932
0.006376 0.006594
0.006370 0.006424
0.006367 0.008152
0.006359 0.008011
0.006358 0.007389
0.006357 0.007444
0.006331 0.006881
0.006322 0.007970
0.006319 0.006464
0.006318 0.009909
0.006314 0.009535
0.006313 0.006825
0.006308 0.011157
0.006308 0.006331
0.006298 0.011672
0.006295 0.009621
0.006284 0.008788
0.006279 0.006291
0.006277 0.007279
0.006272 0.008654
0.006263 0.009774
0.006260 0.007689
0.006251 0.006817
0.006249 0.006465
0.006231 0.006263
0.006224 0.006732
0.006208 0.012330
0.006204 0.006500
0.006204 0.006739
0.006203 0.006373
0.006200 0.006610
0.006197 0.009674
0.006191 0.006342
0.006186 0.011343
0.006177 0.010681
0.006164 0.010689
0.006161 0.007854
0.006159 0.007107
0.006156 0.006634
0.006150 0.009673
0.006146 0.009818
0.006142 0.006967
0.006141 0.006255
0.006137 0.007527
0.006135 0.006592
0.006133 0.006899
0.006131 0.006206
0.006130 0.007810
0.006116 0.006147
0.006115 0.007565
0.006114 0.010354
0.006113 0.007440
0.006096 0.009281
0.006092 0.007627
0.006086 0.006423
0.006070 0.006800
0.006070 0.014655
0.006054 0.007147
0.006054 0.006480
0.006052 0.007344
0.006045 0.009081
0.006043 0.011728
0.006039 0.006809
0.006032 0.006257
0.006032 0.006189
0.006025 0.006714
0.006023 0.006094
0.006017 0.006588
0.006016 0.007653
0.006013 0.008402
0.006008 0.007937
0.006008 0.008547
0.006006 0.006710
0.005981 0.007372
0.005979 0.006579
0.005978 0.006577
0.005977 0.006791
0.005961 0.007460
0.005957 0.007415
0.005951 0.006028
0.005941 0.006318
0.005934 0.006079
0.005905 0.010187
0.005902 0.008004
0.005902 0.005965
0.005893 0.013352
0.005892 0.006088
0.005891 0.007194
0.005877 0.011944
0.005866 0.005878
0.005863 0.007682
0.005862 0.006885
0.005858 0.007393
0.005857 0.005954
0.005852 0.007078
0.005850 0.007796
0.005848 0.006422
0.005846 0.009103
0.005831 0.006030
0.005830 0.011765
0.005829 0.009736
0.005827 0.006307
0.005823 0.005893
0.005823 0.005988
0.005814 0.006963
0.005809 0.006438
0.005799 0.006709
0.005794 0.006818
0.005793 0.006009
0.005779 0.009510
0.005775 0.006382
0.005761 0.006576
0.005758 0.009051
0.005755 0.006746
0.005752 0.005970
0.005751 0.006997
0.005718 0.006350
0.005711 0.007828
0.005703 0.006281
0.005698 0.005800
0.005697 0.009394
0.005693 0.006133
0.005684 0.005827
0.005671 0.006555
0.005667 0.006104
0.005663 0.005686
0.005661 0.012390
0.005654 0.008604
0.005645 0.005899
0.005624 0.007866
0.005618 0.008425
0.005615 0.009601
0.005597 0.006685
0.005577 0.005603
0.005575 0.005792
0.005568 0.006207
0.005557 0.005573
0.005553 0.006421
0.005553 0.007607
0.005546 0.005671
0.005542 0.006318
0.005535 0.005964
0.005530 0.006821
0.005529 0.006177
0.005526 0.005582
0.005525 0.007445
0.005510 0.006711
0.005508 0.006208
0.005502 0.005889
0.005499 0.005610
0.005499 0.005642
0.005494 0.007617
0.005490 0.007432
0.005488 0.013108
0.005487 0.006170
0.005482 0.013833
0.005464 0.006782
0.005464 0.009318
0.005459 0.009288
0.005442 0.006678
0.005430 0.005726
0.005427 0.005443
0.005426 0.005552
0.005423 0.007422
0.005421 0.006777
0.005418 0.005548
0.005408 0.005529
0.005399 0.006049
0.005391 0.005446
0.005382 0.005458
0.005379 0.005691
0.005371 0.006147
0.005370 0.006468
0.005369 0.006185
0.005368 0.006648
0.005365 0.006087
0.005361 0.006062
0.005358 0.006696
0.005352 0.005666
0.005344 0.006747
0.005332 0.008023
0.005327 0.007399
0.005323 0.006966
0.005320 0.006966
0.005317 0.005411
0.005301 0.006664
0.005287 0.005902
0.005286 0.006209
0.005280 0.007183
0.005279 0.006117
0.005275 0.005280
0.005269 0.005744
0.005267 0.005364
0.005259 0.007553
0.005251 0.008449
0.005233 0.005293
0.005227 0.005405
0.005224 0.005549
0.005220 0.005567
0.005205 0.006110
0.005201 0.005398
0.005199 0.008775
0.005194 0.005492
0.005194 0.005709
0.005192 0.012827
0.005189 0.005245
0.005186 0.010484
0.005174 0.005238
0.005168 0.006352
0.005168 0.005279
0.005167 0.006468
0.005166 0.005642
0.005166 0.005253
0.005162 0.005370
0.005158 0.005582
0.005156 0.006102
0.005153 0.005197
0.005151 0.005405
0.005151 0.005585
0.005148 0.005214
0.005143 0.006888
0.005141 0.005882
0.005141 0.005201
0.005131 0.005854
0.005125 0.006057
0.005119 0.006225
0.005112 0.006254
0.005112 0.006876
0.005110 0.005838
0.005099 0.005100
0.005096 0.005472
0.005089 0.005242
0.005083 0.005669
0.005083 0.006167
0.005077 0.005831
0.005064 0.005167
0.005061 0.005201
0.005057 0.005921
0.005054 0.006022
0.005038 0.008237
0.005037 0.006536
0.005035 0.005980
0.005028 0.007291
0.005010 0.006627
0.005008 0.005851
0.005005 0.005038
0.005004 0.006889
0.005004 0.007689
0.004996 0.008030
0.004995 0.005317
0.004987 0.006095
0.004984 0.005385
0.004982 0.005962
0.004977 0.005050
0.004973 0.005519
0.004965 0.005547
0.004937 0.005042
0.004935 0.005823
0.004933 0.007121
0.004928 0.005430
0.004926 0.005089
0.004923 0.005153
0.004921 0.005690
0.004920 0.004967
0.004905 0.005161
0.004900 0.006735
0.004876 0.004900
0.004869 0.005965
0.004856 0.006533
0.004838 0.005607
0.004837 0.004913
0.004831 0.005099
0.004822 0.006962
0.004817 0.005224
0.004814 0.005849
0.004813 0.011480
0.004802 0.005829
0.004794 0.005071
0.004791 0.008063
0.004788 0.007726
0.004778 0.009792
0.004772 0.006564
0.004766 0.006615
0.004762 0.007405
0.004760 0.005455
0.004758 0.007413
0.004756 0.006572
0.004735 0.005427
0.004731 0.005562
0.004714 0.005474
0.004704 0.005738
0.004703 0.004753
0.004669 0.005712
0.004667 0.005032
0.004640 0.005888
0.004631 0.005134
0.004631 0.005265
0.004628 0.007963
0.004627 0.005514
0.004610 0.006403
0.004598 0.006679
0.004593 0.007893
0.004588 0.004792
0.004567 0.004748
0.004543 0.004764
0.004540 0.004665
0.004537 0.004814
0.004534 0.005922
0.004532 0.005194
0.004531 0.004714
0.004530 0.005740
0.004526 0.005904
0.004509 0.004655
0.004497 0.009980
0.004495 0.005337
0.004495 0.006881
0.004485 0.005429
0.004476 0.004891
0.004464 0.006102
0.004463 0.004894
0.004459 0.005447
0.004453 0.008219
0.004434 0.006924
0.004434 0.005031
0.004425 0.004627
0.004417 0.005902
0.004407 0.006796
0.004398 0.004705
0.004397 0.004420
0.004397 0.007358
0.004371 0.004608
0.004343 0.004933
0.004338 0.004370
0.004336 0.006110
0.004310 0.007845
0.004299 0.006556
0.004298 0.007108
0.004282 0.004509
0.004273 0.005120
0.004270 0.004754
0.004262 0.004666
0.004258 0.006151
0.004254 0.004327
0.004250 0.005686
0.004248 0.004338
0.004235 0.004493
0.004234 0.004513
0.004233 0.005225
0.004220 0.004341
0.004212 0.004247
0.004209 0.004858
0.004208 0.004305
0.004186 0.004221
0.004183 0.004224
0.004160 0.005057
0.004153 0.006016
0.004151 0.004400
0.004149 0.004742
0.004143 0.006631
0.004128 0.007002
0.004123 0.005689
0.004123 0.004441
0.004112 0.004214
0.004101 0.004509
0.004091 0.004164
0.004088 0.006332
0.004081 0.004183
0.004078 0.004318
0.004043 0.006135
0.004043 0.004143
0.004036 0.005543
0.004022 0.006176
0.004010 0.005325
0.004007 0.004250
0.003994 0.004075
0.003978 0.007310
0.003965 0.005543
0.003937 0.004035
0.003936 0.005340
0.003933 0.004702
0.003922 0.004035
0.003921 0.005306
0.003915 0.006108
0.003896 0.003900
0.003877 0.004183
0.003875 0.007903
0.003851 0.003866
0.003806 0.004005
0.003786 0.003798
0.003779 0.003796
0.003774 0.003836
0.003762 0.003765
0.003749 0.005728
0.003738 0.004241
0.003680 0.003821
0.003679 0.003899
0.003670 0.006326
0.003669 0.003766
0.003641 0.004604
0.003641 0.003787
0.003607 0.003809
0.003570 0.003719
0.003568 0.003713
0.003554 0.003623
0.003541 0.004062
0.003469 0.004428
0.003421 0.003535
0.003364 0.003791
0.003357 0.003537
0.003345 0.003629
0.003331 0.004504
0.003331 0.003641
0.003315 0.004732
0.003264 0.003710
0.003253 0.003563
0.003249 0.003772
0.003222 0.004001
0.003216 0.003234
0.003177 0.003321
0.003062 0.003385
0.003032 0.003652
0.002971 0.003068
0.002962 0.003112
0.002952 0.003409
0.002942 0.003763
0.002939 0.003305
0.002898 0.002947
0.002896 0.003157
0.002776 0.002899
0.002616 0.002646
0.002589 0.003007
0.002558 0.002962
0.002555 0.002593
0.002355 0.002582
0.002318 0.002746
0.002311 0.002487
0.002295 0.002718
0.002283 0.002400
0.002048 0.002107
0.002039 0.002358
0.001884 0.001937
0.001819 0.002032
0.001804 0.002102
0.001519 0.001660
0.001514 0.001660
