0.545747 0.602565
0.223712 0.265680
0.203776 0.211706
0.148494 0.161709
0.133036 0.162357
0.091277 0.095542
0.082942 0.094224
0.082667 0.161660
0.080637 0.098714
0.075459 0.075511
0.072819 0.087036
0.071830 0.072806
0.071820 0.081552
0.066671 0.067237
0.066368 0.066574
0.060867 0.100930
0.057837 0.063182
0.055877 0.060206
0.055408 0.063110
0.054962 0.067315
0.054291 0.066077
0.053736 0.058864
0.053466 0.061921
0.052657 0.060172
0.052413 0.055074
0.052081 0.071930
0.050728 0.066568
0.050288 0.050652
0.049602 0.079078
0.048040 0.049256
0.047957 0.048146
0.047335 0.048692
0.046562 0.056730
0.046041 0.063255
0.044425 0.075878
0.044218 0.044551
0.043862 0.045582
0.043298 0.045506
0.042512 0.047271
0.042430 0.043838
0.042386 0.048598
0.042162 0.050714
0.042126 0.054342
0.042068 0.044642
0.041843 0.068532
0.041231 0.061620
0.040588 0.046039
0.040012 0.052380
0.039823 0.044153
0.039652 0.041894
0.038783 0.041313
0.038630 0.041188
0.038390 0.056094
0.038087 0.050156
0.037517 0.041420
0.037282 0.037825
0.037280 0.051975
0.037175 0.041151
0.036969 0.037152
0.036857 0.039768
0.036839 0.038793
0.036677 0.040181
0.036524 0.036732
0.036339 0.044251
0.036104 0.043529
0.036053 0.037940
0.036031 0.042516
0.035796 0.037289
0.035704 0.044643
0.035348 0.037409
0.035298 0.037881
0.035157 0.043844
0.034913 0.043358
0.034215 0.036424
0.033780 0.033794
0.033566 0.034885
0.033452 0.043164
0.033256 0.044884
0.032838 0.035135
0.032440 0.039401
0.032187 0.035720
0.032064 0.035809
0.031971 0.034317
0.031854 0.048997
0.031690 0.032178
0.031665 0.033997
0.031443 0.031899
0.031371 0.031747
0.031091 0.040247
0.030707 0.049338
0.030679 0.033616
0.030402 0.033066
0.030194 0.032129
0.030013 0.030945
0.029883 0.029924
0.029791 0.030776
0.029772 0.058393
0.029664 0.031352
0.029629 0.040977
0.029588 0.032897
0.029529 0.038220
0.029315 0.037380
0.028959 0.029917
0.028793 0.032496
0.028689 0.030474
0.028648 0.029344
0.028634 0.032330
0.028442 0.028914
0.028392 0.040537
0.028324 0.041028
0.028256 0.028676
0.028105 0.028932
0.028089 0.033890
0.027892 0.028945
0.027807 0.029252
0.027579 0.036259
0.027538 0.028746
0.027480 0.029009
0.027479 0.030058
0.027345 0.027831
0.027344 0.046412
0.027336 0.033377
0.027258 0.028621
0.027113 0.032499
0.027007 0.027489
0.027006 0.029699
0.027000 0.027697
0.026818 0.038105
0.026792 0.027498
0.026770 0.032298
0.026748 0.029501
0.026710 0.044004
0.026577 0.031000
0.026571 0.032537
0.026504 0.026995
0.026386 0.027889
0.026371 0.026636
0.026362 0.028036
0.026307 0.037210
0.026067 0.029771
0.026064 0.029746
0.025972 0.028422
0.025955 0.035843
0.025948 0.027979
0.025947 0.027271
0.025932 0.034430
0.025928 0.037869
0.025830 0.027819
0.025768 0.031303
0.025718 0.027378
0.025612 0.032943
0.025606 0.026834
0.025583 0.025596
0.025569 0.028240
0.025525 0.026161
0.025524 0.035865
0.025522 0.041578
0.025512 0.031212
0.025383 0.025588
0.025357 0.029830
0.025314 0.027226
0.025276 0.053756
0.025133 0.033603
0.025115 0.028536
0.025069 0.026332
0.024958 0.026380
0.024892 0.031233
0.024879 0.029272
0.024783 0.025333
0.024722 0.025948
0.024593 0.025642
0.024546 0.025870
0.024496 0.025615
0.024455 0.027812
0.024446 0.025189
0.024390 0.031076
0.024269 0.027441
0.024240 0.025545
0.024178 0.031713
0.024172 0.028430
0.024156 0.026659
0.024100 0.036669
0.023992 0.025683
0.023931 0.039417
0.023885 0.029762
0.023824 0.032898
0.023781 0.027031
0.023760 0.027498
0.023734 0.024167
0.023608 0.045234
0.023509 0.029311
0.023497 0.031504
0.023490 0.030718
0.023402 0.023568
0.023344 0.033105
0.023291 0.041374
0.023285 0.023635
0.023181 0.024735
0.023141 0.026892
0.023099 0.027059
0.023077 0.031139
0.023073 0.041217
0.023036 0.024151
0.023030 0.024581
0.023016 0.029580
0.022987 0.036158
0.022971 0.023092
0.022905 0.028686
0.022871 0.023159
0.022846 0.024246
0.022798 0.025582
0.022765 0.024360
0.022700 0.024871
0.022634 0.034494
0.022627 0.048930
0.022592 0.033235
0.022548 0.028907
0.022539 0.022769
0.022468 0.023550
0.022250 0.023027
0.022210 0.029998
0.022198 0.029813
0.022137 0.023928
0.022122 0.031565
0.022062 0.026378
0.021932 0.028988
0.021849 0.030956
0.021843 0.048487
0.021822 0.030211
0.021750 0.022036
0.021701 0.042088
0.021688 0.024369
0.021661 0.022264
0.021648 0.035034
0.021631 0.023874
0.021530 0.022660
0.021521 0.023628
0.021515 0.035884
0.021500 0.024129
0.021486 0.023171
0.021446 0.022203
0.021439 0.031956
0.021415 0.022665
0.021401 0.022638
0.021393 0.022540
0.021387 0.022876
0.021345 0.022571
0.021301 0.024324
0.021287 0.035385
0.021194 0.021423
0.021193 0.026832
0.021178 0.023976
0.021139 0.027618
0.021111 0.021453
0.021110 0.024657
0.021099 0.022842
0.021077 0.021920
0.020823 0.028648
0.020795 0.029784
0.020758 0.021545
0.020750 0.022509
0.020718 0.023639
0.020707 0.023529
0.020703 0.032715
0.020686 0.024143
0.020600 0.030649
0.020598 0.024456
0.020586 0.022261
0.020582 0.024825
0.020558 0.028030
0.020552 0.020719
0.020548 0.023443
0.020539 0.021197
0.020528 0.023046
0.020520 0.022052
0.020422 0.025525
0.020410 0.020492
0.020378 0.021082
0.020371 0.023706
0.020324 0.025915
0.020303 0.020462
0.020147 0.023550
0.020142 0.025412
0.020133 0.023267
0.020127 0.022573
0.020123 0.020259
0.020095 0.028593
0.020078 0.027671
0.020027 0.024930
0.020009 0.042516
0.019999 0.030060
0.019938 0.022285
0.019905 0.020919
0.019904 0.019947
0.019903 0.020968
0.019886 0.026389
0.019828 0.039256
0.019821 0.039693
0.019791 0.024097
0.019776 0.032954
0.019752 0.020998
0.019752 0.026119
0.019751 0.021417
0.019724 0.020125
0.019709 0.022863
0.019701 0.022141
0.019692 0.022133
0.019688 0.019839
0.019657 0.026145
0.019639 0.050616
0.019623 0.020261
0.019569 0.023051
0.019555 0.026444
0.019526 0.038237
0.019517 0.029628
0.019517 0.020236
0.019506 0.021546
0.019454 0.021836
0.019423 0.020686
0.019419 0.050243
0.019413 0.020740
0.019355 0.026759
0.019320 0.021897
0.019256 0.023322
0.019245 0.021785
0.019242 0.023066
0.019240 0.043353
0.019209 0.021218
0.019182 0.025227
0.019166 0.021016
0.019152 0.021539
0.019112 0.020408
0.019083 0.020190
0.019078 0.022570
0.019077 0.021979
0.018994 0.024720
0.018978 0.023408
0.018975 0.021102
0.018967 0.022310
0.018955 0.020847
0.018952 0.019233
0.018865 0.026201
0.018848 0.028230
0.018768 0.027347
0.018745 0.021245
0.018741 0.018953
0.018730 0.022777
0.018692 0.020416
0.018643 0.020980
0.018640 0.020599
0.018630 0.020861
0.018629 0.026301
0.018597 0.020146
0.018570 0.020202
0.018545 0.022047
0.018545 0.019223
0.018544 0.019891
0.018527 0.030203
0.018525 0.019290
0.018506 0.018533
0.018500 0.022589
0.018493 0.024418
0.018427 0.026216
0.018406 0.020763
0.018390 0.023734
0.018349 0.026903
0.018312 0.019666
0.018274 0.033230
0.018242 0.018823
0.018216 0.019248
0.018188 0.052927
0.018133 0.024610
0.018125 0.018634
0.018097 0.019086
0.018081 0.018691
0.018043 0.019997
0.018028 0.020605
0.018002 0.018323
0.017995 0.020598
0.017987 0.023179
0.017961 0.023256
0.017957 0.035105
0.017941 0.018595
0.017937 0.023497
0.017918 0.026188
0.017880 0.034927
0.017880 0.025416
0.017875 0.018198
0.017874 0.019615
0.017862 0.019500
0.017858 0.025858
0.017847 0.019016
0.017845 0.038943
0.017844 0.019860
0.017841 0.018007
0.017832 0.026148
0.017829 0.018924
0.017810 0.019019
0.017807 0.027810
0.017803 0.019678
0.017792 0.019949
0.017747 0.018676
0.017734 0.019092
0.017715 0.025820
0.017704 0.019383
0.017704 0.024967
0.017665 0.019808
0.017655 0.024101
0.017643 0.019079
0.017628 0.022541
0.017591 0.021139
0.017566 0.028064
0.017535 0.018474
0.017529 0.019876
0.017514 0.023825
0.017506 0.020573
0.017495 0.025392
0.017494 0.019182
0.017484 0.017603
0.017470 0.024609
0.017466 0.017995
0.017456 0.023624
0.017437 0.017987
0.017437 0.019074
0.017434 0.025610
0.017419 0.023653
0.017410 0.021864
0.017403 0.019953
0.017371 0.030587
0.017359 0.022983
0.017356 0.020828
0.017298 0.018158
0.017277 0.022523
0.017261 0.018653
0.017246 0.018851
0.017237 0.019818
0.017200 0.017331
0.017180 0.017792
0.017177 0.024226
0.017155 0.018309
0.017135 0.018576
0.017110 0.029616
0.017106 0.017699
0.017098 0.018488
0.017092 0.032166
0.017069 0.017162
0.017015 0.017226
0.017008 0.034133
0.016994 0.017700
0.016994 0.017571
0.016935 0.019163
0.016934 0.017390
0.016922 0.020213
0.016911 0.025742
0.016881 0.017414
0.016856 0.019822
0.016828 0.022545
0.016825 0.016999
0.016820 0.018587
0.016814 0.022931
0.016801 0.025891
0.016744 0.017426
0.016743 0.017597
0.016734 0.016784
0.016732 0.017115
0.016732 0.016792
0.016721 0.016961
0.016718 0.016981
0.016679 0.017576
0.016654 0.018629
0.016635 0.017056
0.016615 0.019703
0.016611 0.017016
0.016609 0.025426
0.016577 0.020541
0.016574 0.018817
0.016574 0.022414
0.016525 0.019944
0.016494 0.018424
0.016483 0.020525
0.016431 0.020211
0.016382 0.017560
0.016349 0.017988
0.016329 0.017789
0.016289 0.016419
0.016245 0.019858
0.016195 0.018689
0.016184 0.026272
0.016157 0.018382
0.016145 0.016907
0.016144 0.017839
0.016122 0.017420
0.016108 0.017082
0.016100 0.024503
0.016087 0.024260
0.016056 0.019706
0.016018 0.018649
0.016015 0.024662
0.015976 0.016935
0.015929 0.018223
0.015901 0.015911
0.015889 0.016401
0.015886 0.023054
0.015869 0.016218
0.015866 0.023652
0.015845 0.016694
0.015839 0.017482
0.015816 0.016531
0.015801 0.016571
0.015792 0.016128
0.015770 0.019604
0.015737 0.026816
0.015732 0.016128
0.015695 0.020406
0.015670 0.015877
0.015669 0.024823
0.015656 0.018191
0.015640 0.017945
0.015634 0.015948
0.015596 0.018053
0.015589 0.015641
0.015586 0.016047
0.015581 0.018350
0.015534 0.017179
0.015500 0.023136
0.015480 0.020441
0.015471 0.033658
0.015430 0.021380
0.015428 0.021438
0.015422 0.021483
0.015406 0.017042
0.015391 0.016484
0.015382 0.017004
0.015369 0.022929
0.015350 0.015810
0.015350 0.020093
0.015341 0.020931
0.015311 0.015397
0.015306 0.021460
0.015305 0.020461
0.015296 0.017768
0.015282 0.023477
0.015267 0.015466
0.015263 0.020512
0.015253 0.021581
0.015247 0.015387
0.015201 0.015591
0.015154 0.038287
0.015154 0.015469
0.015147 0.015316
0.015142 0.015548
0.015136 0.020319
0.015124 0.016561
0.015123 0.016576
0.015112 0.031092
0.015101 0.016740
0.015101 0.018238
0.015096 0.017185
0.015066 0.015150
0.015045 0.016219
0.015022 0.020674
0.014999 0.015749
0.014998 0.015597
0.014957 0.021113
0.014938 0.018865
0.014933 0.015182
0.014907 0.015242
0.014901 0.024258
0.014900 0.017637
0.014896 0.017051
0.014884 0.016089
0.014869 0.015225
0.014850 0.018863
0.014846 0.018259
0.014836 0.016620
0.014823 0.018635
0.014805 0.016688
0.014792 0.015167
0.014774 0.017084
0.014759 0.016349
0.014753 0.015291
0.014739 0.019313
0.014732 0.016105
0.014714 0.016987
0.014690 0.014988
0.014684 0.016450
0.014671 0.015276
0.014664 0.016451
0.014651 0.016025
0.014604 0.023284
0.014601 0.014806
0.014575 0.014633
0.014569 0.018307
0.014542 0.021917
0.014539 0.025708
0.014533 0.015478
0.014525 0.015468
0.014506 0.021381
0.014500 0.015337
0.014498 0.014751
0.014495 0.017687
0.014487 0.016587
0.014485 0.014703
0.014482 0.017632
0.014471 0.028125
0.014458 0.015964
0.014456 0.020083
0.014407 0.014810
0.014406 0.015609
0.014390 0.020349
0.014365 0.015869
0.014363 0.016267
0.014351 0.014798
0.014351 0.015730
0.014330 0.016602
0.014324 0.015868
0.014320 0.016570
0.014314 0.015699
0.014313 0.022303
0.014296 0.021363
0.014278 0.018741
0.014241 0.016347
0.014225 0.016330
0.014216 0.014650
0.014210 0.015251
0.014192 0.014923
0.014172 0.015540
0.014130 0.014954
0.014114 0.018097
0.014111 0.014939
0.014095 0.014803
0.014081 0.015670
0.014058 0.014491
0.014057 0.014541
0.014045 0.014243
0.014041 0.014321
0.014024 0.015212
0.014022 0.015378
0.014003 0.016512
0.013980 0.021994
0.013950 0.015755
0.013946 0.016152
0.013924 0.015597
0.013924 0.023572
0.013916 0.017601
0.013907 0.016807
0.013902 0.019247
0.013878 0.015727
0.013878 0.020408
0.013868 0.018004
0.013864 0.016884
0.013852 0.014540
0.013847 0.016308
0.013836 0.017542
0.013823 0.015895
0.013802 0.014527
0.013783 0.015519
0.013779 0.016038
0.013755 0.014430
0.013748 0.019292
0.013734 0.021607
0.013690 0.013936
0.013668 0.015819
0.013648 0.014252
0.013634 0.019547
0.013613 0.021119
0.013595 0.017014
0.013593 0.013717
0.013577 0.025850
0.013559 0.017335
0.013555 0.013942
0.013524 0.013594
0.013518 0.014704
0.013507 0.023856
0.013497 0.014340
0.013463 0.019251
0.013444 0.014478
0.013433 0.020115
0.013427 0.025982
0.013407 0.014593
0.013403 0.017457
0.013401 0.013439
0.013392 0.014312
0.013388 0.017736
0.013383 0.015370
0.013377 0.013664
0.013359 0.014974
0.013352 0.014237
0.013348 0.020198
0.013345 0.013557
0.013329 0.013782
0.013327 0.024230
0.013312 0.014335
0.013309 0.016163
0.013297 0.017634
0.013282 0.015438
0.013265 0.017808
0.013252 0.013743
0.013204 0.013269
0.013178 0.013817
0.013174 0.015971
0.013158 0.014829
0.013151 0.013557
0.013150 0.015661
0.013119 0.016102
0.013115 0.013921
0.013111 0.018956
0.013097 0.013897
0.013093 0.028466
0.013089 0.021533
0.013062 0.015559
0.013053 0.013812
0.013049 0.014284
0.013015 0.013235
0.012986 0.018915
0.012986 0.014411
0.012976 0.018906
0.012975 0.013119
0.012972 0.013646
0.012963 0.013236
0.012959 0.014103
0.012956 0.013793
0.012941 0.013070
0.012940 0.015944
0.012930 0.016238
0.012920 0.014307
0.012905 0.013421
0.012894 0.014066
0.012882 0.013608
0.012876 0.014988
0.012874 0.014104
0.012873 0.013302
0.012861 0.015011
0.012856 0.019216
0.012856 0.020136
0.012840 0.018277
0.012828 0.017573
0.012825 0.013692
0.012822 0.013393
0.012815 0.013337
0.012810 0.020475
0.012787 0.019229
0.012785 0.018577
0.012782 0.015489
0.012773 0.015144
0.012771 0.019517
0.012770 0.020367
0.012762 0.015764
0.012753 0.013032
0.012736 0.013967
0.012730 0.016843
0.012712 0.013725
0.012700 0.022225
0.012700 0.013072
0.012700 0.020411
0.012700 0.015724
0.012685 0.013209
0.012655 0.018090
0.012648 0.012896
0.012639 0.022280
0.012636 0.013014
0.012629 0.019278
0.012618 0.014347
0.012607 0.013174
0.012600 0.020487
0.012592 0.014392
0.012575 0.013089
0.012562 0.015181
0.012552 0.019726
0.012541 0.014635
0.012528 0.013314
0.012525 0.012985
0.012522 0.012524
0.012510 0.019508
0.012508 0.013302
0.012504 0.012962
0.012497 0.014466
0.012495 0.019960
0.012493 0.013743
0.012492 0.018968
0.012491 0.020666
0.012481 0.016656
0.012471 0.014050
0.012471 0.014816
0.012460 0.023136
0.012449 0.013874
0.012443 0.015291
0.012443 0.014517
0.012435 0.012919
0.012411 0.016590
0.012370 0.016082
0.012340 0.012535
0.012340 0.014475
0.012336 0.012817
0.012284 0.016252
0.012274 0.013038
0.012269 0.017540
0.012267 0.012498
0.012264 0.014042
0.012262 0.016925
0.012261 0.017568
0.012258 0.018066
0.012251 0.013664
0.012250 0.014712
0.012245 0.013470
0.012237 0.019127
0.012236 0.012329
0.012226 0.012566
0.012219 0.014020
0.012216 0.012626
0.012211 0.014352
0.012201 0.012329
0.012201 0.027001
0.012183 0.013934
0.012138 0.013992
0.012133 0.013081
0.012129 0.023875
0.012109 0.017804
0.012098 0.012783
0.012093 0.013248
0.012085 0.012371
0.012085 0.012699
0.012083 0.018952
0.012068 0.013673
0.012065 0.020848
0.012052 0.012941
0.012043 0.012907
0.012034 0.012640
0.012025 0.012285
0.012011 0.012034
0.011995 0.012405
0.011985 0.017480
0.011979 0.012478
0.011978 0.013119
0.011977 0.018611
0.011969 0.012021
0.011967 0.017038
0.011957 0.012319
0.011956 0.020790
0.011954 0.013554
0.011940 0.012435
0.011934 0.012692
0.011921 0.012074
0.011904 0.014192
0.011901 0.012452
0.011882 0.012623
0.011866 0.012017
0.011859 0.031756
0.011853 0.011923
0.011851 0.015775
0.011847 0.011936
0.011840 0.015737
0.011835 0.014070
0.011825 0.011862
0.011822 0.014621
0.011812 0.024470
0.011805 0.012487
0.011800 0.016734
0.011794 0.015325
0.011788 0.013117
0.011768 0.014550
0.011765 0.016583
0.011748 0.012073
0.011747 0.012859
0.011738 0.023936
0.011737 0.012839
0.011729 0.013025
0.011714 0.016184
0.011713 0.015529
0.011682 0.025526
0.011653 0.012064
0.011621 0.013338
0.011617 0.015748
0.011607 0.019708
0.011603 0.012643
0.011593 0.015188
0.011592 0.014681
0.011592 0.017211
0.011587 0.013528
0.011583 0.014063
0.011544 0.012415
0.011541 0.017540
0.011526 0.011914
0.011526 0.011547
0.011511 0.028397
0.011505 0.011957
0.011498 0.014538
0.011495 0.013703
0.011490 0.011963
0.011484 0.014757
0.011482 0.011969
0.011462 0.011630
0.011461 0.015874
0.011443 0.011908
0.011427 0.012240
0.011414 0.014475
0.011406 0.012490
0.011403 0.016018
0.011389 0.013336
0.011357 0.011726
0.011356 0.012857
0.011350 0.015632
0.011321 0.011483
0.011317 0.012928
0.011311 0.014871
0.011310 0.018844
0.011307 0.012660
0.011306 0.011853
0.011299 0.011747
0.011275 0.011714
0.011266 0.011407
0.011260 0.023164
0.011252 0.012739
0.011244 0.011576
0.011240 0.011464
0.011233 0.011245
0.011233 0.012742
0.011230 0.014396
0.011209 0.012036
0.011206 0.013437
0.011197 0.023209
0.011188 0.018496
0.011188 0.011485
0.011171 0.016186
0.011165 0.017867
0.011159 0.019458
0.011141 0.012845
0.011139 0.012041
0.011137 0.012458
0.011137 0.016682
0.011122 0.014122
0.011121 0.013935
0.011115 0.014037
0.011115 0.015846
0.011101 0.015081
0.011100 0.012927
0.011091 0.014446
0.011088 0.015296
0.011087 0.011357
0.011086 0.012158
0.011077 0.011259
0.011077 0.011417
0.011068 0.013149
0.011062 0.011717
0.011053 0.011262
0.011039 0.012282
0.011033 0.011532
0.011028 0.019105
0.011020 0.014696
0.011009 0.013496
0.011006 0.012464
0.011001 0.013014
0.010979 0.011439
0.010978 0.011581
0.010976 0.011602
0.010969 0.016068
0.010962 0.012312
0.010951 0.012106
0.010937 0.012223
0.010930 0.010970
0.010901 0.014809
0.010895 0.014422
0.010889 0.016268
0.010888 0.012145
0.010883 0.011304
0.010880 0.011263
0.010878 0.011070
0.010873 0.016389
0.010864 0.012248
0.010860 0.011252
0.010846 0.015827
0.010844 0.011704
0.010820 0.014238
0.010814 0.012087
0.010799 0.014840
0.010792 0.011340
0.010783 0.011876
0.010760 0.011745
0.010755 0.011579
0.010752 0.012034
0.010751 0.010942
0.010747 0.013940
0.010740 0.012400
0.010738 0.012564
0.010733 0.011370
0.010730 0.012616
0.010729 0.012057
0.010717 0.017243
0.010699 0.013151
0.010695 0.015613
0.010691 0.012167
0.010681 0.012725
0.010675 0.011378
0.010670 0.011594
0.010664 0.012797
0.010652 0.010741
0.010640 0.012962
0.010638 0.013424
0.010637 0.012542
0.010637 0.011023
0.010626 0.011258
0.010618 0.013979
0.010608 0.016383
0.010599 0.011704
0.010596 0.011071
0.010594 0.013444
0.010590 0.016580
0.010572 0.011769
0.010564 0.011240
0.010560 0.013769
0.010553 0.011656
0.010546 0.015526
0.010542 0.016917
0.010534 0.011791
0.010532 0.010628
0.010531 0.012349
0.010528 0.011902
0.010527 0.011441
0.010527 0.011078
0.010522 0.012790
0.010520 0.013177
0.010515 0.010602
0.010509 0.012293
0.010507 0.010584
0.010485 0.017679
0.010468 0.016857
0.010458 0.014184
0.010453 0.010750
0.010449 0.017572
0.010426 0.011033
0.010422 0.011152
0.010421 0.012449
0.010417 0.013858
0.010416 0.011757
0.010399 0.010643
0.010387 0.010884
0.010375 0.013457
0.010373 0.012672
0.010372 0.012105
0.010371 0.014623
0.010363 0.011792
0.010363 0.010438
0.010358 0.011048
0.010345 0.021948
0.010337 0.010941
0.010335 0.010456
0.010329 0.014207
0.010325 0.013758
0.010311 0.011820
0.010309 0.013928
0.010309 0.012513
0.010307 0.013826
0.010303 0.010623
0.010302 0.010350
0.010293 0.016562
0.010288 0.011098
0.010276 0.019946
0.010276 0.013120
0.010274 0.012439
0.010265 0.013449
0.010265 0.014277
0.010258 0.015046
0.010246 0.018731
0.010239 0.014666
0.010234 0.010880
0.010222 0.010482
0.010218 0.014545
0.010214 0.014247
0.010207 0.011607
0.010206 0.017076
0.010203 0.023070
0.010201 0.010870
0.010194 0.012873
0.010191 0.012231
0.010186 0.013121
0.010186 0.010610
0.010183 0.011771
0.010166 0.012091
0.010164 0.013169
0.010155 0.011419
0.010153 0.011736
0.010148 0.010657
0.010144 0.014406
0.010144 0.010928
0.010142 0.015005
0.010141 0.013209
0.010140 0.011063
0.010140 0.013493
0.010137 0.010606
0.010135 0.010305
0.010132 0.010712
0.010127 0.012554
0.010121 0.015789
0.010121 0.016020
0.010115 0.015822
0.010105 0.010140
0.010103 0.012692
0.010102 0.013879
0.010099 0.011470
0.010085 0.012970
0.010081 0.014106
0.010073 0.010469
0.010072 0.014554
0.010070 0.011116
0.010065 0.011866
0.010061 0.017219
0.010057 0.010475
0.010056 0.010437
0.010053 0.011544
0.010051 0.020442
0.010041 0.017279
0.010041 0.015842
0.010037 0.012010
0.010035 0.012670
0.010034 0.012648
0.010012 0.012179
0.010005 0.010217
0.010000 0.010735
0.009990 0.010406
0.009984 0.010810
0.009980 0.010546
0.009980 0.011805
0.009974 0.010526
0.009968 0.011139
0.009960 0.010646
0.009958 0.012876
0.009934 0.010350
0.009931 0.013308
0.009927 0.015660
0.009920 0.011681
0.009913 0.010161
0.009912 0.013311
0.009908 0.011070
0.009907 0.014085
0.009896 0.012594
0.009895 0.011988
0.009882 0.010277
0.009875 0.009937
0.009861 0.009919
0.009855 0.018191
0.009836 0.019515
0.009826 0.017239
0.009821 0.009897
0.009820 0.014628
0.009818 0.010961
0.009813 0.013544
0.009809 0.010401
0.009792 0.010035
0.009778 0.010637
0.009757 0.010721
0.009747 0.010955
0.009746 0.012277
0.009744 0.015640
0.009741 0.014271
0.009740 0.010219
0.009739 0.010397
0.009724 0.011063
0.009715 0.011046
0.009710 0.010826
0.009709 0.010353
0.009699 0.012389
0.009685 0.011094
0.009666 0.010662
0.009665 0.009732
0.009664 0.013312
0.009663 0.011153
0.009658 0.011607
0.009644 0.011122
0.009642 0.010986
0.009636 0.012734
0.009633 0.010962
0.009632 0.010353
0.009626 0.013017
0.009625 0.012168
0.009622 0.010082
0.009618 0.011876
0.009612 0.012124
0.009610 0.012538
0.009610 0.009865
0.009601 0.009886
0.009594 0.014467
0.009593 0.011162
0.009583 0.011475
0.009576 0.013768
0.009573 0.010213
0.009558 0.014249
0.009556 0.013754
0.009542 0.010286
0.009542 0.009676
0.009531 0.010227
0.009527 0.016566
0.009525 0.012720
0.009523 0.012060
0.009509 0.010861
0.009505 0.010571
0.009503 0.010972
0.009498 0.025796
0.009498 0.010352
0.009497 0.012474
0.009495 0.015040
0.009494 0.009935
0.009486 0.013583
0.009485 0.011610
0.009478 0.009808
0.009459 0.010230
0.009456 0.016113
0.009450 0.014345
0.009446 0.011017
0.009443 0.009546
0.009430 0.017131
0.009425 0.012022
0.009424 0.009765
0.009424 0.010564
0.009417 0.010552
0.009410 0.011423
0.009401 0.009778
0.009388 0.013108
0.009386 0.009612
0.009385 0.011983
0.009381 0.009629
0.009378 0.014027
0.009375 0.009567
0.009373 0.013934
0.009362 0.010865
0.009359 0.009896
0.009357 0.018411
0.009352 0.009944
0.009338 0.009772
0.009335 0.010392
0.009321 0.009910
0.009321 0.011747
0.009314 0.010300
0.009307 0.009715
0.009306 0.010353
0.009304 0.011687
0.009304 0.010476
0.009304 0.012382
0.009293 0.012353
0.009288 0.010737
0.009277 0.009648
0.009272 0.010297
0.009270 0.014345
0.009266 0.011203
0.009266 0.009502
0.009258 0.012467
0.009250 0.013247
0.009244 0.009601
0.009237 0.013605
0.009228 0.013895
0.009216 0.013007
0.009214 0.010395
0.009201 0.013040
0.009186 0.009838
0.009184 0.012627
0.009170 0.009474
0.009169 0.009175
0.009167 0.009843
0.009166 0.013726
0.009153 0.014617
0.009149 0.012050
0.009146 0.009970
0.009145 0.009366
0.009143 0.010486
0.009143 0.015513
0.009138 0.009634
0.009138 0.009836
0.009134 0.010902
0.009129 0.009336
0.009120 0.011312
0.009119 0.012039
0.009117 0.009446
0.009117 0.012766
0.009116 0.009153
0.009105 0.012666
0.009104 0.009658
0.009098 0.009722
0.009093 0.009636
0.009092 0.010565
0.009091 0.011265
0.009088 0.009328
0.009087 0.009664
0.009085 0.015529
0.009077 0.009690
0.009072 0.012739
0.009065 0.012447
0.009056 0.020261
0.009054 0.013176
0.009044 0.009102
0.009043 0.009853
0.009040 0.009152
0.009037 0.009110
0.009030 0.009056
0.009026 0.010634
0.009023 0.016229
0.009023 0.011429
0.009011 0.009930
0.009009 0.016236
0.009008 0.012291
0.009003 0.010030
0.008995 0.011431
0.008988 0.010796
0.008987 0.009532
0.008986 0.010048
0.008986 0.009241
0.008983 0.009022
0.008979 0.009133
0.008979 0.009764
0.008972 0.009710
0.008970 0.012340
0.008957 0.009748
0.008952 0.009424
0.008948 0.010008
0.008945 0.009732
0.008943 0.012450
0.008928 0.013965
0.008926 0.009396
0.008924 0.010286
0.008924 0.011563
0.008918 0.010541
0.008915 0.019009
0.008913 0.011201
0.008911 0.009141
0.008897 0.009607
0.008895 0.009556
0.008879 0.011659
0.008866 0.016133
0.008857 0.017018
0.008856 0.016841
0.008851 0.010286
0.008832 0.015713
0.008828 0.014017
0.008827 0.010111
0.008825 0.009757
0.008814 0.010809
0.008807 0.010851
0.008803 0.009200
0.008799 0.009054
0.008798 0.012866
0.008794 0.009677
0.008792 0.009620
0.008788 0.009644
0.008787 0.012222
0.008786 0.009027
0.008775 0.010574
0.008769 0.009447
0.008761 0.010903
0.008749 0.008921
0.008743 0.011033
0.008739 0.009823
0.008739 0.009360
0.008737 0.012463
0.008736 0.012710
0.008728 0.009190
0.008727 0.008929
0.008726 0.009319
0.008723 0.012519
0.008722 0.014418
0.008717 0.011191
0.008710 0.011924
0.008702 0.009920
0.008701 0.014112
0.008692 0.018912
0.008689 0.011034
0.008688 0.013919
0.008686 0.009587
0.008683 0.009128
0.008671 0.011197
0.008667 0.017488
0.008663 0.012524
0.008661 0.009402
0.008650 0.008809
0.008636 0.019562
0.008635 0.010530
0.008634 0.010419
0.008627 0.010831
0.008623 0.009076
0.008620 0.010313
0.008614 0.010414
0.008612 0.008659
0.008607 0.009733
0.008602 0.008604
0.008598 0.014787
0.008585 0.010773
0.008574 0.010045
0.008570 0.009919
0.008565 0.014020
0.008561 0.008816
0.008559 0.009145
0.008554 0.010284
0.008549 0.009313
0.008548 0.013080
0.008545 0.008791
0.008543 0.008836
0.008542 0.009784
0.008537 0.008722
0.008536 0.010101
0.008533 0.009025
0.008533 0.010624
0.008530 0.013709
0.008523 0.009923
0.008517 0.009972
0.008514 0.009244
0.008513 0.014141
0.008513 0.010579
0.008512 0.012324
0.008499 0.008887
0.008495 0.008656
0.008494 0.008972
0.008476 0.009297
0.008475 0.009923
0.008467 0.010509
0.008467 0.011925
0.008464 0.010482
0.008460 0.010575
0.008457 0.010805
0.008456 0.011174
0.008436 0.011560
0.008435 0.009659
0.008434 0.010159
0.008433 0.008823
0.008430 0.010484
0.008426 0.008684
0.008425 0.008954
0.008418 0.009345
0.008414 0.013862
0.008412 0.010011
0.008410 0.008684
0.008408 0.009686
0.008406 0.009771
0.008401 0.009478
0.008399 0.009656
0.008398 0.011664
0.008398 0.009235
0.008387 0.015504
0.008383 0.008516
0.008382 0.009757
0.008379 0.010291
0.008378 0.014040
0.008377 0.011501
0.008376 0.008950
0.008373 0.008737
0.008367 0.014673
0.008366 0.008784
0.008365 0.013389
0.008361 0.009130
0.008361 0.010150
0.008357 0.012143
0.008345 0.008818
0.008343 0.011435
0.008343 0.008776
0.008342 0.011074
0.008335 0.010494
0.008333 0.008431
0.008331 0.010097
0.008331 0.010150
0.008325 0.010502
0.008324 0.008527
0.008323 0.008391
0.008322 0.009174
0.008316 0.012039
0.008303 0.010648
0.008300 0.013092
0.008295 0.011610
0.008295 0.009494
0.008292 0.009440
0.008285 0.009009
0.008279 0.014466
0.008279 0.011023
0.008274 0.010665
0.008272 0.008315
0.008271 0.010391
0.008261 0.011896
0.008260 0.008685
0.008257 0.010219
0.008256 0.009770
0.008250 0.010263
0.008248 0.009930
0.008246 0.009013
0.008241 0.011849
0.008240 0.009601
0.008236 0.010555
0.008229 0.011117
0.008216 0.009605
0.008213 0.011181
0.008209 0.009753
0.008208 0.010044
0.008207 0.009171
0.008205 0.013075
0.008204 0.011532
0.008204 0.010192
0.008203 0.008791
0.008202 0.017236
0.008198 0.011256
0.008196 0.012160
0.008196 0.009029
0.008194 0.010504
0.008193 0.008344
0.008192 0.008492
0.008190 0.008672
0.008189 0.008730
0.008188 0.009212
0.008180 0.009227
0.008177 0.009088
0.008176 0.010577
0.008175 0.009372
0.008166 0.010096
0.008161 0.014951
0.008158 0.008459
0.008153 0.019229
0.008148 0.008222
0.008147 0.008202
0.008146 0.011567
0.008145 0.010113
0.008138 0.009296
0.008136 0.009208
0.008135 0.019197
0.008132 0.010890
0.008128 0.012698
0.008122 0.008166
0.008116 0.010702
0.008115 0.009397
0.008114 0.009162
0.008110 0.009930
0.008109 0.008942
0.008091 0.011001
0.008089 0.008308
0.008082 0.009707
0.008081 0.011158
0.008079 0.009561
0.008077 0.009241
0.008077 0.009198
0.008076 0.013403
0.008062 0.017429
0.008059 0.008823
0.008055 0.008806
0.008054 0.008585
0.008049 0.008628
0.008048 0.008311
0.008046 0.008398
0.008044 0.008833
0.008043 0.016065
0.008042 0.008435
0.008040 0.010926
0.008035 0.009541
0.008032 0.008467
0.008032 0.009398
0.008030 0.017048
0.008029 0.013308
0.008028 0.010974
0.008027 0.009946
0.008023 0.009654
0.008010 0.010313
0.008005 0.009670
0.008003 0.009748
0.007999 0.009033
0.007999 0.009084
0.007998 0.008983
0.007991 0.008614
0.007988 0.008766
0.007983 0.008112
0.007981 0.009242
0.007981 0.008714
0.007980 0.007992
0.007979 0.009055
0.007958 0.008062
0.007957 0.008441
0.007948 0.008079
0.007946 0.008077
0.007945 0.009005
0.007942 0.014078
0.007942 0.009309
0.007939 0.008512
0.007930 0.008213
0.007928 0.008812
0.007928 0.008640
0.007924 0.010965
0.007921 0.010270
0.007914 0.009889
0.007910 0.012523
0.007909 0.009429
0.007908 0.009011
0.007900 0.008657
0.007899 0.010863
0.007896 0.010341
0.007892 0.010783
0.007888 0.013174
0.007886 0.008626
0.007883 0.010026
0.007882 0.008672
0.007881 0.008972
0.007881 0.008896
0.007880 0.009903
0.007877 0.008166
0.007874 0.010300
0.007871 0.009977
0.007870 0.011622
0.007855 0.011559
0.007854 0.014630
0.007847 0.007915
0.007845 0.007926
0.007844 0.008189
0.007842 0.010809
0.007836 0.007863
0.007832 0.011902
0.007828 0.008395
0.007822 0.008178
0.007821 0.009789
0.007820 0.010449
0.007817 0.009822
0.007807 0.010908
0.007805 0.008232
0.007805 0.014530
0.007803 0.008229
0.007793 0.008283
0.007793 0.007884
0.007792 0.011453
0.007791 0.007830
0.007789 0.008928
0.007782 0.007918
0.007776 0.014591
0.007774 0.009286
0.007764 0.009599
0.007764 0.008749
0.007756 0.009209
0.007756 0.008804
0.007753 0.009064
0.007751 0.008598
0.007750 0.008568
0.007746 0.010125
0.007739 0.009744
0.007723 0.009281
0.007722 0.011241
0.007722 0.008205
0.007720 0.008657
0.007715 0.007906
0.007713 0.009091
0.007709 0.010511
0.007707 0.011412
0.007707 0.015945
0.007704 0.011034
0.007699 0.011958
0.007699 0.007822
0.007694 0.008731
0.007694 0.008913
0.007685 0.009296
0.007680 0.007825
0.007679 0.013104
0.007672 0.012235
0.007671 0.008148
0.007671 0.007683
0.007668 0.009191
0.007663 0.009880
0.007661 0.008563
0.007648 0.008489
0.007647 0.010868
0.007647 0.011310
0.007640 0.007906
0.007638 0.007691
0.007636 0.008520
0.007632 0.008022
0.007631 0.013981
0.007631 0.010701
0.007624 0.007926
0.007622 0.007834
0.007615 0.009447
0.007612 0.012200
0.007604 0.012590
0.007603 0.008578
0.007592 0.012138
0.007588 0.009436
0.007584 0.008837
0.007583 0.012052
0.007579 0.008712
0.007575 0.013837
0.007560 0.011407
0.007558 0.008034
0.007552 0.008382
0.007552 0.007809
0.007547 0.007732
0.007545 0.007683
0.007544 0.008449
0.007539 0.008611
0.007538 0.008086
0.007538 0.010212
0.007537 0.007573
0.007536 0.013992
0.007535 0.008490
0.007534 0.009159
0.007527 0.016287
0.007526 0.009515
0.007522 0.007540
0.007521 0.012442
0.007520 0.008296
0.007519 0.010686
0.007515 0.009432
0.007513 0.007714
0.007510 0.009662
0.007508 0.008376
0.007507 0.015842
0.007506 0.007649
0.007499 0.011930
0.007498 0.008138
0.007494 0.014679
0.007491 0.007920
0.007491 0.007527
0.007488 0.015502
0.007477 0.008861
0.007474 0.008852
0.007472 0.012937
0.007469 0.008413
0.007464 0.010793
0.007462 0.008320
0.007462 0.010386
0.007461 0.008958
0.007460 0.008427
0.007459 0.010604
0.007459 0.011350
0.007449 0.010388
0.007440 0.007584
0.007440 0.007471
0.007437 0.011149
0.007434 0.008161
0.007432 0.009493
0.007429 0.009677
0.007426 0.008568
0.007424 0.007551
0.007423 0.018071
0.007420 0.010796
0.007417 0.010779
0.007414 0.007846
0.007413 0.007662
0.007402 0.007762
0.007399 0.010942
0.007393 0.008500
0.007386 0.007530
0.007385 0.007796
0.007384 0.009614
0.007378 0.013240
0.007376 0.007486
0.007371 0.010022
0.007371 0.007691
0.007369 0.007381
0.007369 0.007443
0.007360 0.010834
0.007358 0.010106
0.007357 0.012399
0.007355 0.008294
0.007346 0.008340
0.007334 0.009885
0.007331 0.008115
0.007326 0.009025
0.007323 0.007948
0.007316 0.011496
0.007315 0.007467
0.007308 0.007417
0.007308 0.008245
0.007305 0.009809
0.007301 0.009209
0.007290 0.010272
0.007290 0.012793
0.007287 0.008124
0.007286 0.007873
0.007280 0.008948
0.007278 0.013854
0.007272 0.008386
0.007268 0.008397
0.007266 0.007299
0.007263 0.008289
0.007251 0.008015
0.007251 0.007382
0.007244 0.007999
0.007240 0.009093
0.007234 0.007258
0.007229 0.009823
0.007228 0.009894
0.007226 0.009098
0.007225 0.010685
0.007224 0.007986
0.007218 0.007439
0.007218 0.007405
0.007217 0.009126
0.007216 0.009997
0.007211 0.008416
0.007208 0.008478
0.007207 0.007304
0.007205 0.007894
0.007201 0.007562
0.007198 0.011223
0.007198 0.009162
0.007193 0.011349
0.007185 0.009239
0.007182 0.010272
0.007175 0.008855
0.007167 0.011614
0.007166 0.009660
0.007163 0.007906
0.007162 0.008849
0.007161 0.010520
0.007160 0.008591
0.007158 0.007688
0.007147 0.007639
0.007144 0.010348
0.007118 0.007735
0.007114 0.007705
0.007113 0.007970
0.007108 0.009320
0.007105 0.009871
0.007105 0.007618
0.007101 0.007908
0.007086 0.007575
0.007083 0.007277
0.007083 0.007738
0.007082 0.012530
0.007080 0.008913
0.007079 0.008300
0.007079 0.010828
0.007076 0.010221
0.007073 0.007337
0.007069 0.007240
0.007068 0.007666
0.007063 0.010901
0.007063 0.007067
0.007059 0.007955
0.007057 0.009458
0.007056 0.010922
0.007048 0.007525
0.007046 0.009882
0.007046 0.013481
0.007031 0.008483
0.007030 0.008936
0.007022 0.008131
0.007021 0.011236
0.007015 0.008877
0.007015 0.011973
0.007014 0.008080
0.007012 0.009496
0.007009 0.007497
0.007009 0.009871
0.007008 0.009880
0.007003 0.012709
0.007002 0.013420
0.007001 0.009997
0.006999 0.007485
0.006994 0.009525
0.006991 0.011990
0.006989 0.007604
0.006988 0.008720
0.006987 0.009716
0.006982 0.007919
0.006973 0.007358
0.006969 0.007129
0.006964 0.010071
0.006964 0.007681
0.006964 0.008566
0.006959 0.007099
0.006951 0.007545
0.006949 0.007099
0.006948 0.011588
0.006946 0.007188
0.006931 0.007200
0.006920 0.007824
0.006915 0.008215
0.006914 0.010066
0.006913 0.008723
0.006913 0.009647
0.006913 0.011700
0.006912 0.006949
0.006910 0.007999
0.006908 0.007607
0.006906 0.008641
0.006903 0.006983
0.006890 0.013188
0.006889 0.017751
0.006887 0.007692
0.006884 0.007756
0.006879 0.009178
0.006879 0.008788
0.006878 0.009724
0.006875 0.007763
0.006870 0.007812
0.006867 0.008323
0.006861 0.008847
0.006860 0.007040
0.006857 0.006997
0.006853 0.015751
0.006850 0.007823
0.006847 0.007139
0.006847 0.006922
0.006846 0.007114
0.006845 0.013582
0.006834 0.007161
0.006833 0.009993
0.006828 0.010996
0.006826 0.008618
0.006818 0.011402
0.006812 0.011963
0.006812 0.011884
0.006807 0.007759
0.006807 0.008000
0.006807 0.007756
0.006804 0.007664
0.006800 0.010582
0.006799 0.007418
0.006797 0.008623
0.006794 0.006821
0.006793 0.007008
0.006787 0.008025
0.006786 0.007835
0.006782 0.008093
0.006779 0.007184
0.006776 0.008542
0.006775 0.010325
0.006774 0.009547
0.006771 0.013716
0.006768 0.006829
0.006767 0.006832
0.006765 0.007003
0.006754 0.012689
0.006747 0.009251
0.006742 0.007387
0.006741 0.009650
0.006741 0.008649
0.006740 0.010179
0.006739 0.007192
0.006727 0.012454
0.006727 0.009072
0.006726 0.006994
0.006722 0.009723
0.006720 0.007159
0.006717 0.008093
0.006716 0.007456
0.006708 0.007679
0.006706 0.007662
0.006702 0.006804
0.006700 0.007797
0.006699 0.008005
0.006698 0.007025
0.006694 0.010972
0.006693 0.006913
0.006693 0.006809
0.006689 0.013666
0.006684 0.009055
0.006676 0.009312
0.006668 0.008198
0.006668 0.009088
0.006668 0.009434
0.006664 0.007350
0.006663 0.008111
0.006662 0.008177
0.006661 0.007441
0.006659 0.010400
0.006657 0.006934
0.006654 0.009840
0.006652 0.006860
0.006651 0.007571
0.006649 0.008127
0.006649 0.009457
0.006647 0.011049
0.006643 0.007950
0.006643 0.007351
0.006638 0.010047
0.006634 0.007094
0.006627 0.007401
0.006624 0.008250
0.006622 0.010954
0.006619 0.008904
0.006617 0.007828
0.006615 0.007405
0.006613 0.007937
0.006612 0.006698
0.006610 0.009079
0.006600 0.013175
0.006597 0.009141
0.006584 0.007015
0.006583 0.007404
0.006583 0.008327
0.006579 0.009162
0.006578 0.011923
0.006578 0.007212
0.006571 0.008418
0.006563 0.008235
0.006560 0.006630
0.006559 0.008973
0.006553 0.009244
0.006544 0.006757
0.006534 0.009278
0.006529 0.006735
0.006528 0.012753
0.006525 0.006812
0.006524 0.006585
0.006523 0.007953
0.006511 0.011930
0.006506 0.012087
0.006499 0.007401
0.006498 0.006965
0.006498 0.008684
0.006494 0.008049
0.006493 0.007684
0.006484 0.010531
0.006482 0.014885
0.006468 0.006615
0.006462 0.007618
0.006457 0.006731
0.006453 0.007339
0.006451 0.008299
0.006448 0.007154
0.006445 0.014011
0.006438 0.011521
0.006429 0.006631
0.006429 0.006485
0.006428 0.006772
0.006414 0.006981
0.006411 0.006670
0.006407 0.013932
0.006403 0.008091
0.006402 0.007831
0.006400 0.006630
0.006398 0.006748
0.006397 0.008937
0.006383 0.008100
0.006381 0.006906
0.006370 0.006974
0.006367 0.008996
0.006363 0.006909
0.006363 0.006533
0.006355 0.012026
0.006354 0.010561
0.006353 0.010102
0.006352 0.009351
0.006351 0.006432
0.006350 0.006837
0.006346 0.011891
0.006342 0.009844
0.006332 0.009771
0.006330 0.009248
0.006324 0.007987
0.006323 0.006916
0.006322 0.012136
0.006321 0.007010
0.006315 0.006601
0.006312 0.009138
0.006310 0.006743
0.006306 0.015496
0.006305 0.007582
0.006299 0.007183
0.006296 0.007148
0.006296 0.006764
0.006285 0.007725
0.006284 0.008073
0.006284 0.006554
0.006281 0.007469
0.006280 0.006674
0.006270 0.006623
0.006269 0.009876
0.006266 0.006793
0.006258 0.007310
0.006258 0.009685
0.006255 0.016364
0.006253 0.006496
0.006252 0.009129
0.006239 0.007039
0.006229 0.008271
0.006226 0.009329
0.006225 0.007563
0.006222 0.006247
0.006221 0.006300
0.006218 0.008422
0.006217 0.006624
0.006215 0.007648
0.006213 0.008016
0.006213 0.010942
0.006209 0.008487
0.006209 0.006745
0.006194 0.010157
0.006187 0.008490
0.006186 0.008588
0.006181 0.011254
0.006172 0.006779
0.006172 0.006940
0.006167 0.009223
0.006163 0.006947
0.006163 0.008021
0.006156 0.006730
0.006152 0.006469
0.006148 0.006457
0.006147 0.008947
0.006146 0.006649
0.006143 0.010156
0.006142 0.008331
0.006136 0.006313
0.006134 0.007157
0.006133 0.007395
0.006131 0.009935
0.006131 0.007571
0.006127 0.007738
0.006126 0.006155
0.006125 0.009405
0.006121 0.006204
0.006120 0.008203
0.006118 0.006357
0.006116 0.006217
0.006116 0.006423
0.006116 0.006547
0.006108 0.009453
0.006107 0.008266
0.006099 0.006150
0.006090 0.012648
0.006088 0.007436
0.006087 0.006404
0.006086 0.006096
0.006085 0.007863
0.006084 0.006100
0.006072 0.007852
0.006069 0.006870
0.006069 0.014604
0.006059 0.006441
0.006058 0.012087
0.006053 0.012464
0.006051 0.009845
0.006050 0.006461
0.006046 0.007084
0.006043 0.006100
0.006041 0.006383
0.006040 0.007816
0.006040 0.007206
0.006039 0.012270
0.006035 0.010134
0.006033 0.007349
0.006029 0.008155
0.006012 0.007399
0.006008 0.007650
0.006005 0.006122
0.006003 0.006136
0.006001 0.006068
0.005999 0.009796
0.005999 0.006152
0.005994 0.007719
0.005989 0.013789
0.005985 0.010145
0.005984 0.006295
0.005984 0.010896
0.005983 0.010313
0.005983 0.008702
0.005982 0.009477
0.005979 0.014264
0.005979 0.005987
0.005977 0.006871
0.005974 0.009708
0.005973 0.009647
0.005964 0.008650
0.005960 0.006481
0.005953 0.007928
0.005947 0.006795
0.005947 0.008411
0.005937 0.011458
0.005936 0.006644
0.005927 0.010315
0.005925 0.005951
0.005921 0.006207
0.005921 0.007173
0.005915 0.008842
0.005912 0.007572
0.005912 0.005943
0.005906 0.008064
0.005900 0.007489
0.005893 0.009263
0.005890 0.006175
0.005886 0.006399
0.005885 0.007042
0.005885 0.007207
0.005884 0.006361
0.005880 0.009889
0.005880 0.007422
0.005874 0.008608
0.005868 0.006674
0.005866 0.007120
0.005865 0.006620
0.005862 0.011267
0.005862 0.006027
0.005857 0.006063
0.005853 0.006783
0.005843 0.006194
0.005842 0.005947
0.005835 0.007321
0.005831 0.006692
0.005808 0.006800
0.005808 0.007378
0.005807 0.011838
0.005798 0.006028
0.005792 0.005995
0.005778 0.007850
0.005777 0.007884
0.005776 0.009504
0.005776 0.006539
0.005775 0.007364
0.005774 0.007849
0.005772 0.007788
0.005768 0.005782
0.005765 0.008549
0.005733 0.008296
0.005731 0.005789
0.005725 0.008310
0.005725 0.005768
0.005725 0.006514
0.005724 0.006414
0.005717 0.007270
0.005707 0.007585
0.005706 0.011159
0.005701 0.006373
0.005685 0.010727
0.005683 0.010449
0.005678 0.006881
0.005678 0.007384
0.005673 0.009290
0.005673 0.005955
0.005665 0.007994
0.005665 0.006100
0.005664 0.008905
0.005662 0.005767
0.005646 0.005853
0.005646 0.008656
0.005643 0.009884
0.005639 0.007088
0.005633 0.006673
0.005630 0.008133
0.005629 0.005764
0.005629 0.005685
0.005626 0.008780
0.005624 0.005871
0.005624 0.005672
0.005618 0.005803
0.005616 0.006298
0.005614 0.005813
0.005613 0.009597
0.005609 0.007167
0.005607 0.009496
0.005606 0.007593
0.005606 0.006599
0.005603 0.007912
0.005602 0.006724
0.005602 0.006663
0.005602 0.010208
0.005592 0.006379
0.005591 0.005739
0.005590 0.005873
0.005583 0.008320
0.005569 0.006866
0.005564 0.005941
0.005562 0.006812
0.005560 0.005761
0.005560 0.007221
0.005558 0.008799
0.005556 0.006060
0.005554 0.007539
0.005552 0.005913
0.005551 0.007985
0.005546 0.005593
0.005542 0.007462
0.005533 0.013194
0.005530 0.006903
0.005526 0.010104
0.005524 0.007314
0.005522 0.005805
0.005516 0.006790
0.005516 0.006364
0.005509 0.006704
0.005502 0.007088
0.005499 0.006273
0.005488 0.008004
0.005487 0.007807
0.005485 0.006485
0.005485 0.012466
0.005484 0.005570
0.005478 0.006143
0.005472 0.005554
0.005471 0.006546
0.005470 0.007446
0.005468 0.006205
0.005467 0.006976
0.005466 0.007634
0.005456 0.005898
0.005447 0.005978
0.005445 0.011364
0.005439 0.005698
0.005439 0.008178
0.005437 0.005833
0.005436 0.006221
0.005431 0.006577
0.005431 0.008400
0.005425 0.008869
0.005421 0.005431
0.005419 0.009250
0.005416 0.006231
0.005412 0.008036
0.005408 0.010339
0.005398 0.005631
0.005391 0.007459
0.005390 0.005517
0.005380 0.008826
0.005374 0.007797
0.005371 0.006954
0.005370 0.008894
0.005359 0.005519
0.005359 0.007599
0.005358 0.005507
0.005351 0.006915
0.005350 0.012288
0.005349 0.010524
0.005346 0.006521
0.005345 0.008183
0.005339 0.005594
0.005324 0.007636
0.005323 0.005518
0.005309 0.007343
0.005306 0.010671
0.005297 0.005903
0.005290 0.007680
0.005284 0.008733
0.005281 0.005488
0.005277 0.006610
0.005268 0.007310
0.005267 0.007197
0.005266 0.005527
0.005264 0.005635
0.005254 0.005696
0.005252 0.008238
0.005248 0.007229
0.005246 0.005675
0.005243 0.006580
0.005242 0.006764
0.005241 0.005439
0.005228 0.005987
0.005226 0.006206
0.005222 0.012776
0.005221 0.008668
0.005221 0.005863
0.005218 0.005274
0.005204 0.006594
0.005202 0.005775
0.005193 0.006679
0.005182 0.005794
0.005181 0.006477
0.005168 0.005851
0.005168 0.007584
0.005165 0.005409
0.005158 0.005256
0.005156 0.006129
0.005134 0.005742
0.005121 0.006254
0.005119 0.005982
0.005112 0.005364
0.005094 0.007653
0.005092 0.008304
0.005080 0.006033
0.005078 0.005699
0.005076 0.007390
0.005069 0.005125
0.005067 0.005387
0.005066 0.006206
0.005066 0.005094
0.005061 0.010458
0.005061 0.006680
0.005053 0.005641
0.005051 0.005444
0.005044 0.006766
0.005040 0.005069
0.005037 0.006384
0.005034 0.005203
0.005026 0.007711
0.005025 0.006370
0.005022 0.006041
0.005022 0.005480
0.005016 0.005695
0.005016 0.005149
0.005006 0.006078
0.004994 0.005107
0.004974 0.007812
0.004973 0.005226
0.004972 0.005244
0.004961 0.005301
0.004959 0.008974
0.004957 0.004991
0.004948 0.005872
0.004944 0.004971
0.004943 0.005598
0.004939 0.005155
0.004938 0.005070
0.004929 0.004942
0.004924 0.005187
0.004923 0.009668
0.004923 0.005243
0.004923 0.006181
0.004921 0.004986
0.004916 0.005133
0.004915 0.005288
0.004912 0.010629
0.004911 0.005614
0.004908 0.006887
0.004904 0.006823
0.004901 0.005222
0.004897 0.007286
0.004896 0.005434
0.004891 0.005384
0.004887 0.006698
0.004887 0.005020
0.004869 0.005380
0.004866 0.005418
0.004865 0.005045
0.004850 0.005298
0.004839 0.009992
0.004836 0.006306
0.004823 0.005123
0.004815 0.005449
0.004810 0.006783
0.004801 0.005412
0.004795 0.006741
0.004794 0.006339
0.004790 0.004837
0.004773 0.006940
0.004752 0.005590
0.004750 0.005349
0.004748 0.005116
0.004748 0.006865
0.004741 0.005690
0.004739 0.005994
0.004736 0.006565
0.004714 0.004728
0.004710 0.004728
0.004706 0.007758
0.004705 0.004867
0.004704 0.004996
0.004685 0.004969
0.004683 0.004987
0.004679 0.005194
0.004670 0.005561
0.004664 0.004673
0.004654 0.004822
0.004653 0.005156
0.004651 0.005620
0.004639 0.006818
0.004638 0.006303
0.004637 0.005415
0.004631 0.004717
0.004630 0.005866
0.004630 0.005568
0.004627 0.004909
0.004625 0.006778
0.004624 0.005998
0.004622 0.005198
0.004620 0.005045
0.004618 0.005384
0.004614 0.005320
0.004612 0.004729
0.004610 0.004633
0.004605 0.004631
0.004598 0.006057
0.004592 0.004705
0.004586 0.005403
0.004580 0.005029
0.004577 0.007301
0.004575 0.005550
0.004573 0.004957
0.004556 0.006418
0.004548 0.005406
0.004546 0.004782
0.004541 0.010060
0.004531 0.005033
0.004523 0.005261
0.004522 0.004548
0.004516 0.004676
0.004515 0.004810
0.004505 0.005975
0.004491 0.004888
0.004489 0.004736
0.004485 0.006942
0.004484 0.005221
0.004474 0.005023
0.004457 0.004808
0.004452 0.004767
0.004452 0.005950
0.004449 0.005440
0.004446 0.005415
0.004445 0.005962
0.004433 0.005019
0.004419 0.004714
0.004400 0.004777
0.004381 0.004490
0.004371 0.006247
0.004361 0.005021
0.004343 0.005121
0.004337 0.004864
0.004330 0.007726
0.004329 0.006298
0.004316 0.004453
0.004314 0.004336
0.004305 0.005574
0.004304 0.004869
0.004294 0.004431
0.004289 0.005472
0.004288 0.005749
0.004253 0.004457
0.004248 0.004375
0.004238 0.004596
0.004238 0.004289
0.004237 0.004315
0.004233 0.006307
0.004232 0.004362
0.004220 0.004361
0.004216 0.005564
0.004215 0.004654
0.004198 0.004641
0.004194 0.005067
0.004194 0.004313
0.004191 0.004292
0.004190 0.004866
0.004189 0.004341
0.004176 0.004246
0.004174 0.005273
0.004166 0.006309
0.004165 0.006317
0.004159 0.004336
0.004153 0.006582
0.004152 0.005666
0.004151 0.004738
0.004147 0.005120
0.004107 0.007643
0.004090 0.004460
0.004089 0.005083
0.004084 0.004246
0.004072 0.004567
0.004069 0.005171
0.004069 0.004953
0.004038 0.004608
0.004028 0.005697
0.004028 0.006089
0.004025 0.004509
0.004002 0.004078
0.003999 0.004401
0.003938 0.005051
0.003935 0.004343
0.003933 0.004050
0.003932 0.004181
0.003929 0.004244
0.003927 0.005180
0.003921 0.005055
0.003911 0.005237
0.003900 0.004006
0.003899 0.004021
0.003898 0.003974
0.003889 0.004709
0.003887 0.003943
0.003886 0.003915
0.003882 0.004688
0.003873 0.003894
0.003871 0.004270
0.003860 0.004671
0.003843 0.004746
0.003840 0.003889
0.003821 0.003910
0.003821 0.005031
0.003816 0.004134
0.003790 0.004020
0.003771 0.003980
0.003767 0.005042
0.003756 0.003973
0.003742 0.004506
0.003716 0.004465
0.003709 0.004141
0.003693 0.004698
0.003691 0.003927
0.003634 0.005772
0.003598 0.005505
0.003598 0.003768
0.003591 0.003761
0.003590 0.004227
0.003575 0.003819
0.003575 0.004688
0.003571 0.005241
0.003549 0.007046
0.003487 0.007840
0.003471 0.003879
0.003464 0.003681
0.003463 0.003565
0.003455 0.003521
0.003451 0.004022
0.003435 0.003834
0.003426 0.006009
0.003412 0.004048
0.003411 0.004936
0.003400 0.003632
0.003353 0.003855
0.003299 0.004221
0.003259 0.003987
0.003256 0.003363
0.003228 0.003881
0.003224 0.003229
0.003188 0.003202
0.003171 0.003551
0.003134 0.003426
0.003127 0.003911
0.003070 0.003177
0.003053 0.003102
0.002926 0.003334
0.002784 0.002898
0.002758 0.003110
0.002738 0.002956
0.002610 0.004287
0.002413 0.002803
0.002245 0.002359
0.002165 0.002398
0.001938 0.002079
0.001859 0.002019
0.001646 0.001780
