0.343392 0.347474
0.336643 0.336820
0.157781 0.159261
0.139264 0.141720
0.135727 0.146649
0.128614 0.135981
0.109804 0.121766
0.098418 0.101213
0.091137 0.093902
0.076179 0.105058
0.075212 0.083461
0.073448 0.083222
0.072914 0.107308
0.064260 0.065581
0.063670 0.067821
0.062896 0.064684
0.062681 0.079362
0.060753 0.069883
0.060079 0.062274
0.059113 0.060124
0.056887 0.057377
0.055897 0.068346
0.055175 0.055282
0.054138 0.056913
0.052079 0.060914
0.051374 0.053504
0.051150 0.051469
0.049246 0.050664
0.049005 0.050490
0.048721 0.066589
0.048584 0.065562
0.048581 0.051214
0.048053 0.053128
0.047233 0.047458
0.046746 0.047042
0.046470 0.053610
0.046341 0.049602
0.045820 0.079622
0.045550 0.046766
0.045006 0.049018
0.044856 0.061061
0.044780 0.049501
0.044640 0.049445
0.044337 0.047658
0.044227 0.086946
0.044100 0.048096
0.043367 0.044411
0.043225 0.045790
0.042910 0.052674
0.042907 0.050816
0.042530 0.062903
0.042202 0.063117
0.042196 0.050857
0.042181 0.042628
0.042058 0.044626
0.041454 0.064637
0.041397 0.045287
0.040501 0.044457
0.040407 0.045675
0.040026 0.040732
0.039992 0.041177
0.039985 0.043627
0.039934 0.050614
0.039758 0.043353
0.039648 0.042205
0.039592 0.051992
0.039567 0.043664
0.039469 0.050401
0.039357 0.040250
0.039159 0.074477
0.038851 0.046250
0.038691 0.063894
0.038357 0.065695
0.038326 0.047828
0.038123 0.038838
0.038089 0.041177
0.038068 0.045902
0.038051 0.042034
0.037967 0.049160
0.037880 0.038087
0.037788 0.047879
0.037644 0.041647
0.037398 0.053204
0.037359 0.041548
0.037092 0.044521
0.036943 0.037947
0.036501 0.038469
0.036446 0.036820
0.036418 0.036879
0.036282 0.040396
0.036240 0.045016
0.035880 0.043695
0.035842 0.059525
0.035770 0.044240
0.035624 0.038235
0.035593 0.040909
0.035571 0.041650
0.035331 0.035628
0.035306 0.044240
0.035169 0.036512
0.034941 0.037549
0.034700 0.040428
0.034620 0.045507
0.034592 0.035454
0.034516 0.044363
0.034453 0.041274
0.034395 0.048705
0.034192 0.038167
0.033866 0.034655
0.033624 0.036314
0.033529 0.038009
0.033502 0.037941
0.033477 0.036914
0.033395 0.087386
0.033392 0.040830
0.033266 0.034051
0.033234 0.035706
0.033219 0.034115
0.033084 0.038720
0.033036 0.035463
0.032803 0.038669
0.032652 0.035203
0.032513 0.045619
0.032389 0.033907
0.032156 0.045575
0.032135 0.044382
0.032005 0.048495
0.031927 0.059551
0.031589 0.038913
0.031550 0.031997
0.031351 0.034841
0.031282 0.033433
0.031198 0.035336
0.031185 0.031931
0.031155 0.041725
0.030983 0.038577
0.030834 0.048823
0.030622 0.030932
0.030486 0.034086
0.030403 0.046429
0.030317 0.036987
0.030220 0.041223
0.029847 0.042568
0.029820 0.030903
0.029717 0.034778
0.029689 0.030000
0.029412 0.029622
0.029367 0.041513
0.029247 0.035501
0.029203 0.029632
0.029157 0.038228
0.029051 0.031737
0.028876 0.029365
0.028868 0.029664
0.028829 0.034988
0.028805 0.031625
0.028797 0.037837
0.028777 0.029327
0.028662 0.031514
0.028581 0.034642
0.028392 0.030223
0.028384 0.029172
0.028374 0.040408
0.028275 0.030275
0.028216 0.044346
0.028137 0.029474
0.028128 0.034680
0.028101 0.043921
0.028093 0.044586
0.028010 0.028499
0.027972 0.032222
0.027908 0.030276
0.027848 0.028311
0.027810 0.032003
0.027725 0.037053
0.027670 0.067571
0.027604 0.027789
0.027591 0.034904
0.027488 0.044660
0.027403 0.029500
0.027365 0.039625
0.027306 0.031925
0.027210 0.030604
0.027177 0.045425
0.027120 0.034226
0.027116 0.043587
0.027105 0.031313
0.026940 0.030585
0.026896 0.087247
0.026832 0.048760
0.026776 0.039884
0.026692 0.031390
0.026650 0.035045
0.026645 0.030213
0.026630 0.027089
0.026568 0.027879
0.026519 0.042668
0.026448 0.027148
0.026426 0.043250
0.026334 0.030029
0.026304 0.032098
0.026294 0.026698
0.026286 0.027565
0.026245 0.036708
0.026177 0.043342
0.026171 0.045041
0.026167 0.047930
0.026132 0.032718
0.026079 0.028472
0.026009 0.033374
0.025957 0.027778
0.025911 0.037751
0.025892 0.033340
0.025859 0.049466
0.025838 0.028201
0.025786 0.036217
0.025779 0.026084
0.025755 0.043993
0.025668 0.026767
0.025555 0.026839
0.025526 0.025606
0.025358 0.026804
0.025267 0.026326
0.025135 0.036433
0.025111 0.041164
0.025060 0.025627
0.024929 0.025857
0.024773 0.032752
0.024771 0.038560
0.024723 0.025258
0.024638 0.025861
0.024626 0.030751
0.024561 0.043291
0.024558 0.040293
0.024537 0.030970
0.024502 0.025393
0.024476 0.028937
0.024437 0.025091
0.024403 0.033846
0.024389 0.032508
0.024286 0.026236
0.024285 0.026355
0.024242 0.048207
0.024231 0.025045
0.024167 0.026648
0.024158 0.027677
0.024123 0.033477
0.024093 0.026662
0.024081 0.028108
0.024075 0.028799
0.024031 0.027926
0.023933 0.026217
0.023885 0.024856
0.023724 0.024444
0.023723 0.025196
0.023708 0.028528
0.023696 0.024220
0.023694 0.023713
0.023656 0.024637
0.023570 0.035978
0.023563 0.024459
0.023562 0.023567
0.023476 0.025320
0.023469 0.023722
0.023466 0.029945
0.023424 0.028656
0.023416 0.025340
0.023379 0.028570
0.023248 0.037251
0.023235 0.024498
0.023235 0.023359
0.023233 0.031239
0.023191 0.026113
0.023184 0.025575
0.023155 0.030576
0.023129 0.023171
0.023086 0.032433
0.023066 0.033657
0.023020 0.025081
0.023004 0.027017
0.022937 0.029481
0.022878 0.023086
0.022858 0.025968
0.022730 0.023317
0.022728 0.027049
0.022689 0.022951
0.022601 0.026246
0.022599 0.024639
0.022574 0.022915
0.022544 0.024725
0.022537 0.022783
0.022514 0.023372
0.022476 0.030460
0.022444 0.022624
0.022428 0.025724
0.022395 0.025101
0.022336 0.030792
0.022336 0.039658
0.022328 0.022569
0.022320 0.025928
0.022318 0.023717
0.022313 0.031877
0.022225 0.024775
0.022213 0.025066
0.022203 0.022303
0.022188 0.026511
0.022163 0.022498
0.022139 0.024287
0.022121 0.023003
0.022112 0.022635
0.022091 0.025171
0.022039 0.026441
0.021947 0.024390
0.021946 0.031873
0.021944 0.024253
0.021810 0.023941
0.021776 0.033038
0.021749 0.028156
0.021748 0.022959
0.021730 0.026883
0.021727 0.036508
0.021687 0.034258
0.021666 0.023163
0.021666 0.023433
0.021649 0.023872
0.021649 0.022451
0.021618 0.033256
0.021588 0.030526
0.021438 0.036713
0.021417 0.024040
0.021416 0.023872
0.021415 0.028721
0.021349 0.021593
0.021336 0.033390
0.021317 0.021649
0.021307 0.049569
0.021297 0.025282
0.021289 0.028085
0.021285 0.021609
0.021281 0.021409
0.021249 0.031146
0.021248 0.025193
0.021226 0.027555
0.021167 0.023800
0.021164 0.032072
0.021151 0.028510
0.021145 0.021157
0.021028 0.026130
0.021027 0.035352
0.020995 0.021609
0.020979 0.021472
0.020959 0.028571
0.020937 0.028969
0.020934 0.024602
0.020927 0.022206
0.020884 0.031415
0.020877 0.025281
0.020857 0.022992
0.020833 0.020908
0.020804 0.022890
0.020786 0.021497
0.020775 0.027955
0.020748 0.021285
0.020700 0.025963
0.020677 0.026070
0.020668 0.023212
0.020628 0.025160
0.020551 0.020953
0.020541 0.037281
0.020533 0.028036
0.020471 0.022343
0.020453 0.026167
0.020439 0.047185
0.020412 0.021215
0.020402 0.034926
0.020395 0.022326
0.020387 0.033898
0.020379 0.021942
0.020377 0.021013
0.020304 0.020936
0.020303 0.020969
0.020298 0.022934
0.020293 0.023227
0.020194 0.020702
0.020182 0.021669
0.020180 0.029661
0.020161 0.034141
0.020157 0.024828
0.020149 0.024892
0.020118 0.025656
0.020102 0.022148
0.020087 0.021150
0.020072 0.021047
0.020033 0.022143
0.020027 0.036113
0.020004 0.021735
0.019997 0.020331
0.019964 0.024289
0.019957 0.025224
0.019952 0.021199
0.019936 0.023286
0.019924 0.033919
0.019851 0.023509
0.019844 0.021436
0.019831 0.027748
0.019826 0.020253
0.019749 0.020641
0.019735 0.020951
0.019721 0.020476
0.019695 0.020188
0.019690 0.021246
0.019685 0.024616
0.019660 0.027351
0.019620 0.033324
0.019612 0.024476
0.019578 0.022321
0.019503 0.022598
0.019477 0.034066
0.019472 0.022502
0.019468 0.023311
0.019455 0.020214
0.019453 0.021976
0.019441 0.037783
0.019397 0.020515
0.019360 0.019804
0.019335 0.020514
0.019330 0.030466
0.019297 0.026035
0.019279 0.021459
0.019277 0.021692
0.019266 0.036591
0.019257 0.021262
0.019249 0.019908
0.019225 0.029195
0.019222 0.024913
0.019215 0.031129
0.019212 0.020594
0.019203 0.038413
0.019183 0.022464
0.019111 0.028386
0.019077 0.025829
0.019076 0.026808
0.019057 0.023406
0.019050 0.023362
0.019041 0.021502
0.019032 0.022496
0.018990 0.021840
0.018982 0.024548
0.018934 0.029974
0.018926 0.019428
0.018926 0.019562
0.018874 0.021839
0.018843 0.032533
0.018819 0.025628
0.018805 0.020309
0.018729 0.025183
0.018727 0.024278
0.018697 0.020602
0.018685 0.018823
0.018665 0.020858
0.018660 0.020575
0.018614 0.026346
0.018587 0.019751
0.018552 0.024038
0.018549 0.023335
0.018542 0.019519
0.018537 0.019243
0.018522 0.019110
0.018520 0.040083
0.018502 0.027525
0.018493 0.030380
0.018463 0.019975
0.018426 0.026593
0.018406 0.025620
0.018399 0.019340
0.018366 0.032844
0.018343 0.029165
0.018332 0.020249
0.018292 0.022409
0.018258 0.030369
0.018222 0.021954
0.018172 0.019918
0.018114 0.020267
0.018094 0.025954
0.018091 0.019825
0.018025 0.020908
0.018004 0.031102
0.017982 0.019194
0.017959 0.019126
0.017953 0.022564
0.017878 0.019906
0.017853 0.034825
0.017841 0.018061
0.017838 0.037470
0.017834 0.018053
0.017818 0.018367
0.017784 0.024483
0.017758 0.020722
0.017716 0.030293
0.017696 0.030194
0.017642 0.021203
0.017614 0.018597
0.017603 0.027401
0.017599 0.018725
0.017575 0.040502
0.017541 0.017669
0.017528 0.018308
0.017473 0.018364
0.017464 0.022277
0.017447 0.017556
0.017338 0.025845
0.017308 0.017354
0.017284 0.018565
0.017278 0.017650
0.017225 0.019458
0.017200 0.017758
0.017146 0.024864
0.017136 0.018562
0.017128 0.021101
0.017125 0.020742
0.017113 0.018724
0.017108 0.019166
0.017082 0.023138
0.017067 0.020048
0.017065 0.017531
0.017050 0.017316
0.017044 0.017318
0.017003 0.025787
0.016924 0.019269
0.016919 0.029923
0.016898 0.017602
0.016880 0.017135
0.016879 0.021039
0.016873 0.018891
0.016856 0.017491
0.016847 0.017900
0.016830 0.018102
0.016793 0.025480
0.016778 0.025262
0.016764 0.023051
0.016693 0.022215
0.016668 0.021254
0.016632 0.021571
0.016622 0.037143
0.016613 0.020132
0.016611 0.028612
0.016601 0.019372
0.016598 0.017902
0.016589 0.017685
0.016550 0.017031
0.016505 0.024700
0.016475 0.019542
0.016462 0.023437
0.016438 0.036627
0.016426 0.016847
0.016413 0.016617
0.016381 0.025330
0.016322 0.018179
0.016243 0.024119
0.016235 0.017044
0.016195 0.016460
0.016192 0.016218
0.016191 0.027722
0.016180 0.019876
0.016165 0.020586
0.016148 0.016149
0.016092 0.016480
0.016073 0.025382
0.016067 0.024537
0.016019 0.016337
0.016014 0.020591
0.016010 0.019472
0.016009 0.016249
0.016008 0.020741
0.015966 0.018508
0.015954 0.016398
0.015913 0.019454
0.015906 0.017196
0.015874 0.017331
0.015844 0.021855
0.015841 0.015878
0.015816 0.021501
0.015807 0.017790
0.015798 0.020350
0.015721 0.030046
0.015714 0.016928
0.015676 0.018079
0.015667 0.034599
0.015664 0.018195
0.015659 0.016468
0.015654 0.018021
0.015592 0.030743
0.015589 0.033803
0.015555 0.015901
0.015537 0.021877
0.015529 0.018192
0.015520 0.015918
0.015511 0.018723
0.015499 0.021856
0.015485 0.023697
0.015463 0.030348
0.015425 0.021976
0.015416 0.021978
0.015412 0.025140
0.015372 0.016262
0.015365 0.019298
0.015319 0.018661
0.015305 0.021411
0.015277 0.018155
0.015217 0.022611
0.015209 0.022442
0.015185 0.020931
0.015164 0.018192
0.015141 0.026084
0.015110 0.015667
0.015103 0.021800
0.015091 0.032853
0.015072 0.024040
0.015068 0.016486
0.015003 0.022345
0.014981 0.016228
0.014980 0.017363
0.014964 0.022204
0.014950 0.016822
0.014946 0.015924
0.014940 0.017259
0.014937 0.024169
0.014901 0.018062
0.014871 0.016106
0.014867 0.018489
0.014860 0.017513
0.014830 0.016956
0.014825 0.019409
0.014794 0.015742
0.014738 0.015698
0.014726 0.017927
0.014699 0.017363
0.014668 0.017636
0.014649 0.020857
0.014629 0.020513
0.014574 0.015317
0.014550 0.016436
0.014546 0.020188
0.014490 0.016209
0.014458 0.020548
0.014443 0.015541
0.014436 0.018935
0.014323 0.016250
0.014320 0.024490
0.014251 0.014393
0.014219 0.015652
0.014181 0.017222
0.014123 0.017008
0.014108 0.014481
0.014075 0.019292
0.014043 0.016538
0.014035 0.014345
0.014018 0.018478
0.014013 0.024823
0.013988 0.015589
0.013979 0.016270
0.013978 0.016922
0.013967 0.016972
0.013966 0.023861
0.013957 0.016170
0.013953 0.018114
0.013945 0.018043
0.013932 0.015639
0.013927 0.016539
0.013921 0.020097
0.013915 0.017781
0.013905 0.014944
0.013883 0.020420
0.013878 0.019998
0.013866 0.015888
0.013865 0.014979
0.013828 0.014379
0.013804 0.022631
0.013793 0.019450
0.013763 0.014246
0.013761 0.014577
0.013737 0.017465
0.013722 0.019712
0.013716 0.016660
0.013710 0.016617
0.013681 0.015609
0.013662 0.016936
0.013645 0.014636
0.013630 0.016083
0.013605 0.014374
0.013597 0.013876
0.013595 0.013744
0.013586 0.014587
0.013584 0.016852
0.013574 0.014828
0.013554 0.017329
0.013545 0.013569
0.013495 0.014166
0.013489 0.013704
0.013478 0.016378
0.013476 0.015787
0.013466 0.028004
0.013459 0.015584
0.013453 0.026531
0.013450 0.014995
0.013448 0.025310
0.013407 0.013847
0.013402 0.016323
0.013386 0.014434
0.013362 0.016771
0.013322 0.013530
0.013149 0.017789
0.013149 0.014599
0.013147 0.017057
0.013115 0.016671
0.013106 0.022206
0.013100 0.014517
0.013085 0.016870
0.013084 0.013384
0.013052 0.016512
0.013051 0.013100
0.013050 0.015721
0.013037 0.013042
0.013028 0.013164
0.013003 0.013661
0.012993 0.014972
0.012976 0.020182
0.012969 0.013866
0.012920 0.013329
0.012903 0.013681
0.012884 0.016675
0.012822 0.014036
0.012812 0.018507
0.012770 0.014055
0.012768 0.018022
0.012753 0.017622
0.012748 0.018308
0.012746 0.013329
0.012730 0.017404
0.012725 0.017392
0.012718 0.013555
0.012707 0.021406
0.012704 0.020567
0.012697 0.012725
0.012689 0.013962
0.012656 0.014195
0.012645 0.013883
0.012645 0.014415
0.012598 0.014774
0.012570 0.013946
0.012569 0.014425
0.012562 0.022017
0.012529 0.012593
0.012493 0.015030
0.012482 0.013222
0.012472 0.023472
0.012465 0.016190
0.012442 0.012875
0.012419 0.014385
0.012419 0.014558
0.012415 0.012699
0.012394 0.015098
0.012383 0.012562
0.012367 0.015056
0.012365 0.019905
0.012351 0.014331
0.012345 0.016582
0.012336 0.013156
0.012318 0.013552
0.012317 0.013258
0.012307 0.013931
0.012301 0.015628
0.012287 0.014341
0.012281 0.014676
0.012281 0.014753
0.012264 0.015533
0.012263 0.015371
0.012257 0.027927
0.012217 0.014053
0.012210 0.013537
0.012206 0.014551
0.012204 0.013126
0.012193 0.012411
0.012188 0.017859
0.012181 0.016130
0.012150 0.017147
0.012126 0.014977
0.012087 0.014221
0.012084 0.013677
0.012035 0.012431
0.012034 0.017384
0.012019 0.015295
0.012009 0.013466
0.012006 0.017585
0.011984 0.014256
0.011955 0.017844
0.011923 0.013087
0.011919 0.012515
0.011862 0.011868
0.011817 0.012718
0.011800 0.016268
0.011798 0.015487
0.011774 0.011803
0.011741 0.012724
0.011728 0.013338
0.011728 0.012137
0.011723 0.012540
0.011719 0.016256
0.011717 0.012074
0.011675 0.012095
0.011664 0.012276
0.011633 0.014815
0.011614 0.013283
0.011578 0.014693
0.011575 0.011848
0.011546 0.016027
0.011536 0.012787
0.011504 0.011783
0.011476 0.014374
0.011466 0.014511
0.011427 0.012478
0.011424 0.014406
0.011406 0.014013
0.011391 0.011424
0.011381 0.013893
0.011374 0.012756
0.011374 0.013254
0.011352 0.011717
0.011350 0.015026
0.011308 0.011363
0.011305 0.011958
0.011294 0.014352
0.011290 0.013398
0.011280 0.011835
0.011278 0.012032
0.011269 0.025063
0.011267 0.017066
0.011260 0.012980
0.011256 0.015522
0.011245 0.011619
0.011245 0.011425
0.011213 0.013000
0.011212 0.011536
0.011212 0.015697
0.011205 0.016470
0.011173 0.012431
0.011159 0.014623
0.011151 0.015512
0.011128 0.012596
0.011117 0.011918
0.011113 0.017819
0.011095 0.014485
0.011020 0.011053
0.011020 0.018447
0.011017 0.012166
0.011002 0.011009
0.011000 0.012382
0.010991 0.014136
0.010974 0.011726
0.010964 0.016398
0.010947 0.011245
0.010938 0.013979
0.010934 0.015785
0.010928 0.012827
0.010922 0.012177
0.010911 0.010997
0.010908 0.013777
0.010901 0.011186
0.010899 0.011681
0.010877 0.023936
0.010830 0.017426
0.010811 0.018615
0.010805 0.011223
0.010799 0.010817
0.010796 0.015882
0.010788 0.011455
0.010733 0.011748
0.010726 0.010761
0.010723 0.012987
0.010721 0.018409
0.010718 0.011614
0.010698 0.014743
0.010691 0.013574
0.010688 0.012220
0.010670 0.013499
0.010650 0.012787
0.010643 0.013842
0.010638 0.012334
0.010631 0.011782
0.010602 0.010897
0.010597 0.010885
0.010581 0.013946
0.010574 0.010607
0.010564 0.011983
0.010559 0.013211
0.010492 0.011026
0.010458 0.014792
0.010458 0.013974
0.010458 0.015135
0.010444 0.017596
0.010442 0.019424
0.010442 0.015759
0.010429 0.012039
0.010429 0.018679
0.010422 0.010438
0.010399 0.015623
0.010394 0.012001
0.010393 0.012579
0.010391 0.012839
0.010334 0.014300
0.010332 0.011824
0.010299 0.012754
0.010295 0.012742
0.010287 0.012552
0.010263 0.013957
0.010244 0.010534
0.010233 0.011007
0.010221 0.011881
0.010206 0.018966
0.010184 0.013821
0.010182 0.012968
0.010176 0.013253
0.010173 0.010839
0.010172 0.011808
0.010156 0.011956
0.010128 0.012362
0.010127 0.011686
0.010120 0.012963
0.010119 0.013756
0.010115 0.015661
0.010077 0.015114
0.010071 0.011259
0.010063 0.012538
0.010061 0.010390
0.010047 0.012217
0.010044 0.018143
0.010021 0.010641
0.010000 0.013785
0.009990 0.011378
0.009971 0.011130
0.009970 0.010355
0.009967 0.014435
0.009961 0.016227
0.009952 0.010671
0.009928 0.013091
0.009925 0.012119
0.009924 0.010411
0.009922 0.012191
0.009914 0.010450
0.009914 0.015287
0.009898 0.010716
0.009872 0.010121
0.009863 0.011283
0.009860 0.010472
0.009853 0.020786
0.009849 0.011127
0.009848 0.017032
0.009837 0.010307
0.009833 0.011188
0.009832 0.015277
0.009824 0.011533
0.009823 0.014980
0.009822 0.011457
0.009821 0.016944
0.009814 0.010199
0.009802 0.009832
0.009801 0.011834
0.009788 0.010216
0.009780 0.011024
0.009773 0.015910
0.009766 0.013935
0.009760 0.011522
0.009758 0.009863
0.009748 0.018534
0.009743 0.010317
0.009731 0.010285
0.009699 0.015250
0.009692 0.010171
0.009677 0.014414
0.009674 0.011292
0.009672 0.011749
0.009652 0.010568
0.009648 0.012736
0.009647 0.010050
0.009645 0.010741
0.009644 0.010914
0.009634 0.015734
0.009633 0.010335
0.009631 0.011479
0.009630 0.009651
0.009618 0.018996
0.009594 0.009651
0.009591 0.011613
0.009591 0.010782
0.009589 0.020244
0.009570 0.010757
0.009563 0.010546
0.009562 0.012876
0.009542 0.017913
0.009538 0.014610
0.009533 0.012631
0.009518 0.010510
0.009503 0.010587
0.009494 0.009644
0.009464 0.010096
0.009446 0.010650
0.009434 0.009836
0.009430 0.011207
0.009422 0.009469
0.009416 0.010129
0.009391 0.011944
0.009383 0.009406
0.009371 0.011518
0.009363 0.010013
0.009359 0.012052
0.009337 0.009434
0.009327 0.009902
0.009326 0.011468
0.009321 0.013649
0.009316 0.014701
0.009310 0.009699
0.009307 0.011731
0.009304 0.010384
0.009302 0.013643
0.009299 0.009912
0.009296 0.010203
0.009289 0.011144
0.009272 0.010884
0.009272 0.009488
0.009266 0.019058
0.009263 0.010501
0.009255 0.012618
0.009247 0.009850
0.009244 0.009975
0.009236 0.012791
0.009235 0.009311
0.009232 0.014068
0.009228 0.011635
0.009216 0.010162
0.009202 0.012638
0.009189 0.009910
0.009183 0.009682
0.009169 0.012831
0.009169 0.012746
0.009150 0.009823
0.009137 0.009668
0.009136 0.009617
0.009134 0.010772
0.009133 0.009662
0.009117 0.009440
0.009111 0.010579
0.009103 0.009738
0.009086 0.009540
0.009079 0.011414
0.009062 0.011679
0.009057 0.009350
0.009056 0.011868
0.009051 0.011244
0.009046 0.010431
0.009033 0.009206
0.009032 0.009780
0.009022 0.010368
0.009019 0.012439
0.009018 0.010556
0.009017 0.017439
0.009001 0.009378
0.008979 0.011849
0.008978 0.009602
0.008966 0.010361
0.008958 0.009235
0.008951 0.009245
0.008932 0.009710
0.008925 0.009670
0.008923 0.009772
0.008919 0.009292
0.008918 0.009708
0.008917 0.009381
0.008907 0.011058
0.008891 0.011630
0.008887 0.015092
0.008881 0.009255
0.008845 0.011266
0.008839 0.009247
0.008827 0.009328
0.008826 0.010131
0.008825 0.010286
0.008823 0.009221
0.008822 0.009194
0.008820 0.018567
0.008814 0.010493
0.008807 0.008876
0.008800 0.009187
0.008779 0.009248
0.008775 0.009071
0.008772 0.009503
0.008756 0.009328
0.008755 0.009565
0.008742 0.012825
0.008740 0.009151
0.008721 0.008753
0.008714 0.009662
0.008706 0.008895
0.008706 0.008850
0.008699 0.008801
0.008693 0.010624
0.008676 0.010533
0.008661 0.008744
0.008657 0.010177
0.008654 0.011027
0.008653 0.012919
0.008652 0.009228
0.008633 0.009134
0.008632 0.009763
0.008631 0.008732
0.008629 0.009394
0.008629 0.011457
0.008627 0.009367
0.008626 0.015008
0.008612 0.012018
0.008611 0.008798
0.008608 0.011695
0.008594 0.008812
0.008585 0.010674
0.008574 0.009691
0.008572 0.009149
0.008562 0.009146
0.008561 0.013947
0.008560 0.011603
0.008550 0.009946
0.008550 0.012524
0.008547 0.008742
0.008544 0.008805
0.008533 0.016150
0.008530 0.018810
0.008517 0.012156
0.008509 0.009988
0.008497 0.010344
0.008488 0.013306
0.008479 0.010368
0.008453 0.010550
0.008438 0.009751
0.008432 0.009214
0.008426 0.012037
0.008407 0.010198
0.008393 0.008934
0.008390 0.015714
0.008389 0.014551
0.008383 0.009044
0.008374 0.009150
0.008373 0.010844
0.008356 0.009305
0.008334 0.008392
0.008333 0.010003
0.008330 0.011893
0.008314 0.009080
0.008300 0.009029
0.008299 0.008465
0.008296 0.009947
0.008294 0.012529
0.008285 0.008497
0.008273 0.014447
0.008270 0.010659
0.008257 0.008412
0.008244 0.012480
0.008240 0.009411
0.008236 0.010953
0.008233 0.008627
0.008220 0.009209
0.008220 0.009731
0.008213 0.009907
0.008211 0.008911
0.008210 0.009911
0.008207 0.008230
0.008203 0.012695
0.008201 0.009364
0.008184 0.013173
0.008177 0.011218
0.008176 0.008412
0.008171 0.012211
0.008166 0.016061
0.008159 0.008616
0.008152 0.009254
0.008133 0.010159
0.008119 0.011074
0.008118 0.010471
0.008105 0.016942
0.008102 0.008839
0.008096 0.011777
0.008092 0.010168
0.008048 0.008898
0.008043 0.010342
0.008042 0.009814
0.008039 0.008902
0.008038 0.009793
0.008034 0.009204
0.008033 0.008220
0.008030 0.009253
0.008029 0.008356
0.008024 0.009579
0.008022 0.010607
0.008022 0.009360
0.008014 0.009125
0.008013 0.009138
0.008013 0.010321
0.008011 0.008420
0.008003 0.008651
0.007994 0.008155
0.007990 0.010504
0.007989 0.008787
0.007974 0.014068
0.007964 0.008187
0.007963 0.008859
0.007954 0.010505
0.007939 0.015197
0.007938 0.008761
0.007935 0.008417
0.007934 0.007976
0.007924 0.009160
0.007909 0.010876
0.007907 0.008801
0.007905 0.010404
0.007894 0.009474
0.007878 0.007967
0.007867 0.009601
0.007866 0.008211
0.007862 0.007920
0.007856 0.007981
0.007855 0.008493
0.007845 0.010629
0.007843 0.009535
0.007833 0.008770
0.007829 0.008441
0.007825 0.010126
0.007823 0.009073
0.007808 0.008716
0.007801 0.009126
0.007796 0.012486
0.007792 0.010143
0.007792 0.007815
0.007779 0.008192
0.007776 0.009111
0.007773 0.008435
0.007772 0.008141
0.007767 0.009254
0.007732 0.007792
0.007718 0.010788
0.007711 0.008493
0.007710 0.008389
0.007702 0.008066
0.007698 0.010770
0.007696 0.008653
0.007695 0.008519
0.007694 0.010731
0.007694 0.010945
0.007682 0.008841
0.007679 0.017204
0.007678 0.011169
0.007660 0.011604
0.007647 0.008506
0.007647 0.007684
0.007647 0.011478
0.007629 0.008255
0.007626 0.009307
0.007619 0.013195
0.007617 0.013923
0.007608 0.007910
0.007600 0.007846
0.007600 0.008242
0.007595 0.007849
0.007592 0.007724
0.007580 0.008057
0.007578 0.013058
0.007561 0.007811
0.007558 0.015072
0.007542 0.008315
0.007527 0.007909
0.007521 0.007619
0.007514 0.012508
0.007506 0.009669
0.007494 0.007852
0.007490 0.007975
0.007472 0.009411
0.007469 0.011011
0.007446 0.007759
0.007443 0.008490
0.007436 0.009614
0.007435 0.007472
0.007418 0.016005
0.007418 0.008134
0.007412 0.009987
0.007402 0.009249
0.007387 0.007918
0.007378 0.007590
0.007374 0.008139
0.007368 0.010195
0.007366 0.008043
0.007361 0.007567
0.007346 0.007874
0.007339 0.010425
0.007337 0.009663
0.007329 0.014427
0.007316 0.007913
0.007314 0.007587
0.007309 0.007402
0.007306 0.009609
0.007305 0.009951
0.007302 0.009041
0.007298 0.007301
0.007293 0.007939
0.007292 0.007493
0.007283 0.008384
0.007281 0.008298
0.007281 0.007588
0.007271 0.009999
0.007267 0.009008
0.007263 0.007639
0.007263 0.007305
0.007226 0.007720
0.007223 0.009102
0.007221 0.008444
0.007215 0.008211
0.007207 0.007447
0.007194 0.007235
0.007191 0.009184
0.007189 0.009165
0.007188 0.007696
0.007184 0.009149
0.007180 0.007266
0.007178 0.008164
0.007176 0.007423
0.007174 0.007556
0.007169 0.007523
0.007167 0.009282
0.007155 0.007871
0.007151 0.016056
0.007145 0.007876
0.007141 0.008784
0.007139 0.008526
0.007132 0.007191
0.007132 0.007173
0.007129 0.007365
0.007117 0.007799
0.007116 0.007355
0.007112 0.008798
0.007096 0.008663
0.007089 0.007724
0.007084 0.012167
0.007083 0.007182
0.007081 0.007370
0.007080 0.007392
0.007078 0.007132
0.007068 0.014358
0.007068 0.007267
0.007047 0.008497
0.007044 0.008719
0.007038 0.009717
0.007033 0.007539
0.007028 0.007504
0.007025 0.010541
0.007020 0.007313
0.007019 0.007103
0.007016 0.007045
0.007012 0.007401
0.007009 0.009041
0.007007 0.010431
0.007006 0.007020
0.006997 0.007559
0.006992 0.007203
0.006992 0.010676
0.006968 0.007471
0.006964 0.007543
0.006959 0.007344
0.006953 0.008684
0.006948 0.011720
0.006935 0.007816
0.006933 0.007995
0.006930 0.008955
0.006929 0.007950
0.006925 0.008225
0.006923 0.007441
0.006922 0.011877
0.006914 0.008003
0.006905 0.007848
0.006902 0.007689
0.006900 0.012964
0.006898 0.008207
0.006896 0.007558
0.006890 0.008762
0.006889 0.007104
0.006879 0.007143
0.006878 0.013809
0.006869 0.007087
0.006863 0.008286
0.006859 0.007936
0.006857 0.014365
0.006854 0.007853
0.006852 0.013135
0.006850 0.010032
0.006846 0.008436
0.006844 0.006997
0.006838 0.009584
0.006837 0.007645
0.006837 0.007103
0.006836 0.007131
0.006836 0.013419
0.006829 0.007625
0.006825 0.007570
0.006818 0.006882
0.006818 0.006911
0.006812 0.009340
0.006807 0.007766
0.006798 0.008378
0.006796 0.007532
0.006785 0.007243
0.006766 0.006859
0.006750 0.007585
0.006749 0.010682
0.006746 0.009143
0.006724 0.012997
0.006724 0.006956
0.006716 0.007226
0.006709 0.008073
0.006698 0.013512
0.006695 0.007975
0.006691 0.011375
0.006689 0.009315
0.006684 0.007474
0.006680 0.006869
0.006676 0.007043
0.006672 0.008154
0.006669 0.006794
0.006658 0.008207
0.006658 0.009354
0.006652 0.010815
0.006651 0.006819
0.006646 0.007791
0.006634 0.007719
0.006626 0.006898
0.006622 0.006759
0.006618 0.006795
0.006616 0.008918
0.006597 0.007291
0.006590 0.008303
0.006583 0.006871
0.006575 0.007924
0.006571 0.011664
0.006564 0.006624
0.006563 0.007498
0.006560 0.006601
0.006551 0.006616
0.006551 0.006743
0.006542 0.011780
0.006541 0.012094
0.006539 0.010270
0.006534 0.006647
0.006527 0.009651
0.006522 0.006711
0.006518 0.006696
0.006509 0.006729
0.006508 0.011599
0.006501 0.006798
0.006499 0.007811
0.006492 0.009825
0.006492 0.009547
0.006463 0.006813
0.006462 0.006823
0.006461 0.007725
0.006456 0.008305
0.006450 0.006469
0.006448 0.006755
0.006445 0.006973
0.006443 0.008936
0.006425 0.007006
0.006416 0.007059
0.006414 0.013258
0.006409 0.006443
0.006408 0.011322
0.006407 0.007659
0.006402 0.007452
0.006402 0.012239
0.006400 0.009219
0.006400 0.007260
0.006396 0.007380
0.006388 0.007712
0.006385 0.007503
0.006382 0.009586
0.006382 0.007270
0.006376 0.007478
0.006367 0.007122
0.006365 0.007461
0.006363 0.007672
0.006359 0.007215
0.006357 0.007503
0.006352 0.011985
0.006349 0.006393
0.006343 0.008525
0.006326 0.006901
0.006320 0.007424
0.006316 0.007011
0.006309 0.009292
0.006306 0.007326
0.006301 0.006307
0.006299 0.006868
0.006294 0.006861
0.006293 0.006911
0.006288 0.010405
0.006287 0.011511
0.006283 0.008380
0.006280 0.007944
0.006278 0.007020
0.006273 0.008925
0.006271 0.007755
0.006271 0.007177
0.006266 0.006891
0.006264 0.007372
0.006261 0.006268
0.006257 0.006420
0.006251 0.006782
0.006249 0.011477
0.006247 0.008223
0.006246 0.010689
0.006243 0.009276
0.006233 0.007905
0.006230 0.007256
0.006226 0.009553
0.006226 0.013401
0.006220 0.007950
0.006220 0.008775
0.006204 0.008451
0.006196 0.006290
0.006189 0.007282
0.006188 0.006671
0.006183 0.009115
0.006171 0.006571
0.006164 0.010323
0.006164 0.007754
0.006161 0.012920
0.006149 0.006417
0.006145 0.008353
0.006139 0.006904
0.006135 0.012158
0.006132 0.006219
0.006131 0.006223
0.006131 0.006702
0.006128 0.006544
0.006111 0.007034
0.006107 0.007926
0.006104 0.006311
0.006104 0.007075
0.006099 0.010138
0.006090 0.007299
0.006089 0.010412
0.006087 0.006963
0.006086 0.008812
0.006085 0.009202
0.006084 0.006774
0.006078 0.007870
0.006073 0.007925
0.006064 0.007258
0.006063 0.006120
0.006041 0.006568
0.006036 0.007883
0.006027 0.008926
0.006024 0.012762
0.006019 0.006169
0.006008 0.010862
0.006005 0.008543
0.006001 0.006199
0.005999 0.007199
0.005996 0.006028
0.005996 0.008459
0.005993 0.006999
0.005992 0.008495
0.005988 0.010752
0.005987 0.006413
0.005987 0.007751
0.005986 0.006457
0.005985 0.006171
0.005981 0.007610
0.005976 0.010945
0.005976 0.007363
0.005974 0.011258
0.005963 0.008563
0.005960 0.010080
0.005956 0.007576
0.005948 0.006745
0.005935 0.013230
0.005934 0.006720
0.005931 0.008823
0.005923 0.007665
0.005921 0.006026
0.005921 0.006451
0.005920 0.008445
0.005919 0.006370
0.005914 0.007556
0.005910 0.008977
0.005908 0.009730
0.005906 0.009482
0.005903 0.006247
0.005893 0.011467
0.005891 0.008184
0.005889 0.006035
0.005887 0.006602
0.005887 0.007133
0.005887 0.005920
0.005879 0.006454
0.005877 0.006071
0.005866 0.007480
0.005836 0.008687
0.005836 0.005850
0.005832 0.005862
0.005824 0.005908
0.005817 0.007113
0.005815 0.008927
0.005814 0.011164
0.005813 0.007448
0.005810 0.006619
0.005809 0.006013
0.005808 0.006036
0.005804 0.006151
0.005803 0.005908
0.005798 0.007090
0.005797 0.007296
0.005797 0.009964
0.005795 0.006589
0.005795 0.005807
0.005792 0.008400
0.005792 0.008677
0.005791 0.008015
0.005791 0.008847
0.005786 0.006158
0.005786 0.009127
0.005785 0.009454
0.005781 0.009304
0.005780 0.006109
0.005778 0.007620
0.005775 0.008026
0.005774 0.005791
0.005772 0.010315
0.005772 0.007903
0.005772 0.005855
0.005765 0.006822
0.005763 0.005782
0.005760 0.010198
0.005760 0.005849
0.005760 0.006966
0.005755 0.006855
0.005744 0.008019
0.005744 0.011256
0.005740 0.007548
0.005738 0.006180
0.005727 0.006665
0.005723 0.012722
0.005704 0.005918
0.005703 0.005815
0.005699 0.005831
0.005697 0.009494
0.005694 0.010158
0.005690 0.007986
0.005688 0.005786
0.005685 0.005829
0.005684 0.007562
0.005679 0.006214
0.005678 0.005903
0.005669 0.007354
0.005663 0.006091
0.005656 0.006961
0.005651 0.005713
0.005651 0.009654
0.005640 0.007666
0.005636 0.016510
0.005634 0.007842
0.005627 0.007143
0.005624 0.007578
0.005623 0.007693
0.005623 0.005743
0.005623 0.009322
0.005617 0.007801
0.005617 0.006428
0.005617 0.007686
0.005614 0.007950
0.005613 0.005929
0.005606 0.005950
0.005598 0.010453
0.005593 0.006527
0.005588 0.006972
0.005585 0.008880
0.005580 0.007822
0.005568 0.005687
0.005557 0.005628
0.005554 0.006002
0.005548 0.006481
0.005537 0.005897
0.005532 0.011514
0.005530 0.006302
0.005530 0.009265
0.005529 0.009074
0.005528 0.011170
0.005517 0.007150
0.005509 0.007350
0.005507 0.008766
0.005499 0.007489
0.005495 0.005546
0.005494 0.006348
0.005486 0.012371
0.005484 0.005825
0.005472 0.005731
0.005459 0.006281
0.005454 0.005513
0.005451 0.005963
0.005451 0.005764
0.005450 0.006185
0.005438 0.005638
0.005433 0.006060
0.005419 0.006985
0.005418 0.005635
0.005412 0.006141
0.005404 0.007042
0.005402 0.006440
0.005401 0.007575
0.005401 0.006878
0.005399 0.005533
0.005399 0.009869
0.005399 0.009821
0.005384 0.007242
0.005368 0.008390
0.005368 0.005524
0.005363 0.006390
0.005363 0.006520
0.005357 0.006217
0.005354 0.007928
0.005354 0.006478
0.005352 0.005805
0.005350 0.005802
0.005342 0.008164
0.005342 0.006398
0.005339 0.005587
0.005335 0.005647
0.005328 0.006166
0.005324 0.005730
0.005321 0.010895
0.005320 0.012340
0.005319 0.007039
0.005316 0.006597
0.005312 0.005345
0.005306 0.011482
0.005302 0.005931
0.005299 0.008555
0.005291 0.005704
0.005285 0.011613
0.005285 0.005306
0.005276 0.005751
0.005276 0.008417
0.005272 0.010001
0.005266 0.006441
0.005264 0.005640
0.005259 0.006590
0.005259 0.005807
0.005257 0.005419
0.005252 0.006320
0.005238 0.006375
0.005238 0.006698
0.005231 0.005605
0.005222 0.007872
0.005222 0.005487
0.005217 0.005878
0.005216 0.008686
0.005214 0.005970
0.005212 0.006276
0.005210 0.008979
0.005210 0.006598
0.005208 0.009159
0.005207 0.006332
0.005207 0.005856
0.005198 0.005708
0.005187 0.006412
0.005182 0.007651
0.005180 0.006232
0.005177 0.007158
0.005172 0.006356
0.005168 0.005563
0.005168 0.005925
0.005154 0.007913
0.005153 0.011171
0.005144 0.005613
0.005143 0.005437
0.005131 0.005813
0.005127 0.006516
0.005120 0.006024
0.005118 0.013420
0.005115 0.006251
0.005104 0.010557
0.005099 0.007710
0.005092 0.005827
0.005091 0.005259
0.005078 0.007335
0.005074 0.005989
0.005074 0.007312
0.005070 0.005941
0.005063 0.005729
0.005055 0.011173
0.005053 0.005462
0.005052 0.005699
0.005049 0.005880
0.005046 0.007583
0.005046 0.005660
0.005046 0.005136
0.005040 0.005326
0.005021 0.006176
0.005020 0.005622
0.005010 0.008825
0.005002 0.005986
0.005001 0.005247
0.005001 0.006099
0.004999 0.009143
0.004999 0.005834
0.004998 0.005996
0.004992 0.005439
0.004989 0.005052
0.004984 0.006098
0.004976 0.007062
0.004975 0.009605
0.004975 0.005181
0.004974 0.005021
0.004974 0.008671
0.004971 0.004979
0.004961 0.005144
0.004956 0.007995
0.004955 0.007058
0.004952 0.004982
0.004952 0.005928
0.004948 0.007148
0.004947 0.005307
0.004947 0.006512
0.004946 0.006325
0.004939 0.005473
0.004930 0.007302
0.004928 0.005153
0.004926 0.006236
0.004914 0.006086
0.004912 0.005433
0.004911 0.005447
0.004907 0.005144
0.004906 0.006028
0.004900 0.010155
0.004889 0.005355
0.004883 0.005252
0.004881 0.005444
0.004880 0.006304
0.004876 0.008613
0.004873 0.005208
0.004872 0.007653
0.004872 0.008399
0.004863 0.007291
0.004858 0.009005
0.004851 0.005233
0.004849 0.005587
0.004847 0.004857
0.004841 0.006648
0.004840 0.005551
0.004835 0.005833
0.004822 0.005115
0.004822 0.005329
0.004819 0.005186
0.004814 0.004865
0.004799 0.005590
0.004791 0.008708
0.004789 0.005932
0.004786 0.005267
0.004785 0.005194
0.004784 0.005190
0.004778 0.005985
0.004771 0.005971
0.004768 0.005014
0.004759 0.005453
0.004756 0.005503
0.004755 0.007507
0.004755 0.005007
0.004748 0.005624
0.004748 0.004813
0.004740 0.005030
0.004737 0.005256
0.004735 0.005727
0.004734 0.010400
0.004731 0.004948
0.004721 0.005561
0.004707 0.004780
0.004706 0.006575
0.004703 0.005374
0.004701 0.005570
0.004700 0.005309
0.004695 0.007566
0.004695 0.006777
0.004694 0.005594
0.004689 0.005855
0.004687 0.004751
0.004682 0.004877
0.004663 0.004687
0.004662 0.005269
0.004662 0.007219
0.004658 0.008696
0.004655 0.005341
0.004654 0.008070
0.004646 0.005393
0.004644 0.006081
0.004641 0.004783
0.004641 0.006760
0.004635 0.006255
0.004635 0.005066
0.004631 0.004856
0.004626 0.005089
0.004621 0.005936
0.004612 0.007346
0.004610 0.005388
0.004602 0.007496
0.004600 0.005455
0.004592 0.004828
0.004573 0.005051
0.004569 0.004920
0.004565 0.005648
0.004559 0.007501
0.004547 0.004612
0.004543 0.004806
0.004543 0.007503
0.004534 0.007179
0.004526 0.006529
0.004525 0.006034
0.004522 0.006065
0.004518 0.007782
0.004506 0.005824
0.004496 0.008319
0.004495 0.007239
0.004494 0.005242
0.004490 0.004593
0.004490 0.006143
0.004485 0.006147
0.004478 0.006328
0.004471 0.005914
0.004468 0.005746
0.004467 0.005247
0.004466 0.004639
0.004457 0.006794
0.004453 0.004506
0.004453 0.004701
0.004452 0.005745
0.004447 0.004867
0.004447 0.011710
0.004441 0.006742
0.004441 0.005534
0.004438 0.007093
0.004436 0.004593
0.004431 0.005245
0.004425 0.004907
0.004424 0.004470
0.004416 0.006399
0.004416 0.006550
0.004398 0.004670
0.004391 0.005411
0.004385 0.007052
0.004383 0.007048
0.004379 0.005064
0.004376 0.004740
0.004375 0.004420
0.004362 0.006899
0.004353 0.004879
0.004336 0.005768
0.004334 0.007921
0.004320 0.008332
0.004314 0.004436
0.004313 0.005000
0.004309 0.004346
0.004304 0.004343
0.004294 0.005613
0.004291 0.004332
0.004288 0.004761
0.004288 0.005777
0.004286 0.008075
0.004278 0.004321
0.004272 0.007560
0.004267 0.007505
0.004241 0.011432
0.004238 0.004404
0.004234 0.004679
0.004223 0.009869
0.004223 0.004664
0.004222 0.005122
0.004220 0.004355
0.004210 0.004309
0.004206 0.008956
0.004201 0.005617
0.004189 0.005898
0.004187 0.004308
0.004183 0.005377
0.004177 0.004366
0.004174 0.005859
0.004169 0.005679
0.004168 0.005410
0.004168 0.008357
0.004159 0.004824
0.004155 0.005103
0.004149 0.004618
0.004148 0.004178
0.004148 0.005246
0.004147 0.006363
0.004146 0.004268
0.004136 0.004298
0.004129 0.004389
0.004126 0.006240
0.004123 0.006553
0.004121 0.004386
0.004109 0.004297
0.004103 0.006414
0.004101 0.005059
0.004095 0.006968
0.004092 0.005344
0.004088 0.004735
0.004088 0.004819
0.004087 0.004190
0.004086 0.004336
0.004083 0.007108
0.004082 0.007969
0.004080 0.004215
0.004071 0.004345
0.004066 0.006434
0.004065 0.004294
0.004065 0.004482
0.004063 0.004375
0.004060 0.004383
0.004058 0.005516
0.004057 0.007843
0.004039 0.004537
0.004029 0.004169
0.004027 0.004168
0.004025 0.004637
0.004019 0.006040
0.004002 0.004850
0.003999 0.005289
0.003983 0.004475
0.003979 0.004128
0.003978 0.007060
0.003971 0.004457
0.003964 0.005031
0.003959 0.004718
0.003955 0.003984
0.003951 0.004354
0.003937 0.004879
0.003936 0.004065
0.003933 0.004198
0.003932 0.004018
0.003928 0.004546
0.003919 0.007281
0.003917 0.003946
0.003906 0.004060
0.003902 0.004517
0.003898 0.004997
0.003881 0.004461
0.003879 0.007783
0.003871 0.003892
0.003870 0.004218
0.003862 0.006036
0.003857 0.005224
0.003853 0.004879
0.003849 0.005497
0.003848 0.004729
0.003844 0.004401
0.003843 0.004085
0.003837 0.004004
0.003837 0.003920
0.003835 0.008887
0.003835 0.004186
0.003832 0.004426
0.003823 0.004400
0.003814 0.004295
0.003811 0.005222
0.003796 0.005157
0.003794 0.004710
0.003787 0.004568
0.003786 0.005395
0.003781 0.003962
0.003777 0.006677
0.003774 0.005152
0.003773 0.004638
0.003770 0.004452
0.003768 0.004065
0.003766 0.005029
0.003762 0.004273
0.003756 0.004370
0.003752 0.004869
0.003745 0.003795
0.003741 0.004088
0.003733 0.004234
0.003721 0.004111
0.003716 0.004403
0.003715 0.003835
0.003715 0.003742
0.003714 0.005382
0.003707 0.003757
0.003706 0.004805
0.003693 0.004237
0.003681 0.004187
0.003681 0.004610
0.003680 0.004853
0.003676 0.005499
0.003654 0.005462
0.003648 0.004392
0.003628 0.003858
0.003628 0.004212
0.003628 0.003836
0.003624 0.006756
0.003623 0.005445
0.003610 0.004807
0.003602 0.003874
0.003587 0.004587
0.003584 0.005260
0.003583 0.004587
0.003579 0.004794
0.003574 0.003590
0.003573 0.003978
0.003572 0.003812
0.003569 0.004017
0.003569 0.005295
0.003561 0.006835
0.003560 0.003626
0.003560 0.006022
0.003548 0.007733
0.003547 0.004243
0.003533 0.004284
0.003530 0.004319
0.003511 0.004838
0.003502 0.004517
0.003501 0.003653
0.003501 0.003602
0.003494 0.003691
0.003489 0.004417
0.003487 0.004363
0.003486 0.003842
0.003481 0.003762
0.003473 0.004644
0.003464 0.003564
0.003458 0.003815
0.003450 0.004118
0.003432 0.004001
0.003431 0.004179
0.003426 0.003851
0.003421 0.003801
0.003400 0.003940
0.003384 0.004456
0.003381 0.003558
0.003380 0.003869
0.003370 0.004081
0.003357 0.003418
0.003355 0.004889
0.003351 0.003618
0.003346 0.004177
0.003342 0.004481
0.003332 0.003694
0.003332 0.003878
0.003325 0.004322
0.003316 0.003347
0.003299 0.003874
0.003293 0.004084
0.003279 0.003954
0.003278 0.004414
0.003275 0.003522
0.003259 0.003578
0.003216 0.003449
0.003208 0.004869
0.003201 0.003975
0.003194 0.003807
0.003177 0.004145
0.003170 0.004195
0.003169 0.004115
0.003140 0.003176
0.003136 0.003187
0.003133 0.004506
0.003118 0.003454
0.003102 0.003232
0.003097 0.004736
0.003083 0.003314
0.003072 0.005173
0.003042 0.003291
0.003034 0.003529
0.002934 0.003236
0.002911 0.003579
0.002886 0.003201
0.002878 0.003043
0.002872 0.003950
0.002845 0.003262
0.002840 0.003246
0.002825 0.002987
0.002812 0.003425
0.002800 0.003202
0.002778 0.002793
0.002770 0.003711
0.002763 0.002936
0.002760 0.003002
0.002682 0.002819
0.002667 0.002784
0.002628 0.002927
0.002583 0.002626
0.002550 0.002803
0.002549 0.003471
0.002549 0.003084
0.002519 0.002888
0.002514 0.003176
0.002294 0.003078
0.002292 0.002904
0.002283 0.002421
0.002274 0.002688
0.002233 0.002433
0.002227 0.002265
0.002113 0.002214
0.001926 0.002625
0.001910 0.001914
0.001885 0.002011
0.001875 0.002189
0.001844 0.001868
0.001758 0.001859
0.001666 0.001786
0.001649 0.001965
0.001609 0.001717
0.001379 0.001526
0.001121 0.001184
0.000793 0.000851
