0.340082 0.340888
0.218796 0.231725
0.137969 0.181260
0.114319 0.170912
0.081665 0.090008
0.075197 0.089576
0.066124 0.067075
0.064418 0.078810
0.064337 0.070437
0.062368 0.062894
0.060987 0.080900
0.060089 0.067789
0.059742 0.064063
0.057775 0.059545
0.057191 0.061718
0.056222 0.057768
0.055553 0.055843
0.055034 0.071865
0.053762 0.059041
0.053633 0.053855
0.052733 0.053288
0.052725 0.059264
0.052662 0.060126
0.050904 0.069618
0.050168 0.055320
0.050070 0.052644
0.048538 0.057868
0.048384 0.065466
0.046868 0.054497
0.045713 0.064730
0.045575 0.048354
0.044733 0.097127
0.042744 0.043885
0.042617 0.044493
0.041911 0.042316
0.041374 0.056472
0.040505 0.049781
0.038981 0.055973
0.038954 0.047950
0.038713 0.041915
0.038678 0.039241
0.038653 0.039118
0.038390 0.044199
0.037781 0.039163
0.037724 0.042106
0.037349 0.047605
0.036827 0.044454
0.036783 0.038061
0.036633 0.037206
0.036469 0.044460
0.036404 0.053084
0.035623 0.037953
0.035328 0.035960
0.035276 0.049573
0.034771 0.035224
0.034648 0.036160
0.034147 0.037415
0.033001 0.033372
0.032810 0.032822
0.032578 0.037136
0.032460 0.045535
0.032096 0.040952
0.032073 0.038647
0.031529 0.044264
0.031303 0.050580
0.030859 0.034505
0.030441 0.041369
0.030356 0.032905
0.030339 0.031421
0.030317 0.030579
0.030300 0.034158
0.030019 0.037497
0.029727 0.031928
0.029045 0.032283
0.028978 0.038807
0.028923 0.038579
0.028773 0.031411
0.028368 0.039586
0.028259 0.037433
0.028077 0.030034
0.027922 0.029505
0.027866 0.027944
0.027831 0.036625
0.027718 0.036102
0.027663 0.028479
0.027658 0.030911
0.027498 0.039115
0.027447 0.033474
0.027294 0.027295
0.027062 0.028188
0.026921 0.029130
0.026628 0.030898
0.026594 0.027462
0.026523 0.027804
0.026361 0.028083
0.026351 0.031440
0.026050 0.028993
0.025978 0.042168
0.025963 0.027994
0.025952 0.038114
0.025945 0.026923
0.025758 0.025803
0.025717 0.027277
0.025542 0.034622
0.025491 0.044077
0.025443 0.029018
0.025313 0.028014
0.024969 0.026318
0.024871 0.027481
0.024868 0.029959
0.024855 0.028705
0.024787 0.025552
0.024549 0.025272
0.024529 0.028302
0.024519 0.025142
0.024515 0.028639
0.024482 0.024635
0.024427 0.043624
0.024348 0.028036
0.024229 0.049450
0.024187 0.024392
0.023932 0.025884
0.023894 0.026076
0.023892 0.045540
0.023813 0.025496
0.023776 0.025268
0.023702 0.028636
0.023686 0.030190
0.023619 0.035867
0.023490 0.028759
0.023474 0.024138
0.023392 0.033728
0.023260 0.037281
0.023235 0.030361
0.023004 0.023164
0.023003 0.029038
0.022984 0.033702
0.022968 0.038800
0.022842 0.042368
0.022759 0.025206
0.022732 0.026205
0.022665 0.036302
0.022600 0.023899
0.022596 0.025395
0.022512 0.023178
0.022479 0.030199
0.022463 0.040479
0.022459 0.022801
0.022453 0.023229
0.022418 0.043144
0.022318 0.031456
0.022308 0.026342
0.022300 0.022777
0.022287 0.029121
0.022245 0.024247
0.022117 0.024220
0.022110 0.022888
0.022092 0.034502
0.022091 0.024289
0.022075 0.028007
0.022044 0.023355
0.022015 0.028357
0.021971 0.022550
0.021885 0.058392
0.021859 0.022810
0.021855 0.022222
0.021829 0.022417
0.021822 0.022597
0.021781 0.025883
0.021765 0.022710
0.021763 0.025068
0.021685 0.034145
0.021675 0.022553
0.021660 0.021781
0.021565 0.032037
0.021554 0.031353
0.021544 0.032774
0.021506 0.023292
0.021498 0.030664
0.021297 0.023581
0.021292 0.026391
0.021178 0.021626
0.021153 0.022824
0.021136 0.033838
0.021136 0.021410
0.021121 0.045666
0.021114 0.022318
0.021059 0.024242
0.021040 0.022195
0.020915 0.027505
0.020889 0.024166
0.020821 0.025061
0.020779 0.021533
0.020647 0.030962
0.020627 0.021641
0.020617 0.024934
0.020582 0.026784
0.020515 0.020685
0.020507 0.024432
0.020469 0.020959
0.020469 0.028210
0.020384 0.024294
0.020381 0.025311
0.020344 0.022530
0.020344 0.022215
0.020330 0.022718
0.020255 0.029068
0.020184 0.020698
0.020046 0.030006
0.019993 0.026012
0.019922 0.020474
0.019913 0.035581
0.019900 0.025024
0.019885 0.021147
0.019872 0.026054
0.019826 0.019826
0.019755 0.026564
0.019707 0.023154
0.019666 0.019951
0.019651 0.019692
0.019508 0.033941
0.019366 0.025094
0.019270 0.020311
0.019179 0.028534
0.019159 0.019862
0.019141 0.019357
0.019129 0.021074
0.019075 0.022125
0.019016 0.021225
0.018973 0.019044
0.018957 0.021362
0.018944 0.019068
0.018826 0.023383
0.018808 0.018874
0.018767 0.021629
0.018702 0.027901
0.018696 0.027824
0.018608 0.027573
0.018516 0.024281
0.018446 0.020458
0.018432 0.018733
0.018405 0.046882
0.018375 0.019078
0.018306 0.026501
0.018223 0.032383
0.018141 0.021849
0.017856 0.017883
0.017849 0.018029
0.017821 0.020290
0.017803 0.025515
0.017782 0.020718
0.017745 0.018004
0.017711 0.018131
0.017710 0.018952
0.017707 0.027459
0.017694 0.019708
0.017647 0.031005
0.017610 0.017927
0.017609 0.026399
0.017599 0.022967
0.017466 0.019848
0.017431 0.026213
0.017384 0.018996
0.017383 0.019876
0.017351 0.019582
0.017333 0.018190
0.017331 0.022160
0.017314 0.040832
0.017293 0.017933
0.017183 0.017978
0.017081 0.018760
0.017050 0.017060
0.017036 0.021273
0.017032 0.026591
0.017029 0.017348
0.017016 0.028107
0.017005 0.017496
0.016977 0.016985
0.016898 0.017011
0.016863 0.018702
0.016859 0.018227
0.016855 0.017414
0.016766 0.019392
0.016708 0.016769
0.016658 0.016940
0.016573 0.017586
0.016566 0.017896
0.016517 0.018195
0.016472 0.019335
0.016446 0.018202
0.016400 0.017079
0.016394 0.016899
0.016376 0.017405
0.016368 0.022637
0.016356 0.023343
0.016353 0.020263
0.016305 0.018149
0.016280 0.018141
0.016269 0.017314
0.016252 0.019215
0.016247 0.022688
0.016243 0.016903
0.016195 0.018618
0.016180 0.017505
0.016173 0.021640
0.016152 0.025265
0.016118 0.019141
0.016114 0.017561
0.016099 0.019292
0.016093 0.019182
0.016079 0.016487
0.015932 0.016870
0.015890 0.016148
0.015827 0.024675
0.015798 0.016077
0.015784 0.017358
0.015778 0.016304
0.015710 0.018649
0.015708 0.020605
0.015630 0.018231
0.015625 0.018149
0.015565 0.019045
0.015555 0.016492
0.015547 0.017484
0.015531 0.018647
0.015498 0.023243
0.015442 0.019750
0.015408 0.030567
0.015292 0.022824
0.015278 0.018057
0.015273 0.021309
0.015236 0.015300
0.015223 0.018194
0.015213 0.017083
0.015210 0.019055
0.015194 0.022838
0.015176 0.015613
0.015131 0.023461
0.015110 0.017327
0.015106 0.015289
0.015082 0.015195
0.015058 0.015516
0.015009 0.017854
0.014989 0.016314
0.014971 0.015846
0.014960 0.015956
0.014926 0.015715
0.014907 0.015697
0.014903 0.025255
0.014880 0.017493
0.014823 0.015473
0.014815 0.018127
0.014783 0.015735
0.014777 0.017947
0.014769 0.016476
0.014680 0.015448
0.014675 0.015127
0.014665 0.015668
0.014655 0.016907
0.014605 0.015434
0.014575 0.015308
0.014528 0.020994
0.014522 0.025416
0.014463 0.016503
0.014457 0.021044
0.014428 0.017650
0.014406 0.015158
0.014400 0.015533
0.014377 0.019455
0.014361 0.025575
0.014343 0.016879
0.014310 0.019014
0.014295 0.020141
0.014260 0.019164
0.014257 0.025427
0.014242 0.015574
0.014242 0.015262
0.014208 0.022732
0.014184 0.020105
0.014168 0.014319
0.014128 0.017379
0.014111 0.014368
0.014085 0.025363
0.014085 0.020857
0.014080 0.014721
0.014063 0.014283
0.014050 0.018621
0.014014 0.015997
0.014007 0.015531
0.014000 0.022382
0.013995 0.016990
0.013978 0.014174
0.013970 0.019354
0.013965 0.015727
0.013964 0.015602
0.013958 0.018044
0.013957 0.017892
0.013944 0.014571
0.013941 0.014381
0.013939 0.026593
0.013901 0.013981
0.013883 0.020166
0.013833 0.015060
0.013829 0.015497
0.013817 0.016479
0.013773 0.017657
0.013766 0.014403
0.013719 0.016740
0.013696 0.015461
0.013689 0.017426
0.013663 0.016223
0.013653 0.016434
0.013651 0.016148
0.013647 0.013956
0.013621 0.014349
0.013589 0.014065
0.013583 0.013624
0.013547 0.013696
0.013546 0.015135
0.013541 0.014538
0.013506 0.013725
0.013506 0.015976
0.013505 0.019790
0.013504 0.017097
0.013491 0.035395
0.013481 0.013652
0.013417 0.014404
0.013409 0.014427
0.013388 0.013981
0.013372 0.013779
0.013356 0.013453
0.013352 0.013416
0.013331 0.014821
0.013314 0.017473
0.013307 0.016111
0.013293 0.015716
0.013293 0.014824
0.013283 0.014744
0.013276 0.015698
0.013272 0.015576
0.013255 0.016038
0.013253 0.013713
0.013252 0.013682
0.013251 0.013260
0.013247 0.020656
0.013246 0.021189
0.013246 0.014323
0.013241 0.015759
0.013226 0.015152
0.013182 0.016542
0.013164 0.027870
0.013149 0.013767
0.013134 0.014379
0.013128 0.013761
0.013125 0.013544
0.013122 0.021580
0.013115 0.016180
0.013099 0.020835
0.013098 0.015454
0.013097 0.013241
0.013080 0.018592
0.013074 0.016744
0.013060 0.013640
0.013025 0.014037
0.013024 0.014030
0.013020 0.019375
0.012999 0.013128
0.012995 0.017620
0.012983 0.013579
0.012982 0.015535
0.012971 0.014220
0.012956 0.014042
0.012945 0.016522
0.012938 0.018923
0.012932 0.014867
0.012926 0.014812
0.012924 0.014353
0.012923 0.012957
0.012914 0.016863
0.012899 0.013749
0.012893 0.023338
0.012891 0.016208
0.012880 0.014788
0.012876 0.013811
0.012848 0.016773
0.012838 0.013191
0.012810 0.013547
0.012797 0.016007
0.012766 0.013677
0.012765 0.012843
0.012763 0.015242
0.012746 0.020073
0.012695 0.015005
0.012691 0.013466
0.012669 0.012880
0.012650 0.013992
0.012641 0.014143
0.012636 0.018724
0.012627 0.018411
0.012627 0.014922
0.012615 0.014282
0.012612 0.016981
0.012594 0.013864
0.012543 0.015757
0.012528 0.014735
0.012498 0.020455
0.012460 0.022221
0.012460 0.017039
0.012436 0.014124
0.012435 0.014471
0.012429 0.012723
0.012426 0.012779
0.012421 0.013160
0.012421 0.012690
0.012421 0.014951
0.012409 0.013056
0.012395 0.012694
0.012394 0.014102
0.012382 0.014365
0.012371 0.019479
0.012370 0.021097
0.012370 0.013095
0.012360 0.013423
0.012350 0.016155
0.012349 0.017548
0.012336 0.013021
0.012335 0.024322
0.012334 0.014346
0.012330 0.012405
0.012328 0.012581
0.012328 0.012586
0.012322 0.015863
0.012321 0.012877
0.012292 0.013360
0.012276 0.016373
0.012247 0.014640
0.012225 0.016711
0.012214 0.012358
0.012208 0.019397
0.012207 0.018093
0.012205 0.018474
0.012202 0.017416
0.012188 0.013728
0.012180 0.015133
0.012178 0.012416
0.012170 0.013231
0.012162 0.020932
0.012152 0.012189
0.012142 0.012282
0.012131 0.013638
0.012127 0.015730
0.012094 0.015411
0.012089 0.025089
0.012079 0.012432
0.012075 0.014036
0.011999 0.018324
0.011990 0.016158
0.011980 0.016342
0.011977 0.014889
0.011958 0.013742
0.011930 0.013109
0.011925 0.012278
0.011921 0.012259
0.011913 0.012937
0.011910 0.020239
0.011907 0.013784
0.011905 0.015564
0.011901 0.012073
0.011884 0.017383
0.011867 0.013387
0.011863 0.012385
0.011859 0.022261
0.011839 0.012908
0.011831 0.012329
0.011825 0.011973
0.011807 0.016720
0.011803 0.016157
0.011795 0.012090
0.011792 0.014126
0.011785 0.012014
0.011780 0.012488
0.011779 0.014384
0.011767 0.014231
0.011767 0.012774
0.011742 0.012108
0.011742 0.012998
0.011735 0.011815
0.011735 0.026274
0.011734 0.011782
0.011731 0.013255
0.011711 0.015812
0.011709 0.014772
0.011704 0.011821
0.011674 0.011709
0.011659 0.016856
0.011648 0.011948
0.011637 0.013021
0.011636 0.013303
0.011632 0.013612
0.011627 0.012057
0.011626 0.012576
0.011620 0.015009
0.011619 0.017220
0.011610 0.021521
0.011605 0.015260
0.011586 0.013786
0.011580 0.012261
0.011578 0.016104
0.011562 0.015477
0.011551 0.012053
0.011548 0.011557
0.011543 0.012346
0.011542 0.012659
0.011536 0.015389
0.011527 0.011962
0.011526 0.013136
0.011513 0.012855
0.011503 0.011933
0.011503 0.011534
0.011498 0.012514
0.011497 0.011752
0.011463 0.011871
0.011460 0.013293
0.011452 0.013415
0.011446 0.021133
0.011435 0.012762
0.011414 0.011629
0.011411 0.019085
0.011398 0.013346
0.011392 0.017085
0.011359 0.011768
0.011352 0.015763
0.011334 0.012249
0.011331 0.016137
0.011330 0.011870
0.011324 0.016548
0.011323 0.020049
0.011322 0.012166
0.011306 0.012582
0.011305 0.021581
0.011299 0.011965
0.011291 0.013575
0.011289 0.013577
0.011287 0.014602
0.011282 0.016263
0.011279 0.021047
0.011278 0.014743
0.011271 0.012566
0.011271 0.020772
0.011267 0.014484
0.011265 0.022363
0.011243 0.011616
0.011241 0.011498
0.011241 0.025759
0.011234 0.013330
0.011220 0.013122
0.011210 0.011421
0.011204 0.016394
0.011202 0.011628
0.011199 0.012151
0.011182 0.011781
0.011173 0.012484
0.011170 0.013309
0.011154 0.014100
0.011152 0.015907
0.011145 0.014409
0.011141 0.013474
0.011125 0.015102
0.011121 0.012417
0.011098 0.013052
0.011089 0.018197
0.011086 0.014030
0.011064 0.011168
0.011054 0.014520
0.011046 0.016079
0.011035 0.016113
0.011027 0.011096
0.011019 0.015213
0.011005 0.012982
0.011003 0.012428
0.010994 0.015573
0.010986 0.011599
0.010983 0.015575
0.010982 0.013727
0.010979 0.017970
0.010977 0.019536
0.010976 0.014510
0.010973 0.013375
0.010964 0.013757
0.010942 0.018552
0.010942 0.013280
0.010921 0.011687
0.010911 0.011775
0.010910 0.011942
0.010902 0.012251
0.010899 0.010994
0.010894 0.011041
0.010893 0.012591
0.010891 0.011296
0.010887 0.014378
0.010883 0.015583
0.010874 0.020325
0.010861 0.014180
0.010858 0.011766
0.010849 0.013206
0.010844 0.012106
0.010843 0.011550
0.010839 0.014616
0.010829 0.016317
0.010815 0.025455
0.010809 0.011446
0.010808 0.011139
0.010804 0.011973
0.010800 0.012309
0.010792 0.010969
0.010775 0.013296
0.010771 0.011594
0.010765 0.011129
0.010764 0.011018
0.010755 0.011394
0.010748 0.016402
0.010743 0.010824
0.010721 0.010765
0.010720 0.011772
0.010719 0.011178
0.010708 0.014783
0.010703 0.012518
0.010699 0.011346
0.010697 0.013703
0.010679 0.013552
0.010678 0.015741
0.010675 0.010942
0.010674 0.012973
0.010636 0.013438
0.010633 0.021013
0.010631 0.012262
0.010628 0.019705
0.010619 0.010998
0.010593 0.016151
0.010590 0.015722
0.010590 0.011855
0.010585 0.010644
0.010584 0.011921
0.010574 0.011070
0.010564 0.011041
0.010562 0.012575
0.010558 0.011872
0.010552 0.013493
0.010551 0.014547
0.010546 0.010565
0.010543 0.016998
0.010542 0.013500
0.010538 0.010633
0.010517 0.011186
0.010504 0.011399
0.010488 0.010926
0.010488 0.012647
0.010486 0.011501
0.010480 0.010654
0.010480 0.026134
0.010470 0.018133
0.010470 0.011448
0.010458 0.021363
0.010446 0.016102
0.010445 0.010802
0.010444 0.010567
0.010426 0.014425
0.010414 0.016474
0.010407 0.011594
0.010403 0.015285
0.010367 0.011277
0.010365 0.011199
0.010361 0.014188
0.010359 0.015115
0.010355 0.013474
0.010354 0.010419
0.010351 0.010561
0.010347 0.016349
0.010331 0.010861
0.010327 0.021032
0.010327 0.013284
0.010325 0.018145
0.010320 0.010574
0.010320 0.011963
0.010315 0.012651
0.010313 0.016132
0.010309 0.011888
0.010308 0.012019
0.010292 0.010516
0.010283 0.019213
0.010281 0.010343
0.010278 0.010404
0.010276 0.012700
0.010269 0.010864
0.010264 0.011094
0.010260 0.011364
0.010259 0.010303
0.010255 0.011228
0.010250 0.010510
0.010248 0.019552
0.010247 0.014493
0.010237 0.010607
0.010237 0.010535
0.010235 0.010492
0.010187 0.011072
0.010184 0.013498
0.010178 0.012287
0.010175 0.010352
0.010173 0.010592
0.010168 0.011866
0.010157 0.010613
0.010157 0.011068
0.010135 0.014690
0.010135 0.012854
0.010123 0.025768
0.010106 0.017228
0.010099 0.010994
0.010083 0.014974
0.010080 0.016195
0.010078 0.015376
0.010076 0.010694
0.010069 0.011480
0.010060 0.012149
0.010058 0.011428
0.010055 0.016598
0.010054 0.010362
0.010052 0.010733
0.010050 0.011243
0.010043 0.012585
0.010040 0.010635
0.010033 0.012357
0.010032 0.013726
0.010023 0.019490
0.010013 0.019897
0.009996 0.010372
0.009996 0.010696
0.009987 0.015895
0.009983 0.010992
0.009982 0.014006
0.009981 0.010223
0.009977 0.016509
0.009968 0.013224
0.009960 0.020371
0.009958 0.010840
0.009956 0.012099
0.009950 0.013760
0.009950 0.010184
0.009949 0.011955
0.009933 0.012781
0.009932 0.011359
0.009931 0.010823
0.009921 0.012814
0.009917 0.011368
0.009914 0.011627
0.009914 0.018098
0.009910 0.010038
0.009888 0.012517
0.009883 0.015928
0.009881 0.012793
0.009880 0.022384
0.009870 0.011475
0.009859 0.010271
0.009857 0.010975
0.009857 0.020092
0.009850 0.010002
0.009848 0.011045
0.009847 0.011615
0.009845 0.011105
0.009833 0.012839
0.009828 0.011172
0.009813 0.018651
0.009806 0.011778
0.009800 0.010068
0.009792 0.011123
0.009791 0.010888
0.009787 0.009933
0.009787 0.012764
0.009784 0.010618
0.009773 0.011901
0.009770 0.011217
0.009769 0.010327
0.009763 0.013556
0.009763 0.010758
0.009754 0.017362
0.009753 0.010567
0.009747 0.013328
0.009745 0.009844
0.009741 0.013104
0.009739 0.012386
0.009735 0.010482
0.009730 0.011970
0.009729 0.017411
0.009728 0.011300
0.009720 0.012655
0.009719 0.012143
0.009718 0.013468
0.009710 0.009759
0.009708 0.009871
0.009707 0.011119
0.009698 0.015437
0.009693 0.018707
0.009693 0.012121
0.009692 0.009888
0.009683 0.011085
0.009678 0.009706
0.009677 0.011056
0.009676 0.011818
0.009663 0.009821
0.009656 0.010306
0.009655 0.011884
0.009648 0.011903
0.009645 0.010270
0.009644 0.009915
0.009641 0.010110
0.009639 0.015824
0.009629 0.013244
0.009617 0.012258
0.009598 0.009903
0.009598 0.010763
0.009587 0.009822
0.009585 0.010061
0.009577 0.013679
0.009576 0.014972
0.009574 0.009939
0.009549 0.010523
0.009548 0.009832
0.009542 0.010161
0.009540 0.010242
0.009540 0.009894
0.009538 0.010979
0.009532 0.009660
0.009525 0.010556
0.009522 0.010260
0.009519 0.012368
0.009516 0.009597
0.009512 0.013064
0.009510 0.010353
0.009507 0.013597
0.009507 0.012587
0.009500 0.010209
0.009498 0.017777
0.009495 0.010379
0.009492 0.010303
0.009489 0.011191
0.009486 0.009900
0.009483 0.011729
0.009469 0.010838
0.009468 0.010472
0.009461 0.016146
0.009461 0.012966
0.009460 0.023005
0.009458 0.009682
0.009453 0.011647
0.009445 0.016455
0.009437 0.010231
0.009432 0.009500
0.009431 0.013725
0.009407 0.009949
0.009399 0.015940
0.009397 0.015218
0.009392 0.018341
0.009391 0.009579
0.009390 0.010430
0.009388 0.010262
0.009381 0.010497
0.009373 0.018050
0.009365 0.010951
0.009364 0.015053
0.009346 0.010905
0.009345 0.012124
0.009345 0.010661
0.009343 0.011202
0.009336 0.009410
0.009333 0.009836
0.009326 0.010144
0.009325 0.010608
0.009318 0.010638
0.009314 0.009819
0.009309 0.009739
0.009306 0.009750
0.009301 0.010904
0.009295 0.016394
0.009292 0.011728
0.009290 0.009516
0.009281 0.011057
0.009276 0.009296
0.009255 0.013277
0.009250 0.009734
0.009247 0.009408
0.009242 0.014256
0.009241 0.010277
0.009238 0.010733
0.009238 0.012035
0.009235 0.011187
0.009227 0.009922
0.009222 0.010828
0.009222 0.009640
0.009219 0.011556
0.009218 0.016590
0.009218 0.010583
0.009217 0.009614
0.009217 0.011217
0.009214 0.014582
0.009211 0.011242
0.009208 0.009224
0.009208 0.009360
0.009205 0.009513
0.009202 0.010224
0.009202 0.010544
0.009202 0.011190
0.009198 0.009332
0.009197 0.016083
0.009195 0.014575
0.009191 0.011641
0.009191 0.012517
0.009187 0.009247
0.009185 0.011140
0.009182 0.010680
0.009172 0.014233
0.009171 0.011892
0.009167 0.009266
0.009162 0.010286
0.009156 0.011371
0.009155 0.011590
0.009152 0.020901
0.009151 0.013587
0.009148 0.010480
0.009143 0.009334
0.009138 0.017999
0.009136 0.009137
0.009130 0.021632
0.009124 0.009308
0.009124 0.009437
0.009113 0.009988
0.009113 0.013792
0.009105 0.012756
0.009094 0.016082
0.009093 0.010053
0.009086 0.009410
0.009085 0.009507
0.009076 0.013509
0.009063 0.009351
0.009061 0.009956
0.009055 0.013316
0.009049 0.010205
0.009044 0.010698
0.009027 0.010572
0.009024 0.009540
0.009021 0.009109
0.009020 0.012680
0.009019 0.009137
0.009018 0.013340
0.009017 0.014098
0.009017 0.010733
0.009010 0.011224
0.008995 0.014730
0.008991 0.010082
0.008991 0.009061
0.008986 0.010315
0.008983 0.013497
0.008975 0.017899
0.008974 0.011084
0.008972 0.011434
0.008957 0.009609
0.008949 0.010730
0.008938 0.014015
0.008934 0.009175
0.008931 0.009811
0.008930 0.009060
0.008929 0.009254
0.008925 0.009853
0.008924 0.009098
0.008922 0.012391
0.008920 0.009186
0.008902 0.010372
0.008895 0.009508
0.008891 0.011675
0.008890 0.009084
0.008880 0.019752
0.008861 0.010611
0.008834 0.012155
0.008821 0.009678
0.008818 0.010588
0.008812 0.010823
0.008808 0.010520
0.008806 0.009388
0.008800 0.010691
0.008798 0.009326
0.008794 0.011843
0.008794 0.014386
0.008793 0.010802
0.008791 0.011627
0.008785 0.008947
0.008776 0.009357
0.008775 0.010900
0.008774 0.011493
0.008770 0.015555
0.008764 0.008870
0.008761 0.020579
0.008760 0.009959
0.008757 0.009328
0.008756 0.010974
0.008752 0.009974
0.008752 0.013877
0.008745 0.009219
0.008743 0.010655
0.008739 0.010492
0.008712 0.009886
0.008711 0.011842
0.008709 0.010465
0.008709 0.012859
0.008706 0.009205
0.008705 0.009293
0.008703 0.009467
0.008702 0.009667
0.008698 0.009889
0.008695 0.010741
0.008690 0.016859
0.008684 0.009463
0.008682 0.008832
0.008677 0.008738
0.008677 0.014420
0.008673 0.016977
0.008671 0.010494
0.008654 0.018298
0.008652 0.008656
0.008645 0.014167
0.008641 0.009558
0.008641 0.009057
0.008639 0.009624
0.008634 0.009391
0.008634 0.015238
0.008631 0.008842
0.008629 0.009617
0.008624 0.013082
0.008620 0.009799
0.008619 0.012125
0.008618 0.011367
0.008609 0.015124
0.008607 0.013516
0.008606 0.009791
0.008604 0.009056
0.008600 0.009786
0.008597 0.014051
0.008595 0.018826
0.008593 0.012125
0.008592 0.010396
0.008592 0.008945
0.008588 0.012549
0.008581 0.011665
0.008581 0.013204
0.008580 0.011179
0.008571 0.008700
0.008569 0.010186
0.008553 0.014240
0.008550 0.008742
0.008549 0.009685
0.008549 0.010717
0.008546 0.008692
0.008541 0.009789
0.008529 0.008557
0.008529 0.008621
0.008524 0.009198
0.008518 0.008712
0.008514 0.009274
0.008510 0.010712
0.008499 0.009934
0.008493 0.008550
0.008490 0.009631
0.008482 0.008844
0.008476 0.011103
0.008472 0.008524
0.008470 0.009747
0.008469 0.009988
0.008469 0.008815
0.008466 0.008743
0.008459 0.011040
0.008458 0.008542
0.008458 0.012431
0.008455 0.008726
0.008454 0.012120
0.008445 0.011207
0.008444 0.010156
0.008444 0.009105
0.008444 0.010398
0.008442 0.008895
0.008439 0.009873
0.008435 0.010242
0.008426 0.008767
0.008424 0.008947
0.008419 0.008686
0.008404 0.009776
0.008403 0.010042
0.008400 0.008580
0.008398 0.012932
0.008393 0.017595
0.008392 0.011977
0.008383 0.008999
0.008381 0.009507
0.008379 0.010381
0.008368 0.009245
0.008364 0.009244
0.008362 0.008460
0.008361 0.009108
0.008353 0.013419
0.008344 0.010537
0.008331 0.008601
0.008330 0.010017
0.008319 0.008690
0.008317 0.013330
0.008311 0.008420
0.008301 0.009241
0.008299 0.020130
0.008299 0.009560
0.008298 0.010380
0.008297 0.010759
0.008295 0.009282
0.008286 0.008741
0.008285 0.008986
0.008267 0.008369
0.008263 0.009869
0.008262 0.010764
0.008253 0.011113
0.008243 0.009908
0.008238 0.008312
0.008236 0.010130
0.008231 0.008344
0.008231 0.009451
0.008229 0.012594
0.008226 0.008579
0.008224 0.008969
0.008219 0.013250
0.008217 0.008253
0.008215 0.008653
0.008215 0.011542
0.008214 0.008530
0.008203 0.009845
0.008197 0.010305
0.008185 0.008327
0.008184 0.014270
0.008182 0.008222
0.008181 0.008232
0.008164 0.014816
0.008161 0.016310
0.008161 0.008297
0.008159 0.009120
0.008152 0.008833
0.008140 0.017397
0.008132 0.013935
0.008130 0.009177
0.008127 0.008864
0.008124 0.008835
0.008121 0.010555
0.008107 0.012840
0.008107 0.010592
0.008103 0.008469
0.008087 0.008735
0.008086 0.008359
0.008083 0.009430
0.008076 0.008459
0.008076 0.010741
0.008074 0.008853
0.008070 0.010709
0.008070 0.010325
0.008068 0.009222
0.008060 0.008530
0.008060 0.008352
0.008051 0.008116
0.008043 0.008926
0.008037 0.008158
0.008036 0.009902
0.008036 0.008078
0.008036 0.010890
0.008035 0.009400
0.008034 0.008193
0.008030 0.008196
0.008027 0.011407
0.008027 0.008287
0.008021 0.010592
0.008021 0.011591
0.008004 0.008040
0.008003 0.008110
0.008003 0.011723
0.007993 0.008377
0.007992 0.008655
0.007989 0.009297
0.007989 0.008767
0.007973 0.009156
0.007971 0.008860
0.007967 0.008465
0.007964 0.008504
0.007959 0.009642
0.007949 0.009803
0.007949 0.009097
0.007942 0.009695
0.007940 0.012546
0.007934 0.008171
0.007928 0.010510
0.007924 0.008008
0.007923 0.009138
0.007921 0.008550
0.007921 0.008282
0.007917 0.009204
0.007901 0.012598
0.007899 0.008353
0.007886 0.012585
0.007886 0.009019
0.007878 0.015662
0.007876 0.009188
0.007872 0.008353
0.007865 0.011110
0.007863 0.008388
0.007861 0.008512
0.007853 0.009427
0.007852 0.011733
0.007851 0.008144
0.007847 0.011588
0.007845 0.011759
0.007845 0.007952
0.007841 0.008008
0.007838 0.007930
0.007834 0.010041
0.007831 0.007988
0.007831 0.008428
0.007825 0.009785
0.007815 0.009042
0.007814 0.010357
0.007811 0.009959
0.007810 0.017490
0.007808 0.008732
0.007803 0.008192
0.007801 0.008983
0.007800 0.014913
0.007800 0.008262
0.007800 0.009740
0.007799 0.009934
0.007797 0.012501
0.007793 0.008860
0.007788 0.007824
0.007783 0.011119
0.007778 0.008542
0.007774 0.008745
0.007770 0.010631
0.007766 0.009215
0.007764 0.010334
0.007759 0.010923
0.007741 0.008728
0.007729 0.008336
0.007722 0.007918
0.007720 0.008176
0.007718 0.010652
0.007716 0.012468
0.007714 0.008022
0.007711 0.012086
0.007706 0.007782
0.007706 0.009300
0.007702 0.015993
0.007700 0.008164
0.007696 0.009194
0.007695 0.007744
0.007690 0.009420
0.007684 0.007883
0.007680 0.008014
0.007679 0.008371
0.007677 0.007849
0.007677 0.007885
0.007675 0.009421
0.007672 0.008767
0.007668 0.009069
0.007668 0.007835
0.007666 0.008791
0.007665 0.008780
0.007658 0.008678
0.007654 0.008081
0.007644 0.008283
0.007640 0.009769
0.007637 0.013831
0.007634 0.007752
0.007630 0.008578
0.007625 0.010664
0.007624 0.009590
0.007618 0.009411
0.007616 0.010266
0.007616 0.011897
0.007614 0.009577
0.007610 0.013050
0.007608 0.016284
0.007608 0.015265
0.007603 0.012062
0.007603 0.016885
0.007597 0.007602
0.007594 0.011813
0.007589 0.007720
0.007586 0.007704
0.007584 0.007884
0.007583 0.007704
0.007578 0.008565
0.007578 0.017222
0.007577 0.009201
0.007575 0.008155
0.007568 0.009456
0.007555 0.007718
0.007555 0.009946
0.007552 0.010457
0.007551 0.007578
0.007550 0.008192
0.007550 0.008256
0.007547 0.007569
0.007547 0.009861
0.007542 0.012606
0.007539 0.014278
0.007538 0.011016
0.007538 0.007879
0.007537 0.007833
0.007537 0.007891
0.007536 0.007671
0.007529 0.008284
0.007529 0.007572
0.007518 0.009969
0.007516 0.007886
0.007512 0.008917
0.007510 0.008008
0.007507 0.009327
0.007501 0.007540
0.007498 0.007638
0.007496 0.010109
0.007493 0.007550
0.007492 0.009936
0.007491 0.008780
0.007486 0.008591
0.007483 0.010385
0.007483 0.008175
0.007481 0.010219
0.007480 0.007820
0.007477 0.013836
0.007469 0.010057
0.007468 0.007703
0.007463 0.017413
0.007461 0.020818
0.007456 0.011806
0.007454 0.010867
0.007454 0.008919
0.007453 0.019791
0.007449 0.010360
0.007444 0.010124
0.007441 0.010757
0.007439 0.007552
0.007439 0.008056
0.007438 0.008210
0.007438 0.008453
0.007433 0.008923
0.007433 0.008908
0.007431 0.008777
0.007431 0.007441
0.007429 0.010080
0.007429 0.009934
0.007429 0.015450
0.007427 0.007798
0.007427 0.007880
0.007419 0.008334
0.007414 0.010618
0.007412 0.012072
0.007411 0.010817
0.007411 0.008261
0.007404 0.008443
0.007395 0.008170
0.007388 0.008609
0.007386 0.007796
0.007385 0.008724
0.007384 0.012266
0.007383 0.008943
0.007382 0.007558
0.007381 0.007621
0.007375 0.007590
0.007370 0.008353
0.007369 0.010161
0.007369 0.007639
0.007369 0.009957
0.007368 0.007615
0.007367 0.008402
0.007357 0.008380
0.007354 0.008358
0.007352 0.012820
0.007350 0.008038
0.007344 0.009865
0.007339 0.007510
0.007335 0.011757
0.007324 0.007578
0.007318 0.009528
0.007318 0.008205
0.007312 0.013180
0.007298 0.007439
0.007293 0.007364
0.007292 0.008117
0.007285 0.013049
0.007281 0.008749
0.007277 0.013450
0.007276 0.007553
0.007274 0.013677
0.007273 0.007369
0.007271 0.007380
0.007266 0.012285
0.007265 0.009448
0.007265 0.007725
0.007261 0.012004
0.007257 0.009454
0.007255 0.013904
0.007254 0.007983
0.007252 0.009764
0.007250 0.009768
0.007245 0.008265
0.007244 0.009835
0.007240 0.009465
0.007239 0.007431
0.007238 0.009365
0.007237 0.009211
0.007236 0.007300
0.007235 0.009496
0.007235 0.007714
0.007229 0.008502
0.007226 0.008942
0.007225 0.008314
0.007224 0.009723
0.007223 0.007880
0.007215 0.008203
0.007211 0.007663
0.007206 0.008159
0.007206 0.010037
0.007201 0.009119
0.007197 0.009414
0.007191 0.009180
0.007187 0.011071
0.007185 0.008530
0.007180 0.009504
0.007177 0.007334
0.007176 0.008144
0.007170 0.008715
0.007169 0.009339
0.007167 0.007941
0.007164 0.008678
0.007161 0.008047
0.007152 0.007647
0.007151 0.007472
0.007151 0.011209
0.007149 0.008487
0.007147 0.007845
0.007142 0.007655
0.007141 0.007201
0.007134 0.007271
0.007133 0.007152
0.007128 0.011269
0.007127 0.008578
0.007124 0.011892
0.007122 0.011974
0.007121 0.007460
0.007115 0.007336
0.007108 0.007479
0.007105 0.011936
0.007103 0.010020
0.007102 0.011232
0.007087 0.007959
0.007077 0.013469
0.007075 0.007754
0.007073 0.008004
0.007072 0.007750
0.007063 0.008065
0.007059 0.008644
0.007052 0.007764
0.007050 0.008031
0.007049 0.009938
0.007042 0.008640
0.007040 0.007287
0.007037 0.009174
0.007032 0.009115
0.007025 0.007407
0.007021 0.007165
0.007019 0.009687
0.007014 0.007085
0.007003 0.008609
0.007002 0.008375
0.006997 0.009876
0.006995 0.011530
0.006995 0.007133
0.006993 0.007994
0.006990 0.009684
0.006990 0.007794
0.006980 0.008441
0.006974 0.010121
0.006974 0.009897
0.006971 0.007510
0.006971 0.013220
0.006964 0.008476
0.006958 0.008031
0.006955 0.007053
0.006952 0.009478
0.006947 0.008498
0.006942 0.008057
0.006940 0.009023
0.006938 0.008293
0.006935 0.009044
0.006929 0.009024
0.006927 0.007090
0.006925 0.007617
0.006923 0.007156
0.006923 0.008071
0.006917 0.013026
0.006910 0.008798
0.006909 0.007188
0.006901 0.008122
0.006900 0.008303
0.006900 0.018103
0.006899 0.011226
0.006897 0.007570
0.006894 0.006901
0.006891 0.007216
0.006890 0.007311
0.006878 0.009170
0.006859 0.009820
0.006858 0.007001
0.006852 0.007180
0.006852 0.008281
0.006833 0.011855
0.006829 0.012030
0.006824 0.007475
0.006822 0.008194
0.006818 0.008242
0.006817 0.014203
0.006812 0.007903
0.006804 0.008900
0.006801 0.008083
0.006801 0.006946
0.006796 0.009709
0.006794 0.007713
0.006791 0.010484
0.006789 0.006993
0.006788 0.008932
0.006777 0.007215
0.006772 0.009276
0.006771 0.007385
0.006770 0.008859
0.006767 0.007791
0.006761 0.008040
0.006751 0.006817
0.006741 0.010703
0.006733 0.011043
0.006729 0.006918
0.006725 0.009841
0.006725 0.007748
0.006717 0.012727
0.006716 0.008430
0.006713 0.006768
0.006711 0.007070
0.006711 0.006951
0.006702 0.008365
0.006701 0.006759
0.006700 0.006705
0.006696 0.007694
0.006695 0.006718
0.006694 0.011512
0.006690 0.007712
0.006687 0.007741
0.006685 0.008493
0.006681 0.007298
0.006678 0.007516
0.006675 0.009762
0.006673 0.010768
0.006659 0.007618
0.006657 0.007060
0.006649 0.007976
0.006647 0.010940
0.006644 0.008033
0.006643 0.007523
0.006642 0.009446
0.006637 0.008932
0.006636 0.006982
0.006633 0.013484
0.006632 0.013406
0.006630 0.006731
0.006627 0.011307
0.006625 0.012514
0.006622 0.008116
0.006617 0.011371
0.006617 0.006779
0.006614 0.007092
0.006614 0.008167
0.006611 0.007345
0.006611 0.007297
0.006603 0.008132
0.006603 0.007811
0.006602 0.007540
0.006600 0.008473
0.006598 0.010041
0.006596 0.007407
0.006595 0.014442
0.006588 0.008539
0.006586 0.006684
0.006584 0.013646
0.006583 0.006951
0.006582 0.006586
0.006581 0.007590
0.006575 0.007120
0.006573 0.006965
0.006572 0.007123
0.006570 0.011411
0.006566 0.008429
0.006562 0.017815
0.006558 0.019507
0.006558 0.006948
0.006558 0.007669
0.006554 0.006865
0.006553 0.006655
0.006551 0.009325
0.006544 0.006722
0.006536 0.008471
0.006536 0.007014
0.006530 0.006727
0.006525 0.007056
0.006524 0.007346
0.006521 0.006650
0.006519 0.006888
0.006518 0.009262
0.006506 0.008273
0.006499 0.012431
0.006497 0.007431
0.006497 0.008091
0.006496 0.007218
0.006492 0.007508
0.006487 0.008655
0.006486 0.006868
0.006486 0.006944
0.006484 0.007416
0.006484 0.006537
0.006473 0.009696
0.006465 0.009862
0.006464 0.006854
0.006459 0.008416
0.006458 0.012563
0.006458 0.013435
0.006456 0.007238
0.006444 0.009149
0.006438 0.006954
0.006437 0.008725
0.006433 0.006544
0.006432 0.008093
0.006427 0.011472
0.006426 0.008778
0.006417 0.006965
0.006415 0.010130
0.006414 0.007151
0.006407 0.006478
0.006404 0.007658
0.006403 0.013598
0.006401 0.007172
0.006394 0.008375
0.006394 0.007355
0.006384 0.008784
0.006383 0.009306
0.006378 0.006570
0.006375 0.010345
0.006366 0.008299
0.006365 0.007971
0.006362 0.009379
0.006359 0.006457
0.006356 0.009249
0.006350 0.007573
0.006345 0.006545
0.006345 0.006355
0.006344 0.006507
0.006343 0.007815
0.006341 0.008500
0.006340 0.006801
0.006340 0.013314
0.006333 0.007965
0.006333 0.009208
0.006332 0.014317
0.006322 0.006560
0.006321 0.006677
0.006321 0.008502
0.006310 0.007054
0.006308 0.007789
0.006303 0.010210
0.006302 0.009857
0.006292 0.007036
0.006285 0.007871
0.006283 0.006785
0.006277 0.009514
0.006270 0.006909
0.006268 0.007142
0.006267 0.008498
0.006266 0.007545
0.006265 0.008537
0.006264 0.014252
0.006261 0.010055
0.006258 0.009286
0.006253 0.006898
0.006249 0.007104
0.006248 0.007257
0.006245 0.007412
0.006240 0.006733
0.006230 0.008493
0.006227 0.007006
0.006227 0.006749
0.006226 0.006278
0.006217 0.006387
0.006212 0.010165
0.006197 0.007813
0.006195 0.007360
0.006192 0.008902
0.006189 0.007389
0.006189 0.006999
0.006185 0.008281
0.006181 0.015968
0.006180 0.006248
0.006177 0.007765
0.006177 0.008795
0.006176 0.010918
0.006174 0.006344
0.006162 0.008210
0.006158 0.006777
0.006157 0.006834
0.006157 0.006265
0.006154 0.006239
0.006149 0.006550
0.006147 0.006663
0.006142 0.007645
0.006136 0.007831
0.006136 0.009592
0.006133 0.013270
0.006131 0.006219
0.006127 0.007198
0.006125 0.006161
0.006120 0.011001
0.006119 0.007987
0.006118 0.007191
0.006117 0.006300
0.006115 0.007371
0.006113 0.008039
0.006110 0.007312
0.006107 0.006739
0.006107 0.009099
0.006104 0.007367
0.006104 0.007878
0.006102 0.007451
0.006098 0.007233
0.006097 0.006519
0.006096 0.006509
0.006094 0.010598
0.006094 0.006334
0.006092 0.006114
0.006088 0.007628
0.006074 0.008297
0.006071 0.006561
0.006069 0.008086
0.006065 0.010485
0.006064 0.011041
0.006059 0.006939
0.006054 0.009968
0.006051 0.006781
0.006045 0.010895
0.006040 0.010533
0.006038 0.010625
0.006037 0.009907
0.006034 0.006426
0.006028 0.006345
0.006028 0.006463
0.006020 0.008286
0.006016 0.006257
0.006012 0.008865
0.006011 0.007448
0.006007 0.006039
0.006006 0.007838
0.006004 0.009443
0.005997 0.007181
0.005996 0.006402
0.005996 0.006339
0.005994 0.006533
0.005992 0.009050
0.005990 0.006004
0.005990 0.006077
0.005989 0.007464
0.005988 0.006080
0.005986 0.006940
0.005984 0.008574
0.005983 0.007425
0.005979 0.006415
0.005971 0.006567
0.005969 0.006061
0.005961 0.006940
0.005959 0.007716
0.005955 0.006965
0.005952 0.006064
0.005949 0.007246
0.005948 0.006723
0.005940 0.009441
0.005936 0.011320
0.005927 0.008018
0.005924 0.006118
0.005914 0.006387
0.005913 0.010041
0.005907 0.006962
0.005903 0.006661
0.005900 0.007235
0.005900 0.006454
0.005895 0.006651
0.005889 0.013138
0.005880 0.011978
0.005879 0.007005
0.005879 0.006161
0.005878 0.005970
0.005878 0.006448
0.005875 0.006771
0.005867 0.012866
0.005865 0.009299
0.005861 0.005980
0.005859 0.007068
0.005858 0.006434
0.005857 0.008226
0.005857 0.011081
0.005855 0.009492
0.005848 0.007494
0.005838 0.006540
0.005836 0.007425
0.005835 0.005839
0.005834 0.010732
0.005834 0.007569
0.005834 0.007533
0.005832 0.006748
0.005831 0.006496
0.005818 0.006972
0.005818 0.009078
0.005813 0.006768
0.005813 0.010009
0.005813 0.008465
0.005810 0.011427
0.005809 0.006220
0.005807 0.007970
0.005804 0.007109
0.005796 0.006342
0.005796 0.006633
0.005792 0.006154
0.005782 0.012339
0.005777 0.006510
0.005776 0.006704
0.005775 0.006593
0.005774 0.005836
0.005771 0.006208
0.005759 0.006415
0.005758 0.007986
0.005756 0.005779
0.005754 0.006365
0.005748 0.006335
0.005745 0.006654
0.005738 0.006628
0.005735 0.005904
0.005731 0.009121
0.005728 0.006793
0.005726 0.006103
0.005724 0.006729
0.005722 0.007302
0.005718 0.009494
0.005714 0.006965
0.005711 0.006028
0.005709 0.009657
0.005703 0.006997
0.005703 0.006081
0.005701 0.010269
0.005700 0.006147
0.005688 0.007001
0.005682 0.006253
0.005668 0.006593
0.005668 0.006056
0.005667 0.005993
0.005667 0.005994
0.005666 0.005982
0.005665 0.008802
0.005663 0.008117
0.005658 0.007425
0.005654 0.005919
0.005647 0.006695
0.005646 0.008196
0.005641 0.009671
0.005640 0.006428
0.005638 0.006544
0.005637 0.007765
0.005635 0.005718
0.005634 0.010772
0.005634 0.007958
0.005626 0.006627
0.005620 0.006549
0.005609 0.006600
0.005605 0.010146
0.005601 0.010133
0.005598 0.006819
0.005591 0.009897
0.005590 0.006590
0.005589 0.005945
0.005584 0.005779
0.005580 0.013624
0.005577 0.008001
0.005572 0.006360
0.005568 0.012102
0.005564 0.006672
0.005555 0.006777
0.005552 0.006078
0.005543 0.007545
0.005539 0.005647
0.005538 0.006301
0.005536 0.005557
0.005532 0.005976
0.005527 0.009428
0.005526 0.007185
0.005521 0.006529
0.005512 0.005793
0.005503 0.005503
0.005502 0.006231
0.005495 0.006033
0.005489 0.005739
0.005488 0.006330
0.005482 0.009336
0.005474 0.005958
0.005473 0.009788
0.005469 0.006352
0.005465 0.009757
0.005462 0.007387
0.005462 0.008684
0.005448 0.006135
0.005439 0.007335
0.005428 0.013208
0.005419 0.006816
0.005410 0.005587
0.005410 0.007034
0.005408 0.009867
0.005406 0.006329
0.005398 0.008059
0.005397 0.005501
0.005378 0.005675
0.005375 0.006921
0.005373 0.006302
0.005364 0.006360
0.005358 0.005603
0.005355 0.006074
0.005347 0.005448
0.005347 0.008617
0.005345 0.005979
0.005344 0.008459
0.005339 0.006900
0.005338 0.005396
0.005331 0.005430
0.005328 0.010219
0.005320 0.007679
0.005313 0.006470
0.005310 0.006212
0.005306 0.008957
0.005306 0.005403
0.005304 0.006543
0.005293 0.005991
0.005290 0.006013
0.005284 0.006206
0.005273 0.006994
0.005265 0.005657
0.005260 0.008939
0.005258 0.006449
0.005251 0.005870
0.005251 0.007078
0.005249 0.005507
0.005248 0.005720
0.005247 0.005914
0.005247 0.007206
0.005235 0.006590
0.005231 0.005512
0.005230 0.006580
0.005228 0.008361
0.005225 0.005469
0.005219 0.006375
0.005218 0.007462
0.005214 0.005832
0.005212 0.007424
0.005210 0.005717
0.005207 0.012232
0.005197 0.005989
0.005186 0.005219
0.005179 0.007617
0.005179 0.005349
0.005175 0.006482
0.005174 0.006342
0.005171 0.006094
0.005162 0.007724
0.005148 0.006068
0.005140 0.005253
0.005138 0.005995
0.005136 0.009397
0.005128 0.005764
0.005118 0.006743
0.005115 0.005520
0.005107 0.007906
0.005106 0.005134
0.005104 0.006268
0.005100 0.011378
0.005095 0.005801
0.005091 0.008243
0.005085 0.007007
0.005075 0.008006
0.005075 0.005180
0.005069 0.007998
0.005060 0.008043
0.005051 0.005107
0.005046 0.005180
0.005042 0.005641
0.005030 0.006245
0.005030 0.005587
0.005026 0.005511
0.005026 0.005830
0.005022 0.006060
0.005015 0.005611
0.005012 0.007375
0.005010 0.006244
0.005008 0.006253
0.005004 0.005948
0.005000 0.006020
0.004996 0.007423
0.004991 0.005078
0.004990 0.005275
0.004988 0.005386
0.004988 0.006313
0.004985 0.005142
0.004984 0.006069
0.004980 0.005456
0.004975 0.006371
0.004971 0.006539
0.004951 0.006148
0.004949 0.006038
0.004937 0.005161
0.004937 0.006666
0.004929 0.008446
0.004920 0.006937
0.004918 0.008472
0.004890 0.005027
0.004890 0.009190
0.004880 0.005177
0.004870 0.006354
0.004862 0.005505
0.004854 0.005126
0.004851 0.009216
0.004822 0.005508
0.004819 0.007559
0.004806 0.004839
0.004805 0.004847
0.004789 0.006401
0.004788 0.006640
0.004788 0.006324
0.004768 0.006625
0.004765 0.004943
0.004760 0.004773
0.004760 0.005097
0.004757 0.005732
0.004747 0.004911
0.004727 0.004796
0.004721 0.004760
0.004717 0.005439
0.004712 0.005600
0.004706 0.004978
0.004704 0.004904
0.004704 0.005183
0.004695 0.005028
0.004686 0.005065
0.004686 0.005131
0.004672 0.005203
0.004664 0.005117
0.004652 0.005904
0.004649 0.004899
0.004648 0.005726
0.004647 0.005645
0.004643 0.006365
0.004633 0.007640
0.004621 0.012253
0.004604 0.004644
0.004594 0.004609
0.004591 0.005851
0.004574 0.004643
0.004571 0.005134
0.004570 0.005168
0.004569 0.006552
0.004568 0.004641
0.004566 0.005572
0.004555 0.005252
0.004551 0.004642
0.004533 0.004606
0.004532 0.005077
0.004521 0.004810
0.004506 0.005862
0.004503 0.006493
0.004495 0.004773
0.004487 0.004799
0.004486 0.009398
0.004484 0.005254
0.004483 0.004819
0.004483 0.005901
0.004478 0.006686
0.004478 0.005486
0.004473 0.004720
0.004466 0.007469
0.004458 0.008823
0.004456 0.004876
0.004444 0.005789
0.004442 0.006556
0.004434 0.006034
0.004431 0.004435
0.004429 0.005657
0.004421 0.004803
0.004399 0.004634
0.004364 0.005274
0.004364 0.004419
0.004358 0.004578
0.004355 0.004518
0.004350 0.005135
0.004349 0.004369
0.004342 0.004872
0.004329 0.005379
0.004325 0.005885
0.004320 0.004368
0.004313 0.005359
0.004306 0.004622
0.004282 0.005559
0.004282 0.004300
0.004280 0.004326
0.004260 0.004401
0.004255 0.004274
0.004244 0.005767
0.004225 0.004967
0.004224 0.005094
0.004213 0.004445
0.004205 0.004565
0.004201 0.004578
0.004197 0.005193
0.004183 0.005507
0.004171 0.005320
0.004160 0.005212
0.004158 0.004465
0.004157 0.004559
0.004151 0.005043
0.004149 0.004393
0.004126 0.004381
0.004124 0.004488
0.004118 0.004146
0.004110 0.004861
0.004094 0.005842
0.004093 0.004194
0.004087 0.004839
0.004052 0.006383
0.004046 0.004187
0.004027 0.005115
0.004021 0.004259
0.003997 0.004383
0.003980 0.004284
0.003977 0.004156
0.003967 0.005154
0.003950 0.004115
0.003937 0.007336
0.003927 0.004311
0.003914 0.004354
0.003910 0.008567
0.003906 0.004248
0.003895 0.004413
0.003877 0.004229
0.003866 0.003892
0.003843 0.003916
0.003841 0.003960
0.003830 0.004515
0.003827 0.003936
0.003819 0.007511
0.003818 0.004188
0.003811 0.004227
0.003797 0.004143
0.003788 0.003923
0.003786 0.004690
0.003781 0.004549
0.003772 0.003986
0.003755 0.003794
0.003750 0.004151
0.003738 0.003970
0.003734 0.003949
0.003726 0.005571
0.003725 0.004035
0.003686 0.005806
0.003683 0.003913
0.003682 0.004298
0.003644 0.003977
0.003625 0.005782
0.003608 0.004333
0.003606 0.003664
0.003605 0.004986
0.003591 0.003678
0.003590 0.003739
0.003586 0.004407
0.003575 0.004671
0.003570 0.004097
0.003566 0.003844
0.003560 0.003693
0.003560 0.005397
0.003549 0.004369
0.003544 0.003945
0.003537 0.004310
0.003534 0.003908
0.003531 0.003962
0.003524 0.003569
0.003522 0.003703
0.003517 0.003848
0.003491 0.003622
0.003491 0.004340
0.003483 0.003657
0.003479 0.006730
0.003476 0.003578
0.003473 0.003913
0.003465 0.005145
0.003465 0.003506
0.003430 0.003747
0.003429 0.003776
0.003413 0.004383
0.003407 0.004284
0.003406 0.003696
0.003395 0.003583
0.003353 0.004127
0.003348 0.003534
0.003330 0.004132
0.003316 0.003889
0.003315 0.003656
0.003309 0.004011
0.003308 0.003595
0.003277 0.003644
0.003258 0.003473
0.003247 0.003386
0.003245 0.003272
0.003238 0.003350
0.003231 0.003620
0.003181 0.003395
0.003165 0.004127
0.003150 0.003453
0.003131 0.004232
0.003070 0.003531
0.003065 0.003602
0.003025 0.003488
0.003018 0.003401
0.003018 0.003459
0.003010 0.003719
0.003005 0.003560
0.003001 0.003158
0.002957 0.002997
0.002937 0.002992
0.002921 0.003160
0.002917 0.002978
0.002900 0.003001
0.002899 0.003210
0.002884 0.003206
0.002871 0.003567
0.002854 0.002964
0.002841 0.002908
0.002828 0.002845
0.002803 0.002814
0.002770 0.002933
0.002673 0.003445
0.002636 0.003425
0.002604 0.002673
0.002567 0.003085
0.002536 0.002937
0.002535 0.002687
0.002533 0.002789
0.002503 0.002647
0.002485 0.002529
0.002454 0.002604
0.002423 0.002495
0.002391 0.002679
0.002339 0.002517
0.002252 0.002553
0.002239 0.002697
0.002196 0.002980
0.002150 0.002628
0.002047 0.002119
0.002034 0.002398
0.002004 0.002026
0.001956 0.002086
0.001954 0.002094
0.001930 0.002159
0.001890 0.001920
0.001819 0.001829
0.001791 0.002090
0.001784 0.002008
0.001781 0.001811
0.001754 0.001949
0.001742 0.001823
0.001555 0.001714
0.001422 0.001469
0.001395 0.001426
0.001372 0.001384
