0.080638 0.102846
0.078873 0.085719
0.075354 0.087421
0.072034 0.077399
0.069477 0.076119
0.067942 0.076972
0.067117 0.078788
0.065780 0.082841
0.063927 0.084773
0.063539 0.071923
0.063489 0.096223
0.062585 0.069421
0.062375 0.073921
0.059792 0.066368
0.058504 0.062887
0.057809 0.059951
0.056089 0.063940
0.055906 0.066451
0.054865 0.064214
0.054704 0.080794
0.053948 0.064779
0.053885 0.072196
0.053389 0.068168
0.053351 0.056878
0.052980 0.063926
0.052968 0.091353
0.052200 0.052837
0.052110 0.096396
0.052011 0.060388
0.051342 0.070557
0.051265 0.051519
0.051048 0.079904
0.050611 0.059485
0.050560 0.061153
0.050404 0.051735
0.049854 0.052376
0.049403 0.063515
0.049054 0.061021
0.049007 0.055963
0.048321 0.067813
0.047695 0.056299
0.047491 0.050816
0.046990 0.047105
0.046812 0.063189
0.046486 0.060010
0.046370 0.050026
0.046077 0.046433
0.045990 0.047068
0.045837 0.055001
0.045421 0.060175
0.045419 0.079182
0.045323 0.048878
0.044941 0.045447
0.044881 0.059414
0.044736 0.044880
0.044161 0.047088
0.043815 0.066231
0.043526 0.066762
0.043298 0.047114
0.043141 0.044410
0.042800 0.066104
0.042543 0.057938
0.042455 0.059597
0.042287 0.064726
0.041903 0.080369
0.041890 0.044631
0.041725 0.044368
0.041723 0.051431
0.041591 0.047670
0.040977 0.082925
0.040584 0.042780
0.040550 0.043688
0.040184 0.077403
0.040134 0.040799
0.040090 0.059108
0.039974 0.066290
0.039807 0.050449
0.039503 0.048170
0.039478 0.047162
0.039255 0.039989
0.038559 0.041048
0.038424 0.040606
0.038315 0.041090
0.038098 0.050612
0.037937 0.040717
0.037931 0.058891
0.037555 0.038318
0.037486 0.046858
0.037480 0.041526
0.037403 0.085915
0.037188 0.039457
0.036814 0.056847
0.036663 0.048934
0.036575 0.040845
0.036508 0.036565
0.036492 0.042972
0.036371 0.061336
0.036294 0.039278
0.035974 0.061808
0.035739 0.040156
0.035710 0.037297
0.035672 0.036926
0.035570 0.040814
0.035341 0.037674
0.035308 0.035948
0.035281 0.053469
0.035193 0.038628
0.035157 0.050406
0.034927 0.045427
0.034784 0.035504
0.034784 0.034905
0.034641 0.037856
0.034470 0.036020
0.034376 0.041392
0.034360 0.037943
0.034355 0.039327
0.034343 0.040969
0.034218 0.035063
0.034177 0.035888
0.033924 0.037941
0.033919 0.034611
0.033917 0.045901
0.033707 0.037967
0.033625 0.071674
0.033564 0.045339
0.033406 0.034644
0.033327 0.039615
0.033142 0.036935
0.033007 0.033019
0.032859 0.038468
0.032842 0.038954
0.032664 0.063430
0.032446 0.038991
0.032166 0.036629
0.031814 0.033426
0.031800 0.032318
0.031387 0.031976
0.031375 0.033525
0.031187 0.038030
0.031130 0.035018
0.030728 0.030915
0.030589 0.030947
0.030551 0.056238
0.030469 0.030656
0.030449 0.033886
0.030443 0.030951
0.030292 0.041865
0.030253 0.032958
0.030231 0.030328
0.030070 0.045160
0.030049 0.036948
0.029888 0.046179
0.029862 0.031366
0.029860 0.038073
0.029818 0.032525
0.029683 0.034872
0.029669 0.035280
0.029419 0.032464
0.029308 0.029737
0.029276 0.035263
0.029244 0.058202
0.029076 0.033297
0.029028 0.031295
0.028951 0.029364
0.028901 0.041263
0.028799 0.028973
0.028791 0.034704
0.028761 0.029860
0.028744 0.036811
0.028702 0.055369
0.028701 0.028957
0.028677 0.038982
0.028647 0.031045
0.028585 0.050980
0.028390 0.030806
0.028325 0.029093
0.028277 0.032289
0.028259 0.054099
0.028086 0.033217
0.027790 0.031171
0.027778 0.028691
0.027754 0.030505
0.027730 0.029697
0.027721 0.035896
0.027613 0.031251
0.027376 0.031403
0.027325 0.032244
0.027245 0.027553
0.027190 0.027975
0.027095 0.028341
0.027080 0.027482
0.026989 0.027643
0.026956 0.027556
0.026923 0.029469
0.026919 0.038513
0.026898 0.035880
0.026843 0.032061
0.026818 0.027105
0.026799 0.029898
0.026697 0.034847
0.026695 0.027951
0.026676 0.027480
0.026546 0.035118
0.026506 0.026670
0.026470 0.045349
0.026426 0.027220
0.026403 0.026474
0.026345 0.030848
0.026258 0.030090
0.026214 0.026397
0.026213 0.045045
0.026155 0.028645
0.026136 0.031108
0.026086 0.028764
0.026034 0.042230
0.025975 0.033190
0.025966 0.026209
0.025865 0.026378
0.025842 0.027249
0.025836 0.029595
0.025818 0.029410
0.025694 0.029789
0.025606 0.029173
0.025590 0.035111
0.025577 0.025759
0.025530 0.029987
0.025491 0.026456
0.025431 0.033593
0.025417 0.033290
0.025381 0.030474
0.025345 0.025996
0.025108 0.040372
0.025100 0.046740
0.025082 0.026628
0.025059 0.031438
0.025026 0.029249
0.024882 0.025882
0.024709 0.029577
0.024683 0.037359
0.024594 0.028816
0.024584 0.032372
0.024532 0.036133
0.024500 0.039606
0.024464 0.042668
0.024458 0.028854
0.024251 0.033258
0.024157 0.030089
0.024147 0.027168
0.024116 0.038207
0.024100 0.024178
0.024084 0.031074
0.024083 0.026163
0.023981 0.027040
0.023978 0.031417
0.023977 0.024900
0.023918 0.024596
0.023915 0.043461
0.023861 0.025860
0.023846 0.026767
0.023794 0.042035
0.023785 0.032214
0.023700 0.038703
0.023691 0.037533
0.023461 0.027295
0.023451 0.023811
0.023449 0.028263
0.023433 0.040143
0.023393 0.030075
0.023292 0.024525
0.023211 0.029627
0.023120 0.024704
0.022997 0.023174
0.022980 0.023607
0.022976 0.027853
0.022898 0.026806
0.022766 0.023959
0.022728 0.023061
0.022719 0.023723
0.022676 0.045683
0.022644 0.023259
0.022379 0.032361
0.022373 0.047276
0.022368 0.026039
0.022300 0.022890
0.022251 0.026149
0.022227 0.023225
0.022151 0.022874
0.022076 0.023612
0.022057 0.024593
0.021947 0.040755
0.021855 0.024752
0.021848 0.031989
0.021772 0.041506
0.021715 0.022399
0.021712 0.023745
0.021707 0.025002
0.021702 0.022643
0.021663 0.026251
0.021590 0.031018
0.021512 0.028162
0.021500 0.022791
0.021487 0.021699
0.021465 0.021509
0.021452 0.021646
0.021423 0.021931
0.021412 0.024938
0.021402 0.031699
0.021391 0.022356
0.021227 0.025833
0.021223 0.030723
0.021214 0.025038
0.021209 0.026033
0.021162 0.029430
0.021135 0.041127
0.021101 0.021546
0.021095 0.022490
0.020975 0.024247
0.020951 0.026686
0.020824 0.022153
0.020822 0.024272
0.020807 0.024803
0.020777 0.032788
0.020720 0.027131
0.020616 0.023762
0.020608 0.020614
0.020585 0.026157
0.020575 0.031330
0.020442 0.030752
0.020415 0.027701
0.020409 0.022941
0.020311 0.023814
0.020279 0.022441
0.020170 0.027431
0.020103 0.020211
0.020059 0.020132
0.020034 0.038900
0.019968 0.021117
0.019940 0.022375
0.019879 0.024999
0.019822 0.021343
0.019820 0.028798
0.019653 0.020263
0.019639 0.020547
0.019608 0.025338
0.019574 0.032209
0.019527 0.025364
0.019436 0.024182
0.019387 0.019599
0.019356 0.019835
0.019346 0.020037
0.019328 0.025808
0.019271 0.019615
0.019219 0.019332
0.019150 0.019588
0.019141 0.028229
0.019118 0.022434
0.019086 0.028749
0.019055 0.020455
0.018939 0.020847
0.018909 0.020003
0.018889 0.021409
0.018841 0.021580
0.018835 0.023026
0.018831 0.019409
0.018826 0.024483
0.018825 0.019857
0.018824 0.019128
0.018748 0.021346
0.018687 0.019374
0.018641 0.018956
0.018634 0.022295
0.018629 0.018771
0.018575 0.021614
0.018408 0.021698
0.018400 0.020171
0.018352 0.031579
0.018242 0.022639
0.018213 0.033059
0.018207 0.020059
0.018200 0.026377
0.018135 0.018634
0.018104 0.019776
0.018092 0.024686
0.018041 0.018245
0.018023 0.019425
0.018004 0.018587
0.017994 0.019157
0.017950 0.018880
0.017938 0.024858
0.017869 0.023410
0.017857 0.019280
0.017816 0.020471
0.017807 0.018407
0.017792 0.018109
0.017780 0.020887
0.017770 0.019245
0.017676 0.020118
0.017669 0.019743
0.017651 0.020191
0.017651 0.018172
0.017603 0.021489
0.017585 0.019372
0.017510 0.018369
0.017465 0.019304
0.017465 0.019397
0.017366 0.026245
0.017353 0.017697
0.017329 0.018872
0.017232 0.035934
0.017196 0.019359
0.017162 0.029536
0.017153 0.024436
0.017147 0.017732
0.017130 0.019218
0.017099 0.035330
0.017065 0.021537
0.017057 0.033183
0.017046 0.020509
0.017041 0.022052
0.017034 0.019238
0.016994 0.019020
0.016945 0.017546
0.016920 0.025233
0.016842 0.026305
0.016831 0.020860
0.016830 0.017379
0.016821 0.020883
0.016766 0.018344
0.016764 0.026140
0.016706 0.021589
0.016634 0.017711
0.016611 0.019072
0.016602 0.017461
0.016586 0.017788
0.016572 0.017225
0.016560 0.019345
0.016556 0.018065
0.016526 0.019390
0.016437 0.024674
0.016423 0.021266
0.016406 0.017192
0.016349 0.018490
0.016348 0.017722
0.016330 0.019739
0.016241 0.018020
0.016240 0.022787
0.016233 0.016951
0.016161 0.016774
0.016145 0.020240
0.016137 0.016182
0.016132 0.019257
0.016119 0.016140
0.016100 0.016873
0.016057 0.017266
0.016049 0.017104
0.016042 0.016425
0.016030 0.016591
0.015978 0.019896
0.015892 0.022611
0.015821 0.017484
0.015808 0.018751
0.015742 0.016164
0.015710 0.016810
0.015697 0.016288
0.015695 0.015747
0.015669 0.015917
0.015593 0.018341
0.015572 0.016725
0.015549 0.016018
0.015544 0.016827
0.015510 0.017556
0.015500 0.027131
0.015485 0.018343
0.015464 0.016038
0.015445 0.017889
0.015418 0.016332
0.015363 0.016292
0.015354 0.017201
0.015331 0.022615
0.015298 0.015539
0.015281 0.021090
0.015278 0.020744
0.015275 0.021249
0.015213 0.016014
0.015210 0.020543
0.015187 0.018214
0.015128 0.017258
0.015111 0.017541
0.015105 0.016624
0.015062 0.015225
0.015009 0.017289
0.014991 0.016911
0.014953 0.020710
0.014888 0.019052
0.014840 0.016567
0.014839 0.016848
0.014781 0.021533
0.014776 0.024327
0.014769 0.021427
0.014746 0.021948
0.014743 0.022658
0.014700 0.017123
0.014693 0.014728
0.014646 0.017911
0.014642 0.014784
0.014539 0.017107
0.014527 0.017725
0.014516 0.014568
0.014508 0.015102
0.014499 0.015997
0.014478 0.017011
0.014473 0.018923
0.014441 0.015083
0.014413 0.020588
0.014388 0.014650
0.014349 0.018129
0.014337 0.015494
0.014307 0.014585
0.014306 0.015801
0.014290 0.018685
0.014286 0.016149
0.014273 0.016211
0.014253 0.014462
0.014211 0.021751
0.014168 0.016958
0.014164 0.016159
0.014160 0.014559
0.014134 0.017273
0.014110 0.014495
0.014046 0.014082
0.014035 0.023906
0.014028 0.018078
0.014021 0.014023
0.013966 0.015858
0.013949 0.014118
0.013898 0.018435
0.013882 0.016440
0.013859 0.018742
0.013854 0.024452
0.013836 0.022952
0.013800 0.013913
0.013790 0.014166
0.013784 0.026461
0.013768 0.013849
0.013749 0.014761
0.013734 0.013880
0.013728 0.015080
0.013695 0.028512
0.013679 0.015330
0.013662 0.014975
0.013656 0.020696
0.013653 0.017452
0.013649 0.014318
0.013643 0.014045
0.013562 0.021023
0.013560 0.015603
0.013548 0.013859
0.013529 0.017568
0.013524 0.013691
0.013522 0.014878
0.013494 0.016610
0.013482 0.014232
0.013465 0.015043
0.013457 0.017201
0.013427 0.016177
0.013422 0.013473
0.013420 0.020378
0.013382 0.016232
0.013377 0.014452
0.013362 0.017975
0.013362 0.013717
0.013356 0.019074
0.013350 0.013607
0.013342 0.013691
0.013330 0.014402
0.013325 0.014485
0.013319 0.013692
0.013318 0.013511
0.013302 0.016255
0.013289 0.013534
0.013256 0.017928
0.013216 0.013798
0.013203 0.017536
0.013163 0.017458
0.013091 0.014537
0.013072 0.013737
0.013060 0.013555
0.013056 0.016969
0.013012 0.013240
0.013004 0.020183
0.012995 0.012998
0.012993 0.016065
0.012990 0.013188
0.012978 0.016909
0.012945 0.016757
0.012938 0.019534
0.012926 0.014084
0.012855 0.012975
0.012849 0.013365
0.012846 0.018574
0.012845 0.013380
0.012755 0.016340
0.012747 0.017332
0.012728 0.020867
0.012693 0.015233
0.012689 0.018020
0.012663 0.012872
0.012660 0.020219
0.012659 0.019772
0.012654 0.014217
0.012639 0.015936
0.012630 0.014081
0.012629 0.014885
0.012623 0.014629
0.012621 0.014916
0.012598 0.014298
0.012594 0.012717
0.012589 0.015338
0.012583 0.013791
0.012583 0.015307
0.012560 0.013043
0.012524 0.020399
0.012467 0.018372
0.012446 0.017207
0.012421 0.019315
0.012413 0.012728
0.012404 0.020998
0.012385 0.014341
0.012375 0.015759
0.012359 0.012986
0.012329 0.023692
0.012323 0.012721
0.012317 0.013488
0.012303 0.012813
0.012287 0.017607
0.012261 0.023163
0.012235 0.013645
0.012231 0.012923
0.012224 0.013815
0.012211 0.012527
0.012186 0.016473
0.012155 0.016009
0.012135 0.015320
0.012114 0.015407
0.012106 0.012760
0.012094 0.020780
0.012085 0.018226
0.012061 0.012857
0.012042 0.013101
0.012040 0.012549
0.012023 0.013433
0.012005 0.014636
0.011997 0.015414
0.011997 0.023225
0.011992 0.012196
0.011983 0.011985
0.011949 0.019165
0.011935 0.021574
0.011914 0.012517
0.011906 0.014855
0.011905 0.014970
0.011895 0.014834
0.011868 0.011979
0.011864 0.014188
0.011860 0.011936
0.011859 0.012115
0.011835 0.013944
0.011831 0.012487
0.011817 0.016962
0.011805 0.013148
0.011791 0.012225
0.011790 0.015845
0.011782 0.011802
0.011774 0.014080
0.011760 0.014280
0.011739 0.016729
0.011732 0.015693
0.011718 0.015013
0.011714 0.016749
0.011700 0.012455
0.011696 0.011844
0.011676 0.014156
0.011663 0.012814
0.011641 0.015758
0.011637 0.015723
0.011630 0.013069
0.011609 0.011808
0.011607 0.012565
0.011571 0.013073
0.011554 0.011994
0.011523 0.016224
0.011508 0.013746
0.011482 0.014011
0.011481 0.022305
0.011453 0.014281
0.011451 0.012829
0.011451 0.011859
0.011448 0.012895
0.011402 0.019142
0.011384 0.013071
0.011360 0.011402
0.011347 0.014280
0.011342 0.013024
0.011330 0.014160
0.011325 0.014791
0.011303 0.012419
0.011264 0.015284
0.011252 0.011311
0.011248 0.011302
0.011238 0.011921
0.011219 0.011312
0.011208 0.013045
0.011196 0.013040
0.011187 0.012625
0.011144 0.011790
0.011139 0.012848
0.011123 0.012778
0.011114 0.012687
0.011109 0.011541
0.011100 0.011486
0.011087 0.013251
0.011061 0.015420
0.011047 0.013704
0.011044 0.011290
0.011024 0.012076
0.011019 0.011749
0.011019 0.012054
0.011002 0.011937
0.010998 0.012438
0.010989 0.011455
0.010988 0.013603
0.010987 0.011392
0.010983 0.013907
0.010965 0.016182
0.010939 0.015734
0.010938 0.013200
0.010935 0.016384
0.010915 0.013379
0.010914 0.015283
0.010913 0.016212
0.010912 0.011549
0.010901 0.015694
0.010895 0.015027
0.010894 0.011536
0.010893 0.014548
0.010891 0.011157
0.010882 0.014189
0.010875 0.010973
0.010872 0.019220
0.010863 0.011653
0.010846 0.011107
0.010843 0.012283
0.010798 0.012415
0.010796 0.011144
0.010792 0.013619
0.010781 0.016926
0.010779 0.016042
0.010771 0.010828
0.010747 0.011112
0.010736 0.016087
0.010735 0.014823
0.010728 0.011269
0.010725 0.015140
0.010704 0.012034
0.010692 0.014739
0.010691 0.013547
0.010662 0.022469
0.010646 0.010932
0.010637 0.012831
0.010637 0.012533
0.010623 0.016455
0.010620 0.016980
0.010613 0.014485
0.010609 0.011275
0.010609 0.010974
0.010598 0.011238
0.010595 0.015800
0.010593 0.011144
0.010589 0.014300
0.010579 0.017199
0.010567 0.012572
0.010567 0.010832
0.010563 0.012986
0.010563 0.011219
0.010555 0.011667
0.010540 0.013983
0.010537 0.010693
0.010531 0.018657
0.010526 0.011720
0.010508 0.011343
0.010508 0.011278
0.010491 0.011167
0.010478 0.012449
0.010476 0.011662
0.010456 0.011014
0.010431 0.010672
0.010424 0.018872
0.010420 0.016131
0.010419 0.010479
0.010414 0.011809
0.010413 0.015292
0.010397 0.011393
0.010392 0.013118
0.010391 0.013793
0.010388 0.012288
0.010361 0.010405
0.010321 0.015450
0.010310 0.016556
0.010303 0.011222
0.010302 0.015622
0.010301 0.010353
0.010290 0.010726
0.010282 0.011898
0.010264 0.013986
0.010258 0.010288
0.010257 0.018596
0.010248 0.010425
0.010247 0.013616
0.010244 0.014633
0.010242 0.010960
0.010238 0.014070
0.010234 0.013403
0.010233 0.011127
0.010232 0.010669
0.010228 0.011259
0.010212 0.012979
0.010205 0.022176
0.010203 0.011121
0.010199 0.012140
0.010196 0.016074
0.010190 0.010854
0.010180 0.010471
0.010164 0.011658
0.010164 0.010579
0.010163 0.013523
0.010156 0.014141
0.010154 0.011183
0.010141 0.012484
0.010139 0.012540
0.010133 0.011393
0.010122 0.011170
0.010120 0.013431
0.010120 0.013583
0.010119 0.012982
0.010115 0.011725
0.010094 0.010316
0.010077 0.010515
0.010072 0.010582
0.010071 0.013848
0.010070 0.015080
0.010068 0.010476
0.010063 0.010781
0.010049 0.011121
0.010041 0.012020
0.010034 0.011054
0.010010 0.016644
0.010006 0.013056
0.010005 0.010065
0.009997 0.011626
0.009997 0.011128
0.009991 0.010639
0.009981 0.011134
0.009978 0.010124
0.009964 0.010813
0.009958 0.012583
0.009942 0.011432
0.009941 0.010821
0.009941 0.011098
0.009933 0.013337
0.009932 0.009970
0.009923 0.011091
0.009903 0.009979
0.009899 0.010287
0.009895 0.017165
0.009877 0.011570
0.009874 0.011564
0.009873 0.016219
0.009872 0.010138
0.009858 0.011814
0.009832 0.010028
0.009832 0.011064
0.009826 0.011646
0.009815 0.010432
0.009794 0.010539
0.009791 0.010225
0.009782 0.019662
0.009777 0.009872
0.009768 0.010145
0.009767 0.009988
0.009767 0.012130
0.009765 0.011975
0.009763 0.010675
0.009750 0.014702
0.009735 0.011839
0.009730 0.009739
0.009724 0.010438
0.009721 0.012775
0.009701 0.010840
0.009699 0.011898
0.009683 0.013205
0.009667 0.016940
0.009665 0.012497
0.009658 0.010114
0.009649 0.012474
0.009647 0.009966
0.009635 0.009862
0.009628 0.015279
0.009624 0.010154
0.009614 0.011303
0.009612 0.011794
0.009609 0.017948
0.009609 0.010079
0.009607 0.024408
0.009606 0.011015
0.009597 0.016546
0.009592 0.009897
0.009588 0.010453
0.009559 0.015602
0.009549 0.011271
0.009543 0.011644
0.009538 0.010799
0.009532 0.012141
0.009521 0.009523
0.009518 0.010613
0.009517 0.009710
0.009514 0.010226
0.009492 0.025149
0.009470 0.010697
0.009461 0.009679
0.009450 0.015806
0.009445 0.016443
0.009437 0.011121
0.009432 0.009873
0.009432 0.014115
0.009432 0.009700
0.009426 0.011046
0.009423 0.012622
0.009417 0.016623
0.009401 0.010406
0.009398 0.014800
0.009391 0.009957
0.009388 0.010561
0.009374 0.009620
0.009369 0.010265
0.009368 0.011131
0.009348 0.010461
0.009338 0.009565
0.009327 0.009839
0.009316 0.010542
0.009306 0.010943
0.009305 0.011761
0.009304 0.010937
0.009300 0.013944
0.009300 0.015434
0.009298 0.010327
0.009287 0.011953
0.009287 0.014629
0.009282 0.011200
0.009276 0.011471
0.009270 0.010390
0.009268 0.009496
0.009261 0.009654
0.009241 0.010613
0.009236 0.017460
0.009228 0.010186
0.009220 0.012034
0.009217 0.009226
0.009215 0.009361
0.009207 0.009442
0.009202 0.011266
0.009197 0.009913
0.009190 0.013946
0.009183 0.010960
0.009175 0.009481
0.009166 0.017943
0.009163 0.009259
0.009157 0.010859
0.009143 0.011276
0.009128 0.010872
0.009124 0.009423
0.009119 0.009279
0.009114 0.009358
0.009113 0.011927
0.009108 0.009288
0.009105 0.019780
0.009104 0.011281
0.009102 0.010134
0.009102 0.011247
0.009101 0.009933
0.009098 0.009703
0.009091 0.010346
0.009090 0.010513
0.009076 0.011662
0.009071 0.020920
0.009068 0.010281
0.009067 0.013439
0.009065 0.009260
0.009058 0.010542
0.009056 0.009119
0.009053 0.014854
0.009032 0.009669
0.009020 0.015042
0.009003 0.009647
0.009003 0.009697
0.008998 0.009589
0.008995 0.010613
0.008989 0.011884
0.008978 0.009971
0.008975 0.008991
0.008972 0.009669
0.008972 0.015979
0.008967 0.009275
0.008963 0.009587
0.008961 0.009013
0.008957 0.009540
0.008942 0.010532
0.008936 0.009312
0.008925 0.009288
0.008925 0.014054
0.008924 0.009310
0.008903 0.013070
0.008889 0.015827
0.008889 0.009383
0.008877 0.011349
0.008865 0.010347
0.008838 0.009135
0.008833 0.010455
0.008828 0.008909
0.008816 0.010685
0.008814 0.011285
0.008814 0.019599
0.008813 0.015878
0.008805 0.012077
0.008803 0.009171
0.008795 0.010339
0.008791 0.009204
0.008783 0.008916
0.008778 0.010295
0.008777 0.014099
0.008777 0.010698
0.008763 0.008818
0.008761 0.009495
0.008740 0.009502
0.008739 0.012977
0.008723 0.009579
0.008717 0.009363
0.008710 0.009751
0.008704 0.009083
0.008704 0.009871
0.008673 0.009780
0.008671 0.013226
0.008663 0.009944
0.008660 0.011331
0.008659 0.008968
0.008647 0.010621
0.008640 0.009169
0.008637 0.009032
0.008631 0.009568
0.008628 0.017092
0.008605 0.009135
0.008604 0.010001
0.008604 0.009649
0.008601 0.009207
0.008600 0.009989
0.008590 0.010941
0.008578 0.009768
0.008574 0.008861
0.008572 0.008721
0.008569 0.008920
0.008564 0.010269
0.008561 0.009353
0.008559 0.009496
0.008555 0.009372
0.008554 0.011502
0.008549 0.015661
0.008544 0.010019
0.008544 0.011316
0.008525 0.011183
0.008524 0.008974
0.008505 0.009001
0.008501 0.012660
0.008496 0.010208
0.008494 0.018701
0.008489 0.008810
0.008483 0.011963
0.008480 0.008526
0.008473 0.008548
0.008472 0.009964
0.008465 0.010664
0.008459 0.009183
0.008455 0.008879
0.008453 0.009179
0.008439 0.009524
0.008425 0.016748
0.008421 0.009402
0.008421 0.010267
0.008408 0.010743
0.008400 0.012072
0.008393 0.008734
0.008393 0.008892
0.008391 0.009842
0.008386 0.009252
0.008380 0.009004
0.008375 0.015712
0.008371 0.008566
0.008360 0.008533
0.008360 0.009578
0.008357 0.008476
0.008355 0.008494
0.008351 0.009028
0.008345 0.008941
0.008343 0.010241
0.008337 0.009528
0.008318 0.009256
0.008317 0.012189
0.008308 0.008487
0.008300 0.009263
0.008298 0.013617
0.008297 0.009367
0.008296 0.008696
0.008295 0.013382
0.008291 0.010292
0.008287 0.010584
0.008287 0.010635
0.008284 0.008534
0.008283 0.009130
0.008280 0.008731
0.008275 0.014906
0.008264 0.011214
0.008258 0.008560
0.008256 0.008732
0.008255 0.010021
0.008247 0.019013
0.008241 0.009524
0.008236 0.009236
0.008234 0.011010
0.008230 0.009048
0.008229 0.009369
0.008228 0.010075
0.008222 0.009907
0.008212 0.008957
0.008211 0.012052
0.008208 0.010235
0.008205 0.008885
0.008204 0.009985
0.008191 0.008264
0.008189 0.011821
0.008186 0.009623
0.008182 0.008375
0.008182 0.009691
0.008180 0.008278
0.008176 0.009655
0.008163 0.009569
0.008163 0.011750
0.008157 0.010685
0.008143 0.008895
0.008134 0.011358
0.008133 0.008447
0.008132 0.009492
0.008127 0.008631
0.008124 0.009613
0.008116 0.010143
0.008113 0.008753
0.008113 0.008392
0.008109 0.014724
0.008106 0.014575
0.008103 0.012181
0.008098 0.009761
0.008095 0.009949
0.008091 0.013607
0.008091 0.015737
0.008089 0.008163
0.008084 0.012919
0.008082 0.009338
0.008075 0.015881
0.008072 0.016781
0.008049 0.011980
0.008048 0.008604
0.008047 0.008059
0.008044 0.008363
0.008037 0.011027
0.008022 0.012586
0.008021 0.009028
0.008018 0.008386
0.008016 0.008473
0.008015 0.008214
0.008011 0.008192
0.008010 0.009883
0.008005 0.009827
0.007995 0.010290
0.007993 0.008929
0.007991 0.008044
0.007990 0.009190
0.007988 0.008229
0.007987 0.017710
0.007985 0.010632
0.007985 0.017568
0.007977 0.008029
0.007976 0.008084
0.007974 0.009510
0.007974 0.008998
0.007972 0.012663
0.007965 0.008860
0.007963 0.009980
0.007957 0.007972
0.007947 0.012900
0.007943 0.015983
0.007942 0.016598
0.007942 0.010189
0.007939 0.009394
0.007936 0.008217
0.007929 0.009029
0.007927 0.018982
0.007925 0.008057
0.007924 0.008190
0.007923 0.012221
0.007921 0.007966
0.007915 0.008251
0.007913 0.017926
0.007901 0.009581
0.007900 0.007916
0.007899 0.008010
0.007897 0.010010
0.007897 0.009180
0.007897 0.009217
0.007896 0.009619
0.007896 0.008767
0.007886 0.008508
0.007869 0.012114
0.007863 0.014879
0.007863 0.008834
0.007859 0.008022
0.007855 0.009831
0.007825 0.009233
0.007824 0.010988
0.007818 0.008540
0.007813 0.009061
0.007811 0.010057
0.007811 0.012199
0.007804 0.007814
0.007803 0.007848
0.007801 0.008034
0.007799 0.008168
0.007794 0.008121
0.007785 0.010413
0.007784 0.009369
0.007758 0.007962
0.007757 0.010718
0.007752 0.017582
0.007744 0.016965
0.007740 0.015823
0.007735 0.009254
0.007734 0.009470
0.007732 0.008139
0.007732 0.010705
0.007717 0.014211
0.007714 0.008799
0.007711 0.010058
0.007707 0.011924
0.007702 0.012100
0.007695 0.008093
0.007694 0.009015
0.007689 0.008968
0.007677 0.007874
0.007658 0.012084
0.007656 0.012011
0.007656 0.008209
0.007636 0.011475
0.007636 0.008189
0.007632 0.008564
0.007627 0.007793
0.007624 0.008326
0.007620 0.011389
0.007614 0.008024
0.007601 0.008541
0.007596 0.010174
0.007590 0.010710
0.007590 0.010036
0.007587 0.007813
0.007585 0.009907
0.007581 0.009783
0.007578 0.008455
0.007577 0.007610
0.007577 0.008498
0.007577 0.008146
0.007574 0.008865
0.007573 0.008719
0.007572 0.016599
0.007567 0.010594
0.007557 0.008446
0.007552 0.009550
0.007547 0.012697
0.007543 0.011361
0.007543 0.016208
0.007542 0.008551
0.007540 0.007711
0.007539 0.014270
0.007533 0.009887
0.007526 0.008775
0.007522 0.009375
0.007517 0.007948
0.007517 0.012099
0.007516 0.011562
0.007510 0.009010
0.007507 0.010318
0.007504 0.009943
0.007503 0.010738
0.007502 0.010780
0.007497 0.014774
0.007496 0.010893
0.007493 0.008684
0.007491 0.008152
0.007489 0.008103
0.007477 0.009938
0.007473 0.007725
0.007472 0.007636
0.007454 0.007460
0.007445 0.007828
0.007438 0.008280
0.007433 0.007575
0.007432 0.018464
0.007431 0.008279
0.007430 0.007806
0.007423 0.008848
0.007405 0.007942
0.007392 0.011701
0.007389 0.008337
0.007389 0.007926
0.007387 0.008169
0.007384 0.008146
0.007381 0.010265
0.007381 0.011642
0.007380 0.010310
0.007375 0.009679
0.007369 0.011641
0.007368 0.008413
0.007361 0.007629
0.007357 0.008076
0.007352 0.009934
0.007352 0.008149
0.007346 0.017033
0.007344 0.009576
0.007342 0.016589
0.007330 0.007909
0.007328 0.007871
0.007317 0.007608
0.007317 0.009892
0.007312 0.010475
0.007309 0.007374
0.007306 0.009385
0.007300 0.013193
0.007299 0.010059
0.007296 0.008482
0.007289 0.009049
0.007285 0.010691
0.007283 0.008291
0.007282 0.007559
0.007282 0.008036
0.007279 0.009482
0.007269 0.015659
0.007266 0.007420
0.007263 0.007999
0.007262 0.010144
0.007259 0.009598
0.007255 0.012195
0.007254 0.008427
0.007252 0.009130
0.007248 0.008566
0.007245 0.007625
0.007239 0.008792
0.007239 0.008553
0.007236 0.008999
0.007234 0.008907
0.007224 0.016578
0.007223 0.007276
0.007214 0.010813
0.007213 0.007912
0.007208 0.010693
0.007207 0.011213
0.007203 0.008845
0.007191 0.008987
0.007186 0.010160
0.007179 0.007611
0.007178 0.011592
0.007175 0.010291
0.007175 0.011903
0.007171 0.012934
0.007166 0.007256
0.007163 0.007630
0.007161 0.007273
0.007158 0.008074
0.007158 0.014447
0.007156 0.007257
0.007155 0.009509
0.007146 0.008032
0.007137 0.007303
0.007136 0.013915
0.007129 0.007745
0.007126 0.009463
0.007125 0.010334
0.007121 0.014086
0.007114 0.007126
0.007109 0.007791
0.007102 0.009848
0.007101 0.009490
0.007101 0.008464
0.007098 0.008007
0.007094 0.011684
0.007093 0.008983
0.007092 0.007886
0.007087 0.007314
0.007083 0.007732
0.007080 0.008543
0.007067 0.013577
0.007066 0.010406
0.007066 0.008632
0.007062 0.008127
0.007061 0.007765
0.007061 0.008408
0.007058 0.008078
0.007058 0.013416
0.007055 0.011122
0.007051 0.009050
0.007048 0.009150
0.007046 0.007418
0.007045 0.007684
0.007045 0.008816
0.007042 0.010045
0.007040 0.007132
0.007037 0.011422
0.007028 0.009111
0.007028 0.007693
0.007025 0.007596
0.007025 0.009370
0.007023 0.009400
0.007016 0.009013
0.007008 0.011994
0.007005 0.007701
0.006997 0.008468
0.006996 0.009217
0.006996 0.007517
0.006989 0.007993
0.006988 0.009623
0.006983 0.010896
0.006982 0.007778
0.006978 0.012891
0.006977 0.007727
0.006973 0.007583
0.006967 0.009528
0.006962 0.007573
0.006962 0.007025
0.006961 0.007336
0.006959 0.010689
0.006954 0.009095
0.006947 0.007424
0.006946 0.007184
0.006939 0.011032
0.006929 0.009028
0.006920 0.007954
0.006917 0.009648
0.006912 0.008510
0.006910 0.007291
0.006905 0.016596
0.006901 0.007923
0.006901 0.010217
0.006901 0.009647
0.006893 0.007761
0.006891 0.010036
0.006882 0.007192
0.006880 0.010197
0.006878 0.006913
0.006877 0.010552
0.006866 0.007390
0.006860 0.008262
0.006859 0.008516
0.006852 0.009687
0.006852 0.010468
0.006850 0.007070
0.006845 0.010407
0.006844 0.007598
0.006838 0.008370
0.006835 0.007176
0.006835 0.006835
0.006833 0.007229
0.006823 0.007386
0.006821 0.007653
0.006819 0.009058
0.006812 0.006982
0.006808 0.007841
0.006791 0.007949
0.006791 0.007140
0.006787 0.006851
0.006782 0.009975
0.006781 0.010271
0.006779 0.013526
0.006778 0.007044
0.006755 0.007293
0.006751 0.008246
0.006748 0.007148
0.006743 0.009222
0.006741 0.010866
0.006741 0.008502
0.006737 0.010072
0.006733 0.007104
0.006719 0.012642
0.006711 0.011521
0.006707 0.006762
0.006706 0.006767
0.006705 0.007320
0.006697 0.012699
0.006696 0.008521
0.006693 0.007102
0.006678 0.007520
0.006677 0.007848
0.006671 0.008127
0.006660 0.011040
0.006656 0.013867
0.006653 0.007202
0.006650 0.009771
0.006647 0.008695
0.006646 0.008242
0.006638 0.009871
0.006635 0.007829
0.006632 0.006949
0.006631 0.008617
0.006630 0.006758
0.006623 0.008743
0.006608 0.006753
0.006603 0.007422
0.006599 0.006863
0.006597 0.006837
0.006596 0.008919
0.006595 0.011634
0.006593 0.007425
0.006592 0.006979
0.006588 0.007940
0.006577 0.008991
0.006577 0.007067
0.006574 0.009774
0.006572 0.008080
0.006570 0.011547
0.006558 0.006837
0.006555 0.009235
0.006545 0.006611
0.006540 0.009764
0.006530 0.007214
0.006528 0.007017
0.006517 0.007928
0.006515 0.011198
0.006514 0.008275
0.006514 0.008456
0.006514 0.006552
0.006507 0.010993
0.006502 0.008185
0.006499 0.010160
0.006485 0.006694
0.006469 0.006995
0.006464 0.007397
0.006460 0.006635
0.006457 0.008135
0.006456 0.007124
0.006451 0.008560
0.006449 0.006667
0.006448 0.007878
0.006446 0.007986
0.006444 0.010460
0.006440 0.006897
0.006420 0.006911
0.006408 0.007693
0.006403 0.006673
0.006400 0.007714
0.006398 0.008190
0.006395 0.008646
0.006394 0.010683
0.006393 0.008286
0.006376 0.010454
0.006369 0.007947
0.006369 0.008155
0.006369 0.006446
0.006366 0.006638
0.006351 0.006736
0.006343 0.007347
0.006335 0.007640
0.006330 0.009053
0.006304 0.006632
0.006302 0.006388
0.006301 0.006846
0.006300 0.008428
0.006297 0.007002
0.006282 0.007060
0.006282 0.012391
0.006278 0.006281
0.006276 0.008048
0.006275 0.006300
0.006269 0.006481
0.006260 0.007375
0.006259 0.007757
0.006256 0.007932
0.006252 0.007437
0.006251 0.010441
0.006247 0.006628
0.006235 0.007454
0.006234 0.008088
0.006233 0.009478
0.006230 0.008779
0.006227 0.010655
0.006225 0.012248
0.006216 0.008033
0.006213 0.007456
0.006205 0.006742
0.006201 0.007841
0.006199 0.007559
0.006183 0.015105
0.006181 0.007928
0.006172 0.006230
0.006161 0.007788
0.006151 0.010140
0.006148 0.007557
0.006147 0.006692
0.006143 0.007228
0.006139 0.007088
0.006131 0.011750
0.006131 0.008673
0.006129 0.006163
0.006129 0.006620
0.006124 0.007247
0.006123 0.007983
0.006121 0.006487
0.006120 0.008273
0.006119 0.006569
0.006116 0.006231
0.006112 0.009060
0.006111 0.006292
0.006107 0.008521
0.006102 0.007299
0.006086 0.007064
0.006084 0.006362
0.006081 0.007011
0.006077 0.006139
0.006073 0.006181
0.006069 0.006952
0.006068 0.006166
0.006061 0.006412
0.006059 0.006062
0.006052 0.006599
0.006046 0.008644
0.006044 0.006918
0.006043 0.006294
0.006035 0.007280
0.006030 0.008586
0.006029 0.007083
0.006028 0.006803
0.006026 0.006980
0.006025 0.007365
0.006018 0.007914
0.006017 0.006104
0.006012 0.007247
0.006008 0.006305
0.006008 0.007596
0.006004 0.007021
0.006004 0.006515
0.006003 0.006140
0.005995 0.011885
0.005986 0.006003
0.005986 0.009912
0.005982 0.007163
0.005972 0.006247
0.005970 0.006380
0.005968 0.008539
0.005964 0.006670
0.005946 0.005970
0.005943 0.007811
0.005942 0.006376
0.005937 0.010770
0.005933 0.006036
0.005926 0.006026
0.005923 0.006092
0.005921 0.007550
0.005917 0.007158
0.005917 0.006163
0.005915 0.007043
0.005913 0.005946
0.005911 0.006995
0.005910 0.007720
0.005907 0.009554
0.005902 0.006013
0.005900 0.008645
0.005900 0.009658
0.005892 0.006932
0.005890 0.006849
0.005886 0.006715
0.005882 0.006176
0.005876 0.006157
0.005869 0.009878
0.005867 0.007180
0.005867 0.007112
0.005859 0.005974
0.005849 0.009650
0.005846 0.006950
0.005843 0.005863
0.005841 0.011046
0.005835 0.009263
0.005831 0.006727
0.005830 0.007485
0.005829 0.006308
0.005826 0.006260
0.005823 0.008710
0.005823 0.006248
0.005819 0.008111
0.005818 0.008335
0.005808 0.009138
0.005808 0.006941
0.005805 0.008830
0.005804 0.012945
0.005803 0.006199
0.005803 0.006826
0.005796 0.007131
0.005794 0.005827
0.005794 0.007750
0.005793 0.006511
0.005793 0.006313
0.005791 0.006089
0.005787 0.005907
0.005786 0.008245
0.005785 0.007146
0.005782 0.006915
0.005781 0.006619
0.005780 0.007757
0.005773 0.008089
0.005772 0.007796
0.005768 0.009911
0.005760 0.006007
0.005755 0.006376
0.005754 0.006804
0.005754 0.006352
0.005746 0.005843
0.005745 0.006034
0.005744 0.006326
0.005741 0.007034
0.005734 0.006019
0.005729 0.007206
0.005717 0.006179
0.005715 0.010977
0.005715 0.013375
0.005712 0.006284
0.005701 0.006457
0.005691 0.006201
0.005691 0.007129
0.005686 0.007677
0.005680 0.011078
0.005676 0.005919
0.005674 0.007278
0.005671 0.006802
0.005669 0.008499
0.005667 0.006800
0.005666 0.010462
0.005666 0.006098
0.005664 0.006546
0.005663 0.010272
0.005658 0.005984
0.005654 0.006098
0.005651 0.005777
0.005651 0.006340
0.005649 0.006132
0.005640 0.005791
0.005634 0.006927
0.005631 0.005683
0.005626 0.006028
0.005610 0.007441
0.005604 0.005763
0.005603 0.007854
0.005598 0.006333
0.005584 0.009437
0.005580 0.010815
0.005579 0.005664
0.005577 0.008600
0.005575 0.011081
0.005574 0.013234
0.005569 0.009052
0.005567 0.005678
0.005558 0.012240
0.005552 0.008983
0.005551 0.006198
0.005547 0.006799
0.005547 0.006023
0.005546 0.008024
0.005536 0.005624
0.005535 0.005964
0.005533 0.005837
0.005527 0.006193
0.005524 0.008189
0.005510 0.010741
0.005504 0.005561
0.005503 0.005997
0.005496 0.006218
0.005485 0.005685
0.005485 0.006578
0.005484 0.006200
0.005482 0.005620
0.005481 0.006236
0.005476 0.007905
0.005474 0.005636
0.005467 0.010499
0.005464 0.006052
0.005441 0.005832
0.005434 0.006499
0.005433 0.007782
0.005416 0.006896
0.005413 0.006432
0.005409 0.007626
0.005407 0.006921
0.005400 0.008140
0.005398 0.006063
0.005395 0.006337
0.005394 0.005449
0.005393 0.007874
0.005390 0.005997
0.005388 0.005410
0.005381 0.006737
0.005379 0.006533
0.005379 0.007650
0.005373 0.010590
0.005371 0.007582
0.005370 0.007071
0.005368 0.009098
0.005364 0.006056
0.005363 0.007411
0.005358 0.006317
0.005357 0.005915
0.005356 0.005435
0.005350 0.005681
0.005342 0.007523
0.005339 0.005428
0.005337 0.005805
0.005337 0.007389
0.005329 0.007474
0.005329 0.006235
0.005328 0.006612
0.005326 0.007473
0.005323 0.006413
0.005323 0.010108
0.005322 0.005816
0.005313 0.007531
0.005313 0.005560
0.005310 0.005779
0.005309 0.005326
0.005308 0.009436
0.005307 0.006393
0.005307 0.007176
0.005303 0.006140
0.005301 0.007388
0.005299 0.011930
0.005286 0.009044
0.005286 0.007095
0.005281 0.006235
0.005281 0.006026
0.005278 0.005954
0.005270 0.005286
0.005263 0.006072
0.005261 0.005402
0.005257 0.006843
0.005257 0.006045
0.005255 0.005337
0.005252 0.006427
0.005239 0.005395
0.005238 0.005275
0.005236 0.005300
0.005228 0.009578
0.005222 0.005414
0.005217 0.007197
0.005216 0.006366
0.005215 0.008443
0.005208 0.008209
0.005201 0.008939
0.005201 0.006695
0.005197 0.005819
0.005196 0.011147
0.005195 0.005218
0.005192 0.007053
0.005190 0.006716
0.005188 0.006901
0.005181 0.005440
0.005176 0.009753
0.005170 0.005323
0.005163 0.011282
0.005161 0.009332
0.005159 0.005790
0.005158 0.005283
0.005157 0.008499
0.005153 0.006134
0.005148 0.006523
0.005148 0.007200
0.005145 0.005452
0.005145 0.005714
0.005143 0.008068
0.005137 0.005365
0.005134 0.006369
0.005133 0.005477
0.005132 0.005481
0.005129 0.005840
0.005122 0.005556
0.005119 0.005160
0.005116 0.008000
0.005111 0.005141
0.005107 0.005480
0.005104 0.007048
0.005102 0.005346
0.005100 0.005839
0.005099 0.005291
0.005084 0.011572
0.005079 0.007777
0.005067 0.009353
0.005065 0.007318
0.005057 0.005669
0.005055 0.005425
0.005054 0.007425
0.005049 0.007427
0.005047 0.005329
0.005040 0.009188
0.005036 0.008939
0.005035 0.005087
0.005028 0.009352
0.005027 0.006756
0.005026 0.010069
0.005021 0.009886
0.005016 0.005476
0.005016 0.009108
0.005012 0.005850
0.005010 0.007744
0.005010 0.005760
0.005008 0.005133
0.005008 0.005480
0.005008 0.005289
0.005008 0.006717
0.004998 0.005273
0.004991 0.005574
0.004989 0.006436
0.004988 0.007630
0.004984 0.007811
0.004981 0.005478
0.004979 0.004983
0.004975 0.005867
0.004970 0.005076
0.004965 0.005699
0.004960 0.005464
0.004952 0.005319
0.004951 0.004995
0.004946 0.007692
0.004940 0.005145
0.004939 0.005151
0.004935 0.005337
0.004934 0.005493
0.004930 0.005399
0.004929 0.007463
0.004928 0.008208
0.004925 0.010740
0.004920 0.006966
0.004919 0.005145
0.004918 0.008286
0.004917 0.005091
0.004916 0.004981
0.004915 0.009325
0.004915 0.006270
0.004911 0.006575
0.004909 0.006735
0.004906 0.004946
0.004906 0.005264
0.004898 0.005772
0.004893 0.004897
0.004892 0.006451
0.004891 0.005972
0.004891 0.005380
0.004884 0.005335
0.004879 0.005971
0.004876 0.006690
0.004869 0.004962
0.004867 0.006636
0.004866 0.005448
0.004866 0.004968
0.004862 0.005781
0.004860 0.008722
0.004856 0.004943
0.004855 0.005388
0.004852 0.007851
0.004851 0.005124
0.004850 0.005457
0.004850 0.006127
0.004842 0.004867
0.004839 0.005044
0.004837 0.005710
0.004835 0.005165
0.004825 0.006718
0.004813 0.004928
0.004810 0.009290
0.004807 0.006344
0.004798 0.007802
0.004795 0.007577
0.004794 0.006702
0.004786 0.004845
0.004760 0.007532
0.004750 0.005316
0.004747 0.005037
0.004744 0.004746
0.004743 0.006046
0.004730 0.006519
0.004726 0.005390
0.004721 0.005359
0.004715 0.005506
0.004714 0.004791
0.004710 0.006093
0.004709 0.005279
0.004705 0.008955
0.004701 0.005014
0.004700 0.007536
0.004692 0.006119
0.004690 0.005195
0.004686 0.006546
0.004683 0.005470
0.004683 0.004719
0.004676 0.004905
0.004669 0.004761
0.004659 0.010901
0.004659 0.010019
0.004657 0.008137
0.004656 0.004834
0.004656 0.005083
0.004652 0.006157
0.004649 0.006847
0.004648 0.004800
0.004645 0.007589
0.004645 0.007082
0.004638 0.005927
0.004634 0.004857
0.004632 0.004973
0.004630 0.005285
0.004630 0.005234
0.004627 0.004971
0.004624 0.009966
0.004622 0.006716
0.004622 0.005495
0.004621 0.010171
0.004617 0.005191
0.004616 0.006108
0.004612 0.006018
0.004610 0.006145
0.004604 0.007749
0.004604 0.006151
0.004602 0.004800
0.004597 0.004686
0.004595 0.006026
0.004590 0.005645
0.004589 0.004983
0.004572 0.005665
0.004566 0.004833
0.004564 0.008681
0.004557 0.005496
0.004554 0.007890
0.004545 0.004985
0.004544 0.005141
0.004543 0.005153
0.004542 0.006096
0.004539 0.005260
0.004531 0.006193
0.004527 0.006670
0.004525 0.008096
0.004510 0.005236
0.004509 0.005256
0.004509 0.005235
0.004504 0.006713
0.004495 0.004546
0.004492 0.004931
0.004491 0.006330
0.004489 0.006346
0.004487 0.004825
0.004486 0.004718
0.004477 0.004504
0.004473 0.004839
0.004471 0.005050
0.004469 0.004655
0.004459 0.004885
0.004456 0.004580
0.004454 0.004816
0.004452 0.005541
0.004444 0.004574
0.004443 0.004673
0.004436 0.007247
0.004434 0.004767
0.004424 0.004918
0.004419 0.004827
0.004417 0.005008
0.004408 0.005256
0.004408 0.005135
0.004402 0.004678
0.004400 0.004580
0.004399 0.008522
0.004397 0.004664
0.004383 0.005851
0.004382 0.008370
0.004372 0.005052
0.004371 0.004888
0.004370 0.005394
0.004367 0.006142
0.004364 0.010062
0.004356 0.004683
0.004354 0.004797
0.004352 0.004828
0.004343 0.005371
0.004341 0.004822
0.004335 0.006104
0.004335 0.007087
0.004331 0.005832
0.004328 0.006920
0.004325 0.004969
0.004316 0.006723
0.004314 0.004448
0.004312 0.008700
0.004310 0.005797
0.004302 0.005487
0.004295 0.006084
0.004294 0.006168
0.004280 0.010622
0.004275 0.004755
0.004267 0.005734
0.004266 0.008495
0.004251 0.006155
0.004246 0.004746
0.004241 0.004295
0.004234 0.006785
0.004233 0.004687
0.004232 0.005592
0.004225 0.004646
0.004221 0.004331
0.004218 0.005034
0.004200 0.004204
0.004195 0.004394
0.004195 0.005140
0.004191 0.004619
0.004187 0.005673
0.004186 0.008826
0.004186 0.006132
0.004183 0.006709
0.004182 0.004660
0.004180 0.004232
0.004173 0.004822
0.004172 0.004992
0.004171 0.004700
0.004168 0.004623
0.004166 0.005830
0.004163 0.004522
0.004155 0.009300
0.004145 0.007401
0.004143 0.004564
0.004135 0.004709
0.004118 0.004613
0.004113 0.005290
0.004082 0.004568
0.004077 0.004411
0.004074 0.004653
0.004069 0.005589
0.004068 0.005231
0.004064 0.004870
0.004062 0.005340
0.004062 0.004431
0.004059 0.004069
0.004055 0.004522
0.004049 0.004332
0.004041 0.006295
0.004033 0.005164
0.004028 0.007232
0.004025 0.006021
0.004021 0.004363
0.004018 0.004985
0.004010 0.004273
0.004010 0.007299
0.004006 0.008166
0.004006 0.004069
0.004004 0.004437
0.003995 0.004860
0.003985 0.008161
0.003984 0.004312
0.003962 0.004054
0.003961 0.004353
0.003954 0.004481
0.003953 0.005249
0.003946 0.004856
0.003942 0.004776
0.003934 0.004553
0.003931 0.004413
0.003928 0.004365
0.003913 0.004326
0.003904 0.004535
0.003901 0.004741
0.003898 0.004310
0.003883 0.005089
0.003882 0.005917
0.003882 0.003954
0.003882 0.004442
0.003881 0.004167
0.003862 0.005358
0.003855 0.006981
0.003850 0.004766
0.003846 0.004915
0.003846 0.003855
0.003844 0.007265
0.003842 0.004665
0.003842 0.004268
0.003837 0.004312
0.003832 0.003833
0.003831 0.004520
0.003829 0.004509
0.003822 0.004803
0.003819 0.003861
0.003819 0.004631
0.003818 0.003850
0.003815 0.004412
0.003813 0.003898
0.003795 0.004940
0.003794 0.003798
0.003791 0.004032
0.003790 0.004871
0.003784 0.007526
0.003782 0.005601
0.003776 0.005650
0.003772 0.004257
0.003769 0.004966
0.003767 0.004635
0.003767 0.006553
0.003756 0.004053
0.003756 0.005133
0.003752 0.004708
0.003751 0.007587
0.003748 0.004729
0.003748 0.004985
0.003745 0.003837
0.003743 0.005056
0.003739 0.003789
0.003733 0.004728
0.003730 0.004720
0.003730 0.003895
0.003729 0.004371
0.003725 0.006732
0.003720 0.005353
0.003718 0.004238
0.003716 0.003890
0.003709 0.003897
0.003709 0.007136
0.003708 0.003746
0.003698 0.003843
0.003693 0.004424
0.003676 0.004118
0.003674 0.004265
0.003672 0.005941
0.003667 0.003749
0.003667 0.003986
0.003657 0.005172
0.003648 0.004662
0.003621 0.004226
0.003616 0.004428
0.003610 0.003667
0.003607 0.006450
0.003606 0.007183
0.003599 0.004015
0.003599 0.005781
0.003595 0.004490
0.003593 0.003757
0.003590 0.003700
0.003590 0.004209
0.003583 0.004157
0.003582 0.003605
0.003579 0.003945
0.003578 0.005147
0.003576 0.005173
0.003571 0.005975
0.003566 0.005706
0.003555 0.004839
0.003553 0.004578
0.003550 0.004600
0.003528 0.006858
0.003521 0.003549
0.003510 0.004680
0.003496 0.005215
0.003489 0.004942
0.003487 0.003534
0.003482 0.003559
0.003481 0.005225
0.003466 0.003555
0.003459 0.004416
0.003439 0.004261
0.003439 0.003573
0.003430 0.003654
0.003422 0.003891
0.003418 0.003441
0.003411 0.003465
0.003400 0.004556
0.003390 0.004563
0.003367 0.003737
0.003366 0.003938
0.003342 0.004490
0.003339 0.003368
0.003333 0.004033
0.003332 0.004068
0.003326 0.006886
0.003317 0.004117
0.003307 0.003464
0.003291 0.007783
0.003286 0.004299
0.003270 0.003425
0.003260 0.003291
0.003258 0.004608
0.003258 0.003414
0.003255 0.004036
0.003253 0.003399
0.003232 0.003281
0.003230 0.003394
0.003228 0.003489
0.003215 0.003679
0.003186 0.003430
0.003174 0.003674
0.003169 0.003827
0.003157 0.003177
0.003156 0.004174
0.003146 0.003430
0.003141 0.003152
0.003135 0.005290
0.003134 0.003195
0.003133 0.003392
0.003114 0.003482
0.003108 0.003556
0.003107 0.003203
0.003102 0.003302
0.003102 0.003438
0.003094 0.004046
0.003083 0.003539
0.003080 0.003278
0.003024 0.005748
0.003009 0.003069
0.003008 0.003128
0.002993 0.003217
0.002992 0.003299
0.002986 0.003399
0.002982 0.004850
0.002978 0.003290
0.002967 0.003078
0.002967 0.004327
0.002965 0.006361
0.002888 0.004451
0.002872 0.003389
0.002861 0.002876
0.002835 0.003117
0.002829 0.002965
0.002823 0.004938
0.002808 0.002981
0.002789 0.003095
0.002784 0.003168
0.002783 0.002883
0.002775 0.002944
0.002766 0.002932
0.002721 0.002829
0.002715 0.003590
0.002696 0.003426
0.002645 0.002727
0.002625 0.002803
0.002618 0.002678
0.002603 0.003166
0.002523 0.003127
0.002513 0.002944
0.002503 0.002675
0.002500 0.002647
0.002500 0.002513
0.002494 0.002581
0.002486 0.002543
0.002470 0.002645
0.002470 0.002890
0.002451 0.002480
0.002429 0.003029
0.002407 0.002491
0.002403 0.002487
0.002394 0.002804
0.002343 0.002778
0.002323 0.002333
0.002292 0.002483
0.002281 0.002431
0.002241 0.002893
0.002238 0.002576
0.002221 0.002477
0.002179 0.002641
0.002148 0.002586
0.002145 0.002339
0.002130 0.002524
0.002125 0.002378
0.002090 0.002366
0.002040 0.002240
0.001947 0.002131
0.001887 0.002084
0.001286 0.001617
