0.611932 0.632149
0.279342 0.310190
0.207130 0.229905
0.153656 0.182043
0.151431 0.168752
0.146713 0.171350
0.125934 0.138822
0.120104 0.129042
0.111366 0.145745
0.099886 0.102797
0.094114 0.113944
0.092842 0.111484
0.089971 0.095989
0.087863 0.097270
0.084822 0.088324
0.079279 0.099795
0.077537 0.084949
0.074783 0.086488
0.068834 0.114854
0.067612 0.085928
0.064911 0.089627
0.064904 0.074749
0.063676 0.066861
0.062535 0.113834
0.059913 0.070159
0.058956 0.061457
0.058602 0.086069
0.058225 0.063446
0.056959 0.069161
0.056824 0.094445
0.054837 0.057284
0.054454 0.072177
0.051563 0.063954
0.051395 0.051792
0.049824 0.050891
0.048693 0.076020
0.048619 0.056663
0.048560 0.048578
0.048143 0.049706
0.047768 0.082099
0.047696 0.052430
0.047323 0.052053
0.047057 0.048246
0.046959 0.064416
0.046914 0.048370
0.046737 0.051714
0.046608 0.049621
0.046516 0.053639
0.046336 0.054176
0.046294 0.077597
0.045338 0.046030
0.045259 0.053252
0.044816 0.074210
0.044758 0.049985
0.044692 0.076284
0.044547 0.067228
0.044249 0.047101
0.044234 0.049381
0.044207 0.047088
0.044148 0.055853
0.043979 0.045819
0.043886 0.057377
0.043881 0.060519
0.043796 0.071912
0.043029 0.069296
0.042961 0.043344
0.042711 0.043970
0.042480 0.072226
0.042356 0.065381
0.042217 0.042306
0.042166 0.046120
0.041904 0.044582
0.041567 0.047731
0.041524 0.051197
0.041402 0.048269
0.041025 0.062498
0.040966 0.050454
0.040796 0.045190
0.040276 0.046538
0.040056 0.058551
0.039903 0.043875
0.039655 0.049706
0.039465 0.039935
0.039072 0.040022
0.039055 0.043178
0.038916 0.040918
0.038914 0.045467
0.038802 0.073701
0.038743 0.041449
0.038623 0.040691
0.038485 0.043048
0.038037 0.049183
0.038029 0.040228
0.037968 0.048048
0.037955 0.053576
0.037920 0.075566
0.037688 0.038915
0.037286 0.062608
0.037112 0.039644
0.037093 0.081747
0.036952 0.037328
0.036890 0.048681
0.036803 0.052046
0.036597 0.041462
0.036510 0.064505
0.036147 0.037086
0.036100 0.047759
0.036027 0.043784
0.035990 0.050942
0.035967 0.036656
0.035831 0.044355
0.035195 0.035889
0.035170 0.037585
0.035074 0.050936
0.034998 0.067507
0.034976 0.038861
0.034954 0.042984
0.034583 0.036881
0.034545 0.053361
0.034406 0.040705
0.034367 0.055053
0.034346 0.043932
0.034283 0.034707
0.034150 0.053732
0.033676 0.035044
0.033654 0.049153
0.033576 0.039184
0.032957 0.034481
0.032468 0.035261
0.032354 0.038350
0.032311 0.040768
0.032280 0.032851
0.032150 0.042907
0.032081 0.040789
0.031846 0.046447
0.031708 0.036163
0.031686 0.039810
0.031684 0.033621
0.031674 0.066205
0.031541 0.058488
0.031422 0.031757
0.031335 0.036757
0.031215 0.032354
0.031110 0.031317
0.030737 0.035690
0.030668 0.040834
0.030634 0.037415
0.030476 0.030666
0.030275 0.036051
0.029853 0.041512
0.029745 0.047437
0.029282 0.035568
0.029146 0.036507
0.029023 0.042379
0.028892 0.037594
0.028760 0.034293
0.028500 0.050502
0.028402 0.036878
0.028337 0.031900
0.028334 0.029643
0.028276 0.030804
0.028008 0.034176
0.027849 0.034125
0.027847 0.042628
0.027753 0.029437
0.027737 0.047099
0.027711 0.030693
0.027672 0.030457
0.027632 0.036042
0.027595 0.038119
0.027586 0.039780
0.027572 0.029736
0.027504 0.038966
0.027224 0.029799
0.027041 0.062345
0.027032 0.041198
0.027004 0.028477
0.026959 0.028812
0.026805 0.029508
0.026598 0.034908
0.026570 0.027497
0.026538 0.051902
0.026386 0.028080
0.026335 0.056012
0.026260 0.040468
0.026242 0.033296
0.026168 0.043116
0.026027 0.028497
0.026006 0.029686
0.025982 0.029310
0.025916 0.026132
0.025857 0.027077
0.025751 0.035135
0.025715 0.046072
0.025655 0.048999
0.025639 0.028348
0.025551 0.031687
0.025361 0.038657
0.025284 0.027869
0.025199 0.027002
0.025033 0.026538
0.025027 0.027969
0.025005 0.025048
0.024893 0.035266
0.024892 0.025148
0.024866 0.030939
0.024751 0.028615
0.024506 0.031932
0.024152 0.031290
0.024024 0.030428
0.024022 0.026385
0.023501 0.027218
0.023243 0.023530
0.023092 0.027010
0.022982 0.024943
0.022611 0.024786
0.022547 0.028860
0.022166 0.022680
0.022080 0.023464
0.021986 0.025213
0.021977 0.026570
0.021840 0.025035
0.021739 0.021867
0.021680 0.026985
0.021613 0.036668
0.021590 0.024414
0.021342 0.031552
0.021107 0.021468
0.021031 0.025319
0.021026 0.028460
0.020960 0.022967
0.020887 0.025351
0.020831 0.027524
0.020780 0.024023
0.020756 0.023162
0.020695 0.020730
0.020236 0.023907
0.020225 0.021389
0.020015 0.022265
0.019824 0.021584
0.019682 0.020217
0.019662 0.025981
0.019613 0.023203
0.019576 0.021211
0.019365 0.020332
0.019361 0.020216
0.019252 0.020489
0.019221 0.024093
0.019172 0.020516
0.019114 0.021488
0.019107 0.023827
0.018982 0.021417
0.018912 0.019825
0.018897 0.023055
0.018682 0.023339
0.018467 0.027329
0.018356 0.019037
0.018332 0.023085
0.018300 0.020092
0.018240 0.018429
0.018140 0.029644
0.017913 0.018653
0.017906 0.019618
0.017588 0.035126
0.017463 0.022470
0.017359 0.020516
0.017334 0.018661
0.017291 0.018258
0.017230 0.019143
0.017227 0.017711
0.017188 0.020391
0.017168 0.020782
0.017067 0.019085
0.016985 0.020754
0.016830 0.018346
0.016798 0.019398
0.016740 0.018113
0.016725 0.019132
0.016713 0.023813
0.016626 0.028527
0.016583 0.017354
0.016563 0.029927
0.016386 0.018098
0.016374 0.030868
0.016348 0.016493
0.016291 0.018596
0.016280 0.017334
0.016253 0.021027
0.016170 0.018673
0.016161 0.026136
0.016149 0.018301
0.016093 0.017446
0.016088 0.027710
0.016032 0.018716
0.015967 0.016022
0.015962 0.016234
0.015806 0.028910
0.015801 0.016844
0.015653 0.023712
0.015430 0.017945
0.015371 0.019214
0.015346 0.017912
0.015291 0.022351
0.015258 0.017462
0.015243 0.015564
0.015222 0.024850
0.015111 0.017872
0.015098 0.018818
0.015008 0.015796
0.014950 0.018899
0.014750 0.015450
0.014710 0.015849
0.014649 0.014975
0.014624 0.015403
0.014596 0.014943
0.014579 0.016082
0.014559 0.018738
0.014537 0.015214
0.014530 0.017501
0.014407 0.018505
0.014382 0.014457
0.014341 0.024067
0.014256 0.016026
0.014253 0.023476
0.014238 0.014488
0.014177 0.015700
0.014168 0.021242
0.014056 0.014842
0.014007 0.014559
0.013981 0.013985
0.013847 0.014226
0.013823 0.027261
0.013765 0.019801
0.013740 0.015330
0.013725 0.014386
0.013699 0.013976
0.013639 0.022090
0.013607 0.018633
0.013578 0.017980
0.013537 0.025142
0.013508 0.023503
0.013506 0.019057
0.013504 0.017646
0.013453 0.023042
0.013434 0.015548
0.013413 0.017307
0.013411 0.014058
0.013378 0.013517
0.013286 0.013696
0.013270 0.017417
0.013237 0.014783
0.013120 0.017510
0.013074 0.013586
0.013024 0.020882
0.013001 0.014256
0.012964 0.014564
0.012844 0.014376
0.012841 0.021011
0.012808 0.013911
0.012801 0.017103
0.012780 0.019859
0.012760 0.012794
0.012656 0.013800
0.012641 0.014936
0.012640 0.013112
0.012634 0.017389
0.012588 0.013560
0.012581 0.013163
0.012562 0.012583
0.012535 0.012706
0.012512 0.014108
0.012482 0.020694
0.012472 0.013238
0.012472 0.017687
0.012462 0.013728
0.012450 0.014511
0.012373 0.014625
0.012335 0.013656
0.012335 0.016384
0.012301 0.013293
0.012279 0.012563
0.012278 0.013480
0.012269 0.013296
0.012256 0.012998
0.012223 0.014788
0.012222 0.013638
0.012221 0.014367
0.012195 0.012472
0.012184 0.013740
0.012183 0.028999
0.012164 0.017940
0.012117 0.012503
0.012086 0.012619
0.012049 0.012969
0.012049 0.012356
0.012046 0.016926
0.012020 0.012220
0.012020 0.013440
0.011999 0.012131
0.011996 0.012661
0.011982 0.013135
0.011968 0.012326
0.011957 0.012725
0.011915 0.018530
0.011900 0.013736
0.011867 0.012736
0.011861 0.013645
0.011845 0.024009
0.011830 0.012369
0.011827 0.012031
0.011815 0.012514
0.011784 0.013376
0.011783 0.012989
0.011770 0.013473
0.011764 0.012018
0.011733 0.013012
0.011720 0.012791
0.011716 0.011830
0.011713 0.016228
0.011695 0.012117
0.011689 0.012351
0.011670 0.014175
0.011624 0.012025
0.011613 0.013130
0.011611 0.015482
0.011602 0.013868
0.011580 0.011987
0.011573 0.014066
0.011515 0.012025
0.011506 0.011827
0.011477 0.012241
0.011463 0.012307
0.011440 0.011492
0.011415 0.013285
0.011378 0.016812
0.011372 0.012271
0.011323 0.011472
0.011319 0.017727
0.011310 0.017867
0.011298 0.011844
0.011267 0.013051
0.011264 0.017978
0.011237 0.011903
0.011230 0.015139
0.011230 0.011252
0.011206 0.011963
0.011203 0.017149
0.011191 0.012945
0.011161 0.014771
0.011126 0.012483
0.011105 0.011672
0.011087 0.015105
0.011085 0.017614
0.011072 0.014394
0.011043 0.012393
0.010969 0.021115
0.010910 0.010972
0.010898 0.011507
0.010892 0.016377
0.010883 0.010883
0.010851 0.011864
0.010844 0.014170
0.010811 0.011259
0.010807 0.011541
0.010773 0.011473
0.010752 0.018306
0.010661 0.010706
0.010660 0.010760
0.010651 0.019049
0.010642 0.012297
0.010642 0.010687
0.010636 0.013534
0.010619 0.013526
0.010601 0.011345
0.010577 0.011603
0.010568 0.011005
0.010560 0.012529
0.010551 0.012827
0.010530 0.013627
0.010515 0.011068
0.010501 0.018435
0.010474 0.015380
0.010450 0.012952
0.010411 0.012186
0.010385 0.011260
0.010361 0.013185
0.010347 0.011479
0.010346 0.010553
0.010307 0.013637
0.010306 0.012756
0.010302 0.010505
0.010302 0.015028
0.010284 0.012699
0.010283 0.010882
0.010272 0.010816
0.010271 0.010920
0.010251 0.010991
0.010240 0.013515
0.010230 0.012936
0.010204 0.020174
0.010198 0.014306
0.010186 0.010666
0.010180 0.013498
0.010135 0.010260
0.010129 0.011884
0.010125 0.010701
0.010123 0.011256
0.010121 0.012875
0.010112 0.012213
0.010102 0.011157
0.010087 0.012554
0.010084 0.011963
0.010080 0.011512
0.010063 0.012531
0.010052 0.013461
0.010030 0.010175
0.010025 0.010436
0.010021 0.015331
0.009998 0.010182
0.009992 0.014905
0.009983 0.011664
0.009955 0.011468
0.009949 0.014570
0.009947 0.013569
0.009935 0.011723
0.009906 0.015806
0.009895 0.017433
0.009890 0.013507
0.009875 0.009998
0.009875 0.011861
0.009868 0.011318
0.009854 0.010721
0.009825 0.019584
0.009802 0.014182
0.009788 0.012806
0.009785 0.010184
0.009764 0.010380
0.009762 0.013055
0.009759 0.010761
0.009757 0.015579
0.009735 0.009753
0.009720 0.009917
0.009690 0.014590
0.009680 0.010297
0.009674 0.014694
0.009670 0.010392
0.009667 0.010173
0.009654 0.016834
0.009653 0.010393
0.009604 0.010057
0.009558 0.009903
0.009538 0.012818
0.009526 0.010163
0.009516 0.015105
0.009509 0.010253
0.009458 0.010909
0.009437 0.011163
0.009429 0.014443
0.009424 0.010224
0.009423 0.009799
0.009421 0.010134
0.009400 0.011139
0.009399 0.009944
0.009393 0.011266
0.009378 0.009964
0.009370 0.015923
0.009366 0.011614
0.009358 0.009833
0.009349 0.012406
0.009337 0.010360
0.009329 0.009354
0.009300 0.016395
0.009293 0.011847
0.009283 0.011367
0.009277 0.010974
0.009275 0.021653
0.009273 0.009673
0.009251 0.010662
0.009248 0.010308
0.009237 0.012026
0.009214 0.009282
0.009211 0.016615
0.009191 0.009234
0.009188 0.009340
0.009185 0.010730
0.009178 0.010156
0.009172 0.011163
0.009170 0.009306
0.009155 0.012559
0.009133 0.010955
0.009130 0.010582
0.009126 0.011208
0.009117 0.009464
0.009115 0.010204
0.009100 0.014278
0.009097 0.011487
0.009085 0.013252
0.009074 0.011377
0.009068 0.012401
0.009066 0.009101
0.009044 0.009044
0.009032 0.010008
0.009019 0.010087
0.009013 0.009862
0.008969 0.009897
0.008967 0.010110
0.008966 0.010571
0.008960 0.009398
0.008949 0.011920
0.008946 0.009087
0.008935 0.009199
0.008927 0.010300
0.008909 0.011761
0.008909 0.009026
0.008908 0.009003
0.008905 0.010124
0.008900 0.009266
0.008881 0.015796
0.008871 0.009243
0.008855 0.009479
0.008834 0.009766
0.008831 0.008891
0.008821 0.009000
0.008811 0.009694
0.008805 0.012064
0.008799 0.010773
0.008792 0.009663
0.008775 0.011128
0.008773 0.012194
0.008769 0.012450
0.008766 0.009113
0.008761 0.013377
0.008760 0.011649
0.008755 0.010305
0.008729 0.008857
0.008722 0.009258
0.008720 0.016087
0.008714 0.009034
0.008712 0.010063
0.008706 0.009368
0.008694 0.009989
0.008691 0.011070
0.008689 0.008799
0.008676 0.009177
0.008674 0.012814
0.008661 0.013666
0.008658 0.012109
0.008639 0.010080
0.008636 0.010487
0.008622 0.009293
0.008613 0.010575
0.008596 0.009366
0.008594 0.010553
0.008586 0.009102
0.008586 0.017555
0.008585 0.009203
0.008578 0.008887
0.008534 0.008913
0.008526 0.008724
0.008524 0.010388
0.008517 0.009458
0.008516 0.009229
0.008510 0.008871
0.008509 0.014606
0.008505 0.012081
0.008498 0.012000
0.008497 0.008661
0.008490 0.010792
0.008485 0.008945
0.008484 0.008732
0.008481 0.009304
0.008480 0.008975
0.008470 0.009431
0.008449 0.010847
0.008445 0.016011
0.008426 0.008901
0.008423 0.009218
0.008420 0.010666
0.008405 0.008601
0.008396 0.010731
0.008386 0.009987
0.008374 0.008378
0.008354 0.008652
0.008349 0.009098
0.008349 0.010220
0.008344 0.010506
0.008341 0.008379
0.008339 0.008986
0.008335 0.011258
0.008321 0.008943
0.008319 0.008442
0.008306 0.010189
0.008305 0.008660
0.008294 0.010953
0.008290 0.008880
0.008290 0.010791
0.008285 0.009394
0.008275 0.010186
0.008274 0.009144
0.008272 0.010781
0.008272 0.008637
0.008272 0.008357
0.008260 0.009728
0.008259 0.012097
0.008237 0.008846
0.008232 0.008268
0.008226 0.011122
0.008226 0.008606
0.008224 0.010487
0.008212 0.008553
0.008211 0.008569
0.008208 0.008809
0.008207 0.008819
0.008199 0.008436
0.008177 0.011888
0.008177 0.008791
0.008173 0.008297
0.008166 0.008989
0.008164 0.009601
0.008163 0.008395
0.008151 0.008701
0.008146 0.008879
0.008144 0.009124
0.008141 0.015480
0.008139 0.012203
0.008126 0.009262
0.008120 0.014564
0.008119 0.009760
0.008117 0.008245
0.008116 0.008243
0.008094 0.008180
0.008092 0.010003
0.008070 0.008071
0.008066 0.009314
0.008042 0.012081
0.008029 0.014156
0.008019 0.009110
0.008016 0.008442
0.008008 0.011475
0.008003 0.012800
0.007999 0.016451
0.007995 0.010038
0.007995 0.011857
0.007985 0.012130
0.007980 0.010049
0.007956 0.008120
0.007955 0.008384
0.007940 0.011789
0.007919 0.008466
0.007915 0.008494
0.007914 0.008393
0.007914 0.008107
0.007914 0.008146
0.007914 0.016681
0.007913 0.008155
0.007910 0.008040
0.007905 0.009050
0.007898 0.008389
0.007898 0.008755
0.007889 0.007992
0.007883 0.008711
0.007872 0.008336
0.007869 0.011929
0.007867 0.008048
0.007850 0.007957
0.007845 0.009592
0.007845 0.008560
0.007844 0.009319
0.007840 0.014086
0.007836 0.012039
0.007835 0.009393
0.007825 0.009474
0.007821 0.010915
0.007819 0.008268
0.007812 0.011062
0.007803 0.008906
0.007799 0.007868
0.007793 0.007868
0.007790 0.007820
0.007777 0.010213
0.007775 0.009217
0.007774 0.008222
0.007773 0.011032
0.007769 0.008010
0.007758 0.008045
0.007756 0.008672
0.007754 0.009566
0.007749 0.008810
0.007746 0.011701
0.007728 0.008351
0.007728 0.008972
0.007726 0.007996
0.007714 0.009313
0.007707 0.009329
0.007697 0.008676
0.007697 0.009609
0.007695 0.007708
0.007691 0.009474
0.007682 0.013747
0.007681 0.007811
0.007681 0.009302
0.007679 0.008406
0.007679 0.008485
0.007673 0.010602
0.007670 0.007849
0.007669 0.010041
0.007664 0.009351
0.007661 0.007738
0.007654 0.009355
0.007651 0.009791
0.007646 0.010468
0.007634 0.009081
0.007627 0.009210
0.007624 0.008168
0.007619 0.013321
0.007617 0.010864
0.007614 0.009020
0.007607 0.008864
0.007597 0.010476
0.007594 0.008325
0.007591 0.007729
0.007590 0.011404
0.007555 0.008065
0.007549 0.008520
0.007547 0.010216
0.007542 0.008352
0.007539 0.009033
0.007526 0.009781
0.007512 0.008114
0.007502 0.007612
0.007500 0.012998
0.007491 0.008187
0.007491 0.007597
0.007480 0.008288
0.007479 0.008037
0.007475 0.007528
0.007465 0.009536
0.007461 0.011200
0.007455 0.008009
0.007452 0.007950
0.007450 0.010364
0.007444 0.007720
0.007433 0.011537
0.007431 0.008917
0.007429 0.008811
0.007426 0.009106
0.007421 0.010921
0.007412 0.009040
0.007403 0.008663
0.007402 0.007695
0.007391 0.008888
0.007390 0.007514
0.007388 0.008214
0.007375 0.008733
0.007362 0.007938
0.007359 0.008748
0.007358 0.011641
0.007341 0.008099
0.007340 0.010182
0.007338 0.009587
0.007332 0.007360
0.007328 0.010902
0.007327 0.007911
0.007321 0.008754
0.007320 0.008769
0.007316 0.009517
0.007311 0.008279
0.007311 0.007687
0.007302 0.007488
0.007302 0.008380
0.007302 0.008404
0.007300 0.013144
0.007293 0.007413
0.007292 0.009185
0.007287 0.010714
0.007284 0.008014
0.007284 0.007512
0.007280 0.011926
0.007274 0.007839
0.007274 0.007288
0.007267 0.007346
0.007264 0.008824
0.007255 0.011221
0.007241 0.007364
0.007235 0.012523
0.007232 0.007695
0.007230 0.010530
0.007227 0.007378
0.007226 0.007799
0.007226 0.008900
0.007222 0.008754
0.007212 0.007618
0.007209 0.007703
0.007207 0.008410
0.007204 0.008049
0.007199 0.007476
0.007193 0.008882
0.007187 0.007284
0.007185 0.010292
0.007178 0.007334
0.007178 0.007248
0.007171 0.009832
0.007170 0.008985
0.007168 0.009006
0.007168 0.007217
0.007165 0.008014
0.007161 0.008101
0.007161 0.007216
0.007160 0.007256
0.007159 0.009153
0.007157 0.007711
0.007157 0.007292
0.007155 0.010753
0.007154 0.007880
0.007152 0.007779
0.007151 0.009825
0.007150 0.007203
0.007134 0.007356
0.007122 0.008747
0.007121 0.007842
0.007097 0.009714
0.007097 0.008294
0.007095 0.009396
0.007094 0.007102
0.007091 0.014229
0.007089 0.007738
0.007087 0.007337
0.007070 0.011962
0.007065 0.011331
0.007057 0.009443
0.007047 0.009415
0.007045 0.007658
0.007040 0.012279
0.007038 0.009266
0.007036 0.008481
0.007029 0.009434
0.007028 0.008675
0.007019 0.007068
0.007015 0.007223
0.007013 0.009788
0.007013 0.009375
0.007010 0.008008
0.007010 0.007801
0.007006 0.007639
0.007004 0.009653
0.007004 0.007143
0.007004 0.008783
0.007000 0.007798
0.006996 0.007946
0.006996 0.012176
0.006996 0.007250
0.006995 0.008334
0.006991 0.007691
0.006991 0.010200
0.006991 0.007243
0.006991 0.007340
0.006988 0.007162
0.006987 0.010043
0.006980 0.008876
0.006968 0.010219
0.006965 0.011953
0.006963 0.012177
0.006959 0.008443
0.006950 0.007468
0.006947 0.007360
0.006943 0.007095
0.006941 0.007055
0.006939 0.007017
0.006938 0.011558
0.006937 0.007694
0.006935 0.009360
0.006932 0.007198
0.006931 0.008421
0.006928 0.007869
0.006928 0.012280
0.006919 0.007264
0.006912 0.008411
0.006911 0.009178
0.006904 0.009005
0.006895 0.009816
0.006893 0.008208
0.006887 0.009131
0.006885 0.007701
0.006879 0.014344
0.006877 0.007036
0.006877 0.007285
0.006874 0.007547
0.006871 0.008967
0.006859 0.007806
0.006855 0.007906
0.006854 0.011545
0.006852 0.007432
0.006850 0.007899
0.006839 0.010828
0.006837 0.007422
0.006837 0.007370
0.006836 0.007365
0.006833 0.008493
0.006823 0.009696
0.006820 0.006931
0.006819 0.010964
0.006818 0.008109
0.006808 0.010000
0.006806 0.007787
0.006804 0.010601
0.006802 0.009437
0.006798 0.009435
0.006788 0.012284
0.006777 0.011345
0.006777 0.007386
0.006773 0.009903
0.006772 0.007772
0.006770 0.006975
0.006769 0.009049
0.006766 0.013666
0.006764 0.007364
0.006754 0.007420
0.006748 0.008481
0.006745 0.007479
0.006735 0.011121
0.006734 0.008660
0.006731 0.009050
0.006725 0.007790
0.006724 0.007345
0.006722 0.006729
0.006721 0.008841
0.006717 0.007276
0.006710 0.009898
0.006708 0.009956
0.006708 0.007182
0.006704 0.006719
0.006702 0.008978
0.006701 0.006809
0.006699 0.008748
0.006698 0.009292
0.006694 0.006700
0.006691 0.007520
0.006688 0.010244
0.006684 0.007076
0.006679 0.007499
0.006678 0.006714
0.006677 0.007804
0.006668 0.011945
0.006656 0.013989
0.006653 0.009397
0.006652 0.009042
0.006649 0.007275
0.006646 0.007257
0.006643 0.007330
0.006640 0.007018
0.006638 0.006801
0.006638 0.008246
0.006631 0.006994
0.006630 0.007861
0.006627 0.006887
0.006625 0.009291
0.006619 0.012223
0.006619 0.007728
0.006618 0.014203
0.006614 0.008750
0.006612 0.007342
0.006610 0.006732
0.006610 0.008235
0.006609 0.006882
0.006603 0.006656
0.006602 0.006765
0.006600 0.006825
0.006589 0.007192
0.006587 0.007755
0.006583 0.008649
0.006583 0.012605
0.006579 0.007932
0.006579 0.007802
0.006578 0.006865
0.006574 0.007042
0.006569 0.007245
0.006564 0.007330
0.006561 0.006602
0.006559 0.006778
0.006559 0.006723
0.006555 0.007308
0.006555 0.008904
0.006554 0.006626
0.006553 0.011535
0.006552 0.007326
0.006549 0.012404
0.006548 0.010508
0.006548 0.007105
0.006548 0.007127
0.006545 0.008545
0.006532 0.006644
0.006531 0.009819
0.006527 0.007821
0.006521 0.010649
0.006518 0.007525
0.006517 0.009857
0.006516 0.006592
0.006515 0.007618
0.006510 0.006718
0.006510 0.006695
0.006509 0.006609
0.006507 0.008372
0.006503 0.006784
0.006503 0.006888
0.006502 0.006640
0.006500 0.007069
0.006499 0.008980
0.006497 0.006663
0.006497 0.009523
0.006496 0.006553
0.006495 0.006599
0.006495 0.008054
0.006491 0.007329
0.006481 0.010491
0.006480 0.007291
0.006466 0.011406
0.006466 0.010118
0.006462 0.006501
0.006454 0.007766
0.006454 0.007407
0.006447 0.010201
0.006446 0.006958
0.006441 0.006473
0.006438 0.006774
0.006438 0.006552
0.006437 0.007708
0.006435 0.007577
0.006432 0.007207
0.006424 0.008301
0.006424 0.007778
0.006423 0.009882
0.006423 0.007523
0.006411 0.006601
0.006411 0.007044
0.006403 0.008657
0.006401 0.007001
0.006400 0.008003
0.006398 0.006856
0.006398 0.006760
0.006396 0.006491
0.006390 0.009166
0.006390 0.011355
0.006390 0.006848
0.006390 0.006575
0.006386 0.006434
0.006383 0.009495
0.006383 0.006512
0.006382 0.010991
0.006377 0.006641
0.006374 0.006453
0.006373 0.007046
0.006373 0.006718
0.006372 0.006902
0.006372 0.009567
0.006368 0.010036
0.006363 0.009211
0.006359 0.008290
0.006357 0.006663
0.006353 0.009716
0.006348 0.009186
0.006347 0.010251
0.006346 0.008613
0.006344 0.007719
0.006344 0.009195
0.006337 0.008623
0.006334 0.007190
0.006333 0.006752
0.006325 0.007058
0.006323 0.008201
0.006322 0.009641
0.006322 0.008431
0.006322 0.009657
0.006319 0.009321
0.006309 0.011941
0.006309 0.006572
0.006309 0.011538
0.006302 0.007079
0.006301 0.006415
0.006293 0.006367
0.006291 0.006706
0.006291 0.011379
0.006289 0.012075
0.006287 0.006453
0.006284 0.006793
0.006280 0.007164
0.006277 0.010412
0.006276 0.006560
0.006270 0.007453
0.006267 0.007177
0.006266 0.006492
0.006262 0.006958
0.006262 0.012399
0.006259 0.012084
0.006258 0.007917
0.006256 0.010413
0.006249 0.006667
0.006248 0.006960
0.006247 0.006666
0.006247 0.011440
0.006244 0.007599
0.006239 0.006358
0.006237 0.007049
0.006235 0.010024
0.006233 0.006290
0.006230 0.008364
0.006229 0.007269
0.006227 0.006558
0.006222 0.006761
0.006213 0.006272
0.006205 0.006211
0.006202 0.009568
0.006202 0.010422
0.006197 0.006447
0.006189 0.006868
0.006189 0.009736
0.006188 0.006725
0.006187 0.008104
0.006183 0.006959
0.006183 0.006555
0.006173 0.009758
0.006173 0.007781
0.006166 0.009490
0.006166 0.009720
0.006161 0.006661
0.006154 0.011926
0.006153 0.007455
0.006148 0.008478
0.006143 0.007248
0.006139 0.008182
0.006131 0.008864
0.006130 0.007112
0.006127 0.006501
0.006123 0.007891
0.006123 0.006273
0.006118 0.012795
0.006116 0.006563
0.006115 0.007308
0.006114 0.008509
0.006114 0.009077
0.006111 0.006949
0.006109 0.006923
0.006096 0.006192
0.006094 0.007199
0.006093 0.008620
0.006085 0.006274
0.006084 0.007343
0.006083 0.006149
0.006082 0.008227
0.006078 0.006446
0.006076 0.006170
0.006073 0.006090
0.006070 0.010138
0.006063 0.007166
0.006061 0.006481
0.006057 0.006433
0.006055 0.008821
0.006053 0.006563
0.006053 0.008812
0.006050 0.006567
0.006049 0.007109
0.006045 0.008445
0.006042 0.006923
0.006040 0.006722
0.006037 0.009273
0.006034 0.011758
0.006032 0.006180
0.006029 0.006049
0.006021 0.006318
0.006012 0.006249
0.006004 0.007219
0.006004 0.006294
0.005991 0.005998
0.005990 0.007081
0.005987 0.006125
0.005987 0.010157
0.005967 0.006271
0.005962 0.008155
0.005962 0.007010
0.005961 0.006545
0.005952 0.011862
0.005949 0.006285
0.005942 0.008020
0.005941 0.007489
0.005935 0.007708
0.005931 0.008503
0.005927 0.006390
0.005926 0.006325
0.005922 0.006474
0.005918 0.006361
0.005917 0.005997
0.005916 0.006971
0.005912 0.006439
0.005911 0.009827
0.005905 0.006619
0.005900 0.008976
0.005899 0.008370
0.005897 0.005898
0.005893 0.005979
0.005892 0.010773
0.005886 0.006717
0.005884 0.006089
0.005882 0.007235
0.005879 0.005977
0.005877 0.005949
0.005877 0.010220
0.005874 0.011522
0.005872 0.006404
0.005867 0.009511
0.005866 0.006296
0.005865 0.007453
0.005864 0.006397
0.005863 0.009528
0.005862 0.006719
0.005858 0.008478
0.005857 0.008223
0.005855 0.005873
0.005854 0.006983
0.005850 0.011901
0.005849 0.008139
0.005843 0.008370
0.005842 0.005945
0.005842 0.006622
0.005836 0.007574
0.005833 0.006455
0.005827 0.010537
0.005826 0.005961
0.005819 0.005841
0.005815 0.007270
0.005815 0.006236
0.005811 0.010459
0.005811 0.006718
0.005799 0.006757
0.005798 0.006476
0.005796 0.006547
0.005794 0.007136
0.005794 0.005874
0.005789 0.006782
0.005786 0.005823
0.005785 0.006119
0.005783 0.005861
0.005775 0.008051
0.005772 0.005911
0.005769 0.007519
0.005768 0.007639
0.005766 0.010835
0.005764 0.014352
0.005764 0.007233
0.005763 0.006116
0.005761 0.007034
0.005756 0.007382
0.005754 0.006297
0.005753 0.006954
0.005752 0.006663
0.005751 0.006036
0.005750 0.006864
0.005749 0.007216
0.005748 0.006952
0.005746 0.007660
0.005745 0.008843
0.005743 0.005843
0.005743 0.006616
0.005735 0.006422
0.005733 0.006182
0.005733 0.008251
0.005731 0.007531
0.005728 0.007261
0.005725 0.006438
0.005723 0.008558
0.005722 0.008607
0.005721 0.006807
0.005719 0.007972
0.005715 0.006569
0.005713 0.005945
0.005711 0.009584
0.005711 0.006227
0.005704 0.009110
0.005702 0.010931
0.005701 0.007739
0.005698 0.007095
0.005696 0.009466
0.005695 0.006108
0.005691 0.006100
0.005687 0.010488
0.005685 0.009980
0.005677 0.007933
0.005676 0.006028
0.005672 0.009671
0.005668 0.005877
0.005668 0.006718
0.005667 0.006769
0.005664 0.007927
0.005664 0.007512
0.005657 0.008486
0.005656 0.009026
0.005655 0.009429
0.005654 0.006096
0.005653 0.005806
0.005649 0.005961
0.005644 0.007242
0.005642 0.007589
0.005642 0.005755
0.005640 0.006497
0.005638 0.006318
0.005638 0.005929
0.005636 0.011142
0.005635 0.005886
0.005635 0.005751
0.005633 0.006486
0.005627 0.007535
0.005627 0.006289
0.005623 0.007326
0.005623 0.005835
0.005623 0.007826
0.005620 0.008394
0.005616 0.006011
0.005616 0.008814
0.005613 0.006589
0.005605 0.006523
0.005604 0.008968
0.005604 0.006498
0.005602 0.008761
0.005602 0.006012
0.005602 0.005883
0.005601 0.006741
0.005596 0.006970
0.005595 0.008629
0.005587 0.009825
0.005584 0.007430
0.005583 0.005899
0.005583 0.006542
0.005579 0.009502
0.005579 0.006993
0.005579 0.006098
0.005577 0.006369
0.005574 0.008239
0.005574 0.006093
0.005572 0.006486
0.005571 0.012545
0.005560 0.005699
0.005560 0.007020
0.005558 0.007218
0.005557 0.005743
0.005555 0.005633
0.005548 0.007530
0.005542 0.006380
0.005542 0.005934
0.005541 0.006616
0.005539 0.005612
0.005537 0.007615
0.005537 0.007605
0.005536 0.006298
0.005535 0.009638
0.005533 0.006248
0.005528 0.009316
0.005519 0.005711
0.005516 0.005621
0.005515 0.005750
0.005514 0.008964
0.005514 0.006641
0.005512 0.006770
0.005510 0.009163
0.005509 0.007665
0.005508 0.008631
0.005508 0.005517
0.005505 0.006178
0.005503 0.005697
0.005503 0.005731
0.005503 0.005658
0.005502 0.006454
0.005501 0.006924
0.005501 0.007257
0.005500 0.005530
0.005500 0.006949
0.005499 0.005749
0.005494 0.005866
0.005493 0.006316
0.005491 0.006351
0.005482 0.006473
0.005482 0.006434
0.005481 0.006101
0.005477 0.008946
0.005476 0.005726
0.005475 0.006041
0.005471 0.006218
0.005470 0.008044
0.005466 0.005689
0.005465 0.006254
0.005464 0.008765
0.005463 0.005519
0.005459 0.006494
0.005456 0.005927
0.005448 0.006407
0.005447 0.007230
0.005445 0.006809
0.005437 0.009581
0.005433 0.005590
0.005431 0.008563
0.005427 0.006105
0.005424 0.007086
0.005422 0.006568
0.005421 0.005758
0.005421 0.006645
0.005416 0.005729
0.005415 0.008066
0.005414 0.008229
0.005409 0.005508
0.005408 0.006367
0.005404 0.006645
0.005404 0.007657
0.005395 0.006690
0.005392 0.005604
0.005387 0.006218
0.005386 0.005811
0.005382 0.005459
0.005381 0.005426
0.005381 0.009088
0.005378 0.005714
0.005377 0.006927
0.005373 0.005907
0.005373 0.008623
0.005373 0.006396
0.005372 0.005714
0.005365 0.005790
0.005365 0.005983
0.005365 0.005445
0.005363 0.006048
0.005363 0.006745
0.005362 0.007709
0.005362 0.006104
0.005359 0.007841
0.005358 0.010732
0.005358 0.007538
0.005357 0.006037
0.005356 0.005453
0.005351 0.005442
0.005351 0.005378
0.005351 0.006212
0.005346 0.007575
0.005344 0.006980
0.005340 0.009312
0.005339 0.007292
0.005332 0.005638
0.005331 0.008607
0.005327 0.005417
0.005326 0.006177
0.005325 0.006440
0.005325 0.009697
0.005321 0.005513
0.005320 0.005615
0.005310 0.005624
0.005309 0.005333
0.005308 0.006341
0.005305 0.009297
0.005304 0.006612
0.005302 0.005991
0.005299 0.005376
0.005297 0.005453
0.005293 0.005540
0.005283 0.005851
0.005283 0.007050
0.005283 0.006194
0.005280 0.011193
0.005277 0.005967
0.005275 0.005642
0.005272 0.005565
0.005271 0.005386
0.005269 0.009396
0.005268 0.005761
0.005267 0.005736
0.005263 0.006768
0.005257 0.005323
0.005256 0.006361
0.005253 0.005546
0.005251 0.007936
0.005251 0.006728
0.005251 0.007320
0.005248 0.005650
0.005242 0.006446
0.005235 0.005904
0.005234 0.007913
0.005231 0.009388
0.005229 0.005653
0.005225 0.006354
0.005225 0.008358
0.005225 0.005670
0.005224 0.006678
0.005223 0.006771
0.005221 0.005951
0.005221 0.005953
0.005220 0.006864
0.005216 0.008594
0.005213 0.011405
0.005212 0.007027
0.005211 0.006601
0.005208 0.006720
0.005206 0.005896
0.005204 0.007573
0.005203 0.005375
0.005199 0.013034
0.005194 0.006461
0.005193 0.006713
0.005193 0.007371
0.005191 0.005921
0.005186 0.006283
0.005182 0.008713
0.005179 0.008029
0.005174 0.008929
0.005174 0.005834
0.005173 0.006305
0.005171 0.006025
0.005168 0.005553
0.005166 0.005883
0.005166 0.006857
0.005164 0.005549
0.005164 0.006533
0.005156 0.006303
0.005156 0.005771
0.005153 0.007729
0.005152 0.006428
0.005148 0.005176
0.005148 0.005797
0.005147 0.005526
0.005146 0.005369
0.005145 0.010445
0.005145 0.007523
0.005143 0.005455
0.005142 0.006040
0.005138 0.005210
0.005136 0.007111
0.005129 0.005611
0.005126 0.005735
0.005124 0.005337
0.005119 0.005456
0.005118 0.006752
0.005118 0.005405
0.005118 0.006232
0.005118 0.010923
0.005116 0.013278
0.005116 0.006128
0.005113 0.008516
0.005104 0.009883
0.005104 0.006058
0.005101 0.006570
0.005101 0.006782
0.005098 0.007411
0.005097 0.009375
0.005097 0.006401
0.005096 0.009592
0.005094 0.005143
0.005090 0.008454
0.005087 0.005424
0.005086 0.007665
0.005081 0.005285
0.005079 0.005213
0.005079 0.006161
0.005073 0.005100
0.005072 0.006708
0.005071 0.006380
0.005070 0.007956
0.005068 0.005283
0.005067 0.005635
0.005062 0.009572
0.005061 0.005532
0.005061 0.007104
0.005060 0.005460
0.005060 0.005967
0.005055 0.006673
0.005054 0.008839
0.005054 0.007176
0.005053 0.009415
0.005052 0.006331
0.005047 0.005699
0.005044 0.007334
0.005044 0.008948
0.005043 0.006098
0.005040 0.005172
0.005039 0.005472
0.005037 0.007765
0.005036 0.005873
0.005033 0.005547
0.005033 0.005051
0.005030 0.005121
0.005030 0.005033
0.005024 0.006086
0.005023 0.005145
0.005021 0.005819
0.005016 0.005818
0.005014 0.005990
0.005013 0.005404
0.005005 0.009862
0.005003 0.011869
0.005002 0.006223
0.005000 0.006124
0.004999 0.005211
0.004995 0.006161
0.004992 0.009905
0.004984 0.006436
0.004982 0.004990
0.004980 0.008989
0.004977 0.007119
0.004974 0.009042
0.004974 0.008258
0.004974 0.005436
0.004969 0.005792
0.004968 0.008193
0.004964 0.006142
0.004964 0.005890
0.004963 0.009338
0.004963 0.011442
0.004959 0.006492
0.004953 0.006662
0.004946 0.005546
0.004944 0.006218
0.004944 0.005940
0.004943 0.005260
0.004943 0.008727
0.004941 0.008052
0.004936 0.005161
0.004934 0.005625
0.004933 0.007663
0.004933 0.005447
0.004933 0.006167
0.004932 0.005693
0.004932 0.004986
0.004929 0.006385
0.004926 0.005123
0.004925 0.007695
0.004924 0.008089
0.004923 0.010934
0.004917 0.006382
0.004915 0.007747
0.004914 0.009565
0.004910 0.007156
0.004909 0.006037
0.004907 0.005143
0.004906 0.005643
0.004904 0.007291
0.004897 0.008013
0.004896 0.004954
0.004894 0.005419
0.004891 0.006153
0.004889 0.004926
0.004888 0.006555
0.004885 0.004886
0.004880 0.006222
0.004877 0.006368
0.004877 0.006880
0.004876 0.005409
0.004874 0.008933
0.004871 0.006657
0.004866 0.005848
0.004865 0.007004
0.004863 0.005205
0.004863 0.007736
0.004862 0.007389
0.004857 0.008073
0.004857 0.006104
0.004856 0.005576
0.004854 0.005704
0.004849 0.005143
0.004848 0.006924
0.004847 0.005136
0.004841 0.006612
0.004841 0.005636
0.004841 0.006874
0.004840 0.005815
0.004823 0.004948
0.004822 0.008943
0.004818 0.005968
0.004817 0.005978
0.004817 0.004869
0.004815 0.004884
0.004812 0.006465
0.004810 0.004833
0.004807 0.005156
0.004802 0.005056
0.004801 0.005094
0.004800 0.006917
0.004797 0.007478
0.004795 0.006043
0.004794 0.006102
0.004793 0.005312
0.004793 0.008487
0.004790 0.007751
0.004790 0.008649
0.004788 0.005692
0.004786 0.010040
0.004786 0.005137
0.004786 0.005218
0.004773 0.005694
0.004772 0.005185
0.004771 0.005707
0.004770 0.005574
0.004761 0.006503
0.004757 0.006100
0.004756 0.005958
0.004754 0.005828
0.004746 0.004749
0.004740 0.005424
0.004738 0.005776
0.004736 0.006833
0.004735 0.008039
0.004731 0.004857
0.004731 0.006324
0.004730 0.007885
0.004727 0.005678
0.004725 0.006128
0.004723 0.005238
0.004718 0.005457
0.004718 0.005131
0.004717 0.004789
0.004716 0.005749
0.004710 0.004960
0.004710 0.005272
0.004710 0.008418
0.004708 0.005373
0.004706 0.005493
0.004705 0.004728
0.004703 0.007083
0.004701 0.004887
0.004698 0.004983
0.004694 0.004946
0.004694 0.006485
0.004693 0.008531
0.004692 0.005667
0.004689 0.008003
0.004688 0.006115
0.004684 0.007327
0.004683 0.006810
0.004679 0.008522
0.004679 0.004772
0.004675 0.005303
0.004672 0.005724
0.004672 0.004675
0.004671 0.005603
0.004670 0.004840
0.004668 0.007270
0.004667 0.010226
0.004665 0.004752
0.004658 0.005188
0.004656 0.006196
0.004650 0.006450
0.004650 0.005761
0.004648 0.006813
0.004648 0.008543
0.004644 0.004719
0.004642 0.004663
0.004642 0.005350
0.004641 0.005439
0.004641 0.005046
0.004638 0.007501
0.004636 0.008558
0.004636 0.004669
0.004632 0.004720
0.004631 0.005836
0.004626 0.005362
0.004620 0.004772
0.004616 0.010908
0.004616 0.005697
0.004611 0.008653
0.004610 0.006818
0.004609 0.005786
0.004609 0.005280
0.004606 0.004834
0.004605 0.004606
0.004602 0.006207
0.004601 0.005116
0.004598 0.006318
0.004598 0.011546
0.004593 0.004861
0.004589 0.013710
0.004587 0.005800
0.004582 0.005003
0.004573 0.005585
0.004570 0.005743
0.004570 0.007405
0.004568 0.005343
0.004564 0.007646
0.004563 0.004760
0.004563 0.008626
0.004562 0.007698
0.004558 0.005269
0.004557 0.004940
0.004556 0.004754
0.004553 0.006345
0.004551 0.004689
0.004551 0.004718
0.004551 0.008609
0.004544 0.007583
0.004542 0.005992
0.004535 0.004859
0.004528 0.006950
0.004527 0.004639
0.004525 0.005083
0.004524 0.004770
0.004524 0.004967
0.004523 0.005294
0.004522 0.005040
0.004521 0.006144
0.004519 0.008896
0.004518 0.005754
0.004516 0.006721
0.004514 0.007080
0.004513 0.008418
0.004509 0.004906
0.004508 0.005243
0.004507 0.004731
0.004507 0.006634
0.004506 0.005648
0.004504 0.004826
0.004503 0.004840
0.004502 0.005389
0.004499 0.004711
0.004499 0.004942
0.004498 0.006365
0.004493 0.004497
0.004489 0.006714
0.004485 0.004873
0.004474 0.007368
0.004469 0.004692
0.004462 0.009157
0.004454 0.005621
0.004451 0.004654
0.004451 0.005968
0.004449 0.007448
0.004448 0.006294
0.004440 0.005009
0.004440 0.007255
0.004437 0.004438
0.004437 0.006161
0.004432 0.008745
0.004426 0.006722
0.004424 0.004697
0.004424 0.004643
0.004420 0.005481
0.004418 0.007772
0.004416 0.008838
0.004414 0.004463
0.004413 0.005753
0.004406 0.004428
0.004405 0.008995
0.004404 0.004654
0.004403 0.008522
0.004398 0.009595
0.004397 0.006045
0.004393 0.004704
0.004391 0.005031
0.004386 0.004484
0.004386 0.007170
0.004381 0.004985
0.004379 0.004860
0.004377 0.005638
0.004372 0.006606
0.004367 0.007832
0.004363 0.004786
0.004358 0.005055
0.004354 0.005044
0.004353 0.006214
0.004349 0.004436
0.004349 0.004398
0.004349 0.006510
0.004343 0.006595
0.004343 0.006736
0.004343 0.004864
0.004342 0.004683
0.004341 0.006866
0.004339 0.004755
0.004339 0.004765
0.004337 0.004755
0.004335 0.005714
0.004333 0.008634
0.004333 0.009627
0.004328 0.004983
0.004325 0.004628
0.004324 0.004975
0.004324 0.004477
0.004324 0.004457
0.004324 0.004598
0.004322 0.005813
0.004321 0.004786
0.004319 0.004828
0.004318 0.004504
0.004317 0.004450
0.004316 0.007247
0.004306 0.004313
0.004306 0.005456
0.004306 0.005194
0.004305 0.004477
0.004301 0.007443
0.004298 0.004753
0.004298 0.005517
0.004291 0.005378
0.004286 0.010513
0.004278 0.005626
0.004275 0.007368
0.004274 0.007193
0.004272 0.006309
0.004271 0.004478
0.004271 0.007893
0.004270 0.004390
0.004265 0.005143
0.004261 0.005209
0.004260 0.008869
0.004258 0.005009
0.004256 0.004373
0.004254 0.009945
0.004252 0.008201
0.004250 0.004618
0.004249 0.004296
0.004246 0.007523
0.004243 0.004831
0.004241 0.004642
0.004237 0.004491
0.004236 0.008966
0.004232 0.007850
0.004229 0.004258
0.004228 0.006962
0.004226 0.004530
0.004222 0.004667
0.004221 0.012113
0.004217 0.004661
0.004217 0.004376
0.004217 0.006088
0.004213 0.004948
0.004211 0.004802
0.004210 0.008437
0.004204 0.004372
0.004193 0.006115
0.004193 0.004544
0.004187 0.011081
0.004186 0.004803
0.004186 0.006243
0.004186 0.005095
0.004178 0.004414
0.004176 0.004228
0.004174 0.004256
0.004158 0.004294
0.004155 0.007266
0.004150 0.005289
0.004142 0.007424
0.004141 0.006243
0.004134 0.004170
0.004132 0.006887
0.004125 0.004521
0.004125 0.006622
0.004123 0.004991
0.004116 0.005081
0.004116 0.004545
0.004114 0.004520
0.004107 0.006180
0.004105 0.004239
0.004099 0.006537
0.004091 0.004212
0.004090 0.004931
0.004079 0.004569
0.004074 0.004158
0.004058 0.005085
0.004054 0.004688
0.004052 0.004295
0.004033 0.005253
0.004031 0.004671
0.004031 0.004225
0.004025 0.009334
0.004022 0.004424
0.004021 0.004158
0.004013 0.004061
0.004011 0.006835
0.004009 0.004075
0.004002 0.004283
0.003997 0.004051
0.003994 0.004874
0.003987 0.004722
0.003987 0.004071
0.003976 0.004019
0.003967 0.006787
0.003959 0.004432
0.003958 0.005717
0.003957 0.004244
0.003956 0.003969
0.003956 0.004596
0.003956 0.005362
0.003955 0.004625
0.003951 0.009824
0.003948 0.004877
0.003947 0.004260
0.003943 0.004522
0.003943 0.004820
0.003943 0.004134
0.003936 0.004126
0.003929 0.003930
0.003923 0.006596
0.003923 0.003958
0.003911 0.004530
0.003911 0.004203
0.003908 0.004391
0.003892 0.004582
0.003886 0.004539
0.003883 0.005128
0.003883 0.003926
0.003880 0.004161
0.003880 0.004648
0.003879 0.004099
0.003878 0.003906
0.003877 0.004148
0.003874 0.004320
0.003867 0.005433
0.003867 0.004285
0.003865 0.004048
0.003863 0.004519
0.003862 0.004650
0.003861 0.004098
0.003861 0.005053
0.003858 0.004042
0.003857 0.004355
0.003857 0.003964
0.003850 0.004108
0.003850 0.004088
0.003850 0.006061
0.003841 0.004468
0.003838 0.005240
0.003837 0.005912
0.003837 0.004234
0.003832 0.005992
0.003825 0.005944
0.003817 0.004495
0.003817 0.003936
0.003816 0.004284
0.003815 0.006818
0.003815 0.004063
0.003814 0.004760
0.003807 0.004212
0.003807 0.004466
0.003806 0.007085
0.003804 0.005528
0.003796 0.004284
0.003793 0.004145
0.003793 0.003967
0.003790 0.003926
0.003787 0.003933
0.003781 0.004272
0.003781 0.004416
0.003776 0.004009
0.003774 0.006928
0.003774 0.005962
0.003770 0.004251
0.003767 0.004898
0.003765 0.003841
0.003763 0.004522
0.003762 0.004362
0.003762 0.006685
0.003759 0.003823
0.003756 0.004281
0.003752 0.004464
0.003746 0.005096
0.003743 0.007638
0.003742 0.003935
0.003740 0.003853
0.003733 0.005070
0.003730 0.006276
0.003726 0.003902
0.003722 0.003993
0.003722 0.004201
0.003719 0.005509
0.003709 0.003792
0.003705 0.003719
0.003702 0.007410
0.003700 0.004299
0.003694 0.004716
0.003692 0.003841
0.003692 0.003791
0.003687 0.003688
0.003686 0.003726
0.003681 0.004563
0.003678 0.003825
0.003678 0.003808
0.003673 0.004222
0.003672 0.004950
0.003669 0.004417
0.003668 0.004904
0.003652 0.004140
0.003649 0.003775
0.003645 0.004348
0.003638 0.004499
0.003634 0.003813
0.003631 0.003773
0.003624 0.005270
0.003624 0.003738
0.003623 0.005447
0.003621 0.004114
0.003618 0.003681
0.003618 0.005456
0.003616 0.004795
0.003607 0.003850
0.003603 0.004833
0.003602 0.003623
0.003597 0.003817
0.003595 0.005197
0.003587 0.003829
0.003581 0.004338
0.003580 0.003612
0.003572 0.003677
0.003570 0.003897
0.003568 0.006686
0.003564 0.004077
0.003553 0.004897
0.003549 0.003684
0.003543 0.003568
0.003541 0.003781
0.003539 0.003555
0.003539 0.004654
0.003526 0.004001
0.003523 0.004019
0.003511 0.003710
0.003511 0.005109
0.003493 0.003531
0.003489 0.003872
0.003485 0.004254
0.003479 0.005145
0.003478 0.004250
0.003478 0.005776
0.003470 0.006155
0.003469 0.004047
0.003468 0.003517
0.003453 0.004176
0.003446 0.003539
0.003445 0.003513
0.003438 0.003454
0.003429 0.003433
0.003427 0.003847
0.003426 0.003551
0.003410 0.003928
0.003410 0.005204
0.003403 0.003919
0.003399 0.003409
0.003379 0.003591
0.003373 0.003426
0.003369 0.004058
0.003365 0.003929
0.003332 0.003572
0.003327 0.003785
0.003316 0.004169
0.003316 0.003392
0.003314 0.003511
0.003299 0.004141
0.003298 0.003490
0.003291 0.003308
0.003285 0.005673
0.003241 0.003338
0.003240 0.003800
0.003232 0.005686
0.003223 0.004331
0.003215 0.004412
0.003215 0.003285
0.003213 0.003432
0.003210 0.004083
0.003205 0.003534
0.003190 0.003371
0.003186 0.003394
0.003186 0.004165
0.003176 0.004624
0.003166 0.003371
0.003162 0.004077
0.003155 0.003691
0.003151 0.003394
0.003148 0.003991
0.003146 0.003615
0.003145 0.003235
0.003136 0.004042
0.003134 0.003234
0.003133 0.003369
0.003126 0.003785
0.003115 0.003410
0.003112 0.003601
0.003109 0.003400
0.003104 0.003238
0.003090 0.003859
0.003087 0.003236
0.003080 0.004468
0.003075 0.003542
0.003075 0.003106
0.003052 0.003817
0.003043 0.003432
0.003033 0.003113
0.003029 0.003145
0.003024 0.003131
0.003021 0.004042
0.003021 0.003192
0.003020 0.003151
0.003018 0.003249
0.003016 0.003382
0.003015 0.003159
0.003007 0.003367
0.003006 0.003081
0.002973 0.003125
0.002951 0.003272
0.002939 0.003463
0.002936 0.003018
0.002912 0.003450
0.002911 0.002979
0.002904 0.003110
0.002894 0.004398
0.002890 0.003218
0.002887 0.004434
0.002881 0.003053
0.002871 0.003782
0.002842 0.003120
0.002835 0.002949
0.002834 0.002922
0.002828 0.002995
0.002817 0.003175
0.002816 0.002922
0.002812 0.002939
0.002803 0.003036
0.002797 0.003116
0.002792 0.003115
0.002777 0.002841
0.002775 0.005127
0.002767 0.004023
0.002764 0.002979
0.002748 0.002811
0.002727 0.003101
0.002698 0.002789
0.002697 0.002797
0.002695 0.002789
0.002694 0.002846
0.002658 0.003273
0.002654 0.002839
0.002645 0.003073
0.002613 0.002693
0.002609 0.002636
0.002580 0.003134
0.002575 0.002697
0.002558 0.002927
0.002556 0.002719
0.002553 0.003087
0.002540 0.002773
0.002485 0.003369
0.002483 0.002495
0.002450 0.002455
0.002448 0.002667
0.002436 0.002488
0.002431 0.002786
0.002430 0.002695
0.002325 0.002682
0.002313 0.002799
0.002307 0.002435
0.002239 0.002875
0.002161 0.002211
0.002160 0.002193
0.002135 0.002347
0.002072 0.002092
0.002065 0.002080
0.002029 0.002295
0.002025 0.002215
0.002019 0.002441
0.001829 0.002351
0.001801 0.001919
0.001790 0.002055
0.001706 0.001893
0.001664 0.002038
0.001574 0.001595
0.001439 0.001524
0.001406 0.001665
0.001330 0.001418
0.001262 0.001303
0.001171 0.001203
0.000853 0.000933
