0.127551 0.127596
0.111102 0.115979
0.099561 0.107643
0.092256 0.095821
0.089564 0.093957
0.087051 0.101470
0.082835 0.091768
0.082830 0.105893
0.082633 0.113390
0.082394 0.101828
0.082135 0.088862
0.078390 0.091104
0.074899 0.079147
0.073921 0.084451
0.073297 0.074846
0.071539 0.087353
0.069678 0.135130
0.066408 0.071534
0.059543 0.061044
0.059091 0.061650
0.058448 0.061498
0.058424 0.071076
0.058371 0.086346
0.057948 0.072053
0.057253 0.062627
0.056498 0.093266
0.056380 0.069076
0.055903 0.070768
0.055343 0.088529
0.054964 0.084382
0.054678 0.060941
0.054636 0.095394
0.054212 0.077010
0.053456 0.089720
0.053279 0.071992
0.052700 0.063221
0.050628 0.069085
0.050618 0.051526
0.050194 0.058766
0.050124 0.067115
0.048389 0.058030
0.047883 0.069327
0.047124 0.072659
0.046934 0.064118
0.046465 0.055797
0.046418 0.046882
0.045188 0.045479
0.044842 0.053494
0.044697 0.046397
0.044528 0.044534
0.044265 0.056930
0.044206 0.046707
0.043479 0.043859
0.043057 0.050165
0.042805 0.046465
0.042761 0.054491
0.042556 0.044463
0.042108 0.051175
0.041615 0.047601
0.041494 0.042317
0.041356 0.042333
0.041301 0.047306
0.041088 0.055240
0.040828 0.041464
0.040740 0.047785
0.040733 0.064917
0.040270 0.043653
0.040208 0.040239
0.039970 0.040318
0.039806 0.050105
0.039796 0.043019
0.039706 0.040420
0.039508 0.041978
0.039377 0.040286
0.038242 0.043381
0.036454 0.038775
0.034898 0.035061
0.034212 0.034590
0.033558 0.034372
0.033462 0.034023
0.033261 0.035398
0.032933 0.037934
0.032684 0.039295
0.032463 0.033095
0.032408 0.036603
0.032396 0.033229
0.032355 0.035918
0.032344 0.041159
0.031888 0.034569
0.031668 0.032082
0.031662 0.033782
0.031383 0.034692
0.031254 0.034286
0.031230 0.038852
0.031060 0.031830
0.030947 0.053842
0.030382 0.045707
0.030212 0.031694
0.030074 0.032375
0.029965 0.041132
0.029537 0.033657
0.029181 0.030036
0.029108 0.034849
0.028997 0.029214
0.028944 0.037471
0.028920 0.034820
0.028830 0.039857
0.028503 0.033756
0.028379 0.041301
0.028374 0.030560
0.028229 0.033642
0.027861 0.027997
0.027749 0.028277
0.027268 0.030247
0.027212 0.027736
0.027161 0.035955
0.026837 0.035424
0.026789 0.028440
0.026529 0.051177
0.026511 0.033098
0.026492 0.034782
0.026445 0.026665
0.026413 0.033539
0.026292 0.027269
0.026284 0.034193
0.026187 0.036519
0.026105 0.027233
0.025979 0.028894
0.025727 0.028062
0.025512 0.030259
0.025425 0.027272
0.025417 0.025980
0.025414 0.034281
0.025368 0.027655
0.025334 0.035023
0.025251 0.027023
0.025244 0.025828
0.025164 0.036497
0.025086 0.026604
0.024874 0.027701
0.024717 0.031098
0.024651 0.026607
0.024546 0.027531
0.024531 0.036064
0.024524 0.025299
0.024399 0.025102
0.024233 0.024748
0.024211 0.027853
0.024175 0.040991
0.023988 0.028215
0.023908 0.030292
0.023890 0.036182
0.023654 0.032464
0.023644 0.035189
0.023581 0.028982
0.023495 0.028521
0.023359 0.025640
0.023106 0.027326
0.023038 0.041728
0.022977 0.025375
0.022946 0.036748
0.022560 0.032181
0.022494 0.027862
0.022309 0.024685
0.022308 0.026504
0.022277 0.023918
0.022221 0.026235
0.022161 0.028270
0.022119 0.022454
0.021983 0.029657
0.021963 0.023396
0.021952 0.024739
0.021916 0.047072
0.021911 0.024488
0.021763 0.027421
0.021650 0.021696
0.021644 0.036764
0.021105 0.021974
0.021006 0.021584
0.021005 0.028597
0.020810 0.027961
0.020708 0.021259
0.020464 0.024791
0.020291 0.023025
0.019986 0.021525
0.019964 0.021072
0.019897 0.020638
0.019787 0.026459
0.019782 0.021467
0.019685 0.021968
0.019626 0.019968
0.019604 0.020961
0.019506 0.021035
0.019490 0.019661
0.019465 0.021093
0.019463 0.028379
0.019410 0.022483
0.019406 0.023979
0.019397 0.021227
0.019374 0.020054
0.019369 0.020936
0.019337 0.019947
0.019198 0.030931
0.019050 0.020122
0.018872 0.027080
0.018862 0.019041
0.018838 0.019133
0.018836 0.021636
0.018799 0.029904
0.018744 0.022073
0.018683 0.018915
0.018668 0.018768
0.018624 0.021400
0.018622 0.021122
0.018608 0.026202
0.018561 0.022924
0.018503 0.023499
0.018427 0.024148
0.018400 0.020475
0.018396 0.019100
0.018356 0.022323
0.018300 0.024455
0.018280 0.027809
0.018253 0.020455
0.018251 0.026786
0.018119 0.019158
0.018099 0.019285
0.018081 0.018741
0.018011 0.018847
0.018009 0.019389
0.017960 0.018330
0.017953 0.020150
0.017917 0.019241
0.017911 0.018759
0.017848 0.020716
0.017819 0.027098
0.017816 0.018967
0.017791 0.020206
0.017737 0.026185
0.017729 0.030105
0.017696 0.028079
0.017667 0.020515
0.017656 0.029137
0.017628 0.037475
0.017619 0.018826
0.017468 0.036474
0.017458 0.018589
0.017433 0.019484
0.017399 0.027080
0.017385 0.025729
0.017354 0.017414
0.017334 0.027225
0.017334 0.018245
0.017294 0.024222
0.017254 0.030826
0.017224 0.018058
0.017148 0.018525
0.017046 0.019252
0.016999 0.018626
0.016996 0.024214
0.016974 0.032762
0.016938 0.019570
0.016912 0.022276
0.016851 0.017703
0.016833 0.017753
0.016811 0.032425
0.016739 0.019265
0.016731 0.016893
0.016707 0.019234
0.016694 0.029898
0.016672 0.019930
0.016600 0.018214
0.016535 0.017441
0.016514 0.032053
0.016494 0.020747
0.016437 0.017375
0.016375 0.016436
0.016349 0.021470
0.016301 0.021676
0.016234 0.020276
0.016229 0.018625
0.016179 0.018127
0.016169 0.016480
0.016102 0.017998
0.016042 0.026110
0.016012 0.021201
0.016001 0.016282
0.015982 0.025126
0.015963 0.017463
0.015915 0.025386
0.015880 0.027496
0.015846 0.016760
0.015833 0.015921
0.015829 0.021337
0.015820 0.016746
0.015817 0.020820
0.015805 0.035030
0.015778 0.016318
0.015758 0.017261
0.015732 0.016566
0.015731 0.018470
0.015657 0.017126
0.015606 0.017530
0.015594 0.017105
0.015568 0.017134
0.015539 0.019660
0.015484 0.017865
0.015458 0.015763
0.015405 0.016049
0.015384 0.021089
0.015347 0.019516
0.015330 0.023952
0.015313 0.017317
0.015284 0.015321
0.015254 0.019964
0.015212 0.016319
0.015201 0.029453
0.015155 0.023755
0.015108 0.015814
0.015089 0.017081
0.015086 0.022660
0.015067 0.018434
0.015034 0.016138
0.015031 0.015838
0.014935 0.022358
0.014929 0.017759
0.014890 0.019565
0.014888 0.018666
0.014836 0.015733
0.014827 0.022145
0.014825 0.018308
0.014824 0.016919
0.014769 0.015882
0.014760 0.015957
0.014758 0.018873
0.014756 0.017981
0.014746 0.028283
0.014666 0.017744
0.014637 0.014962
0.014612 0.015621
0.014607 0.020285
0.014605 0.014754
0.014592 0.019150
0.014543 0.029651
0.014523 0.020429
0.014508 0.015517
0.014416 0.014738
0.014415 0.019500
0.014409 0.015829
0.014396 0.020976
0.014382 0.022820
0.014370 0.024873
0.014317 0.014490
0.014251 0.028706
0.014183 0.018561
0.014155 0.023747
0.014133 0.016099
0.014113 0.014462
0.014069 0.021543
0.014049 0.015233
0.014045 0.022093
0.014032 0.018979
0.013949 0.015893
0.013888 0.019970
0.013879 0.015724
0.013857 0.020257
0.013818 0.017694
0.013779 0.015829
0.013760 0.023402
0.013758 0.014677
0.013733 0.015084
0.013716 0.015358
0.013700 0.015725
0.013672 0.018146
0.013668 0.016809
0.013633 0.014124
0.013622 0.016205
0.013580 0.017488
0.013575 0.016320
0.013547 0.014034
0.013542 0.017105
0.013510 0.017181
0.013455 0.014647
0.013446 0.015330
0.013441 0.018440
0.013438 0.015774
0.013438 0.017319
0.013425 0.016050
0.013419 0.015332
0.013405 0.013804
0.013387 0.014118
0.013309 0.023639
0.013305 0.013500
0.013247 0.015237
0.013246 0.016552
0.013232 0.028950
0.013177 0.016300
0.013131 0.019033
0.013127 0.014649
0.013115 0.026986
0.013111 0.014233
0.013001 0.013923
0.012994 0.018528
0.012989 0.017848
0.012988 0.017081
0.012945 0.014460
0.012940 0.014295
0.012932 0.015180
0.012899 0.014742
0.012869 0.013526
0.012859 0.019418
0.012841 0.021119
0.012812 0.019465
0.012781 0.015118
0.012768 0.014050
0.012762 0.018258
0.012738 0.014448
0.012728 0.021775
0.012718 0.018305
0.012654 0.017619
0.012645 0.012936
0.012638 0.013354
0.012620 0.013189
0.012583 0.021458
0.012579 0.013958
0.012573 0.015043
0.012569 0.015777
0.012544 0.013473
0.012514 0.012814
0.012494 0.014020
0.012491 0.015157
0.012489 0.020080
0.012460 0.019918
0.012447 0.014320
0.012378 0.019957
0.012370 0.012566
0.012364 0.026945
0.012358 0.013149
0.012346 0.013644
0.012328 0.020633
0.012325 0.020592
0.012317 0.023510
0.012315 0.012950
0.012303 0.019857
0.012246 0.015900
0.012225 0.013914
0.012222 0.016281
0.012186 0.017764
0.012104 0.015336
0.012086 0.012375
0.012080 0.016658
0.012064 0.012980
0.012062 0.016340
0.012045 0.012673
0.012036 0.013620
0.011985 0.016238
0.011944 0.018238
0.011936 0.012008
0.011905 0.011946
0.011880 0.012369
0.011880 0.015900
0.011851 0.012586
0.011831 0.013281
0.011799 0.015439
0.011779 0.012450
0.011778 0.013813
0.011755 0.016047
0.011730 0.013940
0.011681 0.011930
0.011641 0.011662
0.011632 0.015416
0.011580 0.019872
0.011564 0.011633
0.011561 0.011881
0.011537 0.012341
0.011522 0.016955
0.011496 0.012293
0.011492 0.015972
0.011489 0.014926
0.011478 0.012061
0.011474 0.014667
0.011458 0.019415
0.011451 0.012101
0.011442 0.011547
0.011397 0.013218
0.011393 0.015511
0.011371 0.012293
0.011369 0.014082
0.011366 0.014289
0.011330 0.011448
0.011325 0.024147
0.011321 0.012903
0.011315 0.012583
0.011282 0.019282
0.011231 0.013055
0.011230 0.018337
0.011223 0.011268
0.011203 0.011308
0.011190 0.016323
0.011151 0.014479
0.011072 0.011725
0.011072 0.015297
0.011063 0.012950
0.011056 0.014996
0.011022 0.013918
0.010992 0.014046
0.010972 0.016958
0.010966 0.012160
0.010959 0.013122
0.010941 0.014848
0.010923 0.013556
0.010915 0.014025
0.010912 0.015641
0.010901 0.012969
0.010860 0.012060
0.010821 0.015408
0.010815 0.011069
0.010808 0.019558
0.010768 0.014835
0.010665 0.014906
0.010655 0.015395
0.010654 0.011618
0.010646 0.026733
0.010635 0.011281
0.010605 0.011325
0.010587 0.016274
0.010555 0.011948
0.010555 0.012876
0.010554 0.014371
0.010487 0.015005
0.010460 0.013248
0.010380 0.015346
0.010350 0.010929
0.010346 0.011803
0.010343 0.018049
0.010312 0.012059
0.010288 0.014861
0.010267 0.011636
0.010201 0.011474
0.010179 0.010659
0.010147 0.015393
0.010135 0.014306
0.010131 0.010869
0.010131 0.012574
0.010073 0.010296
0.010065 0.012020
0.010030 0.012009
0.009983 0.017027
0.009981 0.010299
0.009979 0.012912
0.009979 0.016604
0.009962 0.010302
0.009960 0.012775
0.009959 0.011202
0.009952 0.014036
0.009937 0.010397
0.009936 0.013640
0.009927 0.011752
0.009917 0.010239
0.009901 0.010399
0.009861 0.011302
0.009804 0.012207
0.009797 0.014118
0.009778 0.011020
0.009770 0.010963
0.009753 0.009938
0.009727 0.014061
0.009669 0.009980
0.009651 0.016446
0.009618 0.009956
0.009601 0.011633
0.009595 0.010159
0.009575 0.016796
0.009566 0.010880
0.009563 0.012159
0.009542 0.010333
0.009537 0.009826
0.009468 0.009858
0.009442 0.011857
0.009439 0.014611
0.009369 0.010193
0.009348 0.010836
0.009325 0.009968
0.009287 0.010200
0.009271 0.014290
0.009266 0.009417
0.009265 0.011081
0.009238 0.010212
0.009218 0.012131
0.009217 0.010011
0.009216 0.010807
0.009212 0.010176
0.009201 0.009634
0.009186 0.010352
0.009185 0.010165
0.009164 0.009333
0.009150 0.013017
0.009148 0.010156
0.009119 0.010375
0.009115 0.009262
0.009115 0.009689
0.009078 0.018305
0.009041 0.012735
0.009032 0.010777
0.009026 0.009556
0.009005 0.009405
0.008996 0.011056
0.008990 0.008991
0.008946 0.010059
0.008944 0.012418
0.008897 0.013635
0.008891 0.013546
0.008842 0.009103
0.008833 0.009670
0.008825 0.011843
0.008766 0.010545
0.008755 0.010504
0.008738 0.011769
0.008736 0.010574
0.008725 0.008777
0.008701 0.010156
0.008691 0.009752
0.008664 0.009328
0.008636 0.008962
0.008604 0.009146
0.008602 0.008909
0.008589 0.009808
0.008575 0.015634
0.008571 0.012526
0.008568 0.008805
0.008539 0.009081
0.008533 0.010172
0.008505 0.009941
0.008499 0.010512
0.008482 0.008708
0.008477 0.008589
0.008467 0.009458
0.008464 0.009999
0.008463 0.008971
0.008411 0.009154
0.008406 0.009155
0.008357 0.012299
0.008352 0.010911
0.008351 0.009283
0.008342 0.011117
0.008330 0.010829
0.008323 0.012467
0.008309 0.009135
0.008300 0.011408
0.008295 0.010088
0.008266 0.012739
0.008260 0.008732
0.008257 0.008384
0.008249 0.014722
0.008247 0.009274
0.008231 0.008790
0.008212 0.010563
0.008212 0.008465
0.008208 0.008967
0.008189 0.009161
0.008155 0.010460
0.008138 0.010043
0.008116 0.015786
0.008104 0.009992
0.008068 0.009667
0.008068 0.009761
0.008066 0.010183
0.008060 0.008142
0.008036 0.008492
0.008019 0.009395
0.007988 0.009263
0.007978 0.008599
0.007975 0.012982
0.007968 0.008478
0.007959 0.008326
0.007935 0.009177
0.007932 0.015833
0.007924 0.007972
0.007897 0.008606
0.007874 0.011149
0.007856 0.010772
0.007832 0.008700
0.007828 0.009208
0.007806 0.010668
0.007786 0.007853
0.007779 0.008273
0.007765 0.008443
0.007763 0.008714
0.007740 0.009092
0.007731 0.008097
0.007727 0.008845
0.007723 0.011603
0.007723 0.008713
0.007707 0.012859
0.007697 0.008140
0.007693 0.007891
0.007676 0.008984
0.007657 0.009806
0.007644 0.010326
0.007633 0.008035
0.007630 0.008068
0.007626 0.007997
0.007554 0.007762
0.007547 0.008171
0.007539 0.007856
0.007533 0.010953
0.007483 0.008423
0.007451 0.010388
0.007444 0.007659
0.007443 0.007932
0.007437 0.007512
0.007430 0.010112
0.007406 0.008568
0.007405 0.007625
0.007402 0.008923
0.007402 0.008268
0.007380 0.007946
0.007366 0.010259
0.007355 0.007530
0.007346 0.007560
0.007338 0.009636
0.007319 0.007445
0.007316 0.008269
0.007316 0.010012
0.007303 0.008888
0.007299 0.007395
0.007299 0.010600
0.007294 0.008107
0.007292 0.007416
0.007272 0.007988
0.007270 0.008670
0.007249 0.008778
0.007222 0.011341
0.007222 0.010276
0.007214 0.009901
0.007213 0.007989
0.007190 0.007319
0.007181 0.008211
0.007174 0.007461
0.007170 0.009816
0.007165 0.007681
0.007143 0.008037
0.007123 0.012352
0.007121 0.009450
0.007095 0.008193
0.007092 0.007966
0.007041 0.007938
0.007020 0.013622
0.007014 0.008988
0.007014 0.008005
0.007009 0.007157
0.007007 0.008002
0.007007 0.007067
0.007007 0.011260
0.006954 0.010701
0.006917 0.007120
0.006910 0.008235
0.006908 0.011221
0.006906 0.007529
0.006900 0.007437
0.006872 0.011612
0.006863 0.008643
0.006846 0.009015
0.006836 0.006951
0.006825 0.008060
0.006812 0.007476
0.006809 0.007495
0.006808 0.006845
0.006805 0.006930
0.006804 0.012999
0.006802 0.007381
0.006800 0.008912
0.006779 0.008667
0.006778 0.007109
0.006775 0.007560
0.006743 0.007995
0.006740 0.011352
0.006722 0.011104
0.006705 0.012940
0.006694 0.006813
0.006690 0.007990
0.006660 0.006843
0.006658 0.009030
0.006632 0.008039
0.006624 0.008698
0.006623 0.006864
0.006610 0.006865
0.006596 0.008753
0.006583 0.014266
0.006574 0.006842
0.006571 0.008420
0.006558 0.007100
0.006554 0.006596
0.006545 0.006984
0.006523 0.006698
0.006511 0.008645
0.006500 0.007346
0.006499 0.006976
0.006490 0.010020
0.006487 0.007347
0.006485 0.006739
0.006477 0.008885
0.006473 0.006901
0.006462 0.007343
0.006431 0.008889
0.006425 0.007113
0.006415 0.009752
0.006370 0.008927
0.006352 0.007324
0.006338 0.006474
0.006336 0.006672
0.006334 0.008643
0.006324 0.006808
0.006316 0.009006
0.006306 0.006413
0.006302 0.008039
0.006296 0.006622
0.006287 0.008408
0.006272 0.007315
0.006266 0.007147
0.006264 0.006452
0.006246 0.006320
0.006243 0.006996
0.006240 0.010253
0.006238 0.006909
0.006237 0.006503
0.006180 0.006428
0.006166 0.006934
0.006157 0.007332
0.006141 0.007557
0.006139 0.006901
0.006137 0.006914
0.006136 0.006239
0.006136 0.006159
0.006130 0.007379
0.006106 0.007016
0.006096 0.006692
0.006091 0.011724
0.006089 0.006655
0.006088 0.009899
0.006074 0.006724
0.006069 0.006529
0.006068 0.006599
0.006027 0.006429
0.006013 0.011263
0.006003 0.009056
0.005996 0.006254
0.005993 0.006237
0.005992 0.007216
0.005991 0.007251
0.005990 0.008653
0.005985 0.006467
0.005976 0.006317
0.005969 0.006551
0.005962 0.006616
0.005957 0.007794
0.005922 0.007064
0.005915 0.005976
0.005914 0.007287
0.005887 0.007170
0.005885 0.006706
0.005862 0.006041
0.005862 0.005863
0.005853 0.006884
0.005848 0.005875
0.005847 0.009224
0.005826 0.008421
0.005822 0.005858
0.005819 0.008708
0.005774 0.005902
0.005771 0.006984
0.005764 0.005772
0.005738 0.009538
0.005730 0.005876
0.005725 0.007441
0.005715 0.005854
0.005711 0.006380
0.005705 0.007679
0.005703 0.007322
0.005702 0.006750
0.005686 0.005765
0.005685 0.011691
0.005684 0.005964
0.005679 0.005893
0.005678 0.005984
0.005668 0.010068
0.005634 0.006305
0.005628 0.005818
0.005620 0.005781
0.005609 0.006935
0.005595 0.009236
0.005594 0.008173
0.005593 0.007816
0.005590 0.005654
0.005590 0.006422
0.005577 0.008398
0.005561 0.006151
0.005561 0.005988
0.005541 0.006564
0.005531 0.005666
0.005526 0.006056
0.005513 0.007228
0.005497 0.009291
0.005494 0.007173
0.005470 0.005675
0.005463 0.006530
0.005456 0.005793
0.005456 0.007280
0.005448 0.006409
0.005446 0.007398
0.005443 0.005581
0.005438 0.006993
0.005433 0.005844
0.005430 0.005889
0.005429 0.006355
0.005426 0.006442
0.005424 0.007899
0.005419 0.005954
0.005418 0.006504
0.005414 0.006528
0.005414 0.008369
0.005413 0.005441
0.005408 0.005700
0.005407 0.006517
0.005404 0.006023
0.005399 0.005635
0.005391 0.005507
0.005388 0.006711
0.005387 0.005565
0.005383 0.008927
0.005380 0.005970
0.005359 0.005822
0.005354 0.005644
0.005352 0.006616
0.005351 0.007409
0.005350 0.005665
0.005345 0.008129
0.005340 0.007238
0.005335 0.007376
0.005333 0.008776
0.005331 0.012845
0.005328 0.007618
0.005322 0.011885
0.005316 0.007278
0.005314 0.006440
0.005311 0.007106
0.005309 0.008613
0.005292 0.005698
0.005291 0.005373
0.005289 0.005345
0.005287 0.008814
0.005286 0.006676
0.005282 0.005539
0.005273 0.005525
0.005272 0.005391
0.005261 0.005912
0.005256 0.005495
0.005255 0.006262
0.005247 0.005369
0.005240 0.006910
0.005234 0.005267
0.005228 0.005395
0.005224 0.010024
0.005216 0.005553
0.005201 0.005234
0.005181 0.005542
0.005176 0.005302
0.005171 0.005505
0.005170 0.006025
0.005169 0.005710
0.005149 0.006447
0.005147 0.006057
0.005118 0.005357
0.005102 0.006947
0.005100 0.009179
0.005093 0.007882
0.005088 0.006642
0.005081 0.005256
0.005072 0.005898
0.005072 0.007406
0.005049 0.006732
0.005044 0.005336
0.005034 0.005573
0.005034 0.005604
0.005031 0.006619
0.005030 0.006756
0.005014 0.005332
0.005005 0.006881
0.004998 0.005602
0.004994 0.010083
0.004993 0.005258
0.004991 0.005215
0.004991 0.005379
0.004986 0.008032
0.004983 0.005244
0.004979 0.006789
0.004975 0.005541
0.004969 0.006049
0.004966 0.006827
0.004959 0.006799
0.004958 0.008018
0.004957 0.005342
0.004952 0.006508
0.004947 0.005104
0.004944 0.005681
0.004929 0.005510
0.004929 0.005524
0.004923 0.005099
0.004920 0.005026
0.004903 0.005261
0.004892 0.005796
0.004891 0.007429
0.004865 0.009033
0.004865 0.005286
0.004852 0.005033
0.004845 0.004855
0.004845 0.005296
0.004840 0.006529
0.004837 0.005141
0.004836 0.006119
0.004836 0.005051
0.004834 0.009743
0.004828 0.005426
0.004825 0.004857
0.004825 0.007296
0.004818 0.006989
0.004818 0.005327
0.004816 0.005145
0.004806 0.004938
0.004804 0.007962
0.004801 0.005395
0.004796 0.005717
0.004794 0.005230
0.004788 0.004818
0.004785 0.010608
0.004783 0.005025
0.004767 0.005942
0.004766 0.007589
0.004758 0.005400
0.004744 0.010192
0.004740 0.006731
0.004735 0.006349
0.004731 0.005463
0.004730 0.006173
0.004724 0.005828
0.004724 0.005550
0.004722 0.005551
0.004715 0.006865
0.004706 0.006967
0.004705 0.005357
0.004699 0.006756
0.004689 0.007858
0.004682 0.005144
0.004679 0.005095
0.004677 0.007681
0.004666 0.005768
0.004664 0.005237
0.004658 0.005774
0.004656 0.004702
0.004647 0.005802
0.004645 0.007190
0.004642 0.005614
0.004639 0.004943
0.004624 0.004905
0.004623 0.004670
0.004623 0.006230
0.004617 0.005075
0.004616 0.004812
0.004610 0.004628
0.004600 0.005891
0.004588 0.005940
0.004588 0.011024
0.004587 0.004913
0.004577 0.007806
0.004571 0.006511
0.004567 0.007658
0.004567 0.009980
0.004565 0.004990
0.004564 0.004955
0.004562 0.004593
0.004561 0.005214
0.004560 0.004907
0.004560 0.005684
0.004552 0.005104
0.004548 0.009751
0.004529 0.004694
0.004517 0.005592
0.004516 0.004699
0.004510 0.005225
0.004508 0.004871
0.004506 0.006305
0.004501 0.004680
0.004496 0.006594
0.004493 0.005338
0.004489 0.005787
0.004489 0.005086
0.004489 0.004496
0.004484 0.004687
0.004484 0.006783
0.004479 0.004956
0.004478 0.006619
0.004475 0.004703
0.004472 0.005513
0.004472 0.007875
0.004469 0.005759
0.004468 0.004548
0.004467 0.006861
0.004454 0.004520
0.004445 0.004516
0.004440 0.005756
0.004439 0.004451
0.004437 0.004988
0.004435 0.004615
0.004433 0.004730
0.004430 0.005704
0.004429 0.004440
0.004420 0.005002
0.004414 0.005679
0.004412 0.004753
0.004407 0.004734
0.004402 0.006838
0.004398 0.005188
0.004396 0.007013
0.004395 0.005375
0.004391 0.004706
0.004385 0.004965
0.004381 0.004997
0.004368 0.005639
0.004366 0.005347
0.004365 0.004445
0.004348 0.005441
0.004342 0.004397
0.004333 0.004739
0.004331 0.007749
0.004329 0.006039
0.004325 0.005491
0.004320 0.007413
0.004318 0.004871
0.004314 0.005032
0.004311 0.004897
0.004304 0.004342
0.004303 0.004375
0.004303 0.004477
0.004298 0.007623
0.004295 0.006446
0.004294 0.004419
0.004291 0.004444
0.004291 0.005569
0.004291 0.005247
0.004288 0.004437
0.004287 0.004558
0.004284 0.005620
0.004279 0.004873
0.004278 0.004873
0.004268 0.007567
0.004268 0.007425
0.004268 0.005298
0.004267 0.006121
0.004266 0.004612
0.004247 0.005825
0.004247 0.005037
0.004243 0.006194
0.004242 0.004474
0.004241 0.004374
0.004236 0.004697
0.004232 0.004511
0.004232 0.004670
0.004232 0.005024
0.004230 0.004990
0.004221 0.005433
0.004220 0.004499
0.004219 0.004299
0.004219 0.008818
0.004217 0.007318
0.004216 0.004955
0.004209 0.004689
0.004207 0.005189
0.004205 0.005926
0.004202 0.007801
0.004202 0.005282
0.004189 0.005679
0.004188 0.006946
0.004184 0.004647
0.004181 0.004611
0.004177 0.004264
0.004175 0.006393
0.004169 0.004420
0.004167 0.004583
0.004157 0.006282
0.004146 0.004565
0.004145 0.004825
0.004144 0.005566
0.004143 0.006978
0.004136 0.005267
0.004133 0.004423
0.004133 0.004240
0.004130 0.008668
0.004128 0.004626
0.004127 0.007156
0.004126 0.004582
0.004125 0.004479
0.004109 0.004540
0.004105 0.005193
0.004093 0.004167
0.004090 0.004107
0.004088 0.004394
0.004087 0.004128
0.004075 0.004369
0.004075 0.004245
0.004070 0.004193
0.004064 0.005409
0.004055 0.005132
0.004052 0.004958
0.004051 0.004421
0.004048 0.004437
0.004048 0.004844
0.004048 0.004093
0.004045 0.005166
0.004044 0.004597
0.004044 0.004243
0.004043 0.004178
0.004042 0.004923
0.004037 0.005864
0.004035 0.004218
0.004028 0.004130
0.004028 0.004394
0.004028 0.006506
0.004027 0.004058
0.004027 0.004938
0.004022 0.004054
0.004017 0.004085
0.004016 0.004308
0.004015 0.005024
0.004010 0.004521
0.004010 0.004216
0.004006 0.005673
0.004006 0.004754
0.004005 0.005595
0.004005 0.005306
0.003996 0.005084
0.003992 0.004394
0.003979 0.004524
0.003967 0.004085
0.003965 0.005513
0.003959 0.004076
0.003957 0.005352
0.003956 0.004428
0.003955 0.005413
0.003955 0.004614
0.003953 0.004379
0.003950 0.004202
0.003950 0.007986
0.003945 0.004198
0.003936 0.004044
0.003936 0.004766
0.003931 0.004471
0.003931 0.006674
0.003929 0.006307
0.003927 0.004384
0.003927 0.004586
0.003926 0.003929
0.003917 0.004178
0.003914 0.004391
0.003914 0.006708
0.003913 0.004812
0.003912 0.004454
0.003905 0.004745
0.003903 0.005631
0.003895 0.005962
0.003892 0.004229
0.003892 0.004632
0.003892 0.004982
0.003887 0.004281
0.003885 0.004787
0.003884 0.003892
0.003884 0.003895
0.003883 0.006393
0.003881 0.006189
0.003873 0.004444
0.003867 0.004765
0.003864 0.004003
0.003860 0.004253
0.003859 0.005640
0.003850 0.004351
0.003849 0.005025
0.003845 0.004598
0.003841 0.004292
0.003829 0.004160
0.003828 0.004890
0.003825 0.004258
0.003821 0.005354
0.003816 0.004435
0.003813 0.004280
0.003812 0.004084
0.003811 0.004309
0.003809 0.004296
0.003807 0.004084
0.003807 0.005584
0.003806 0.006687
0.003798 0.004266
0.003798 0.004259
0.003795 0.003909
0.003788 0.004550
0.003787 0.003804
0.003784 0.005309
0.003780 0.004528
0.003779 0.005327
0.003778 0.005073
0.003775 0.004180
0.003771 0.005183
0.003770 0.005197
0.003760 0.004341
0.003759 0.004285
0.003758 0.003956
0.003756 0.005602
0.003755 0.004788
0.003752 0.003971
0.003752 0.005382
0.003748 0.004821
0.003747 0.004859
0.003743 0.003890
0.003742 0.007200
0.003735 0.004650
0.003732 0.004963
0.003730 0.003850
0.003728 0.004584
0.003726 0.004074
0.003723 0.004445
0.003721 0.004559
0.003711 0.008625
0.003711 0.003878
0.003705 0.005367
0.003701 0.003889
0.003698 0.004498
0.003693 0.004313
0.003686 0.003713
0.003682 0.004068
0.003680 0.004058
0.003676 0.005936
0.003666 0.003868
0.003658 0.004133
0.003658 0.003750
0.003657 0.006180
0.003654 0.004621
0.003651 0.004734
0.003650 0.004547
0.003644 0.004282
0.003643 0.004615
0.003640 0.003672
0.003638 0.005434
0.003633 0.005148
0.003632 0.004407
0.003629 0.003906
0.003629 0.007010
0.003623 0.006025
0.003621 0.003645
0.003618 0.003809
0.003616 0.003735
0.003615 0.005878
0.003614 0.004637
0.003608 0.003795
0.003603 0.004136
0.003602 0.003730
0.003601 0.003647
0.003598 0.003747
0.003592 0.003659
0.003591 0.003924
0.003589 0.003839
0.003589 0.004284
0.003584 0.005554
0.003583 0.003982
0.003582 0.004945
0.003582 0.003631
0.003578 0.007633
0.003576 0.004943
0.003574 0.003696
0.003573 0.004439
0.003569 0.004145
0.003568 0.005914
0.003565 0.004239
0.003563 0.005602
0.003561 0.006627
0.003560 0.004567
0.003560 0.004346
0.003554 0.003562
0.003551 0.003698
0.003546 0.004189
0.003545 0.003730
0.003540 0.005526
0.003540 0.003938
0.003534 0.004037
0.003533 0.004216
0.003527 0.003875
0.003523 0.004433
0.003521 0.004467
0.003521 0.003942
0.003521 0.004018
0.003518 0.003727
0.003517 0.003519
0.003517 0.004199
0.003515 0.005552
0.003514 0.004964
0.003514 0.003870
0.003512 0.004106
0.003511 0.004250
0.003511 0.006140
0.003505 0.003955
0.003505 0.004228
0.003504 0.005067
0.003502 0.004004
0.003500 0.003646
0.003499 0.003627
0.003498 0.006337
0.003491 0.003538
0.003491 0.005195
0.003487 0.004010
0.003485 0.003626
0.003485 0.005518
0.003485 0.004888
0.003484 0.003512
0.003480 0.003703
0.003475 0.003485
0.003472 0.004063
0.003472 0.004273
0.003471 0.004963
0.003467 0.004736
0.003467 0.005809
0.003467 0.003733
0.003467 0.005947
0.003467 0.004839
0.003466 0.004353
0.003464 0.003794
0.003463 0.006337
0.003462 0.004608
0.003461 0.004010
0.003457 0.004556
0.003455 0.003916
0.003455 0.004045
0.003454 0.003511
0.003454 0.003588
0.003453 0.004127
0.003447 0.003712
0.003437 0.005318
0.003437 0.003975
0.003436 0.003993
0.003431 0.005866
0.003420 0.003746
0.003419 0.004729
0.003419 0.007768
0.003415 0.003554
0.003412 0.003600
0.003411 0.003421
0.003409 0.004124
0.003406 0.004149
0.003406 0.003856
0.003401 0.003682
0.003401 0.004317
0.003400 0.005109
0.003399 0.004514
0.003399 0.004305
0.003397 0.003925
0.003393 0.003879
0.003381 0.006040
0.003377 0.003378
0.003373 0.003467
0.003372 0.005527
0.003371 0.003416
0.003370 0.004416
0.003363 0.003379
0.003361 0.003938
0.003355 0.005662
0.003353 0.003483
0.003348 0.003669
0.003340 0.003453
0.003337 0.003869
0.003335 0.004077
0.003334 0.005499
0.003333 0.004510
0.003332 0.003347
0.003331 0.003678
0.003327 0.005828
0.003325 0.005379
0.003322 0.005427
0.003317 0.003544
0.003311 0.004147
0.003311 0.004197
0.003307 0.005085
0.003305 0.005208
0.003303 0.003321
0.003302 0.005232
0.003300 0.006815
0.003299 0.004721
0.003295 0.003680
0.003293 0.004061
0.003293 0.004305
0.003289 0.003381
0.003289 0.004023
0.003289 0.005308
0.003288 0.003458
0.003285 0.003604
0.003284 0.003302
0.003274 0.005216
0.003274 0.003799
0.003271 0.003463
0.003270 0.003403
0.003262 0.004828
0.003260 0.003336
0.003260 0.003525
0.003259 0.003276
0.003255 0.003953
0.003254 0.003267
0.003252 0.003363
0.003247 0.007298
0.003246 0.004754
0.003245 0.005482
0.003245 0.003852
0.003245 0.003262
0.003241 0.004274
0.003240 0.004442
0.003240 0.003681
0.003239 0.003401
0.003233 0.004032
0.003233 0.004110
0.003232 0.004099
0.003232 0.004850
0.003231 0.003486
0.003231 0.003538
0.003230 0.004173
0.003226 0.003271
0.003225 0.004593
0.003222 0.005494
0.003222 0.003633
0.003213 0.003357
0.003201 0.004550
0.003200 0.003321
0.003199 0.004470
0.003196 0.006737
0.003194 0.003218
0.003193 0.003278
0.003193 0.005235
0.003192 0.005147
0.003190 0.007770
0.003187 0.004247
0.003185 0.003274
0.003183 0.003571
0.003181 0.004481
0.003178 0.003620
0.003177 0.004215
0.003177 0.005750
0.003170 0.003672
0.003170 0.003771
0.003167 0.003273
0.003165 0.003184
0.003164 0.005992
0.003160 0.003806
0.003159 0.004449
0.003158 0.003414
0.003157 0.004490
0.003156 0.003238
0.003155 0.004775
0.003146 0.003660
0.003146 0.003619
0.003145 0.006078
0.003140 0.003674
0.003137 0.003790
0.003136 0.003802
0.003131 0.003480
0.003126 0.003362
0.003124 0.003139
0.003116 0.003590
0.003115 0.003469
0.003111 0.006459
0.003110 0.003340
0.003110 0.003190
0.003107 0.003186
0.003101 0.003672
0.003099 0.005780
0.003094 0.003204
0.003093 0.003181
0.003093 0.003565
0.003085 0.003339
0.003080 0.004782
0.003075 0.006330
0.003075 0.003127
0.003074 0.003076
0.003074 0.003523
0.003072 0.003440
0.003071 0.003762
0.003068 0.003435
0.003068 0.003220
0.003068 0.004374
0.003067 0.003526
0.003066 0.004620
0.003066 0.004354
0.003065 0.004527
0.003060 0.003158
0.003053 0.003289
0.003052 0.004386
0.003052 0.007607
0.003047 0.005062
0.003044 0.003182
0.003042 0.003864
0.003042 0.005011
0.003042 0.003043
0.003040 0.004724
0.003037 0.003243
0.003036 0.003625
0.003036 0.003852
0.003036 0.003658
0.003035 0.003285
0.003035 0.003044
0.003034 0.003241
0.003029 0.004924
0.003028 0.003202
0.003016 0.003282
0.003012 0.003135
0.003012 0.003091
0.003011 0.003012
0.003004 0.005038
0.003001 0.003263
0.002999 0.003344
0.002995 0.003360
0.002995 0.004136
0.002993 0.003242
0.002989 0.005929
0.002987 0.003000
0.002985 0.003511
0.002979 0.004795
0.002977 0.005830
0.002977 0.004487
0.002974 0.005067
0.002969 0.003259
0.002968 0.004285
0.002967 0.003681
0.002966 0.003378
0.002962 0.004047
0.002958 0.004632
0.002957 0.003525
0.002956 0.004151
0.002953 0.003346
0.002951 0.003657
0.002948 0.003216
0.002948 0.005236
0.002947 0.003376
0.002946 0.003377
0.002944 0.003626
0.002944 0.004447
0.002942 0.003810
0.002941 0.003633
0.002941 0.005253
0.002940 0.005175
0.002936 0.004630
0.002935 0.005097
0.002934 0.003623
0.002930 0.003800
0.002917 0.004455
0.002915 0.005741
0.002914 0.003699
0.002914 0.003034
0.002914 0.003575
0.002905 0.002973
0.002902 0.003426
0.002902 0.004481
0.002902 0.003965
0.002902 0.004401
0.002901 0.004563
0.002900 0.003843
0.002899 0.003900
0.002898 0.003820
0.002891 0.004606
0.002891 0.003170
0.002887 0.004087
0.002884 0.002947
0.002878 0.004644
0.002875 0.003478
0.002873 0.004989
0.002872 0.003071
0.002869 0.003941
0.002867 0.005447
0.002864 0.007611
0.002863 0.003150
0.002859 0.002956
0.002858 0.003440
0.002853 0.002904
0.002851 0.003014
0.002850 0.006625
0.002849 0.003038
0.002848 0.003465
0.002846 0.002932
0.002841 0.006258
0.002835 0.003427
0.002832 0.002967
0.002830 0.004340
0.002829 0.002849
0.002827 0.004677
0.002825 0.002843
0.002820 0.004435
0.002820 0.004660
0.002815 0.003125
0.002813 0.003531
0.002812 0.005878
0.002812 0.003812
0.002811 0.003017
0.002810 0.003028
0.002805 0.003444
0.002801 0.003013
0.002798 0.003819
0.002798 0.002801
0.002797 0.002876
0.002791 0.002800
0.002791 0.002975
0.002790 0.004056
0.002789 0.003439
0.002789 0.005498
0.002787 0.004468
0.002785 0.002803
0.002779 0.003959
0.002778 0.002802
0.002775 0.003097
0.002772 0.004065
0.002770 0.003088
0.002761 0.003898
0.002759 0.005599
0.002754 0.005282
0.002747 0.002956
0.002746 0.002948
0.002739 0.003358
0.002733 0.003317
0.002729 0.003105
0.002728 0.002814
0.002727 0.003523
0.002724 0.003002
0.002722 0.002873
0.002720 0.002861
0.002718 0.003956
0.002718 0.003312
0.002717 0.002764
0.002711 0.002781
0.002711 0.003219
0.002700 0.003161
0.002699 0.004685
0.002698 0.004838
0.002692 0.003183
0.002691 0.004445
0.002691 0.003206
0.002691 0.003437
0.002689 0.004436
0.002686 0.002904
0.002685 0.003127
0.002684 0.003135
0.002682 0.005867
0.002679 0.006484
0.002675 0.003421
0.002671 0.003613
0.002667 0.002974
0.002663 0.002867
0.002662 0.004045
0.002661 0.002970
0.002654 0.004501
0.002652 0.003212
0.002652 0.002655
0.002649 0.002856
0.002648 0.003767
0.002648 0.003592
0.002647 0.003109
0.002645 0.002870
0.002639 0.003782
0.002638 0.003443
0.002637 0.003603
0.002632 0.002774
0.002632 0.002744
0.002632 0.003095
0.002630 0.004490
0.002624 0.003186
0.002624 0.006305
0.002618 0.002990
0.002617 0.003506
0.002616 0.002760
0.002607 0.005663
0.002606 0.002685
0.002604 0.003309
0.002602 0.002810
0.002600 0.003815
0.002593 0.002781
0.002589 0.003251
0.002585 0.003969
0.002574 0.003053
0.002569 0.002582
0.002566 0.003150
0.002559 0.004364
0.002557 0.002977
0.002548 0.002561
0.002542 0.003693
0.002540 0.002542
0.002537 0.003979
0.002537 0.003419
0.002537 0.002958
0.002536 0.002639
0.002533 0.002937
0.002528 0.003403
0.002528 0.003884
0.002520 0.003110
0.002519 0.002717
0.002517 0.002748
0.002510 0.004187
0.002502 0.002865
0.002495 0.002584
0.002493 0.003561
0.002474 0.003099
0.002469 0.003378
0.002469 0.002596
0.002467 0.003524
0.002465 0.003078
0.002462 0.002670
0.002459 0.002986
0.002459 0.002915
0.002457 0.003632
0.002455 0.002783
0.002453 0.006062
0.002451 0.004625
0.002446 0.003110
0.002444 0.006166
0.002441 0.002556
0.002437 0.004851
0.002434 0.002684
0.002433 0.002501
0.002428 0.002495
0.002425 0.002591
0.002423 0.002443
0.002417 0.002436
0.002416 0.003440
0.002408 0.002501
0.002405 0.002621
0.002400 0.002670
0.002391 0.002472
0.002380 0.002534
0.002377 0.003449
0.002377 0.002710
0.002373 0.003555
0.002369 0.004561
0.002367 0.002698
0.002366 0.002477
0.002360 0.002413
0.002354 0.003432
0.002342 0.002644
0.002341 0.003281
0.002319 0.003302
0.002313 0.002748
0.002311 0.002907
0.002309 0.002335
0.002297 0.002830
0.002296 0.003131
0.002289 0.002633
0.002289 0.003230
0.002283 0.002868
0.002281 0.002603
0.002278 0.003621
0.002276 0.002359
0.002275 0.003288
0.002273 0.002853
0.002271 0.002356
0.002271 0.002543
0.002269 0.003180
0.002269 0.003082
0.002265 0.002289
0.002265 0.002329
0.002263 0.002506
0.002257 0.002690
0.002237 0.002320
0.002218 0.002242
0.002204 0.002247
0.002196 0.002891
0.002196 0.003071
0.002191 0.002331
0.002191 0.002624
0.002185 0.002252
0.002183 0.002592
0.002140 0.002444
0.002137 0.002323
0.002135 0.003212
0.002130 0.002214
0.002126 0.002235
0.002120 0.002133
0.002114 0.002527
0.002114 0.002959
0.002104 0.002312
0.002093 0.003680
0.002091 0.002172
0.002089 0.002326
0.002079 0.002147
0.002064 0.002150
0.002053 0.002166
0.002052 0.002056
0.002038 0.002291
0.002038 0.002413
0.002028 0.002404
0.002024 0.002323
0.002008 0.002257
0.002003 0.002403
0.001998 0.002035
0.001993 0.002026
0.001983 0.002002
0.001980 0.002787
0.001959 0.002376
0.001957 0.003629
0.001937 0.002271
0.001931 0.002607
0.001921 0.002163
0.001913 0.002540
0.001899 0.002452
0.001895 0.003189
0.001883 0.002107
0.001877 0.002041
0.001842 0.002137
0.001832 0.002388
0.001832 0.002498
0.001827 0.001983
0.001820 0.001937
0.001810 0.001834
0.001772 0.001799
0.001771 0.001953
0.001746 0.002176
0.001746 0.002708
0.001728 0.001912
0.001704 0.001837
0.001676 0.001710
0.001673 0.001687
0.001671 0.001805
0.001639 0.001939
0.001638 0.001664
0.001631 0.002117
0.001624 0.001676
0.001619 0.001788
0.001585 0.001633
0.001582 0.001815
0.001536 0.001666
0.001474 0.001765
0.001447 0.001459
0.001423 0.001817
0.001418 0.001642
0.001263 0.001390
0.001162 0.001211
0.001104 0.001106
0.000901 0.000932
0.000864 0.000982
