0.126794 0.141508
0.109694 0.114702
0.105465 0.115432
0.102465 0.114997
0.098166 0.106059
0.095791 0.117321
0.092662 0.099224
0.088760 0.112672
0.087040 0.090130
0.079756 0.128175
0.077407 0.118607
0.074895 0.076042
0.069192 0.096825
0.068096 0.078369
0.067287 0.076410
0.066775 0.084251
0.063865 0.068927
0.061348 0.068857
0.059014 0.094530
0.058080 0.072317
0.057146 0.074287
0.056479 0.056682
0.056283 0.090032
0.056058 0.071867
0.055513 0.101893
0.055175 0.056448
0.054833 0.081956
0.053184 0.056310
0.053059 0.057532
0.052524 0.063342
0.052491 0.055399
0.051377 0.063334
0.050423 0.054090
0.050081 0.060692
0.050008 0.061161
0.049761 0.050265
0.049547 0.052984
0.049350 0.053021
0.048814 0.054599
0.048809 0.056340
0.048767 0.052968
0.048541 0.054585
0.048517 0.052004
0.047596 0.051837
0.046839 0.049801
0.046418 0.057762
0.046238 0.082779
0.045306 0.048131
0.045208 0.048256
0.045019 0.053848
0.044759 0.045249
0.044696 0.051069
0.044325 0.045168
0.044052 0.072680
0.044014 0.067561
0.043540 0.045388
0.042842 0.064677
0.042356 0.047027
0.042344 0.048920
0.042108 0.055818
0.042041 0.056500
0.041740 0.041960
0.041690 0.043504
0.041618 0.055543
0.040581 0.046526
0.040094 0.051294
0.039825 0.048383
0.039466 0.039934
0.039310 0.059533
0.038928 0.045963
0.038802 0.042362
0.038532 0.042810
0.037946 0.041843
0.037115 0.050216
0.036749 0.038537
0.036078 0.045080
0.035886 0.045059
0.035724 0.036376
0.035573 0.041576
0.035568 0.051800
0.034996 0.046062
0.034571 0.037427
0.034503 0.036675
0.034456 0.035134
0.034252 0.045052
0.033629 0.040802
0.033455 0.035531
0.033344 0.052870
0.033342 0.047951
0.033250 0.054014
0.033086 0.033273
0.032872 0.044483
0.032491 0.033717
0.032426 0.033054
0.032314 0.039082
0.031996 0.032638
0.031776 0.046236
0.031633 0.037860
0.031562 0.046845
0.031346 0.048413
0.031226 0.035723
0.031150 0.032079
0.031114 0.031962
0.031114 0.036008
0.030950 0.031033
0.030926 0.049447
0.030886 0.034747
0.030817 0.036328
0.030389 0.035567
0.030267 0.034766
0.030089 0.032554
0.030078 0.032907
0.029921 0.033595
0.029864 0.030171
0.029831 0.029984
0.029782 0.035165
0.029518 0.030703
0.029033 0.041414
0.029031 0.038502
0.028963 0.032320
0.028936 0.032870
0.028845 0.036439
0.028684 0.029872
0.028569 0.035011
0.028487 0.038645
0.028347 0.029222
0.028199 0.033815
0.027834 0.029847
0.027766 0.031736
0.027687 0.038061
0.027563 0.028712
0.027497 0.033918
0.027400 0.027471
0.027383 0.055221
0.027349 0.029057
0.027323 0.036728
0.027302 0.027958
0.027287 0.032236
0.027286 0.035866
0.027262 0.035768
0.027230 0.028015
0.027129 0.028562
0.027090 0.033746
0.026964 0.026975
0.026874 0.029687
0.026634 0.031780
0.026581 0.027551
0.026493 0.030738
0.026483 0.031808
0.026439 0.031539
0.026436 0.045910
0.026119 0.035822
0.026109 0.026629
0.026070 0.028545
0.026065 0.050773
0.025970 0.051915
0.025873 0.026141
0.025791 0.027115
0.025576 0.026372
0.025518 0.025881
0.025500 0.026418
0.025418 0.025503
0.025358 0.027240
0.025311 0.025678
0.025303 0.027027
0.025292 0.026451
0.025230 0.025807
0.025150 0.028764
0.025057 0.027673
0.025014 0.030093
0.024969 0.027145
0.024667 0.033538
0.024582 0.025701
0.024578 0.031809
0.024555 0.024798
0.024489 0.050974
0.024409 0.037488
0.024400 0.024546
0.024338 0.031161
0.024328 0.025899
0.024250 0.025916
0.024194 0.028450
0.024045 0.025504
0.024037 0.036298
0.023981 0.031014
0.023928 0.035335
0.023825 0.023982
0.023703 0.027178
0.023557 0.028785
0.023451 0.027002
0.023424 0.030423
0.023422 0.023607
0.023400 0.028508
0.023383 0.030807
0.023357 0.047583
0.023344 0.026753
0.023052 0.023833
0.022979 0.026685
0.022911 0.023870
0.022897 0.025362
0.022866 0.026282
0.022759 0.024536
0.022750 0.029238
0.022682 0.036396
0.022677 0.023261
0.022574 0.033236
0.022559 0.022983
0.022534 0.023398
0.022497 0.032703
0.022439 0.031169
0.022339 0.022893
0.022305 0.027487
0.022274 0.023938
0.022243 0.022975
0.022204 0.026387
0.022191 0.030885
0.022077 0.026623
0.022034 0.029328
0.022009 0.024866
0.022009 0.024789
0.021915 0.023033
0.021851 0.023300
0.021792 0.021842
0.021724 0.029912
0.021703 0.024699
0.021678 0.022677
0.021640 0.028323
0.021636 0.024305
0.021609 0.022735
0.021577 0.022004
0.021463 0.024067
0.021423 0.025590
0.021316 0.022633
0.021256 0.023021
0.021238 0.024101
0.021208 0.037258
0.021182 0.022468
0.021124 0.021407
0.021099 0.022629
0.021037 0.021788
0.021036 0.024988
0.020992 0.022756
0.020972 0.030046
0.020894 0.031361
0.020889 0.021564
0.020787 0.021122
0.020785 0.023569
0.020763 0.020793
0.020721 0.030830
0.020683 0.022702
0.020679 0.022255
0.020597 0.027099
0.020592 0.021213
0.020569 0.021716
0.020520 0.023236
0.020518 0.032356
0.020508 0.021571
0.020481 0.021230
0.020447 0.029075
0.020383 0.027288
0.020378 0.021419
0.020368 0.051702
0.020354 0.029919
0.020346 0.024515
0.020270 0.021480
0.020254 0.035793
0.020074 0.025179
0.020066 0.033386
0.020033 0.021608
0.020001 0.020143
0.019999 0.020418
0.019947 0.025559
0.019931 0.023877
0.019922 0.022062
0.019908 0.021253
0.019881 0.027980
0.019859 0.024641
0.019855 0.025945
0.019850 0.022121
0.019705 0.020288
0.019666 0.020891
0.019653 0.024968
0.019564 0.029497
0.019519 0.022266
0.019512 0.035910
0.019480 0.021011
0.019469 0.023532
0.019423 0.019747
0.019417 0.025587
0.019409 0.022335
0.019408 0.024093
0.019387 0.021666
0.019366 0.021199
0.019319 0.025151
0.019291 0.019407
0.019277 0.022166
0.019268 0.030658
0.019263 0.022269
0.019230 0.021193
0.019204 0.020099
0.019163 0.019620
0.019118 0.023725
0.019089 0.019104
0.019023 0.023768
0.019019 0.032843
0.018999 0.022763
0.018982 0.028419
0.018982 0.020082
0.018962 0.020962
0.018958 0.020314
0.018954 0.019266
0.018928 0.021694
0.018912 0.019164
0.018865 0.019151
0.018839 0.024805
0.018833 0.019328
0.018820 0.023289
0.018809 0.029151
0.018803 0.019760
0.018802 0.023322
0.018792 0.020302
0.018781 0.024814
0.018774 0.018982
0.018767 0.020315
0.018763 0.019570
0.018705 0.024446
0.018697 0.038049
0.018691 0.026310
0.018649 0.027798
0.018481 0.018786
0.018462 0.026304
0.018445 0.018769
0.018443 0.021050
0.018441 0.027472
0.018417 0.021067
0.018410 0.019860
0.018407 0.018566
0.018402 0.019016
0.018399 0.021262
0.018367 0.018936
0.018359 0.019521
0.018296 0.021463
0.018216 0.018686
0.018214 0.019299
0.018175 0.019366
0.018149 0.037140
0.018100 0.019556
0.018092 0.018419
0.018088 0.019541
0.018076 0.024902
0.018076 0.020648
0.018012 0.034607
0.018001 0.029013
0.017970 0.018336
0.017951 0.022554
0.017951 0.018490
0.017890 0.021269
0.017870 0.026204
0.017865 0.027280
0.017845 0.026354
0.017837 0.019466
0.017824 0.024446
0.017775 0.017838
0.017739 0.023995
0.017711 0.018770
0.017709 0.018505
0.017707 0.018579
0.017698 0.023758
0.017685 0.020012
0.017678 0.021897
0.017661 0.021788
0.017654 0.019978
0.017567 0.017615
0.017559 0.026555
0.017547 0.019067
0.017522 0.018375
0.017509 0.017874
0.017487 0.019480
0.017471 0.017947
0.017469 0.023320
0.017455 0.022630
0.017440 0.017527
0.017434 0.018389
0.017416 0.021687
0.017383 0.021451
0.017360 0.017470
0.017342 0.028831
0.017310 0.020654
0.017310 0.018640
0.017305 0.017308
0.017302 0.017506
0.017295 0.018556
0.017294 0.020037
0.017285 0.017915
0.017263 0.018297
0.017213 0.017423
0.017179 0.025477
0.017159 0.021366
0.017148 0.043491
0.017141 0.017712
0.017125 0.020884
0.017118 0.021519
0.017090 0.022229
0.017064 0.021551
0.017062 0.017314
0.017055 0.023765
0.017050 0.025902
0.017035 0.018962
0.017018 0.026706
0.016975 0.016992
0.016975 0.018626
0.016972 0.019983
0.016972 0.022940
0.016938 0.020033
0.016926 0.020028
0.016904 0.017534
0.016895 0.022115
0.016871 0.030306
0.016867 0.018155
0.016823 0.017723
0.016790 0.019102
0.016784 0.017012
0.016747 0.017611
0.016734 0.019447
0.016688 0.019696
0.016685 0.031082
0.016655 0.025199
0.016655 0.022992
0.016640 0.029404
0.016635 0.016733
0.016633 0.022899
0.016628 0.016676
0.016617 0.018667
0.016594 0.016727
0.016590 0.018417
0.016578 0.016822
0.016569 0.017962
0.016546 0.016551
0.016513 0.022028
0.016487 0.016966
0.016474 0.017856
0.016474 0.017313
0.016460 0.029451
0.016439 0.020633
0.016425 0.017816
0.016420 0.016717
0.016399 0.017097
0.016388 0.017425
0.016380 0.019199
0.016348 0.017150
0.016302 0.016675
0.016291 0.016686
0.016279 0.017365
0.016271 0.018369
0.016258 0.026180
0.016187 0.016557
0.016180 0.018533
0.016179 0.018925
0.016163 0.022987
0.016162 0.018237
0.016144 0.023191
0.016139 0.021070
0.016123 0.022005
0.016116 0.017453
0.016107 0.022330
0.016077 0.018244
0.016062 0.017020
0.016056 0.024275
0.016045 0.021901
0.016023 0.018557
0.016006 0.024016
0.016001 0.017040
0.015974 0.018185
0.015967 0.019892
0.015955 0.016946
0.015932 0.017069
0.015903 0.023986
0.015896 0.019412
0.015887 0.028989
0.015867 0.024018
0.015867 0.017371
0.015862 0.021004
0.015830 0.018683
0.015813 0.017112
0.015811 0.018599
0.015800 0.017323
0.015777 0.032477
0.015772 0.016421
0.015737 0.022288
0.015713 0.017877
0.015704 0.026320
0.015704 0.022095
0.015683 0.015689
0.015665 0.022950
0.015662 0.021508
0.015597 0.015833
0.015569 0.017022
0.015558 0.022637
0.015542 0.016235
0.015533 0.021734
0.015529 0.017454
0.015521 0.027298
0.015491 0.016400
0.015487 0.018738
0.015478 0.031771
0.015468 0.015987
0.015454 0.016982
0.015452 0.019540
0.015435 0.016580
0.015429 0.022570
0.015428 0.018270
0.015422 0.020023
0.015393 0.025751
0.015364 0.017789
0.015350 0.017575
0.015333 0.018852
0.015331 0.019800
0.015313 0.024203
0.015304 0.019802
0.015280 0.026613
0.015273 0.016763
0.015266 0.018732
0.015263 0.015489
0.015262 0.019243
0.015254 0.015297
0.015225 0.020058
0.015224 0.019534
0.015160 0.019114
0.015127 0.015919
0.015111 0.025203
0.015069 0.016416
0.015064 0.030112
0.015061 0.024710
0.015050 0.015540
0.015047 0.025087
0.015046 0.017869
0.015041 0.015984
0.015024 0.015612
0.015022 0.017549
0.014992 0.026926
0.014960 0.022021
0.014918 0.019671
0.014894 0.034443
0.014884 0.016540
0.014880 0.019273
0.014864 0.016548
0.014861 0.025644
0.014851 0.021392
0.014848 0.016251
0.014845 0.015602
0.014807 0.015498
0.014798 0.015522
0.014797 0.016748
0.014797 0.016822
0.014791 0.021910
0.014760 0.016140
0.014732 0.019536
0.014728 0.014988
0.014693 0.015737
0.014619 0.014838
0.014605 0.015434
0.014605 0.025182
0.014591 0.015189
0.014590 0.019426
0.014578 0.015521
0.014576 0.016478
0.014564 0.017464
0.014563 0.027304
0.014547 0.016333
0.014537 0.017838
0.014498 0.015385
0.014497 0.019386
0.014497 0.015294
0.014496 0.016846
0.014440 0.026879
0.014415 0.016570
0.014408 0.015017
0.014389 0.017251
0.014374 0.017057
0.014342 0.015291
0.014330 0.023738
0.014329 0.014605
0.014328 0.023900
0.014317 0.020484
0.014305 0.018684
0.014293 0.014622
0.014291 0.014375
0.014258 0.015052
0.014243 0.020543
0.014227 0.014734
0.014223 0.016129
0.014222 0.018967
0.014209 0.015072
0.014204 0.015401
0.014204 0.014570
0.014191 0.017781
0.014168 0.016702
0.014167 0.015149
0.014133 0.019378
0.014105 0.017530
0.014104 0.023866
0.014103 0.014653
0.014080 0.016752
0.014073 0.015138
0.014066 0.014316
0.014052 0.033444
0.014047 0.018519
0.014027 0.021347
0.014004 0.017240
0.013993 0.014130
0.013985 0.014011
0.013957 0.018823
0.013941 0.032041
0.013913 0.016262
0.013909 0.013988
0.013905 0.015007
0.013905 0.014556
0.013902 0.016154
0.013891 0.014308
0.013879 0.017902
0.013877 0.016493
0.013867 0.015284
0.013858 0.019223
0.013851 0.014725
0.013837 0.015569
0.013833 0.017493
0.013813 0.020904
0.013810 0.019164
0.013738 0.017392
0.013726 0.014051
0.013696 0.017441
0.013695 0.019034
0.013684 0.014199
0.013677 0.018202
0.013674 0.016112
0.013664 0.013801
0.013663 0.014895
0.013623 0.016829
0.013620 0.018561
0.013592 0.019393
0.013572 0.017523
0.013554 0.016682
0.013545 0.016036
0.013529 0.019626
0.013529 0.023820
0.013523 0.014386
0.013522 0.016451
0.013516 0.014406
0.013509 0.013522
0.013499 0.026054
0.013497 0.016472
0.013470 0.016174
0.013469 0.022325
0.013437 0.013810
0.013434 0.016310
0.013421 0.015743
0.013407 0.015826
0.013403 0.015732
0.013398 0.013855
0.013398 0.016809
0.013389 0.013423
0.013378 0.015840
0.013376 0.016764
0.013370 0.015746
0.013367 0.015811
0.013362 0.020422
0.013361 0.021002
0.013351 0.017391
0.013349 0.014782
0.013339 0.013821
0.013322 0.016274
0.013313 0.020559
0.013306 0.013749
0.013298 0.021464
0.013293 0.017823
0.013293 0.015260
0.013283 0.014793
0.013271 0.020656
0.013264 0.019614
0.013261 0.017080
0.013261 0.028848
0.013260 0.014644
0.013257 0.016984
0.013253 0.021085
0.013251 0.014664
0.013251 0.013545
0.013244 0.014829
0.013240 0.020753
0.013238 0.018192
0.013236 0.018238
0.013229 0.016606
0.013225 0.016214
0.013210 0.022483
0.013207 0.016432
0.013205 0.020769
0.013178 0.023059
0.013178 0.014604
0.013175 0.013786
0.013164 0.013914
0.013161 0.018358
0.013157 0.013187
0.013153 0.018972
0.013150 0.019620
0.013148 0.022821
0.013142 0.015263
0.013140 0.015189
0.013135 0.013145
0.013130 0.016868
0.013105 0.016689
0.013105 0.017167
0.013099 0.013240
0.013093 0.014207
0.013090 0.013944
0.013090 0.014305
0.013076 0.013507
0.013064 0.014987
0.013057 0.016003
0.013048 0.014128
0.013046 0.013935
0.013040 0.014715
0.013034 0.017203
0.013021 0.013045
0.012997 0.013342
0.012982 0.013153
0.012968 0.013339
0.012966 0.016308
0.012961 0.020258
0.012955 0.013983
0.012954 0.013049
0.012951 0.026336
0.012950 0.013310
0.012947 0.013837
0.012930 0.018999
0.012923 0.016734
0.012920 0.028266
0.012918 0.017591
0.012909 0.019124
0.012902 0.013664
0.012882 0.013012
0.012866 0.013060
0.012852 0.019834
0.012850 0.019026
0.012817 0.013322
0.012817 0.017269
0.012809 0.014643
0.012805 0.012846
0.012799 0.023206
0.012796 0.016048
0.012774 0.013972
0.012768 0.012981
0.012767 0.019561
0.012761 0.012990
0.012761 0.027820
0.012748 0.013077
0.012748 0.013422
0.012710 0.013311
0.012704 0.018800
0.012679 0.013407
0.012677 0.014918
0.012669 0.014529
0.012668 0.017097
0.012667 0.016203
0.012666 0.014510
0.012662 0.017954
0.012657 0.014614
0.012655 0.019148
0.012652 0.015717
0.012621 0.015812
0.012614 0.012762
0.012612 0.020364
0.012572 0.012663
0.012553 0.013967
0.012549 0.014556
0.012538 0.013342
0.012535 0.012545
0.012522 0.013616
0.012521 0.012915
0.012519 0.015142
0.012508 0.021730
0.012499 0.012557
0.012497 0.017385
0.012496 0.012753
0.012485 0.012911
0.012475 0.013099
0.012473 0.017993
0.012452 0.013166
0.012440 0.019921
0.012404 0.012572
0.012389 0.012967
0.012388 0.014049
0.012382 0.015003
0.012373 0.015586
0.012366 0.017554
0.012364 0.012985
0.012358 0.015656
0.012340 0.014833
0.012339 0.012454
0.012338 0.016935
0.012336 0.013034
0.012336 0.014652
0.012328 0.013892
0.012322 0.017944
0.012312 0.017105
0.012312 0.025318
0.012310 0.017385
0.012279 0.018388
0.012277 0.015588
0.012275 0.014342
0.012273 0.015923
0.012268 0.014701
0.012260 0.012893
0.012240 0.014017
0.012233 0.023474
0.012230 0.013794
0.012224 0.017632
0.012221 0.013297
0.012213 0.021745
0.012208 0.013593
0.012201 0.015140
0.012183 0.020950
0.012178 0.026269
0.012177 0.012475
0.012168 0.015497
0.012159 0.028540
0.012140 0.017249
0.012137 0.012690
0.012135 0.014794
0.012124 0.014902
0.012121 0.012417
0.012114 0.012950
0.012113 0.025497
0.012104 0.013943
0.012089 0.013640
0.012087 0.013502
0.012065 0.013707
0.012064 0.016467
0.012062 0.012731
0.012058 0.018841
0.012054 0.013155
0.012048 0.014638
0.012046 0.017235
0.012006 0.013036
0.012004 0.022519
0.011999 0.029483
0.011996 0.026551
0.011982 0.013735
0.011968 0.013060
0.011960 0.015501
0.011957 0.015348
0.011952 0.012240
0.011942 0.011958
0.011941 0.014794
0.011911 0.013232
0.011907 0.012223
0.011906 0.017148
0.011905 0.011933
0.011894 0.019100
0.011891 0.012015
0.011885 0.012034
0.011879 0.015918
0.011875 0.031185
0.011852 0.014378
0.011849 0.014365
0.011845 0.016811
0.011840 0.014006
0.011828 0.014394
0.011824 0.014254
0.011823 0.017880
0.011803 0.013425
0.011798 0.014679
0.011784 0.014933
0.011784 0.011931
0.011780 0.015477
0.011779 0.013093
0.011765 0.012285
0.011763 0.021686
0.011762 0.013664
0.011759 0.011774
0.011755 0.013440
0.011755 0.013079
0.011751 0.014201
0.011745 0.015963
0.011731 0.012546
0.011729 0.012474
0.011713 0.014377
0.011713 0.012165
0.011708 0.018567
0.011689 0.012408
0.011688 0.016063
0.011684 0.012613
0.011666 0.011907
0.011658 0.012060
0.011652 0.026287
0.011629 0.014477
0.011621 0.012128
0.011611 0.013379
0.011610 0.013967
0.011607 0.015751
0.011602 0.017553
0.011600 0.015254
0.011570 0.013300
0.011563 0.014134
0.011553 0.019127
0.011552 0.011621
0.011548 0.011683
0.011545 0.015752
0.011534 0.018425
0.011531 0.015336
0.011528 0.012339
0.011522 0.016416
0.011519 0.014287
0.011511 0.014472
0.011508 0.014765
0.011505 0.012005
0.011503 0.011751
0.011484 0.011703
0.011474 0.021843
0.011472 0.013020
0.011466 0.016256
0.011465 0.011783
0.011445 0.011598
0.011443 0.014769
0.011441 0.012556
0.011435 0.012141
0.011434 0.013469
0.011415 0.016319
0.011412 0.013271
0.011407 0.012747
0.011394 0.017097
0.011381 0.015041
0.011375 0.013469
0.011373 0.014498
0.011368 0.012355
0.011347 0.013839
0.011334 0.013952
0.011331 0.018052
0.011314 0.011751
0.011299 0.016574
0.011284 0.014707
0.011266 0.011401
0.011262 0.013082
0.011260 0.011611
0.011256 0.018006
0.011252 0.012392
0.011242 0.011459
0.011231 0.011285
0.011229 0.014289
0.011228 0.011949
0.011218 0.017144
0.011214 0.012916
0.011209 0.013163
0.011170 0.012795
0.011151 0.011537
0.011147 0.014911
0.011143 0.011838
0.011134 0.017331
0.011133 0.012321
0.011121 0.011361
0.011121 0.012050
0.011119 0.011150
0.011111 0.011716
0.011104 0.011827
0.011085 0.012573
0.011079 0.020298
0.011061 0.011962
0.011059 0.011885
0.011056 0.012737
0.011026 0.014586
0.011023 0.017147
0.011019 0.011844
0.011006 0.015042
0.010984 0.012962
0.010975 0.011217
0.010971 0.017551
0.010966 0.012089
0.010959 0.012275
0.010950 0.017774
0.010950 0.012821
0.010948 0.024495
0.010937 0.012509
0.010937 0.013980
0.010932 0.012514
0.010924 0.011416
0.010902 0.011529
0.010901 0.011850
0.010898 0.013371
0.010888 0.013841
0.010885 0.011480
0.010878 0.011745
0.010874 0.012602
0.010863 0.014702
0.010856 0.011363
0.010856 0.013409
0.010853 0.011888
0.010843 0.015119
0.010821 0.013095
0.010818 0.012852
0.010818 0.016376
0.010817 0.013165
0.010816 0.012026
0.010810 0.012580
0.010807 0.011282
0.010803 0.012908
0.010794 0.014242
0.010792 0.012014
0.010787 0.012456
0.010782 0.017935
0.010774 0.014095
0.010772 0.013454
0.010769 0.012024
0.010768 0.011531
0.010747 0.011072
0.010743 0.011864
0.010740 0.016248
0.010734 0.012001
0.010724 0.012179
0.010718 0.015411
0.010707 0.014307
0.010696 0.012859
0.010680 0.011101
0.010674 0.011023
0.010653 0.011607
0.010649 0.019787
0.010649 0.011789
0.010641 0.010703
0.010630 0.015412
0.010619 0.012655
0.010613 0.015928
0.010611 0.010907
0.010609 0.010785
0.010603 0.013659
0.010602 0.010683
0.010599 0.011716
0.010581 0.011383
0.010581 0.013657
0.010563 0.013305
0.010559 0.016070
0.010545 0.011398
0.010545 0.011558
0.010542 0.016366
0.010539 0.013213
0.010529 0.010627
0.010519 0.014105
0.010513 0.010737
0.010511 0.019180
0.010510 0.011163
0.010505 0.010962
0.010499 0.014680
0.010498 0.012156
0.010491 0.012895
0.010489 0.010905
0.010488 0.018348
0.010487 0.011462
0.010486 0.010610
0.010482 0.010522
0.010473 0.011188
0.010465 0.010950
0.010461 0.012956
0.010454 0.012602
0.010431 0.014236
0.010425 0.013851
0.010424 0.012851
0.010417 0.015709
0.010400 0.014059
0.010390 0.012202
0.010389 0.011521
0.010381 0.013864
0.010374 0.010393
0.010362 0.015756
0.010351 0.011244
0.010349 0.010359
0.010330 0.012382
0.010324 0.013103
0.010314 0.011843
0.010289 0.011375
0.010278 0.010481
0.010271 0.018115
0.010269 0.014507
0.010259 0.011140
0.010252 0.012021
0.010245 0.011740
0.010240 0.010579
0.010233 0.012699
0.010233 0.012472
0.010221 0.013455
0.010216 0.013119
0.010212 0.013009
0.010184 0.011737
0.010173 0.012012
0.010171 0.010287
0.010162 0.011265
0.010158 0.011715
0.010156 0.010344
0.010137 0.011328
0.010129 0.010556
0.010129 0.014307
0.010127 0.011004
0.010118 0.012284
0.010113 0.012979
0.010109 0.010879
0.010105 0.011218
0.010103 0.019464
0.010102 0.010548
0.010101 0.011291
0.010098 0.011698
0.010087 0.022846
0.010081 0.012825
0.010079 0.015078
0.010078 0.010583
0.010077 0.016458
0.010073 0.011560
0.010071 0.011093
0.010070 0.010246
0.010068 0.010672
0.010061 0.010577
0.010059 0.011668
0.010054 0.011977
0.010035 0.014364
0.010030 0.013645
0.010029 0.010912
0.010023 0.010805
0.010014 0.011589
0.010013 0.014656
0.010011 0.013926
0.010003 0.013866
0.009995 0.018481
0.009994 0.013913
0.009991 0.013955
0.009990 0.011578
0.009989 0.011038
0.009975 0.016463
0.009972 0.013739
0.009970 0.015091
0.009963 0.010715
0.009943 0.010124
0.009929 0.014350
0.009913 0.010152
0.009902 0.013764
0.009898 0.009906
0.009894 0.011095
0.009894 0.010040
0.009886 0.010156
0.009883 0.012079
0.009877 0.010706
0.009867 0.011004
0.009864 0.010961
0.009862 0.012074
0.009856 0.009946
0.009835 0.012881
0.009834 0.011328
0.009833 0.012710
0.009828 0.016513
0.009826 0.017528
0.009809 0.010447
0.009801 0.009966
0.009797 0.012032
0.009793 0.010254
0.009790 0.026491
0.009789 0.010182
0.009781 0.010031
0.009769 0.010595
0.009762 0.009960
0.009755 0.014966
0.009751 0.023740
0.009744 0.012441
0.009729 0.011977
0.009726 0.010632
0.009723 0.015303
0.009719 0.010250
0.009708 0.011706
0.009706 0.013467
0.009698 0.011875
0.009697 0.011759
0.009692 0.009848
0.009691 0.011144
0.009690 0.011428
0.009687 0.011458
0.009685 0.010301
0.009684 0.016268
0.009680 0.010247
0.009669 0.014568
0.009668 0.011001
0.009652 0.014257
0.009638 0.013552
0.009636 0.009751
0.009632 0.010363
0.009627 0.009995
0.009623 0.015715
0.009615 0.014672
0.009610 0.009964
0.009596 0.011973
0.009594 0.011163
0.009593 0.010216
0.009591 0.011911
0.009587 0.017509
0.009572 0.009672
0.009566 0.010597
0.009565 0.009991
0.009560 0.009581
0.009554 0.013238
0.009549 0.011308
0.009548 0.012003
0.009547 0.009927
0.009543 0.010382
0.009528 0.009905
0.009525 0.013096
0.009517 0.018937
0.009513 0.014355
0.009503 0.009906
0.009501 0.009758
0.009496 0.010221
0.009489 0.009733
0.009487 0.010961
0.009462 0.009747
0.009456 0.009461
0.009456 0.013972
0.009451 0.010327
0.009445 0.010194
0.009442 0.012349
0.009439 0.019184
0.009435 0.010875
0.009434 0.009521
0.009425 0.009803
0.009414 0.009726
0.009412 0.016790
0.009412 0.015154
0.009411 0.010202
0.009404 0.012221
0.009391 0.010669
0.009386 0.010837
0.009385 0.009456
0.009375 0.009531
0.009374 0.011233
0.009373 0.011310
0.009372 0.009663
0.009367 0.010565
0.009358 0.015367
0.009356 0.011127
0.009353 0.014290
0.009331 0.010517
0.009327 0.010011
0.009316 0.015140
0.009315 0.013225
0.009310 0.022653
0.009309 0.009396
0.009300 0.009735
0.009297 0.009630
0.009296 0.010622
0.009295 0.009643
0.009272 0.016530
0.009270 0.012790
0.009262 0.009392
0.009261 0.009891
0.009260 0.010766
0.009258 0.009683
0.009256 0.011408
0.009256 0.009632
0.009254 0.011919
0.009243 0.010963
0.009241 0.009474
0.009236 0.010531
0.009227 0.011725
0.009223 0.010313
0.009212 0.010655
0.009203 0.013557
0.009194 0.013462
0.009186 0.018255
0.009179 0.009418
0.009167 0.010621
0.009161 0.010201
0.009156 0.009844
0.009149 0.011217
0.009148 0.012104
0.009142 0.009228
0.009128 0.017640
0.009106 0.010101
0.009100 0.012743
0.009097 0.011797
0.009092 0.014624
0.009090 0.009286
0.009074 0.012369
0.009064 0.009812
0.009052 0.019623
0.009049 0.010425
0.009045 0.016473
0.009044 0.014563
0.009042 0.011228
0.009033 0.011196
0.009022 0.014678
0.009016 0.010064
0.009016 0.009529
0.009008 0.013808
0.009004 0.013026
0.009003 0.009010
0.008999 0.010012
0.008994 0.010217
0.008994 0.009642
0.008993 0.009825
0.008983 0.012134
0.008983 0.009037
0.008979 0.013698
0.008979 0.013540
0.008977 0.009883
0.008974 0.014350
0.008972 0.012189
0.008968 0.010979
0.008966 0.012488
0.008964 0.010913
0.008963 0.009613
0.008961 0.014505
0.008961 0.009239
0.008957 0.010222
0.008956 0.009805
0.008944 0.009560
0.008941 0.012276
0.008923 0.010644
0.008923 0.009055
0.008918 0.009707
0.008906 0.010437
0.008906 0.009538
0.008901 0.019229
0.008894 0.010697
0.008887 0.010144
0.008879 0.010433
0.008879 0.010100
0.008875 0.018471
0.008874 0.011128
0.008865 0.015448
0.008843 0.011981
0.008832 0.010013
0.008830 0.012054
0.008829 0.009254
0.008827 0.010927
0.008826 0.009298
0.008824 0.011650
0.008817 0.011541
0.008804 0.017212
0.008774 0.009923
0.008774 0.013019
0.008766 0.009602
0.008762 0.009229
0.008759 0.011131
0.008755 0.010967
0.008752 0.008984
0.008744 0.012469
0.008741 0.009198
0.008739 0.014688
0.008737 0.012196
0.008732 0.009109
0.008731 0.013355
0.008726 0.009282
0.008722 0.011261
0.008720 0.008994
0.008719 0.008773
0.008715 0.010101
0.008707 0.009510
0.008698 0.009089
0.008698 0.010161
0.008695 0.015740
0.008694 0.009551
0.008682 0.009008
0.008680 0.014276
0.008676 0.013091
0.008666 0.015080
0.008663 0.010346
0.008660 0.012260
0.008656 0.011680
0.008654 0.008759
0.008650 0.009611
0.008649 0.011583
0.008646 0.008827
0.008645 0.010750
0.008645 0.008657
0.008644 0.008960
0.008639 0.012903
0.008637 0.009057
0.008634 0.008686
0.008628 0.010459
0.008626 0.010021
0.008621 0.010575
0.008620 0.009529
0.008613 0.009204
0.008609 0.008960
0.008605 0.010204
0.008605 0.010543
0.008604 0.008669
0.008596 0.010558
0.008594 0.013183
0.008593 0.013066
0.008590 0.009720
0.008587 0.009832
0.008574 0.008605
0.008574 0.009762
0.008570 0.010104
0.008567 0.008914
0.008560 0.011430
0.008560 0.012497
0.008559 0.009507
0.008545 0.008799
0.008539 0.013931
0.008529 0.008840
0.008527 0.010175
0.008525 0.020147
0.008524 0.010126
0.008510 0.009652
0.008498 0.015596
0.008483 0.008542
0.008477 0.013377
0.008472 0.008615
0.008471 0.011856
0.008470 0.013608
0.008465 0.009419
0.008444 0.012070
0.008442 0.009046
0.008441 0.008804
0.008439 0.009674
0.008425 0.008537
0.008423 0.010482
0.008414 0.008709
0.008413 0.009781
0.008408 0.017106
0.008406 0.009651
0.008402 0.009560
0.008395 0.009948
0.008390 0.010169
0.008379 0.009917
0.008379 0.008680
0.008376 0.011264
0.008373 0.014799
0.008365 0.008913
0.008363 0.008921
0.008361 0.009086
0.008358 0.009769
0.008347 0.009143
0.008344 0.014095
0.008342 0.008485
0.008342 0.009482
0.008321 0.009186
0.008318 0.009670
0.008315 0.008400
0.008306 0.015662
0.008305 0.011201
0.008300 0.012286
0.008298 0.008713
0.008298 0.009725
0.008293 0.008573
0.008291 0.008922
0.008288 0.015022
0.008281 0.013520
0.008280 0.009253
0.008278 0.016500
0.008278 0.008844
0.008270 0.009984
0.008265 0.011095
0.008259 0.008443
0.008239 0.012623
0.008238 0.009111
0.008233 0.010050
0.008218 0.015682
0.008214 0.012875
0.008213 0.009274
0.008212 0.013168
0.008206 0.010779
0.008205 0.009820
0.008204 0.008222
0.008199 0.008693
0.008180 0.008485
0.008164 0.009452
0.008155 0.014433
0.008154 0.009550
0.008147 0.009800
0.008140 0.009411
0.008139 0.008409
0.008138 0.008921
0.008134 0.008497
0.008134 0.012028
0.008130 0.008340
0.008130 0.009123
0.008121 0.008677
0.008117 0.009746
0.008115 0.008169
0.008103 0.012813
0.008101 0.010897
0.008082 0.012647
0.008079 0.012651
0.008073 0.011540
0.008072 0.011199
0.008070 0.008959
0.008069 0.008603
0.008068 0.010583
0.008067 0.008332
0.008065 0.008272
0.008060 0.008611
0.008054 0.010350
0.008037 0.008939
0.008027 0.010713
0.008005 0.011189
0.007990 0.008100
0.007989 0.008324
0.007987 0.011350
0.007986 0.008918
0.007985 0.009689
0.007985 0.014221
0.007981 0.012743
0.007979 0.008243
0.007965 0.008376
0.007964 0.008229
0.007963 0.010038
0.007961 0.008120
0.007960 0.008940
0.007959 0.008708
0.007953 0.009831
0.007952 0.008329
0.007944 0.008880
0.007942 0.010170
0.007930 0.010423
0.007929 0.011100
0.007926 0.009630
0.007924 0.008346
0.007921 0.009597
0.007913 0.008523
0.007912 0.008013
0.007910 0.010765
0.007907 0.011189
0.007903 0.011269
0.007887 0.009371
0.007887 0.009426
0.007882 0.014869
0.007877 0.009016
0.007866 0.009659
0.007863 0.010439
0.007860 0.009035
0.007858 0.011648
0.007856 0.009619
0.007839 0.009131
0.007837 0.010998
0.007834 0.008173
0.007820 0.008104
0.007818 0.007937
0.007815 0.012905
0.007814 0.009416
0.007813 0.018934
0.007811 0.008158
0.007806 0.012816
0.007800 0.008306
0.007795 0.009227
0.007776 0.009011
0.007775 0.013260
0.007768 0.007786
0.007743 0.008961
0.007732 0.007804
0.007728 0.009768
0.007718 0.008476
0.007715 0.008506
0.007710 0.008131
0.007702 0.010962
0.007701 0.009473
0.007697 0.009199
0.007679 0.009863
0.007678 0.008889
0.007672 0.008128
0.007670 0.007924
0.007667 0.008802
0.007662 0.011645
0.007658 0.008274
0.007656 0.011212
0.007653 0.008772
0.007646 0.014412
0.007645 0.007889
0.007637 0.011051
0.007634 0.008495
0.007633 0.007726
0.007629 0.007659
0.007627 0.012048
0.007618 0.008995
0.007615 0.009200
0.007605 0.007800
0.007594 0.008267
0.007592 0.009096
0.007592 0.007607
0.007591 0.008283
0.007584 0.008739
0.007583 0.011571
0.007577 0.009373
0.007567 0.008517
0.007559 0.010572
0.007539 0.008422
0.007537 0.007558
0.007535 0.009244
0.007535 0.010215
0.007532 0.011393
0.007524 0.007579
0.007520 0.009066
0.007512 0.007580
0.007511 0.010237
0.007510 0.013300
0.007509 0.007804
0.007508 0.007554
0.007503 0.013563
0.007499 0.007781
0.007496 0.008210
0.007496 0.007883
0.007483 0.010639
0.007472 0.008299
0.007465 0.012177
0.007461 0.007814
0.007457 0.009890
0.007455 0.008548
0.007454 0.008502
0.007448 0.009365
0.007439 0.008015
0.007437 0.007802
0.007435 0.008235
0.007435 0.007858
0.007431 0.010837
0.007426 0.007593
0.007425 0.007889
0.007419 0.007648
0.007416 0.007851
0.007416 0.011462
0.007414 0.009481
0.007407 0.008281
0.007402 0.007752
0.007400 0.008267
0.007392 0.010139
0.007379 0.009941
0.007376 0.007940
0.007374 0.008069
0.007372 0.009122
0.007371 0.008041
0.007364 0.010987
0.007361 0.013184
0.007360 0.007594
0.007359 0.009120
0.007356 0.014824
0.007354 0.008888
0.007348 0.008097
0.007344 0.007583
0.007344 0.008439
0.007343 0.007926
0.007343 0.012416
0.007341 0.009589
0.007339 0.015249
0.007338 0.008054
0.007331 0.007996
0.007326 0.007821
0.007322 0.007641
0.007321 0.007608
0.007315 0.009732
0.007313 0.008476
0.007311 0.008033
0.007310 0.008861
0.007307 0.007976
0.007305 0.007779
0.007305 0.007653
0.007305 0.011699
0.007304 0.010038
0.007302 0.007778
0.007297 0.007357
0.007296 0.008565
0.007295 0.011666
0.007293 0.007550
0.007284 0.013041
0.007271 0.008011
0.007269 0.008899
0.007262 0.010864
0.007257 0.008954
0.007251 0.007421
0.007251 0.010419
0.007251 0.009282
0.007243 0.009259
0.007242 0.009368
0.007229 0.009601
0.007224 0.015525
0.007223 0.011123
0.007222 0.009349
0.007219 0.007779
0.007218 0.008068
0.007214 0.007617
0.007213 0.008639
0.007210 0.009043
0.007209 0.009460
0.007199 0.010330
0.007190 0.010336
0.007190 0.008927
0.007189 0.008713
0.007187 0.008058
0.007186 0.007193
0.007180 0.007783
0.007170 0.010023
0.007169 0.009411
0.007164 0.008183
0.007159 0.011476
0.007159 0.007783
0.007157 0.010307
0.007152 0.008856
0.007152 0.010168
0.007150 0.007805
0.007144 0.007221
0.007144 0.007194
0.007144 0.007347
0.007142 0.009447
0.007140 0.008644
0.007139 0.008634
0.007137 0.013786
0.007136 0.007790
0.007136 0.007600
0.007125 0.007368
0.007113 0.008023
0.007112 0.011813
0.007110 0.007245
0.007097 0.007321
0.007089 0.008918
0.007083 0.007173
0.007075 0.009181
0.007074 0.008571
0.007066 0.007564
0.007060 0.007110
0.007054 0.007399
0.007046 0.008626
0.007046 0.007794
0.007043 0.008889
0.007038 0.007249
0.007029 0.008484
0.007024 0.008141
0.007021 0.007596
0.007019 0.007780
0.007013 0.008119
0.007013 0.010442
0.007012 0.007273
0.007009 0.009642
0.007003 0.013528
0.007000 0.009269
0.006995 0.007666
0.006989 0.008040
0.006986 0.009098
0.006983 0.007560
0.006978 0.008254
0.006975 0.011998
0.006971 0.008357
0.006965 0.011525
0.006961 0.007641
0.006954 0.007818
0.006953 0.008355
0.006951 0.007918
0.006947 0.008673
0.006947 0.008085
0.006945 0.007157
0.006944 0.007715
0.006937 0.007460
0.006935 0.007339
0.006920 0.009442
0.006915 0.007570
0.006899 0.009438
0.006899 0.010553
0.006898 0.009001
0.006895 0.007014
0.006877 0.006887
0.006873 0.007236
0.006867 0.007796
0.006863 0.008303
0.006861 0.008426
0.006853 0.009117
0.006846 0.007257
0.006841 0.010674
0.006838 0.008153
0.006833 0.009023
0.006820 0.007022
0.006818 0.007115
0.006818 0.007103
0.006815 0.007035
0.006812 0.010190
0.006810 0.007766
0.006810 0.007689
0.006804 0.009191
0.006800 0.010940
0.006799 0.008194
0.006796 0.011236
0.006794 0.011667
0.006793 0.008142
0.006791 0.007198
0.006788 0.008280
0.006777 0.009591
0.006768 0.008492
0.006765 0.006927
0.006744 0.012628
0.006738 0.006844
0.006734 0.009352
0.006728 0.007301
0.006721 0.007366
0.006720 0.006814
0.006719 0.009092
0.006717 0.007178
0.006717 0.007292
0.006717 0.008274
0.006711 0.012269
0.006711 0.010098
0.006709 0.008366
0.006689 0.007028
0.006685 0.006842
0.006682 0.008749
0.006682 0.007447
0.006680 0.007121
0.006678 0.007019
0.006678 0.010128
0.006667 0.009567
0.006660 0.006984
0.006652 0.009411
0.006650 0.007676
0.006645 0.008419
0.006637 0.007673
0.006635 0.007067
0.006635 0.008445
0.006632 0.008352
0.006622 0.007245
0.006617 0.007520
0.006614 0.011044
0.006611 0.015712
0.006610 0.009845
0.006607 0.007477
0.006606 0.007054
0.006604 0.009618
0.006598 0.006944
0.006597 0.009814
0.006584 0.011716
0.006581 0.007667
0.006573 0.006596
0.006567 0.008603
0.006567 0.008624
0.006565 0.007390
0.006559 0.010042
0.006557 0.008559
0.006557 0.007544
0.006541 0.012749
0.006532 0.006941
0.006530 0.013708
0.006526 0.007112
0.006524 0.007537
0.006524 0.006878
0.006521 0.008366
0.006520 0.007421
0.006519 0.007552
0.006504 0.011918
0.006503 0.006573
0.006501 0.006693
0.006497 0.007411
0.006497 0.007268
0.006492 0.007389
0.006483 0.008713
0.006477 0.007385
0.006476 0.010249
0.006468 0.006792
0.006464 0.006935
0.006463 0.007783
0.006456 0.008116
0.006445 0.010023
0.006441 0.007543
0.006435 0.009068
0.006430 0.009805
0.006426 0.006988
0.006426 0.008972
0.006425 0.009934
0.006409 0.010626
0.006405 0.011340
0.006397 0.006400
0.006394 0.007402
0.006391 0.010939
0.006387 0.006556
0.006385 0.006669
0.006381 0.009968
0.006369 0.006744
0.006365 0.007155
0.006358 0.013791
0.006358 0.007147
0.006357 0.012654
0.006346 0.006659
0.006333 0.006636
0.006327 0.006823
0.006320 0.007814
0.006317 0.007757
0.006317 0.006398
0.006316 0.006744
0.006308 0.007355
0.006308 0.008609
0.006306 0.006888
0.006304 0.014447
0.006303 0.006833
0.006301 0.006381
0.006290 0.007747
0.006288 0.008096
0.006288 0.009829
0.006287 0.008274
0.006286 0.007726
0.006279 0.010001
0.006276 0.006380
0.006276 0.007246
0.006273 0.008563
0.006269 0.006429
0.006267 0.007281
0.006266 0.007917
0.006265 0.008072
0.006262 0.009465
0.006258 0.008911
0.006258 0.006570
0.006256 0.009626
0.006254 0.006422
0.006249 0.007317
0.006249 0.012889
0.006244 0.006620
0.006243 0.006244
0.006242 0.006626
0.006239 0.007184
0.006236 0.006336
0.006224 0.009303
0.006222 0.009720
0.006221 0.006429
0.006219 0.008896
0.006213 0.009349
0.006210 0.006439
0.006202 0.008207
0.006201 0.009258
0.006199 0.007976
0.006184 0.006417
0.006183 0.006317
0.006182 0.007872
0.006180 0.006616
0.006175 0.009870
0.006173 0.007480
0.006173 0.009333
0.006170 0.007811
0.006151 0.007371
0.006147 0.008248
0.006145 0.006319
0.006137 0.006868
0.006136 0.007354
0.006136 0.009183
0.006136 0.009873
0.006131 0.006563
0.006130 0.011634
0.006129 0.007513
0.006127 0.006804
0.006126 0.009447
0.006126 0.006497
0.006125 0.006330
0.006123 0.007027
0.006117 0.007306
0.006115 0.006584
0.006110 0.007574
0.006109 0.007534
0.006109 0.006342
0.006091 0.007579
0.006089 0.006973
0.006088 0.011177
0.006087 0.007211
0.006081 0.007143
0.006079 0.006600
0.006077 0.006472
0.006073 0.008008
0.006066 0.006864
0.006064 0.006193
0.006062 0.006677
0.006057 0.006862
0.006048 0.006502
0.006045 0.006513
0.006045 0.006956
0.006044 0.008293
0.006043 0.007431
0.006042 0.007153
0.006041 0.006376
0.006039 0.011024
0.006035 0.006170
0.006035 0.006603
0.006033 0.006817
0.006030 0.007393
0.006027 0.006989
0.006021 0.006551
0.006020 0.006961
0.006017 0.007944
0.006013 0.012946
0.006004 0.006276
0.005997 0.006169
0.005992 0.006839
0.005990 0.013395
0.005984 0.008944
0.005981 0.009783
0.005974 0.012666
0.005971 0.006829
0.005969 0.006601
0.005968 0.006872
0.005965 0.006090
0.005959 0.006467
0.005955 0.006541
0.005953 0.008392
0.005943 0.007272
0.005941 0.005948
0.005936 0.006806
0.005931 0.010232
0.005927 0.006880
0.005924 0.007798
0.005921 0.010129
0.005920 0.008889
0.005919 0.007996
0.005915 0.007073
0.005902 0.005924
0.005901 0.006200
0.005901 0.006400
0.005897 0.010642
0.005894 0.006334
0.005888 0.006315
0.005888 0.007163
0.005879 0.009827
0.005879 0.005990
0.005878 0.006515
0.005870 0.009190
0.005861 0.005953
0.005855 0.006031
0.005851 0.011799
0.005849 0.006415
0.005845 0.005941
0.005841 0.006452
0.005840 0.007901
0.005837 0.005892
0.005831 0.012550
0.005828 0.005925
0.005827 0.011095
0.005816 0.008129
0.005810 0.006221
0.005810 0.006589
0.005805 0.006060
0.005804 0.009920
0.005799 0.007625
0.005795 0.007984
0.005792 0.005811
0.005792 0.007746
0.005787 0.007497
0.005784 0.006297
0.005780 0.006121
0.005778 0.010278
0.005777 0.006389
0.005776 0.006669
0.005772 0.006910
0.005771 0.005852
0.005770 0.005874
0.005759 0.014489
0.005757 0.007556
0.005755 0.006730
0.005755 0.006363
0.005752 0.005777
0.005747 0.007956
0.005746 0.006780
0.005744 0.007266
0.005740 0.006097
0.005739 0.010141
0.005739 0.006868
0.005736 0.006494
0.005736 0.007556
0.005725 0.006541
0.005725 0.013294
0.005725 0.006348
0.005723 0.006773
0.005720 0.015142
0.005716 0.006006
0.005715 0.008050
0.005712 0.005904
0.005712 0.009235
0.005709 0.007609
0.005699 0.007641
0.005689 0.008304
0.005682 0.006724
0.005673 0.006229
0.005668 0.007025
0.005667 0.007091
0.005666 0.007391
0.005665 0.007214
0.005663 0.005903
0.005661 0.005995
0.005653 0.006630
0.005650 0.007175
0.005628 0.008191
0.005628 0.009605
0.005627 0.006011
0.005616 0.008849
0.005614 0.009493
0.005612 0.005632
0.005611 0.006679
0.005605 0.005706
0.005604 0.010921
0.005602 0.009588
0.005598 0.009725
0.005597 0.009977
0.005588 0.008862
0.005583 0.006876
0.005583 0.008029
0.005581 0.005690
0.005579 0.006444
0.005577 0.005678
0.005577 0.005917
0.005572 0.006011
0.005569 0.005770
0.005569 0.012370
0.005561 0.007714
0.005559 0.011025
0.005554 0.006080
0.005553 0.006098
0.005551 0.007127
0.005545 0.007316
0.005541 0.006591
0.005541 0.005941
0.005533 0.009431
0.005525 0.005796
0.005522 0.008798
0.005518 0.007097
0.005511 0.005552
0.005511 0.007430
0.005505 0.006562
0.005503 0.010968
0.005500 0.006463
0.005499 0.006222
0.005492 0.008541
0.005488 0.010348
0.005488 0.009634
0.005484 0.005886
0.005482 0.005561
0.005478 0.005913
0.005469 0.005936
0.005466 0.009603
0.005464 0.005517
0.005464 0.008130
0.005460 0.007533
0.005455 0.006111
0.005454 0.005544
0.005450 0.007748
0.005443 0.005462
0.005442 0.006933
0.005434 0.012570
0.005433 0.009825
0.005433 0.005466
0.005430 0.011923
0.005425 0.011640
0.005420 0.007490
0.005418 0.005835
0.005418 0.005738
0.005416 0.005528
0.005411 0.005679
0.005407 0.006058
0.005407 0.007099
0.005407 0.005593
0.005406 0.008297
0.005394 0.006264
0.005394 0.005684
0.005392 0.005592
0.005387 0.009107
0.005387 0.009480
0.005382 0.007269
0.005380 0.006847
0.005379 0.005617
0.005376 0.006206
0.005376 0.005394
0.005374 0.005380
0.005374 0.008254
0.005374 0.007661
0.005373 0.005852
0.005371 0.006075
0.005366 0.007417
0.005365 0.009707
0.005363 0.006630
0.005357 0.008693
0.005353 0.009410
0.005349 0.005433
0.005341 0.006841
0.005334 0.005409
0.005325 0.005901
0.005324 0.005512
0.005314 0.007397
0.005310 0.005350
0.005309 0.005586
0.005306 0.006206
0.005306 0.007627
0.005305 0.009543
0.005298 0.007436
0.005291 0.005421
0.005287 0.006768
0.005287 0.011296
0.005284 0.005456
0.005272 0.005684
0.005272 0.012382
0.005272 0.005467
0.005269 0.007630
0.005262 0.006511
0.005255 0.005669
0.005242 0.008048
0.005240 0.006598
0.005238 0.005381
0.005237 0.005258
0.005237 0.008416
0.005230 0.005276
0.005228 0.008664
0.005226 0.005444
0.005225 0.007722
0.005224 0.006338
0.005220 0.006208
0.005210 0.007442
0.005207 0.007072
0.005205 0.008311
0.005192 0.005914
0.005188 0.009482
0.005186 0.005359
0.005185 0.010944
0.005183 0.005214
0.005173 0.007048
0.005173 0.005602
0.005165 0.006900
0.005164 0.006609
0.005163 0.010120
0.005159 0.006931
0.005159 0.005177
0.005152 0.008660
0.005152 0.007128
0.005146 0.005377
0.005145 0.007480
0.005144 0.005357
0.005143 0.006248
0.005143 0.005394
0.005138 0.005857
0.005127 0.005574
0.005119 0.006791
0.005115 0.008509
0.005112 0.005162
0.005112 0.006320
0.005107 0.005349
0.005103 0.006441
0.005084 0.006003
0.005084 0.006378
0.005082 0.008124
0.005081 0.006589
0.005079 0.006777
0.005071 0.006818
0.005069 0.005371
0.005066 0.006122
0.005065 0.006184
0.005063 0.008614
0.005062 0.006070
0.005056 0.010401
0.005048 0.007707
0.005042 0.006573
0.005030 0.006920
0.005027 0.005457
0.005023 0.005151
0.005020 0.006718
0.005018 0.006178
0.005004 0.005489
0.004997 0.005175
0.004992 0.007548
0.004991 0.005222
0.004982 0.005390
0.004981 0.005849
0.004971 0.005899
0.004970 0.007007
0.004969 0.006502
0.004963 0.008290
0.004959 0.005155
0.004954 0.005413
0.004950 0.007831
0.004945 0.005013
0.004942 0.005618
0.004942 0.004997
0.004939 0.005157
0.004933 0.010577
0.004932 0.004947
0.004932 0.007755
0.004931 0.005109
0.004914 0.006578
0.004903 0.008247
0.004901 0.005037
0.004900 0.005949
0.004881 0.007784
0.004874 0.005074
0.004871 0.009971
0.004868 0.006115
0.004861 0.006185
0.004856 0.008336
0.004854 0.005712
0.004849 0.005173
0.004848 0.007157
0.004847 0.009809
0.004844 0.006729
0.004843 0.007781
0.004840 0.006484
0.004830 0.004911
0.004826 0.005205
0.004826 0.011367
0.004825 0.005714
0.004821 0.005311
0.004811 0.005470
0.004804 0.005165
0.004803 0.006727
0.004798 0.005157
0.004795 0.004899
0.004794 0.005130
0.004785 0.004925
0.004785 0.005413
0.004780 0.005197
0.004777 0.011493
0.004776 0.008310
0.004774 0.004909
0.004774 0.005054
0.004769 0.005975
0.004763 0.006633
0.004759 0.008457
0.004755 0.005562
0.004752 0.009983
0.004746 0.005093
0.004746 0.006008
0.004746 0.004775
0.004742 0.004775
0.004737 0.006993
0.004730 0.005684
0.004724 0.006300
0.004717 0.006433
0.004703 0.008083
0.004703 0.005036
0.004701 0.006076
0.004695 0.004907
0.004695 0.006172
0.004694 0.005601
0.004693 0.010911
0.004678 0.007686
0.004666 0.008570
0.004657 0.005065
0.004657 0.004840
0.004647 0.005841
0.004641 0.005217
0.004637 0.004864
0.004636 0.012909
0.004633 0.008675
0.004625 0.006366
0.004617 0.006173
0.004610 0.005111
0.004603 0.004671
0.004597 0.004975
0.004587 0.005267
0.004585 0.004811
0.004579 0.005929
0.004577 0.004933
0.004575 0.008972
0.004572 0.005347
0.004568 0.004845
0.004567 0.004643
0.004557 0.005574
0.004556 0.005386
0.004556 0.006038
0.004531 0.008919
0.004528 0.005012
0.004511 0.005639
0.004485 0.006342
0.004483 0.005243
0.004480 0.008063
0.004479 0.005874
0.004477 0.005289
0.004473 0.006987
0.004472 0.005244
0.004466 0.004978
0.004465 0.004632
0.004465 0.004753
0.004463 0.006083
0.004453 0.004492
0.004452 0.006732
0.004449 0.006071
0.004447 0.004766
0.004444 0.006723
0.004443 0.006942
0.004442 0.005012
0.004438 0.004439
0.004413 0.005615
0.004410 0.005704
0.004407 0.005870
0.004402 0.004429
0.004396 0.007711
0.004385 0.006912
0.004382 0.007022
0.004367 0.004463
0.004362 0.005273
0.004361 0.005575
0.004360 0.007324
0.004358 0.006968
0.004353 0.006403
0.004351 0.005326
0.004347 0.004358
0.004346 0.004378
0.004345 0.005597
0.004337 0.005702
0.004335 0.004813
0.004331 0.004981
0.004330 0.008773
0.004316 0.004683
0.004314 0.006677
0.004313 0.004826
0.004307 0.004469
0.004304 0.005696
0.004302 0.004422
0.004296 0.004992
0.004296 0.004332
0.004294 0.004844
0.004287 0.004787
0.004279 0.004839
0.004272 0.005619
0.004271 0.005420
0.004264 0.004548
0.004256 0.005793
0.004254 0.004839
0.004253 0.004916
0.004249 0.005728
0.004248 0.004335
0.004246 0.004515
0.004238 0.005594
0.004237 0.004307
0.004233 0.004916
0.004205 0.009287
0.004204 0.004310
0.004199 0.005770
0.004185 0.004188
0.004178 0.004396
0.004166 0.004500
0.004161 0.004278
0.004152 0.005868
0.004127 0.009209
0.004123 0.005455
0.004120 0.004465
0.004110 0.004392
0.004108 0.005964
0.004100 0.005500
0.004094 0.005871
0.004090 0.004432
0.004088 0.004556
0.004077 0.004704
0.004073 0.004308
0.004059 0.005082
0.004053 0.004142
0.004053 0.004446
0.004049 0.004103
0.004036 0.005622
0.004035 0.004473
0.004019 0.004330
0.004017 0.004119
0.004013 0.004163
0.004000 0.004806
0.003999 0.004194
0.003992 0.004922
0.003989 0.005239
0.003988 0.004237
0.003981 0.004101
0.003975 0.004238
0.003965 0.005417
0.003962 0.004214
0.003951 0.004809
0.003949 0.004866
0.003941 0.006787
0.003938 0.004457
0.003931 0.006289
0.003931 0.004410
0.003930 0.004333
0.003912 0.003935
0.003908 0.004590
0.003903 0.004020
0.003901 0.004776
0.003899 0.004219
0.003895 0.005241
0.003889 0.004368
0.003888 0.005227
0.003878 0.004566
0.003863 0.004469
0.003862 0.003898
0.003843 0.004655
0.003842 0.003870
0.003841 0.003894
0.003833 0.004278
0.003830 0.004133
0.003829 0.004610
0.003822 0.007235
0.003816 0.004354
0.003813 0.004209
0.003805 0.004454
0.003772 0.005718
0.003769 0.003900
0.003761 0.003893
0.003760 0.004468
0.003757 0.005389
0.003754 0.004130
0.003750 0.003892
0.003749 0.003928
0.003733 0.003819
0.003711 0.004838
0.003686 0.004636
0.003683 0.003720
0.003674 0.003963
0.003669 0.005632
0.003668 0.004156
0.003667 0.004475
0.003664 0.004782
0.003640 0.004013
0.003638 0.005003
0.003637 0.004032
0.003630 0.003910
0.003624 0.004055
0.003621 0.004164
0.003585 0.004005
0.003583 0.004550
0.003579 0.003980
0.003562 0.008342
0.003558 0.004264
0.003520 0.005630
0.003518 0.003608
0.003494 0.004317
0.003486 0.003717
0.003454 0.003568
0.003442 0.003910
0.003416 0.004210
0.003406 0.003802
0.003394 0.003596
0.003385 0.003527
0.003383 0.003843
0.003374 0.003403
0.003363 0.003378
0.003350 0.003734
0.003348 0.003607
0.003341 0.003820
0.003322 0.003336
0.003319 0.004638
0.003304 0.004975
0.003301 0.003369
0.003187 0.003214
0.003176 0.003182
0.003141 0.003229
0.003133 0.003164
0.003097 0.003466
0.003059 0.004024
0.003006 0.003544
0.003002 0.003453
0.002987 0.003612
0.002973 0.003386
0.002927 0.002954
0.002908 0.004671
0.002833 0.002912
0.002826 0.003845
0.002824 0.002853
0.002809 0.003088
0.002754 0.003323
0.002727 0.003327
0.002715 0.002752
0.002698 0.002746
0.002683 0.003798
0.002682 0.002790
0.002653 0.002782
0.002588 0.002755
0.002578 0.002703
0.002510 0.002832
0.002388 0.003186
0.002259 0.002769
0.002185 0.002415
