0.110481 0.116156
0.099830 0.099923
0.096778 0.099927
0.094816 0.096700
0.070189 0.071704
0.066450 0.067370
0.066250 0.135960
0.062515 0.096042
0.061202 0.062361
0.060865 0.075683
0.059683 0.065250
0.058235 0.084342
0.058056 0.062304
0.057084 0.075809
0.056351 0.069847
0.055882 0.057523
0.054040 0.088617
0.053995 0.064634
0.053354 0.060600
0.052520 0.076888
0.052264 0.052620
0.051746 0.053037
0.049656 0.060161
0.049323 0.067573
0.049143 0.068359
0.049053 0.049699
0.047794 0.048817
0.046864 0.068826
0.045316 0.046351
0.044324 0.045534
0.043749 0.046398
0.043650 0.044013
0.043132 0.057983
0.042391 0.043781
0.041294 0.042331
0.041273 0.043585
0.041079 0.041754
0.040414 0.044471
0.040182 0.040763
0.040163 0.045165
0.040142 0.040510
0.039269 0.041878
0.039030 0.051655
0.038910 0.040298
0.038766 0.043157
0.038602 0.045048
0.038355 0.040638
0.038315 0.040711
0.038246 0.043111
0.038211 0.052841
0.037877 0.038993
0.037867 0.052467
0.037827 0.040073
0.037698 0.048514
0.037550 0.056036
0.037529 0.041137
0.037416 0.043773
0.037347 0.049627
0.037272 0.071985
0.036837 0.049600
0.036609 0.037073
0.036303 0.036433
0.036142 0.042457
0.036030 0.077507
0.035987 0.041556
0.035706 0.049557
0.035542 0.035658
0.035505 0.040964
0.035342 0.035483
0.034668 0.034948
0.034584 0.039050
0.034451 0.035440
0.034347 0.038906
0.033948 0.041597
0.033854 0.037085
0.033438 0.035554
0.033204 0.056102
0.033198 0.054057
0.033154 0.034043
0.033090 0.036669
0.032949 0.040455
0.032935 0.039195
0.032912 0.052079
0.032909 0.038089
0.032579 0.044971
0.032506 0.036767
0.032358 0.042518
0.032320 0.037421
0.032287 0.036326
0.032191 0.032466
0.032148 0.038787
0.032135 0.042950
0.032085 0.037258
0.032078 0.032103
0.032055 0.055913
0.031784 0.037887
0.031728 0.040954
0.031565 0.035189
0.031477 0.033941
0.031452 0.032329
0.031441 0.033632
0.031125 0.033581
0.031075 0.033188
0.031053 0.032476
0.030921 0.040011
0.030919 0.040908
0.030595 0.033135
0.030462 0.030478
0.030422 0.031861
0.030392 0.061080
0.030309 0.033411
0.030290 0.041425
0.030278 0.034023
0.030216 0.031508
0.030206 0.035579
0.030091 0.042910
0.030042 0.034523
0.030025 0.043692
0.029974 0.032063
0.029960 0.031121
0.029918 0.034765
0.029890 0.030187
0.029826 0.030731
0.029765 0.031518
0.029581 0.041175
0.029568 0.035516
0.029566 0.036287
0.029470 0.032301
0.029434 0.031183
0.029413 0.035342
0.029399 0.030115
0.029293 0.033348
0.029272 0.030238
0.029202 0.034534
0.029179 0.036130
0.029125 0.029603
0.029063 0.036973
0.029062 0.035238
0.028974 0.032110
0.028896 0.030303
0.028827 0.029223
0.028717 0.034149
0.028573 0.041923
0.028543 0.032508
0.028506 0.039574
0.028433 0.035877
0.028305 0.032517
0.028274 0.028360
0.028270 0.032611
0.028250 0.040099
0.028196 0.029061
0.028170 0.035511
0.028138 0.033958
0.028034 0.030979
0.027985 0.029223
0.027865 0.034627
0.027830 0.029906
0.027735 0.031381
0.027578 0.030686
0.027571 0.027815
0.027409 0.038123
0.027200 0.053493
0.027172 0.030372
0.027136 0.029819
0.027058 0.027880
0.027015 0.030519
0.026962 0.041694
0.026913 0.030657
0.026875 0.047515
0.026743 0.037706
0.026740 0.044078
0.026679 0.034529
0.026660 0.026829
0.026659 0.033552
0.026650 0.035773
0.026606 0.027426
0.026575 0.029464
0.026508 0.067643
0.026417 0.026483
0.026345 0.033679
0.026265 0.035994
0.026251 0.032944
0.026172 0.032739
0.026159 0.034319
0.026157 0.034665
0.026108 0.038746
0.026107 0.027155
0.026090 0.043483
0.025951 0.027128
0.025925 0.029315
0.025815 0.041651
0.025803 0.034663
0.025701 0.026489
0.025698 0.029138
0.025570 0.036651
0.025502 0.035963
0.025482 0.034530
0.025400 0.031528
0.025387 0.028595
0.025367 0.027050
0.025333 0.026222
0.025328 0.026332
0.025195 0.030776
0.025142 0.048675
0.024987 0.027613
0.024985 0.042140
0.024985 0.035149
0.024929 0.036983
0.024912 0.027235
0.024741 0.029543
0.024733 0.037038
0.024479 0.041769
0.024470 0.035077
0.024388 0.033327
0.024387 0.030604
0.024342 0.026079
0.024342 0.027557
0.024294 0.028021
0.024173 0.044608
0.024131 0.025159
0.024115 0.036901
0.024094 0.024520
0.024080 0.034315
0.024044 0.034976
0.024021 0.030624
0.023996 0.037440
0.023975 0.043982
0.023931 0.028796
0.023815 0.026893
0.023810 0.037881
0.023762 0.026175
0.023731 0.025965
0.023656 0.028555
0.023512 0.025046
0.023476 0.025749
0.023414 0.027007
0.023412 0.026247
0.023392 0.030131
0.023364 0.034996
0.023335 0.023445
0.023304 0.025057
0.023261 0.026831
0.023259 0.034010
0.023209 0.023216
0.023165 0.025445
0.023112 0.023227
0.023086 0.024595
0.023019 0.034710
0.022999 0.025628
0.022998 0.025890
0.022968 0.024088
0.022921 0.026870
0.022762 0.040510
0.022595 0.034200
0.022581 0.022737
0.022560 0.024296
0.022545 0.045307
0.022462 0.025510
0.022427 0.022650
0.022384 0.027791
0.022336 0.024034
0.022331 0.026313
0.022238 0.022325
0.022187 0.028203
0.022064 0.030912
0.022005 0.023853
0.021914 0.043576
0.021912 0.023309
0.021901 0.022474
0.021854 0.033981
0.021794 0.021826
0.021793 0.030008
0.021788 0.026959
0.021756 0.021905
0.021756 0.023577
0.021722 0.027789
0.021697 0.034405
0.021686 0.025864
0.021675 0.028073
0.021586 0.025166
0.021571 0.030631
0.021551 0.021714
0.021548 0.023008
0.021535 0.026800
0.021507 0.036860
0.021505 0.037314
0.021471 0.032007
0.021394 0.023509
0.021333 0.027212
0.021310 0.023687
0.021262 0.026527
0.021233 0.035652
0.021224 0.021271
0.021194 0.024654
0.021170 0.021445
0.021153 0.032371
0.021130 0.032326
0.021122 0.025050
0.021093 0.024800
0.021093 0.021531
0.021080 0.022749
0.021017 0.034006
0.020989 0.024072
0.020988 0.022622
0.020985 0.021466
0.020927 0.021694
0.020918 0.023740
0.020900 0.031897
0.020899 0.023651
0.020820 0.022193
0.020818 0.030141
0.020799 0.023869
0.020791 0.021069
0.020783 0.028498
0.020747 0.023508
0.020689 0.022023
0.020672 0.021021
0.020661 0.023504
0.020647 0.023463
0.020614 0.026403
0.020598 0.033069
0.020555 0.045433
0.020544 0.022792
0.020515 0.022831
0.020457 0.022797
0.020382 0.027405
0.020369 0.021828
0.020363 0.021193
0.020137 0.023210
0.020133 0.023211
0.020127 0.026723
0.020014 0.037709
0.019986 0.021349
0.019982 0.022816
0.019969 0.020347
0.019912 0.024994
0.019904 0.028833
0.019756 0.020977
0.019751 0.022716
0.019749 0.026417
0.019732 0.037057
0.019726 0.020276
0.019722 0.020708
0.019679 0.023306
0.019630 0.019808
0.019599 0.021315
0.019596 0.027214
0.019564 0.025170
0.019542 0.019983
0.019509 0.022500
0.019488 0.021828
0.019486 0.022294
0.019478 0.023353
0.019466 0.021874
0.019465 0.027066
0.019461 0.019528
0.019456 0.030429
0.019388 0.024397
0.019381 0.019432
0.019374 0.019525
0.019372 0.020963
0.019354 0.024927
0.019353 0.021044
0.019334 0.026420
0.019331 0.024560
0.019236 0.025125
0.019226 0.019257
0.019211 0.019623
0.019203 0.022918
0.019186 0.029234
0.019155 0.023350
0.019139 0.023721
0.019136 0.021127
0.019114 0.022228
0.019012 0.022865
0.018992 0.026337
0.018978 0.019003
0.018931 0.020305
0.018930 0.020179
0.018885 0.019786
0.018876 0.032487
0.018865 0.019068
0.018842 0.020682
0.018812 0.021038
0.018803 0.019060
0.018787 0.020696
0.018709 0.019261
0.018685 0.020877
0.018684 0.020770
0.018618 0.021263
0.018550 0.027613
0.018544 0.019983
0.018540 0.019606
0.018521 0.020871
0.018450 0.019549
0.018443 0.019157
0.018440 0.022880
0.018379 0.018504
0.018367 0.019784
0.018352 0.034844
0.018335 0.022110
0.018320 0.019320
0.018305 0.018472
0.018274 0.020044
0.018257 0.018766
0.018238 0.021988
0.018220 0.018685
0.018219 0.021573
0.018202 0.021528
0.018201 0.030793
0.018185 0.018216
0.018159 0.028799
0.018128 0.019939
0.018111 0.018119
0.018055 0.021935
0.018052 0.020550
0.018050 0.021877
0.018032 0.019444
0.017989 0.019565
0.017971 0.020899
0.017965 0.018898
0.017949 0.019621
0.017875 0.018269
0.017817 0.020567
0.017803 0.022615
0.017803 0.017859
0.017803 0.018174
0.017778 0.033737
0.017739 0.023624
0.017682 0.017978
0.017654 0.028437
0.017649 0.017737
0.017614 0.021329
0.017610 0.020086
0.017609 0.018776
0.017601 0.018556
0.017565 0.018969
0.017556 0.021747
0.017550 0.018316
0.017534 0.021324
0.017461 0.019729
0.017413 0.021638
0.017394 0.022952
0.017389 0.022640
0.017383 0.018004
0.017378 0.024064
0.017369 0.023854
0.017367 0.018173
0.017337 0.022522
0.017332 0.025003
0.017281 0.019712
0.017248 0.020042
0.017216 0.020349
0.017205 0.018473
0.017195 0.018492
0.017189 0.024018
0.017188 0.017233
0.017176 0.021671
0.017147 0.019385
0.017112 0.018073
0.017107 0.017649
0.017095 0.030997
0.017087 0.023009
0.017081 0.017513
0.017071 0.017398
0.017071 0.019051
0.017056 0.017777
0.017046 0.019672
0.017037 0.019493
0.017035 0.018393
0.016970 0.026900
0.016939 0.018493
0.016905 0.017605
0.016905 0.022593
0.016898 0.022160
0.016872 0.017510
0.016860 0.017675
0.016858 0.018050
0.016837 0.019566
0.016833 0.017246
0.016778 0.017913
0.016777 0.017441
0.016774 0.027403
0.016742 0.020510
0.016701 0.021142
0.016696 0.026512
0.016675 0.018406
0.016640 0.019921
0.016626 0.019312
0.016569 0.017481
0.016555 0.017400
0.016554 0.017387
0.016536 0.029883
0.016527 0.022628
0.016524 0.019893
0.016519 0.017069
0.016495 0.017204
0.016459 0.018489
0.016453 0.022729
0.016432 0.021343
0.016410 0.019331
0.016410 0.016633
0.016397 0.022617
0.016358 0.016495
0.016357 0.019850
0.016341 0.017990
0.016309 0.021073
0.016308 0.022275
0.016302 0.028086
0.016301 0.021980
0.016293 0.021451
0.016267 0.025721
0.016259 0.024533
0.016247 0.016528
0.016179 0.017408
0.016164 0.028755
0.016149 0.020519
0.016118 0.017565
0.016117 0.016603
0.016089 0.018846
0.016087 0.021628
0.016080 0.029447
0.016054 0.016297
0.016051 0.018175
0.016015 0.017209
0.016002 0.021451
0.015991 0.016121
0.015991 0.027266
0.015957 0.018743
0.015953 0.019690
0.015951 0.019539
0.015938 0.018219
0.015892 0.016730
0.015885 0.018123
0.015879 0.018959
0.015877 0.016150
0.015821 0.028640
0.015818 0.032744
0.015805 0.016870
0.015781 0.017322
0.015762 0.017100
0.015729 0.016073
0.015714 0.019505
0.015714 0.015871
0.015706 0.023054
0.015699 0.016682
0.015694 0.015735
0.015676 0.023919
0.015662 0.016187
0.015658 0.026559
0.015657 0.015940
0.015657 0.023526
0.015652 0.023788
0.015651 0.016331
0.015624 0.016338
0.015617 0.015742
0.015611 0.017301
0.015564 0.023621
0.015559 0.017518
0.015556 0.015655
0.015533 0.018156
0.015531 0.023086
0.015529 0.023367
0.015527 0.024054
0.015518 0.017177
0.015496 0.015897
0.015493 0.016445
0.015477 0.018108
0.015477 0.019418
0.015469 0.025053
0.015469 0.015915
0.015451 0.020068
0.015446 0.018326
0.015380 0.020899
0.015366 0.019183
0.015353 0.015475
0.015352 0.016096
0.015348 0.016301
0.015339 0.022237
0.015337 0.018451
0.015326 0.021281
0.015322 0.020656
0.015296 0.015619
0.015294 0.016873
0.015293 0.017161
0.015262 0.016238
0.015258 0.019641
0.015249 0.017171
0.015239 0.015704
0.015237 0.015377
0.015232 0.021078
0.015227 0.017042
0.015205 0.016701
0.015201 0.015725
0.015197 0.018913
0.015187 0.023815
0.015184 0.017590
0.015166 0.027444
0.015150 0.018773
0.015147 0.016230
0.015110 0.017111
0.015101 0.016079
0.015093 0.018230
0.015090 0.015929
0.015080 0.029487
0.015057 0.030483
0.015040 0.023922
0.015037 0.016015
0.015000 0.023882
0.014990 0.023337
0.014977 0.015924
0.014976 0.019753
0.014968 0.017030
0.014967 0.016581
0.014962 0.018073
0.014952 0.017118
0.014949 0.021831
0.014948 0.018078
0.014938 0.023321
0.014936 0.015745
0.014921 0.025603
0.014902 0.017602
0.014900 0.019777
0.014890 0.019429
0.014875 0.021937
0.014870 0.026329
0.014846 0.015726
0.014776 0.015044
0.014766 0.016965
0.014764 0.017128
0.014761 0.022396
0.014703 0.021543
0.014701 0.015366
0.014657 0.016874
0.014648 0.017756
0.014638 0.024285
0.014633 0.015687
0.014609 0.018570
0.014585 0.019353
0.014564 0.015550
0.014561 0.016833
0.014558 0.014724
0.014535 0.018331
0.014501 0.017857
0.014491 0.015691
0.014483 0.020014
0.014468 0.015646
0.014434 0.015346
0.014416 0.017215
0.014399 0.017552
0.014385 0.015900
0.014382 0.016635
0.014365 0.016702
0.014363 0.016024
0.014347 0.016122
0.014340 0.018091
0.014340 0.015091
0.014336 0.019273
0.014303 0.014667
0.014303 0.016003
0.014287 0.022317
0.014281 0.015010
0.014229 0.030495
0.014185 0.018575
0.014180 0.032588
0.014180 0.017426
0.014150 0.018923
0.014139 0.017707
0.014138 0.025727
0.014118 0.014145
0.014103 0.015281
0.014081 0.021862
0.014049 0.017137
0.014040 0.015576
0.014039 0.015156
0.014037 0.017861
0.014029 0.014779
0.014021 0.017185
0.013980 0.015148
0.013978 0.014633
0.013960 0.014081
0.013956 0.029861
0.013917 0.014218
0.013915 0.018091
0.013894 0.014108
0.013887 0.014930
0.013884 0.014139
0.013878 0.019299
0.013865 0.021955
0.013865 0.013948
0.013864 0.024293
0.013857 0.017228
0.013855 0.014180
0.013838 0.015608
0.013789 0.014389
0.013762 0.017891
0.013760 0.015231
0.013760 0.014117
0.013753 0.021066
0.013750 0.027074
0.013744 0.014101
0.013744 0.020505
0.013698 0.014128
0.013698 0.014161
0.013668 0.015579
0.013645 0.016212
0.013609 0.014446
0.013597 0.014256
0.013596 0.013879
0.013595 0.015930
0.013579 0.020075
0.013562 0.016411
0.013557 0.019216
0.013556 0.022740
0.013534 0.027901
0.013495 0.017338
0.013447 0.021075
0.013446 0.020692
0.013440 0.015817
0.013428 0.019949
0.013427 0.013752
0.013423 0.014223
0.013393 0.013560
0.013389 0.013847
0.013374 0.016161
0.013325 0.013448
0.013321 0.019546
0.013313 0.018263
0.013310 0.015666
0.013289 0.014026
0.013278 0.014754
0.013276 0.017786
0.013269 0.014948
0.013263 0.015311
0.013248 0.017879
0.013248 0.027605
0.013243 0.017261
0.013242 0.013626
0.013226 0.016248
0.013221 0.020557
0.013207 0.024464
0.013171 0.015476
0.013154 0.015369
0.013153 0.020889
0.013127 0.014469
0.013125 0.018164
0.013117 0.015209
0.013110 0.015038
0.013100 0.013234
0.013098 0.013373
0.013089 0.015778
0.013086 0.018975
0.013074 0.016432
0.013056 0.017405
0.013004 0.013685
0.012994 0.015179
0.012985 0.018240
0.012951 0.019043
0.012948 0.014495
0.012929 0.015271
0.012909 0.015118
0.012891 0.013783
0.012888 0.015863
0.012877 0.012916
0.012870 0.013394
0.012857 0.018960
0.012843 0.013487
0.012831 0.019559
0.012810 0.018601
0.012802 0.017375
0.012798 0.016759
0.012754 0.021012
0.012747 0.021169
0.012744 0.012971
0.012738 0.012739
0.012732 0.021492
0.012727 0.015655
0.012721 0.015398
0.012711 0.014021
0.012703 0.015651
0.012692 0.014711
0.012689 0.013110
0.012677 0.012894
0.012629 0.013756
0.012607 0.013264
0.012570 0.012644
0.012555 0.013266
0.012553 0.021609
0.012542 0.019583
0.012540 0.013877
0.012537 0.013070
0.012536 0.013299
0.012535 0.013402
0.012524 0.014241
0.012524 0.019209
0.012512 0.014375
0.012483 0.017602
0.012477 0.026474
0.012468 0.014159
0.012425 0.016266
0.012417 0.015791
0.012409 0.018660
0.012370 0.013292
0.012361 0.015965
0.012357 0.016694
0.012355 0.012577
0.012349 0.013200
0.012333 0.013199
0.012333 0.014846
0.012331 0.012361
0.012319 0.017644
0.012316 0.018621
0.012311 0.016948
0.012300 0.013802
0.012263 0.026729
0.012256 0.012456
0.012252 0.012934
0.012233 0.012982
0.012206 0.014898
0.012193 0.015271
0.012161 0.013628
0.012112 0.013424
0.012110 0.013752
0.012092 0.012100
0.012075 0.013525
0.012058 0.015272
0.012049 0.012667
0.012046 0.012654
0.012036 0.013318
0.012035 0.012983
0.012028 0.013825
0.012027 0.014169
0.012026 0.014395
0.011991 0.012061
0.011986 0.012442
0.011980 0.014906
0.011973 0.015073
0.011938 0.012815
0.011928 0.012057
0.011921 0.019724
0.011916 0.013668
0.011913 0.013637
0.011909 0.018009
0.011905 0.012323
0.011884 0.016338
0.011880 0.013031
0.011872 0.015148
0.011872 0.012126
0.011862 0.012345
0.011855 0.012278
0.011845 0.014193
0.011839 0.016828
0.011830 0.015502
0.011809 0.012032
0.011795 0.013467
0.011770 0.012842
0.011755 0.015318
0.011750 0.012301
0.011745 0.012090
0.011716 0.013073
0.011691 0.012697
0.011690 0.014393
0.011676 0.012570
0.011646 0.016683
0.011640 0.017896
0.011635 0.013294
0.011628 0.013140
0.011625 0.011742
0.011619 0.012056
0.011607 0.011942
0.011598 0.011811
0.011584 0.020081
0.011569 0.013240
0.011569 0.016019
0.011560 0.012022
0.011559 0.012047
0.011557 0.018322
0.011556 0.012384
0.011555 0.011714
0.011554 0.012345
0.011553 0.011806
0.011553 0.015846
0.011543 0.016334
0.011538 0.014860
0.011513 0.018117
0.011509 0.011788
0.011507 0.011864
0.011491 0.013263
0.011490 0.012704
0.011487 0.016110
0.011471 0.012445
0.011469 0.012449
0.011469 0.011591
0.011448 0.012550
0.011439 0.017726
0.011431 0.020496
0.011428 0.012740
0.011421 0.011760
0.011416 0.020247
0.011404 0.011405
0.011389 0.014051
0.011372 0.019196
0.011358 0.014481
0.011341 0.011375
0.011337 0.021005
0.011333 0.011356
0.011309 0.013665
0.011304 0.016333
0.011291 0.015512
0.011284 0.012203
0.011278 0.011860
0.011274 0.021634
0.011266 0.012416
0.011263 0.011922
0.011250 0.016911
0.011244 0.012435
0.011221 0.015229
0.011220 0.017609
0.011218 0.016137
0.011193 0.011750
0.011191 0.011719
0.011188 0.013594
0.011184 0.012533
0.011179 0.013834
0.011173 0.011509
0.011169 0.011501
0.011168 0.016655
0.011159 0.013441
0.011122 0.015181
0.011119 0.011292
0.011108 0.011460
0.011094 0.019047
0.011091 0.011838
0.011087 0.011234
0.011084 0.012022
0.011065 0.011538
0.011054 0.017229
0.011034 0.012716
0.011026 0.014520
0.011000 0.011946
0.010993 0.011660
0.010984 0.017496
0.010984 0.014398
0.010969 0.011901
0.010967 0.012426
0.010966 0.011709
0.010965 0.020087
0.010951 0.012350
0.010939 0.020185
0.010933 0.011459
0.010932 0.015644
0.010921 0.012113
0.010919 0.017547
0.010914 0.011959
0.010891 0.015060
0.010882 0.015556
0.010868 0.013355
0.010860 0.012652
0.010859 0.011237
0.010837 0.012418
0.010830 0.013033
0.010829 0.016598
0.010780 0.014364
0.010771 0.012119
0.010766 0.011237
0.010763 0.011292
0.010755 0.011422
0.010726 0.013093
0.010725 0.012751
0.010715 0.011365
0.010713 0.015142
0.010701 0.012736
0.010696 0.013345
0.010693 0.010717
0.010689 0.012778
0.010683 0.014978
0.010682 0.018639
0.010679 0.012279
0.010675 0.012611
0.010672 0.010758
0.010659 0.015121
0.010659 0.010897
0.010636 0.011587
0.010629 0.011938
0.010615 0.011021
0.010593 0.011327
0.010581 0.012313
0.010573 0.012034
0.010571 0.015448
0.010549 0.012118
0.010528 0.014253
0.010527 0.013127
0.010522 0.011385
0.010513 0.011157
0.010499 0.014927
0.010496 0.011066
0.010492 0.013175
0.010492 0.012149
0.010489 0.011814
0.010487 0.014247
0.010462 0.010748
0.010461 0.010820
0.010450 0.011485
0.010436 0.012176
0.010429 0.012089
0.010427 0.010529
0.010423 0.010780
0.010410 0.014265
0.010395 0.017974
0.010378 0.011513
0.010375 0.010700
0.010374 0.016057
0.010363 0.011083
0.010361 0.015951
0.010357 0.013190
0.010349 0.018781
0.010337 0.012987
0.010331 0.018923
0.010316 0.010776
0.010316 0.015517
0.010315 0.011418
0.010310 0.010335
0.010304 0.015909
0.010285 0.010726
0.010283 0.011805
0.010278 0.024464
0.010270 0.013543
0.010252 0.010669
0.010248 0.017230
0.010247 0.013762
0.010236 0.011414
0.010235 0.013196
0.010233 0.011694
0.010227 0.011584
0.010222 0.017371
0.010200 0.010638
0.010199 0.010382
0.010197 0.014595
0.010196 0.018502
0.010194 0.013733
0.010194 0.011945
0.010178 0.019553
0.010171 0.013414
0.010153 0.010198
0.010151 0.015289
0.010148 0.011629
0.010147 0.011497
0.010144 0.010936
0.010137 0.010151
0.010136 0.010671
0.010133 0.015236
0.010130 0.010474
0.010126 0.011291
0.010121 0.010599
0.010112 0.013128
0.010103 0.012017
0.010100 0.010210
0.010094 0.010651
0.010083 0.015072
0.010083 0.012062
0.010080 0.010610
0.010079 0.014211
0.010079 0.010103
0.010073 0.011421
0.010066 0.012292
0.010054 0.011936
0.010049 0.016789
0.010027 0.010209
0.010027 0.014069
0.010024 0.011172
0.010024 0.015674
0.010021 0.015317
0.010012 0.010113
0.010011 0.010021
0.010003 0.012393
0.009989 0.010362
0.009988 0.012281
0.009987 0.011146
0.009986 0.010158
0.009982 0.014161
0.009977 0.012755
0.009958 0.010278
0.009958 0.010940
0.009943 0.012228
0.009942 0.010182
0.009918 0.012397
0.009917 0.010651
0.009915 0.010111
0.009912 0.010633
0.009911 0.011199
0.009910 0.010446
0.009904 0.015810
0.009902 0.016251
0.009902 0.012754
0.009896 0.020198
0.009879 0.010716
0.009877 0.012721
0.009870 0.014725
0.009863 0.011167
0.009858 0.011168
0.009845 0.012839
0.009845 0.012494
0.009844 0.010842
0.009843 0.010663
0.009835 0.010798
0.009819 0.011562
0.009808 0.009982
0.009795 0.010061
0.009780 0.009870
0.009773 0.009925
0.009759 0.010238
0.009755 0.012360
0.009747 0.011234
0.009745 0.010849
0.009716 0.011134
0.009691 0.021188
0.009686 0.014376
0.009685 0.010474
0.009683 0.013599
0.009679 0.010273
0.009675 0.011539
0.009670 0.021482
0.009660 0.011900
0.009658 0.014171
0.009633 0.011197
0.009632 0.009703
0.009632 0.011146
0.009620 0.012037
0.009611 0.011109
0.009606 0.011454
0.009598 0.010868
0.009582 0.011492
0.009573 0.012124
0.009554 0.011355
0.009547 0.011322
0.009544 0.009965
0.009544 0.012878
0.009544 0.016329
0.009544 0.010907
0.009536 0.013171
0.009533 0.010077
0.009526 0.009693
0.009516 0.010472
0.009514 0.013253
0.009497 0.013766
0.009489 0.014232
0.009486 0.010813
0.009475 0.012304
0.009472 0.010037
0.009464 0.010243
0.009463 0.012171
0.009454 0.009960
0.009453 0.009950
0.009437 0.012293
0.009435 0.013436
0.009435 0.010513
0.009417 0.009439
0.009406 0.011034
0.009405 0.012903
0.009390 0.010224
0.009390 0.012216
0.009388 0.011146
0.009375 0.011090
0.009366 0.010847
0.009363 0.009639
0.009362 0.013613
0.009356 0.010050
0.009349 0.016741
0.009347 0.009464
0.009330 0.013237
0.009322 0.010626
0.009302 0.009487
0.009294 0.010819
0.009292 0.011064
0.009247 0.010934
0.009244 0.013603
0.009237 0.014802
0.009218 0.009238
0.009208 0.010901
0.009204 0.019012
0.009200 0.009779
0.009196 0.012544
0.009193 0.011679
0.009191 0.017826
0.009181 0.011199
0.009180 0.009756
0.009180 0.011136
0.009180 0.012450
0.009176 0.009298
0.009175 0.010875
0.009171 0.011232
0.009170 0.009246
0.009163 0.011888
0.009159 0.010257
0.009154 0.013914
0.009152 0.009178
0.009147 0.009252
0.009140 0.018532
0.009138 0.012588
0.009136 0.013362
0.009134 0.010454
0.009124 0.010358
0.009121 0.009499
0.009120 0.010981
0.009111 0.009138
0.009107 0.010161
0.009099 0.013494
0.009092 0.010488
0.009085 0.011216
0.009083 0.012923
0.009075 0.009584
0.009070 0.009908
0.009056 0.009444
0.009054 0.010875
0.009053 0.009103
0.009039 0.010193
0.009038 0.018171
0.009031 0.009371
0.009022 0.009862
0.009017 0.009506
0.009003 0.010920
0.009001 0.015481
0.008995 0.009378
0.008991 0.014483
0.008988 0.010597
0.008981 0.010831
0.008978 0.010670
0.008972 0.009277
0.008964 0.012556
0.008962 0.009714
0.008957 0.009513
0.008945 0.012550
0.008942 0.009511
0.008941 0.021429
0.008941 0.008965
0.008938 0.009185
0.008938 0.011178
0.008937 0.009155
0.008934 0.015469
0.008933 0.009622
0.008928 0.009395
0.008927 0.016422
0.008923 0.010092
0.008913 0.010585
0.008912 0.009233
0.008894 0.010380
0.008893 0.016670
0.008882 0.009379
0.008876 0.009633
0.008847 0.012658
0.008840 0.009961
0.008830 0.009797
0.008830 0.009691
0.008826 0.009520
0.008824 0.011387
0.008819 0.009851
0.008815 0.009112
0.008811 0.015354
0.008808 0.012950
0.008789 0.008826
0.008762 0.015306
0.008760 0.009827
0.008758 0.009244
0.008755 0.010212
0.008755 0.010824
0.008754 0.009802
0.008754 0.013633
0.008747 0.009460
0.008737 0.009939
0.008737 0.011355
0.008727 0.009145
0.008724 0.008806
0.008705 0.009141
0.008702 0.010696
0.008699 0.010145
0.008694 0.012938
0.008691 0.008726
0.008682 0.013410
0.008678 0.009074
0.008673 0.015387
0.008669 0.009548
0.008665 0.010751
0.008659 0.010216
0.008659 0.008997
0.008628 0.010526
0.008620 0.012133
0.008617 0.010050
0.008612 0.009036
0.008602 0.012544
0.008597 0.010679
0.008595 0.009210
0.008588 0.009397
0.008584 0.010644
0.008584 0.014249
0.008569 0.015168
0.008561 0.014280
0.008553 0.010421
0.008548 0.013924
0.008545 0.008958
0.008544 0.009217
0.008539 0.012531
0.008533 0.011902
0.008532 0.009191
0.008532 0.010282
0.008523 0.009216
0.008508 0.012301
0.008502 0.009394
0.008492 0.009256
0.008486 0.011543
0.008485 0.009696
0.008477 0.016065
0.008475 0.014503
0.008471 0.009238
0.008464 0.013170
0.008461 0.008546
0.008453 0.012707
0.008452 0.008689
0.008442 0.008714
0.008434 0.008780
0.008431 0.009785
0.008431 0.008938
0.008428 0.009595
0.008428 0.008925
0.008417 0.009876
0.008416 0.013493
0.008415 0.008473
0.008409 0.009091
0.008404 0.010191
0.008403 0.013323
0.008380 0.011205
0.008375 0.008993
0.008372 0.013861
0.008368 0.012225
0.008364 0.009478
0.008364 0.011992
0.008363 0.009408
0.008355 0.011296
0.008352 0.012370
0.008348 0.008944
0.008342 0.010792
0.008342 0.009973
0.008337 0.009422
0.008337 0.014681
0.008335 0.009812
0.008330 0.013459
0.008321 0.010045
0.008319 0.010812
0.008316 0.012816
0.008315 0.010443
0.008315 0.011350
0.008309 0.012230
0.008308 0.011419
0.008302 0.010620
0.008292 0.008578
0.008285 0.009172
0.008266 0.009281
0.008260 0.008525
0.008256 0.008990
0.008252 0.008381
0.008250 0.011497
0.008250 0.008779
0.008250 0.009104
0.008248 0.008817
0.008226 0.020790
0.008225 0.010465
0.008224 0.010350
0.008216 0.008865
0.008206 0.009257
0.008204 0.010715
0.008197 0.008410
0.008197 0.012475
0.008183 0.015522
0.008177 0.008501
0.008163 0.012989
0.008163 0.008166
0.008161 0.015705
0.008153 0.009215
0.008152 0.011115
0.008151 0.009079
0.008131 0.010967
0.008122 0.009722
0.008116 0.010229
0.008109 0.009097
0.008107 0.010159
0.008097 0.008446
0.008092 0.011027
0.008079 0.008847
0.008075 0.013047
0.008074 0.010972
0.008073 0.016532
0.008052 0.008312
0.008048 0.010298
0.008045 0.009259
0.008042 0.008918
0.008039 0.008506
0.008037 0.010171
0.008036 0.016184
0.008035 0.008405
0.008034 0.008582
0.008029 0.013492
0.008028 0.008094
0.008021 0.008258
0.008016 0.008308
0.008003 0.011248
0.007981 0.012255
0.007975 0.011374
0.007968 0.009140
0.007961 0.009078
0.007957 0.016748
0.007953 0.013279
0.007953 0.008412
0.007952 0.012102
0.007952 0.009014
0.007942 0.010460
0.007941 0.010459
0.007937 0.013061
0.007933 0.009938
0.007932 0.007994
0.007931 0.008201
0.007927 0.008275
0.007927 0.017367
0.007924 0.009108
0.007894 0.007987
0.007891 0.009849
0.007890 0.011585
0.007889 0.010741
0.007887 0.009473
0.007886 0.009052
0.007885 0.008584
0.007879 0.007915
0.007874 0.008548
0.007854 0.009612
0.007839 0.009419
0.007838 0.014420
0.007835 0.010014
0.007835 0.012935
0.007835 0.008308
0.007835 0.008830
0.007831 0.007965
0.007824 0.011764
0.007820 0.011104
0.007811 0.012551
0.007809 0.008578
0.007803 0.008874
0.007802 0.011658
0.007801 0.016381
0.007800 0.008521
0.007799 0.010111
0.007793 0.008025
0.007779 0.007883
0.007772 0.008134
0.007766 0.009438
0.007765 0.011549
0.007758 0.013030
0.007752 0.007816
0.007747 0.009036
0.007739 0.008460
0.007737 0.010020
0.007725 0.007910
0.007714 0.008984
0.007704 0.009439
0.007682 0.008205
0.007665 0.007680
0.007664 0.008979
0.007658 0.007749
0.007654 0.013249
0.007652 0.011503
0.007651 0.009479
0.007634 0.008418
0.007627 0.009694
0.007614 0.011670
0.007610 0.008193
0.007604 0.007944
0.007604 0.015445
0.007603 0.009408
0.007601 0.008780
0.007599 0.009729
0.007596 0.008057
0.007596 0.008490
0.007595 0.010430
0.007579 0.008198
0.007578 0.011346
0.007574 0.008334
0.007573 0.011245
0.007569 0.008009
0.007568 0.011001
0.007566 0.007933
0.007565 0.013671
0.007563 0.008811
0.007562 0.009390
0.007546 0.009242
0.007542 0.008065
0.007540 0.011432
0.007540 0.008399
0.007531 0.007567
0.007531 0.012168
0.007525 0.008818
0.007518 0.009711
0.007507 0.011211
0.007507 0.014259
0.007493 0.007985
0.007493 0.009352
0.007488 0.010441
0.007486 0.012680
0.007485 0.008206
0.007483 0.007495
0.007480 0.008580
0.007472 0.010635
0.007468 0.007801
0.007467 0.009448
0.007462 0.007978
0.007462 0.009539
0.007457 0.011459
0.007456 0.008140
0.007454 0.008452
0.007453 0.007901
0.007449 0.007509
0.007446 0.012357
0.007445 0.010127
0.007439 0.009608
0.007439 0.009115
0.007438 0.014628
0.007430 0.009183
0.007422 0.007918
0.007414 0.007747
0.007397 0.010099
0.007397 0.007913
0.007396 0.010502
0.007392 0.010564
0.007389 0.013799
0.007388 0.010561
0.007387 0.007884
0.007385 0.008029
0.007385 0.008514
0.007381 0.007670
0.007372 0.013185
0.007372 0.009331
0.007364 0.008887
0.007363 0.007778
0.007361 0.009273
0.007352 0.007642
0.007352 0.010234
0.007349 0.013354
0.007343 0.007924
0.007342 0.012235
0.007335 0.008469
0.007328 0.010054
0.007323 0.008388
0.007316 0.008190
0.007307 0.009023
0.007299 0.007633
0.007297 0.008358
0.007280 0.011950
0.007277 0.018527
0.007275 0.009124
0.007272 0.007276
0.007265 0.007633
0.007251 0.008029
0.007247 0.010605
0.007247 0.012578
0.007244 0.007654
0.007234 0.011404
0.007234 0.008858
0.007226 0.008757
0.007215 0.008199
0.007203 0.007714
0.007198 0.009389
0.007197 0.007868
0.007184 0.008543
0.007182 0.010864
0.007177 0.009975
0.007172 0.007441
0.007162 0.009655
0.007161 0.007882
0.007160 0.009941
0.007159 0.007674
0.007158 0.007916
0.007158 0.010627
0.007158 0.009927
0.007154 0.014091
0.007154 0.007467
0.007142 0.007155
0.007134 0.008658
0.007122 0.008781
0.007113 0.008401
0.007099 0.008485
0.007097 0.007484
0.007093 0.007964
0.007091 0.007697
0.007090 0.008873
0.007090 0.007938
0.007090 0.007438
0.007082 0.009771
0.007079 0.007371
0.007077 0.007390
0.007069 0.007311
0.007068 0.013141
0.007065 0.007789
0.007058 0.007773
0.007055 0.007160
0.007053 0.007989
0.007051 0.007178
0.007036 0.007335
0.007035 0.008312
0.007035 0.013799
0.007034 0.007605
0.007034 0.015573
0.007021 0.008188
0.007014 0.007676
0.007002 0.007097
0.006993 0.008462
0.006987 0.011034
0.006985 0.009573
0.006982 0.008505
0.006977 0.007597
0.006971 0.012888
0.006948 0.007396
0.006948 0.009531
0.006943 0.007463
0.006942 0.007657
0.006938 0.010442
0.006935 0.006944
0.006931 0.007451
0.006930 0.008825
0.006918 0.009486
0.006918 0.008614
0.006910 0.011675
0.006909 0.006945
0.006899 0.011042
0.006898 0.007119
0.006895 0.007544
0.006867 0.007861
0.006860 0.008014
0.006850 0.006878
0.006847 0.007110
0.006825 0.007038
0.006824 0.011737
0.006810 0.008460
0.006808 0.006851
0.006799 0.009316
0.006798 0.007583
0.006795 0.008131
0.006789 0.006912
0.006781 0.007471
0.006781 0.010529
0.006780 0.006987
0.006777 0.008733
0.006777 0.013756
0.006753 0.007165
0.006751 0.007477
0.006746 0.008031
0.006739 0.007215
0.006734 0.008216
0.006732 0.008007
0.006724 0.008141
0.006713 0.007564
0.006703 0.009351
0.006696 0.008504
0.006693 0.006946
0.006692 0.006882
0.006687 0.007644
0.006681 0.010887
0.006680 0.011533
0.006678 0.007382
0.006678 0.008814
0.006675 0.009711
0.006672 0.009003
0.006667 0.007702
0.006666 0.009274
0.006661 0.006856
0.006661 0.011584
0.006660 0.006867
0.006653 0.006768
0.006636 0.007024
0.006635 0.007401
0.006634 0.006753
0.006630 0.012444
0.006624 0.010879
0.006621 0.016971
0.006621 0.008635
0.006620 0.008914
0.006619 0.007285
0.006618 0.010609
0.006617 0.010082
0.006615 0.008638
0.006614 0.007334
0.006613 0.007953
0.006609 0.006875
0.006606 0.007738
0.006603 0.006617
0.006600 0.006791
0.006596 0.012824
0.006584 0.008860
0.006575 0.009802
0.006574 0.008564
0.006570 0.011670
0.006566 0.007253
0.006563 0.007314
0.006560 0.009556
0.006560 0.012144
0.006552 0.006799
0.006547 0.008831
0.006532 0.006807
0.006531 0.007583
0.006520 0.006844
0.006518 0.006636
0.006516 0.006527
0.006479 0.009881
0.006474 0.008874
0.006472 0.010381
0.006466 0.006679
0.006462 0.007165
0.006446 0.011256
0.006433 0.006500
0.006424 0.008861
0.006418 0.006559
0.006418 0.006716
0.006418 0.007185
0.006416 0.011342
0.006414 0.007800
0.006412 0.007100
0.006392 0.006497
0.006382 0.006741
0.006381 0.006692
0.006361 0.006641
0.006361 0.006819
0.006354 0.008077
0.006354 0.006420
0.006333 0.008909
0.006327 0.007655
0.006313 0.006438
0.006304 0.007151
0.006290 0.007674
0.006276 0.006645
0.006273 0.012689
0.006267 0.006469
0.006262 0.006575
0.006257 0.007937
0.006256 0.008844
0.006253 0.006372
0.006249 0.007928
0.006242 0.007299
0.006240 0.013380
0.006235 0.008941
0.006235 0.006521
0.006228 0.006875
0.006225 0.007197
0.006218 0.006955
0.006215 0.009655
0.006214 0.006462
0.006204 0.007653
0.006201 0.009993
0.006199 0.007016
0.006195 0.007533
0.006179 0.011718
0.006175 0.006487
0.006173 0.006648
0.006171 0.006857
0.006170 0.006363
0.006170 0.010693
0.006167 0.009353
0.006164 0.008209
0.006164 0.007488
0.006160 0.006391
0.006155 0.008371
0.006154 0.008929
0.006154 0.007431
0.006152 0.006366
0.006151 0.011284
0.006150 0.006522
0.006149 0.006203
0.006144 0.010272
0.006139 0.007606
0.006138 0.006454
0.006132 0.006163
0.006122 0.009889
0.006120 0.008157
0.006111 0.006180
0.006093 0.006505
0.006084 0.007939
0.006080 0.006441
0.006072 0.012223
0.006065 0.006582
0.006039 0.007351
0.006038 0.006587
0.006037 0.006544
0.006033 0.007156
0.006032 0.006281
0.006025 0.006526
0.006025 0.006343
0.006022 0.006695
0.006018 0.012663
0.005986 0.007886
0.005985 0.006416
0.005979 0.010232
0.005979 0.006050
0.005978 0.006578
0.005975 0.006427
0.005971 0.007768
0.005969 0.009692
0.005966 0.009211
0.005965 0.006991
0.005964 0.006927
0.005959 0.007451
0.005952 0.006168
0.005951 0.006155
0.005951 0.006909
0.005951 0.011633
0.005941 0.007641
0.005939 0.006477
0.005938 0.005981
0.005936 0.006118
0.005935 0.006176
0.005930 0.006210
0.005928 0.006808
0.005918 0.007757
0.005916 0.006145
0.005909 0.011199
0.005902 0.010875
0.005900 0.008577
0.005899 0.008682
0.005896 0.006263
0.005889 0.006140
0.005887 0.010102
0.005887 0.006174
0.005879 0.006198
0.005876 0.007495
0.005873 0.005977
0.005866 0.006553
0.005866 0.006536
0.005857 0.007998
0.005856 0.007387
0.005850 0.006269
0.005848 0.012393
0.005833 0.005890
0.005833 0.006193
0.005832 0.006934
0.005828 0.006954
0.005826 0.006416
0.005813 0.006175
0.005806 0.006948
0.005804 0.011461
0.005801 0.006729
0.005795 0.007052
0.005794 0.007704
0.005781 0.005987
0.005779 0.006521
0.005775 0.007022
0.005773 0.009073
0.005773 0.007206
0.005771 0.006025
0.005765 0.006261
0.005762 0.007088
0.005761 0.005840
0.005754 0.006417
0.005750 0.012932
0.005738 0.008880
0.005722 0.006760
0.005717 0.006168
0.005717 0.008841
0.005713 0.006222
0.005707 0.008843
0.005701 0.008258
0.005694 0.006373
0.005688 0.009178
0.005682 0.006443
0.005681 0.006358
0.005680 0.007844
0.005676 0.006014
0.005672 0.006316
0.005669 0.008780
0.005660 0.006147
0.005659 0.007192
0.005657 0.006223
0.005655 0.007517
0.005655 0.008333
0.005654 0.006394
0.005651 0.005651
0.005639 0.006992
0.005623 0.010112
0.005613 0.007248
0.005613 0.008361
0.005608 0.006419
0.005608 0.006004
0.005607 0.008335
0.005599 0.005997
0.005593 0.005742
0.005592 0.006361
0.005589 0.006335
0.005589 0.006457
0.005577 0.006572
0.005572 0.005917
0.005570 0.005816
0.005565 0.007104
0.005563 0.005576
0.005556 0.006352
0.005535 0.010431
0.005521 0.007505
0.005518 0.006755
0.005512 0.009312
0.005511 0.006128
0.005507 0.005582
0.005499 0.006658
0.005494 0.008370
0.005491 0.006614
0.005490 0.005629
0.005486 0.005898
0.005486 0.006858
0.005482 0.007813
0.005479 0.010413
0.005474 0.006642
0.005455 0.008728
0.005454 0.009482
0.005452 0.008154
0.005445 0.006661
0.005442 0.005863
0.005432 0.006793
0.005418 0.006945
0.005417 0.006099
0.005406 0.007388
0.005405 0.006059
0.005403 0.006215
0.005399 0.006136
0.005396 0.007217
0.005394 0.007957
0.005391 0.005492
0.005379 0.007675
0.005375 0.008902
0.005374 0.008528
0.005371 0.006733
0.005364 0.005895
0.005352 0.008136
0.005348 0.007271
0.005332 0.010430
0.005324 0.006970
0.005323 0.005554
0.005313 0.007540
0.005311 0.006223
0.005305 0.009030
0.005303 0.005967
0.005298 0.005315
0.005297 0.005932
0.005295 0.005563
0.005284 0.006883
0.005282 0.006324
0.005277 0.006958
0.005274 0.005399
0.005269 0.006741
0.005267 0.005295
0.005264 0.006239
0.005254 0.005256
0.005252 0.005341
0.005243 0.010101
0.005240 0.005302
0.005239 0.006136
0.005237 0.007376
0.005237 0.006477
0.005234 0.007301
0.005221 0.011526
0.005218 0.006215
0.005212 0.007726
0.005211 0.005685
0.005208 0.005327
0.005205 0.005902
0.005200 0.005641
0.005191 0.006373
0.005191 0.006160
0.005182 0.006591
0.005153 0.005696
0.005146 0.005625
0.005143 0.006562
0.005135 0.006280
0.005129 0.007697
0.005128 0.005185
0.005126 0.006023
0.005126 0.005167
0.005120 0.006658
0.005117 0.009063
0.005117 0.005617
0.005114 0.005659
0.005104 0.006064
0.005103 0.005413
0.005103 0.005800
0.005098 0.005106
0.005083 0.006238
0.005082 0.005599
0.005062 0.007237
0.005057 0.005391
0.005050 0.006119
0.005047 0.007652
0.005041 0.005498
0.005032 0.008665
0.005024 0.008723
0.005023 0.005387
0.005013 0.006397
0.005011 0.005114
0.005007 0.007816
0.005004 0.007156
0.004996 0.005180
0.004993 0.005552
0.004992 0.008577
0.004988 0.006488
0.004978 0.005739
0.004963 0.005999
0.004962 0.006133
0.004954 0.005043
0.004951 0.005405
0.004949 0.006763
0.004948 0.006831
0.004946 0.010121
0.004932 0.007207
0.004930 0.005634
0.004924 0.004994
0.004921 0.006846
0.004918 0.005381
0.004896 0.007486
0.004896 0.010207
0.004894 0.007451
0.004892 0.008367
0.004891 0.006064
0.004888 0.007983
0.004887 0.005178
0.004886 0.004998
0.004885 0.007351
0.004882 0.005044
0.004881 0.007436
0.004875 0.005815
0.004873 0.004989
0.004868 0.005878
0.004861 0.006117
0.004856 0.004962
0.004844 0.004973
0.004841 0.006197
0.004835 0.008956
0.004830 0.006030
0.004827 0.006095
0.004827 0.006337
0.004823 0.005256
0.004821 0.006650
0.004821 0.005354
0.004813 0.005638
0.004809 0.004818
0.004807 0.005090
0.004801 0.005255
0.004798 0.005188
0.004791 0.005929
0.004788 0.007126
0.004787 0.006165
0.004780 0.005619
0.004780 0.005285
0.004779 0.005889
0.004777 0.005469
0.004775 0.006611
0.004773 0.006275
0.004767 0.006266
0.004765 0.005532
0.004762 0.004769
0.004759 0.005030
0.004756 0.008446
0.004752 0.005857
0.004748 0.005351
0.004745 0.005693
0.004739 0.005932
0.004716 0.006370
0.004712 0.005809
0.004707 0.005711
0.004705 0.004807
0.004703 0.008393
0.004700 0.009032
0.004700 0.009559
0.004699 0.004790
0.004687 0.004836
0.004685 0.004785
0.004685 0.005574
0.004683 0.005468
0.004683 0.005848
0.004679 0.007309
0.004679 0.004722
0.004673 0.004760
0.004666 0.005198
0.004664 0.004688
0.004663 0.004872
0.004661 0.004952
0.004660 0.005676
0.004651 0.009900
0.004649 0.006617
0.004647 0.006202
0.004643 0.005109
0.004636 0.005327
0.004617 0.004864
0.004602 0.004704
0.004599 0.005431
0.004593 0.004622
0.004591 0.004947
0.004585 0.004658
0.004580 0.004603
0.004578 0.005196
0.004575 0.007683
0.004574 0.004599
0.004571 0.005354
0.004569 0.005274
0.004564 0.007367
0.004560 0.005753
0.004560 0.004994
0.004556 0.007135
0.004554 0.004626
0.004548 0.005372
0.004545 0.007026
0.004543 0.005957
0.004541 0.007025
0.004538 0.008154
0.004537 0.004895
0.004526 0.005605
0.004519 0.005286
0.004511 0.004857
0.004500 0.005603
0.004495 0.005462
0.004488 0.006058
0.004486 0.004946
0.004478 0.007509
0.004474 0.005319
0.004461 0.005917
0.004458 0.005002
0.004455 0.005692
0.004454 0.004504
0.004449 0.005909
0.004438 0.004949
0.004436 0.008333
0.004426 0.004913
0.004422 0.005951
0.004420 0.004565
0.004417 0.004575
0.004417 0.005208
0.004416 0.004682
0.004412 0.005313
0.004411 0.004982
0.004411 0.005344
0.004406 0.006978
0.004401 0.005841
0.004394 0.005451
0.004388 0.004446
0.004387 0.004535
0.004383 0.004835
0.004383 0.005637
0.004381 0.005520
0.004375 0.004431
0.004372 0.007350
0.004355 0.005506
0.004351 0.004440
0.004345 0.008031
0.004342 0.005864
0.004340 0.004512
0.004332 0.004821
0.004331 0.004449
0.004327 0.007733
0.004318 0.004359
0.004316 0.006267
0.004314 0.004714
0.004313 0.006964
0.004312 0.004412
0.004287 0.008554
0.004286 0.004578
0.004284 0.004620
0.004277 0.004694
0.004269 0.004685
0.004266 0.005327
0.004263 0.004370
0.004256 0.004416
0.004253 0.006322
0.004252 0.004917
0.004250 0.006037
0.004248 0.004884
0.004244 0.004854
0.004243 0.004405
0.004239 0.007111
0.004235 0.004465
0.004235 0.008007
0.004227 0.004803
0.004204 0.004883
0.004198 0.004564
0.004195 0.004560
0.004182 0.007446
0.004182 0.004235
0.004175 0.005098
0.004174 0.004985
0.004170 0.004588
0.004159 0.005377
0.004159 0.005731
0.004155 0.005083
0.004152 0.008614
0.004145 0.008175
0.004144 0.005713
0.004144 0.005019
0.004140 0.004607
0.004138 0.004805
0.004138 0.005002
0.004137 0.004392
0.004134 0.005259
0.004128 0.004892
0.004110 0.005376
0.004105 0.004755
0.004104 0.004540
0.004101 0.007246
0.004099 0.006867
0.004095 0.004484
0.004092 0.004096
0.004090 0.004450
0.004089 0.005818
0.004084 0.004121
0.004079 0.007426
0.004077 0.005905
0.004072 0.005079
0.004072 0.004419
0.004070 0.007994
0.004069 0.004101
0.004068 0.005923
0.004068 0.007005
0.004053 0.010458
0.004053 0.004632
0.004051 0.004504
0.004050 0.004213
0.004044 0.004217
0.004041 0.005064
0.004038 0.004162
0.004034 0.006193
0.004027 0.004556
0.004026 0.004233
0.004020 0.004704
0.004017 0.004529
0.004013 0.004152
0.004001 0.004679
0.003996 0.004373
0.003990 0.004770
0.003982 0.003995
0.003980 0.004694
0.003970 0.004857
0.003967 0.004065
0.003964 0.004125
0.003963 0.004999
0.003958 0.005858
0.003949 0.004103
0.003946 0.004291
0.003937 0.004038
0.003937 0.004812
0.003923 0.007021
0.003923 0.004148
0.003918 0.004520
0.003916 0.003921
0.003906 0.004362
0.003897 0.004913
0.003891 0.003918
0.003886 0.004055
0.003881 0.005432
0.003880 0.004430
0.003873 0.004281
0.003872 0.004000
0.003870 0.004330
0.003866 0.004218
0.003864 0.005185
0.003856 0.007151
0.003855 0.006013
0.003852 0.004196
0.003850 0.005045
0.003827 0.005651
0.003812 0.004685
0.003797 0.005469
0.003796 0.003928
0.003795 0.004145
0.003794 0.005838
0.003785 0.003980
0.003779 0.004158
0.003773 0.004806
0.003768 0.004266
0.003767 0.005144
0.003766 0.004897
0.003765 0.004824
0.003751 0.003996
0.003748 0.005460
0.003747 0.004339
0.003743 0.005715
0.003739 0.004746
0.003729 0.003877
0.003726 0.003831
0.003724 0.004010
0.003710 0.008016
0.003700 0.004558
0.003699 0.003774
0.003690 0.005115
0.003681 0.004713
0.003680 0.003788
0.003680 0.004116
0.003670 0.004832
0.003647 0.005046
0.003642 0.003874
0.003635 0.004176
0.003634 0.003764
0.003629 0.007280
0.003622 0.004014
0.003621 0.004782
0.003616 0.009130
0.003613 0.006598
0.003607 0.005342
0.003605 0.007117
0.003605 0.004496
0.003603 0.003619
0.003600 0.004200
0.003595 0.007612
0.003591 0.004715
0.003588 0.005455
0.003587 0.003803
0.003585 0.003637
0.003579 0.005189
0.003573 0.004536
0.003573 0.003750
0.003561 0.004492
0.003558 0.004133
0.003557 0.004301
0.003555 0.004024
0.003554 0.003713
0.003551 0.004080
0.003517 0.003996
0.003515 0.004472
0.003513 0.003725
0.003509 0.003589
0.003500 0.004015
0.003480 0.008470
0.003474 0.003733
0.003466 0.003983
0.003463 0.003557
0.003449 0.005150
0.003446 0.005259
0.003444 0.003477
0.003442 0.003454
0.003440 0.003672
0.003439 0.004548
0.003432 0.003845
0.003429 0.003475
0.003402 0.003980
0.003398 0.003588
0.003393 0.003792
0.003387 0.003565
0.003384 0.004006
0.003381 0.004110
0.003377 0.004497
0.003372 0.003794
0.003359 0.004454
0.003339 0.005406
0.003334 0.004559
0.003311 0.003446
0.003260 0.004739
0.003239 0.004078
0.003230 0.003253
0.003227 0.003645
0.003203 0.003225
0.003202 0.003333
0.003200 0.005787
0.003182 0.003351
0.003181 0.005372
0.003175 0.003675
0.003156 0.003175
0.003145 0.004181
0.003143 0.003728
0.003121 0.003881
0.003115 0.003326
0.003103 0.003121
0.003101 0.003697
0.003086 0.003270
0.003077 0.006400
0.003056 0.003157
0.003049 0.003165
0.003034 0.004254
0.003023 0.003170
0.003020 0.004668
0.003011 0.003070
0.003003 0.003234
0.003003 0.003245
0.002982 0.003461
0.002980 0.003448
0.002972 0.003351
0.002966 0.004024
0.002961 0.004238
0.002956 0.003065
0.002942 0.003065
0.002940 0.002996
0.002909 0.002915
0.002880 0.003373
0.002841 0.003466
0.002840 0.002935
0.002831 0.004260
0.002823 0.003158
0.002816 0.003088
0.002815 0.003784
0.002788 0.003031
0.002761 0.003487
0.002753 0.002784
0.002740 0.002899
0.002715 0.002788
0.002710 0.002764
0.002709 0.002877
0.002704 0.004556
0.002680 0.002810
0.002677 0.002895
0.002677 0.002941
0.002670 0.004041
0.002656 0.003683
0.002608 0.002757
0.002581 0.002590
0.002551 0.003901
0.002542 0.003418
0.002521 0.002828
0.002518 0.002802
0.002497 0.002700
0.002449 0.002857
0.002432 0.003638
0.002420 0.002772
0.002394 0.002797
0.002389 0.002460
0.002306 0.002345
0.002301 0.002317
0.002174 0.002200
0.002122 0.002317
0.002104 0.002137
0.002035 0.002080
0.001988 0.002641
0.001933 0.002126
0.001862 0.002175
0.001852 0.001958
0.001834 0.001910
0.001599 0.001888
0.001519 0.001565
0.001453 0.001489
0.001053 0.001097
