0.442664 0.452170
0.442616 0.452304
0.153020 0.153854
0.110392 0.175131
0.088532 0.097517
0.079593 0.088905
0.076228 0.103773
0.073527 0.078774
0.072127 0.077592
0.071175 0.079186
0.068232 0.068893
0.066157 0.101178
0.066045 0.075846
0.063160 0.079531
0.059145 0.066313
0.059065 0.061318
0.056284 0.059808
0.055226 0.056340
0.054113 0.063915
0.053073 0.068079
0.052289 0.052312
0.050253 0.050268
0.050248 0.072396
0.050134 0.051018
0.049010 0.050072
0.047064 0.047072
0.046728 0.056453
0.046113 0.047302
0.045564 0.051713
0.042859 0.051255
0.042643 0.043005
0.041465 0.047858
0.041073 0.056377
0.041032 0.041345
0.040888 0.051537
0.039037 0.043096
0.038952 0.045617
0.038805 0.039728
0.036985 0.048295
0.036709 0.037743
0.036531 0.037286
0.036357 0.037756
0.036310 0.042872
0.036169 0.036427
0.035961 0.039233
0.035492 0.051389
0.035357 0.040541
0.035148 0.036507
0.035089 0.036931
0.034997 0.045160
0.034619 0.038166
0.033937 0.035505
0.033922 0.049415
0.033736 0.036247
0.033316 0.034659
0.033314 0.049319
0.033215 0.039832
0.033151 0.034011
0.032855 0.035857
0.032710 0.033943
0.032582 0.039164
0.032386 0.032459
0.032285 0.040947
0.032254 0.060786
0.031738 0.033574
0.031600 0.034949
0.031434 0.035787
0.031298 0.036368
0.031281 0.034470
0.031186 0.031728
0.031121 0.037162
0.031027 0.032960
0.030994 0.031856
0.030954 0.033463
0.030884 0.032369
0.030805 0.030957
0.030710 0.034407
0.030654 0.030721
0.030650 0.031607
0.030626 0.031957
0.030610 0.031763
0.030587 0.040091
0.030538 0.031864
0.030427 0.032981
0.030418 0.034807
0.030417 0.032234
0.029884 0.032271
0.029824 0.030536
0.029822 0.047145
0.029694 0.036098
0.029694 0.034102
0.029653 0.040187
0.029636 0.031206
0.029579 0.033425
0.029531 0.030037
0.029522 0.032655
0.029301 0.031700
0.029093 0.030127
0.029093 0.033039
0.028994 0.032231
0.028979 0.033381
0.028637 0.031434
0.028511 0.034984
0.028343 0.030967
0.028324 0.030119
0.028205 0.031271
0.028070 0.034215
0.028022 0.032278
0.027951 0.030069
0.027936 0.036125
0.027891 0.030517
0.027662 0.029529
0.027582 0.033248
0.027535 0.035497
0.027415 0.035712
0.027340 0.028038
0.027336 0.027447
0.027311 0.028509
0.027290 0.031687
0.027174 0.028113
0.027053 0.030608
0.026933 0.033118
0.026918 0.028760
0.026832 0.031925
0.026717 0.027380
0.026641 0.027980
0.026491 0.027620
0.026331 0.027397
0.026313 0.026324
0.026253 0.042404
0.026221 0.037384
0.026118 0.031657
0.026087 0.036128
0.025960 0.039701
0.025845 0.036647
0.025741 0.026217
0.025695 0.029738
0.025693 0.043524
0.025691 0.033509
0.025635 0.026006
0.025423 0.026334
0.025302 0.028671
0.025208 0.033264
0.025182 0.025452
0.025171 0.034212
0.025164 0.031351
0.025005 0.026202
0.024997 0.029671
0.024788 0.027451
0.024755 0.025473
0.024707 0.040362
0.024702 0.025810
0.024664 0.025746
0.024632 0.029181
0.024602 0.028784
0.024555 0.026720
0.024380 0.035677
0.024364 0.027887
0.024334 0.026529
0.024309 0.036768
0.024235 0.024247
0.024193 0.024264
0.024179 0.027481
0.024158 0.027604
0.024122 0.027786
0.024100 0.025487
0.024049 0.026945
0.023977 0.025546
0.023971 0.026355
0.023902 0.026026
0.023705 0.027179
0.023686 0.034529
0.023654 0.028940
0.023569 0.027229
0.023562 0.025981
0.023519 0.025809
0.023449 0.035551
0.023394 0.023648
0.023299 0.030496
0.023204 0.024624
0.023141 0.029690
0.023135 0.025258
0.023120 0.037186
0.023114 0.030537
0.023111 0.040133
0.023067 0.023834
0.022956 0.028376
0.022886 0.027513
0.022826 0.025947
0.022661 0.037178
0.022652 0.038462
0.022614 0.033056
0.022601 0.023803
0.022515 0.023034
0.022506 0.026257
0.022462 0.024264
0.022454 0.030376
0.022445 0.025910
0.022442 0.030452
0.022419 0.023124
0.022379 0.029967
0.022302 0.027483
0.022277 0.023393
0.022188 0.023795
0.022188 0.028707
0.022140 0.029166
0.022128 0.029593
0.022116 0.024172
0.022112 0.025989
0.022080 0.024175
0.022047 0.022658
0.022027 0.023418
0.021999 0.033415
0.021963 0.024572
0.021958 0.024680
0.021890 0.022040
0.021888 0.024360
0.021843 0.026573
0.021840 0.023665
0.021838 0.027493
0.021821 0.024608
0.021793 0.026297
0.021769 0.024074
0.021749 0.029240
0.021748 0.029284
0.021744 0.023969
0.021721 0.026477
0.021719 0.025817
0.021648 0.026025
0.021611 0.022121
0.021603 0.027376
0.021548 0.023041
0.021533 0.021577
0.021520 0.021716
0.021501 0.021608
0.021485 0.025903
0.021431 0.030493
0.021428 0.035567
0.021383 0.021444
0.021321 0.031815
0.021259 0.025270
0.021222 0.021544
0.021166 0.021781
0.021067 0.035229
0.020982 0.020999
0.020975 0.021485
0.020907 0.026180
0.020820 0.024934
0.020795 0.031117
0.020791 0.030405
0.020729 0.026260
0.020711 0.020927
0.020699 0.020956
0.020689 0.026162
0.020679 0.024413
0.020664 0.020802
0.020664 0.042957
0.020580 0.022356
0.020568 0.021665
0.020567 0.023725
0.020549 0.025053
0.020525 0.024213
0.020506 0.023759
0.020484 0.026396
0.020482 0.025464
0.020461 0.022774
0.020451 0.022563
0.020435 0.024491
0.020408 0.024127
0.020397 0.021587
0.020368 0.021294
0.020342 0.021282
0.020324 0.026297
0.020290 0.020908
0.020271 0.029564
0.020257 0.021566
0.020226 0.026472
0.020220 0.029445
0.020183 0.039369
0.020159 0.021204
0.020151 0.021286
0.020150 0.021830
0.020146 0.024148
0.020137 0.032321
0.020134 0.021317
0.020126 0.025550
0.020085 0.022046
0.020083 0.022681
0.020075 0.030280
0.020058 0.024626
0.020037 0.020176
0.020002 0.040570
0.020000 0.020293
0.019986 0.026850
0.019962 0.025804
0.019948 0.028111
0.019937 0.030368
0.019927 0.034496
0.019925 0.027537
0.019881 0.020528
0.019871 0.022381
0.019863 0.021158
0.019857 0.022737
0.019856 0.020194
0.019856 0.019984
0.019804 0.021205
0.019790 0.022487
0.019771 0.025503
0.019769 0.020169
0.019765 0.029480
0.019736 0.021080
0.019702 0.034285
0.019657 0.025379
0.019650 0.027223
0.019621 0.024141
0.019591 0.020116
0.019571 0.027438
0.019539 0.021154
0.019491 0.020740
0.019481 0.021063
0.019473 0.032384
0.019470 0.027721
0.019463 0.019609
0.019461 0.020152
0.019449 0.020806
0.019432 0.020118
0.019391 0.020178
0.019389 0.034071
0.019377 0.023890
0.019351 0.027327
0.019319 0.021756
0.019299 0.019439
0.019293 0.020730
0.019242 0.020128
0.019211 0.020480
0.019199 0.026475
0.019180 0.039404
0.019163 0.020948
0.019138 0.022319
0.019130 0.028622
0.019124 0.020056
0.019108 0.025777
0.019105 0.019643
0.019078 0.020761
0.019034 0.020132
0.019008 0.031187
0.019001 0.029301
0.018999 0.034545
0.018974 0.020693
0.018968 0.022465
0.018958 0.022173
0.018948 0.023951
0.018930 0.025213
0.018919 0.020491
0.018916 0.029346
0.018889 0.019976
0.018835 0.024102
0.018816 0.026201
0.018775 0.020599
0.018750 0.024556
0.018742 0.020969
0.018717 0.025361
0.018684 0.024167
0.018669 0.023306
0.018652 0.029487
0.018651 0.023073
0.018640 0.022328
0.018583 0.023145
0.018580 0.025984
0.018534 0.019408
0.018517 0.022776
0.018516 0.018895
0.018496 0.019230
0.018492 0.027860
0.018465 0.021456
0.018464 0.018866
0.018461 0.023140
0.018456 0.019489
0.018445 0.020275
0.018421 0.020805
0.018393 0.020237
0.018393 0.018801
0.018372 0.019001
0.018368 0.020050
0.018332 0.018858
0.018323 0.030637
0.018301 0.020236
0.018301 0.018451
0.018298 0.020803
0.018226 0.025096
0.018218 0.020577
0.018218 0.018266
0.018214 0.018780
0.018173 0.020684
0.018160 0.019099
0.018143 0.018552
0.018139 0.024820
0.018127 0.019168
0.018114 0.039136
0.018112 0.024164
0.018105 0.019310
0.018072 0.019566
0.018049 0.018730
0.018026 0.033682
0.018018 0.022765
0.018012 0.024413
0.017983 0.018846
0.017968 0.018050
0.017942 0.027400
0.017917 0.019999
0.017909 0.018041
0.017902 0.019034
0.017900 0.021926
0.017852 0.019604
0.017832 0.025701
0.017816 0.028163
0.017793 0.025528
0.017787 0.018751
0.017754 0.024299
0.017747 0.027280
0.017711 0.018202
0.017697 0.018102
0.017696 0.017902
0.017671 0.026991
0.017662 0.025091
0.017651 0.022240
0.017648 0.023147
0.017621 0.018548
0.017608 0.020012
0.017606 0.017681
0.017606 0.018498
0.017596 0.031791
0.017584 0.018212
0.017556 0.018236
0.017549 0.020256
0.017534 0.019808
0.017525 0.023173
0.017524 0.018680
0.017518 0.026064
0.017516 0.020755
0.017513 0.018123
0.017489 0.022381
0.017488 0.023994
0.017469 0.025111
0.017463 0.017959
0.017458 0.019019
0.017444 0.021094
0.017430 0.018048
0.017429 0.020717
0.017424 0.028516
0.017400 0.019625
0.017384 0.021900
0.017379 0.017795
0.017372 0.019750
0.017371 0.020684
0.017366 0.017439
0.017334 0.020102
0.017318 0.020160
0.017317 0.030059
0.017290 0.020403
0.017270 0.022721
0.017269 0.022915
0.017254 0.022671
0.017224 0.024993
0.017200 0.018648
0.017199 0.023943
0.017193 0.022408
0.017167 0.021923
0.017163 0.019413
0.017158 0.017534
0.017157 0.018672
0.017131 0.020493
0.017129 0.022265
0.017116 0.018086
0.017112 0.021798
0.017088 0.018892
0.017078 0.021193
0.017062 0.035926
0.017047 0.027648
0.017032 0.017106
0.017002 0.021100
0.016998 0.022623
0.016992 0.017313
0.016976 0.020044
0.016919 0.027816
0.016899 0.020516
0.016895 0.020587
0.016889 0.023183
0.016886 0.019638
0.016883 0.020729
0.016882 0.039718
0.016869 0.021799
0.016857 0.018828
0.016834 0.017299
0.016798 0.036853
0.016789 0.017343
0.016780 0.024546
0.016768 0.023157
0.016742 0.018106
0.016740 0.016840
0.016740 0.031588
0.016722 0.017412
0.016719 0.023419
0.016704 0.021474
0.016700 0.017741
0.016678 0.017000
0.016677 0.018162
0.016670 0.020286
0.016660 0.017750
0.016647 0.016955
0.016633 0.018284
0.016618 0.020111
0.016612 0.018818
0.016589 0.026326
0.016563 0.019298
0.016529 0.020965
0.016519 0.016811
0.016515 0.018653
0.016486 0.018829
0.016476 0.018771
0.016473 0.017539
0.016472 0.018808
0.016464 0.019295
0.016458 0.019385
0.016455 0.016949
0.016453 0.019410
0.016444 0.020529
0.016436 0.025305
0.016434 0.018675
0.016403 0.021014
0.016395 0.019996
0.016387 0.017859
0.016383 0.016789
0.016383 0.021619
0.016367 0.035972
0.016351 0.017366
0.016346 0.018750
0.016333 0.020024
0.016314 0.018047
0.016314 0.027970
0.016310 0.023379
0.016303 0.019935
0.016278 0.019385
0.016273 0.017503
0.016231 0.017784
0.016230 0.016512
0.016229 0.038858
0.016210 0.016545
0.016205 0.018193
0.016173 0.022419
0.016168 0.016217
0.016166 0.019386
0.016147 0.018126
0.016145 0.024773
0.016144 0.020188
0.016135 0.016427
0.016133 0.019162
0.016132 0.023247
0.016117 0.019696
0.016103 0.019809
0.016090 0.020117
0.016088 0.017698
0.016073 0.017440
0.016042 0.022175
0.016032 0.021505
0.016014 0.017766
0.016012 0.016100
0.015993 0.018684
0.015977 0.019460
0.015974 0.016166
0.015973 0.016621
0.015963 0.019645
0.015961 0.015963
0.015959 0.018034
0.015934 0.016342
0.015931 0.022177
0.015923 0.017851
0.015921 0.028122
0.015910 0.021647
0.015904 0.031079
0.015891 0.019546
0.015882 0.020352
0.015882 0.016799
0.015853 0.016115
0.015845 0.018489
0.015833 0.016548
0.015832 0.019882
0.015826 0.016445
0.015825 0.017918
0.015822 0.016170
0.015819 0.016593
0.015814 0.026665
0.015805 0.016540
0.015793 0.016440
0.015792 0.019272
0.015789 0.031476
0.015784 0.023346
0.015783 0.017558
0.015762 0.025643
0.015749 0.023871
0.015736 0.021233
0.015732 0.016526
0.015728 0.021712
0.015728 0.018445
0.015716 0.018955
0.015713 0.016636
0.015698 0.020334
0.015697 0.016928
0.015688 0.020013
0.015687 0.017253
0.015675 0.020465
0.015674 0.017110
0.015672 0.016933
0.015649 0.019427
0.015649 0.017216
0.015647 0.018598
0.015641 0.018427
0.015636 0.021065
0.015635 0.016411
0.015620 0.028688
0.015614 0.021341
0.015610 0.018206
0.015599 0.019845
0.015595 0.018489
0.015595 0.022913
0.015590 0.017794
0.015588 0.028247
0.015586 0.016375
0.015580 0.016426
0.015571 0.018540
0.015565 0.017563
0.015563 0.017396
0.015557 0.022066
0.015553 0.017682
0.015541 0.021301
0.015536 0.018809
0.015523 0.019595
0.015511 0.016243
0.015504 0.015913
0.015502 0.015865
0.015498 0.020157
0.015492 0.032356
0.015486 0.017337
0.015485 0.019621
0.015483 0.016729
0.015473 0.017201
0.015466 0.016028
0.015463 0.016605
0.015458 0.019629
0.015446 0.021650
0.015441 0.032025
0.015415 0.018966
0.015401 0.017122
0.015382 0.030620
0.015368 0.015461
0.015344 0.024434
0.015342 0.015760
0.015338 0.017533
0.015330 0.018880
0.015328 0.020775
0.015328 0.028858
0.015314 0.015520
0.015294 0.020133
0.015272 0.015883
0.015267 0.024973
0.015237 0.015574
0.015236 0.018928
0.015230 0.017653
0.015198 0.016003
0.015179 0.023754
0.015166 0.018730
0.015139 0.022981
0.015125 0.023833
0.015104 0.020086
0.015102 0.017192
0.015102 0.019380
0.015100 0.015293
0.015089 0.015627
0.015079 0.018513
0.015075 0.034169
0.015073 0.017065
0.015054 0.020672
0.015042 0.015614
0.015029 0.016100
0.015028 0.018471
0.015017 0.017147
0.015011 0.015448
0.014993 0.015151
0.014987 0.015229
0.014983 0.018260
0.014978 0.017191
0.014974 0.024707
0.014967 0.015746
0.014965 0.015369
0.014962 0.014970
0.014961 0.015574
0.014922 0.023116
0.014900 0.017728
0.014900 0.024664
0.014891 0.020951
0.014891 0.018429
0.014866 0.016789
0.014842 0.015320
0.014832 0.016617
0.014805 0.020564
0.014797 0.015731
0.014795 0.015554
0.014790 0.015190
0.014767 0.016495
0.014747 0.015711
0.014736 0.025760
0.014735 0.016715
0.014720 0.016949
0.014720 0.016258
0.014705 0.035576
0.014697 0.015609
0.014696 0.017779
0.014695 0.020714
0.014688 0.015600
0.014670 0.014896
0.014669 0.022002
0.014664 0.017008
0.014664 0.022946
0.014660 0.030401
0.014652 0.015226
0.014638 0.021720
0.014637 0.015772
0.014621 0.017115
0.014596 0.015221
0.014590 0.014989
0.014582 0.015326
0.014582 0.018092
0.014579 0.021504
0.014569 0.017209
0.014560 0.014803
0.014553 0.016965
0.014541 0.023655
0.014535 0.018392
0.014517 0.018703
0.014514 0.015483
0.014497 0.014560
0.014483 0.019700
0.014475 0.015533
0.014472 0.014863
0.014458 0.015170
0.014456 0.015772
0.014453 0.019448
0.014450 0.015880
0.014450 0.016735
0.014447 0.018666
0.014432 0.017994
0.014432 0.022595
0.014421 0.018093
0.014414 0.014945
0.014408 0.014532
0.014389 0.016543
0.014387 0.017965
0.014385 0.016635
0.014358 0.015353
0.014351 0.023607
0.014350 0.017566
0.014348 0.017279
0.014346 0.016326
0.014331 0.015491
0.014322 0.017920
0.014316 0.018014
0.014316 0.015711
0.014309 0.015623
0.014305 0.015821
0.014305 0.014927
0.014300 0.014878
0.014288 0.024259
0.014286 0.016392
0.014271 0.019191
0.014263 0.017811
0.014263 0.014314
0.014235 0.014266
0.014227 0.018064
0.014222 0.020761
0.014222 0.015092
0.014215 0.020606
0.014214 0.016502
0.014212 0.020263
0.014210 0.014447
0.014184 0.015230
0.014180 0.017794
0.014164 0.019566
0.014141 0.018042
0.014125 0.018988
0.014115 0.026590
0.014104 0.014302
0.014095 0.019149
0.014081 0.030620
0.014078 0.018064
0.014063 0.020795
0.014050 0.018875
0.014046 0.015022
0.014043 0.029307
0.014021 0.017638
0.014010 0.024468
0.013988 0.014523
0.013988 0.016270
0.013985 0.014635
0.013957 0.014393
0.013930 0.014754
0.013921 0.017726
0.013904 0.019066
0.013901 0.014367
0.013898 0.021986
0.013876 0.014026
0.013868 0.015534
0.013847 0.016374
0.013843 0.018868
0.013841 0.015510
0.013841 0.014509
0.013837 0.014041
0.013837 0.021457
0.013836 0.015556
0.013833 0.016205
0.013823 0.015297
0.013822 0.021611
0.013814 0.014505
0.013809 0.017318
0.013796 0.015253
0.013778 0.023189
0.013775 0.014068
0.013764 0.014522
0.013751 0.014709
0.013749 0.014624
0.013739 0.015737
0.013730 0.015571
0.013730 0.016761
0.013722 0.014112
0.013715 0.016385
0.013711 0.017398
0.013702 0.022919
0.013699 0.014794
0.013696 0.019473
0.013692 0.014040
0.013684 0.017318
0.013668 0.013927
0.013667 0.013946
0.013643 0.025702
0.013641 0.015852
0.013634 0.024674
0.013616 0.014986
0.013603 0.015187
0.013602 0.021530
0.013600 0.014122
0.013595 0.015059
0.013591 0.014312
0.013587 0.016778
0.013577 0.017469
0.013575 0.016257
0.013575 0.014282
0.013569 0.021247
0.013561 0.015566
0.013540 0.016250
0.013534 0.014901
0.013525 0.014852
0.013525 0.013765
0.013517 0.013737
0.013517 0.017812
0.013513 0.018483
0.013509 0.015284
0.013506 0.014109
0.013504 0.016972
0.013500 0.014503
0.013470 0.020588
0.013463 0.030700
0.013460 0.015073
0.013443 0.016112
0.013440 0.016729
0.013437 0.016983
0.013432 0.018164
0.013425 0.020071
0.013413 0.014395
0.013408 0.014111
0.013406 0.024897
0.013405 0.017689
0.013400 0.015834
0.013391 0.013471
0.013391 0.016194
0.013383 0.020381
0.013382 0.016795
0.013376 0.018031
0.013371 0.019251
0.013368 0.014892
0.013365 0.017574
0.013352 0.014567
0.013339 0.016792
0.013333 0.013684
0.013328 0.021860
0.013319 0.015481
0.013318 0.017907
0.013314 0.016857
0.013307 0.020313
0.013304 0.016474
0.013303 0.026600
0.013292 0.014556
0.013283 0.020820
0.013282 0.015473
0.013277 0.015955
0.013257 0.022301
0.013250 0.016992
0.013240 0.017393
0.013232 0.014504
0.013225 0.013333
0.013217 0.024331
0.013214 0.024670
0.013214 0.013793
0.013208 0.020501
0.013206 0.016183
0.013205 0.013539
0.013194 0.016707
0.013184 0.014217
0.013183 0.013581
0.013180 0.017119
0.013169 0.021708
0.013167 0.018877
0.013158 0.016390
0.013150 0.013980
0.013146 0.013518
0.013142 0.014878
0.013133 0.013214
0.013128 0.015024
0.013122 0.018605
0.013122 0.014738
0.013109 0.018905
0.013094 0.018363
0.013075 0.024386
0.013074 0.020130
0.013063 0.013635
0.013062 0.025135
0.013045 0.013339
0.013040 0.015766
0.013029 0.019129
0.013028 0.013526
0.013021 0.018093
0.013018 0.015873
0.013014 0.013413
0.013009 0.013431
0.013009 0.013195
0.013007 0.014237
0.013007 0.013541
0.012994 0.013484
0.012990 0.017429
0.012983 0.013128
0.012980 0.020583
0.012968 0.014227
0.012967 0.014058
0.012966 0.017350
0.012945 0.016191
0.012941 0.013844
0.012941 0.013601
0.012936 0.017259
0.012933 0.020216
0.012931 0.016304
0.012913 0.014258
0.012912 0.013350
0.012905 0.024920
0.012904 0.014688
0.012899 0.014368
0.012889 0.013198
0.012873 0.017188
0.012844 0.013345
0.012828 0.017682
0.012818 0.013670
0.012818 0.021954
0.012793 0.020641
0.012790 0.022877
0.012789 0.013159
0.012787 0.021434
0.012785 0.014047
0.012772 0.013235
0.012772 0.016360
0.012765 0.014949
0.012757 0.019380
0.012757 0.018046
0.012751 0.019062
0.012749 0.016061
0.012743 0.013613
0.012738 0.012775
0.012734 0.016788
0.012733 0.022542
0.012733 0.013183
0.012729 0.014373
0.012728 0.012773
0.012726 0.012962
0.012726 0.013878
0.012706 0.015129
0.012704 0.023737
0.012701 0.015229
0.012699 0.023693
0.012681 0.019363
0.012677 0.013581
0.012674 0.017208
0.012649 0.012909
0.012647 0.023618
0.012644 0.016835
0.012643 0.013203
0.012632 0.014959
0.012632 0.013050
0.012631 0.013566
0.012625 0.013712
0.012623 0.016833
0.012614 0.013987
0.012612 0.014243
0.012606 0.013208
0.012605 0.013950
0.012600 0.017756
0.012599 0.018337
0.012596 0.012730
0.012596 0.022733
0.012595 0.015725
0.012593 0.017922
0.012588 0.015032
0.012587 0.018923
0.012582 0.013152
0.012567 0.013104
0.012563 0.015167
0.012559 0.013034
0.012556 0.013469
0.012553 0.014302
0.012552 0.022784
0.012552 0.016760
0.012541 0.013732
0.012541 0.017378
0.012527 0.014565
0.012525 0.018805
0.012514 0.016061
0.012500 0.013836
0.012497 0.019498
0.012496 0.015886
0.012489 0.015787
0.012472 0.015403
0.012471 0.019012
0.012471 0.022533
0.012470 0.013370
0.012464 0.012730
0.012463 0.013725
0.012450 0.013997
0.012432 0.023364
0.012417 0.014516
0.012402 0.022275
0.012395 0.016488
0.012393 0.015261
0.012383 0.024752
0.012378 0.016237
0.012367 0.014883
0.012365 0.014341
0.012360 0.014120
0.012358 0.016680
0.012337 0.012480
0.012329 0.015707
0.012327 0.012346
0.012325 0.013763
0.012314 0.021950
0.012307 0.012396
0.012300 0.013827
0.012299 0.015818
0.012295 0.017463
0.012288 0.016293
0.012270 0.024252
0.012246 0.012770
0.012244 0.019232
0.012218 0.022962
0.012218 0.013086
0.012210 0.016663
0.012207 0.012461
0.012198 0.019115
0.012182 0.015300
0.012173 0.013086
0.012173 0.015977
0.012171 0.020158
0.012170 0.013059
0.012168 0.017449
0.012166 0.018745
0.012159 0.021881
0.012155 0.012466
0.012154 0.012866
0.012150 0.019489
0.012149 0.021307
0.012133 0.013637
0.012123 0.012522
0.012123 0.016109
0.012120 0.013382
0.012118 0.018401
0.012111 0.015101
0.012107 0.024011
0.012093 0.012702
0.012084 0.013609
0.012084 0.012999
0.012081 0.017433
0.012073 0.026247
0.012072 0.013125
0.012062 0.015330
0.012059 0.017906
0.012038 0.014304
0.012029 0.020629
0.012025 0.012306
0.012015 0.016882
0.012012 0.013576
0.012009 0.014188
0.012001 0.013649
0.011992 0.013358
0.011991 0.012129
0.011986 0.012508
0.011978 0.013262
0.011973 0.012362
0.011972 0.015162
0.011967 0.013736
0.011965 0.012704
0.011965 0.015705
0.011961 0.013824
0.011958 0.014713
0.011952 0.012763
0.011944 0.021812
0.011942 0.012558
0.011936 0.013560
0.011936 0.012279
0.011933 0.012608
0.011925 0.012753
0.011903 0.012101
0.011901 0.014071
0.011878 0.012403
0.011841 0.014987
0.011830 0.012945
0.011827 0.014539
0.011825 0.012417
0.011821 0.016524
0.011819 0.017769
0.011809 0.013490
0.011806 0.013964
0.011805 0.016089
0.011798 0.027507
0.011789 0.015397
0.011779 0.013932
0.011777 0.012317
0.011775 0.013346
0.011769 0.012132
0.011763 0.013968
0.011762 0.012444
0.011758 0.011845
0.011749 0.012291
0.011745 0.014183
0.011728 0.012103
0.011726 0.012129
0.011725 0.014355
0.011716 0.024007
0.011714 0.013149
0.011712 0.014379
0.011694 0.012033
0.011689 0.014247
0.011689 0.012761
0.011686 0.011841
0.011683 0.012466
0.011673 0.014465
0.011661 0.018936
0.011653 0.014862
0.011646 0.012038
0.011639 0.015638
0.011625 0.017040
0.011624 0.013525
0.011615 0.012151
0.011614 0.014942
0.011611 0.017023
0.011607 0.014467
0.011606 0.022462
0.011606 0.016014
0.011595 0.015669
0.011586 0.015329
0.011583 0.016477
0.011580 0.015509
0.011564 0.014038
0.011560 0.017462
0.011550 0.011950
0.011543 0.012172
0.011535 0.016801
0.011522 0.012716
0.011517 0.012496
0.011511 0.011840
0.011511 0.011675
0.011507 0.024640
0.011503 0.012133
0.011501 0.024127
0.011498 0.012029
0.011496 0.012291
0.011486 0.015705
0.011471 0.012048
0.011468 0.011631
0.011465 0.011760
0.011457 0.012949
0.011439 0.011539
0.011428 0.015253
0.011427 0.011539
0.011421 0.013199
0.011405 0.018310
0.011399 0.012254
0.011396 0.013074
0.011390 0.018135
0.011390 0.019735
0.011390 0.011799
0.011389 0.017738
0.011387 0.011771
0.011384 0.015532
0.011384 0.014180
0.011375 0.021886
0.011375 0.011738
0.011371 0.012417
0.011343 0.014478
0.011342 0.012392
0.011335 0.011460
0.011325 0.012075
0.011322 0.012442
0.011317 0.022606
0.011315 0.011516
0.011313 0.012958
0.011312 0.011313
0.011312 0.012598
0.011310 0.011594
0.011310 0.017148
0.011306 0.011506
0.011304 0.012623
0.011299 0.020882
0.011294 0.013978
0.011284 0.014706
0.011280 0.014071
0.011277 0.011964
0.011275 0.019462
0.011272 0.012604
0.011271 0.012233
0.011261 0.012205
0.011257 0.015573
0.011255 0.022427
0.011243 0.012281
0.011229 0.012253
0.011218 0.012476
0.011210 0.011567
0.011203 0.028152
0.011190 0.014117
0.011182 0.017741
0.011175 0.018193
0.011174 0.019834
0.011166 0.013792
0.011164 0.017300
0.011163 0.020459
0.011162 0.013878
0.011159 0.012960
0.011155 0.013047
0.011151 0.015923
0.011150 0.012791
0.011148 0.014786
0.011144 0.012396
0.011140 0.017061
0.011139 0.015218
0.011130 0.012189
0.011130 0.012533
0.011111 0.015095
0.011111 0.011832
0.011099 0.015143
0.011092 0.014103
0.011084 0.016518
0.011071 0.011819
0.011063 0.012911
0.011063 0.016638
0.011061 0.012336
0.011059 0.012401
0.011052 0.013806
0.011048 0.011888
0.011045 0.013538
0.011044 0.015740
0.011032 0.015423
0.011031 0.011762
0.011030 0.026729
0.011030 0.019922
0.011022 0.013391
0.011012 0.013838
0.011009 0.012494
0.011003 0.016821
0.010986 0.013860
0.010984 0.013444
0.010983 0.012605
0.010981 0.011362
0.010977 0.020080
0.010969 0.012984
0.010958 0.011148
0.010952 0.011168
0.010950 0.012759
0.010948 0.013011
0.010940 0.011299
0.010919 0.018794
0.010912 0.015221
0.010902 0.011735
0.010900 0.015411
0.010897 0.016686
0.010882 0.012562
0.010875 0.015123
0.010870 0.013987
0.010862 0.012829
0.010832 0.012547
0.010832 0.010961
0.010831 0.011130
0.010830 0.014185
0.010824 0.011302
0.010817 0.014084
0.010803 0.013782
0.010800 0.013201
0.010787 0.013536
0.010787 0.011941
0.010781 0.015657
0.010779 0.010940
0.010769 0.018487
0.010754 0.022498
0.010753 0.010827
0.010753 0.016906
0.010748 0.011037
0.010746 0.011414
0.010746 0.019120
0.010716 0.011587
0.010711 0.012463
0.010711 0.016507
0.010710 0.011211
0.010709 0.012137
0.010697 0.012783
0.010681 0.010934
0.010680 0.010999
0.010679 0.010766
0.010677 0.013556
0.010670 0.011982
0.010669 0.012628
0.010667 0.015105
0.010666 0.012837
0.010652 0.012323
0.010650 0.011115
0.010639 0.010879
0.010625 0.011021
0.010621 0.010726
0.010613 0.011908
0.010597 0.011191
0.010591 0.011885
0.010589 0.014709
0.010587 0.010681
0.010582 0.015795
0.010581 0.010745
0.010573 0.014061
0.010563 0.011864
0.010556 0.016332
0.010553 0.011743
0.010544 0.015512
0.010542 0.013925
0.010539 0.011917
0.010532 0.012741
0.010530 0.019205
0.010529 0.013434
0.010526 0.012012
0.010518 0.013702
0.010512 0.014397
0.010506 0.011200
0.010501 0.012774
0.010499 0.011183
0.010492 0.011054
0.010491 0.010938
0.010488 0.010876
0.010481 0.011796
0.010476 0.013903
0.010474 0.012524
0.010466 0.015206
0.010465 0.011859
0.010462 0.012729
0.010447 0.014433
0.010438 0.013337
0.010437 0.010447
0.010429 0.016540
0.010427 0.016985
0.010426 0.012446
0.010406 0.011940
0.010405 0.011515
0.010402 0.010883
0.010402 0.010904
0.010386 0.013539
0.010383 0.013359
0.010380 0.011693
0.010379 0.017060
0.010378 0.012916
0.010366 0.013871
0.010361 0.012180
0.010354 0.013817
0.010351 0.014305
0.010350 0.010798
0.010349 0.012645
0.010346 0.013466
0.010345 0.010672
0.010341 0.012753
0.010338 0.010438
0.010328 0.012681
0.010328 0.013970
0.010326 0.016096
0.010312 0.013095
0.010306 0.010370
0.010296 0.011121
0.010294 0.010782
0.010287 0.012184
0.010287 0.012434
0.010286 0.011213
0.010284 0.018713
0.010282 0.010414
0.010280 0.014232
0.010280 0.012774
0.010277 0.012506
0.010264 0.024016
0.010259 0.011411
0.010258 0.014405
0.010255 0.020493
0.010246 0.010502
0.010244 0.012964
0.010234 0.013539
0.010233 0.014858
0.010230 0.013988
0.010222 0.012028
0.010222 0.011290
0.010217 0.026027
0.010215 0.010827
0.010209 0.013535
0.010207 0.010520
0.010204 0.012283
0.010197 0.016198
0.010196 0.014202
0.010194 0.010270
0.010191 0.011325
0.010186 0.016280
0.010184 0.011095
0.010176 0.012152
0.010175 0.011046
0.010171 0.010686
0.010151 0.018004
0.010147 0.011799
0.010131 0.010579
0.010122 0.010737
0.010122 0.021469
0.010114 0.011482
0.010109 0.010396
0.010109 0.017845
0.010104 0.011164
0.010102 0.011595
0.010100 0.013299
0.010097 0.011573
0.010092 0.010134
0.010087 0.010872
0.010081 0.013876
0.010078 0.018105
0.010067 0.010396
0.010058 0.010656
0.010058 0.010717
0.010058 0.016468
0.010047 0.011934
0.010044 0.012566
0.010038 0.012621
0.010025 0.011698
0.010024 0.010754
0.010017 0.015765
0.010008 0.010166
0.009988 0.011136
0.009984 0.011276
0.009983 0.010902
0.009975 0.011982
0.009970 0.014062
0.009959 0.012582
0.009957 0.015529
0.009955 0.012028
0.009951 0.010352
0.009951 0.010745
0.009949 0.015058
0.009949 0.010180
0.009942 0.012539
0.009940 0.013892
0.009937 0.010148
0.009932 0.010548
0.009930 0.010791
0.009929 0.012106
0.009924 0.010566
0.009921 0.010577
0.009918 0.010635
0.009907 0.010437
0.009898 0.010025
0.009897 0.011450
0.009896 0.012492
0.009895 0.011722
0.009895 0.010659
0.009894 0.012010
0.009894 0.010477
0.009894 0.010094
0.009890 0.012007
0.009888 0.011316
0.009887 0.011995
0.009875 0.012566
0.009858 0.010085
0.009850 0.014086
0.009847 0.010120
0.009844 0.011680
0.009840 0.011520
0.009837 0.011108
0.009831 0.010631
0.009826 0.009840
0.009825 0.010453
0.009821 0.012163
0.009817 0.012131
0.009812 0.017631
0.009805 0.019506
0.009800 0.009803
0.009798 0.013319
0.009796 0.012902
0.009794 0.009920
0.009791 0.011176
0.009783 0.009984
0.009780 0.010928
0.009780 0.011844
0.009776 0.010524
0.009772 0.010363
0.009766 0.013302
0.009760 0.009869
0.009756 0.010532
0.009741 0.010442
0.009740 0.019650
0.009725 0.017451
0.009712 0.010461
0.009709 0.010807
0.009706 0.011667
0.009705 0.010184
0.009703 0.012204
0.009702 0.009815
0.009681 0.014580
0.009679 0.013096
0.009672 0.013536
0.009668 0.009973
0.009668 0.023956
0.009662 0.009698
0.009658 0.013174
0.009655 0.018967
0.009645 0.010043
0.009642 0.010238
0.009640 0.010441
0.009639 0.012455
0.009637 0.009866
0.009632 0.015180
0.009629 0.009971
0.009624 0.010413
0.009618 0.009773
0.009617 0.010796
0.009599 0.010096
0.009588 0.010050
0.009578 0.012225
0.009576 0.012314
0.009563 0.012045
0.009563 0.016550
0.009561 0.009992
0.009559 0.011862
0.009559 0.012868
0.009554 0.009771
0.009545 0.012667
0.009544 0.013007
0.009539 0.011829
0.009537 0.013932
0.009537 0.010011
0.009536 0.011031
0.009535 0.019814
0.009530 0.010580
0.009529 0.011658
0.009526 0.014433
0.009523 0.011001
0.009518 0.011267
0.009506 0.010835
0.009493 0.010580
0.009491 0.011560
0.009490 0.017203
0.009483 0.016335
0.009479 0.013403
0.009477 0.014215
0.009472 0.010149
0.009470 0.010328
0.009466 0.010510
0.009459 0.012345
0.009458 0.010993
0.009458 0.013145
0.009441 0.012202
0.009441 0.013559
0.009427 0.017717
0.009423 0.012269
0.009419 0.011827
0.009417 0.014007
0.009414 0.010055
0.009405 0.010180
0.009399 0.009496
0.009398 0.011252
0.009398 0.012889
0.009396 0.011572
0.009381 0.010893
0.009376 0.010286
0.009376 0.009506
0.009360 0.012060
0.009355 0.010177
0.009350 0.012214
0.009349 0.009769
0.009349 0.010861
0.009340 0.009421
0.009338 0.010809
0.009332 0.015552
0.009331 0.013554
0.009327 0.012891
0.009322 0.012343
0.009322 0.012814
0.009320 0.010731
0.009315 0.009526
0.009311 0.010818
0.009300 0.012966
0.009286 0.011468
0.009283 0.010149
0.009282 0.012291
0.009265 0.010171
0.009260 0.012363
0.009259 0.009604
0.009258 0.010017
0.009258 0.010395
0.009256 0.010377
0.009255 0.014011
0.009251 0.011695
0.009244 0.009732
0.009237 0.009845
0.009233 0.012587
0.009232 0.009720
0.009231 0.009541
0.009228 0.009431
0.009224 0.024818
0.009218 0.011334
0.009216 0.012117
0.009213 0.009777
0.009207 0.011985
0.009206 0.018562
0.009203 0.009256
0.009203 0.014257
0.009195 0.012380
0.009171 0.014588
0.009171 0.019367
0.009169 0.013757
0.009165 0.009618
0.009165 0.010346
0.009161 0.010456
0.009149 0.010276
0.009141 0.014170
0.009138 0.010563
0.009136 0.009781
0.009116 0.009349
0.009110 0.011234
0.009110 0.009151
0.009108 0.011555
0.009105 0.009433
0.009098 0.013582
0.009096 0.011988
0.009092 0.010215
0.009092 0.009728
0.009089 0.010199
0.009084 0.009393
0.009082 0.012305
0.009074 0.012014
0.009072 0.009141
0.009072 0.018812
0.009071 0.009357
0.009070 0.011453
0.009069 0.009871
0.009065 0.009247
0.009056 0.013479
0.009049 0.012611
0.009046 0.009980
0.009040 0.011670
0.009035 0.009069
0.009029 0.015656
0.009015 0.012743
0.009014 0.009271
0.009009 0.009411
0.009004 0.010794
0.009004 0.013357
0.008998 0.009208
0.008982 0.009825
0.008977 0.009917
0.008969 0.012416
0.008965 0.009811
0.008964 0.018519
0.008959 0.015085
0.008952 0.009341
0.008941 0.009112
0.008939 0.010238
0.008937 0.008978
0.008935 0.013529
0.008933 0.012181
0.008927 0.010207
0.008926 0.017145
0.008924 0.012551
0.008923 0.013100
0.008919 0.009351
0.008919 0.009523
0.008913 0.009291
0.008912 0.011598
0.008910 0.014909
0.008906 0.014700
0.008905 0.010091
0.008897 0.009700
0.008894 0.009825
0.008882 0.009623
0.008868 0.011142
0.008856 0.009598
0.008855 0.009390
0.008855 0.009158
0.008853 0.008968
0.008852 0.019620
0.008849 0.009472
0.008845 0.013877
0.008841 0.010437
0.008837 0.009388
0.008832 0.009958
0.008830 0.012195
0.008828 0.010596
0.008824 0.010814
0.008822 0.010085
0.008820 0.011522
0.008820 0.012246
0.008814 0.012915
0.008813 0.009592
0.008807 0.009589
0.008806 0.010576
0.008804 0.009597
0.008803 0.009822
0.008799 0.010810
0.008795 0.009810
0.008794 0.008962
0.008787 0.010826
0.008785 0.011236
0.008777 0.009365
0.008773 0.010672
0.008766 0.009519
0.008763 0.010314
0.008762 0.009334
0.008749 0.008853
0.008739 0.008827
0.008738 0.009071
0.008731 0.008913
0.008731 0.011161
0.008730 0.011816
0.008729 0.008817
0.008726 0.014770
0.008725 0.009712
0.008717 0.016645
0.008703 0.010597
0.008698 0.009906
0.008693 0.013631
0.008689 0.009375
0.008687 0.016334
0.008686 0.009667
0.008682 0.010365
0.008681 0.008694
0.008676 0.009987
0.008674 0.009539
0.008653 0.009336
0.008653 0.009753
0.008652 0.010813
0.008646 0.012643
0.008645 0.011177
0.008641 0.008944
0.008639 0.009258
0.008638 0.015239
0.008637 0.008888
0.008637 0.016505
0.008626 0.008712
0.008615 0.012921
0.008610 0.009025
0.008609 0.010095
0.008608 0.011138
0.008602 0.010188
0.008599 0.013340
0.008591 0.008691
0.008589 0.008772
0.008588 0.009020
0.008588 0.016805
0.008581 0.009836
0.008580 0.009659
0.008573 0.008718
0.008570 0.011563
0.008569 0.009729
0.008569 0.009618
0.008564 0.009850
0.008563 0.013930
0.008563 0.014730
0.008562 0.009749
0.008560 0.011276
0.008549 0.009215
0.008549 0.011368
0.008543 0.009316
0.008535 0.021451
0.008535 0.012007
0.008535 0.009211
0.008533 0.013294
0.008526 0.008904
0.008526 0.009380
0.008525 0.015651
0.008519 0.009720
0.008514 0.009669
0.008510 0.009318
0.008504 0.009586
0.008504 0.010553
0.008502 0.014195
0.008501 0.012754
0.008499 0.009518
0.008487 0.012821
0.008487 0.009379
0.008485 0.015817
0.008475 0.008633
0.008469 0.009142
0.008463 0.009841
0.008447 0.008615
0.008444 0.008672
0.008441 0.010615
0.008437 0.011047
0.008430 0.013524
0.008424 0.017366
0.008423 0.008515
0.008412 0.010127
0.008404 0.013133
0.008400 0.009518
0.008391 0.009151
0.008376 0.021883
0.008371 0.011149
0.008368 0.008644
0.008352 0.008383
0.008346 0.012549
0.008339 0.009632
0.008332 0.008607
0.008332 0.011097
0.008330 0.009330
0.008318 0.011890
0.008317 0.008818
0.008314 0.008737
0.008310 0.008626
0.008307 0.008337
0.008303 0.010424
0.008295 0.008536
0.008295 0.012166
0.008283 0.008459
0.008282 0.008447
0.008278 0.008703
0.008273 0.010657
0.008272 0.014964
0.008263 0.016509
0.008261 0.009740
0.008256 0.009615
0.008252 0.011505
0.008251 0.008615
0.008247 0.010156
0.008247 0.012909
0.008229 0.009292
0.008221 0.011504
0.008216 0.009035
0.008214 0.008445
0.008213 0.008813
0.008208 0.012910
0.008207 0.010166
0.008204 0.008509
0.008196 0.017457
0.008188 0.008566
0.008163 0.009155
0.008163 0.009441
0.008161 0.010108
0.008159 0.011881
0.008150 0.008692
0.008149 0.008485
0.008147 0.008775
0.008145 0.008454
0.008139 0.009929
0.008120 0.012855
0.008120 0.011021
0.008112 0.010299
0.008106 0.008273
0.008095 0.011056
0.008093 0.009033
0.008088 0.008183
0.008086 0.008685
0.008086 0.008984
0.008079 0.012996
0.008075 0.012542
0.008073 0.008573
0.008071 0.010396
0.008067 0.010709
0.008063 0.019984
0.008061 0.008457
0.008061 0.008132
0.008060 0.016500
0.008054 0.011633
0.008043 0.008691
0.008012 0.008382
0.008012 0.009424
0.008009 0.010076
0.008004 0.008682
0.008004 0.009941
0.007992 0.008529
0.007984 0.008296
0.007975 0.009220
0.007974 0.008104
0.007973 0.011486
0.007963 0.010865
0.007960 0.008621
0.007958 0.009833
0.007955 0.009185
0.007950 0.010874
0.007948 0.008072
0.007947 0.008834
0.007943 0.008669
0.007941 0.012977
0.007938 0.008672
0.007922 0.009452
0.007921 0.009729
0.007918 0.014958
0.007918 0.013943
0.007917 0.014788
0.007909 0.014901
0.007909 0.013262
0.007895 0.013648
0.007892 0.008532
0.007891 0.008719
0.007889 0.011769
0.007884 0.011612
0.007884 0.013140
0.007881 0.014732
0.007878 0.010658
0.007877 0.008042
0.007876 0.010062
0.007872 0.008598
0.007862 0.009078
0.007861 0.008606
0.007843 0.013638
0.007839 0.007960
0.007832 0.008124
0.007832 0.010392
0.007827 0.010352
0.007824 0.012814
0.007781 0.008932
0.007779 0.009076
0.007773 0.008778
0.007767 0.008909
0.007758 0.012312
0.007756 0.008736
0.007748 0.008882
0.007747 0.017341
0.007740 0.009921
0.007739 0.012886
0.007729 0.008908
0.007728 0.009538
0.007723 0.008057
0.007717 0.007821
0.007717 0.014074
0.007713 0.007899
0.007713 0.009213
0.007711 0.010628
0.007711 0.007770
0.007708 0.012755
0.007708 0.008601
0.007702 0.014664
0.007702 0.008146
0.007692 0.007707
0.007686 0.009389
0.007683 0.008750
0.007682 0.010908
0.007663 0.010917
0.007661 0.011289
0.007654 0.009728
0.007648 0.007882
0.007643 0.007645
0.007640 0.008298
0.007632 0.008730
0.007630 0.008285
0.007627 0.010511
0.007626 0.010260
0.007625 0.008668
0.007620 0.016019
0.007618 0.007780
0.007615 0.009972
0.007613 0.011928
0.007612 0.007984
0.007612 0.007632
0.007606 0.009545
0.007601 0.011833
0.007597 0.008612
0.007589 0.008691
0.007586 0.009430
0.007581 0.007622
0.007565 0.007678
0.007559 0.011686
0.007559 0.007879
0.007558 0.008675
0.007540 0.013635
0.007540 0.013828
0.007539 0.008499
0.007537 0.009197
0.007535 0.007921
0.007524 0.009498
0.007518 0.008765
0.007509 0.011428
0.007507 0.008311
0.007500 0.011855
0.007498 0.009821
0.007493 0.013954
0.007485 0.014314
0.007484 0.011263
0.007482 0.008252
0.007480 0.007759
0.007479 0.008867
0.007474 0.011250
0.007470 0.009896
0.007470 0.008946
0.007461 0.008518
0.007459 0.008856
0.007458 0.007656
0.007453 0.007664
0.007433 0.008492
0.007432 0.010032
0.007432 0.007518
0.007432 0.010205
0.007428 0.007794
0.007425 0.009013
0.007423 0.013977
0.007421 0.007670
0.007416 0.009605
0.007398 0.007555
0.007390 0.011822
0.007378 0.008654
0.007377 0.007489
0.007372 0.014198
0.007371 0.007550
0.007368 0.012116
0.007367 0.007601
0.007349 0.012242
0.007334 0.007690
0.007334 0.007465
0.007327 0.014363
0.007326 0.007785
0.007325 0.007461
0.007319 0.008160
0.007311 0.008950
0.007309 0.008063
0.007308 0.013999
0.007307 0.008101
0.007303 0.011081
0.007301 0.008995
0.007300 0.010473
0.007300 0.008384
0.007296 0.008434
0.007284 0.007859
0.007281 0.013979
0.007278 0.010884
0.007275 0.009006
0.007260 0.007402
0.007259 0.009874
0.007259 0.008682
0.007253 0.008401
0.007250 0.008386
0.007247 0.009753
0.007243 0.008233
0.007242 0.008313
0.007205 0.009026
0.007201 0.010942
0.007200 0.008576
0.007200 0.009326
0.007197 0.009176
0.007190 0.007303
0.007183 0.007326
0.007182 0.007372
0.007180 0.010997
0.007179 0.009551
0.007178 0.007465
0.007177 0.008466
0.007170 0.007220
0.007168 0.008220
0.007149 0.011734
0.007146 0.007351
0.007144 0.007426
0.007140 0.011287
0.007138 0.007768
0.007122 0.008313
0.007113 0.009126
0.007102 0.009328
0.007100 0.010960
0.007096 0.007573
0.007095 0.011835
0.007095 0.009465
0.007094 0.008753
0.007094 0.007854
0.007091 0.007227
0.007089 0.017378
0.007084 0.007180
0.007084 0.008035
0.007078 0.008307
0.007077 0.007970
0.007071 0.011439
0.007065 0.011534
0.007064 0.009794
0.007054 0.008366
0.007045 0.007089
0.007039 0.008957
0.007038 0.009058
0.007037 0.008109
0.007033 0.007394
0.007032 0.007174
0.007030 0.007326
0.007029 0.009426
0.007023 0.007374
0.007023 0.007705
0.007018 0.008616
0.007012 0.009594
0.007006 0.007492
0.007005 0.008628
0.007005 0.012426
0.007004 0.008090
0.006997 0.010150
0.006994 0.008922
0.006988 0.008396
0.006987 0.008904
0.006983 0.010950
0.006971 0.010422
0.006969 0.007114
0.006960 0.008036
0.006957 0.012330
0.006953 0.007779
0.006952 0.007668
0.006951 0.009642
0.006950 0.007248
0.006949 0.008215
0.006946 0.007574
0.006943 0.014018
0.006943 0.007194
0.006942 0.007049
0.006941 0.010715
0.006927 0.008590
0.006926 0.009973
0.006918 0.015394
0.006910 0.010212
0.006909 0.009718
0.006908 0.010284
0.006906 0.012841
0.006902 0.008967
0.006900 0.007036
0.006894 0.009465
0.006885 0.007372
0.006885 0.007544
0.006881 0.014518
0.006881 0.007900
0.006873 0.009584
0.006872 0.007278
0.006871 0.007764
0.006870 0.007440
0.006869 0.007186
0.006868 0.010549
0.006866 0.008210
0.006863 0.009264
0.006863 0.013534
0.006860 0.008504
0.006852 0.010814
0.006848 0.015155
0.006847 0.011589
0.006835 0.007789
0.006835 0.007119
0.006833 0.014983
0.006829 0.007657
0.006819 0.006923
0.006817 0.009394
0.006817 0.007942
0.006814 0.007761
0.006812 0.007352
0.006809 0.013557
0.006796 0.006926
0.006795 0.007879
0.006793 0.007400
0.006790 0.007969
0.006788 0.009085
0.006780 0.007885
0.006766 0.008736
0.006760 0.006915
0.006757 0.007354
0.006756 0.007347
0.006753 0.007089
0.006744 0.007560
0.006744 0.008764
0.006742 0.009731
0.006740 0.007723
0.006734 0.007306
0.006731 0.006737
0.006728 0.006861
0.006721 0.008304
0.006700 0.008088
0.006694 0.009739
0.006685 0.010964
0.006683 0.006795
0.006682 0.009043
0.006681 0.006826
0.006678 0.006857
0.006675 0.008532
0.006674 0.006736
0.006669 0.007746
0.006654 0.007210
0.006648 0.009160
0.006640 0.010447
0.006637 0.009338
0.006630 0.007623
0.006625 0.006825
0.006616 0.008468
0.006616 0.006834
0.006614 0.008604
0.006612 0.007151
0.006606 0.010686
0.006598 0.006802
0.006592 0.008032
0.006584 0.008082
0.006574 0.012844
0.006572 0.007852
0.006568 0.009013
0.006564 0.007572
0.006563 0.007047
0.006561 0.007060
0.006555 0.006673
0.006547 0.009097
0.006544 0.011024
0.006544 0.014100
0.006534 0.008118
0.006520 0.006697
0.006509 0.006665
0.006502 0.006817
0.006493 0.012039
0.006490 0.007077
0.006488 0.007661
0.006480 0.006708
0.006476 0.007132
0.006464 0.007480
0.006463 0.015134
0.006462 0.010039
0.006461 0.010215
0.006458 0.010532
0.006457 0.007055
0.006456 0.007169
0.006456 0.009618
0.006446 0.008686
0.006437 0.007421
0.006432 0.018171
0.006428 0.009148
0.006427 0.010988
0.006417 0.007038
0.006417 0.009886
0.006415 0.009405
0.006411 0.007406
0.006411 0.006605
0.006402 0.008396
0.006399 0.006596
0.006396 0.009341
0.006391 0.007272
0.006379 0.009719
0.006371 0.010479
0.006370 0.007584
0.006368 0.006422
0.006359 0.011431
0.006348 0.010956
0.006348 0.007353
0.006344 0.006994
0.006335 0.008745
0.006333 0.006615
0.006329 0.011308
0.006325 0.009465
0.006325 0.006621
0.006323 0.007155
0.006320 0.006885
0.006319 0.006970
0.006319 0.006831
0.006311 0.008008
0.006308 0.007209
0.006303 0.007019
0.006296 0.007236
0.006296 0.007195
0.006292 0.006799
0.006290 0.008744
0.006285 0.007178
0.006283 0.006474
0.006274 0.010764
0.006272 0.010594
0.006269 0.007377
0.006268 0.006966
0.006267 0.008922
0.006265 0.009031
0.006261 0.006650
0.006260 0.007370
0.006254 0.006473
0.006239 0.007906
0.006239 0.010283
0.006238 0.007576
0.006231 0.007330
0.006221 0.008558
0.006216 0.006974
0.006210 0.007954
0.006207 0.015306
0.006203 0.007374
0.006202 0.008427
0.006198 0.006458
0.006197 0.006530
0.006188 0.007882
0.006185 0.007313
0.006182 0.006822
0.006177 0.008164
0.006176 0.007406
0.006175 0.008251
0.006171 0.007825
0.006170 0.008406
0.006168 0.006644
0.006152 0.010881
0.006151 0.006345
0.006148 0.006261
0.006145 0.009741
0.006145 0.006314
0.006137 0.008625
0.006135 0.006976
0.006131 0.009292
0.006130 0.006343
0.006129 0.006264
0.006124 0.006417
0.006119 0.009118
0.006106 0.006766
0.006099 0.008857
0.006097 0.008477
0.006094 0.007836
0.006087 0.008682
0.006087 0.006742
0.006077 0.006185
0.006073 0.006653
0.006066 0.006299
0.006063 0.006915
0.006063 0.006917
0.006055 0.008451
0.006053 0.007787
0.006031 0.006679
0.006019 0.006262
0.006009 0.015221
0.006002 0.007587
0.006001 0.007105
0.006001 0.006906
0.005999 0.006818
0.005997 0.006507
0.005995 0.007615
0.005989 0.006636
0.005986 0.016685
0.005982 0.006448
0.005982 0.006942
0.005978 0.007984
0.005966 0.009434
0.005956 0.007295
0.005951 0.006598
0.005950 0.007946
0.005950 0.011508
0.005946 0.006086
0.005944 0.007162
0.005943 0.006888
0.005940 0.006382
0.005935 0.010551
0.005933 0.010235
0.005931 0.006459
0.005927 0.008037
0.005917 0.010236
0.005907 0.006818
0.005906 0.007675
0.005903 0.008047
0.005901 0.006325
0.005899 0.006877
0.005896 0.008425
0.005888 0.005981
0.005874 0.008534
0.005873 0.005912
0.005870 0.006386
0.005855 0.007908
0.005853 0.008086
0.005849 0.007811
0.005847 0.007444
0.005842 0.006942
0.005841 0.006216
0.005836 0.008264
0.005830 0.008393
0.005821 0.010637
0.005819 0.005951
0.005813 0.006110
0.005813 0.009256
0.005804 0.005875
0.005803 0.006078
0.005795 0.006455
0.005793 0.005931
0.005790 0.007883
0.005787 0.005816
0.005777 0.006794
0.005774 0.005799
0.005752 0.009258
0.005752 0.007201
0.005751 0.007633
0.005748 0.007784
0.005736 0.005912
0.005733 0.007871
0.005728 0.006611
0.005724 0.006818
0.005719 0.010974
0.005717 0.012890
0.005713 0.005864
0.005708 0.005978
0.005707 0.005900
0.005688 0.014544
0.005672 0.007616
0.005668 0.005740
0.005661 0.007059
0.005659 0.008959
0.005645 0.006884
0.005641 0.009779
0.005640 0.006656
0.005638 0.008421
0.005629 0.006187
0.005623 0.007988
0.005616 0.006636
0.005615 0.006625
0.005601 0.006281
0.005599 0.007564
0.005593 0.008289
0.005577 0.006118
0.005574 0.005582
0.005567 0.005953
0.005559 0.005694
0.005556 0.005780
0.005550 0.005567
0.005549 0.005878
0.005529 0.006455
0.005526 0.006007
0.005524 0.005614
0.005519 0.009059
0.005519 0.006194
0.005511 0.007231
0.005497 0.010728
0.005491 0.005567
0.005488 0.005646
0.005486 0.006300
0.005478 0.005894
0.005467 0.008607
0.005465 0.005644
0.005463 0.008098
0.005463 0.005803
0.005463 0.005535
0.005462 0.006745
0.005457 0.005821
0.005456 0.005998
0.005447 0.005617
0.005432 0.006321
0.005429 0.006123
0.005429 0.006520
0.005428 0.007667
0.005428 0.005826
0.005417 0.006539
0.005415 0.005537
0.005402 0.005850
0.005396 0.005587
0.005394 0.005777
0.005389 0.005954
0.005345 0.006478
0.005313 0.005816
0.005313 0.005362
0.005297 0.005374
0.005295 0.005341
0.005288 0.006106
0.005261 0.006131
0.005260 0.005333
0.005250 0.006065
0.005244 0.005838
0.005224 0.005692
0.005222 0.006013
0.005221 0.006420
0.005208 0.006916
0.005206 0.005443
0.005204 0.005963
0.005198 0.005700
0.005194 0.005346
0.005189 0.005428
0.005175 0.005315
0.005166 0.006152
0.005162 0.005501
0.005158 0.006583
0.005152 0.005276
0.005144 0.010715
0.005134 0.005452
0.005128 0.007007
0.005126 0.006022
0.005122 0.005648
0.005100 0.006424
0.005097 0.005572
0.005092 0.009180
0.005089 0.006445
0.005082 0.005569
0.005071 0.005181
0.005068 0.008041
0.005064 0.005750
0.005062 0.007150
0.005051 0.005065
0.005049 0.006209
0.005035 0.005235
0.005029 0.007570
0.005028 0.005321
0.005027 0.006155
0.005020 0.005443
0.005001 0.005010
0.005001 0.005026
0.004991 0.005912
0.004981 0.007200
0.004979 0.005425
0.004971 0.005057
0.004958 0.008223
0.004956 0.005505
0.004930 0.005283
0.004928 0.004967
0.004920 0.005704
0.004912 0.004971
0.004895 0.006254
0.004881 0.004986
0.004863 0.005543
0.004862 0.006565
0.004860 0.007138
0.004841 0.005354
0.004819 0.005279
0.004799 0.008936
0.004789 0.005403
0.004786 0.005386
0.004783 0.006324
0.004772 0.005386
0.004728 0.004814
0.004710 0.007579
0.004703 0.005038
0.004688 0.008019
0.004682 0.004698
0.004649 0.004960
0.004642 0.004879
0.004638 0.004967
0.004625 0.005031
0.004620 0.005193
0.004611 0.005504
0.004605 0.006080
0.004579 0.005669
0.004576 0.005411
0.004551 0.005576
0.004531 0.005193
0.004522 0.005477
0.004426 0.004843
0.004407 0.005511
0.004407 0.004455
0.004395 0.004505
0.004364 0.004845
0.004356 0.004793
0.004353 0.004517
0.004331 0.004600
0.004303 0.004747
0.004285 0.004828
0.004270 0.004321
0.004254 0.004811
0.004212 0.005823
0.004210 0.005479
0.004178 0.005339
0.004160 0.004182
0.004142 0.004167
0.004138 0.004565
0.004132 0.004187
0.004125 0.004131
0.004124 0.004657
0.004114 0.006026
0.004092 0.005597
0.004053 0.005076
0.004017 0.004219
0.003997 0.004302
0.003991 0.005095
0.003964 0.004514
0.003961 0.004191
0.003908 0.004718
0.003844 0.003864
0.003844 0.005230
0.003821 0.004122
0.003817 0.005117
0.003779 0.004852
0.003769 0.005702
0.003686 0.003865
0.003652 0.003824
0.003613 0.003831
0.003596 0.003711
0.003591 0.004063
0.003588 0.004229
0.003586 0.003624
0.003500 0.003561
0.003347 0.003507
0.003307 0.003564
0.003276 0.003282
0.003170 0.003268
0.003113 0.003253
0.002955 0.003464
0.002534 0.003159
0.002511 0.002835
0.002468 0.003057
0.002008 0.002106
0.001768 0.001776
0.001653 0.001810
0.001401 0.001482
