0.470477 0.471442
0.103475 0.109255
0.096917 0.101429
0.090736 0.101641
0.086276 0.087275
0.085739 0.117569
0.083010 0.083465
0.077510 0.078535
0.075641 0.088009
0.075148 0.075415
0.075001 0.078027
0.069273 0.081359
0.068366 0.083189
0.067110 0.086406
0.065378 0.085108
0.065023 0.095158
0.062825 0.063114
0.061777 0.102981
0.061458 0.080859
0.059767 0.064479
0.059511 0.061759
0.058509 0.086102
0.056926 0.061322
0.055353 0.058637
0.055119 0.071698
0.054673 0.058330
0.054031 0.069249
0.051650 0.052683
0.050391 0.051613
0.050171 0.087531
0.049058 0.060845
0.048324 0.049595
0.047889 0.056266
0.047554 0.054463
0.047523 0.086242
0.046482 0.057571
0.046425 0.046847
0.044222 0.046048
0.044123 0.048421
0.043556 0.048776
0.042602 0.051053
0.042498 0.043374
0.042355 0.048091
0.042337 0.044282
0.042160 0.053529
0.042029 0.054892
0.042002 0.073556
0.041606 0.042970
0.041225 0.044023
0.041022 0.041210
0.040982 0.057687
0.040511 0.051014
0.039225 0.051830
0.039217 0.040623
0.039214 0.051991
0.039184 0.041234
0.039000 0.055925
0.038746 0.055776
0.038521 0.039884
0.038138 0.043284
0.038054 0.048417
0.038017 0.079808
0.037920 0.038915
0.037393 0.046590
0.037388 0.041305
0.036232 0.045708
0.036020 0.036435
0.035955 0.036654
0.034931 0.039721
0.034813 0.044157
0.034608 0.036462
0.034306 0.040405
0.033255 0.037043
0.033171 0.036595
0.032858 0.057035
0.032477 0.036343
0.032209 0.037962
0.032062 0.032250
0.031941 0.033755
0.031902 0.045990
0.031839 0.033976
0.031799 0.038251
0.031748 0.040503
0.031615 0.038270
0.031429 0.040027
0.030998 0.038449
0.030906 0.036741
0.030657 0.045552
0.030644 0.045667
0.030632 0.031604
0.030625 0.046319
0.030577 0.056614
0.030497 0.036432
0.030490 0.040946
0.030478 0.031901
0.030411 0.034155
0.030375 0.030448
0.030346 0.034401
0.030095 0.042891
0.030070 0.030563
0.030037 0.036522
0.030020 0.054364
0.029925 0.030916
0.029877 0.045171
0.029418 0.030180
0.029366 0.044931
0.029237 0.033601
0.029194 0.047156
0.029161 0.029523
0.028935 0.032573
0.028887 0.030120
0.028832 0.030117
0.028786 0.031411
0.028750 0.036066
0.028721 0.029269
0.028666 0.028979
0.028571 0.031951
0.028417 0.034198
0.028181 0.028871
0.028110 0.029200
0.027809 0.027868
0.027492 0.032423
0.027404 0.029483
0.027349 0.029262
0.027233 0.027393
0.027191 0.032313
0.027154 0.038258
0.026998 0.027483
0.026959 0.030968
0.026943 0.028875
0.026823 0.027096
0.026718 0.029559
0.026525 0.035680
0.026454 0.041446
0.026435 0.034826
0.026385 0.032544
0.026316 0.029320
0.025889 0.026217
0.025847 0.036282
0.025662 0.026092
0.025607 0.032426
0.025415 0.026255
0.025398 0.027215
0.025339 0.026839
0.025271 0.025327
0.025260 0.027945
0.025213 0.027593
0.025198 0.029998
0.025164 0.025789
0.025159 0.030470
0.025084 0.040431
0.025069 0.028436
0.025042 0.029985
0.025035 0.025827
0.024884 0.025708
0.024832 0.025761
0.024787 0.027416
0.024718 0.024834
0.024664 0.025468
0.024625 0.027514
0.024617 0.030622
0.024589 0.033995
0.024423 0.032540
0.024370 0.024808
0.024311 0.027937
0.024304 0.024453
0.024293 0.032746
0.024254 0.028025
0.024215 0.030394
0.024178 0.024606
0.024145 0.025752
0.024124 0.027999
0.023837 0.023859
0.023829 0.024594
0.023823 0.027189
0.023741 0.026215
0.023584 0.028278
0.023541 0.033072
0.023368 0.023643
0.023344 0.025980
0.023333 0.038796
0.023329 0.024519
0.023260 0.024069
0.023219 0.024989
0.023113 0.024155
0.023107 0.023499
0.023034 0.024594
0.023032 0.029772
0.023027 0.023812
0.022994 0.023008
0.022961 0.024625
0.022899 0.024627
0.022864 0.027009
0.022829 0.032070
0.022828 0.024171
0.022785 0.032625
0.022753 0.024891
0.022671 0.026538
0.022542 0.029892
0.022530 0.025016
0.022484 0.026862
0.022412 0.022919
0.022284 0.026842
0.022222 0.025979
0.022213 0.030531
0.022202 0.022866
0.022181 0.036807
0.022153 0.022731
0.022119 0.024217
0.022092 0.023184
0.022075 0.030057
0.022074 0.024670
0.022053 0.022989
0.022018 0.022960
0.021999 0.023366
0.021986 0.023396
0.021964 0.022824
0.021949 0.027311
0.021887 0.030119
0.021886 0.023637
0.021845 0.021959
0.021843 0.029475
0.021796 0.028510
0.021790 0.022462
0.021771 0.024595
0.021764 0.047372
0.021598 0.023037
0.021495 0.022734
0.021490 0.026923
0.021453 0.026922
0.021421 0.029153
0.021420 0.030069
0.021400 0.029007
0.021363 0.026776
0.021352 0.027833
0.021345 0.021960
0.021303 0.022376
0.021224 0.024290
0.021198 0.027425
0.021170 0.026615
0.021132 0.028497
0.021120 0.026145
0.021087 0.030861
0.021049 0.030573
0.021028 0.022456
0.020962 0.021680
0.020961 0.024812
0.020896 0.021334
0.020845 0.036223
0.020757 0.023605
0.020753 0.022109
0.020735 0.024662
0.020727 0.028742
0.020612 0.020787
0.020597 0.028190
0.020561 0.025431
0.020513 0.026350
0.020502 0.020663
0.020431 0.024819
0.020375 0.026065
0.020357 0.025667
0.020349 0.024142
0.020348 0.027954
0.020323 0.023822
0.020299 0.022480
0.020265 0.021897
0.020253 0.021325
0.020247 0.020617
0.020233 0.020677
0.020204 0.023922
0.020174 0.020475
0.020163 0.024340
0.020145 0.028283
0.020125 0.023655
0.020078 0.028050
0.020049 0.020510
0.020025 0.027711
0.019995 0.022023
0.019976 0.020815
0.019920 0.037223
0.019919 0.022434
0.019839 0.020832
0.019828 0.020999
0.019818 0.021273
0.019784 0.023710
0.019783 0.019863
0.019757 0.031663
0.019724 0.033912
0.019714 0.019760
0.019678 0.029068
0.019661 0.021532
0.019628 0.031686
0.019613 0.032367
0.019599 0.023975
0.019580 0.025092
0.019570 0.032869
0.019566 0.023456
0.019532 0.019737
0.019489 0.035445
0.019471 0.022572
0.019425 0.028629
0.019394 0.019836
0.019386 0.024257
0.019379 0.023743
0.019375 0.026354
0.019373 0.022089
0.019366 0.020545
0.019321 0.020271
0.019312 0.019668
0.019263 0.032980
0.019242 0.019662
0.019226 0.023181
0.019211 0.022856
0.019168 0.019499
0.019086 0.020158
0.019076 0.037955
0.019044 0.019460
0.018957 0.031029
0.018955 0.031988
0.018934 0.020676
0.018930 0.023717
0.018920 0.019447
0.018908 0.026603
0.018904 0.019246
0.018839 0.035620
0.018776 0.019677
0.018772 0.025398
0.018741 0.024200
0.018697 0.025683
0.018684 0.020413
0.018654 0.024807
0.018653 0.019771
0.018652 0.026378
0.018649 0.019328
0.018585 0.022078
0.018529 0.023527
0.018520 0.024681
0.018517 0.020766
0.018513 0.019625
0.018481 0.021710
0.018478 0.023711
0.018469 0.024573
0.018461 0.021068
0.018387 0.018945
0.018381 0.026634
0.018374 0.020762
0.018350 0.029036
0.018296 0.018729
0.018283 0.019235
0.018265 0.029301
0.018244 0.028516
0.018210 0.023018
0.018204 0.030199
0.018191 0.019402
0.018163 0.019976
0.018157 0.033958
0.018144 0.020519
0.018139 0.020035
0.018131 0.019793
0.018082 0.022232
0.018081 0.018444
0.018058 0.019953
0.018045 0.021978
0.017966 0.017974
0.017952 0.025258
0.017921 0.018411
0.017911 0.021519
0.017903 0.019096
0.017902 0.018114
0.017902 0.018238
0.017885 0.020848
0.017812 0.020732
0.017804 0.025176
0.017800 0.021554
0.017798 0.035189
0.017753 0.019983
0.017735 0.018727
0.017726 0.019901
0.017681 0.020989
0.017670 0.018650
0.017669 0.034866
0.017642 0.024150
0.017608 0.019868
0.017605 0.017911
0.017604 0.021029
0.017602 0.018800
0.017600 0.018504
0.017584 0.022294
0.017565 0.028802
0.017560 0.021119
0.017552 0.018626
0.017539 0.021730
0.017500 0.023670
0.017491 0.019138
0.017463 0.018910
0.017424 0.026801
0.017387 0.018723
0.017381 0.023908
0.017374 0.023673
0.017302 0.019174
0.017290 0.029233
0.017272 0.018889
0.017266 0.020246
0.017252 0.017690
0.017244 0.017414
0.017243 0.028392
0.017226 0.019644
0.017190 0.020634
0.017163 0.021195
0.017157 0.017207
0.017116 0.030263
0.017060 0.017844
0.017006 0.017081
0.017003 0.020241
0.016992 0.017337
0.016969 0.017094
0.016956 0.020559
0.016935 0.017653
0.016901 0.017660
0.016879 0.024040
0.016858 0.025575
0.016850 0.017793
0.016834 0.017437
0.016834 0.017545
0.016831 0.026868
0.016816 0.017776
0.016812 0.027214
0.016787 0.017990
0.016779 0.018216
0.016747 0.017978
0.016740 0.018249
0.016726 0.018559
0.016711 0.019737
0.016706 0.023865
0.016680 0.017057
0.016665 0.019793
0.016648 0.021087
0.016591 0.022231
0.016582 0.019065
0.016569 0.019920
0.016566 0.034314
0.016554 0.018471
0.016496 0.023615
0.016484 0.019177
0.016440 0.021108
0.016433 0.016527
0.016426 0.035557
0.016394 0.037180
0.016394 0.021254
0.016371 0.039452
0.016313 0.022341
0.016307 0.018039
0.016298 0.019547
0.016291 0.016655
0.016282 0.028287
0.016274 0.022560
0.016255 0.018622
0.016199 0.017582
0.016190 0.019155
0.016155 0.021946
0.016152 0.017061
0.016138 0.016694
0.016134 0.019985
0.016130 0.021580
0.016115 0.017527
0.016087 0.016811
0.016086 0.022247
0.016076 0.032496
0.016040 0.029987
0.016023 0.020353
0.016006 0.017979
0.015999 0.017392
0.015984 0.026363
0.015979 0.019336
0.015973 0.028554
0.015971 0.029518
0.015968 0.025387
0.015956 0.021621
0.015940 0.030203
0.015912 0.015961
0.015910 0.026956
0.015902 0.025875
0.015896 0.020288
0.015894 0.020796
0.015863 0.016139
0.015860 0.026861
0.015845 0.019534
0.015844 0.022550
0.015818 0.020437
0.015809 0.016520
0.015805 0.018626
0.015800 0.018443
0.015799 0.017560
0.015792 0.016146
0.015760 0.017394
0.015739 0.018067
0.015722 0.023273
0.015715 0.021477
0.015708 0.017006
0.015701 0.022898
0.015688 0.026484
0.015681 0.016063
0.015675 0.020721
0.015671 0.020233
0.015662 0.020007
0.015632 0.016891
0.015631 0.020056
0.015617 0.016563
0.015597 0.019186
0.015593 0.021688
0.015585 0.022304
0.015576 0.015590
0.015568 0.020391
0.015568 0.018749
0.015553 0.018149
0.015550 0.024227
0.015549 0.018507
0.015546 0.024804
0.015543 0.019190
0.015520 0.018270
0.015499 0.017303
0.015493 0.028344
0.015479 0.015682
0.015458 0.017031
0.015439 0.015558
0.015411 0.019104
0.015409 0.017706
0.015387 0.015538
0.015375 0.019590
0.015348 0.017584
0.015334 0.015424
0.015315 0.018632
0.015287 0.018978
0.015277 0.016093
0.015252 0.016469
0.015243 0.019015
0.015241 0.015734
0.015221 0.015270
0.015218 0.016627
0.015217 0.017764
0.015215 0.015411
0.015172 0.019205
0.015169 0.018274
0.015129 0.019922
0.015115 0.017161
0.015107 0.015222
0.015105 0.021644
0.015081 0.016459
0.015049 0.025616
0.015038 0.019591
0.015022 0.016847
0.015013 0.015736
0.015008 0.015524
0.015007 0.015505
0.014974 0.014997
0.014972 0.029169
0.014968 0.017955
0.014954 0.017314
0.014954 0.023485
0.014938 0.017785
0.014925 0.017329
0.014924 0.015490
0.014922 0.019076
0.014912 0.015786
0.014889 0.018312
0.014889 0.017463
0.014871 0.015773
0.014849 0.015407
0.014832 0.019046
0.014811 0.015768
0.014793 0.021883
0.014737 0.018672
0.014710 0.023599
0.014710 0.017673
0.014708 0.015108
0.014699 0.019610
0.014693 0.015834
0.014677 0.027277
0.014672 0.015599
0.014621 0.014745
0.014610 0.014642
0.014602 0.028687
0.014594 0.018700
0.014577 0.016761
0.014565 0.021639
0.014564 0.015058
0.014549 0.016205
0.014519 0.023382
0.014466 0.015540
0.014449 0.016821
0.014437 0.014987
0.014431 0.017577
0.014429 0.019589
0.014427 0.027175
0.014409 0.015518
0.014404 0.015707
0.014375 0.019150
0.014369 0.024533
0.014344 0.022573
0.014338 0.014937
0.014336 0.018831
0.014322 0.016751
0.014318 0.015065
0.014318 0.015747
0.014302 0.018066
0.014300 0.017525
0.014277 0.014862
0.014268 0.014441
0.014267 0.022143
0.014255 0.016031
0.014240 0.019545
0.014208 0.014366
0.014207 0.014488
0.014198 0.016106
0.014168 0.014175
0.014161 0.016180
0.014159 0.022492
0.014151 0.017001
0.014140 0.017214
0.014140 0.021418
0.014122 0.024084
0.014112 0.019858
0.014104 0.014137
0.014101 0.016827
0.014095 0.017502
0.014086 0.033931
0.014053 0.029111
0.013959 0.019085
0.013954 0.020192
0.013929 0.030194
0.013925 0.027983
0.013918 0.016670
0.013865 0.014728
0.013849 0.014774
0.013844 0.014575
0.013814 0.017255
0.013809 0.031443
0.013801 0.019914
0.013794 0.020791
0.013787 0.017569
0.013723 0.023528
0.013719 0.016299
0.013718 0.015684
0.013702 0.014187
0.013685 0.013878
0.013674 0.013860
0.013655 0.017773
0.013642 0.016631
0.013641 0.016592
0.013620 0.018432
0.013616 0.015721
0.013616 0.017410
0.013605 0.014215
0.013601 0.019095
0.013585 0.015153
0.013584 0.016115
0.013581 0.020082
0.013559 0.015927
0.013556 0.019135
0.013551 0.018893
0.013549 0.019858
0.013546 0.019661
0.013539 0.013557
0.013536 0.014833
0.013524 0.015437
0.013518 0.014392
0.013515 0.017338
0.013512 0.018743
0.013484 0.018484
0.013459 0.024202
0.013458 0.016641
0.013429 0.030953
0.013423 0.016338
0.013358 0.016431
0.013326 0.014593
0.013325 0.017061
0.013321 0.014128
0.013297 0.027169
0.013252 0.013677
0.013238 0.015735
0.013228 0.023425
0.013221 0.017977
0.013203 0.021697
0.013194 0.015348
0.013186 0.013484
0.013176 0.017970
0.013176 0.015729
0.013175 0.014655
0.013163 0.013172
0.013100 0.019065
0.013094 0.013861
0.013051 0.013212
0.013034 0.014466
0.013033 0.015230
0.013029 0.013938
0.013022 0.018164
0.013009 0.013776
0.013006 0.016144
0.012995 0.017378
0.012985 0.013496
0.012985 0.013731
0.012982 0.015611
0.012968 0.014880
0.012947 0.013039
0.012938 0.016539
0.012937 0.017000
0.012934 0.016967
0.012930 0.016291
0.012903 0.015012
0.012884 0.013187
0.012883 0.024289
0.012876 0.019228
0.012874 0.013322
0.012868 0.014513
0.012845 0.015204
0.012842 0.029618
0.012802 0.013001
0.012752 0.022676
0.012750 0.022865
0.012743 0.014082
0.012734 0.012969
0.012718 0.014854
0.012674 0.013264
0.012666 0.015259
0.012659 0.013698
0.012655 0.014066
0.012635 0.013386
0.012623 0.018835
0.012619 0.019930
0.012610 0.013069
0.012593 0.013864
0.012592 0.017788
0.012590 0.015278
0.012585 0.012971
0.012525 0.014121
0.012501 0.017575
0.012499 0.014156
0.012482 0.012718
0.012478 0.012750
0.012477 0.013484
0.012476 0.013169
0.012474 0.013087
0.012387 0.014309
0.012385 0.014543
0.012329 0.012479
0.012323 0.013043
0.012290 0.014735
0.012263 0.016255
0.012245 0.014097
0.012240 0.016071
0.012230 0.012841
0.012226 0.013065
0.012176 0.016691
0.012153 0.019287
0.012122 0.012589
0.012121 0.012129
0.012108 0.013368
0.012089 0.014101
0.012066 0.012205
0.012064 0.018050
0.012029 0.012376
0.012029 0.013291
0.012018 0.028770
0.011998 0.015115
0.011979 0.014340
0.011977 0.012886
0.011969 0.018955
0.011967 0.012237
0.011945 0.019723
0.011943 0.014232
0.011940 0.017775
0.011932 0.013625
0.011923 0.012255
0.011865 0.012349
0.011852 0.012517
0.011814 0.011931
0.011813 0.016631
0.011802 0.012194
0.011787 0.015404
0.011767 0.017569
0.011755 0.018818
0.011745 0.017915
0.011727 0.014658
0.011702 0.013916
0.011691 0.011762
0.011671 0.017529
0.011657 0.019283
0.011646 0.018989
0.011635 0.012713
0.011635 0.021671
0.011632 0.016410
0.011628 0.012390
0.011624 0.013004
0.011622 0.020738
0.011616 0.019134
0.011593 0.011911
0.011567 0.017679
0.011487 0.013335
0.011465 0.013073
0.011462 0.011698
0.011457 0.012354
0.011450 0.011948
0.011446 0.020064
0.011443 0.012955
0.011421 0.012174
0.011420 0.012054
0.011414 0.012630
0.011410 0.013364
0.011404 0.011738
0.011403 0.012082
0.011379 0.014665
0.011359 0.011512
0.011344 0.019571
0.011330 0.011867
0.011320 0.011969
0.011318 0.013661
0.011308 0.021409
0.011302 0.020509
0.011287 0.017014
0.011275 0.014793
0.011270 0.014021
0.011261 0.011753
0.011236 0.018153
0.011228 0.012452
0.011228 0.013025
0.011225 0.016174
0.011222 0.012355
0.011213 0.011709
0.011168 0.013105
0.011160 0.023705
0.011158 0.012584
0.011146 0.013732
0.011143 0.011388
0.011141 0.013672
0.011128 0.019033
0.011124 0.015789
0.011120 0.013755
0.011109 0.014478
0.011101 0.017343
0.011092 0.021713
0.011064 0.011205
0.011062 0.011227
0.011054 0.013827
0.011031 0.011597
0.011018 0.014710
0.011009 0.011637
0.011009 0.018392
0.011007 0.017882
0.010955 0.012079
0.010954 0.012261
0.010943 0.015456
0.010939 0.020456
0.010936 0.011642
0.010932 0.012507
0.010924 0.014580
0.010903 0.024461
0.010901 0.013358
0.010888 0.010888
0.010884 0.011954
0.010880 0.019646
0.010867 0.014215
0.010862 0.019565
0.010861 0.011747
0.010847 0.011179
0.010847 0.016260
0.010843 0.022899
0.010842 0.011141
0.010821 0.013864
0.010812 0.011955
0.010784 0.014462
0.010778 0.013089
0.010746 0.011385
0.010741 0.013281
0.010739 0.010989
0.010738 0.013019
0.010730 0.011666
0.010726 0.015750
0.010721 0.012153
0.010717 0.016764
0.010713 0.011145
0.010713 0.013881
0.010707 0.011785
0.010703 0.013295
0.010700 0.011551
0.010700 0.011357
0.010680 0.018047
0.010670 0.011939
0.010651 0.016965
0.010630 0.016901
0.010583 0.010892
0.010556 0.012003
0.010531 0.010780
0.010530 0.011320
0.010521 0.021542
0.010493 0.016763
0.010487 0.016669
0.010483 0.012735
0.010481 0.010613
0.010463 0.013723
0.010459 0.010750
0.010449 0.015685
0.010446 0.014405
0.010445 0.012566
0.010435 0.010529
0.010433 0.013522
0.010415 0.022351
0.010396 0.015111
0.010380 0.013544
0.010373 0.013198
0.010365 0.012406
0.010354 0.011514
0.010340 0.016895
0.010314 0.011755
0.010309 0.017457
0.010299 0.011611
0.010293 0.014603
0.010262 0.013479
0.010261 0.010352
0.010261 0.010439
0.010258 0.014295
0.010252 0.011056
0.010249 0.014998
0.010246 0.014927
0.010215 0.013631
0.010207 0.019689
0.010204 0.021046
0.010199 0.011898
0.010181 0.010393
0.010163 0.011171
0.010163 0.012629
0.010160 0.019197
0.010155 0.010359
0.010140 0.010398
0.010131 0.010170
0.010131 0.010377
0.010120 0.011133
0.010113 0.014096
0.010110 0.011504
0.010109 0.018115
0.010107 0.012131
0.010105 0.012564
0.010102 0.010155
0.010101 0.010611
0.010087 0.014431
0.010085 0.012386
0.010085 0.012425
0.010061 0.010098
0.010058 0.012797
0.010057 0.010201
0.010053 0.014975
0.010051 0.010525
0.010025 0.010840
0.010019 0.011096
0.010002 0.010297
0.009979 0.016727
0.009966 0.011066
0.009956 0.015979
0.009951 0.010161
0.009950 0.010168
0.009945 0.011072
0.009944 0.011475
0.009936 0.012153
0.009922 0.014471
0.009919 0.011077
0.009912 0.011527
0.009904 0.018920
0.009890 0.010429
0.009868 0.009870
0.009856 0.009883
0.009852 0.011224
0.009846 0.019665
0.009835 0.010792
0.009833 0.010895
0.009829 0.010863
0.009818 0.022273
0.009807 0.014195
0.009801 0.011763
0.009797 0.011588
0.009776 0.010502
0.009773 0.016295
0.009769 0.011542
0.009723 0.012610
0.009720 0.010619
0.009713 0.011193
0.009695 0.014186
0.009677 0.012505
0.009661 0.011671
0.009655 0.009772
0.009654 0.012999
0.009644 0.012888
0.009630 0.011409
0.009609 0.009899
0.009601 0.010135
0.009554 0.009665
0.009545 0.012088
0.009544 0.009639
0.009541 0.010675
0.009537 0.017070
0.009500 0.011705
0.009479 0.010049
0.009479 0.012355
0.009478 0.009909
0.009475 0.010257
0.009475 0.010128
0.009474 0.016095
0.009470 0.018517
0.009462 0.011634
0.009461 0.010419
0.009443 0.015070
0.009443 0.016422
0.009438 0.016893
0.009430 0.013038
0.009426 0.011779
0.009417 0.017552
0.009408 0.012273
0.009395 0.012633
0.009391 0.010868
0.009376 0.011051
0.009368 0.010987
0.009360 0.009869
0.009359 0.010841
0.009359 0.010277
0.009355 0.011070
0.009353 0.009573
0.009329 0.009364
0.009326 0.016139
0.009312 0.011415
0.009302 0.014635
0.009293 0.010962
0.009288 0.012043
0.009286 0.010428
0.009281 0.011643
0.009260 0.009880
0.009234 0.010658
0.009216 0.015209
0.009175 0.014346
0.009175 0.018049
0.009171 0.013205
0.009168 0.010002
0.009154 0.012564
0.009130 0.009385
0.009113 0.010772
0.009108 0.009538
0.009102 0.010411
0.009099 0.013019
0.009093 0.010442
0.009059 0.009972
0.009059 0.010297
0.009055 0.009094
0.009049 0.009251
0.009033 0.016470
0.009009 0.009921
0.008996 0.009279
0.008993 0.011445
0.008988 0.009134
0.008975 0.011665
0.008966 0.013758
0.008953 0.012802
0.008952 0.009507
0.008945 0.014369
0.008922 0.009234
0.008900 0.009172
0.008891 0.010655
0.008877 0.009226
0.008875 0.009461
0.008862 0.010696
0.008857 0.010887
0.008848 0.010010
0.008837 0.011505
0.008836 0.017869
0.008821 0.009044
0.008819 0.010128
0.008808 0.009037
0.008788 0.009094
0.008783 0.009546
0.008780 0.011490
0.008779 0.009918
0.008777 0.010679
0.008777 0.010341
0.008762 0.013111
0.008759 0.012504
0.008756 0.010394
0.008753 0.008797
0.008752 0.010621
0.008747 0.009127
0.008745 0.009340
0.008745 0.017903
0.008743 0.008890
0.008684 0.009513
0.008681 0.008837
0.008681 0.008720
0.008679 0.009753
0.008676 0.010689
0.008674 0.010141
0.008669 0.018811
0.008668 0.010586
0.008667 0.010237
0.008667 0.008731
0.008663 0.009223
0.008659 0.009257
0.008645 0.015812
0.008635 0.008683
0.008602 0.011182
0.008589 0.011672
0.008585 0.014989
0.008582 0.008697
0.008579 0.009012
0.008575 0.010629
0.008573 0.015661
0.008565 0.009084
0.008560 0.009094
0.008559 0.014192
0.008558 0.009688
0.008558 0.010294
0.008548 0.009038
0.008544 0.013375
0.008528 0.009411
0.008526 0.008543
0.008520 0.010191
0.008510 0.008632
0.008507 0.012348
0.008499 0.014994
0.008497 0.014829
0.008495 0.008594
0.008489 0.013705
0.008482 0.011960
0.008464 0.009623
0.008453 0.009081
0.008429 0.014398
0.008424 0.012522
0.008417 0.010370
0.008416 0.013336
0.008410 0.008969
0.008394 0.009647
0.008377 0.009853
0.008376 0.009401
0.008368 0.013458
0.008368 0.008767
0.008336 0.010567
0.008313 0.009802
0.008309 0.010019
0.008306 0.008506
0.008285 0.011881
0.008284 0.009210
0.008276 0.015198
0.008263 0.011520
0.008257 0.008890
0.008254 0.011392
0.008254 0.009336
0.008242 0.016194
0.008235 0.010130
0.008231 0.009400
0.008218 0.010473
0.008218 0.008962
0.008210 0.010096
0.008192 0.008854
0.008190 0.009628
0.008174 0.009047
0.008173 0.016016
0.008162 0.008198
0.008157 0.009712
0.008156 0.008527
0.008147 0.010945
0.008128 0.008951
0.008121 0.010462
0.008117 0.009398
0.008088 0.008997
0.008087 0.011990
0.008082 0.011143
0.008079 0.008794
0.008074 0.009191
0.008063 0.009064
0.008058 0.008342
0.008042 0.009573
0.008027 0.009193
0.008025 0.013719
0.008017 0.008171
0.008009 0.011680
0.008009 0.010248
0.008007 0.008922
0.008002 0.008182
0.007988 0.008284
0.007981 0.008597
0.007976 0.008836
0.007954 0.010380
0.007945 0.015396
0.007936 0.012616
0.007934 0.008087
0.007933 0.009076
0.007932 0.008110
0.007915 0.015389
0.007914 0.007966
0.007909 0.008616
0.007908 0.010196
0.007898 0.011125
0.007896 0.009500
0.007896 0.008430
0.007889 0.008582
0.007874 0.014738
0.007862 0.008770
0.007858 0.010123
0.007855 0.009290
0.007849 0.012422
0.007847 0.008792
0.007845 0.008136
0.007833 0.008032
0.007826 0.009665
0.007820 0.009984
0.007812 0.008380
0.007810 0.009029
0.007805 0.008218
0.007800 0.013107
0.007787 0.009682
0.007782 0.008767
0.007769 0.007803
0.007768 0.007994
0.007759 0.010923
0.007758 0.013194
0.007757 0.008006
0.007755 0.008116
0.007742 0.008171
0.007741 0.008618
0.007738 0.008185
0.007732 0.008343
0.007725 0.010439
0.007718 0.008587
0.007717 0.010941
0.007713 0.009565
0.007704 0.009306
0.007688 0.011208
0.007679 0.012117
0.007673 0.008031
0.007664 0.007977
0.007658 0.007837
0.007655 0.008809
0.007653 0.008709
0.007652 0.009425
0.007641 0.010291
0.007634 0.009624
0.007634 0.009620
0.007628 0.008868
0.007621 0.011035
0.007603 0.008530
0.007600 0.009425
0.007574 0.011116
0.007571 0.008075
0.007562 0.008288
0.007562 0.008866
0.007560 0.007588
0.007549 0.010181
0.007539 0.008651
0.007523 0.008329
0.007521 0.008884
0.007506 0.008655
0.007482 0.011608
0.007474 0.009355
0.007464 0.011729
0.007461 0.007694
0.007449 0.008512
0.007448 0.008603
0.007444 0.010704
0.007441 0.008204
0.007440 0.009414
0.007430 0.011324
0.007427 0.010391
0.007422 0.008986
0.007420 0.008950
0.007419 0.009343
0.007417 0.010419
0.007415 0.012804
0.007410 0.010117
0.007401 0.007958
0.007394 0.008060
0.007393 0.008053
0.007389 0.007420
0.007387 0.007862
0.007384 0.009627
0.007380 0.012503
0.007377 0.007663
0.007370 0.007853
0.007370 0.014607
0.007364 0.007720
0.007355 0.008380
0.007353 0.009641
0.007352 0.009522
0.007352 0.008137
0.007338 0.007638
0.007334 0.007378
0.007329 0.010643
0.007317 0.010966
0.007314 0.008201
0.007314 0.007929
0.007313 0.007744
0.007307 0.008037
0.007305 0.007412
0.007300 0.007536
0.007299 0.010351
0.007285 0.011456
0.007282 0.008730
0.007282 0.008519
0.007279 0.009593
0.007278 0.007891
0.007276 0.007996
0.007269 0.009389
0.007264 0.011275
0.007264 0.007771
0.007264 0.008750
0.007255 0.009466
0.007250 0.007693
0.007246 0.009790
0.007242 0.009191
0.007240 0.011181
0.007239 0.007310
0.007238 0.008861
0.007237 0.007823
0.007231 0.007236
0.007226 0.007627
0.007225 0.013246
0.007223 0.009003
0.007206 0.008993
0.007199 0.014183
0.007197 0.007299
0.007194 0.008966
0.007193 0.008088
0.007192 0.007856
0.007189 0.011119
0.007188 0.007720
0.007181 0.008427
0.007137 0.009201
0.007132 0.009700
0.007114 0.008081
0.007112 0.007401
0.007110 0.007203
0.007109 0.007839
0.007107 0.007931
0.007106 0.009076
0.007100 0.007956
0.007099 0.007164
0.007094 0.011444
0.007091 0.007263
0.007088 0.007287
0.007077 0.008295
0.007074 0.009638
0.007053 0.008553
0.007042 0.007087
0.007037 0.009630
0.007035 0.007667
0.007029 0.007562
0.007026 0.018126
0.007022 0.012991
0.007020 0.009942
0.007019 0.007213
0.007018 0.007057
0.007015 0.009977
0.007011 0.007817
0.007008 0.007361
0.007005 0.008820
0.007004 0.008353
0.006995 0.010791
0.006991 0.007007
0.006979 0.008884
0.006971 0.007497
0.006970 0.009693
0.006966 0.007543
0.006958 0.009008
0.006957 0.014861
0.006951 0.007892
0.006949 0.007332
0.006943 0.007047
0.006935 0.010096
0.006924 0.007763
0.006922 0.007326
0.006915 0.011850
0.006912 0.007858
0.006904 0.006969
0.006899 0.009526
0.006892 0.013885
0.006892 0.007761
0.006888 0.013197
0.006885 0.010696
0.006882 0.007687
0.006873 0.008529
0.006872 0.010177
0.006869 0.008737
0.006869 0.007496
0.006866 0.007084
0.006859 0.007187
0.006849 0.007696
0.006846 0.008256
0.006845 0.007763
0.006842 0.007896
0.006838 0.006910
0.006831 0.006882
0.006828 0.009606
0.006827 0.007813
0.006824 0.010912
0.006823 0.007661
0.006809 0.009167
0.006808 0.007773
0.006807 0.009740
0.006802 0.008529
0.006798 0.007474
0.006786 0.006906
0.006786 0.007090
0.006783 0.009467
0.006780 0.007376
0.006775 0.007117
0.006772 0.007889
0.006770 0.007383
0.006768 0.007073
0.006762 0.014300
0.006761 0.006859
0.006754 0.008405
0.006752 0.008498
0.006752 0.007296
0.006746 0.008334
0.006742 0.007315
0.006741 0.008568
0.006739 0.007085
0.006737 0.006972
0.006737 0.010201
0.006734 0.009191
0.006730 0.008752
0.006725 0.010803
0.006719 0.007159
0.006715 0.007448
0.006706 0.006846
0.006695 0.007662
0.006688 0.006907
0.006686 0.013121
0.006673 0.006704
0.006668 0.007558
0.006663 0.008123
0.006657 0.007079
0.006654 0.007250
0.006652 0.010829
0.006651 0.007010
0.006642 0.006825
0.006639 0.012654
0.006625 0.007920
0.006621 0.007112
0.006621 0.007037
0.006603 0.008157
0.006594 0.006995
0.006593 0.008799
0.006590 0.006648
0.006588 0.008455
0.006588 0.006775
0.006585 0.007508
0.006582 0.009207
0.006581 0.007129
0.006577 0.008679
0.006567 0.008042
0.006566 0.006909
0.006564 0.007295
0.006563 0.009134
0.006552 0.006970
0.006550 0.010378
0.006542 0.006631
0.006539 0.007085
0.006534 0.008155
0.006533 0.007163
0.006529 0.007636
0.006528 0.006854
0.006524 0.007707
0.006520 0.007028
0.006518 0.009347
0.006517 0.007595
0.006515 0.007262
0.006514 0.009925
0.006512 0.007022
0.006511 0.008734
0.006511 0.006595
0.006493 0.007846
0.006489 0.006496
0.006477 0.006520
0.006476 0.010048
0.006471 0.008906
0.006464 0.007063
0.006464 0.009177
0.006460 0.008060
0.006460 0.007552
0.006455 0.006569
0.006455 0.009078
0.006452 0.011622
0.006449 0.007522
0.006447 0.007205
0.006443 0.007406
0.006442 0.006955
0.006428 0.007458
0.006412 0.009868
0.006412 0.007222
0.006412 0.007326
0.006410 0.008485
0.006404 0.014432
0.006402 0.010399
0.006402 0.009337
0.006402 0.008173
0.006401 0.007408
0.006387 0.007795
0.006382 0.007859
0.006381 0.009742
0.006371 0.012840
0.006365 0.008133
0.006364 0.007074
0.006361 0.010108
0.006359 0.008078
0.006356 0.009251
0.006354 0.007980
0.006353 0.007819
0.006343 0.008826
0.006343 0.007746
0.006338 0.006581
0.006336 0.010477
0.006334 0.009229
0.006330 0.008358
0.006330 0.006699
0.006325 0.006851
0.006323 0.006562
0.006318 0.007196
0.006318 0.006504
0.006314 0.011596
0.006313 0.006340
0.006311 0.006363
0.006302 0.006518
0.006299 0.008797
0.006295 0.007297
0.006294 0.007145
0.006286 0.006815
0.006280 0.008404
0.006279 0.011302
0.006279 0.008184
0.006278 0.007027
0.006273 0.006416
0.006271 0.006377
0.006269 0.009469
0.006254 0.007629
0.006249 0.008663
0.006245 0.006451
0.006243 0.006548
0.006242 0.007324
0.006235 0.009489
0.006235 0.006632
0.006232 0.006355
0.006231 0.010748
0.006221 0.011942
0.006221 0.006423
0.006219 0.006283
0.006216 0.006879
0.006214 0.006538
0.006198 0.010057
0.006187 0.007562
0.006186 0.007780
0.006179 0.006565
0.006178 0.006211
0.006178 0.006860
0.006171 0.006939
0.006170 0.007154
0.006166 0.006468
0.006161 0.009501
0.006160 0.009301
0.006155 0.006243
0.006152 0.008801
0.006150 0.006363
0.006150 0.006938
0.006150 0.006886
0.006149 0.006152
0.006144 0.006817
0.006140 0.012228
0.006139 0.006160
0.006134 0.009451
0.006133 0.007410
0.006129 0.006678
0.006125 0.011889
0.006123 0.006260
0.006119 0.010059
0.006112 0.010296
0.006110 0.006737
0.006107 0.008989
0.006106 0.006819
0.006101 0.008056
0.006095 0.007488
0.006094 0.008339
0.006091 0.006383
0.006091 0.006405
0.006086 0.008426
0.006083 0.013001
0.006080 0.006910
0.006078 0.010500
0.006077 0.007484
0.006077 0.006972
0.006076 0.006408
0.006067 0.008268
0.006062 0.006669
0.006062 0.007776
0.006056 0.012445
0.006053 0.008837
0.006045 0.006470
0.006044 0.010062
0.006043 0.008823
0.006029 0.006540
0.006025 0.012155
0.006021 0.006296
0.006015 0.007353
0.006001 0.007932
0.005979 0.006574
0.005974 0.006885
0.005968 0.006506
0.005968 0.006021
0.005965 0.006387
0.005965 0.007030
0.005962 0.007495
0.005958 0.006413
0.005954 0.008921
0.005953 0.011426
0.005945 0.010075
0.005940 0.007736
0.005940 0.010239
0.005920 0.008925
0.005914 0.011621
0.005903 0.006064
0.005902 0.006361
0.005902 0.009288
0.005901 0.005929
0.005900 0.007088
0.005885 0.005985
0.005884 0.006790
0.005882 0.008985
0.005872 0.007221
0.005872 0.006013
0.005871 0.007300
0.005863 0.011801
0.005861 0.007179
0.005858 0.006419
0.005854 0.009523
0.005843 0.005878
0.005842 0.009438
0.005840 0.008451
0.005837 0.005951
0.005831 0.008033
0.005824 0.010389
0.005816 0.008753
0.005816 0.008238
0.005803 0.009810
0.005801 0.006606
0.005801 0.007967
0.005782 0.009971
0.005777 0.008272
0.005765 0.008526
0.005762 0.006578
0.005759 0.006006
0.005750 0.009915
0.005745 0.007774
0.005743 0.012540
0.005737 0.006364
0.005733 0.008564
0.005726 0.006974
0.005724 0.006566
0.005721 0.005766
0.005719 0.006519
0.005714 0.008883
0.005713 0.009734
0.005709 0.009310
0.005707 0.006141
0.005705 0.010708
0.005704 0.010861
0.005702 0.006024
0.005702 0.007769
0.005699 0.008092
0.005699 0.005747
0.005692 0.005964
0.005692 0.005827
0.005688 0.009811
0.005670 0.007526
0.005669 0.006656
0.005664 0.005826
0.005664 0.009247
0.005654 0.006160
0.005648 0.007094
0.005643 0.010700
0.005641 0.006086
0.005635 0.005858
0.005623 0.007135
0.005618 0.010418
0.005616 0.007908
0.005604 0.012834
0.005602 0.008430
0.005602 0.005829
0.005601 0.007591
0.005601 0.011662
0.005600 0.008694
0.005597 0.009202
0.005593 0.010139
0.005592 0.005755
0.005590 0.006989
0.005585 0.005849
0.005577 0.007423
0.005576 0.010273
0.005575 0.006330
0.005573 0.007703
0.005573 0.006789
0.005570 0.006198
0.005570 0.008156
0.005558 0.009653
0.005553 0.008700
0.005545 0.009562
0.005542 0.005978
0.005537 0.008832
0.005537 0.006938
0.005537 0.005611
0.005535 0.007897
0.005529 0.007001
0.005513 0.006169
0.005511 0.006032
0.005509 0.006850
0.005499 0.012557
0.005495 0.007688
0.005494 0.006650
0.005486 0.006712
0.005479 0.006413
0.005478 0.008769
0.005478 0.005953
0.005468 0.008677
0.005461 0.008089
0.005455 0.006944
0.005453 0.005688
0.005453 0.006986
0.005451 0.005733
0.005441 0.006408
0.005437 0.006120
0.005434 0.006428
0.005432 0.007512
0.005427 0.007758
0.005424 0.005742
0.005415 0.006096
0.005409 0.005595
0.005406 0.006050
0.005406 0.005625
0.005391 0.005601
0.005387 0.005528
0.005387 0.007073
0.005387 0.008010
0.005379 0.010779
0.005361 0.009733
0.005359 0.006355
0.005355 0.009195
0.005346 0.006097
0.005340 0.015160
0.005339 0.007183
0.005338 0.007209
0.005337 0.006470
0.005332 0.006231
0.005324 0.008513
0.005316 0.007329
0.005314 0.005766
0.005295 0.008362
0.005295 0.014831
0.005293 0.007498
0.005288 0.006215
0.005286 0.010013
0.005284 0.005537
0.005283 0.007193
0.005281 0.005505
0.005279 0.006136
0.005269 0.005786
0.005268 0.009305
0.005254 0.006964
0.005254 0.007584
0.005251 0.005932
0.005248 0.005286
0.005246 0.005344
0.005245 0.005565
0.005237 0.006419
0.005237 0.009617
0.005233 0.006182
0.005229 0.005539
0.005227 0.005707
0.005227 0.006581
0.005224 0.005370
0.005215 0.011697
0.005211 0.008178
0.005206 0.008732
0.005204 0.006059
0.005200 0.007367
0.005197 0.005425
0.005189 0.007286
0.005188 0.005340
0.005186 0.006806
0.005186 0.008250
0.005181 0.006168
0.005178 0.007397
0.005177 0.005319
0.005175 0.007680
0.005169 0.005539
0.005162 0.005738
0.005155 0.006346
0.005154 0.006446
0.005152 0.005324
0.005151 0.006055
0.005143 0.006785
0.005140 0.005301
0.005140 0.009128
0.005136 0.005710
0.005127 0.005786
0.005109 0.005175
0.005099 0.005357
0.005096 0.007587
0.005096 0.005311
0.005093 0.008502
0.005088 0.005546
0.005082 0.005142
0.005077 0.005586
0.005077 0.005278
0.005075 0.006453
0.005069 0.005543
0.005057 0.005350
0.005051 0.006740
0.005048 0.005445
0.005038 0.005664
0.005032 0.006480
0.005031 0.005605
0.005029 0.009960
0.005026 0.006221
0.005019 0.005638
0.005005 0.006737
0.004998 0.005161
0.004992 0.005322
0.004991 0.005909
0.004985 0.007015
0.004984 0.009010
0.004984 0.011218
0.004976 0.005223
0.004973 0.005070
0.004964 0.005120
0.004964 0.008038
0.004963 0.006872
0.004956 0.005753
0.004954 0.005747
0.004952 0.010002
0.004941 0.007692
0.004936 0.006662
0.004926 0.006926
0.004915 0.005103
0.004909 0.005202
0.004907 0.005896
0.004901 0.007928
0.004900 0.005672
0.004892 0.007184
0.004891 0.005267
0.004887 0.005602
0.004887 0.006654
0.004886 0.005994
0.004885 0.005077
0.004879 0.007945
0.004877 0.004974
0.004874 0.005327
0.004872 0.006237
0.004864 0.006694
0.004862 0.005701
0.004854 0.005538
0.004847 0.006388
0.004835 0.005803
0.004827 0.005410
0.004826 0.008501
0.004814 0.005691
0.004812 0.005820
0.004800 0.005408
0.004785 0.008401
0.004774 0.005390
0.004772 0.005323
0.004743 0.004834
0.004731 0.005524
0.004720 0.007576
0.004720 0.004959
0.004702 0.005280
0.004695 0.005052
0.004688 0.005388
0.004683 0.006132
0.004669 0.004677
0.004667 0.006958
0.004660 0.004686
0.004655 0.006341
0.004646 0.008960
0.004625 0.004797
0.004623 0.009577
0.004589 0.005179
0.004573 0.004775
0.004563 0.006832
0.004558 0.004929
0.004557 0.004612
0.004551 0.005815
0.004546 0.004854
0.004539 0.004828
0.004535 0.005281
0.004535 0.004932
0.004532 0.006262
0.004532 0.004995
0.004529 0.004531
0.004524 0.005395
0.004520 0.005345
0.004509 0.004706
0.004504 0.004933
0.004503 0.005970
0.004499 0.004725
0.004498 0.005273
0.004494 0.006372
0.004479 0.005610
0.004467 0.007886
0.004465 0.004868
0.004463 0.005294
0.004461 0.004921
0.004461 0.004869
0.004456 0.005618
0.004446 0.006861
0.004438 0.006445
0.004432 0.006197
0.004419 0.008134
0.004419 0.005227
0.004417 0.004857
0.004383 0.005619
0.004365 0.004921
0.004362 0.007434
0.004353 0.005286
0.004292 0.005276
0.004291 0.004601
0.004283 0.004312
0.004281 0.004791
0.004279 0.004280
0.004270 0.004946
0.004269 0.004462
0.004264 0.004853
0.004224 0.007361
0.004223 0.004796
0.004215 0.004481
0.004194 0.004234
0.004175 0.004823
0.004153 0.004963
0.004152 0.004594
0.004152 0.004859
0.004140 0.007262
0.004115 0.004295
0.004111 0.005446
0.004078 0.006071
0.004073 0.004154
0.004071 0.005807
0.004070 0.005100
0.004059 0.004455
0.004055 0.004097
0.004050 0.004081
0.004031 0.005968
0.004017 0.004636
0.003982 0.004014
0.003919 0.003948
0.003870 0.004506
0.003861 0.004004
0.003860 0.005243
0.003852 0.003913
0.003834 0.004727
0.003826 0.004429
0.003823 0.004375
0.003820 0.003875
0.003779 0.004083
0.003725 0.005078
0.003724 0.003902
0.003705 0.004590
0.003677 0.004076
0.003663 0.004083
0.003658 0.005275
0.003644 0.003997
0.003599 0.004706
0.003598 0.004521
0.003566 0.004311
0.003530 0.003706
0.003510 0.003902
0.003467 0.003680
0.003433 0.004213
0.003426 0.003824
0.003417 0.004002
0.003415 0.003606
0.003410 0.003442
0.003402 0.003566
0.003389 0.003944
0.003370 0.003972
0.003363 0.003745
0.003328 0.003523
0.003314 0.004880
0.003301 0.004407
0.003282 0.004039
0.003254 0.003770
0.003240 0.003247
0.003203 0.003877
0.003174 0.003330
0.003161 0.003241
0.003160 0.003879
0.003150 0.003221
0.003131 0.003401
0.003105 0.003520
0.003101 0.003118
0.003099 0.003166
0.003092 0.003905
0.003089 0.003389
0.003008 0.003718
0.002969 0.003307
0.002967 0.003146
0.002942 0.003346
0.002934 0.003729
0.002927 0.003563
0.002909 0.004028
0.002896 0.003124
0.002823 0.002881
0.002724 0.002773
0.002666 0.002924
0.002528 0.002604
0.002514 0.002898
0.002272 0.002349
0.002161 0.002679
0.002148 0.002536
0.002099 0.002421
0.002000 0.002225
0.001942 0.002003
0.001638 0.001717
