0.135726 0.138073
0.121080 0.133878
0.119748 0.140293
0.114319 0.129708
0.108423 0.117988
0.108307 0.113169
0.105470 0.141429
0.105038 0.121069
0.104334 0.139667
0.103857 0.110826
0.103206 0.158256
0.096820 0.097595
0.096330 0.105235
0.088887 0.114352
0.086203 0.116293
0.085728 0.086235
0.082958 0.096087
0.082674 0.148100
0.080037 0.088317
0.079646 0.091529
0.078933 0.083202
0.078720 0.087208
0.076293 0.089432
0.075327 0.077936
0.074687 0.077763
0.073994 0.086834
0.072317 0.072475
0.067141 0.083251
0.064129 0.065659
0.063864 0.068747
0.060559 0.077060
0.060253 0.135305
0.059888 0.071994
0.059150 0.064238
0.057745 0.064315
0.057653 0.063807
0.057205 0.061153
0.055572 0.095908
0.053506 0.082548
0.053386 0.057286
0.052529 0.053252
0.050611 0.056733
0.048917 0.049099
0.045916 0.046143
0.045632 0.077085
0.045544 0.045835
0.045392 0.052052
0.045322 0.064676
0.045146 0.051552
0.044508 0.047858
0.044343 0.045145
0.043549 0.044795
0.043398 0.048410
0.040746 0.048406
0.039404 0.042092
0.039368 0.039958
0.038931 0.039374
0.038752 0.050745
0.038307 0.039786
0.037757 0.065741
0.036622 0.056978
0.036603 0.039561
0.036412 0.043653
0.036017 0.050696
0.035968 0.039146
0.035715 0.035945
0.035305 0.042965
0.035272 0.047383
0.035209 0.035418
0.034681 0.045474
0.034572 0.061126
0.034314 0.036687
0.034259 0.047361
0.034084 0.043872
0.033983 0.043636
0.033865 0.035578
0.033685 0.038344
0.032836 0.036959
0.032743 0.039600
0.032147 0.032241
0.032108 0.033473
0.032092 0.047634
0.031901 0.040004
0.031720 0.038556
0.031299 0.031733
0.031067 0.034329
0.030749 0.034016
0.030645 0.032621
0.030312 0.035636
0.030299 0.033506
0.030243 0.048179
0.029963 0.039821
0.029931 0.034878
0.029899 0.030862
0.029560 0.034478
0.029530 0.047974
0.029198 0.033951
0.029057 0.029233
0.028878 0.030062
0.028839 0.033075
0.028736 0.039664
0.028599 0.038254
0.028475 0.037325
0.028223 0.035744
0.028122 0.033720
0.028109 0.031909
0.027902 0.028959
0.027810 0.032015
0.027777 0.040180
0.027139 0.039139
0.027111 0.027844
0.027009 0.027627
0.026953 0.027068
0.026930 0.035253
0.026876 0.047103
0.026474 0.038070
0.026388 0.031139
0.026202 0.031714
0.026183 0.035683
0.026086 0.028282
0.025833 0.027010
0.025603 0.028238
0.025422 0.040159
0.025223 0.026737
0.025013 0.036045
0.024987 0.038308
0.024525 0.027076
0.024363 0.026326
0.024311 0.025518
0.024276 0.029131
0.024200 0.026091
0.024149 0.030361
0.024099 0.036610
0.023847 0.024928
0.023816 0.024105
0.023801 0.031891
0.023799 0.030623
0.023782 0.025616
0.023779 0.024058
0.023762 0.028140
0.023751 0.024672
0.023648 0.035820
0.023639 0.023730
0.023595 0.025382
0.023589 0.029143
0.023528 0.024500
0.023511 0.026308
0.023378 0.025470
0.023315 0.028651
0.023257 0.024005
0.023197 0.024913
0.023191 0.024150
0.023120 0.023466
0.022707 0.024208
0.022643 0.036009
0.022565 0.027219
0.022449 0.022641
0.022221 0.029051
0.022214 0.023383
0.022080 0.026790
0.022021 0.030139
0.021998 0.024943
0.021983 0.022683
0.021979 0.025338
0.021945 0.029080
0.021903 0.023152
0.021849 0.022155
0.021839 0.022523
0.021835 0.024909
0.021831 0.027351
0.021664 0.021894
0.021466 0.025008
0.021367 0.023513
0.021216 0.024289
0.021141 0.033284
0.020989 0.024430
0.020948 0.024756
0.020931 0.023694
0.020928 0.026402
0.020862 0.029195
0.020846 0.022799
0.020740 0.021890
0.020621 0.021471
0.020578 0.021423
0.020458 0.025068
0.020363 0.024748
0.020330 0.020587
0.020324 0.046754
0.020257 0.022979
0.020217 0.022870
0.020211 0.021544
0.020157 0.021306
0.020087 0.026240
0.020041 0.028768
0.020028 0.023183
0.019908 0.022913
0.019861 0.021004
0.019857 0.023700
0.019806 0.027691
0.019769 0.020813
0.019736 0.025949
0.019650 0.020733
0.019622 0.019931
0.019541 0.021324
0.019528 0.026622
0.019519 0.022301
0.019518 0.030273
0.019486 0.032422
0.019367 0.021993
0.019268 0.033066
0.019222 0.029482
0.019185 0.033273
0.019178 0.023179
0.019157 0.022251
0.019139 0.019573
0.019047 0.021753
0.019036 0.024485
0.019007 0.028325
0.018970 0.019179
0.018905 0.027291
0.018849 0.029630
0.018795 0.026312
0.018794 0.020164
0.018775 0.024952
0.018763 0.020114
0.018702 0.023820
0.018689 0.025343
0.018674 0.024683
0.018671 0.023474
0.018653 0.025725
0.018640 0.019480
0.018589 0.021544
0.018495 0.020414
0.018475 0.022429
0.018467 0.024793
0.018376 0.034955
0.018320 0.020596
0.018318 0.020884
0.018312 0.018564
0.018305 0.022071
0.018187 0.019177
0.018114 0.018249
0.018094 0.023844
0.018085 0.026492
0.018066 0.020882
0.017919 0.021240
0.017893 0.023550
0.017873 0.018008
0.017852 0.018705
0.017805 0.019407
0.017767 0.019289
0.017743 0.017918
0.017710 0.021682
0.017698 0.018133
0.017664 0.018691
0.017660 0.023486
0.017648 0.017825
0.017620 0.018482
0.017601 0.019438
0.017560 0.019904
0.017545 0.020348
0.017538 0.023177
0.017483 0.019337
0.017464 0.026254
0.017454 0.018758
0.017431 0.017594
0.017412 0.019531
0.017406 0.022438
0.017356 0.018529
0.017310 0.020203
0.017288 0.018469
0.017284 0.028646
0.017277 0.018546
0.017228 0.023278
0.017222 0.018955
0.017217 0.019810
0.017159 0.017430
0.017151 0.017656
0.017083 0.018345
0.017054 0.019083
0.017024 0.023336
0.017007 0.018781
0.016971 0.017860
0.016962 0.021865
0.016957 0.023012
0.016955 0.020249
0.016944 0.022102
0.016931 0.018460
0.016917 0.018897
0.016896 0.032996
0.016893 0.017026
0.016857 0.021372
0.016855 0.018972
0.016841 0.020225
0.016750 0.021321
0.016750 0.017558
0.016721 0.017482
0.016531 0.016674
0.016466 0.020536
0.016437 0.019965
0.016401 0.019545
0.016388 0.023114
0.016345 0.017201
0.016341 0.019618
0.016327 0.019533
0.016324 0.022114
0.016315 0.018386
0.016297 0.019078
0.016294 0.017239
0.016286 0.016396
0.016249 0.016769
0.016247 0.017436
0.016207 0.017731
0.016190 0.018951
0.016151 0.019169
0.016133 0.017636
0.016077 0.016326
0.016074 0.017353
0.016066 0.017647
0.016037 0.018831
0.016009 0.019203
0.015978 0.017111
0.015935 0.020885
0.015912 0.016759
0.015857 0.017885
0.015803 0.023067
0.015785 0.016688
0.015755 0.019353
0.015754 0.021957
0.015747 0.016854
0.015722 0.016567
0.015705 0.030773
0.015697 0.019763
0.015693 0.024954
0.015692 0.017598
0.015650 0.020348
0.015649 0.016352
0.015649 0.023355
0.015646 0.016645
0.015625 0.019467
0.015609 0.023831
0.015550 0.016976
0.015512 0.016614
0.015499 0.021981
0.015461 0.018212
0.015460 0.021433
0.015451 0.016295
0.015444 0.025937
0.015392 0.016390
0.015389 0.015444
0.015375 0.021536
0.015374 0.017217
0.015370 0.017578
0.015369 0.020019
0.015363 0.017961
0.015358 0.016288
0.015330 0.019094
0.015305 0.018366
0.015237 0.017596
0.015172 0.015539
0.015172 0.015547
0.015144 0.018974
0.015142 0.015195
0.015139 0.020935
0.015133 0.015778
0.015108 0.023014
0.015075 0.021558
0.015050 0.018986
0.014971 0.015025
0.014968 0.016799
0.014955 0.014964
0.014918 0.026605
0.014905 0.018632
0.014902 0.019650
0.014882 0.015118
0.014862 0.015988
0.014842 0.016943
0.014833 0.016295
0.014823 0.021120
0.014798 0.019614
0.014773 0.015328
0.014773 0.020624
0.014766 0.021228
0.014731 0.016348
0.014708 0.015672
0.014700 0.027342
0.014669 0.027798
0.014664 0.020499
0.014597 0.016407
0.014581 0.019573
0.014581 0.020161
0.014578 0.015903
0.014564 0.023762
0.014558 0.015455
0.014555 0.018514
0.014552 0.021764
0.014506 0.014910
0.014506 0.015577
0.014475 0.017672
0.014473 0.016248
0.014466 0.018179
0.014454 0.026361
0.014426 0.019710
0.014377 0.018864
0.014363 0.016174
0.014341 0.016233
0.014288 0.023212
0.014286 0.023139
0.014267 0.016771
0.014233 0.020199
0.014208 0.018750
0.014180 0.029178
0.014172 0.017034
0.014103 0.028020
0.014094 0.023691
0.014086 0.017610
0.014085 0.015210
0.014067 0.020501
0.014041 0.015759
0.014037 0.019249
0.014035 0.021447
0.014021 0.023432
0.014001 0.017989
0.013981 0.014165
0.013959 0.014316
0.013951 0.015443
0.013920 0.016195
0.013916 0.013988
0.013913 0.026831
0.013878 0.023282
0.013853 0.015001
0.013788 0.014702
0.013781 0.014414
0.013772 0.015027
0.013768 0.017006
0.013766 0.014876
0.013761 0.014769
0.013713 0.024645
0.013690 0.013719
0.013685 0.013840
0.013678 0.015202
0.013605 0.014444
0.013586 0.013886
0.013567 0.013847
0.013552 0.018148
0.013532 0.013578
0.013526 0.016492
0.013515 0.013714
0.013513 0.013932
0.013478 0.013599
0.013468 0.019866
0.013467 0.015684
0.013465 0.015509
0.013457 0.013825
0.013437 0.013909
0.013433 0.013795
0.013424 0.013780
0.013422 0.015952
0.013372 0.017786
0.013360 0.013865
0.013328 0.014343
0.013321 0.015056
0.013320 0.014115
0.013248 0.016269
0.013241 0.013877
0.013205 0.014384
0.013189 0.014704
0.013159 0.013885
0.013150 0.013469
0.013134 0.016729
0.013123 0.014858
0.013108 0.014556
0.013079 0.013215
0.013067 0.017806
0.013066 0.015965
0.013059 0.016441
0.013035 0.013914
0.013032 0.023397
0.013015 0.016509
0.013000 0.014833
0.012980 0.014628
0.012968 0.013294
0.012962 0.022609
0.012940 0.026005
0.012918 0.027200
0.012914 0.014297
0.012867 0.016237
0.012845 0.014387
0.012842 0.019567
0.012840 0.014887
0.012836 0.019669
0.012832 0.013782
0.012818 0.012934
0.012783 0.015081
0.012778 0.019091
0.012749 0.021221
0.012731 0.014023
0.012680 0.014758
0.012673 0.014448
0.012659 0.020979
0.012626 0.015146
0.012610 0.013484
0.012502 0.014096
0.012455 0.016015
0.012428 0.014163
0.012426 0.021583
0.012420 0.014603
0.012413 0.018706
0.012390 0.019468
0.012379 0.015599
0.012371 0.023516
0.012354 0.013101
0.012334 0.016802
0.012333 0.012864
0.012310 0.020828
0.012283 0.015446
0.012230 0.017027
0.012219 0.015311
0.012208 0.014605
0.012194 0.013538
0.012190 0.015580
0.012173 0.012990
0.012169 0.018353
0.012152 0.015328
0.012145 0.020478
0.012129 0.012203
0.012111 0.012393
0.012098 0.019195
0.012089 0.021408
0.012083 0.014623
0.012081 0.013665
0.012073 0.018720
0.012065 0.026397
0.012047 0.013755
0.012014 0.014475
0.012007 0.015199
0.012005 0.012302
0.011986 0.013189
0.011974 0.012296
0.011973 0.015710
0.011969 0.026630
0.011956 0.012570
0.011944 0.020943
0.011914 0.012742
0.011903 0.014467
0.011893 0.013604
0.011883 0.013484
0.011880 0.013103
0.011853 0.013596
0.011850 0.012334
0.011847 0.015716
0.011846 0.011953
0.011836 0.018686
0.011807 0.015996
0.011803 0.012428
0.011797 0.012590
0.011794 0.013151
0.011663 0.012430
0.011662 0.014676
0.011643 0.011776
0.011641 0.011915
0.011640 0.013718
0.011613 0.012204
0.011607 0.011930
0.011606 0.015099
0.011594 0.012759
0.011585 0.019184
0.011579 0.012221
0.011557 0.011734
0.011550 0.012175
0.011541 0.025772
0.011531 0.013860
0.011530 0.014735
0.011500 0.011866
0.011494 0.011803
0.011475 0.011504
0.011436 0.011439
0.011427 0.013589
0.011425 0.012592
0.011405 0.012193
0.011380 0.025412
0.011360 0.022075
0.011332 0.011892
0.011309 0.018909
0.011282 0.025235
0.011260 0.013616
0.011260 0.013020
0.011259 0.017225
0.011233 0.012369
0.011216 0.015741
0.011189 0.011743
0.011149 0.011271
0.011134 0.026386
0.011134 0.012442
0.011126 0.016422
0.011118 0.019887
0.011104 0.012461
0.011103 0.014994
0.011100 0.020192
0.011089 0.013473
0.011076 0.012425
0.011068 0.012556
0.011061 0.019596
0.011055 0.011841
0.011049 0.013259
0.011038 0.011448
0.011035 0.012690
0.011033 0.017021
0.011015 0.014754
0.010999 0.011891
0.010995 0.011159
0.010979 0.015876
0.010976 0.012105
0.010972 0.011265
0.010960 0.018879
0.010954 0.012075
0.010938 0.011420
0.010937 0.011448
0.010925 0.011612
0.010899 0.011724
0.010873 0.011290
0.010862 0.011337
0.010861 0.014086
0.010855 0.015731
0.010852 0.015273
0.010839 0.013568
0.010837 0.011131
0.010836 0.011707
0.010831 0.013668
0.010826 0.014963
0.010819 0.011142
0.010813 0.012285
0.010808 0.014389
0.010797 0.011110
0.010768 0.011065
0.010765 0.012539
0.010762 0.011949
0.010758 0.012132
0.010749 0.011499
0.010738 0.012470
0.010714 0.011016
0.010710 0.011873
0.010704 0.012354
0.010689 0.011537
0.010683 0.010934
0.010673 0.012036
0.010666 0.010714
0.010659 0.015329
0.010658 0.012217
0.010647 0.010649
0.010641 0.012657
0.010590 0.013931
0.010588 0.018263
0.010574 0.016712
0.010572 0.012286
0.010569 0.012870
0.010567 0.013992
0.010563 0.010654
0.010562 0.010713
0.010561 0.016990
0.010557 0.010645
0.010552 0.010725
0.010535 0.012000
0.010532 0.022634
0.010526 0.011024
0.010508 0.011000
0.010490 0.010497
0.010483 0.012239
0.010471 0.011379
0.010470 0.011083
0.010460 0.015276
0.010446 0.016405
0.010426 0.010819
0.010416 0.012493
0.010415 0.010743
0.010404 0.015216
0.010401 0.011449
0.010375 0.011550
0.010375 0.011992
0.010350 0.010814
0.010350 0.010551
0.010347 0.013043
0.010341 0.022018
0.010337 0.012279
0.010332 0.012071
0.010301 0.012219
0.010298 0.011395
0.010281 0.011683
0.010277 0.011257
0.010254 0.010907
0.010254 0.011545
0.010253 0.012760
0.010251 0.010872
0.010246 0.013946
0.010243 0.011525
0.010242 0.011879
0.010241 0.011044
0.010233 0.020848
0.010228 0.013067
0.010226 0.015501
0.010224 0.011051
0.010221 0.010467
0.010205 0.019467
0.010198 0.013178
0.010187 0.014253
0.010162 0.015403
0.010155 0.010405
0.010134 0.015173
0.010132 0.010463
0.010117 0.016584
0.010073 0.010754
0.010073 0.012390
0.010070 0.010762
0.010067 0.010109
0.010048 0.019122
0.010044 0.013077
0.010037 0.011886
0.010027 0.013224
0.010025 0.010650
0.010006 0.013717
0.009997 0.019922
0.009991 0.014122
0.009986 0.012162
0.009980 0.015102
0.009968 0.010205
0.009968 0.017371
0.009963 0.010671
0.009946 0.011161
0.009937 0.010070
0.009926 0.019423
0.009898 0.010317
0.009888 0.011488
0.009884 0.017080
0.009882 0.013041
0.009878 0.010201
0.009875 0.010152
0.009863 0.010457
0.009836 0.016575
0.009798 0.010631
0.009797 0.013767
0.009790 0.010199
0.009788 0.010104
0.009788 0.009827
0.009781 0.010891
0.009764 0.010382
0.009716 0.010851
0.009712 0.010733
0.009707 0.009886
0.009706 0.010182
0.009694 0.011188
0.009683 0.012317
0.009663 0.011251
0.009661 0.021104
0.009661 0.011820
0.009658 0.011600
0.009658 0.013358
0.009639 0.014970
0.009636 0.010424
0.009634 0.013822
0.009631 0.009874
0.009625 0.010746
0.009624 0.010864
0.009618 0.011022
0.009610 0.015620
0.009610 0.009984
0.009609 0.010235
0.009608 0.010377
0.009604 0.009818
0.009593 0.017969
0.009588 0.010543
0.009585 0.009621
0.009574 0.010225
0.009574 0.016641
0.009555 0.009680
0.009548 0.011514
0.009526 0.013991
0.009526 0.009968
0.009521 0.012645
0.009517 0.011152
0.009515 0.010775
0.009511 0.011137
0.009510 0.015339
0.009506 0.014934
0.009505 0.011256
0.009502 0.009806
0.009497 0.011041
0.009497 0.011261
0.009493 0.013414
0.009490 0.009877
0.009462 0.012263
0.009454 0.009575
0.009447 0.010339
0.009441 0.012988
0.009441 0.009513
0.009440 0.010706
0.009422 0.010997
0.009415 0.009677
0.009406 0.014040
0.009405 0.009640
0.009398 0.011253
0.009393 0.015348
0.009390 0.010915
0.009385 0.013357
0.009384 0.011460
0.009381 0.011550
0.009380 0.010174
0.009372 0.013994
0.009370 0.009372
0.009355 0.009394
0.009353 0.009507
0.009348 0.009994
0.009341 0.011799
0.009338 0.012682
0.009318 0.012348
0.009314 0.011948
0.009310 0.011420
0.009306 0.010375
0.009301 0.009864
0.009295 0.010840
0.009292 0.017305
0.009290 0.014179
0.009273 0.009858
0.009272 0.009853
0.009264 0.010540
0.009255 0.010140
0.009248 0.012030
0.009245 0.010475
0.009240 0.010229
0.009237 0.009496
0.009226 0.010017
0.009217 0.009300
0.009205 0.009292
0.009202 0.010244
0.009201 0.010320
0.009191 0.010144
0.009181 0.009451
0.009175 0.009716
0.009167 0.011839
0.009156 0.010815
0.009154 0.009326
0.009145 0.011004
0.009133 0.010150
0.009129 0.009927
0.009128 0.012200
0.009124 0.009957
0.009121 0.013038
0.009119 0.009950
0.009119 0.009409
0.009116 0.009835
0.009098 0.011704
0.009088 0.015554
0.009085 0.011666
0.009080 0.010069
0.009073 0.010513
0.009068 0.009375
0.009068 0.011302
0.009049 0.009234
0.009048 0.010216
0.009023 0.009139
0.009016 0.010753
0.009004 0.010766
0.009002 0.009669
0.009000 0.011467
0.008997 0.011197
0.008995 0.010737
0.008994 0.012623
0.008992 0.009827
0.008992 0.009253
0.008990 0.013210
0.008988 0.010305
0.008982 0.011814
0.008973 0.011242
0.008955 0.014481
0.008950 0.010508
0.008947 0.013223
0.008946 0.009556
0.008935 0.009751
0.008934 0.008977
0.008926 0.009861
0.008921 0.011521
0.008920 0.011979
0.008920 0.016110
0.008915 0.015296
0.008907 0.009704
0.008892 0.010080
0.008874 0.009465
0.008867 0.017872
0.008867 0.010602
0.008858 0.011074
0.008855 0.011183
0.008853 0.009219
0.008849 0.011357
0.008839 0.011212
0.008826 0.008984
0.008820 0.014326
0.008816 0.009038
0.008813 0.009833
0.008804 0.010661
0.008802 0.009403
0.008802 0.011025
0.008801 0.008974
0.008799 0.010411
0.008788 0.009058
0.008779 0.009717
0.008771 0.011580
0.008768 0.016361
0.008768 0.012143
0.008763 0.017063
0.008762 0.013182
0.008755 0.010035
0.008751 0.013512
0.008746 0.012591
0.008742 0.010289
0.008738 0.010322
0.008711 0.010014
0.008707 0.008795
0.008699 0.009929
0.008698 0.008989
0.008672 0.009023
0.008651 0.011338
0.008649 0.009020
0.008638 0.015118
0.008633 0.008722
0.008626 0.012470
0.008622 0.010793
0.008611 0.010630
0.008611 0.009105
0.008611 0.009294
0.008610 0.009398
0.008595 0.014240
0.008592 0.009658
0.008589 0.009564
0.008584 0.009905
0.008580 0.010963
0.008573 0.012353
0.008566 0.012261
0.008561 0.010681
0.008559 0.008955
0.008544 0.008662
0.008543 0.009055
0.008534 0.011921
0.008513 0.008998
0.008511 0.009067
0.008502 0.014176
0.008502 0.008904
0.008500 0.009761
0.008499 0.011722
0.008498 0.012541
0.008493 0.009140
0.008493 0.011393
0.008489 0.010198
0.008489 0.008861
0.008488 0.010929
0.008487 0.008687
0.008485 0.008747
0.008480 0.008861
0.008474 0.009412
0.008471 0.009035
0.008464 0.009690
0.008460 0.011333
0.008450 0.012348
0.008438 0.009935
0.008436 0.011407
0.008433 0.011406
0.008425 0.008796
0.008418 0.009249
0.008409 0.011722
0.008395 0.011940
0.008393 0.008680
0.008393 0.011511
0.008389 0.009681
0.008387 0.018686
0.008373 0.008453
0.008371 0.013934
0.008370 0.008373
0.008366 0.018355
0.008361 0.012376
0.008355 0.011612
0.008344 0.012698
0.008341 0.009527
0.008331 0.008340
0.008325 0.009455
0.008322 0.009646
0.008321 0.008629
0.008318 0.009701
0.008300 0.008336
0.008300 0.009277
0.008293 0.008298
0.008290 0.011063
0.008282 0.008874
0.008276 0.009078
0.008276 0.011900
0.008274 0.009730
0.008273 0.008354
0.008273 0.020813
0.008273 0.009691
0.008272 0.009374
0.008270 0.009146
0.008262 0.010409
0.008261 0.009123
0.008261 0.010318
0.008260 0.008310
0.008260 0.009887
0.008259 0.010926
0.008255 0.008512
0.008248 0.008586
0.008240 0.010039
0.008237 0.015113
0.008233 0.009393
0.008221 0.011745
0.008221 0.009003
0.008207 0.013874
0.008204 0.008541
0.008201 0.008438
0.008200 0.008604
0.008199 0.013047
0.008198 0.008406
0.008190 0.008411
0.008190 0.011597
0.008188 0.008189
0.008186 0.011827
0.008181 0.008188
0.008174 0.009169
0.008171 0.009440
0.008166 0.009229
0.008160 0.009594
0.008149 0.012148
0.008145 0.012240
0.008141 0.009394
0.008137 0.012420
0.008134 0.008313
0.008133 0.014642
0.008132 0.008419
0.008118 0.011937
0.008111 0.009019
0.008109 0.008688
0.008106 0.010006
0.008102 0.009731
0.008091 0.011127
0.008087 0.011074
0.008086 0.008212
0.008079 0.009268
0.008074 0.008099
0.008046 0.008433
0.008046 0.010526
0.008032 0.008250
0.008029 0.010010
0.008017 0.010562
0.008016 0.012036
0.008010 0.009318
0.008008 0.008633
0.007992 0.009979
0.007991 0.010837
0.007986 0.009276
0.007973 0.008059
0.007966 0.011613
0.007964 0.010316
0.007960 0.008449
0.007955 0.008675
0.007953 0.008293
0.007949 0.013625
0.007944 0.008474
0.007939 0.008374
0.007938 0.013416
0.007910 0.014513
0.007897 0.015455
0.007896 0.010362
0.007896 0.008760
0.007891 0.008651
0.007891 0.008311
0.007889 0.008392
0.007880 0.008383
0.007879 0.011220
0.007876 0.013078
0.007867 0.008762
0.007864 0.009392
0.007862 0.008831
0.007860 0.007904
0.007860 0.012819
0.007857 0.008010
0.007854 0.008363
0.007848 0.014136
0.007844 0.008785
0.007843 0.009000
0.007843 0.008480
0.007839 0.015727
0.007838 0.008936
0.007830 0.011293
0.007819 0.008322
0.007818 0.012801
0.007817 0.009446
0.007806 0.011601
0.007805 0.009200
0.007804 0.012174
0.007802 0.009749
0.007795 0.008426
0.007789 0.009151
0.007788 0.009693
0.007784 0.008561
0.007768 0.008304
0.007766 0.009638
0.007763 0.011423
0.007762 0.010376
0.007753 0.008376
0.007732 0.010898
0.007726 0.009242
0.007721 0.012854
0.007708 0.008525
0.007706 0.009850
0.007695 0.012650
0.007688 0.008721
0.007682 0.008006
0.007681 0.008181
0.007678 0.007728
0.007671 0.011376
0.007668 0.007853
0.007667 0.009473
0.007664 0.008728
0.007663 0.008674
0.007662 0.012580
0.007660 0.007924
0.007658 0.008115
0.007657 0.007661
0.007654 0.008103
0.007654 0.014654
0.007649 0.008407
0.007643 0.015423
0.007638 0.010068
0.007629 0.007721
0.007627 0.007921
0.007617 0.008824
0.007615 0.008272
0.007602 0.008824
0.007595 0.009579
0.007586 0.007784
0.007584 0.010703
0.007583 0.011272
0.007581 0.008031
0.007578 0.008768
0.007573 0.007908
0.007564 0.008369
0.007554 0.008043
0.007546 0.009377
0.007543 0.008019
0.007529 0.008174
0.007511 0.007722
0.007509 0.010338
0.007507 0.011769
0.007506 0.007766
0.007502 0.012149
0.007499 0.007511
0.007499 0.008327
0.007496 0.009530
0.007496 0.007498
0.007489 0.010110
0.007482 0.007895
0.007476 0.009441
0.007471 0.007623
0.007470 0.007628
0.007465 0.009257
0.007463 0.009067
0.007458 0.008456
0.007458 0.010035
0.007457 0.010617
0.007448 0.010866
0.007442 0.007630
0.007438 0.011989
0.007435 0.008333
0.007433 0.008211
0.007433 0.007525
0.007425 0.008495
0.007423 0.011748
0.007421 0.008634
0.007420 0.008183
0.007420 0.009474
0.007417 0.007932
0.007416 0.007534
0.007413 0.008145
0.007409 0.009461
0.007395 0.008187
0.007394 0.009800
0.007393 0.010811
0.007393 0.007766
0.007375 0.007438
0.007374 0.012886
0.007373 0.008396
0.007373 0.007600
0.007372 0.007386
0.007372 0.009237
0.007371 0.013998
0.007371 0.009486
0.007369 0.007808
0.007359 0.008288
0.007347 0.009355
0.007341 0.009933
0.007336 0.011970
0.007336 0.008099
0.007326 0.008542
0.007318 0.008497
0.007305 0.008045
0.007303 0.009011
0.007290 0.008128
0.007289 0.011943
0.007287 0.007971
0.007270 0.009587
0.007266 0.008590
0.007266 0.007293
0.007263 0.007351
0.007263 0.007873
0.007260 0.007479
0.007259 0.010772
0.007252 0.007564
0.007251 0.009407
0.007250 0.007548
0.007246 0.011352
0.007245 0.011513
0.007245 0.012627
0.007244 0.008674
0.007233 0.014552
0.007232 0.009047
0.007229 0.009370
0.007229 0.009330
0.007223 0.009951
0.007223 0.007801
0.007223 0.012449
0.007218 0.007747
0.007212 0.008439
0.007211 0.009366
0.007211 0.007328
0.007208 0.010135
0.007201 0.008180
0.007193 0.007215
0.007191 0.008201
0.007189 0.012220
0.007182 0.008454
0.007177 0.007672
0.007170 0.010512
0.007163 0.009253
0.007162 0.008522
0.007156 0.008500
0.007156 0.008002
0.007153 0.015491
0.007145 0.007763
0.007144 0.018765
0.007143 0.007959
0.007139 0.009238
0.007137 0.007707
0.007134 0.007853
0.007129 0.009090
0.007127 0.008819
0.007124 0.010195
0.007123 0.009995
0.007117 0.010885
0.007116 0.007861
0.007112 0.008302
0.007107 0.007676
0.007104 0.007833
0.007104 0.007794
0.007102 0.007777
0.007102 0.007674
0.007099 0.007267
0.007092 0.009152
0.007089 0.007210
0.007086 0.008814
0.007073 0.007588
0.007072 0.010601
0.007069 0.009069
0.007069 0.009672
0.007069 0.007111
0.007064 0.015106
0.007063 0.008684
0.007058 0.007980
0.007058 0.007317
0.007054 0.007857
0.007053 0.011624
0.007050 0.007533
0.007049 0.007596
0.007044 0.007517
0.007042 0.008942
0.007033 0.009247
0.007031 0.007465
0.007030 0.012543
0.007030 0.013838
0.007028 0.007366
0.007026 0.010381
0.007016 0.007386
0.007014 0.007255
0.007013 0.007640
0.007007 0.012252
0.007004 0.014712
0.007000 0.008046
0.006989 0.007562
0.006989 0.008205
0.006985 0.007227
0.006985 0.012181
0.006983 0.008014
0.006979 0.007086
0.006978 0.015043
0.006977 0.010142
0.006977 0.010216
0.006974 0.007804
0.006973 0.011586
0.006968 0.007925
0.006960 0.008240
0.006953 0.010279
0.006949 0.009314
0.006943 0.008244
0.006929 0.007066
0.006929 0.009124
0.006928 0.008727
0.006926 0.013804
0.006924 0.007984
0.006923 0.007332
0.006919 0.008249
0.006918 0.008481
0.006917 0.008509
0.006916 0.006988
0.006915 0.007870
0.006912 0.010869
0.006908 0.007081
0.006896 0.006912
0.006893 0.013262
0.006892 0.007297
0.006892 0.007617
0.006890 0.010554
0.006885 0.011984
0.006882 0.007458
0.006880 0.008067
0.006875 0.007966
0.006874 0.009117
0.006868 0.007725
0.006864 0.007494
0.006863 0.010380
0.006856 0.006903
0.006855 0.008882
0.006852 0.007238
0.006850 0.007068
0.006846 0.007095
0.006843 0.011840
0.006842 0.007035
0.006837 0.009165
0.006831 0.007135
0.006825 0.010374
0.006822 0.007737
0.006820 0.009116
0.006817 0.007038
0.006817 0.007789
0.006813 0.012753
0.006801 0.008390
0.006799 0.007240
0.006797 0.007187
0.006783 0.009369
0.006774 0.006794
0.006772 0.012073
0.006764 0.008322
0.006759 0.006889
0.006755 0.008193
0.006755 0.012501
0.006752 0.007058
0.006750 0.008333
0.006747 0.007139
0.006747 0.011342
0.006737 0.007093
0.006736 0.011919
0.006733 0.013960
0.006723 0.006999
0.006721 0.012579
0.006708 0.012927
0.006699 0.006897
0.006699 0.008353
0.006698 0.007772
0.006697 0.007094
0.006691 0.007791
0.006687 0.006760
0.006685 0.009765
0.006677 0.010062
0.006676 0.009737
0.006675 0.012337
0.006675 0.007587
0.006670 0.009019
0.006665 0.007497
0.006656 0.008311
0.006655 0.008014
0.006645 0.007004
0.006641 0.008901
0.006638 0.007741
0.006635 0.007356
0.006632 0.006844
0.006627 0.007194
0.006624 0.007066
0.006622 0.007695
0.006619 0.012254
0.006607 0.008411
0.006604 0.006734
0.006601 0.006744
0.006600 0.007171
0.006596 0.010769
0.006593 0.009145
0.006592 0.007251
0.006580 0.007142
0.006578 0.014163
0.006572 0.008389
0.006570 0.006911
0.006569 0.006801
0.006566 0.006972
0.006564 0.008186
0.006563 0.009592
0.006562 0.010593
0.006554 0.006712
0.006551 0.007178
0.006549 0.006722
0.006547 0.008620
0.006546 0.008179
0.006544 0.008600
0.006543 0.006637
0.006543 0.010013
0.006540 0.010254
0.006539 0.006993
0.006537 0.007162
0.006536 0.015642
0.006535 0.009207
0.006524 0.006945
0.006511 0.006831
0.006507 0.006726
0.006504 0.007635
0.006503 0.008435
0.006503 0.006835
0.006501 0.007234
0.006494 0.007545
0.006493 0.012340
0.006493 0.007520
0.006491 0.007805
0.006489 0.006890
0.006488 0.014641
0.006486 0.006890
0.006486 0.014641
0.006481 0.009397
0.006478 0.011701
0.006476 0.008015
0.006475 0.006801
0.006472 0.006501
0.006469 0.010184
0.006463 0.007362
0.006462 0.006698
0.006460 0.006463
0.006459 0.008204
0.006459 0.011618
0.006450 0.010897
0.006444 0.008132
0.006441 0.007144
0.006441 0.007199
0.006432 0.010622
0.006429 0.007046
0.006425 0.011369
0.006423 0.006846
0.006422 0.006499
0.006420 0.009072
0.006410 0.008945
0.006399 0.006489
0.006394 0.006423
0.006374 0.007088
0.006372 0.007380
0.006371 0.007944
0.006370 0.007405
0.006365 0.006586
0.006362 0.006411
0.006359 0.008315
0.006358 0.009516
0.006358 0.006460
0.006356 0.009078
0.006354 0.007066
0.006352 0.006388
0.006352 0.009434
0.006351 0.006824
0.006343 0.007334
0.006342 0.010503
0.006341 0.006725
0.006341 0.006992
0.006338 0.009805
0.006338 0.006887
0.006334 0.011502
0.006331 0.006399
0.006329 0.006657
0.006323 0.007403
0.006320 0.015009
0.006320 0.009979
0.006317 0.010275
0.006315 0.006343
0.006307 0.009219
0.006306 0.010132
0.006294 0.006925
0.006293 0.006522
0.006291 0.006792
0.006290 0.006488
0.006285 0.008032
0.006281 0.009016
0.006276 0.008685
0.006276 0.008870
0.006272 0.007749
0.006271 0.007922
0.006270 0.007222
0.006268 0.006269
0.006266 0.011377
0.006265 0.006563
0.006262 0.008887
0.006261 0.011828
0.006247 0.007503
0.006246 0.006367
0.006233 0.007281
0.006214 0.008753
0.006212 0.009759
0.006212 0.007852
0.006211 0.006725
0.006206 0.006507
0.006204 0.009320
0.006199 0.006977
0.006198 0.009441
0.006198 0.006741
0.006191 0.006929
0.006190 0.012988
0.006188 0.006362
0.006180 0.006679
0.006176 0.008070
0.006172 0.006226
0.006169 0.008347
0.006168 0.007428
0.006167 0.007441
0.006165 0.007474
0.006165 0.006237
0.006165 0.007199
0.006164 0.007027
0.006162 0.009584
0.006160 0.007826
0.006159 0.007703
0.006159 0.008428
0.006154 0.007194
0.006150 0.006510
0.006150 0.007233
0.006149 0.007151
0.006148 0.009888
0.006146 0.010542
0.006143 0.012157
0.006138 0.006204
0.006137 0.012610
0.006136 0.006803
0.006134 0.008097
0.006133 0.006493
0.006132 0.006545
0.006130 0.006353
0.006124 0.006171
0.006119 0.007015
0.006117 0.006442
0.006115 0.006285
0.006113 0.007625
0.006113 0.010139
0.006112 0.008523
0.006106 0.007527
0.006105 0.007152
0.006105 0.010642
0.006104 0.007123
0.006092 0.006502
0.006088 0.006824
0.006084 0.008445
0.006081 0.006464
0.006078 0.006258
0.006075 0.010423
0.006074 0.007132
0.006072 0.008604
0.006069 0.006086
0.006066 0.006491
0.006064 0.011449
0.006062 0.009838
0.006060 0.007162
0.006058 0.009312
0.006057 0.006505
0.006057 0.010688
0.006057 0.008818
0.006049 0.007270
0.006049 0.006258
0.006048 0.009375
0.006048 0.006425
0.006048 0.008639
0.006042 0.006717
0.006042 0.011695
0.006042 0.007905
0.006041 0.006339
0.006038 0.009348
0.006030 0.010235
0.006030 0.006617
0.006027 0.007260
0.006021 0.008240
0.006017 0.006156
0.006016 0.007346
0.006015 0.006279
0.006014 0.009920
0.006007 0.009402
0.006001 0.008424
0.006000 0.006574
0.006000 0.009172
0.005999 0.006157
0.005997 0.012665
0.005989 0.006569
0.005988 0.008133
0.005986 0.006734
0.005986 0.006074
0.005979 0.007550
0.005975 0.007616
0.005970 0.006618
0.005966 0.006165
0.005965 0.006180
0.005960 0.008424
0.005952 0.008551
0.005951 0.009606
0.005934 0.006900
0.005931 0.006663
0.005930 0.006597
0.005926 0.009589
0.005925 0.006404
0.005921 0.006271
0.005905 0.006793
0.005905 0.007466
0.005900 0.006267
0.005900 0.009069
0.005895 0.009729
0.005890 0.006795
0.005887 0.008407
0.005885 0.009610
0.005885 0.011623
0.005881 0.008655
0.005880 0.005930
0.005880 0.009026
0.005880 0.006399
0.005878 0.007443
0.005859 0.006497
0.005854 0.011241
0.005854 0.007416
0.005853 0.006670
0.005852 0.006918
0.005852 0.006435
0.005847 0.006547
0.005845 0.010269
0.005845 0.006294
0.005844 0.005967
0.005840 0.006650
0.005840 0.006344
0.005836 0.008074
0.005836 0.006393
0.005817 0.005831
0.005813 0.006915
0.005807 0.006209
0.005806 0.006859
0.005801 0.006775
0.005800 0.007771
0.005797 0.006465
0.005795 0.006083
0.005795 0.005849
0.005792 0.006118
0.005787 0.006157
0.005785 0.008420
0.005783 0.006979
0.005779 0.007112
0.005779 0.008889
0.005773 0.005877
0.005766 0.010388
0.005760 0.006680
0.005755 0.008558
0.005755 0.006590
0.005754 0.008846
0.005753 0.007041
0.005753 0.007669
0.005751 0.006086
0.005748 0.006101
0.005737 0.011165
0.005732 0.006005
0.005728 0.007630
0.005727 0.008621
0.005726 0.007849
0.005726 0.006206
0.005725 0.006916
0.005724 0.006177
0.005724 0.006954
0.005723 0.007101
0.005721 0.005833
0.005720 0.005814
0.005718 0.005820
0.005712 0.006850
0.005707 0.006730
0.005700 0.005753
0.005698 0.005915
0.005695 0.005930
0.005693 0.006994
0.005690 0.006387
0.005690 0.007733
0.005686 0.007329
0.005677 0.006069
0.005674 0.009355
0.005671 0.007462
0.005670 0.006163
0.005665 0.006382
0.005663 0.007265
0.005662 0.007181
0.005658 0.007261
0.005655 0.008785
0.005643 0.005752
0.005639 0.006393
0.005637 0.007055
0.005634 0.005819
0.005632 0.006936
0.005632 0.005766
0.005630 0.008546
0.005630 0.006170
0.005629 0.007440
0.005623 0.008202
0.005618 0.005857
0.005617 0.006730
0.005617 0.006795
0.005614 0.005694
0.005610 0.005618
0.005609 0.011228
0.005603 0.006086
0.005597 0.007944
0.005596 0.007087
0.005595 0.007179
0.005589 0.007120
0.005587 0.005929
0.005587 0.012469
0.005585 0.007043
0.005584 0.005707
0.005582 0.006948
0.005578 0.005997
0.005578 0.009401
0.005578 0.005667
0.005573 0.005962
0.005572 0.005643
0.005569 0.005699
0.005565 0.007466
0.005559 0.008921
0.005552 0.006606
0.005552 0.007898
0.005550 0.005939
0.005549 0.006199
0.005549 0.006894
0.005547 0.009136
0.005547 0.007698
0.005543 0.006931
0.005537 0.005978
0.005536 0.009746
0.005526 0.005737
0.005524 0.005681
0.005521 0.006332
0.005520 0.009244
0.005514 0.007682
0.005513 0.010572
0.005510 0.007445
0.005509 0.005896
0.005507 0.006299
0.005507 0.006160
0.005504 0.006283
0.005503 0.006463
0.005502 0.007109
0.005500 0.008327
0.005497 0.008988
0.005496 0.005534
0.005495 0.009648
0.005485 0.006190
0.005484 0.005607
0.005482 0.005715
0.005478 0.005982
0.005478 0.008971
0.005475 0.008820
0.005475 0.005492
0.005472 0.012280
0.005470 0.006170
0.005470 0.007972
0.005467 0.007034
0.005467 0.008482
0.005466 0.006082
0.005461 0.006758
0.005456 0.007100
0.005452 0.005570
0.005449 0.005946
0.005448 0.005754
0.005446 0.006066
0.005444 0.009231
0.005442 0.006558
0.005442 0.006078
0.005441 0.005918
0.005440 0.010063
0.005440 0.007910
0.005438 0.005588
0.005434 0.005847
0.005432 0.005836
0.005432 0.006022
0.005432 0.005733
0.005431 0.005780
0.005426 0.006440
0.005425 0.006178
0.005424 0.005455
0.005421 0.007478
0.005420 0.005495
0.005417 0.006103
0.005413 0.005841
0.005410 0.006524
0.005410 0.012481
0.005409 0.007503
0.005402 0.006069
0.005402 0.005705
0.005399 0.008590
0.005398 0.009740
0.005394 0.005820
0.005385 0.005392
0.005379 0.006020
0.005376 0.005775
0.005375 0.006397
0.005374 0.006575
0.005373 0.007221
0.005370 0.006027
0.005370 0.005380
0.005366 0.006721
0.005364 0.006102
0.005355 0.005652
0.005351 0.007697
0.005350 0.006779
0.005348 0.006378
0.005347 0.005758
0.005347 0.007235
0.005345 0.005378
0.005344 0.005753
0.005336 0.005481
0.005336 0.008776
0.005332 0.007043
0.005330 0.005559
0.005328 0.006279
0.005326 0.006483
0.005321 0.005411
0.005319 0.005699
0.005317 0.005669
0.005316 0.006608
0.005305 0.005614
0.005304 0.006146
0.005304 0.006610
0.005304 0.005459
0.005303 0.006498
0.005298 0.007438
0.005298 0.008405
0.005295 0.005327
0.005288 0.006964
0.005287 0.006869
0.005287 0.010363
0.005286 0.006532
0.005282 0.007353
0.005277 0.006593
0.005276 0.006727
0.005275 0.005632
0.005266 0.006239
0.005266 0.006335
0.005265 0.005646
0.005262 0.005984
0.005262 0.008218
0.005261 0.005441
0.005260 0.005556
0.005258 0.005724
0.005257 0.006783
0.005257 0.006524
0.005257 0.005729
0.005256 0.005699
0.005256 0.006175
0.005255 0.006901
0.005251 0.005830
0.005250 0.005832
0.005245 0.005681
0.005243 0.006099
0.005240 0.005961
0.005237 0.006834
0.005235 0.008084
0.005225 0.006145
0.005224 0.006338
0.005223 0.005990
0.005223 0.008450
0.005217 0.006386
0.005215 0.009883
0.005208 0.005410
0.005204 0.006858
0.005204 0.007540
0.005200 0.005499
0.005199 0.006465
0.005199 0.009284
0.005197 0.005557
0.005194 0.006489
0.005190 0.005344
0.005189 0.005836
0.005189 0.006408
0.005186 0.005207
0.005184 0.006241
0.005184 0.005563
0.005183 0.006042
0.005163 0.007313
0.005162 0.007237
0.005159 0.007181
0.005156 0.005723
0.005156 0.005233
0.005155 0.005225
0.005155 0.005334
0.005149 0.005245
0.005145 0.005336
0.005141 0.009818
0.005141 0.005419
0.005137 0.005353
0.005130 0.006103
0.005129 0.005594
0.005128 0.005949
0.005121 0.005214
0.005118 0.005607
0.005114 0.005656
0.005114 0.006987
0.005114 0.007305
0.005113 0.006843
0.005108 0.009046
0.005107 0.005804
0.005102 0.005600
0.005101 0.005140
0.005099 0.007242
0.005095 0.006617
0.005095 0.005566
0.005094 0.005878
0.005088 0.005220
0.005084 0.005111
0.005082 0.009581
0.005079 0.005900
0.005076 0.005915
0.005076 0.005896
0.005073 0.005123
0.005072 0.006683
0.005067 0.009870
0.005066 0.005304
0.005066 0.007197
0.005065 0.006281
0.005060 0.005621
0.005059 0.005865
0.005058 0.005168
0.005057 0.005371
0.005053 0.006894
0.005051 0.005069
0.005049 0.005536
0.005046 0.009587
0.005046 0.005345
0.005044 0.007814
0.005040 0.005234
0.005037 0.005224
0.005036 0.005334
0.005035 0.005330
0.005029 0.006293
0.005027 0.010578
0.005018 0.005177
0.005015 0.005279
0.005015 0.005864
0.005013 0.006363
0.005012 0.006514
0.005008 0.005414
0.005001 0.007391
0.004999 0.005302
0.004998 0.005027
0.004997 0.005730
0.004995 0.005316
0.004991 0.006041
0.004988 0.005391
0.004982 0.006502
0.004978 0.008491
0.004974 0.005081
0.004974 0.005146
0.004972 0.006340
0.004971 0.006785
0.004967 0.006076
0.004965 0.009810
0.004965 0.005310
0.004960 0.005086
0.004960 0.006418
0.004958 0.005277
0.004955 0.005620
0.004954 0.005055
0.004954 0.007182
0.004952 0.008799
0.004946 0.005519
0.004939 0.007239
0.004933 0.006814
0.004926 0.008154
0.004921 0.006206
0.004920 0.007295
0.004918 0.006422
0.004915 0.005472
0.004914 0.010104
0.004906 0.004994
0.004905 0.004981
0.004897 0.005781
0.004896 0.005534
0.004895 0.004937
0.004894 0.006122
0.004891 0.007489
0.004890 0.006252
0.004890 0.004939
0.004877 0.005234
0.004876 0.007718
0.004874 0.005356
0.004874 0.005979
0.004858 0.005156
0.004855 0.005613
0.004854 0.008100
0.004846 0.005765
0.004840 0.005084
0.004837 0.005162
0.004836 0.006540
0.004828 0.006215
0.004827 0.005775
0.004821 0.006088
0.004817 0.004995
0.004816 0.005700
0.004816 0.005421
0.004812 0.005000
0.004811 0.005402
0.004811 0.006279
0.004811 0.005075
0.004808 0.004942
0.004803 0.005112
0.004800 0.006158
0.004787 0.006395
0.004779 0.005273
0.004777 0.007544
0.004774 0.007298
0.004774 0.008439
0.004773 0.006158
0.004771 0.004806
0.004771 0.004940
0.004771 0.005230
0.004761 0.004847
0.004759 0.005090
0.004759 0.005327
0.004758 0.006167
0.004758 0.007882
0.004757 0.006172
0.004756 0.005946
0.004752 0.006418
0.004746 0.007542
0.004738 0.009505
0.004737 0.006286
0.004736 0.005402
0.004736 0.005442
0.004734 0.005170
0.004731 0.006112
0.004730 0.007402
0.004729 0.004914
0.004721 0.005087
0.004721 0.006367
0.004717 0.007547
0.004716 0.008270
0.004713 0.005721
0.004712 0.006537
0.004701 0.005955
0.004701 0.005826
0.004701 0.008604
0.004698 0.004789
0.004697 0.005102
0.004695 0.004947
0.004693 0.004966
0.004687 0.007318
0.004675 0.008384
0.004674 0.006585
0.004673 0.005244
0.004672 0.004816
0.004671 0.004868
0.004670 0.006113
0.004670 0.006900
0.004667 0.009368
0.004665 0.005615
0.004660 0.004782
0.004657 0.005029
0.004655 0.005315
0.004653 0.006547
0.004651 0.004996
0.004646 0.004737
0.004646 0.005089
0.004641 0.004875
0.004641 0.004978
0.004639 0.004836
0.004636 0.004777
0.004635 0.006402
0.004635 0.006735
0.004629 0.004644
0.004623 0.004702
0.004622 0.004961
0.004619 0.007192
0.004619 0.005399
0.004613 0.007389
0.004611 0.005088
0.004610 0.007114
0.004609 0.007570
0.004608 0.004701
0.004607 0.008251
0.004603 0.004809
0.004601 0.007206
0.004601 0.006130
0.004598 0.007507
0.004598 0.007101
0.004594 0.004644
0.004593 0.006462
0.004586 0.005316
0.004584 0.005228
0.004581 0.005214
0.004579 0.005658
0.004577 0.007923
0.004575 0.007572
0.004574 0.006061
0.004572 0.005360
0.004568 0.004616
0.004566 0.005097
0.004563 0.006372
0.004559 0.008795
0.004553 0.006840
0.004553 0.004561
0.004552 0.006505
0.004546 0.004866
0.004544 0.004715
0.004544 0.005182
0.004542 0.006985
0.004541 0.004946
0.004537 0.005922
0.004535 0.006618
0.004529 0.004936
0.004521 0.005423
0.004520 0.004635
0.004519 0.005764
0.004517 0.005149
0.004513 0.006461
0.004507 0.006032
0.004507 0.006108
0.004506 0.005421
0.004504 0.007981
0.004503 0.004895
0.004502 0.005686
0.004501 0.005196
0.004499 0.004533
0.004499 0.004696
0.004495 0.005846
0.004491 0.006517
0.004490 0.004982
0.004489 0.004581
0.004484 0.004744
0.004484 0.005584
0.004482 0.007892
0.004480 0.006485
0.004478 0.005062
0.004474 0.004573
0.004471 0.005877
0.004469 0.007622
0.004459 0.005642
0.004456 0.005330
0.004456 0.005196
0.004454 0.005217
0.004453 0.007097
0.004446 0.005957
0.004445 0.004939
0.004441 0.004648
0.004439 0.004511
0.004435 0.008627
0.004433 0.004446
0.004431 0.009419
0.004424 0.009277
0.004418 0.006403
0.004417 0.006279
0.004415 0.005986
0.004415 0.005546
0.004414 0.004628
0.004413 0.006948
0.004406 0.005465
0.004399 0.010125
0.004398 0.005361
0.004396 0.005742
0.004389 0.004877
0.004388 0.004763
0.004384 0.004699
0.004383 0.004838
0.004381 0.005377
0.004381 0.005051
0.004380 0.004831
0.004377 0.005741
0.004375 0.005603
0.004371 0.010728
0.004370 0.004567
0.004361 0.004956
0.004359 0.005444
0.004356 0.004846
0.004356 0.005294
0.004354 0.005703
0.004353 0.004785
0.004353 0.004696
0.004352 0.006734
0.004342 0.004955
0.004342 0.005788
0.004339 0.004515
0.004329 0.004862
0.004328 0.004607
0.004327 0.004720
0.004326 0.006410
0.004325 0.004420
0.004322 0.007946
0.004321 0.006666
0.004320 0.004563
0.004314 0.005886
0.004306 0.004621
0.004304 0.004919
0.004303 0.006034
0.004298 0.005462
0.004297 0.005322
0.004296 0.004681
0.004291 0.007383
0.004288 0.006124
0.004288 0.008364
0.004288 0.004535
0.004287 0.005836
0.004286 0.005256
0.004285 0.004593
0.004280 0.004294
0.004279 0.004813
0.004274 0.007323
0.004273 0.006005
0.004269 0.004785
0.004266 0.005405
0.004262 0.006655
0.004262 0.004506
0.004261 0.004325
0.004251 0.004829
0.004251 0.005823
0.004251 0.006895
0.004250 0.004266
0.004248 0.005370
0.004248 0.005488
0.004243 0.005532
0.004240 0.005111
0.004239 0.004410
0.004234 0.005638
0.004233 0.006260
0.004230 0.004813
0.004228 0.004936
0.004226 0.005272
0.004225 0.005070
0.004223 0.005552
0.004214 0.007234
0.004211 0.004410
0.004210 0.006477
0.004209 0.004344
0.004203 0.005392
0.004199 0.004719
0.004192 0.004691
0.004188 0.005006
0.004186 0.006975
0.004184 0.004333
0.004181 0.007319
0.004181 0.004228
0.004176 0.007895
0.004175 0.005679
0.004172 0.005609
0.004169 0.004570
0.004166 0.005679
0.004165 0.006279
0.004160 0.005244
0.004154 0.004861
0.004150 0.005197
0.004137 0.004740
0.004134 0.004638
0.004134 0.004138
0.004133 0.004753
0.004133 0.004731
0.004132 0.007341
0.004129 0.004169
0.004128 0.004239
0.004123 0.006022
0.004121 0.004919
0.004121 0.006256
0.004114 0.005775
0.004114 0.006477
0.004114 0.006797
0.004113 0.004910
0.004113 0.005229
0.004111 0.006502
0.004111 0.008416
0.004110 0.004539
0.004108 0.004157
0.004108 0.009477
0.004103 0.006771
0.004099 0.005065
0.004097 0.004547
0.004097 0.004162
0.004096 0.004189
0.004094 0.004379
0.004094 0.005343
0.004091 0.004465
0.004089 0.004734
0.004088 0.004560
0.004084 0.005388
0.004083 0.004407
0.004083 0.004387
0.004082 0.004910
0.004081 0.004886
0.004081 0.004257
0.004081 0.005711
0.004079 0.007897
0.004079 0.004342
0.004064 0.004721
0.004060 0.004146
0.004059 0.006716
0.004053 0.004543
0.004049 0.004192
0.004049 0.004403
0.004046 0.004400
0.004045 0.006784
0.004042 0.007354
0.004038 0.005712
0.004036 0.007437
0.004032 0.006692
0.004027 0.004250
0.004026 0.004032
0.004022 0.004904
0.004021 0.006905
0.004019 0.004030
0.004018 0.004455
0.004016 0.004285
0.004016 0.005313
0.004015 0.005376
0.004012 0.005124
0.004011 0.004209
0.004007 0.005625
0.004005 0.005029
0.004005 0.004166
0.004001 0.006812
0.004001 0.007943
0.004001 0.004686
0.003996 0.005672
0.003996 0.008162
0.003996 0.005307
0.003992 0.007171
0.003990 0.006089
0.003988 0.004091
0.003987 0.003994
0.003980 0.008093
0.003979 0.005730
0.003979 0.004218
0.003972 0.005496
0.003971 0.004749
0.003962 0.004276
0.003960 0.004581
0.003958 0.005116
0.003956 0.004257
0.003951 0.006459
0.003948 0.004125
0.003945 0.008080
0.003945 0.004702
0.003939 0.004470
0.003939 0.004648
0.003924 0.005914
0.003922 0.004059
0.003919 0.004213
0.003918 0.004717
0.003916 0.003934
0.003911 0.004277
0.003911 0.005720
0.003911 0.004924
0.003911 0.004535
0.003908 0.005077
0.003905 0.004615
0.003902 0.005041
0.003892 0.005178
0.003890 0.003967
0.003888 0.005261
0.003887 0.004010
0.003884 0.004195
0.003875 0.004635
0.003866 0.004702
0.003864 0.004787
0.003864 0.003926
0.003856 0.007253
0.003855 0.003978
0.003855 0.004831
0.003854 0.005183
0.003848 0.008233
0.003848 0.004146
0.003846 0.005517
0.003845 0.003937
0.003841 0.005088
0.003839 0.006661
0.003837 0.003883
0.003825 0.006419
0.003824 0.004563
0.003822 0.003851
0.003818 0.008426
0.003818 0.003973
0.003818 0.005389
0.003816 0.004001
0.003814 0.004539
0.003814 0.003930
0.003810 0.003884
0.003809 0.004263
0.003808 0.004321
0.003803 0.004328
0.003802 0.004743
0.003801 0.003845
0.003795 0.004232
0.003794 0.003901
0.003793 0.004190
0.003787 0.006380
0.003777 0.003951
0.003775 0.004037
0.003774 0.003945
0.003772 0.007207
0.003771 0.005998
0.003769 0.003869
0.003769 0.009402
0.003762 0.004151
0.003758 0.005056
0.003753 0.006744
0.003750 0.003902
0.003750 0.006803
0.003748 0.004121
0.003742 0.004082
0.003742 0.005736
0.003739 0.005856
0.003738 0.004108
0.003735 0.003952
0.003729 0.004887
0.003722 0.004984
0.003722 0.006793
0.003717 0.003832
0.003713 0.004111
0.003712 0.004585
0.003709 0.007164
0.003708 0.003737
0.003698 0.003701
0.003697 0.004554
0.003694 0.007043
0.003691 0.004616
0.003691 0.004266
0.003689 0.003914
0.003688 0.003728
0.003686 0.006585
0.003685 0.005921
0.003684 0.004873
0.003678 0.004433
0.003678 0.005006
0.003678 0.004103
0.003677 0.005071
0.003675 0.005852
0.003671 0.003804
0.003667 0.004369
0.003665 0.004660
0.003654 0.003657
0.003650 0.006799
0.003646 0.005557
0.003646 0.004631
0.003642 0.003913
0.003635 0.004102
0.003634 0.005506
0.003633 0.004181
0.003633 0.004020
0.003633 0.004712
0.003628 0.003864
0.003625 0.003714
0.003621 0.003707
0.003614 0.003855
0.003614 0.004722
0.003610 0.004362
0.003600 0.004759
0.003585 0.004734
0.003581 0.004216
0.003579 0.003743
0.003576 0.005551
0.003570 0.004674
0.003567 0.003736
0.003560 0.003947
0.003560 0.003876
0.003558 0.005874
0.003554 0.003680
0.003546 0.004072
0.003541 0.003690
0.003540 0.003931
0.003524 0.004425
0.003523 0.003592
0.003517 0.003845
0.003499 0.004124
0.003490 0.006855
0.003487 0.003596
0.003486 0.003598
0.003481 0.004217
0.003479 0.004299
0.003474 0.003540
0.003471 0.004129
0.003461 0.005037
0.003459 0.003821
0.003457 0.003599
0.003457 0.003470
0.003455 0.005210
0.003455 0.003458
0.003454 0.004187
0.003442 0.005631
0.003424 0.003864
0.003419 0.004207
0.003413 0.004266
0.003410 0.003849
0.003402 0.004860
0.003401 0.003917
0.003389 0.004722
0.003389 0.003940
0.003384 0.004398
0.003376 0.003533
0.003374 0.003735
0.003374 0.003455
0.003367 0.005023
0.003365 0.003556
0.003363 0.003562
0.003362 0.004657
0.003336 0.004067
0.003334 0.004467
0.003329 0.004234
0.003315 0.003318
0.003313 0.003534
0.003308 0.003309
0.003308 0.003378
0.003292 0.005960
0.003292 0.004177
0.003291 0.003405
0.003287 0.004254
0.003283 0.003549
0.003281 0.003584
0.003262 0.003349
0.003261 0.006425
0.003256 0.003432
0.003255 0.003305
0.003254 0.004087
0.003250 0.003601
0.003245 0.005137
0.003244 0.003260
0.003243 0.003245
0.003226 0.003476
0.003225 0.004074
0.003220 0.003407
0.003219 0.003573
0.003203 0.004520
0.003202 0.003312
0.003202 0.004450
0.003200 0.005159
0.003200 0.004598
0.003192 0.003775
0.003187 0.003668
0.003168 0.003259
0.003168 0.003701
0.003165 0.003685
0.003161 0.003838
0.003152 0.003341
0.003151 0.003698
0.003150 0.003277
0.003149 0.003155
0.003143 0.003743
0.003138 0.003910
0.003126 0.003328
0.003117 0.003170
0.003115 0.004614
0.003111 0.003147
0.003107 0.003503
0.003100 0.003119
0.003098 0.003243
0.003090 0.003321
0.003089 0.004847
0.003085 0.003489
0.003084 0.003729
0.003082 0.003434
0.003079 0.003108
0.003077 0.003439
0.003070 0.004180
0.003069 0.006765
0.003068 0.004420
0.003065 0.003091
0.003058 0.003468
0.003046 0.003447
0.003040 0.003670
0.003039 0.003186
0.003035 0.003280
0.003033 0.003052
0.003030 0.003715
0.003021 0.003041
0.003016 0.004015
0.002981 0.003094
0.002978 0.005546
0.002965 0.003026
0.002948 0.003375
0.002937 0.004450
0.002930 0.003289
0.002928 0.003258
0.002921 0.003835
0.002910 0.003523
0.002881 0.002997
0.002880 0.004801
0.002879 0.003056
0.002872 0.003133
0.002867 0.003962
0.002866 0.003008
0.002861 0.002986
0.002844 0.002911
0.002842 0.003098
0.002829 0.002994
0.002828 0.003733
0.002817 0.004580
0.002800 0.003047
0.002788 0.003097
0.002783 0.002842
0.002776 0.003003
0.002765 0.003032
0.002720 0.003365
0.002707 0.002924
0.002670 0.003371
0.002668 0.003500
0.002662 0.002741
0.002633 0.003003
0.002633 0.002835
0.002629 0.002782
0.002625 0.002874
0.002608 0.002803
0.002602 0.003231
0.002591 0.002899
0.002567 0.002706
0.002545 0.003081
0.002523 0.002791
0.002504 0.002866
0.002496 0.002620
0.002492 0.002805
0.002428 0.002446
0.002424 0.002720
0.002415 0.002604
0.002406 0.002426
0.002365 0.002667
0.002334 0.002418
0.002333 0.002492
0.002310 0.002387
0.002283 0.002481
0.002274 0.002471
0.002228 0.002803
0.002109 0.002565
0.002032 0.002063
0.001793 0.001907
0.001644 0.001721
0.001611 0.001924
0.001514 0.001558
0.001220 0.001242
0.001154 0.001284
