0.150775 0.168306
0.147302 0.149124
0.127873 0.137825
0.122215 0.133476
0.087942 0.110574
0.084495 0.090185
0.083869 0.086133
0.079989 0.098383
0.070206 0.073804
0.070059 0.086085
0.063801 0.063960
0.063051 0.069512
0.061590 0.061619
0.060863 0.067333
0.060739 0.068304
0.060723 0.079656
0.058422 0.061878
0.057300 0.064275
0.056995 0.062509
0.056856 0.067785
0.056371 0.073103
0.053579 0.062236
0.050554 0.057187
0.048675 0.053107
0.048441 0.049333
0.048339 0.054130
0.047923 0.050251
0.047656 0.052887
0.047590 0.056656
0.046926 0.052633
0.046318 0.056618
0.046117 0.079390
0.045415 0.082849
0.045311 0.046148
0.044852 0.052594
0.044704 0.045864
0.044406 0.065693
0.044259 0.045980
0.044081 0.063291
0.043995 0.044465
0.043525 0.043632
0.043400 0.045400
0.043380 0.043960
0.043347 0.043385
0.043341 0.050377
0.043331 0.043901
0.043324 0.043968
0.043309 0.054854
0.043308 0.044033
0.043303 0.043517
0.043299 0.043468
0.043298 0.044743
0.043298 0.044074
0.043298 0.045762
0.043298 0.045066
0.042898 0.048554
0.042887 0.044920
0.042521 0.051102
0.041888 0.042602
0.041762 0.056471
0.041614 0.052378
0.041547 0.067736
0.041266 0.041667
0.041250 0.041730
0.041228 0.060500
0.040827 0.056392
0.040263 0.065029
0.039730 0.043071
0.039680 0.056787
0.039489 0.056436
0.039223 0.045816
0.039124 0.061627
0.038751 0.060959
0.038571 0.046838
0.038492 0.052608
0.038333 0.041068
0.038323 0.044749
0.037821 0.039931
0.037800 0.039241
0.037784 0.050279
0.037577 0.040481
0.037395 0.040561
0.037186 0.037664
0.036922 0.050146
0.036862 0.052615
0.036777 0.062788
0.036739 0.037514
0.036655 0.040198
0.036609 0.039554
0.036580 0.050539
0.036465 0.039766
0.036237 0.043285
0.036141 0.038999
0.036051 0.038954
0.036040 0.057393
0.035783 0.037978
0.035524 0.035890
0.035512 0.070527
0.035390 0.058369
0.035216 0.060982
0.035209 0.035549
0.034593 0.039475
0.034573 0.070136
0.034252 0.037184
0.034109 0.038032
0.033878 0.038958
0.033870 0.041108
0.033748 0.091994
0.033726 0.037267
0.033669 0.042729
0.033384 0.038669
0.033224 0.033779
0.033187 0.035994
0.033019 0.042649
0.032872 0.034202
0.032816 0.036238
0.032578 0.061452
0.032448 0.033791
0.032103 0.035032
0.032016 0.035461
0.031982 0.035002
0.031960 0.035062
0.031801 0.045698
0.031759 0.033660
0.031681 0.032700
0.031486 0.036460
0.031293 0.039343
0.031023 0.032877
0.031023 0.033714
0.030949 0.035696
0.030854 0.031975
0.030624 0.034535
0.030611 0.030749
0.030337 0.032490
0.030177 0.037471
0.030121 0.037562
0.029883 0.043253
0.029525 0.039291
0.029514 0.031505
0.029181 0.038162
0.029180 0.037361
0.028931 0.033191
0.028819 0.042690
0.028786 0.030386
0.028758 0.028954
0.028682 0.035452
0.028680 0.039983
0.028526 0.028986
0.028490 0.031611
0.028372 0.032380
0.028302 0.030382
0.028284 0.029845
0.028266 0.029850
0.028201 0.028470
0.028167 0.036571
0.028111 0.035316
0.028047 0.044948
0.028023 0.028170
0.027888 0.036187
0.027851 0.042809
0.027805 0.030652
0.027783 0.036190
0.027688 0.030418
0.027642 0.032919
0.027620 0.029605
0.027567 0.027934
0.027437 0.033381
0.027316 0.029910
0.027316 0.033520
0.027281 0.036422
0.027199 0.028997
0.027084 0.035317
0.027084 0.029780
0.026922 0.027232
0.026865 0.027206
0.026843 0.029383
0.026550 0.031973
0.026535 0.027383
0.026462 0.035215
0.026407 0.027968
0.026266 0.044519
0.026154 0.032119
0.026154 0.029972
0.026120 0.034300
0.026023 0.026511
0.026001 0.032822
0.025983 0.026274
0.025969 0.044394
0.025856 0.030626
0.025684 0.045193
0.025659 0.026519
0.025647 0.037668
0.025296 0.043865
0.025257 0.031680
0.025244 0.034656
0.025222 0.033496
0.025191 0.039494
0.025144 0.030879
0.025128 0.034769
0.025085 0.025767
0.025040 0.029803
0.025008 0.027050
0.024812 0.024941
0.024797 0.025173
0.024778 0.026672
0.024758 0.046714
0.024755 0.030557
0.024729 0.027365
0.024710 0.024743
0.024680 0.025033
0.024577 0.026344
0.024494 0.025011
0.024470 0.034126
0.024434 0.041026
0.024420 0.025251
0.024358 0.026268
0.024341 0.024504
0.024285 0.025156
0.024243 0.025281
0.024239 0.026002
0.024155 0.027830
0.024153 0.031631
0.024118 0.025596
0.023932 0.024940
0.023884 0.024587
0.023882 0.028688
0.023879 0.034893
0.023819 0.024154
0.023748 0.026593
0.023739 0.026114
0.023497 0.026155
0.023459 0.023577
0.023443 0.026019
0.023372 0.032409
0.023193 0.023989
0.023179 0.027048
0.023066 0.023843
0.023024 0.023155
0.023019 0.031806
0.022999 0.024426
0.022979 0.024687
0.022919 0.026660
0.022866 0.048724
0.022808 0.030403
0.022747 0.025650
0.022734 0.023809
0.022718 0.023563
0.022574 0.039583
0.022551 0.030366
0.022526 0.024617
0.022451 0.023009
0.022446 0.023316
0.022430 0.036095
0.022427 0.023050
0.022399 0.027100
0.022320 0.030892
0.022304 0.025032
0.022268 0.025651
0.022232 0.024778
0.022175 0.033596
0.022165 0.027048
0.022131 0.026021
0.022130 0.022361
0.022119 0.023312
0.022101 0.024022
0.022051 0.027777
0.022001 0.022454
0.021998 0.023064
0.021952 0.026262
0.021928 0.023386
0.021769 0.022356
0.021713 0.024651
0.021646 0.027007
0.021585 0.026631
0.021558 0.023353
0.021486 0.023703
0.021476 0.023734
0.021474 0.025472
0.021452 0.033349
0.021446 0.033646
0.021329 0.024271
0.021314 0.021789
0.021206 0.021792
0.021186 0.022851
0.021156 0.026056
0.021151 0.026421
0.021124 0.025949
0.021102 0.024227
0.021003 0.028624
0.020969 0.022248
0.020932 0.021020
0.020903 0.022626
0.020697 0.023449
0.020634 0.020975
0.020620 0.025359
0.020576 0.024707
0.020549 0.021519
0.020420 0.029277
0.020396 0.025310
0.020392 0.032651
0.020343 0.023618
0.020265 0.026563
0.020261 0.020488
0.020243 0.021188
0.020221 0.024256
0.020194 0.021849
0.020141 0.022747
0.020121 0.020495
0.020077 0.020610
0.020034 0.022111
0.019983 0.023450
0.019927 0.023862
0.019923 0.020069
0.019910 0.021843
0.019838 0.023430
0.019746 0.022502
0.019728 0.021219
0.019673 0.020286
0.019619 0.028184
0.019518 0.019916
0.019450 0.020273
0.019354 0.021909
0.019333 0.044116
0.019271 0.019762
0.019248 0.023084
0.019185 0.025895
0.019176 0.020875
0.019139 0.019889
0.019081 0.022279
0.018914 0.031994
0.018884 0.019037
0.018883 0.033460
0.018882 0.021131
0.018868 0.021240
0.018816 0.024832
0.018783 0.023824
0.018779 0.019342
0.018771 0.023659
0.018770 0.019518
0.018721 0.020032
0.018714 0.023328
0.018697 0.024913
0.018626 0.019518
0.018572 0.025496
0.018555 0.022478
0.018554 0.032099
0.018551 0.020852
0.018533 0.019408
0.018531 0.019995
0.018464 0.020837
0.018428 0.018461
0.018420 0.027746
0.018394 0.019223
0.018393 0.020104
0.018388 0.031508
0.018338 0.020136
0.018311 0.023800
0.018273 0.022558
0.018257 0.019195
0.018253 0.020229
0.018187 0.027480
0.018108 0.018345
0.018107 0.022226
0.018103 0.026050
0.018076 0.023946
0.018047 0.020266
0.018029 0.019300
0.017987 0.020329
0.017985 0.018649
0.017980 0.018023
0.017964 0.020718
0.017955 0.027163
0.017933 0.045566
0.017933 0.020132
0.017929 0.018029
0.017918 0.028316
0.017897 0.021029
0.017896 0.036288
0.017888 0.018290
0.017882 0.018118
0.017856 0.020022
0.017844 0.033954
0.017804 0.023531
0.017792 0.019844
0.017789 0.035808
0.017729 0.031895
0.017720 0.018970
0.017713 0.019556
0.017689 0.017716
0.017674 0.018418
0.017647 0.020016
0.017607 0.019511
0.017606 0.018680
0.017590 0.018071
0.017573 0.023838
0.017567 0.020179
0.017543 0.017789
0.017532 0.020032
0.017528 0.018561
0.017515 0.017790
0.017505 0.020810
0.017476 0.017690
0.017472 0.021841
0.017390 0.017480
0.017378 0.019793
0.017377 0.026784
0.017367 0.026728
0.017336 0.020993
0.017323 0.024302
0.017293 0.020921
0.017270 0.017931
0.017259 0.038187
0.017240 0.022265
0.017174 0.020560
0.017087 0.018046
0.017077 0.020248
0.017041 0.017331
0.017033 0.021159
0.016968 0.022536
0.016959 0.020877
0.016944 0.026703
0.016936 0.020821
0.016929 0.016990
0.016925 0.025286
0.016922 0.020197
0.016910 0.021142
0.016844 0.017319
0.016819 0.016998
0.016798 0.018479
0.016774 0.018998
0.016743 0.017751
0.016727 0.016847
0.016719 0.026794
0.016707 0.024109
0.016701 0.018101
0.016687 0.018655
0.016685 0.027211
0.016683 0.016969
0.016665 0.021517
0.016657 0.017736
0.016644 0.024667
0.016627 0.025189
0.016618 0.019457
0.016616 0.021494
0.016566 0.019448
0.016522 0.018151
0.016513 0.020321
0.016448 0.018811
0.016446 0.021222
0.016386 0.017040
0.016340 0.018411
0.016337 0.019460
0.016335 0.022651
0.016329 0.020306
0.016294 0.016457
0.016283 0.017774
0.016251 0.027184
0.016223 0.036824
0.016221 0.031189
0.016198 0.018277
0.016198 0.018602
0.016197 0.017203
0.016190 0.017292
0.016183 0.017382
0.016173 0.018478
0.016143 0.016716
0.016109 0.020928
0.016104 0.016690
0.016088 0.018905
0.016044 0.016103
0.016033 0.030336
0.016021 0.018928
0.015874 0.018524
0.015863 0.028589
0.015814 0.016935
0.015811 0.020052
0.015804 0.018331
0.015776 0.021238
0.015714 0.016168
0.015701 0.017172
0.015678 0.030103
0.015603 0.019399
0.015574 0.019097
0.015564 0.017699
0.015533 0.025429
0.015481 0.016917
0.015443 0.027923
0.015442 0.016174
0.015403 0.016936
0.015378 0.017742
0.015370 0.017286
0.015347 0.015688
0.015333 0.023432
0.015326 0.017888
0.015315 0.015636
0.015221 0.022486
0.015185 0.016884
0.015176 0.016031
0.015166 0.015647
0.015159 0.017779
0.015088 0.020461
0.015061 0.020285
0.015033 0.024299
0.015020 0.017489
0.014988 0.015589
0.014974 0.018479
0.014961 0.015639
0.014943 0.020501
0.014935 0.026668
0.014918 0.016212
0.014878 0.017507
0.014857 0.029987
0.014829 0.019790
0.014823 0.017008
0.014790 0.015705
0.014780 0.015615
0.014779 0.015172
0.014778 0.016202
0.014769 0.022472
0.014761 0.014898
0.014753 0.018318
0.014708 0.018962
0.014691 0.016377
0.014683 0.017287
0.014681 0.018521
0.014644 0.014735
0.014644 0.016656
0.014644 0.015702
0.014644 0.018542
0.014627 0.014775
0.014612 0.017832
0.014568 0.017314
0.014516 0.016486
0.014489 0.022787
0.014476 0.015655
0.014459 0.014823
0.014437 0.023280
0.014431 0.016970
0.014430 0.016004
0.014422 0.024672
0.014417 0.021078
0.014413 0.016369
0.014412 0.016569
0.014396 0.016538
0.014389 0.014532
0.014382 0.015082
0.014345 0.020938
0.014339 0.015310
0.014324 0.014910
0.014258 0.014421
0.014255 0.026987
0.014227 0.015498
0.014185 0.017886
0.014166 0.019320
0.014165 0.018767
0.014161 0.014923
0.014139 0.014840
0.014090 0.018849
0.014069 0.026537
0.014046 0.014145
0.014013 0.014376
0.013992 0.015258
0.013975 0.014813
0.013966 0.015764
0.013938 0.015167
0.013934 0.015106
0.013931 0.014765
0.013889 0.015626
0.013885 0.014135
0.013838 0.019839
0.013819 0.015913
0.013789 0.030212
0.013789 0.015932
0.013785 0.017350
0.013780 0.015584
0.013780 0.016913
0.013720 0.015017
0.013708 0.015229
0.013686 0.038558
0.013668 0.016475
0.013653 0.024177
0.013641 0.013731
0.013601 0.024305
0.013590 0.015524
0.013586 0.015596
0.013545 0.020113
0.013527 0.016194
0.013518 0.014522
0.013496 0.013543
0.013489 0.013883
0.013477 0.013499
0.013473 0.014346
0.013418 0.013689
0.013416 0.013455
0.013414 0.013865
0.013375 0.015188
0.013374 0.014281
0.013367 0.014113
0.013357 0.016764
0.013353 0.014415
0.013351 0.017725
0.013344 0.019743
0.013310 0.014870
0.013309 0.013354
0.013289 0.014380
0.013281 0.015279
0.013280 0.017991
0.013264 0.013582
0.013250 0.021605
0.013225 0.018011
0.013204 0.013415
0.013196 0.015417
0.013175 0.018024
0.013167 0.014628
0.013156 0.025481
0.013134 0.022825
0.013123 0.013989
0.013098 0.014130
0.013060 0.014824
0.013057 0.016398
0.013043 0.014487
0.013040 0.015459
0.013028 0.020918
0.013026 0.013303
0.013016 0.015390
0.013004 0.014970
0.013003 0.014247
0.012990 0.016850
0.012975 0.014907
0.012975 0.014983
0.012950 0.016460
0.012948 0.013177
0.012948 0.013725
0.012930 0.013330
0.012924 0.015165
0.012923 0.013701
0.012920 0.021139
0.012918 0.013873
0.012908 0.013522
0.012903 0.015110
0.012893 0.013030
0.012884 0.014328
0.012877 0.015084
0.012876 0.013242
0.012854 0.015658
0.012830 0.018859
0.012797 0.020456
0.012770 0.013589
0.012738 0.018024
0.012737 0.015560
0.012683 0.013639
0.012680 0.019312
0.012670 0.013628
0.012655 0.014170
0.012646 0.014187
0.012634 0.014110
0.012623 0.013928
0.012620 0.012810
0.012587 0.016859
0.012586 0.015092
0.012579 0.014808
0.012564 0.012651
0.012536 0.019935
0.012502 0.012948
0.012496 0.013621
0.012476 0.013533
0.012469 0.014165
0.012456 0.015979
0.012447 0.013304
0.012445 0.022349
0.012408 0.017205
0.012402 0.016628
0.012388 0.014659
0.012386 0.014680
0.012378 0.017995
0.012353 0.012447
0.012330 0.012542
0.012330 0.022005
0.012313 0.013318
0.012308 0.012745
0.012288 0.018988
0.012286 0.017097
0.012278 0.015936
0.012226 0.014671
0.012222 0.012634
0.012192 0.013180
0.012172 0.012991
0.012171 0.018894
0.012157 0.016943
0.012155 0.015026
0.012153 0.016798
0.012129 0.015348
0.012128 0.017925
0.012118 0.012521
0.012105 0.019917
0.012093 0.012701
0.012091 0.015481
0.012057 0.015004
0.011999 0.014372
0.011981 0.014780
0.011981 0.014025
0.011948 0.012078
0.011944 0.013941
0.011930 0.014341
0.011927 0.012860
0.011921 0.013469
0.011899 0.012636
0.011890 0.019045
0.011851 0.016606
0.011845 0.012619
0.011842 0.016001
0.011826 0.013289
0.011822 0.013366
0.011803 0.017333
0.011761 0.021800
0.011753 0.012035
0.011732 0.011885
0.011732 0.017446
0.011720 0.013891
0.011718 0.023038
0.011716 0.015643
0.011711 0.014434
0.011699 0.016269
0.011681 0.013436
0.011662 0.011980
0.011657 0.012477
0.011655 0.018436
0.011652 0.012682
0.011650 0.012481
0.011644 0.012601
0.011634 0.012629
0.011628 0.013088
0.011618 0.020010
0.011606 0.016206
0.011602 0.014446
0.011599 0.015980
0.011598 0.015593
0.011595 0.015012
0.011584 0.015045
0.011576 0.014766
0.011556 0.017997
0.011514 0.016983
0.011488 0.012090
0.011470 0.015046
0.011445 0.013719
0.011438 0.013032
0.011431 0.018678
0.011425 0.014274
0.011425 0.011725
0.011424 0.015689
0.011413 0.015714
0.011401 0.012380
0.011401 0.017188
0.011397 0.011779
0.011386 0.011868
0.011351 0.016085
0.011349 0.015967
0.011332 0.012172
0.011304 0.012022
0.011290 0.011597
0.011282 0.022251
0.011268 0.013984
0.011234 0.012078
0.011234 0.015840
0.011224 0.011277
0.011204 0.011564
0.011185 0.011227
0.011181 0.011407
0.011175 0.016022
0.011141 0.012834
0.011133 0.011962
0.011130 0.012380
0.011123 0.012656
0.011117 0.016949
0.011115 0.011762
0.011100 0.018831
0.011093 0.018732
0.011092 0.014311
0.011087 0.011217
0.011087 0.011128
0.011081 0.013582
0.011079 0.011390
0.011077 0.011405
0.011076 0.012396
0.011074 0.011353
0.011063 0.011696
0.011060 0.011316
0.011059 0.011580
0.011058 0.011802
0.011052 0.011233
0.011042 0.011713
0.011025 0.014856
0.011022 0.015998
0.011010 0.011704
0.010999 0.011353
0.010984 0.011476
0.010953 0.015927
0.010949 0.011607
0.010935 0.011556
0.010912 0.019753
0.010903 0.012652
0.010903 0.011797
0.010892 0.011255
0.010887 0.010974
0.010873 0.010885
0.010858 0.011638
0.010846 0.014815
0.010844 0.013424
0.010840 0.011967
0.010813 0.014082
0.010807 0.011705
0.010780 0.012431
0.010763 0.013095
0.010761 0.014859
0.010740 0.013037
0.010720 0.013124
0.010713 0.013065
0.010690 0.013861
0.010660 0.011077
0.010648 0.010852
0.010646 0.013060
0.010640 0.015266
0.010638 0.011284
0.010621 0.018168
0.010610 0.014464
0.010605 0.013403
0.010603 0.013848
0.010564 0.011652
0.010559 0.013603
0.010550 0.011896
0.010544 0.011824
0.010540 0.012811
0.010506 0.010561
0.010504 0.010729
0.010503 0.012324
0.010472 0.015502
0.010456 0.012325
0.010453 0.010547
0.010450 0.011255
0.010427 0.024508
0.010425 0.010941
0.010422 0.013316
0.010418 0.012598
0.010407 0.012676
0.010407 0.013722
0.010401 0.016299
0.010394 0.013982
0.010388 0.012265
0.010366 0.013586
0.010366 0.012008
0.010365 0.010622
0.010337 0.011758
0.010333 0.010484
0.010329 0.018844
0.010320 0.012092
0.010315 0.014577
0.010303 0.013273
0.010287 0.010751
0.010279 0.014365
0.010275 0.011168
0.010269 0.015274
0.010257 0.012935
0.010236 0.011271
0.010224 0.014185
0.010223 0.010330
0.010211 0.012261
0.010203 0.014635
0.010192 0.010684
0.010188 0.010596
0.010160 0.015975
0.010147 0.011483
0.010147 0.010546
0.010141 0.014993
0.010137 0.012736
0.010134 0.011481
0.010124 0.018182
0.010099 0.013588
0.010094 0.021323
0.010093 0.012658
0.010089 0.011550
0.010085 0.015311
0.010076 0.013057
0.010069 0.011423
0.010064 0.014449
0.010064 0.012481
0.010062 0.011888
0.010055 0.016971
0.010053 0.010273
0.010052 0.014364
0.010049 0.011254
0.010041 0.014452
0.010025 0.012889
0.009995 0.012730
0.009985 0.011925
0.009977 0.015857
0.009966 0.010251
0.009958 0.010965
0.009952 0.010101
0.009942 0.010168
0.009926 0.018768
0.009920 0.010060
0.009916 0.010163
0.009910 0.010354
0.009909 0.012181
0.009892 0.010135
0.009882 0.011987
0.009881 0.010435
0.009875 0.017621
0.009874 0.012591
0.009871 0.009886
0.009863 0.011126
0.009862 0.016973
0.009855 0.012979
0.009847 0.013361
0.009846 0.009938
0.009836 0.011609
0.009835 0.011627
0.009824 0.016001
0.009811 0.012239
0.009805 0.010114
0.009803 0.010969
0.009777 0.010135
0.009768 0.014497
0.009764 0.010489
0.009754 0.010260
0.009753 0.017914
0.009753 0.011494
0.009751 0.009781
0.009746 0.010791
0.009727 0.010065
0.009727 0.012681
0.009719 0.010024
0.009701 0.013066
0.009689 0.011185
0.009676 0.010350
0.009667 0.020297
0.009651 0.010872
0.009644 0.014117
0.009641 0.016360
0.009626 0.016261
0.009626 0.010979
0.009600 0.011308
0.009580 0.010744
0.009576 0.014594
0.009572 0.011467
0.009566 0.009719
0.009542 0.010197
0.009527 0.009539
0.009517 0.016359
0.009512 0.009738
0.009485 0.010074
0.009484 0.011954
0.009477 0.013264
0.009471 0.009613
0.009463 0.009467
0.009435 0.017266
0.009428 0.010873
0.009418 0.010166
0.009400 0.010489
0.009379 0.009935
0.009377 0.012583
0.009363 0.009579
0.009338 0.010935
0.009321 0.015913
0.009275 0.021594
0.009267 0.011051
0.009246 0.010346
0.009221 0.009632
0.009219 0.009461
0.009213 0.009224
0.009207 0.013080
0.009207 0.013291
0.009207 0.012415
0.009206 0.012194
0.009201 0.009309
0.009192 0.010451
0.009189 0.014752
0.009182 0.011029
0.009171 0.009181
0.009132 0.011675
0.009131 0.010238
0.009126 0.011767
0.009121 0.009581
0.009117 0.009941
0.009108 0.011147
0.009107 0.010138
0.009082 0.009556
0.009070 0.009823
0.009057 0.009830
0.009036 0.010593
0.009034 0.010885
0.009006 0.011311
0.008995 0.009243
0.008985 0.009067
0.008960 0.009267
0.008954 0.010517
0.008949 0.011277
0.008934 0.009182
0.008933 0.009515
0.008929 0.010655
0.008916 0.008922
0.008916 0.009382
0.008900 0.008957
0.008871 0.009032
0.008866 0.011700
0.008860 0.015468
0.008853 0.009841
0.008826 0.014932
0.008824 0.010997
0.008822 0.014729
0.008813 0.010380
0.008808 0.009408
0.008802 0.009286
0.008800 0.016909
0.008797 0.014942
0.008764 0.015491
0.008752 0.008843
0.008730 0.009112
0.008676 0.009123
0.008674 0.011275
0.008667 0.011353
0.008652 0.012227
0.008649 0.009171
0.008641 0.012643
0.008629 0.016625
0.008580 0.012344
0.008571 0.009664
0.008562 0.009246
0.008559 0.009406
0.008553 0.009125
0.008550 0.015846
0.008527 0.009597
0.008505 0.009948
0.008493 0.012721
0.008492 0.009115
0.008474 0.008690
0.008470 0.012215
0.008460 0.009520
0.008454 0.010422
0.008449 0.011906
0.008434 0.010529
0.008431 0.012373
0.008420 0.010281
0.008414 0.008494
0.008404 0.008661
0.008397 0.014697
0.008379 0.008539
0.008378 0.012563
0.008362 0.008926
0.008359 0.010618
0.008358 0.008963
0.008346 0.011582
0.008344 0.011494
0.008338 0.011644
0.008326 0.008574
0.008324 0.011389
0.008323 0.011537
0.008321 0.017218
0.008319 0.009716
0.008319 0.009730
0.008308 0.011447
0.008305 0.014729
0.008291 0.011160
0.008289 0.008965
0.008273 0.009171
0.008222 0.009605
0.008207 0.008888
0.008188 0.008989
0.008177 0.010575
0.008175 0.009861
0.008126 0.008342
0.008126 0.012855
0.008114 0.008944
0.008106 0.008412
0.008091 0.010403
0.008085 0.008374
0.008078 0.011294
0.008055 0.008276
0.008052 0.008686
0.008042 0.008276
0.008026 0.011185
0.008025 0.009603
0.008014 0.009013
0.008011 0.009128
0.008004 0.010400
0.008000 0.013351
0.007990 0.010582
0.007988 0.017152
0.007972 0.008360
0.007970 0.009399
0.007918 0.009616
0.007913 0.009619
0.007900 0.013540
0.007895 0.008017
0.007883 0.008290
0.007879 0.008944
0.007875 0.008011
0.007868 0.008154
0.007867 0.011281
0.007861 0.008020
0.007855 0.009404
0.007854 0.009910
0.007836 0.008501
0.007834 0.008451
0.007834 0.009149
0.007811 0.008530
0.007805 0.011040
0.007761 0.008243
0.007743 0.007962
0.007730 0.009082
0.007665 0.008695
0.007642 0.008565
0.007641 0.009366
0.007609 0.014603
0.007609 0.008175
0.007599 0.008379
0.007597 0.008060
0.007585 0.008101
0.007582 0.007952
0.007580 0.011408
0.007578 0.008614
0.007577 0.009430
0.007567 0.008572
0.007547 0.007803
0.007474 0.007970
0.007468 0.010529
0.007451 0.011970
0.007447 0.012034
0.007431 0.008035
0.007424 0.008910
0.007411 0.010000
0.007409 0.010067
0.007406 0.008065
0.007399 0.007574
0.007392 0.008111
0.007391 0.008676
0.007387 0.008893
0.007377 0.008109
0.007372 0.011770
0.007359 0.007543
0.007356 0.007515
0.007353 0.007745
0.007346 0.007347
0.007332 0.008075
0.007328 0.007635
0.007319 0.007583
0.007318 0.008312
0.007314 0.010604
0.007312 0.009262
0.007295 0.007808
0.007281 0.009113
0.007275 0.010906
0.007273 0.007469
0.007267 0.007278
0.007267 0.009184
0.007261 0.013268
0.007248 0.011555
0.007242 0.007871
0.007241 0.007548
0.007196 0.011861
0.007172 0.007384
0.007162 0.007713
0.007161 0.009818
0.007117 0.008305
0.007114 0.008192
0.007104 0.007117
0.007081 0.009073
0.007078 0.007242
0.007070 0.009852
0.007063 0.009439
0.007024 0.008170
0.007008 0.008616
0.007007 0.007201
0.007002 0.010158
0.006999 0.007694
0.006986 0.007078
0.006981 0.008173
0.006978 0.008442
0.006963 0.007055
0.006959 0.009190
0.006957 0.009596
0.006943 0.008594
0.006918 0.006964
0.006915 0.013441
0.006914 0.007088
0.006903 0.007659
0.006900 0.010730
0.006862 0.006864
0.006852 0.010557
0.006843 0.007751
0.006842 0.008348
0.006831 0.007513
0.006829 0.008483
0.006818 0.007230
0.006813 0.009521
0.006809 0.009264
0.006808 0.007561
0.006778 0.006868
0.006741 0.006924
0.006741 0.007736
0.006730 0.007892
0.006721 0.007444
0.006690 0.007412
0.006663 0.007628
0.006644 0.010948
0.006633 0.006851
0.006625 0.006993
0.006598 0.009535
0.006583 0.007353
0.006582 0.008564
0.006578 0.009114
0.006539 0.007893
0.006531 0.007956
0.006518 0.006537
0.006518 0.007469
0.006499 0.007021
0.006471 0.006583
0.006470 0.006627
0.006464 0.007730
0.006459 0.006963
0.006445 0.006758
0.006426 0.006855
0.006378 0.009516
0.006374 0.006659
0.006333 0.007922
0.006325 0.007274
0.006314 0.009564
0.006300 0.006866
0.006298 0.006391
0.006264 0.006380
0.006264 0.011422
0.006251 0.007080
0.006236 0.011215
0.006229 0.006385
0.006223 0.006450
0.006214 0.006684
0.006212 0.006295
0.006202 0.006514
0.006194 0.006672
0.006193 0.008987
0.006190 0.006380
0.006188 0.006220
0.006180 0.007015
0.006171 0.006826
0.006164 0.010501
0.006138 0.007221
0.006135 0.006991
0.006131 0.006921
0.006128 0.006217
0.006114 0.006979
0.006100 0.006759
0.006081 0.006500
0.006073 0.006117
0.006071 0.006319
0.006040 0.008512
0.006030 0.007306
0.006024 0.006262
0.005994 0.006183
0.005960 0.008093
0.005936 0.007168
0.005917 0.010675
0.005896 0.006530
0.005896 0.007553
0.005890 0.006735
0.005881 0.006009
0.005862 0.005924
0.005861 0.007095
0.005855 0.006986
0.005843 0.006425
0.005838 0.008105
0.005834 0.007476
0.005832 0.007130
0.005831 0.008172
0.005831 0.007046
0.005819 0.007403
0.005811 0.006891
0.005793 0.006681
0.005790 0.007176
0.005782 0.007582
0.005777 0.006191
0.005776 0.008099
0.005771 0.006358
0.005755 0.006361
0.005741 0.007186
0.005728 0.007121
0.005716 0.005745
0.005700 0.009534
0.005691 0.005908
0.005690 0.007599
0.005685 0.006789
0.005683 0.005843
0.005675 0.007528
0.005660 0.010238
0.005651 0.006055
0.005643 0.006648
0.005637 0.006121
0.005635 0.008246
0.005635 0.005672
0.005635 0.007070
0.005631 0.005847
0.005621 0.007120
0.005593 0.007262
0.005590 0.005683
0.005586 0.008601
0.005585 0.006368
0.005577 0.005636
0.005575 0.005609
0.005565 0.005604
0.005559 0.006367
0.005558 0.006446
0.005546 0.008035
0.005542 0.006903
0.005514 0.006684
0.005505 0.007925
0.005497 0.005987
0.005485 0.007367
0.005483 0.006179
0.005481 0.005489
0.005466 0.005878
0.005463 0.008284
0.005453 0.006907
0.005452 0.007281
0.005443 0.007691
0.005436 0.006245
0.005425 0.006411
0.005408 0.010572
0.005384 0.008071
0.005381 0.006453
0.005377 0.005398
0.005376 0.007509
0.005367 0.006180
0.005362 0.007032
0.005354 0.006088
0.005349 0.009356
0.005347 0.008104
0.005345 0.007166
0.005344 0.006252
0.005342 0.006451
0.005336 0.006586
0.005335 0.005933
0.005330 0.006463
0.005320 0.005364
0.005316 0.005952
0.005300 0.006442
0.005298 0.007170
0.005296 0.006695
0.005290 0.006259
0.005283 0.005526
0.005275 0.005773
0.005268 0.006222
0.005261 0.005339
0.005241 0.005331
0.005238 0.006954
0.005232 0.006049
0.005221 0.012020
0.005216 0.006768
0.005212 0.005904
0.005211 0.005913
0.005210 0.005235
0.005207 0.006646
0.005201 0.005652
0.005186 0.005233
0.005175 0.005454
0.005172 0.007694
0.005171 0.005505
0.005167 0.006960
0.005164 0.006948
0.005160 0.008452
0.005141 0.006546
0.005124 0.006007
0.005114 0.005278
0.005109 0.005326
0.005093 0.005404
0.005086 0.005758
0.005079 0.006683
0.005073 0.008018
0.005069 0.007002
0.005066 0.005231
0.005053 0.006109
0.005049 0.005773
0.005048 0.005567
0.005042 0.006036
0.005033 0.005998
0.005018 0.006947
0.005017 0.005498
0.005005 0.006444
0.004994 0.006050
0.004991 0.005602
0.004985 0.006813
0.004984 0.005754
0.004978 0.007650
0.004957 0.005121
0.004942 0.005081
0.004929 0.006008
0.004904 0.004968
0.004903 0.005224
0.004891 0.006502
0.004890 0.007176
0.004888 0.005167
0.004880 0.006364
0.004880 0.005289
0.004865 0.005827
0.004863 0.007219
0.004862 0.005349
0.004854 0.005929
0.004853 0.010534
0.004834 0.008849
0.004830 0.006649
0.004822 0.005430
0.004820 0.006493
0.004805 0.005182
0.004799 0.005804
0.004790 0.005900
0.004786 0.005248
0.004784 0.005976
0.004778 0.006076
0.004777 0.007377
0.004763 0.004776
0.004759 0.004792
0.004756 0.004938
0.004753 0.005146
0.004737 0.007546
0.004726 0.007743
0.004723 0.007314
0.004718 0.007378
0.004708 0.006184
0.004703 0.007702
0.004697 0.005122
0.004696 0.009310
0.004691 0.005229
0.004686 0.004943
0.004671 0.006613
0.004667 0.007272
0.004660 0.006170
0.004660 0.005648
0.004644 0.005277
0.004643 0.005538
0.004633 0.004656
0.004614 0.004802
0.004614 0.005474
0.004612 0.005171
0.004606 0.006555
0.004605 0.005499
0.004604 0.006265
0.004594 0.004934
0.004591 0.005569
0.004591 0.004836
0.004590 0.005105
0.004580 0.005177
0.004579 0.005662
0.004574 0.006374
0.004562 0.005818
0.004555 0.004882
0.004554 0.005183
0.004547 0.004809
0.004543 0.008125
0.004541 0.004602
0.004530 0.005063
0.004526 0.006438
0.004524 0.005631
0.004514 0.007168
0.004514 0.004523
0.004513 0.005988
0.004505 0.005791
0.004504 0.004789
0.004498 0.004992
0.004483 0.008464
0.004479 0.005984
0.004458 0.004538
0.004440 0.008107
0.004434 0.005204
0.004426 0.008425
0.004419 0.004850
0.004406 0.004868
0.004405 0.005142
0.004384 0.006408
0.004381 0.005465
0.004370 0.004475
0.004367 0.005021
0.004357 0.005372
0.004352 0.004749
0.004338 0.006132
0.004334 0.004578
0.004328 0.008713
0.004327 0.006204
0.004324 0.004531
0.004319 0.005297
0.004316 0.004859
0.004312 0.004314
0.004303 0.004770
0.004296 0.005239
0.004284 0.007330
0.004281 0.004574
0.004255 0.004384
0.004240 0.004831
0.004227 0.004875
0.004223 0.009108
0.004222 0.004975
0.004213 0.005590
0.004205 0.004205
0.004204 0.004731
0.004196 0.005212
0.004192 0.006733
0.004188 0.004558
0.004183 0.005318
0.004182 0.005198
0.004173 0.005283
0.004169 0.004669
0.004166 0.004632
0.004153 0.004326
0.004153 0.004838
0.004143 0.004689
0.004142 0.005914
0.004141 0.005446
0.004141 0.004246
0.004139 0.006006
0.004134 0.004219
0.004132 0.005393
0.004131 0.007941
0.004122 0.006093
0.004121 0.004356
0.004116 0.004269
0.004113 0.004180
0.004106 0.004575
0.004106 0.006511
0.004095 0.004187
0.004081 0.004106
0.004081 0.004662
0.004076 0.004333
0.004067 0.006064
0.004064 0.004899
0.004064 0.010561
0.004063 0.004223
0.004063 0.005768
0.004060 0.004292
0.004055 0.004594
0.004054 0.004339
0.004048 0.004352
0.004047 0.005853
0.004033 0.004304
0.004025 0.005392
0.004018 0.004713
0.004014 0.004021
0.004013 0.005375
0.004012 0.004868
0.003997 0.005221
0.003986 0.004214
0.003964 0.004802
0.003961 0.004614
0.003959 0.004494
0.003955 0.005736
0.003949 0.004089
0.003948 0.004197
0.003947 0.004007
0.003946 0.004007
0.003943 0.003951
0.003935 0.003972
0.003933 0.006093
0.003929 0.004582
0.003927 0.004343
0.003924 0.006510
0.003916 0.004165
0.003915 0.005127
0.003914 0.004059
0.003911 0.005174
0.003908 0.005086
0.003897 0.004772
0.003894 0.004217
0.003893 0.004783
0.003892 0.007779
0.003891 0.004924
0.003883 0.004456
0.003878 0.003956
0.003875 0.007531
0.003861 0.004242
0.003857 0.004664
0.003849 0.007020
0.003844 0.004592
0.003839 0.006134
0.003837 0.004577
0.003827 0.008145
0.003821 0.003941
0.003821 0.005501
0.003799 0.004321
0.003797 0.004307
0.003795 0.004925
0.003789 0.003885
0.003788 0.004594
0.003786 0.004492
0.003775 0.004037
0.003774 0.004771
0.003774 0.004878
0.003769 0.005336
0.003765 0.004329
0.003762 0.003916
0.003752 0.005873
0.003749 0.003809
0.003747 0.003821
0.003746 0.004045
0.003746 0.004467
0.003746 0.003872
0.003745 0.004025
0.003738 0.003785
0.003737 0.003946
0.003734 0.004111
0.003720 0.004216
0.003713 0.004473
0.003702 0.004954
0.003701 0.003742
0.003699 0.008213
0.003697 0.004648
0.003691 0.005098
0.003690 0.004371
0.003686 0.005997
0.003681 0.004125
0.003680 0.004674
0.003670 0.004859
0.003670 0.004065
0.003667 0.003674
0.003666 0.004815
0.003661 0.004392
0.003658 0.005085
0.003652 0.004915
0.003650 0.003982
0.003647 0.003903
0.003646 0.004023
0.003636 0.003747
0.003629 0.003962
0.003629 0.006537
0.003623 0.004819
0.003622 0.003776
0.003621 0.004526
0.003616 0.004563
0.003614 0.004021
0.003614 0.004749
0.003613 0.005129
0.003605 0.003973
0.003605 0.008099
0.003602 0.008515
0.003600 0.004729
0.003594 0.004166
0.003592 0.004593
0.003590 0.004755
0.003588 0.003939
0.003582 0.004301
0.003581 0.004481
0.003575 0.003746
0.003573 0.003907
0.003572 0.006627
0.003571 0.003687
0.003559 0.004752
0.003558 0.003881
0.003555 0.005202
0.003554 0.004648
0.003553 0.004598
0.003539 0.004456
0.003538 0.003927
0.003535 0.007569
0.003533 0.003683
0.003529 0.003952
0.003528 0.003957
0.003526 0.003905
0.003525 0.005904
0.003522 0.004626
0.003502 0.003760
0.003488 0.003970
0.003486 0.003498
0.003483 0.003808
0.003470 0.003826
0.003469 0.004359
0.003468 0.003886
0.003465 0.003756
0.003462 0.005740
0.003455 0.003794
0.003448 0.003806
0.003445 0.003944
0.003442 0.004083
0.003442 0.008834
0.003441 0.003462
0.003440 0.003625
0.003439 0.004841
0.003437 0.004373
0.003433 0.003882
0.003428 0.004941
0.003424 0.004208
0.003423 0.004023
0.003420 0.003487
0.003419 0.005509
0.003410 0.003881
0.003410 0.003417
0.003406 0.004372
0.003397 0.004947
0.003393 0.004819
0.003384 0.004073
0.003378 0.004854
0.003377 0.004120
0.003375 0.004686
0.003370 0.003736
0.003369 0.003542
0.003365 0.004184
0.003359 0.005229
0.003356 0.003472
0.003354 0.003683
0.003348 0.004976
0.003346 0.004034
0.003345 0.004449
0.003340 0.004429
0.003335 0.005000
0.003333 0.003386
0.003331 0.006236
0.003328 0.003340
0.003321 0.006154
0.003320 0.006575
0.003318 0.005109
0.003313 0.005120
0.003307 0.003760
0.003303 0.004823
0.003302 0.003666
0.003299 0.005043
0.003299 0.003442
0.003297 0.003575
0.003292 0.003301
0.003283 0.004113
0.003276 0.003883
0.003271 0.003894
0.003270 0.004387
0.003269 0.003271
0.003268 0.003670
0.003266 0.005326
0.003265 0.004631
0.003262 0.003369
0.003258 0.004437
0.003257 0.004541
0.003252 0.003456
0.003246 0.003772
0.003244 0.005780
0.003236 0.003293
0.003234 0.005021
0.003231 0.003424
0.003215 0.004981
0.003212 0.005679
0.003212 0.004054
0.003207 0.003364
0.003206 0.003509
0.003204 0.004638
0.003204 0.004468
0.003203 0.003792
0.003200 0.004962
0.003193 0.005436
0.003193 0.003340
0.003192 0.004079
0.003191 0.003400
0.003189 0.003291
0.003179 0.003596
0.003163 0.003925
0.003163 0.003766
0.003161 0.003289
0.003160 0.003362
0.003153 0.003232
0.003151 0.003388
0.003148 0.003294
0.003147 0.006260
0.003147 0.003399
0.003132 0.004901
0.003128 0.003206
0.003127 0.004906
0.003126 0.003999
0.003124 0.006119
0.003120 0.003162
0.003112 0.003123
0.003111 0.004392
0.003106 0.003382
0.003104 0.004162
0.003093 0.003948
0.003093 0.004779
0.003092 0.003828
0.003091 0.003645
0.003087 0.004717
0.003085 0.003918
0.003080 0.003214
0.003078 0.003575
0.003078 0.003170
0.003073 0.003381
0.003072 0.005179
0.003069 0.006123
0.003066 0.003410
0.003045 0.003388
0.003042 0.003106
0.003041 0.005132
0.003037 0.003554
0.003035 0.004199
0.003034 0.003171
0.003034 0.004196
0.003033 0.005204
0.003029 0.003113
0.003023 0.003256
0.003012 0.003324
0.003012 0.003249
0.003009 0.003802
0.003009 0.003197
0.003008 0.004693
0.003008 0.003053
0.003007 0.003918
0.003006 0.003012
0.003004 0.003250
0.003003 0.003676
0.003003 0.004553
0.003002 0.003105
0.003001 0.004977
0.003001 0.003963
0.002999 0.004108
0.002989 0.004209
0.002987 0.005361
0.002973 0.003089
0.002970 0.003170
0.002970 0.004545
0.002969 0.003245
0.002966 0.003803
0.002961 0.003719
0.002960 0.004400
0.002959 0.003446
0.002955 0.003000
0.002953 0.003064
0.002952 0.003312
0.002949 0.003997
0.002947 0.004184
0.002943 0.002996
0.002942 0.003247
0.002937 0.002995
0.002934 0.003043
0.002929 0.003244
0.002928 0.004297
0.002927 0.003025
0.002921 0.004066
0.002920 0.003655
0.002918 0.004589
0.002915 0.005991
0.002915 0.003659
0.002907 0.003527
0.002905 0.003010
0.002897 0.003006
0.002892 0.004105
0.002889 0.003518
0.002887 0.003125
0.002886 0.003083
0.002873 0.002974
0.002872 0.004498
0.002867 0.003220
0.002861 0.003193
0.002858 0.003106
0.002857 0.004124
0.002855 0.003313
0.002848 0.003555
0.002846 0.004820
0.002843 0.003446
0.002838 0.003611
0.002831 0.003179
0.002826 0.004782
0.002824 0.002976
0.002823 0.003320
0.002821 0.005383
0.002818 0.003590
0.002814 0.003025
0.002813 0.003049
0.002813 0.003207
0.002812 0.003154
0.002809 0.005013
0.002807 0.004999
0.002806 0.003044
0.002801 0.005974
0.002799 0.003250
0.002799 0.002829
0.002797 0.004568
0.002795 0.003169
0.002795 0.003059
0.002795 0.003168
0.002791 0.003368
0.002782 0.002834
0.002773 0.003073
0.002771 0.003079
0.002770 0.003617
0.002761 0.004207
0.002758 0.005444
0.002754 0.002893
0.002753 0.003759
0.002751 0.002843
0.002738 0.002916
0.002738 0.003227
0.002737 0.003024
0.002734 0.004368
0.002728 0.003344
0.002728 0.003846
0.002724 0.002850
0.002723 0.004027
0.002707 0.002758
0.002707 0.005106
0.002706 0.005899
0.002702 0.003106
0.002694 0.002749
0.002682 0.003357
0.002674 0.006738
0.002672 0.003227
0.002670 0.003312
0.002661 0.003971
0.002659 0.003089
0.002650 0.004300
0.002640 0.003573
0.002636 0.002722
0.002633 0.003076
0.002632 0.003692
0.002630 0.004544
0.002629 0.003306
0.002627 0.006215
0.002621 0.002729
0.002616 0.003532
0.002613 0.003016
0.002598 0.002901
0.002592 0.003852
0.002582 0.003424
0.002569 0.003297
0.002566 0.002695
0.002557 0.005068
0.002557 0.003570
0.002554 0.002883
0.002549 0.002879
0.002534 0.002599
0.002526 0.002933
0.002525 0.003988
0.002513 0.003128
0.002496 0.003583
0.002491 0.002779
0.002487 0.002572
0.002483 0.002781
0.002481 0.003830
0.002480 0.002946
0.002479 0.003846
0.002473 0.003630
0.002470 0.002696
0.002469 0.002703
0.002467 0.003175
0.002462 0.002704
0.002459 0.002476
0.002457 0.002625
0.002455 0.002712
0.002449 0.004685
0.002444 0.002608
0.002441 0.004759
0.002436 0.003085
0.002433 0.003375
0.002419 0.002450
0.002417 0.002493
0.002415 0.002431
0.002411 0.002695
0.002409 0.003256
0.002397 0.003202
0.002397 0.003176
0.002397 0.002596
0.002389 0.003644
0.002384 0.002782
0.002380 0.002897
0.002374 0.002392
0.002366 0.005742
0.002352 0.002502
0.002335 0.002556
0.002325 0.002783
0.002314 0.002374
0.002310 0.002408
0.002310 0.002312
0.002307 0.002793
0.002292 0.002406
0.002282 0.002517
0.002278 0.002569
0.002264 0.002681
0.002261 0.003925
0.002254 0.002840
0.002225 0.003725
0.002215 0.002279
0.002180 0.002464
0.002131 0.003006
0.002128 0.002311
0.002118 0.002211
0.002109 0.002180
0.002103 0.002546
0.002101 0.002733
0.002098 0.002160
0.002089 0.002359
0.002070 0.002387
0.002062 0.002207
0.002060 0.002162
0.002060 0.002477
0.002054 0.002753
0.002025 0.002118
0.002021 0.002251
0.001991 0.002337
0.001970 0.002120
0.001967 0.002271
0.001961 0.002002
0.001938 0.002206
0.001936 0.001967
0.001851 0.001988
0.001823 0.001872
0.001820 0.002559
0.001813 0.001999
0.001783 0.002304
0.001747 0.002069
0.001745 0.001802
0.001724 0.002390
0.001708 0.001936
0.001675 0.001694
0.001668 0.001826
0.001655 0.001844
0.001644 0.002204
0.001593 0.001777
0.001593 0.001651
0.001490 0.001529
0.001484 0.001558
0.001443 0.001463
0.001421 0.001780
0.001368 0.001466
0.001325 0.001377
0.001298 0.001493
0.001277 0.001395
0.001228 0.001285
0.001218 0.001241
0.001151 0.001204
0.000884 0.000885
