0.190980 0.211195
0.136726 0.156120
0.129050 0.238311
0.104167 0.105763
0.103854 0.104544
0.101694 0.131263
0.099947 0.101372
0.087674 0.098551
0.085643 0.124206
0.079316 0.085043
0.077113 0.086336
0.074868 0.078848
0.071726 0.083543
0.070770 0.071318
0.069825 0.113073
0.069527 0.078045
0.069411 0.080635
0.067764 0.104788
0.064737 0.083793
0.064233 0.119890
0.061323 0.065075
0.060936 0.064795
0.060499 0.086533
0.060335 0.068956
0.059113 0.083319
0.058578 0.080807
0.057875 0.060151
0.057533 0.063589
0.056027 0.058475
0.055524 0.056824
0.052708 0.053132
0.052686 0.065450
0.052648 0.061359
0.052492 0.064439
0.051453 0.060354
0.051144 0.065017
0.051083 0.051320
0.049984 0.076325
0.048566 0.057693
0.047824 0.058656
0.047478 0.048030
0.046735 0.059707
0.046614 0.049146
0.046266 0.048127
0.045600 0.072366
0.044427 0.054505
0.044209 0.052583
0.043687 0.048780
0.043592 0.055773
0.043383 0.061652
0.043120 0.044872
0.042936 0.081484
0.042650 0.046227
0.042457 0.045500
0.042251 0.042788
0.041829 0.048641
0.041809 0.056514
0.041628 0.047847
0.041117 0.045703
0.040611 0.043072
0.039249 0.044613
0.039165 0.057137
0.038522 0.046662
0.038370 0.047842
0.037849 0.047896
0.037796 0.057985
0.037616 0.055346
0.037577 0.041294
0.037540 0.037827
0.036732 0.040214
0.036652 0.067061
0.036152 0.040461
0.035849 0.042551
0.034975 0.048853
0.034970 0.048596
0.034947 0.035159
0.034801 0.036767
0.034765 0.041924
0.034596 0.053013
0.034378 0.038237
0.034063 0.039769
0.033804 0.033996
0.033285 0.039791
0.033253 0.034356
0.033157 0.049555
0.033140 0.033753
0.033132 0.037376
0.033076 0.034318
0.032913 0.034036
0.032592 0.066169
0.032313 0.035167
0.032311 0.043861
0.032207 0.063030
0.032045 0.040221
0.031998 0.058897
0.031981 0.045512
0.031834 0.047292
0.031706 0.035425
0.031700 0.032429
0.031617 0.038337
0.031476 0.034128
0.031431 0.034959
0.031284 0.050355
0.031209 0.033431
0.031158 0.034964
0.031121 0.035692
0.031046 0.034935
0.030984 0.031329
0.030954 0.044748
0.030846 0.037493
0.030771 0.047643
0.030694 0.041687
0.030679 0.064615
0.030353 0.039082
0.030065 0.039565
0.029682 0.037715
0.029641 0.037650
0.029608 0.033409
0.029573 0.030949
0.029526 0.037576
0.029273 0.030845
0.028851 0.037796
0.028594 0.029414
0.028577 0.033695
0.028555 0.032643
0.028514 0.033061
0.028458 0.049662
0.028344 0.030084
0.028175 0.034582
0.028103 0.029904
0.028008 0.030137
0.027969 0.030597
0.027799 0.037277
0.027764 0.033889
0.027755 0.035448
0.027608 0.029469
0.027449 0.028270
0.027431 0.033359
0.027415 0.028250
0.027409 0.029294
0.027363 0.031486
0.027215 0.030082
0.027160 0.027827
0.027075 0.028782
0.027074 0.028364
0.027064 0.045924
0.027028 0.032458
0.027012 0.033938
0.026975 0.030834
0.026960 0.051842
0.026885 0.040157
0.026706 0.029961
0.026698 0.036083
0.026656 0.027243
0.026606 0.032737
0.026491 0.031710
0.026438 0.028077
0.026398 0.027440
0.026202 0.039679
0.026200 0.028829
0.026103 0.033682
0.026065 0.026123
0.026030 0.032717
0.025937 0.037792
0.025831 0.025928
0.025720 0.033409
0.025705 0.025801
0.025615 0.033855
0.025490 0.039742
0.025425 0.034947
0.025424 0.028262
0.025410 0.031820
0.025170 0.032070
0.025156 0.037127
0.025136 0.035917
0.024747 0.034561
0.024742 0.025193
0.024719 0.028857
0.024716 0.037341
0.024713 0.043813
0.024703 0.026180
0.024625 0.030218
0.024467 0.025308
0.024441 0.024741
0.024429 0.026307
0.024293 0.026100
0.024156 0.031208
0.024109 0.029755
0.023869 0.025542
0.023815 0.025750
0.023749 0.024857
0.023716 0.029058
0.023507 0.024872
0.023353 0.027792
0.023350 0.023651
0.023333 0.024055
0.023304 0.025795
0.023116 0.024188
0.023080 0.023080
0.022953 0.029500
0.022807 0.028738
0.022787 0.026821
0.022740 0.031080
0.022697 0.024828
0.022638 0.026778
0.022633 0.027745
0.022611 0.025584
0.022542 0.040524
0.022280 0.022498
0.022202 0.022273
0.021999 0.022209
0.021992 0.026434
0.021826 0.024274
0.021736 0.023356
0.021694 0.027285
0.021537 0.036182
0.021419 0.025885
0.021412 0.024862
0.021257 0.025999
0.021138 0.024313
0.020906 0.023047
0.020730 0.024020
0.020729 0.022070
0.020531 0.021283
0.020525 0.028473
0.020455 0.028157
0.020353 0.023578
0.020327 0.025922
0.020254 0.022762
0.020171 0.020813
0.020153 0.022032
0.020118 0.021979
0.020006 0.020620
0.019705 0.021529
0.019481 0.021287
0.019279 0.025123
0.019110 0.020461
0.019054 0.021666
0.018946 0.027184
0.018788 0.019420
0.018778 0.019150
0.018657 0.019097
0.018522 0.025354
0.018495 0.022112
0.018405 0.024549
0.018382 0.018587
0.018374 0.021169
0.018335 0.021053
0.018193 0.020983
0.018087 0.018642
0.017975 0.019968
0.017793 0.017834
0.017777 0.019744
0.017777 0.021200
0.017661 0.020016
0.017660 0.021061
0.017632 0.019411
0.017543 0.019659
0.017530 0.018231
0.017498 0.022111
0.017440 0.022396
0.017346 0.018455
0.017307 0.018953
0.017253 0.019732
0.017203 0.019805
0.017170 0.019515
0.017041 0.017539
0.016982 0.018317
0.016981 0.020271
0.016913 0.019360
0.016832 0.016873
0.016716 0.026074
0.016602 0.017028
0.016494 0.025265
0.016474 0.020756
0.016460 0.017799
0.016453 0.027664
0.016429 0.017260
0.016241 0.028367
0.016228 0.028057
0.016204 0.023616
0.015990 0.017971
0.015975 0.016651
0.015950 0.019114
0.015911 0.023445
0.015882 0.018626
0.015705 0.018105
0.015639 0.022846
0.015605 0.021117
0.015544 0.015735
0.015484 0.020229
0.015444 0.015730
0.015440 0.026101
0.015405 0.020322
0.015355 0.024429
0.015342 0.019015
0.015243 0.015787
0.015189 0.026434
0.015158 0.029950
0.015053 0.016568
0.014998 0.020559
0.014988 0.018203
0.014676 0.015633
0.014611 0.020131
0.014593 0.016997
0.014576 0.015069
0.014567 0.020688
0.014545 0.022431
0.014510 0.015657
0.014507 0.014783
0.014424 0.017155
0.014424 0.020070
0.014362 0.016287
0.014343 0.017680
0.014336 0.015286
0.014329 0.015409
0.014323 0.015207
0.014319 0.018581
0.014255 0.016438
0.014202 0.015247
0.014192 0.016142
0.014154 0.014328
0.014050 0.018237
0.014006 0.016021
0.013997 0.022373
0.013977 0.015051
0.013836 0.013846
0.013815 0.015466
0.013712 0.016860
0.013699 0.018233
0.013657 0.015691
0.013636 0.019613
0.013634 0.018757
0.013547 0.023784
0.013496 0.021485
0.013433 0.015689
0.013407 0.019153
0.013322 0.023911
0.013311 0.017261
0.013202 0.023967
0.013187 0.016984
0.013109 0.016691
0.013022 0.015390
0.012995 0.017124
0.012968 0.013921
0.012961 0.015480
0.012885 0.012887
0.012884 0.015765
0.012839 0.018342
0.012646 0.013948
0.012509 0.013443
0.012467 0.012515
0.012460 0.020010
0.012388 0.022314
0.012352 0.016357
0.012328 0.018584
0.012326 0.015952
0.012303 0.018023
0.012248 0.014115
0.012248 0.014971
0.012077 0.013045
0.012040 0.015859
0.012036 0.014009
0.012005 0.014352
0.012001 0.012250
0.011951 0.013057
0.011947 0.013814
0.011892 0.012652
0.011871 0.015824
0.011807 0.013928
0.011780 0.016900
0.011744 0.018591
0.011630 0.017653
0.011619 0.012977
0.011559 0.012596
0.011520 0.013063
0.011456 0.014228
0.011451 0.016015
0.011435 0.016260
0.011403 0.011888
0.011373 0.016561
0.011366 0.014283
0.011330 0.011639
0.011323 0.012208
0.011309 0.011771
0.011221 0.013509
0.011214 0.011801
0.011174 0.014313
0.011137 0.014167
0.011132 0.014959
0.011127 0.012963
0.011103 0.011464
0.011065 0.014050
0.010973 0.012195
0.010907 0.012418
0.010879 0.011689
0.010874 0.014376
0.010872 0.020390
0.010859 0.012919
0.010859 0.010870
0.010857 0.010968
0.010796 0.018204
0.010763 0.016274
0.010748 0.010777
0.010712 0.013113
0.010707 0.014585
0.010631 0.011009
0.010630 0.013908
0.010596 0.012316
0.010577 0.014864
0.010572 0.011218
0.010555 0.011034
0.010516 0.011092
0.010474 0.013973
0.010452 0.016950
0.010433 0.013250
0.010432 0.014690
0.010410 0.010583
0.010368 0.010701
0.010319 0.011556
0.010268 0.010482
0.010203 0.012050
0.010186 0.010246
0.010166 0.011018
0.010160 0.010334
0.010150 0.015734
0.010113 0.010309
0.010060 0.011578
0.010034 0.013663
0.009940 0.010586
0.009936 0.010922
0.009921 0.010630
0.009921 0.012052
0.009905 0.012076
0.009809 0.010678
0.009805 0.009943
0.009794 0.010330
0.009757 0.018198
0.009754 0.010980
0.009751 0.013127
0.009750 0.011868
0.009737 0.010010
0.009731 0.011773
0.009704 0.013328
0.009685 0.014748
0.009681 0.009696
0.009659 0.012283
0.009641 0.013722
0.009632 0.010286
0.009561 0.011080
0.009517 0.010685
0.009505 0.010407
0.009493 0.018128
0.009477 0.009504
0.009403 0.009767
0.009393 0.009878
0.009250 0.009427
0.009243 0.011121
0.009218 0.009550
0.009215 0.012647
0.009185 0.010519
0.009152 0.010580
0.009097 0.012949
0.009096 0.010632
0.009082 0.010486
0.009043 0.010038
0.009035 0.009257
0.009010 0.011000
0.009004 0.009853
0.008952 0.021153
0.008928 0.010023
0.008917 0.009007
0.008835 0.009290
0.008830 0.010510
0.008821 0.012321
0.008794 0.011405
0.008794 0.015290
0.008787 0.014041
0.008762 0.011998
0.008743 0.012599
0.008658 0.009506
0.008657 0.010709
0.008634 0.009830
0.008581 0.011024
0.008579 0.010127
0.008554 0.009444
0.008553 0.012606
0.008518 0.014000
0.008511 0.015583
0.008433 0.008448
0.008424 0.009943
0.008424 0.008559
0.008392 0.010642
0.008375 0.012665
0.008322 0.008979
0.008307 0.010518
0.008292 0.008531
0.008245 0.008649
0.008218 0.009197
0.008207 0.008346
0.008139 0.011846
0.008134 0.015010
0.008079 0.008612
0.008070 0.008771
0.008061 0.008104
0.008021 0.008652
0.007998 0.008279
0.007930 0.009232
0.007905 0.008450
0.007882 0.009163
0.007875 0.008605
0.007863 0.008819
0.007800 0.009406
0.007764 0.009442
0.007748 0.008472
0.007736 0.008701
0.007711 0.013108
0.007624 0.008869
0.007581 0.011730
0.007526 0.008324
0.007526 0.007643
0.007511 0.008836
0.007486 0.008670
0.007475 0.007542
0.007438 0.014022
0.007411 0.008530
0.007408 0.007813
0.007401 0.008730
0.007388 0.008544
0.007380 0.009920
0.007347 0.009655
0.007344 0.010062
0.007327 0.011456
0.007315 0.012222
0.007300 0.013435
0.007281 0.007659
0.007275 0.010371
0.007273 0.009569
0.007217 0.009342
0.007187 0.007934
0.007143 0.007720
0.007138 0.007579
0.007116 0.007626
0.007106 0.007760
0.007092 0.008182
0.007058 0.009283
0.007026 0.007304
0.006967 0.007292
0.006956 0.009451
0.006941 0.007090
0.006917 0.007554
0.006903 0.008892
0.006879 0.010236
0.006869 0.007157
0.006837 0.007439
0.006836 0.008167
0.006787 0.006868
0.006780 0.007279
0.006773 0.008424
0.006758 0.007610
0.006753 0.008740
0.006751 0.006931
0.006726 0.007398
0.006725 0.007263
0.006707 0.007467
0.006701 0.006708
0.006680 0.006986
0.006655 0.006753
0.006639 0.009527
0.006634 0.007698
0.006624 0.007753
0.006601 0.007764
0.006591 0.007718
0.006584 0.008544
0.006580 0.007372
0.006565 0.008200
0.006547 0.007638
0.006537 0.007018
0.006528 0.008460
0.006520 0.008689
0.006494 0.007321
0.006474 0.006601
0.006456 0.012052
0.006414 0.007077
0.006377 0.008925
0.006373 0.010973
0.006336 0.009536
0.006313 0.007553
0.006273 0.012445
0.006257 0.008550
0.006225 0.008938
0.006219 0.007954
0.006195 0.007354
0.006186 0.009029
0.006184 0.009284
0.006161 0.009233
0.006150 0.006204
0.006135 0.009379
0.006131 0.009741
0.006101 0.006147
0.006076 0.006981
0.006060 0.006710
0.006036 0.006388
0.006028 0.006319
0.006017 0.006101
0.006014 0.006957
0.006007 0.007368
0.006002 0.006554
0.005992 0.006298
0.005946 0.006796
0.005938 0.006144
0.005930 0.006299
0.005917 0.006027
0.005915 0.006897
0.005915 0.006081
0.005887 0.006386
0.005886 0.006368
0.005884 0.009920
0.005872 0.006942
0.005871 0.007149
0.005863 0.006933
0.005855 0.007437
0.005850 0.006853
0.005848 0.008386
0.005838 0.009079
0.005831 0.005914
0.005818 0.007004
0.005807 0.006521
0.005772 0.006951
0.005768 0.006145
0.005766 0.007077
0.005762 0.007564
0.005742 0.005939
0.005694 0.007717
0.005693 0.005905
0.005686 0.008415
0.005684 0.005966
0.005680 0.007175
0.005673 0.006736
0.005672 0.005989
0.005671 0.006680
0.005670 0.006040
0.005668 0.006335
0.005663 0.005832
0.005649 0.008767
0.005644 0.005813
0.005640 0.005655
0.005635 0.005839
0.005629 0.005762
0.005625 0.006573
0.005614 0.006579
0.005613 0.007323
0.005606 0.005899
0.005587 0.006051
0.005584 0.006012
0.005573 0.007020
0.005568 0.006600
0.005566 0.006050
0.005564 0.005952
0.005554 0.005697
0.005550 0.010174
0.005539 0.005905
0.005535 0.005747
0.005530 0.005930
0.005500 0.005749
0.005493 0.012601
0.005484 0.006304
0.005481 0.006112
0.005478 0.005724
0.005461 0.005863
0.005451 0.006210
0.005420 0.005688
0.005416 0.005697
0.005412 0.005419
0.005410 0.005818
0.005405 0.006314
0.005398 0.007711
0.005398 0.006181
0.005397 0.005462
0.005397 0.008210
0.005389 0.006038
0.005380 0.005885
0.005378 0.005523
0.005378 0.005485
0.005366 0.006023
0.005352 0.005799
0.005346 0.007076
0.005344 0.005484
0.005343 0.005413
0.005341 0.006038
0.005338 0.005714
0.005334 0.006087
0.005326 0.006733
0.005308 0.007525
0.005291 0.007348
0.005289 0.005801
0.005284 0.007510
0.005280 0.007434
0.005276 0.005342
0.005274 0.006445
0.005258 0.006825
0.005257 0.005671
0.005254 0.005532
0.005250 0.005261
0.005239 0.009828
0.005237 0.006753
0.005219 0.005581
0.005204 0.005243
0.005204 0.005224
0.005199 0.006086
0.005197 0.005589
0.005196 0.009025
0.005184 0.007890
0.005180 0.006636
0.005179 0.005552
0.005173 0.005780
0.005171 0.005292
0.005170 0.007191
0.005167 0.006345
0.005165 0.009708
0.005156 0.006496
0.005144 0.006279
0.005143 0.006292
0.005142 0.007059
0.005130 0.005270
0.005124 0.005432
0.005101 0.006965
0.005091 0.005313
0.005087 0.005339
0.005073 0.005789
0.005069 0.006171
0.005066 0.008160
0.005054 0.006465
0.004998 0.005207
0.004986 0.007056
0.004981 0.004985
0.004970 0.006774
0.004959 0.006039
0.004958 0.006142
0.004954 0.007939
0.004949 0.005612
0.004947 0.004959
0.004938 0.005698
0.004933 0.007468
0.004931 0.005164
0.004917 0.005036
0.004902 0.005095
0.004901 0.005686
0.004898 0.006923
0.004895 0.006071
0.004887 0.005678
0.004879 0.005089
0.004876 0.005495
0.004869 0.005173
0.004848 0.004853
0.004846 0.005073
0.004844 0.005467
0.004844 0.007021
0.004839 0.007548
0.004832 0.006303
0.004826 0.007057
0.004821 0.008020
0.004814 0.005206
0.004804 0.005073
0.004801 0.007930
0.004797 0.005390
0.004792 0.005116
0.004789 0.004974
0.004773 0.004885
0.004765 0.004803
0.004761 0.005321
0.004758 0.006288
0.004756 0.006756
0.004751 0.007677
0.004743 0.006601
0.004733 0.005417
0.004729 0.005108
0.004723 0.005174
0.004723 0.005139
0.004704 0.007010
0.004700 0.005023
0.004695 0.004739
0.004694 0.005537
0.004688 0.004771
0.004685 0.006886
0.004671 0.009393
0.004668 0.005024
0.004666 0.006951
0.004645 0.004927
0.004643 0.009679
0.004641 0.005624
0.004640 0.007543
0.004639 0.006090
0.004637 0.004719
0.004634 0.007045
0.004633 0.004659
0.004626 0.007498
0.004626 0.008143
0.004624 0.004642
0.004619 0.004696
0.004612 0.004671
0.004609 0.007746
0.004605 0.005021
0.004600 0.005967
0.004584 0.004963
0.004576 0.004732
0.004576 0.004683
0.004571 0.004975
0.004570 0.004572
0.004540 0.005541
0.004537 0.004583
0.004536 0.007077
0.004527 0.004834
0.004525 0.005655
0.004523 0.004600
0.004521 0.004575
0.004519 0.004598
0.004517 0.004690
0.004511 0.005238
0.004496 0.004624
0.004495 0.005570
0.004492 0.004718
0.004482 0.005026
0.004480 0.004612
0.004471 0.005560
0.004469 0.006090
0.004466 0.005212
0.004460 0.004555
0.004458 0.004533
0.004450 0.004460
0.004448 0.005050
0.004429 0.005525
0.004428 0.005641
0.004420 0.005054
0.004419 0.004671
0.004416 0.005403
0.004414 0.007093
0.004412 0.007400
0.004404 0.005802
0.004397 0.004869
0.004394 0.004623
0.004377 0.004419
0.004365 0.006864
0.004360 0.006744
0.004357 0.005311
0.004355 0.004957
0.004354 0.008347
0.004353 0.006679
0.004348 0.007375
0.004344 0.004472
0.004342 0.005155
0.004338 0.005738
0.004333 0.004759
0.004323 0.004509
0.004319 0.005614
0.004310 0.004367
0.004310 0.005198
0.004309 0.006352
0.004309 0.004321
0.004308 0.007020
0.004296 0.004572
0.004285 0.005403
0.004279 0.005498
0.004279 0.006739
0.004276 0.006759
0.004276 0.008012
0.004274 0.004801
0.004274 0.007316
0.004273 0.004287
0.004266 0.004398
0.004254 0.004680
0.004251 0.004381
0.004247 0.004834
0.004241 0.004519
0.004228 0.005315
0.004226 0.007737
0.004222 0.007250
0.004219 0.005321
0.004216 0.007066
0.004213 0.004808
0.004208 0.004679
0.004200 0.006736
0.004197 0.005478
0.004174 0.004712
0.004172 0.005607
0.004170 0.006554
0.004147 0.006511
0.004147 0.005638
0.004146 0.005853
0.004140 0.005804
0.004138 0.007254
0.004138 0.005126
0.004116 0.006371
0.004116 0.004205
0.004111 0.004977
0.004100 0.004208
0.004097 0.004240
0.004092 0.004158
0.004090 0.004247
0.004074 0.005182
0.004066 0.004241
0.004061 0.005202
0.004058 0.004843
0.004054 0.004728
0.004053 0.006333
0.004044 0.004552
0.004043 0.004354
0.004040 0.004091
0.004035 0.007780
0.004029 0.004299
0.004024 0.004381
0.004023 0.004113
0.004019 0.004216
0.004009 0.005635
0.004004 0.004948
0.004000 0.004067
0.003995 0.004179
0.003987 0.005240
0.003980 0.007228
0.003977 0.007010
0.003974 0.004452
0.003964 0.007563
0.003963 0.004815
0.003960 0.004275
0.003956 0.004153
0.003954 0.004250
0.003953 0.004796
0.003953 0.007969
0.003950 0.005393
0.003948 0.004083
0.003947 0.006550
0.003945 0.005764
0.003941 0.004181
0.003937 0.004878
0.003937 0.004150
0.003923 0.003984
0.003921 0.007664
0.003919 0.006269
0.003919 0.004298
0.003918 0.005833
0.003917 0.004458
0.003915 0.003978
0.003912 0.003964
0.003902 0.006823
0.003898 0.005194
0.003894 0.004907
0.003892 0.004271
0.003889 0.004288
0.003882 0.006666
0.003878 0.003921
0.003876 0.004327
0.003875 0.004715
0.003869 0.005052
0.003867 0.004687
0.003866 0.005097
0.003865 0.008105
0.003846 0.003888
0.003836 0.003843
0.003835 0.003965
0.003833 0.003862
0.003830 0.005158
0.003825 0.005047
0.003824 0.004571
0.003821 0.004535
0.003815 0.004727
0.003815 0.004610
0.003810 0.004098
0.003808 0.004254
0.003807 0.004562
0.003806 0.004351
0.003806 0.003834
0.003804 0.004006
0.003802 0.005139
0.003800 0.004794
0.003797 0.004455
0.003791 0.005868
0.003779 0.005950
0.003775 0.004119
0.003772 0.005360
0.003771 0.004188
0.003770 0.009023
0.003765 0.006375
0.003740 0.005009
0.003733 0.004392
0.003732 0.004517
0.003727 0.003770
0.003721 0.004360
0.003713 0.005840
0.003710 0.003885
0.003707 0.005208
0.003704 0.005730
0.003703 0.004379
0.003701 0.005423
0.003700 0.003896
0.003700 0.003831
0.003700 0.003839
0.003697 0.003757
0.003697 0.004728
0.003684 0.004060
0.003679 0.004690
0.003677 0.004595
0.003677 0.004323
0.003673 0.004123
0.003671 0.005336
0.003664 0.004429
0.003655 0.004380
0.003650 0.004186
0.003643 0.005960
0.003640 0.005076
0.003634 0.003843
0.003632 0.006375
0.003632 0.003756
0.003632 0.003878
0.003630 0.003723
0.003630 0.008565
0.003629 0.003741
0.003627 0.004239
0.003623 0.003627
0.003621 0.004168
0.003619 0.006752
0.003613 0.003626
0.003607 0.007704
0.003604 0.004133
0.003591 0.004528
0.003588 0.005902
0.003585 0.003907
0.003581 0.003641
0.003580 0.004886
0.003579 0.004054
0.003575 0.005001
0.003570 0.004233
0.003570 0.004238
0.003569 0.008367
0.003563 0.003645
0.003556 0.003656
0.003554 0.003836
0.003551 0.004747
0.003550 0.006662
0.003548 0.004935
0.003538 0.003547
0.003536 0.004132
0.003534 0.003676
0.003533 0.003611
0.003532 0.003821
0.003529 0.006443
0.003527 0.003684
0.003526 0.004340
0.003525 0.003599
0.003524 0.003671
0.003518 0.003920
0.003516 0.003532
0.003513 0.004121
0.003508 0.003624
0.003505 0.004482
0.003504 0.003614
0.003502 0.004607
0.003502 0.007288
0.003500 0.003549
0.003498 0.005105
0.003478 0.003978
0.003477 0.004003
0.003477 0.004194
0.003477 0.003672
0.003477 0.003951
0.003474 0.003775
0.003474 0.004433
0.003471 0.003551
0.003469 0.003964
0.003466 0.003800
0.003465 0.003814
0.003462 0.003681
0.003459 0.003960
0.003456 0.003635
0.003455 0.004243
0.003450 0.003471
0.003449 0.005627
0.003449 0.003719
0.003448 0.003807
0.003448 0.003627
0.003441 0.003689
0.003435 0.004316
0.003435 0.003766
0.003433 0.003798
0.003421 0.004037
0.003414 0.006161
0.003413 0.003422
0.003397 0.005902
0.003396 0.003472
0.003394 0.003824
0.003393 0.003438
0.003389 0.003581
0.003387 0.005091
0.003376 0.006025
0.003375 0.003471
0.003373 0.003562
0.003367 0.003919
0.003366 0.003433
0.003364 0.004050
0.003362 0.004630
0.003362 0.004364
0.003361 0.003677
0.003361 0.004134
0.003360 0.003691
0.003358 0.005463
0.003355 0.003429
0.003352 0.003368
0.003350 0.003559
0.003350 0.003915
0.003338 0.003738
0.003335 0.003672
0.003334 0.003760
0.003333 0.003513
0.003332 0.003441
0.003331 0.004593
0.003329 0.003511
0.003329 0.007226
0.003328 0.003513
0.003325 0.003699
0.003321 0.003546
0.003321 0.003356
0.003314 0.003363
0.003308 0.003360
0.003306 0.003513
0.003303 0.005208
0.003300 0.005409
0.003299 0.003314
0.003299 0.003331
0.003297 0.004473
0.003296 0.003878
0.003295 0.003372
0.003294 0.003539
0.003294 0.003603
0.003291 0.003616
0.003288 0.005917
0.003287 0.003476
0.003283 0.005125
0.003281 0.004180
0.003280 0.003542
0.003278 0.003749
0.003273 0.004309
0.003271 0.004572
0.003269 0.003511
0.003268 0.003898
0.003267 0.004807
0.003266 0.005777
0.003254 0.003315
0.003253 0.003964
0.003252 0.003584
0.003248 0.003654
0.003230 0.003830
0.003229 0.003491
0.003228 0.003772
0.003224 0.003935
0.003223 0.003501
0.003220 0.004474
0.003214 0.003731
0.003213 0.003454
0.003211 0.003330
0.003211 0.003550
0.003199 0.003323
0.003197 0.006108
0.003196 0.003199
0.003196 0.003508
0.003194 0.003819
0.003194 0.007259
0.003193 0.008205
0.003191 0.004946
0.003190 0.003480
0.003190 0.006054
0.003186 0.003451
0.003185 0.003414
0.003184 0.004357
0.003182 0.003226
0.003174 0.003386
0.003168 0.003591
0.003164 0.003185
0.003164 0.003770
0.003162 0.003737
0.003160 0.003625
0.003160 0.004846
0.003156 0.004024
0.003156 0.003574
0.003154 0.004356
0.003151 0.003169
0.003147 0.004240
0.003143 0.005029
0.003143 0.003894
0.003140 0.004183
0.003138 0.003709
0.003138 0.003405
0.003135 0.003929
0.003133 0.004411
0.003132 0.003467
0.003130 0.004022
0.003129 0.005753
0.003126 0.003401
0.003126 0.003339
0.003119 0.004009
0.003118 0.005016
0.003115 0.003874
0.003113 0.004157
0.003111 0.005269
0.003106 0.004310
0.003105 0.005243
0.003099 0.003145
0.003099 0.003302
0.003096 0.003744
0.003092 0.003202
0.003091 0.004314
0.003088 0.003435
0.003088 0.003707
0.003087 0.005983
0.003079 0.003842
0.003079 0.003100
0.003077 0.003495
0.003077 0.005173
0.003076 0.004526
0.003075 0.003536
0.003072 0.003799
0.003071 0.003090
0.003070 0.003512
0.003070 0.003248
0.003070 0.003131
0.003066 0.003097
0.003065 0.005720
0.003062 0.003539
0.003061 0.003281
0.003059 0.004374
0.003054 0.003057
0.003054 0.003114
0.003054 0.003198
0.003054 0.003348
0.003053 0.005331
0.003052 0.003276
0.003050 0.003230
0.003047 0.003803
0.003046 0.003926
0.003039 0.003478
0.003039 0.003440
0.003039 0.003943
0.003037 0.005195
0.003035 0.003369
0.003035 0.003618
0.003035 0.003583
0.003029 0.005757
0.003024 0.004676
0.003022 0.006064
0.003018 0.003537
0.003017 0.004765
0.003012 0.003074
0.003012 0.006370
0.003009 0.003933
0.003006 0.003187
0.003003 0.003917
0.003003 0.003264
0.003001 0.005123
0.003000 0.004551
0.002998 0.003357
0.002997 0.003635
0.002994 0.003112
0.002993 0.003142
0.002990 0.003255
0.002989 0.002989
0.002987 0.005765
0.002983 0.002995
0.002983 0.003114
0.002981 0.003590
0.002980 0.003370
0.002978 0.003356
0.002975 0.004049
0.002975 0.003020
0.002971 0.003302
0.002969 0.003143
0.002968 0.003225
0.002967 0.003349
0.002967 0.003192
0.002963 0.003564
0.002960 0.003491
0.002957 0.003165
0.002955 0.003827
0.002953 0.003879
0.002952 0.003377
0.002951 0.003174
0.002951 0.003268
0.002947 0.002996
0.002946 0.004056
0.002946 0.004882
0.002945 0.003274
0.002944 0.003010
0.002944 0.003213
0.002943 0.003615
0.002942 0.003022
0.002940 0.003115
0.002940 0.003644
0.002939 0.003315
0.002936 0.006681
0.002936 0.003423
0.002935 0.003041
0.002935 0.002984
0.002933 0.002992
0.002930 0.004281
0.002930 0.004832
0.002928 0.004332
0.002928 0.004600
0.002927 0.003229
0.002921 0.003600
0.002920 0.003444
0.002920 0.002923
0.002919 0.004714
0.002913 0.003740
0.002911 0.004543
0.002911 0.003578
0.002911 0.003088
0.002907 0.002953
0.002905 0.003130
0.002904 0.003228
0.002903 0.003565
0.002903 0.003540
0.002900 0.003135
0.002898 0.003219
0.002896 0.005058
0.002895 0.003049
0.002893 0.003703
0.002889 0.003507
0.002887 0.004118
0.002885 0.003192
0.002885 0.003763
0.002884 0.004137
0.002879 0.004131
0.002879 0.003969
0.002879 0.003024
0.002877 0.004719
0.002877 0.003019
0.002876 0.004255
0.002875 0.002930
0.002872 0.003098
0.002871 0.003044
0.002871 0.003074
0.002869 0.004271
0.002868 0.003780
0.002863 0.004154
0.002863 0.003055
0.002863 0.004475
0.002861 0.003792
0.002859 0.003025
0.002859 0.003679
0.002858 0.003074
0.002855 0.003069
0.002855 0.005877
0.002854 0.003582
0.002853 0.003040
0.002847 0.003369
0.002846 0.002860
0.002846 0.004412
0.002846 0.004917
0.002843 0.002951
0.002838 0.003006
0.002837 0.003594
0.002837 0.002924
0.002835 0.002982
0.002832 0.003322
0.002831 0.003729
0.002827 0.003854
0.002826 0.003022
0.002821 0.002927
0.002820 0.003236
0.002819 0.003116
0.002817 0.004705
0.002814 0.004222
0.002812 0.006275
0.002810 0.003074
0.002808 0.003722
0.002808 0.002827
0.002801 0.003177
0.002799 0.003335
0.002790 0.002974
0.002789 0.002887
0.002787 0.004244
0.002785 0.002787
0.002785 0.003281
0.002785 0.003534
0.002780 0.003014
0.002780 0.002883
0.002771 0.003602
0.002770 0.002826
0.002769 0.003750
0.002766 0.002987
0.002765 0.002898
0.002764 0.002919
0.002763 0.002956
0.002762 0.002791
0.002761 0.005835
0.002757 0.002759
0.002751 0.003364
0.002749 0.003432
0.002748 0.003317
0.002745 0.003122
0.002745 0.003088
0.002743 0.003032
0.002742 0.002837
0.002741 0.004064
0.002740 0.003205
0.002740 0.002874
0.002739 0.002764
0.002737 0.002782
0.002737 0.003750
0.002734 0.003898
0.002734 0.003851
0.002733 0.003525
0.002733 0.002898
0.002732 0.003164
0.002731 0.003098
0.002729 0.003390
0.002729 0.003290
0.002728 0.003066
0.002728 0.003130
0.002724 0.003119
0.002720 0.002943
0.002719 0.003675
0.002716 0.002851
0.002715 0.003320
0.002715 0.002993
0.002711 0.002852
0.002710 0.003714
0.002710 0.002804
0.002706 0.004492
0.002706 0.002891
0.002703 0.002866
0.002700 0.002794
0.002700 0.002746
0.002699 0.002926
0.002698 0.002713
0.002697 0.004693
0.002681 0.002703
0.002681 0.002926
0.002681 0.002793
0.002680 0.002727
0.002673 0.002710
0.002671 0.002745
0.002665 0.006053
0.002663 0.003257
0.002662 0.003047
0.002661 0.002798
0.002660 0.003044
0.002659 0.003192
0.002659 0.006087
0.002658 0.003690
0.002658 0.004408
0.002655 0.002879
0.002651 0.003688
0.002649 0.003447
0.002648 0.002971
0.002646 0.002863
0.002646 0.003168
0.002643 0.002991
0.002640 0.004626
0.002633 0.003099
0.002632 0.005308
0.002628 0.003037
0.002627 0.004666
0.002625 0.003553
0.002625 0.003026
0.002620 0.005414
0.002617 0.003043
0.002615 0.002895
0.002614 0.002695
0.002613 0.003093
0.002612 0.003488
0.002612 0.004005
0.002609 0.003386
0.002608 0.002953
0.002608 0.004111
0.002608 0.003660
0.002607 0.003574
0.002606 0.003411
0.002602 0.003799
0.002600 0.003538
0.002600 0.003111
0.002600 0.004141
0.002597 0.003772
0.002597 0.005258
0.002596 0.003639
0.002596 0.003370
0.002595 0.003665
0.002594 0.004152
0.002591 0.004458
0.002591 0.002664
0.002589 0.003320
0.002589 0.002758
0.002586 0.002883
0.002585 0.003001
0.002579 0.002715
0.002578 0.002637
0.002577 0.003142
0.002568 0.002853
0.002566 0.002798
0.002564 0.005039
0.002564 0.002745
0.002564 0.002677
0.002561 0.002766
0.002560 0.002805
0.002557 0.002826
0.002554 0.003167
0.002551 0.006167
0.002550 0.003368
0.002550 0.002639
0.002550 0.003635
0.002548 0.004198
0.002547 0.002831
0.002547 0.005102
0.002547 0.003149
0.002546 0.002692
0.002544 0.002712
0.002544 0.002764
0.002543 0.003329
0.002542 0.003042
0.002541 0.002714
0.002540 0.003349
0.002539 0.003501
0.002536 0.002728
0.002534 0.003582
0.002530 0.004208
0.002530 0.005164
0.002530 0.002899
0.002529 0.002681
0.002524 0.003352
0.002524 0.003218
0.002522 0.003521
0.002521 0.002930
0.002521 0.002878
0.002516 0.002848
0.002513 0.003937
0.002511 0.003223
0.002511 0.003985
0.002509 0.002721
0.002508 0.002948
0.002507 0.002863
0.002507 0.004437
0.002505 0.002748
0.002503 0.002655
0.002503 0.002918
0.002503 0.002536
0.002503 0.002696
0.002502 0.003706
0.002502 0.002880
0.002498 0.002853
0.002497 0.003554
0.002497 0.003937
0.002494 0.005002
0.002492 0.002579
0.002490 0.004598
0.002489 0.002678
0.002489 0.003599
0.002489 0.002529
0.002486 0.004579
0.002482 0.003506
0.002482 0.002957
0.002481 0.005224
0.002481 0.002491
0.002478 0.002727
0.002475 0.003062
0.002473 0.002668
0.002473 0.003322
0.002472 0.002665
0.002472 0.002946
0.002472 0.002836
0.002468 0.004585
0.002465 0.002521
0.002465 0.003874
0.002462 0.003195
0.002460 0.002594
0.002459 0.003995
0.002455 0.002478
0.002453 0.002457
0.002451 0.002611
0.002450 0.003692
0.002449 0.002743
0.002448 0.003328
0.002446 0.002572
0.002446 0.002569
0.002445 0.003826
0.002445 0.002971
0.002444 0.002565
0.002443 0.002543
0.002443 0.003399
0.002441 0.002477
0.002441 0.002956
0.002441 0.002453
0.002441 0.002689
0.002437 0.002964
0.002437 0.003787
0.002430 0.004039
0.002430 0.003105
0.002429 0.002670
0.002428 0.003140
0.002423 0.002795
0.002423 0.002809
0.002421 0.003580
0.002421 0.002847
0.002419 0.002702
0.002419 0.002675
0.002418 0.002906
0.002417 0.003491
0.002417 0.002591
0.002416 0.003601
0.002414 0.002658
0.002413 0.002693
0.002413 0.002861
0.002409 0.002637
0.002409 0.002438
0.002409 0.003480
0.002408 0.004368
0.002408 0.002734
0.002406 0.003527
0.002406 0.002767
0.002405 0.003697
0.002404 0.002788
0.002401 0.003108
0.002400 0.002829
0.002397 0.002769
0.002396 0.003676
0.002395 0.002416
0.002394 0.002612
0.002391 0.002465
0.002391 0.003241
0.002391 0.003211
0.002389 0.002703
0.002387 0.002902
0.002386 0.002398
0.002380 0.004516
0.002378 0.002438
0.002377 0.003929
0.002376 0.002396
0.002371 0.002385
0.002370 0.004084
0.002370 0.003221
0.002369 0.002649
0.002365 0.002947
0.002365 0.003587
0.002364 0.002692
0.002363 0.003408
0.002363 0.002764
0.002362 0.002551
0.002362 0.002502
0.002362 0.003070
0.002361 0.002971
0.002359 0.003200
0.002358 0.004535
0.002354 0.005762
0.002353 0.003705
0.002352 0.002887
0.002352 0.003038
0.002351 0.002683
0.002350 0.003317
0.002347 0.002897
0.002342 0.003240
0.002342 0.003136
0.002340 0.002355
0.002338 0.002549
0.002337 0.002745
0.002337 0.002457
0.002336 0.002983
0.002336 0.003336
0.002333 0.002462
0.002332 0.002471
0.002332 0.002385
0.002331 0.002523
0.002330 0.002773
0.002327 0.005090
0.002324 0.002454
0.002322 0.003659
0.002320 0.004139
0.002314 0.002515
0.002313 0.003768
0.002310 0.002578
0.002309 0.004237
0.002309 0.004269
0.002306 0.003698
0.002304 0.003909
0.002303 0.002513
0.002303 0.002839
0.002302 0.003805
0.002301 0.002547
0.002299 0.002603
0.002294 0.002353
0.002293 0.002673
0.002293 0.004673
0.002293 0.002576
0.002292 0.004188
0.002292 0.003358
0.002292 0.004862
0.002292 0.002430
0.002291 0.002600
0.002290 0.002803
0.002288 0.002330
0.002288 0.002566
0.002287 0.003905
0.002287 0.003607
0.002285 0.002474
0.002283 0.002763
0.002283 0.002420
0.002282 0.002766
0.002281 0.002714
0.002280 0.002288
0.002280 0.002328
0.002279 0.002503
0.002278 0.002280
0.002277 0.002378
0.002276 0.002683
0.002276 0.002744
0.002274 0.004696
0.002272 0.002489
0.002272 0.002874
0.002271 0.002843
0.002271 0.002737
0.002270 0.002951
0.002270 0.002444
0.002263 0.003319
0.002261 0.002669
0.002260 0.002389
0.002260 0.002512
0.002258 0.003104
0.002257 0.003849
0.002256 0.002851
0.002256 0.002922
0.002253 0.003319
0.002253 0.002617
0.002247 0.002507
0.002247 0.003059
0.002247 0.002424
0.002246 0.002776
0.002246 0.005268
0.002245 0.002437
0.002245 0.002895
0.002243 0.002302
0.002240 0.002451
0.002237 0.002434
0.002237 0.003790
0.002236 0.002419
0.002236 0.002793
0.002236 0.002320
0.002235 0.003261
0.002234 0.003222
0.002234 0.002265
0.002234 0.003084
0.002233 0.002306
0.002232 0.003778
0.002229 0.002700
0.002229 0.004931
0.002226 0.002538
0.002225 0.002853
0.002221 0.002745
0.002219 0.002652
0.002218 0.002508
0.002218 0.002393
0.002215 0.004175
0.002210 0.003038
0.002209 0.002647
0.002207 0.002236
0.002207 0.004477
0.002206 0.003340
0.002206 0.002925
0.002204 0.002441
0.002202 0.002226
0.002200 0.002316
0.002199 0.002307
0.002199 0.003405
0.002199 0.002419
0.002198 0.003218
0.002197 0.002629
0.002195 0.003371
0.002195 0.002376
0.002194 0.003079
0.002193 0.002400
0.002192 0.002986
0.002191 0.003670
0.002190 0.002582
0.002188 0.002238
0.002188 0.002212
0.002186 0.002938
0.002182 0.002529
0.002179 0.002373
0.002177 0.002268
0.002172 0.002353
0.002172 0.002288
0.002171 0.003150
0.002170 0.002532
0.002168 0.003751
0.002168 0.002306
0.002168 0.002183
0.002167 0.002796
0.002167 0.003659
0.002166 0.002262
0.002163 0.003187
0.002163 0.003068
0.002162 0.002558
0.002161 0.002444
0.002159 0.002714
0.002158 0.002738
0.002157 0.002308
0.002155 0.002156
0.002153 0.003080
0.002151 0.002291
0.002150 0.002180
0.002149 0.002184
0.002147 0.003968
0.002146 0.003297
0.002145 0.002199
0.002142 0.002261
0.002142 0.002245
0.002139 0.002717
0.002138 0.002301
0.002137 0.002274
0.002135 0.002243
0.002135 0.003833
0.002131 0.004321
0.002131 0.002199
0.002130 0.002254
0.002127 0.003200
0.002126 0.003277
0.002124 0.003248
0.002123 0.004040
0.002121 0.002953
0.002120 0.002258
0.002119 0.002959
0.002118 0.002331
0.002116 0.002131
0.002115 0.003018
0.002115 0.002771
0.002114 0.004363
0.002113 0.003668
0.002113 0.003825
0.002113 0.002193
0.002112 0.002456
0.002112 0.002474
0.002111 0.002426
0.002109 0.002259
0.002109 0.002820
0.002108 0.002355
0.002108 0.002466
0.002105 0.003383
0.002105 0.003061
0.002103 0.004720
0.002103 0.003271
0.002097 0.002126
0.002096 0.002096
0.002094 0.003370
0.002093 0.002591
0.002090 0.004013
0.002089 0.002261
0.002086 0.003873
0.002085 0.002699
0.002083 0.002317
0.002083 0.002137
0.002082 0.003105
0.002081 0.002090
0.002080 0.002349
0.002079 0.002408
0.002079 0.004110
0.002078 0.002222
0.002078 0.002415
0.002078 0.003672
0.002077 0.002097
0.002076 0.003189
0.002075 0.002820
0.002075 0.002410
0.002075 0.002426
0.002074 0.002107
0.002074 0.002465
0.002073 0.002459
0.002072 0.002073
0.002072 0.003686
0.002072 0.002316
0.002070 0.002337
0.002069 0.002620
0.002066 0.003016
0.002066 0.003270
0.002066 0.002598
0.002063 0.002316
0.002063 0.002147
0.002062 0.003056
0.002060 0.003975
0.002059 0.002428
0.002059 0.003469
0.002058 0.003799
0.002056 0.002142
0.002056 0.002169
0.002054 0.002498
0.002052 0.004416
0.002050 0.002466
0.002044 0.002223
0.002038 0.003355
0.002035 0.002442
0.002034 0.003150
0.002029 0.002388
0.002028 0.002070
0.002028 0.002031
0.002027 0.002196
0.002026 0.002219
0.002026 0.002127
0.002025 0.002240
0.002024 0.002397
0.002018 0.002814
0.002014 0.002265
0.002013 0.002593
0.002012 0.002120
0.002012 0.002458
0.002011 0.002244
0.002011 0.003192
0.002007 0.004712
0.002007 0.002300
0.002007 0.002090
0.002006 0.002246
0.002006 0.002584
0.002005 0.004291
0.002005 0.002172
0.002005 0.003820
0.002005 0.002028
0.002003 0.002098
0.002003 0.002275
0.002002 0.002335
0.001998 0.003594
0.001997 0.002340
0.001996 0.002097
0.001994 0.006122
0.001994 0.002374
0.001992 0.001996
0.001991 0.002237
0.001988 0.002151
0.001985 0.002205
0.001983 0.003919
0.001981 0.002039
0.001980 0.002014
0.001979 0.003261
0.001978 0.002579
0.001976 0.002473
0.001975 0.003217
0.001974 0.002789
0.001973 0.002425
0.001973 0.002455
0.001970 0.002271
0.001969 0.003075
0.001966 0.002450
0.001965 0.003247
0.001960 0.003117
0.001960 0.002604
0.001959 0.002412
0.001958 0.002107
0.001956 0.002755
0.001955 0.002005
0.001954 0.003312
0.001954 0.001961
0.001953 0.002236
0.001951 0.002480
0.001948 0.004925
0.001945 0.002229
0.001942 0.002236
0.001940 0.001959
0.001938 0.002832
0.001935 0.002988
0.001933 0.005410
0.001932 0.003196
0.001932 0.001982
0.001932 0.003232
0.001930 0.002370
0.001925 0.002435
0.001924 0.002296
0.001923 0.002000
0.001922 0.002289
0.001922 0.002754
0.001921 0.002066
0.001921 0.002091
0.001919 0.001974
0.001917 0.001933
0.001917 0.002262
0.001917 0.002036
0.001915 0.002300
0.001913 0.002266
0.001912 0.003847
0.001908 0.002045
0.001907 0.002834
0.001900 0.002827
0.001898 0.002362
0.001891 0.002486
0.001889 0.001959
0.001889 0.002348
0.001888 0.002453
0.001888 0.002146
0.001884 0.003740
0.001883 0.003801
0.001882 0.002005
0.001879 0.002310
0.001876 0.002846
0.001874 0.001884
0.001873 0.002898
0.001871 0.002377
0.001870 0.002382
0.001866 0.002311
0.001865 0.001973
0.001864 0.002047
0.001862 0.002198
0.001862 0.003623
0.001861 0.001976
0.001857 0.002403
0.001855 0.002410
0.001853 0.002702
0.001853 0.002020
0.001851 0.002046
0.001849 0.002315
0.001848 0.002127
0.001846 0.002710
0.001845 0.003993
0.001843 0.002873
0.001842 0.002151
0.001837 0.002131
0.001837 0.002997
0.001834 0.001948
0.001834 0.002243
0.001834 0.001872
0.001833 0.002152
0.001832 0.002376
0.001832 0.001841
0.001832 0.002071
0.001830 0.001909
0.001829 0.002301
0.001827 0.001872
0.001820 0.003584
0.001817 0.002301
0.001816 0.002606
0.001815 0.001833
0.001814 0.002063
0.001812 0.002121
0.001811 0.002490
0.001808 0.002221
0.001807 0.002102
0.001804 0.002494
0.001800 0.001839
0.001798 0.002507
0.001796 0.002708
0.001795 0.002010
0.001794 0.002653
0.001793 0.001908
0.001788 0.001944
0.001784 0.001935
0.001783 0.003709
0.001783 0.003070
0.001781 0.004282
0.001781 0.002025
0.001780 0.002005
0.001777 0.002364
0.001777 0.003742
0.001772 0.003157
0.001771 0.002333
0.001766 0.003528
0.001765 0.001860
0.001764 0.001952
0.001764 0.002267
0.001761 0.003592
0.001761 0.002722
0.001757 0.001844
0.001756 0.001816
0.001753 0.002001
0.001746 0.001995
0.001746 0.002045
0.001744 0.002149
0.001743 0.002086
0.001739 0.002726
0.001738 0.002211
0.001734 0.002903
0.001731 0.002025
0.001730 0.002100
0.001728 0.001908
0.001728 0.001900
0.001727 0.002977
0.001726 0.001847
0.001726 0.002715
0.001725 0.001929
0.001725 0.001755
0.001719 0.001929
0.001715 0.002005
0.001715 0.002322
0.001714 0.001771
0.001709 0.002141
0.001708 0.001959
0.001708 0.003417
0.001705 0.001795
0.001701 0.001763
0.001698 0.002108
0.001697 0.001719
0.001697 0.002966
0.001694 0.001824
0.001692 0.001824
0.001687 0.001700
0.001687 0.002231
0.001683 0.001875
0.001682 0.002263
0.001677 0.002082
0.001666 0.002101
0.001666 0.002314
0.001663 0.001697
0.001663 0.001743
0.001661 0.001881
0.001661 0.001847
0.001659 0.001999
0.001659 0.001749
0.001657 0.002018
0.001657 0.002077
0.001656 0.002259
0.001655 0.002242
0.001652 0.002184
0.001648 0.002187
0.001644 0.001704
0.001639 0.001966
0.001639 0.002227
0.001637 0.002421
0.001636 0.001647
0.001636 0.001714
0.001633 0.001910
0.001631 0.001759
0.001629 0.001709
0.001627 0.001877
0.001624 0.001784
0.001621 0.001892
0.001616 0.001853
0.001608 0.002456
0.001607 0.001607
0.001601 0.001709
0.001595 0.003111
0.001594 0.001689
0.001594 0.001609
0.001582 0.001706
0.001580 0.002155
0.001570 0.001633
0.001570 0.001617
0.001569 0.001867
0.001564 0.001621
0.001560 0.001676
0.001552 0.002876
0.001547 0.002205
0.001540 0.001730
0.001538 0.001657
0.001532 0.002015
0.001532 0.001794
0.001530 0.001768
0.001527 0.001849
0.001526 0.001570
0.001523 0.001579
0.001517 0.001735
0.001513 0.001884
0.001510 0.001765
0.001503 0.001519
0.001479 0.001503
0.001477 0.001493
0.001476 0.001541
0.001474 0.001887
0.001471 0.001565
0.001457 0.001608
0.001455 0.001543
0.001451 0.001498
0.001437 0.001860
0.001437 0.001865
0.001426 0.001779
0.001419 0.001475
0.001418 0.001514
0.001400 0.001726
0.001393 0.001404
0.001387 0.001550
0.001380 0.001418
0.001377 0.001942
0.001368 0.001542
0.001368 0.001386
0.001360 0.002683
0.001359 0.001547
0.001359 0.001514
0.001356 0.001426
0.001353 0.001650
0.001353 0.001453
0.001342 0.001671
0.001342 0.001363
0.001337 0.001715
0.001321 0.001557
0.001314 0.001318
0.001314 0.001612
0.001314 0.001326
0.001308 0.001497
0.001305 0.001335
0.001282 0.001300
0.001279 0.001346
0.001275 0.001333
0.001264 0.001587
0.001250 0.001737
0.001236 0.001375
0.001234 0.001350
0.001220 0.001370
0.001214 0.001430
0.001206 0.001220
0.001205 0.001213
0.001187 0.001641
0.001179 0.001396
0.001162 0.001266
0.001157 0.001713
0.001147 0.001268
0.001142 0.001193
0.001139 0.001185
0.001133 0.001186
0.001112 0.001367
0.001107 0.001150
0.001069 0.001234
0.001065 0.001235
0.001058 0.001131
0.001050 0.001161
0.001049 0.001338
0.001043 0.001155
0.001031 0.001066
0.001007 0.001092
0.000952 0.001153
0.000893 0.000920
0.000872 0.001071
0.000812 0.000908
