0.121417 0.135486
0.116069 0.136886
0.106572 0.106589
0.104934 0.173306
0.104357 0.106311
0.090061 0.095059
0.089637 0.091158
0.087573 0.088356
0.076200 0.113428
0.070937 0.073724
0.070846 0.076600
0.070339 0.070767
0.066617 0.070103
0.058856 0.060929
0.056988 0.123062
0.056188 0.057336
0.051257 0.060057
0.050662 0.052393
0.048088 0.051418
0.047691 0.047987
0.046140 0.051455
0.045099 0.071997
0.045094 0.055035
0.044904 0.048204
0.044560 0.061701
0.044314 0.052157
0.043985 0.053250
0.043905 0.045154
0.043788 0.092048
0.043515 0.051992
0.043442 0.050458
0.042764 0.049457
0.042360 0.042571
0.042276 0.045263
0.041044 0.041516
0.040369 0.042725
0.039927 0.049169
0.039854 0.039936
0.039649 0.057079
0.039456 0.048471
0.039139 0.043293
0.038867 0.052306
0.038755 0.038897
0.038526 0.040328
0.038467 0.044866
0.038399 0.040870
0.038360 0.040520
0.038203 0.038761
0.037267 0.060508
0.037227 0.048369
0.036783 0.057139
0.036669 0.036970
0.036616 0.042155
0.036566 0.052460
0.036327 0.036436
0.036180 0.039099
0.035834 0.037890
0.035236 0.050181
0.035033 0.036021
0.034883 0.047192
0.034856 0.037061
0.034821 0.035769
0.034766 0.037232
0.034742 0.035632
0.034702 0.035627
0.034701 0.043178
0.034608 0.036000
0.034423 0.034979
0.034201 0.039935
0.034138 0.036001
0.034018 0.039929
0.033947 0.040556
0.033723 0.033800
0.033600 0.038025
0.033480 0.041099
0.033029 0.036930
0.032439 0.039019
0.032411 0.045387
0.031923 0.035204
0.031847 0.032352
0.031094 0.036035
0.031032 0.031742
0.031020 0.036590
0.030981 0.031572
0.030794 0.048932
0.030720 0.047375
0.030690 0.038092
0.030364 0.031065
0.030313 0.038085
0.030313 0.030319
0.030258 0.031630
0.029718 0.031627
0.029617 0.030732
0.029436 0.032806
0.029432 0.029613
0.029229 0.037230
0.029168 0.035491
0.029025 0.031431
0.029011 0.029968
0.028964 0.040163
0.028954 0.034217
0.028944 0.048837
0.028580 0.029289
0.028485 0.031549
0.028338 0.030850
0.028179 0.030034
0.028054 0.028948
0.028045 0.029914
0.028009 0.028317
0.027995 0.028634
0.027876 0.027906
0.027864 0.028010
0.027863 0.027908
0.027861 0.030440
0.027860 0.028079
0.027858 0.028557
0.027858 0.039957
0.027849 0.033977
0.027680 0.037225
0.027631 0.027653
0.027578 0.036854
0.027568 0.037101
0.027422 0.028173
0.027386 0.031472
0.027360 0.028240
0.027178 0.028144
0.027112 0.031187
0.027106 0.027434
0.027104 0.028985
0.027074 0.028445
0.027073 0.027330
0.027044 0.039463
0.026925 0.042772
0.026922 0.031172
0.026886 0.027065
0.026881 0.027791
0.026881 0.030221
0.026830 0.029476
0.026780 0.029468
0.026731 0.034841
0.026681 0.028472
0.026653 0.027813
0.026574 0.026959
0.026574 0.035112
0.026397 0.029985
0.026381 0.027569
0.026360 0.027054
0.026291 0.027809
0.026256 0.034637
0.026198 0.042155
0.026192 0.026456
0.026103 0.041731
0.026054 0.026635
0.026029 0.029203
0.026019 0.028950
0.026009 0.027005
0.025981 0.026879
0.025963 0.028074
0.025932 0.029433
0.025889 0.037882
0.025875 0.034817
0.025850 0.031766
0.025822 0.026704
0.025379 0.028752
0.025359 0.027203
0.025323 0.036193
0.025073 0.037557
0.024962 0.026894
0.024925 0.067858
0.024918 0.025650
0.024912 0.025572
0.024871 0.026540
0.024854 0.027417
0.024823 0.026907
0.024765 0.044129
0.024727 0.031525
0.024726 0.039784
0.024709 0.026384
0.024661 0.038874
0.024599 0.026045
0.024585 0.052705
0.024540 0.029110
0.024516 0.028252
0.024507 0.026481
0.024350 0.025902
0.024271 0.026562
0.024204 0.024859
0.024191 0.030968
0.024122 0.025323
0.024062 0.036329
0.024027 0.041230
0.023849 0.024751
0.023775 0.026414
0.023750 0.026280
0.023746 0.045865
0.023649 0.024140
0.023387 0.023394
0.023374 0.038007
0.023368 0.070608
0.023368 0.023449
0.023039 0.027909
0.023000 0.024492
0.022996 0.023181
0.022977 0.024392
0.022857 0.023299
0.022745 0.023519
0.022663 0.035377
0.022574 0.024631
0.022514 0.026468
0.022463 0.035038
0.022445 0.022634
0.022428 0.022546
0.022410 0.035347
0.022369 0.022426
0.022368 0.022390
0.022363 0.029515
0.022354 0.022390
0.022351 0.022420
0.022347 0.022584
0.022347 0.022392
0.022344 0.022510
0.022343 0.022362
0.022341 0.023554
0.022341 0.022343
0.022340 0.022343
0.022340 0.025141
0.022324 0.023410
0.022271 0.023735
0.022136 0.029168
0.022127 0.024735
0.022110 0.027046
0.022008 0.023019
0.021973 0.022215
0.021969 0.030994
0.021946 0.022186
0.021944 0.022786
0.021906 0.025298
0.021893 0.031395
0.021862 0.021897
0.021846 0.043530
0.021790 0.029113
0.021769 0.025029
0.021724 0.021822
0.021648 0.022964
0.021641 0.040883
0.021551 0.023474
0.021448 0.041571
0.021366 0.023575
0.021281 0.024970
0.021262 0.023424
0.021206 0.023199
0.021047 0.030335
0.021043 0.022580
0.021035 0.033683
0.020957 0.022416
0.020838 0.020861
0.020826 0.021070
0.020802 0.025228
0.020758 0.021332
0.020703 0.020939
0.020666 0.026244
0.020487 0.022060
0.020458 0.028257
0.020413 0.020709
0.020409 0.031378
0.020272 0.030953
0.020242 0.027333
0.020194 0.022604
0.020190 0.023608
0.020163 0.024417
0.020148 0.023783
0.020102 0.020244
0.020078 0.027878
0.020053 0.021884
0.020032 0.021800
0.019844 0.020796
0.019826 0.021492
0.019782 0.021822
0.019630 0.023741
0.019595 0.020114
0.019589 0.025673
0.019507 0.026665
0.019476 0.023759
0.019473 0.021213
0.019410 0.033147
0.019396 0.036678
0.019354 0.020600
0.019337 0.021181
0.019265 0.021090
0.019251 0.020346
0.019246 0.020170
0.019157 0.038252
0.019113 0.025447
0.019087 0.021366
0.019054 0.022924
0.019016 0.022174
0.018964 0.019105
0.018942 0.020156
0.018939 0.019005
0.018923 0.033807
0.018828 0.031623
0.018807 0.018813
0.018752 0.024345
0.018749 0.020894
0.018725 0.027383
0.018711 0.022513
0.018614 0.025664
0.018568 0.019330
0.018539 0.018951
0.018536 0.025192
0.018460 0.020155
0.018341 0.019468
0.018320 0.019009
0.018285 0.022418
0.018279 0.019512
0.018237 0.027283
0.018220 0.053679
0.018155 0.019369
0.018138 0.045356
0.018124 0.018763
0.018121 0.018801
0.018093 0.019756
0.018072 0.022662
0.018071 0.018097
0.018024 0.029534
0.018020 0.026248
0.017996 0.018539
0.017983 0.019767
0.017972 0.018005
0.017903 0.018568
0.017901 0.018212
0.017898 0.018065
0.017886 0.017982
0.017881 0.018081
0.017864 0.018894
0.017824 0.021383
0.017818 0.019511
0.017726 0.018286
0.017720 0.023210
0.017713 0.018075
0.017651 0.018528
0.017547 0.024864
0.017470 0.021486
0.017431 0.017740
0.017405 0.019765
0.017404 0.018373
0.017394 0.018106
0.017388 0.017934
0.017332 0.025127
0.017298 0.019114
0.017264 0.019562
0.017262 0.029716
0.017143 0.022621
0.017142 0.029096
0.017138 0.025638
0.017093 0.020816
0.017091 0.020116
0.017075 0.018936
0.017041 0.026129
0.017018 0.017511
0.017014 0.019170
0.016975 0.020058
0.016969 0.028265
0.016934 0.017319
0.016904 0.021471
0.016897 0.019627
0.016893 0.021216
0.016885 0.026088
0.016867 0.018798
0.016856 0.019144
0.016848 0.018852
0.016838 0.018836
0.016824 0.023208
0.016813 0.018972
0.016813 0.017048
0.016807 0.022528
0.016801 0.023489
0.016777 0.017731
0.016732 0.018945
0.016715 0.017480
0.016686 0.018499
0.016683 0.016970
0.016659 0.016855
0.016633 0.016882
0.016612 0.021970
0.016548 0.021571
0.016529 0.017134
0.016510 0.020708
0.016508 0.019262
0.016375 0.021987
0.016367 0.020227
0.016353 0.017825
0.016294 0.026021
0.016232 0.019131
0.016196 0.019623
0.016184 0.032229
0.016170 0.019923
0.016169 0.021346
0.016168 0.017770
0.016159 0.016834
0.016158 0.017243
0.016156 0.022390
0.016112 0.018231
0.016111 0.019798
0.016091 0.018294
0.016054 0.016507
0.016036 0.016573
0.016024 0.026497
0.016018 0.026376
0.016016 0.018375
0.016010 0.016455
0.015977 0.019884
0.015948 0.016288
0.015946 0.018767
0.015944 0.030202
0.015932 0.016723
0.015908 0.016157
0.015885 0.022417
0.015880 0.016466
0.015871 0.020019
0.015870 0.031452
0.015866 0.020310
0.015852 0.019422
0.015816 0.016111
0.015809 0.017651
0.015800 0.015977
0.015792 0.017998
0.015792 0.023735
0.015765 0.019259
0.015760 0.019103
0.015759 0.015780
0.015718 0.016129
0.015698 0.018951
0.015697 0.019958
0.015683 0.015747
0.015678 0.019503
0.015672 0.015697
0.015636 0.018511
0.015636 0.016817
0.015619 0.015754
0.015617 0.018539
0.015614 0.016535
0.015606 0.020863
0.015533 0.020549
0.015532 0.015849
0.015516 0.018708
0.015508 0.015825
0.015490 0.019283
0.015480 0.015710
0.015472 0.018935
0.015459 0.017016
0.015447 0.025177
0.015438 0.027004
0.015437 0.015652
0.015402 0.015414
0.015401 0.015928
0.015367 0.018705
0.015334 0.017011
0.015322 0.015830
0.015262 0.020192
0.015259 0.017650
0.015215 0.025540
0.015206 0.015403
0.015182 0.015415
0.015161 0.017807
0.015131 0.016801
0.015125 0.019775
0.015102 0.018603
0.015095 0.015805
0.015095 0.017671
0.015094 0.022491
0.015073 0.015151
0.015060 0.018031
0.015050 0.017184
0.015019 0.017255
0.015017 0.015052
0.015014 0.015019
0.014983 0.016799
0.014980 0.016397
0.014978 0.019642
0.014921 0.017948
0.014909 0.020373
0.014903 0.016275
0.014857 0.031326
0.014848 0.015474
0.014797 0.022013
0.014789 0.014845
0.014782 0.019466
0.014768 0.015061
0.014760 0.015720
0.014739 0.015110
0.014730 0.015140
0.014694 0.016721
0.014689 0.020453
0.014687 0.015734
0.014666 0.016493
0.014628 0.015268
0.014596 0.017637
0.014587 0.014753
0.014581 0.017014
0.014577 0.015536
0.014566 0.014832
0.014557 0.014765
0.014539 0.016413
0.014452 0.021444
0.014397 0.016704
0.014380 0.018754
0.014358 0.019331
0.014331 0.014802
0.014327 0.014650
0.014290 0.017899
0.014261 0.016786
0.014255 0.016287
0.014242 0.015329
0.014231 0.015038
0.014218 0.016461
0.014216 0.016560
0.014215 0.015786
0.014204 0.017280
0.014198 0.023490
0.014188 0.016084
0.014176 0.021270
0.014173 0.015615
0.014161 0.014208
0.014159 0.014438
0.014157 0.016840
0.014151 0.017058
0.014145 0.014225
0.014130 0.016161
0.014122 0.017681
0.014094 0.015905
0.014069 0.015480
0.014062 0.032437
0.014006 0.020316
0.013986 0.014229
0.013980 0.020890
0.013907 0.015066
0.013902 0.014194
0.013899 0.016424
0.013898 0.013929
0.013887 0.019247
0.013856 0.015323
0.013833 0.014900
0.013831 0.016179
0.013802 0.018209
0.013779 0.014948
0.013775 0.019089
0.013769 0.015510
0.013768 0.015076
0.013757 0.014244
0.013742 0.013943
0.013725 0.013857
0.013723 0.014862
0.013714 0.025365
0.013707 0.019005
0.013694 0.018912
0.013691 0.025005
0.013687 0.014383
0.013684 0.014675
0.013682 0.023012
0.013682 0.014212
0.013634 0.014006
0.013485 0.013526
0.013476 0.025174
0.013475 0.016716
0.013468 0.014773
0.013467 0.013812
0.013462 0.014083
0.013462 0.013895
0.013441 0.013725
0.013439 0.018572
0.013435 0.014656
0.013421 0.015221
0.013411 0.014137
0.013409 0.014340
0.013396 0.016791
0.013393 0.013454
0.013379 0.015373
0.013377 0.022666
0.013373 0.017160
0.013370 0.015409
0.013338 0.015593
0.013335 0.013537
0.013321 0.017031
0.013314 0.021929
0.013308 0.016347
0.013298 0.017427
0.013251 0.013656
0.013250 0.014541
0.013247 0.014958
0.013243 0.015669
0.013236 0.015253
0.013229 0.014013
0.013224 0.020884
0.013184 0.013970
0.013175 0.015905
0.013154 0.015935
0.013126 0.019759
0.013117 0.017726
0.013079 0.021446
0.013079 0.016499
0.013078 0.018649
0.013076 0.013300
0.013054 0.023701
0.013052 0.023384
0.013049 0.013988
0.013044 0.022307
0.013007 0.014997
0.012994 0.016360
0.012982 0.017294
0.012961 0.014436
0.012949 0.022333
0.012946 0.016425
0.012945 0.015303
0.012925 0.028223
0.012899 0.012969
0.012894 0.019321
0.012883 0.014080
0.012875 0.013426
0.012842 0.012876
0.012837 0.013872
0.012822 0.013901
0.012806 0.017099
0.012800 0.014431
0.012793 0.015106
0.012784 0.013341
0.012763 0.013482
0.012751 0.013843
0.012735 0.012981
0.012673 0.014572
0.012636 0.015658
0.012632 0.022101
0.012616 0.012774
0.012607 0.029592
0.012583 0.012599
0.012574 0.015289
0.012564 0.013233
0.012543 0.014052
0.012537 0.012615
0.012535 0.019034
0.012527 0.019161
0.012512 0.014004
0.012508 0.020639
0.012508 0.021464
0.012496 0.014303
0.012489 0.012959
0.012482 0.015994
0.012465 0.019382
0.012453 0.013100
0.012446 0.012955
0.012430 0.014239
0.012428 0.015825
0.012422 0.015491
0.012411 0.014021
0.012388 0.015785
0.012384 0.018915
0.012371 0.013273
0.012358 0.013613
0.012344 0.013131
0.012326 0.016691
0.012297 0.013520
0.012291 0.013297
0.012276 0.013321
0.012270 0.013708
0.012261 0.012421
0.012248 0.014629
0.012225 0.013347
0.012221 0.012552
0.012219 0.013280
0.012219 0.012845
0.012208 0.013444
0.012207 0.013985
0.012201 0.012763
0.012191 0.012638
0.012180 0.012189
0.012173 0.026503
0.012157 0.012476
0.012137 0.012984
0.012137 0.013458
0.012134 0.012624
0.012127 0.013834
0.012124 0.020452
0.012106 0.015430
0.012093 0.014345
0.012078 0.017581
0.012064 0.014990
0.012032 0.015834
0.012004 0.013027
0.011997 0.012613
0.011992 0.013533
0.011966 0.013336
0.011958 0.015000
0.011943 0.012535
0.011927 0.014801
0.011927 0.012556
0.011926 0.012082
0.011925 0.012880
0.011924 0.016527
0.011904 0.014789
0.011897 0.012635
0.011880 0.013973
0.011875 0.014198
0.011873 0.014705
0.011858 0.012885
0.011849 0.011920
0.011808 0.013799
0.011808 0.018691
0.011804 0.017921
0.011800 0.012967
0.011797 0.012783
0.011785 0.012350
0.011774 0.014272
0.011769 0.017418
0.011753 0.013440
0.011747 0.024853
0.011712 0.015514
0.011707 0.011900
0.011701 0.012644
0.011669 0.012416
0.011666 0.011695
0.011666 0.011861
0.011665 0.015815
0.011664 0.014252
0.011661 0.011876
0.011656 0.011829
0.011638 0.014015
0.011635 0.013550
0.011627 0.012052
0.011626 0.011823
0.011621 0.012004
0.011620 0.014403
0.011615 0.018412
0.011609 0.011841
0.011603 0.015732
0.011599 0.017749
0.011598 0.015226
0.011588 0.013337
0.011579 0.011699
0.011578 0.016170
0.011574 0.016903
0.011566 0.012728
0.011558 0.012785
0.011557 0.012726
0.011529 0.013560
0.011524 0.011623
0.011480 0.013387
0.011478 0.013277
0.011470 0.012034
0.011456 0.014395
0.011452 0.011505
0.011450 0.014311
0.011446 0.012641
0.011438 0.013094
0.011432 0.019529
0.011427 0.014070
0.011419 0.012609
0.011396 0.026783
0.011381 0.011700
0.011367 0.011459
0.011360 0.012398
0.011356 0.015252
0.011354 0.013614
0.011342 0.011368
0.011341 0.011520
0.011326 0.012913
0.011326 0.013379
0.011320 0.014616
0.011306 0.013366
0.011305 0.012543
0.011303 0.011652
0.011302 0.011616
0.011297 0.011464
0.011292 0.013347
0.011289 0.011852
0.011288 0.013437
0.011285 0.012051
0.011284 0.014822
0.011274 0.011533
0.011254 0.025379
0.011240 0.011548
0.011212 0.011801
0.011212 0.014350
0.011210 0.012219
0.011199 0.011783
0.011196 0.013174
0.011193 0.011467
0.011187 0.012182
0.011185 0.020581
0.011182 0.012817
0.011177 0.014522
0.011153 0.013730
0.011141 0.011520
0.011138 0.011585
0.011112 0.011212
0.011110 0.012999
0.011100 0.011175
0.011100 0.012740
0.011098 0.015224
0.011096 0.018013
0.011091 0.011259
0.011083 0.015329
0.011081 0.012385
0.011046 0.011420
0.011045 0.012274
0.011039 0.017698
0.011034 0.015513
0.011016 0.011941
0.010991 0.017048
0.010985 0.011901
0.010940 0.011677
0.010927 0.014548
0.010913 0.011431
0.010908 0.015556
0.010893 0.011567
0.010887 0.012786
0.010886 0.017269
0.010879 0.011772
0.010876 0.011632
0.010876 0.011074
0.010874 0.014677
0.010869 0.011546
0.010861 0.011122
0.010860 0.011254
0.010856 0.012456
0.010843 0.013308
0.010827 0.013234
0.010812 0.013313
0.010803 0.011051
0.010796 0.011021
0.010783 0.013181
0.010771 0.011693
0.010768 0.011676
0.010766 0.010911
0.010758 0.011513
0.010751 0.018809
0.010746 0.011844
0.010735 0.011429
0.010722 0.012130
0.010713 0.011448
0.010697 0.019312
0.010693 0.011386
0.010692 0.011225
0.010684 0.017851
0.010668 0.011540
0.010666 0.011049
0.010663 0.012135
0.010661 0.011934
0.010645 0.016840
0.010640 0.013852
0.010634 0.012880
0.010630 0.012824
0.010628 0.010876
0.010624 0.013773
0.010623 0.011261
0.010612 0.014773
0.010611 0.013262
0.010608 0.011755
0.010590 0.011434
0.010573 0.011516
0.010567 0.011202
0.010562 0.015416
0.010559 0.010650
0.010551 0.015916
0.010544 0.010639
0.010541 0.013808
0.010540 0.011006
0.010525 0.012216
0.010522 0.014683
0.010517 0.011698
0.010500 0.016734
0.010478 0.012633
0.010466 0.010784
0.010463 0.011236
0.010446 0.010759
0.010438 0.012654
0.010417 0.012869
0.010414 0.016397
0.010398 0.010977
0.010391 0.012022
0.010390 0.010641
0.010373 0.012815
0.010349 0.011724
0.010339 0.013664
0.010334 0.011318
0.010320 0.012330
0.010317 0.012047
0.010303 0.012925
0.010291 0.011947
0.010290 0.012125
0.010285 0.012985
0.010284 0.013173
0.010242 0.014171
0.010236 0.010659
0.010233 0.012089
0.010223 0.010448
0.010216 0.012290
0.010205 0.010739
0.010205 0.010646
0.010195 0.011168
0.010191 0.013225
0.010163 0.017151
0.010159 0.011063
0.010154 0.016747
0.010150 0.011195
0.010149 0.013649
0.010114 0.011563
0.010111 0.010404
0.010104 0.010785
0.010096 0.010653
0.010093 0.011698
0.010087 0.010967
0.010079 0.017822
0.010078 0.011098
0.010066 0.010461
0.010060 0.013041
0.010054 0.015539
0.010040 0.010284
0.010037 0.010597
0.010033 0.010222
0.010009 0.010017
0.010006 0.010474
0.010003 0.014063
0.010003 0.017689
0.010001 0.010214
0.009999 0.018240
0.009987 0.010312
0.009978 0.014233
0.009973 0.010397
0.009973 0.010111
0.009969 0.010661
0.009969 0.014030
0.009960 0.010737
0.009959 0.010514
0.009952 0.011216
0.009939 0.010368
0.009939 0.015489
0.009935 0.012657
0.009928 0.014970
0.009924 0.011723
0.009910 0.011232
0.009897 0.010390
0.009896 0.010090
0.009885 0.010873
0.009872 0.012379
0.009865 0.011190
0.009862 0.010480
0.009858 0.015825
0.009834 0.010189
0.009826 0.010076
0.009806 0.010169
0.009802 0.010145
0.009793 0.017206
0.009785 0.014394
0.009784 0.010133
0.009762 0.010504
0.009761 0.011501
0.009760 0.013128
0.009759 0.014639
0.009740 0.009911
0.009725 0.018584
0.009704 0.010644
0.009704 0.012398
0.009702 0.010593
0.009697 0.010636
0.009694 0.012875
0.009692 0.010176
0.009685 0.010231
0.009684 0.011740
0.009684 0.010917
0.009671 0.017527
0.009665 0.009828
0.009655 0.010919
0.009645 0.010954
0.009637 0.013265
0.009636 0.011875
0.009635 0.015331
0.009634 0.011491
0.009612 0.011265
0.009608 0.016180
0.009588 0.010944
0.009588 0.009762
0.009585 0.010949
0.009585 0.013704
0.009566 0.010821
0.009560 0.010199
0.009553 0.013949
0.009547 0.015422
0.009547 0.013439
0.009545 0.015612
0.009519 0.009572
0.009518 0.009950
0.009514 0.012022
0.009506 0.012149
0.009482 0.016446
0.009482 0.009935
0.009458 0.011849
0.009448 0.010429
0.009433 0.009471
0.009424 0.011578
0.009423 0.010270
0.009411 0.016653
0.009404 0.013953
0.009391 0.013253
0.009390 0.009850
0.009389 0.010698
0.009389 0.009799
0.009372 0.009697
0.009369 0.013645
0.009365 0.009502
0.009362 0.009619
0.009356 0.009403
0.009334 0.010236
0.009331 0.010187
0.009323 0.009482
0.009319 0.010004
0.009316 0.010678
0.009305 0.013623
0.009301 0.009305
0.009278 0.009423
0.009275 0.010251
0.009262 0.010510
0.009257 0.011906
0.009257 0.010235
0.009248 0.013166
0.009244 0.017443
0.009244 0.009723
0.009235 0.011142
0.009231 0.012742
0.009227 0.009477
0.009223 0.009441
0.009213 0.009337
0.009210 0.013562
0.009210 0.009637
0.009205 0.013717
0.009204 0.013318
0.009196 0.011405
0.009182 0.009482
0.009180 0.010146
0.009169 0.010338
0.009163 0.009904
0.009157 0.012221
0.009156 0.009444
0.009155 0.010446
0.009155 0.009202
0.009149 0.010121
0.009140 0.014051
0.009139 0.010837
0.009137 0.011890
0.009135 0.016401
0.009133 0.014539
0.009130 0.015534
0.009117 0.014380
0.009117 0.009553
0.009105 0.010772
0.009101 0.009242
0.009090 0.009314
0.009073 0.009096
0.009064 0.009541
0.009062 0.009976
0.009060 0.010220
0.009054 0.009088
0.009040 0.011270
0.009038 0.009620
0.009033 0.009202
0.009032 0.009452
0.009024 0.009946
0.009023 0.010374
0.009021 0.010219
0.009006 0.010955
0.009003 0.010334
0.008994 0.011093
0.008993 0.013769
0.008992 0.015418
0.008990 0.011922
0.008989 0.010435
0.008986 0.009242
0.008983 0.011155
0.008976 0.008991
0.008973 0.009181
0.008972 0.009646
0.008967 0.014932
0.008962 0.010107
0.008962 0.011362
0.008959 0.009402
0.008955 0.009250
0.008948 0.009730
0.008941 0.012517
0.008939 0.012093
0.008936 0.009245
0.008926 0.010663
0.008923 0.021073
0.008919 0.009502
0.008915 0.010806
0.008898 0.010711
0.008893 0.010475
0.008890 0.014892
0.008880 0.009393
0.008873 0.011544
0.008873 0.010509
0.008853 0.015329
0.008852 0.011394
0.008845 0.011503
0.008844 0.011866
0.008828 0.013153
0.008824 0.011533
0.008819 0.015016
0.008803 0.011127
0.008798 0.010269
0.008790 0.009842
0.008788 0.009947
0.008785 0.011190
0.008778 0.009091
0.008773 0.011222
0.008770 0.009059
0.008766 0.008936
0.008766 0.014083
0.008765 0.008857
0.008760 0.012154
0.008760 0.010794
0.008742 0.009687
0.008742 0.013466
0.008737 0.009518
0.008733 0.008814
0.008729 0.009336
0.008727 0.010466
0.008718 0.010957
0.008715 0.010680
0.008713 0.012103
0.008705 0.009752
0.008696 0.008939
0.008682 0.008927
0.008678 0.009388
0.008668 0.012428
0.008661 0.011916
0.008649 0.023372
0.008646 0.009163
0.008636 0.009190
0.008633 0.009573
0.008629 0.011948
0.008629 0.009835
0.008628 0.008858
0.008627 0.009092
0.008624 0.008743
0.008623 0.008830
0.008610 0.011801
0.008604 0.009044
0.008597 0.012465
0.008594 0.010852
0.008591 0.008867
0.008590 0.009085
0.008583 0.008659
0.008575 0.010114
0.008574 0.009569
0.008573 0.009023
0.008556 0.009001
0.008551 0.012455
0.008547 0.008825
0.008542 0.009358
0.008538 0.018337
0.008537 0.009857
0.008536 0.009238
0.008536 0.008687
0.008526 0.014529
0.008523 0.008809
0.008522 0.010280
0.008522 0.012246
0.008520 0.008720
0.008502 0.009254
0.008492 0.010390
0.008480 0.016626
0.008479 0.013336
0.008471 0.008989
0.008466 0.009717
0.008458 0.009905
0.008458 0.008802
0.008452 0.008775
0.008448 0.010810
0.008439 0.010585
0.008424 0.009039
0.008420 0.008949
0.008414 0.017217
0.008413 0.010528
0.008400 0.014180
0.008387 0.010886
0.008386 0.014059
0.008385 0.008748
0.008379 0.010851
0.008375 0.013414
0.008369 0.011520
0.008361 0.009011
0.008343 0.008906
0.008343 0.008423
0.008340 0.010403
0.008338 0.009129
0.008337 0.008566
0.008335 0.009905
0.008318 0.015253
0.008311 0.012277
0.008302 0.010046
0.008301 0.008358
0.008282 0.010278
0.008273 0.012382
0.008262 0.012259
0.008258 0.013095
0.008252 0.010491
0.008249 0.008836
0.008220 0.009140
0.008217 0.013222
0.008214 0.008322
0.008209 0.010917
0.008198 0.013924
0.008182 0.016219
0.008180 0.012922
0.008173 0.008300
0.008171 0.009713
0.008156 0.012659
0.008146 0.010034
0.008141 0.008580
0.008141 0.009302
0.008135 0.008637
0.008135 0.010217
0.008131 0.008233
0.008128 0.008941
0.008128 0.009644
0.008121 0.008561
0.008117 0.008124
0.008116 0.013506
0.008109 0.008632
0.008105 0.009459
0.008096 0.012163
0.008096 0.009022
0.008089 0.008179
0.008087 0.009387
0.008084 0.011276
0.008082 0.009024
0.008073 0.012561
0.008069 0.013396
0.008064 0.008438
0.008054 0.009433
0.008049 0.013493
0.008048 0.013410
0.008041 0.009190
0.008037 0.008545
0.008016 0.013495
0.008014 0.008208
0.008013 0.008437
0.008010 0.009373
0.008001 0.010071
0.008000 0.008868
0.007997 0.012873
0.007983 0.010345
0.007982 0.009140
0.007980 0.012513
0.007976 0.014188
0.007970 0.009542
0.007957 0.008213
0.007952 0.009998
0.007948 0.011369
0.007947 0.011930
0.007946 0.014949
0.007942 0.011499
0.007935 0.009658
0.007932 0.009641
0.007925 0.008054
0.007920 0.009218
0.007900 0.010567
0.007886 0.012192
0.007878 0.010191
0.007856 0.008043
0.007853 0.013266
0.007846 0.008845
0.007846 0.008574
0.007833 0.008338
0.007823 0.008887
0.007815 0.010132
0.007814 0.010217
0.007814 0.009541
0.007807 0.008127
0.007803 0.007913
0.007799 0.009078
0.007790 0.007823
0.007788 0.009820
0.007780 0.011590
0.007774 0.009286
0.007771 0.009032
0.007770 0.013127
0.007762 0.008043
0.007761 0.013392
0.007756 0.009084
0.007750 0.008815
0.007743 0.010697
0.007741 0.013498
0.007738 0.009126
0.007726 0.008424
0.007721 0.010359
0.007717 0.013776
0.007714 0.008235
0.007710 0.007725
0.007708 0.011925
0.007708 0.009746
0.007707 0.008308
0.007701 0.008272
0.007696 0.008356
0.007694 0.012266
0.007683 0.008223
0.007681 0.007768
0.007680 0.012223
0.007674 0.008068
0.007650 0.008188
0.007631 0.010486
0.007623 0.009885
0.007623 0.008167
0.007615 0.007741
0.007614 0.007799
0.007614 0.007906
0.007614 0.008866
0.007614 0.008061
0.007611 0.009208
0.007608 0.008944
0.007605 0.010620
0.007600 0.007698
0.007593 0.007779
0.007591 0.009648
0.007590 0.007708
0.007589 0.008991
0.007583 0.009573
0.007578 0.010267
0.007578 0.009098
0.007577 0.011330
0.007576 0.011299
0.007575 0.007829
0.007574 0.007939
0.007573 0.010339
0.007570 0.010767
0.007568 0.010410
0.007568 0.007695
0.007555 0.011496
0.007552 0.007624
0.007552 0.008476
0.007548 0.007818
0.007540 0.007697
0.007535 0.007845
0.007529 0.015071
0.007521 0.008864
0.007519 0.007698
0.007518 0.007801
0.007514 0.012118
0.007506 0.007607
0.007506 0.007696
0.007501 0.008802
0.007500 0.008265
0.007499 0.008931
0.007496 0.012889
0.007485 0.009037
0.007483 0.012676
0.007478 0.009524
0.007476 0.007967
0.007463 0.011969
0.007451 0.007750
0.007446 0.007605
0.007442 0.007798
0.007437 0.007880
0.007432 0.009416
0.007429 0.011922
0.007413 0.008515
0.007391 0.009411
0.007385 0.009981
0.007367 0.010479
0.007366 0.008974
0.007362 0.011552
0.007360 0.011046
0.007358 0.009579
0.007350 0.008393
0.007323 0.007782
0.007310 0.008633
0.007310 0.007786
0.007305 0.007616
0.007295 0.008403
0.007293 0.008330
0.007285 0.018425
0.007278 0.007633
0.007275 0.007494
0.007272 0.014456
0.007269 0.007469
0.007259 0.007542
0.007249 0.007828
0.007246 0.008055
0.007246 0.009989
0.007246 0.008097
0.007241 0.012919
0.007239 0.007640
0.007237 0.011362
0.007224 0.012332
0.007210 0.008191
0.007204 0.009240
0.007200 0.007250
0.007196 0.007375
0.007186 0.012166
0.007180 0.007871
0.007177 0.007519
0.007172 0.007252
0.007171 0.009063
0.007165 0.007308
0.007165 0.007536
0.007164 0.008450
0.007156 0.008938
0.007154 0.008184
0.007154 0.007362
0.007149 0.008782
0.007147 0.010349
0.007146 0.007803
0.007141 0.011478
0.007135 0.009844
0.007135 0.007159
0.007128 0.009140
0.007128 0.010099
0.007125 0.007700
0.007107 0.010171
0.007104 0.007620
0.007088 0.008044
0.007086 0.007113
0.007085 0.008087
0.007072 0.010330
0.007071 0.010039
0.007070 0.008269
0.007067 0.008396
0.007060 0.010598
0.007052 0.007832
0.007035 0.007229
0.007034 0.011772
0.007025 0.007518
0.007020 0.009873
0.006999 0.009389
0.006998 0.007178
0.006983 0.008701
0.006981 0.007437
0.006976 0.008353
0.006962 0.009713
0.006958 0.007827
0.006957 0.007520
0.006956 0.007622
0.006954 0.007095
0.006949 0.008395
0.006941 0.007639
0.006934 0.007859
0.006931 0.008228
0.006930 0.009345
0.006927 0.010377
0.006916 0.013589
0.006910 0.009940
0.006898 0.008866
0.006897 0.007278
0.006896 0.009499
0.006884 0.007309
0.006883 0.006994
0.006875 0.008485
0.006874 0.007266
0.006872 0.009588
0.006870 0.006910
0.006859 0.007324
0.006858 0.007823
0.006857 0.008186
0.006854 0.008530
0.006846 0.007976
0.006842 0.008321
0.006832 0.009543
0.006829 0.007255
0.006819 0.006854
0.006812 0.007272
0.006800 0.008942
0.006792 0.007428
0.006788 0.006818
0.006777 0.009240
0.006770 0.007216
0.006769 0.007378
0.006766 0.012661
0.006764 0.009266
0.006763 0.006849
0.006749 0.007500
0.006749 0.008308
0.006746 0.008724
0.006746 0.006875
0.006745 0.006952
0.006739 0.007846
0.006731 0.006999
0.006717 0.007092
0.006714 0.007604
0.006711 0.006942
0.006699 0.008458
0.006696 0.008782
0.006695 0.011680
0.006695 0.009327
0.006682 0.010883
0.006680 0.006961
0.006676 0.013027
0.006666 0.006775
0.006664 0.008160
0.006657 0.011776
0.006655 0.009823
0.006651 0.007209
0.006646 0.006674
0.006639 0.010282
0.006633 0.007706
0.006630 0.010626
0.006629 0.009921
0.006625 0.007377
0.006622 0.007185
0.006622 0.007985
0.006620 0.010347
0.006619 0.006864
0.006616 0.006942
0.006612 0.007250
0.006600 0.006629
0.006595 0.015171
0.006588 0.008554
0.006584 0.006835
0.006570 0.007080
0.006566 0.008858
0.006566 0.007465
0.006565 0.006689
0.006564 0.006758
0.006564 0.007005
0.006560 0.007968
0.006539 0.006614
0.006537 0.007320
0.006536 0.009361
0.006536 0.009473
0.006532 0.007577
0.006516 0.008977
0.006516 0.006533
0.006513 0.008558
0.006508 0.013699
0.006493 0.008364
0.006493 0.006766
0.006492 0.008674
0.006492 0.007053
0.006488 0.007475
0.006485 0.007069
0.006477 0.007622
0.006477 0.010507
0.006477 0.006773
0.006474 0.006500
0.006465 0.008937
0.006461 0.006960
0.006461 0.006828
0.006458 0.007345
0.006458 0.008501
0.006457 0.007977
0.006447 0.006530
0.006418 0.007956
0.006415 0.007400
0.006414 0.006511
0.006413 0.007763
0.006400 0.006728
0.006397 0.006860
0.006392 0.009903
0.006391 0.006448
0.006386 0.010802
0.006384 0.007323
0.006381 0.006898
0.006371 0.006591
0.006368 0.006633
0.006366 0.007252
0.006362 0.009090
0.006362 0.006742
0.006361 0.006551
0.006357 0.006737
0.006351 0.007310
0.006340 0.006630
0.006330 0.006381
0.006330 0.008762
0.006322 0.007767
0.006319 0.006829
0.006317 0.006587
0.006314 0.008024
0.006308 0.007034
0.006306 0.006888
0.006298 0.007479
0.006296 0.007565
0.006296 0.008339
0.006295 0.007972
0.006292 0.009163
0.006289 0.008633
0.006287 0.006483
0.006286 0.009051
0.006274 0.006428
0.006272 0.007412
0.006269 0.006689
0.006259 0.006435
0.006258 0.008497
0.006256 0.007642
0.006255 0.007103
0.006253 0.007755
0.006246 0.007155
0.006240 0.009282
0.006234 0.008097
0.006230 0.006473
0.006215 0.006823
0.006203 0.009471
0.006201 0.009214
0.006180 0.006875
0.006175 0.009749
0.006168 0.008251
0.006165 0.006883
0.006164 0.010596
0.006160 0.009744
0.006158 0.006469
0.006148 0.006284
0.006123 0.006175
0.006122 0.006769
0.006117 0.006744
0.006114 0.008982
0.006092 0.008575
0.006075 0.006094
0.006063 0.006393
0.006062 0.013744
0.006056 0.006462
0.006052 0.007699
0.006037 0.006157
0.006029 0.006336
0.006016 0.006394
0.006012 0.009023
0.006009 0.006374
0.006004 0.008691
0.005996 0.006490
0.005992 0.006175
0.005991 0.006574
0.005988 0.008454
0.005983 0.006058
0.005982 0.005988
0.005976 0.006644
0.005974 0.008480
0.005965 0.006981
0.005960 0.008048
0.005952 0.008080
0.005952 0.006212
0.005943 0.008102
0.005936 0.006483
0.005934 0.007290
0.005927 0.007254
0.005923 0.007205
0.005916 0.007944
0.005897 0.007493
0.005897 0.006274
0.005893 0.009501
0.005884 0.012700
0.005880 0.006052
0.005879 0.006108
0.005876 0.006644
0.005856 0.006081
0.005855 0.011309
0.005839 0.006098
0.005831 0.006949
0.005830 0.007630
0.005829 0.009456
0.005818 0.005886
0.005815 0.006050
0.005814 0.006430
0.005811 0.006507
0.005803 0.006921
0.005795 0.007962
0.005790 0.005960
0.005789 0.006587
0.005781 0.008138
0.005777 0.005953
0.005769 0.009806
0.005760 0.008155
0.005760 0.006586
0.005750 0.006004
0.005738 0.006208
0.005737 0.006439
0.005733 0.009013
0.005730 0.005821
0.005727 0.005784
0.005727 0.005952
0.005719 0.006920
0.005711 0.006556
0.005711 0.009201
0.005695 0.006569
0.005693 0.006745
0.005686 0.006209
0.005683 0.006318
0.005675 0.009190
0.005668 0.007814
0.005639 0.007164
0.005638 0.007272
0.005634 0.005914
0.005633 0.006906
0.005631 0.009718
0.005623 0.007453
0.005622 0.006883
0.005622 0.007595
0.005621 0.006659
0.005619 0.005878
0.005615 0.006598
0.005614 0.008679
0.005610 0.007834
0.005609 0.006690
0.005605 0.006263
0.005601 0.005722
0.005597 0.005613
0.005593 0.006382
0.005588 0.006958
0.005587 0.005711
0.005586 0.005592
0.005583 0.005690
0.005579 0.005981
0.005579 0.008108
0.005572 0.005685
0.005566 0.005678
0.005565 0.008674
0.005563 0.007152
0.005562 0.006427
0.005561 0.005803
0.005561 0.007390
0.005561 0.005595
0.005560 0.005613
0.005558 0.006114
0.005556 0.006639
0.005555 0.006444
0.005555 0.005634
0.005554 0.005961
0.005553 0.005766
0.005544 0.007235
0.005543 0.006613
0.005532 0.006394
0.005524 0.006023
0.005522 0.005960
0.005515 0.005918
0.005486 0.009085
0.005481 0.006827
0.005475 0.006351
0.005462 0.006666
0.005445 0.010985
0.005443 0.006141
0.005434 0.006436
0.005430 0.005492
0.005428 0.007656
0.005424 0.005447
0.005421 0.008191
0.005416 0.005630
0.005415 0.009660
0.005411 0.005899
0.005402 0.006095
0.005401 0.008806
0.005400 0.006345
0.005394 0.006106
0.005393 0.006002
0.005392 0.007476
0.005380 0.006079
0.005363 0.009480
0.005359 0.008865
0.005357 0.009715
0.005344 0.008367
0.005336 0.006753
0.005318 0.006219
0.005316 0.006580
0.005300 0.006253
0.005299 0.006143
0.005291 0.006442
0.005289 0.006253
0.005278 0.007189
0.005272 0.007114
0.005270 0.005360
0.005269 0.005538
0.005265 0.008022
0.005250 0.007196
0.005225 0.006143
0.005220 0.006972
0.005212 0.005549
0.005207 0.011744
0.005188 0.005288
0.005187 0.007832
0.005187 0.005737
0.005185 0.005418
0.005181 0.005641
0.005179 0.006404
0.005176 0.005374
0.005162 0.007991
0.005153 0.007613
0.005133 0.007463
0.005129 0.005523
0.005119 0.009235
0.005118 0.005554
0.005117 0.007392
0.005114 0.005669
0.005113 0.005509
0.005109 0.005459
0.005102 0.006623
0.005095 0.005892
0.005093 0.006212
0.005090 0.008088
0.005089 0.005230
0.005063 0.005143
0.005056 0.006365
0.005053 0.006853
0.005046 0.005667
0.005043 0.007171
0.005042 0.005528
0.005028 0.005349
0.005028 0.005406
0.005020 0.005070
0.005019 0.007031
0.005015 0.005423
0.005011 0.008487
0.005009 0.008418
0.005009 0.005024
0.004998 0.005166
0.004992 0.005516
0.004989 0.005023
0.004983 0.005564
0.004981 0.005080
0.004978 0.005439
0.004975 0.005289
0.004960 0.004972
0.004939 0.007538
0.004928 0.006154
0.004924 0.011591
0.004903 0.007340
0.004900 0.005144
0.004896 0.005595
0.004890 0.006347
0.004889 0.005226
0.004889 0.004928
0.004883 0.005574
0.004882 0.005783
0.004881 0.005107
0.004874 0.006473
0.004869 0.007680
0.004869 0.005538
0.004850 0.007209
0.004850 0.005240
0.004835 0.005712
0.004827 0.004926
0.004819 0.005213
0.004818 0.004978
0.004799 0.006748
0.004797 0.006701
0.004793 0.005779
0.004787 0.005791
0.004781 0.005235
0.004780 0.005865
0.004756 0.004784
0.004751 0.008249
0.004748 0.009920
0.004742 0.005588
0.004717 0.004989
0.004717 0.005960
0.004705 0.004746
0.004697 0.007774
0.004696 0.005191
0.004691 0.006428
0.004682 0.005017
0.004681 0.005154
0.004676 0.004768
0.004662 0.007224
0.004658 0.004680
0.004657 0.005092
0.004641 0.006424
0.004640 0.004670
0.004639 0.004779
0.004630 0.006854
0.004628 0.006148
0.004624 0.004715
0.004613 0.007042
0.004576 0.004938
0.004576 0.005481
0.004573 0.005299
0.004555 0.006853
0.004555 0.005259
0.004551 0.006505
0.004551 0.004613
0.004541 0.004582
0.004535 0.005010
0.004533 0.005033
0.004526 0.004791
0.004513 0.006029
0.004500 0.004602
0.004474 0.004758
0.004468 0.010231
0.004465 0.004582
0.004464 0.004983
0.004450 0.006329
0.004432 0.004994
0.004425 0.005069
0.004425 0.004729
0.004417 0.005399
0.004409 0.005019
0.004400 0.004763
0.004395 0.004781
0.004382 0.007495
0.004374 0.004600
0.004366 0.004399
0.004366 0.004532
0.004366 0.004369
0.004355 0.005206
0.004342 0.007049
0.004327 0.004560
0.004312 0.004654
0.004306 0.004567
0.004306 0.005471
0.004302 0.004372
0.004297 0.004714
0.004295 0.004953
0.004290 0.006690
0.004288 0.004347
0.004283 0.005061
0.004266 0.004874
0.004243 0.005672
0.004241 0.005661
0.004239 0.006081
0.004232 0.004560
0.004230 0.004615
0.004226 0.004473
0.004214 0.004380
0.004209 0.004261
0.004209 0.004821
0.004206 0.006968
0.004191 0.004254
0.004181 0.004208
0.004177 0.004989
0.004177 0.004636
0.004172 0.004933
0.004167 0.005064
0.004167 0.005144
0.004166 0.004282
0.004166 0.004421
0.004164 0.005292
0.004150 0.004256
0.004139 0.004227
0.004134 0.004432
0.004117 0.004616
0.004116 0.004143
0.004105 0.004462
0.004101 0.004983
0.004096 0.004332
0.004084 0.004187
0.004083 0.004138
0.004078 0.006251
0.004077 0.004290
0.004074 0.004277
0.004073 0.004327
0.004072 0.005535
0.004071 0.004337
0.004070 0.004178
0.004070 0.004080
0.004070 0.004210
0.004068 0.004128
0.004067 0.004368
0.004060 0.004409
0.004045 0.004059
0.004039 0.006143
0.004032 0.005288
0.004023 0.006070
0.004015 0.004590
0.004006 0.005781
0.003998 0.004346
0.003982 0.004983
0.003976 0.004092
0.003969 0.004167
0.003967 0.004755
0.003944 0.004991
0.003944 0.004842
0.003943 0.004370
0.003941 0.003945
0.003937 0.004536
0.003934 0.004388
0.003932 0.004933
0.003919 0.004046
0.003916 0.004221
0.003914 0.004101
0.003891 0.004139
0.003886 0.005035
0.003886 0.004285
0.003882 0.003923
0.003865 0.005174
0.003864 0.006549
0.003860 0.005450
0.003857 0.004058
0.003853 0.004312
0.003845 0.004070
0.003836 0.004627
0.003829 0.003919
0.003823 0.004836
0.003822 0.003841
0.003821 0.004896
0.003819 0.004954
0.003814 0.004576
0.003811 0.003895
0.003806 0.004181
0.003801 0.003836
0.003799 0.004276
0.003798 0.004299
0.003796 0.006545
0.003788 0.003836
0.003771 0.006868
0.003766 0.004091
0.003761 0.007456
0.003759 0.006468
0.003749 0.003853
0.003744 0.004089
0.003740 0.004242
0.003730 0.003740
0.003729 0.003742
0.003723 0.004105
0.003701 0.004408
0.003698 0.004220
0.003689 0.004470
0.003681 0.006420
0.003667 0.003756
0.003663 0.003739
0.003656 0.005204
0.003648 0.005533
0.003633 0.004691
0.003630 0.003863
0.003622 0.003795
0.003617 0.004182
0.003585 0.004504
0.003572 0.003699
0.003563 0.003866
0.003561 0.004085
0.003554 0.004509
0.003543 0.003684
0.003525 0.003572
0.003513 0.003669
0.003511 0.003610
0.003489 0.004493
0.003486 0.005117
0.003478 0.003655
0.003475 0.003812
0.003473 0.004741
0.003467 0.003959
0.003448 0.003778
0.003445 0.003467
0.003439 0.005623
0.003438 0.003969
0.003429 0.003791
0.003426 0.003512
0.003426 0.004111
0.003423 0.003647
0.003405 0.003984
0.003398 0.003438
0.003385 0.003704
0.003371 0.004194
0.003367 0.003437
0.003361 0.003451
0.003355 0.003433
0.003350 0.003384
0.003331 0.003732
0.003314 0.003390
0.003307 0.004989
0.003303 0.004451
0.003284 0.003502
0.003284 0.003427
0.003269 0.004086
0.003261 0.003379
0.003256 0.003712
0.003248 0.006597
0.003236 0.003245
0.003236 0.003262
0.003232 0.003345
0.003201 0.003763
0.003197 0.005995
0.003189 0.004243
0.003185 0.003218
0.003165 0.003815
0.003141 0.003215
0.003140 0.003267
0.003138 0.003273
0.003136 0.003164
0.003117 0.003542
0.003109 0.003557
0.003105 0.003702
0.003102 0.003613
0.003100 0.003131
0.003044 0.003792
0.003013 0.003083
0.003009 0.003775
0.002986 0.003207
0.002980 0.003036
0.002979 0.003123
0.002978 0.003650
0.002966 0.003216
0.002951 0.003263
0.002947 0.003071
0.002943 0.003117
0.002943 0.003520
0.002939 0.003251
0.002929 0.003191
0.002926 0.003036
0.002921 0.003321
0.002901 0.003043
0.002878 0.005010
0.002877 0.004199
0.002873 0.003043
0.002870 0.003718
0.002857 0.003266
0.002855 0.002947
0.002850 0.004003
0.002848 0.002877
0.002842 0.003622
0.002841 0.003071
0.002839 0.003115
0.002832 0.003363
0.002824 0.003152
0.002817 0.003262
0.002816 0.002859
0.002814 0.002925
0.002814 0.003466
0.002808 0.002827
0.002794 0.003024
0.002776 0.002819
0.002769 0.002982
0.002717 0.003105
0.002670 0.003174
0.002631 0.003010
0.002550 0.003375
0.002526 0.002989
0.002510 0.002512
0.002495 0.002769
0.002493 0.002585
0.002399 0.002693
0.002399 0.002675
0.002393 0.002486
0.002363 0.002840
0.002361 0.002509
0.002341 0.002690
0.002141 0.002241
0.002139 0.002772
0.002138 0.002225
0.002123 0.002508
0.002101 0.002146
0.002025 0.002433
0.001894 0.001903
0.001871 0.001972
0.001818 0.001884
0.001648 0.002016
0.001611 0.001676
0.001606 0.001640
0.001502 0.001540
0.001486 0.001495
0.001340 0.001343
0.001268 0.001278
