0.108657 0.111450
0.083695 0.084641
0.081162 0.082850
0.075185 0.078058
0.071763 0.076326
0.069345 0.069835
0.067750 0.067933
0.066840 0.112228
0.058713 0.063713
0.057914 0.059832
0.056140 0.056949
0.055796 0.060334
0.054982 0.060804
0.052803 0.055322
0.052506 0.058618
0.051595 0.056028
0.049686 0.049713
0.049587 0.052665
0.049172 0.075145
0.048317 0.050076
0.047803 0.048376
0.047216 0.052948
0.046865 0.052490
0.046776 0.048629
0.046257 0.057564
0.045920 0.046594
0.045756 0.046122
0.045629 0.057747
0.044573 0.048479
0.044504 0.045012
0.044066 0.051179
0.044045 0.052614
0.043638 0.056772
0.043304 0.053065
0.043012 0.048500
0.043011 0.044840
0.042736 0.049151
0.042597 0.051844
0.042341 0.051932
0.041953 0.045385
0.041905 0.051840
0.041470 0.058594
0.041395 0.045753
0.041030 0.045808
0.040716 0.050475
0.040574 0.048810
0.040407 0.055911
0.040275 0.042658
0.039809 0.063155
0.039338 0.045859
0.039145 0.069609
0.038214 0.045100
0.038201 0.051351
0.037993 0.058179
0.037593 0.039248
0.037153 0.046495
0.036956 0.041831
0.036566 0.039933
0.036548 0.040100
0.036511 0.058249
0.036338 0.044619
0.036294 0.037750
0.036269 0.057728
0.036207 0.045711
0.036038 0.038111
0.035794 0.043071
0.035531 0.037910
0.035443 0.035483
0.035428 0.042419
0.035278 0.044164
0.035264 0.035275
0.034963 0.035063
0.034793 0.046932
0.034791 0.035996
0.034460 0.040232
0.034384 0.034908
0.034210 0.039377
0.034143 0.041140
0.034135 0.042727
0.034030 0.034453
0.033926 0.034373
0.033907 0.051317
0.033870 0.034458
0.033827 0.034840
0.033699 0.037272
0.033656 0.034461
0.033581 0.034807
0.033512 0.034373
0.033150 0.055964
0.033125 0.037362
0.033027 0.040551
0.032886 0.033704
0.032883 0.033719
0.032826 0.033890
0.032513 0.038781
0.032400 0.041030
0.032033 0.033599
0.031940 0.035224
0.031857 0.035683
0.031817 0.044525
0.031816 0.033284
0.031669 0.041102
0.031666 0.038553
0.031513 0.059425
0.031445 0.032466
0.031409 0.032878
0.031342 0.035527
0.031234 0.055562
0.031159 0.039074
0.031042 0.039960
0.031018 0.041436
0.030994 0.035282
0.030985 0.031415
0.030777 0.034659
0.030657 0.030661
0.030594 0.031732
0.030409 0.031336
0.030359 0.031868
0.029895 0.041096
0.029864 0.033359
0.029833 0.041255
0.029810 0.030962
0.029711 0.034756
0.029614 0.032571
0.029570 0.030435
0.029365 0.046586
0.029343 0.029399
0.029267 0.030133
0.029228 0.033613
0.029181 0.031682
0.028893 0.032196
0.028735 0.038844
0.028709 0.037314
0.028692 0.029282
0.028683 0.029415
0.028530 0.030265
0.028469 0.040372
0.028436 0.028983
0.028397 0.029295
0.028385 0.035491
0.028370 0.030816
0.028250 0.034505
0.028097 0.029968
0.027924 0.031088
0.027906 0.034163
0.027785 0.039878
0.027703 0.028717
0.027689 0.032846
0.027609 0.029623
0.027503 0.033488
0.027498 0.048423
0.027379 0.041733
0.027378 0.033681
0.027362 0.032210
0.027326 0.041953
0.027299 0.038991
0.027292 0.027778
0.027255 0.032271
0.027254 0.028989
0.027239 0.027496
0.027221 0.031970
0.027179 0.041966
0.027171 0.028749
0.027097 0.037658
0.027062 0.032776
0.026978 0.027121
0.026966 0.039275
0.026782 0.027434
0.026680 0.027018
0.026636 0.028394
0.026585 0.026767
0.026374 0.029081
0.026374 0.026894
0.026329 0.037383
0.026296 0.027851
0.026278 0.027423
0.026224 0.026586
0.026221 0.027550
0.026210 0.031851
0.026171 0.039751
0.026159 0.032346
0.026144 0.034999
0.026140 0.035336
0.026127 0.026543
0.026033 0.035590
0.025916 0.027860
0.025890 0.027390
0.025876 0.032273
0.025770 0.041125
0.025720 0.028543
0.025708 0.027443
0.025677 0.027495
0.025614 0.038006
0.025484 0.028295
0.025462 0.028674
0.025330 0.048327
0.025308 0.028050
0.025213 0.032765
0.025126 0.029386
0.025091 0.025106
0.025016 0.036306
0.024986 0.025496
0.024967 0.025491
0.024786 0.027177
0.024734 0.025718
0.024678 0.031062
0.024574 0.026205
0.024483 0.031443
0.024483 0.027988
0.024321 0.030533
0.024293 0.042591
0.024273 0.025638
0.024242 0.026871
0.024215 0.027566
0.024170 0.029753
0.024158 0.024251
0.024069 0.024532
0.024010 0.031716
0.023975 0.026731
0.023957 0.029182
0.023905 0.024967
0.023855 0.024895
0.023831 0.025090
0.023820 0.027079
0.023761 0.024518
0.023741 0.043195
0.023738 0.023940
0.023704 0.025058
0.023644 0.024868
0.023644 0.044908
0.023574 0.029329
0.023500 0.023675
0.023468 0.026438
0.023381 0.026898
0.023380 0.029358
0.023349 0.039928
0.023254 0.023793
0.023149 0.024746
0.023140 0.029992
0.023119 0.051662
0.023103 0.023252
0.023043 0.030653
0.022992 0.039936
0.022972 0.024392
0.022936 0.024881
0.022913 0.024404
0.022909 0.025687
0.022907 0.025374
0.022868 0.035586
0.022858 0.032151
0.022792 0.051961
0.022752 0.023293
0.022750 0.023150
0.022700 0.022743
0.022691 0.022715
0.022688 0.023323
0.022677 0.025819
0.022653 0.024312
0.022648 0.027511
0.022619 0.024427
0.022541 0.050180
0.022530 0.026051
0.022496 0.022553
0.022461 0.037634
0.022450 0.024316
0.022434 0.022909
0.022433 0.032272
0.022329 0.023734
0.022328 0.023006
0.022311 0.022884
0.022252 0.028474
0.022245 0.025465
0.022217 0.027986
0.022181 0.024385
0.022146 0.029116
0.022138 0.028413
0.022133 0.026217
0.022069 0.025915
0.022066 0.028069
0.021983 0.034810
0.021977 0.026161
0.021953 0.027642
0.021923 0.029701
0.021878 0.023338
0.021860 0.028229
0.021794 0.024720
0.021790 0.027120
0.021775 0.025603
0.021754 0.023689
0.021732 0.022290
0.021633 0.025394
0.021612 0.022111
0.021554 0.036036
0.021492 0.035318
0.021440 0.023494
0.021392 0.031350
0.021351 0.024389
0.021345 0.023098
0.021275 0.022558
0.021272 0.053943
0.021261 0.032503
0.021217 0.031461
0.021213 0.023399
0.021213 0.036451
0.021195 0.024954
0.021184 0.021433
0.021166 0.022148
0.021159 0.025678
0.021152 0.021566
0.021118 0.022194
0.021116 0.025739
0.021096 0.021438
0.021089 0.021960
0.021081 0.027159
0.021049 0.033370
0.021034 0.048998
0.020975 0.022929
0.020964 0.022534
0.020923 0.021305
0.020888 0.027146
0.020886 0.021621
0.020878 0.029127
0.020860 0.024401
0.020848 0.030799
0.020765 0.023772
0.020727 0.030496
0.020726 0.023742
0.020723 0.037033
0.020723 0.031863
0.020715 0.023040
0.020699 0.022982
0.020683 0.020967
0.020671 0.021237
0.020628 0.021129
0.020562 0.022143
0.020514 0.021139
0.020484 0.031687
0.020448 0.022130
0.020425 0.021449
0.020422 0.021668
0.020369 0.021545
0.020365 0.021657
0.020318 0.021162
0.020315 0.029518
0.020283 0.029890
0.020254 0.029804
0.020249 0.022466
0.020238 0.021650
0.020226 0.021066
0.020224 0.021995
0.020202 0.035407
0.020175 0.022828
0.020130 0.029010
0.020126 0.021689
0.020101 0.034676
0.020082 0.047225
0.020070 0.027691
0.020028 0.020539
0.020019 0.032199
0.020013 0.020434
0.020001 0.029717
0.019992 0.024274
0.019976 0.031672
0.019971 0.023630
0.019913 0.032621
0.019908 0.020106
0.019908 0.021010
0.019894 0.028476
0.019884 0.027919
0.019882 0.028697
0.019855 0.027699
0.019850 0.021148
0.019835 0.020076
0.019781 0.022405
0.019769 0.022674
0.019740 0.019776
0.019738 0.031091
0.019684 0.020219
0.019669 0.033986
0.019633 0.025360
0.019631 0.019923
0.019606 0.020994
0.019584 0.031430
0.019580 0.022879
0.019574 0.019614
0.019570 0.020073
0.019555 0.021585
0.019531 0.023650
0.019490 0.021046
0.019418 0.021892
0.019413 0.021190
0.019393 0.021014
0.019389 0.023008
0.019385 0.038302
0.019366 0.019763
0.019342 0.021712
0.019297 0.024116
0.019282 0.021231
0.019236 0.048083
0.019198 0.020262
0.019183 0.024767
0.019173 0.019678
0.019168 0.027739
0.019157 0.026211
0.019135 0.019532
0.019127 0.022429
0.019119 0.019195
0.019113 0.019660
0.019106 0.023225
0.019051 0.022837
0.019026 0.045172
0.019003 0.020679
0.018973 0.021431
0.018971 0.019104
0.018970 0.023403
0.018929 0.020180
0.018916 0.019402
0.018911 0.020507
0.018903 0.033234
0.018857 0.036428
0.018820 0.022369
0.018810 0.023207
0.018783 0.021300
0.018746 0.019349
0.018685 0.032508
0.018650 0.020471
0.018648 0.033531
0.018645 0.055700
0.018628 0.031479
0.018591 0.022667
0.018579 0.028804
0.018552 0.019050
0.018540 0.020768
0.018517 0.018701
0.018493 0.026713
0.018463 0.023671
0.018462 0.026810
0.018454 0.019614
0.018441 0.024275
0.018441 0.023033
0.018395 0.019546
0.018365 0.031069
0.018270 0.020546
0.018261 0.027151
0.018236 0.021437
0.018208 0.026786
0.018184 0.024416
0.018100 0.033101
0.018075 0.023478
0.018072 0.022166
0.018069 0.020656
0.018050 0.020026
0.018022 0.018771
0.017980 0.018955
0.017952 0.019290
0.017917 0.018930
0.017898 0.028508
0.017895 0.025858
0.017885 0.024661
0.017877 0.017920
0.017871 0.018338
0.017858 0.018503
0.017850 0.020026
0.017833 0.021093
0.017805 0.023489
0.017805 0.021840
0.017781 0.023673
0.017755 0.023544
0.017742 0.019287
0.017705 0.019937
0.017697 0.026583
0.017687 0.018340
0.017643 0.018978
0.017614 0.023968
0.017609 0.023615
0.017585 0.026253
0.017579 0.020036
0.017544 0.027881
0.017537 0.017991
0.017514 0.028737
0.017501 0.018094
0.017501 0.027589
0.017469 0.026686
0.017464 0.017733
0.017420 0.022726
0.017388 0.021603
0.017378 0.018059
0.017353 0.019891
0.017347 0.027914
0.017341 0.020142
0.017334 0.024139
0.017301 0.021148
0.017276 0.024525
0.017268 0.017834
0.017267 0.018004
0.017255 0.018729
0.017253 0.018182
0.017220 0.024353
0.017216 0.021264
0.017216 0.019618
0.017216 0.028380
0.017192 0.017529
0.017161 0.023271
0.017138 0.030092
0.017109 0.018487
0.017101 0.018816
0.017099 0.019140
0.017095 0.018565
0.017087 0.019135
0.017078 0.020356
0.017075 0.018740
0.017074 0.019413
0.017065 0.021542
0.017048 0.020528
0.017007 0.019795
0.016998 0.017071
0.016997 0.029775
0.016987 0.024163
0.016957 0.026482
0.016920 0.017465
0.016917 0.017266
0.016896 0.022511
0.016890 0.019554
0.016876 0.017677
0.016873 0.017236
0.016859 0.022502
0.016851 0.022434
0.016848 0.019132
0.016847 0.024164
0.016847 0.025550
0.016844 0.016944
0.016782 0.019771
0.016747 0.021371
0.016705 0.019557
0.016667 0.019899
0.016606 0.019476
0.016570 0.016862
0.016548 0.017628
0.016547 0.017007
0.016523 0.016787
0.016517 0.020855
0.016498 0.020303
0.016494 0.017682
0.016492 0.019240
0.016485 0.018236
0.016483 0.018069
0.016474 0.017141
0.016467 0.017448
0.016453 0.018171
0.016394 0.019419
0.016393 0.021281
0.016375 0.018122
0.016373 0.020367
0.016297 0.017407
0.016294 0.019079
0.016287 0.017072
0.016277 0.017179
0.016266 0.018493
0.016260 0.016805
0.016259 0.019137
0.016253 0.029132
0.016244 0.019002
0.016227 0.017042
0.016223 0.020742
0.016146 0.018200
0.016146 0.022168
0.016110 0.019967
0.016088 0.017127
0.016082 0.018319
0.016074 0.029564
0.016071 0.019227
0.016044 0.024559
0.016031 0.018804
0.016014 0.018552
0.016004 0.017803
0.015996 0.022816
0.015989 0.016835
0.015988 0.019335
0.015984 0.016837
0.015953 0.024469
0.015936 0.016171
0.015929 0.016085
0.015920 0.027959
0.015918 0.019460
0.015914 0.016545
0.015842 0.017646
0.015841 0.029646
0.015825 0.020529
0.015820 0.020645
0.015801 0.016903
0.015776 0.016014
0.015765 0.020354
0.015720 0.019734
0.015720 0.017315
0.015701 0.024575
0.015678 0.023597
0.015671 0.023976
0.015646 0.017992
0.015625 0.015752
0.015623 0.016887
0.015620 0.017787
0.015581 0.017077
0.015555 0.015932
0.015527 0.015890
0.015522 0.024629
0.015505 0.022345
0.015504 0.024558
0.015492 0.016265
0.015490 0.019606
0.015488 0.021307
0.015460 0.016498
0.015458 0.017949
0.015450 0.021422
0.015441 0.019921
0.015437 0.015999
0.015406 0.015456
0.015379 0.015790
0.015375 0.022562
0.015374 0.015562
0.015372 0.016306
0.015367 0.016050
0.015354 0.015964
0.015353 0.018679
0.015330 0.023387
0.015317 0.019706
0.015304 0.025115
0.015280 0.016111
0.015279 0.018502
0.015276 0.015486
0.015268 0.016507
0.015262 0.015459
0.015249 0.018974
0.015235 0.016491
0.015223 0.041192
0.015222 0.015670
0.015205 0.015229
0.015198 0.016605
0.015191 0.021441
0.015189 0.017235
0.015166 0.034591
0.015162 0.015939
0.015161 0.015498
0.015131 0.018318
0.015127 0.027164
0.015118 0.021669
0.015117 0.016126
0.015113 0.015573
0.015106 0.016423
0.015103 0.015789
0.015089 0.028700
0.015084 0.016347
0.015084 0.017592
0.015065 0.017689
0.015058 0.015200
0.015012 0.015290
0.015007 0.015956
0.014997 0.019022
0.014990 0.019726
0.014955 0.018350
0.014951 0.023168
0.014946 0.015824
0.014945 0.015099
0.014933 0.020375
0.014923 0.015286
0.014916 0.019957
0.014915 0.018915
0.014907 0.019796
0.014906 0.022464
0.014900 0.015996
0.014871 0.029366
0.014863 0.032878
0.014843 0.015221
0.014812 0.016125
0.014808 0.014964
0.014803 0.015060
0.014790 0.015555
0.014788 0.017487
0.014764 0.015215
0.014751 0.024310
0.014751 0.014986
0.014742 0.015790
0.014722 0.015739
0.014715 0.018756
0.014701 0.016021
0.014697 0.015359
0.014673 0.023031
0.014644 0.016257
0.014611 0.016816
0.014599 0.017732
0.014592 0.016615
0.014592 0.016122
0.014591 0.018394
0.014587 0.022574
0.014576 0.015661
0.014573 0.015078
0.014558 0.015070
0.014548 0.015754
0.014547 0.017776
0.014544 0.018197
0.014541 0.016569
0.014527 0.016775
0.014519 0.021218
0.014507 0.014586
0.014504 0.014666
0.014498 0.014807
0.014497 0.016842
0.014478 0.022127
0.014474 0.014923
0.014457 0.014573
0.014435 0.015631
0.014402 0.019972
0.014398 0.018542
0.014382 0.018070
0.014377 0.020659
0.014376 0.022574
0.014359 0.021381
0.014354 0.014956
0.014332 0.014907
0.014331 0.014543
0.014331 0.014574
0.014326 0.017378
0.014317 0.015499
0.014313 0.016053
0.014311 0.014365
0.014300 0.015372
0.014290 0.043330
0.014289 0.015785
0.014273 0.014875
0.014272 0.024910
0.014260 0.018710
0.014249 0.016621
0.014243 0.014285
0.014243 0.019880
0.014233 0.027467
0.014214 0.014552
0.014194 0.020121
0.014187 0.025144
0.014183 0.015844
0.014183 0.014707
0.014164 0.023494
0.014148 0.021539
0.014128 0.017194
0.014121 0.028917
0.014120 0.015748
0.014118 0.016635
0.014081 0.015385
0.014069 0.018221
0.014064 0.015791
0.014039 0.014040
0.014013 0.017394
0.014009 0.014114
0.014001 0.020335
0.013984 0.015974
0.013981 0.016717
0.013978 0.027112
0.013961 0.014065
0.013960 0.024104
0.013957 0.015090
0.013955 0.016637
0.013952 0.019528
0.013943 0.016312
0.013934 0.014975
0.013923 0.015780
0.013907 0.016615
0.013898 0.014294
0.013885 0.015673
0.013876 0.016437
0.013874 0.014398
0.013867 0.019379
0.013842 0.015358
0.013832 0.014841
0.013818 0.020800
0.013802 0.014208
0.013788 0.020564
0.013778 0.019656
0.013768 0.014494
0.013766 0.020675
0.013764 0.014327
0.013763 0.018739
0.013762 0.016444
0.013732 0.017776
0.013717 0.026637
0.013714 0.033824
0.013709 0.015731
0.013709 0.014158
0.013707 0.014406
0.013675 0.014704
0.013672 0.014380
0.013668 0.015709
0.013664 0.027488
0.013647 0.014446
0.013641 0.014703
0.013639 0.018726
0.013586 0.026784
0.013577 0.023452
0.013563 0.014318
0.013556 0.015535
0.013549 0.019023
0.013543 0.024465
0.013543 0.015423
0.013539 0.017707
0.013537 0.014994
0.013527 0.016717
0.013511 0.016552
0.013510 0.014520
0.013474 0.023438
0.013469 0.013709
0.013454 0.018850
0.013441 0.014599
0.013441 0.024136
0.013433 0.018290
0.013433 0.015305
0.013405 0.018788
0.013400 0.024909
0.013379 0.021496
0.013355 0.018382
0.013347 0.015119
0.013347 0.019071
0.013344 0.021203
0.013341 0.015992
0.013323 0.013643
0.013322 0.014075
0.013320 0.024511
0.013312 0.014518
0.013289 0.020429
0.013277 0.014549
0.013269 0.013831
0.013255 0.021393
0.013253 0.014205
0.013241 0.020141
0.013229 0.016612
0.013225 0.013470
0.013216 0.023740
0.013199 0.029942
0.013187 0.016251
0.013185 0.014183
0.013180 0.014267
0.013140 0.018501
0.013136 0.013577
0.013131 0.018286
0.013130 0.014033
0.013119 0.013195
0.013117 0.013195
0.013083 0.017963
0.013082 0.024276
0.013076 0.014931
0.013069 0.018995
0.013055 0.013481
0.013039 0.013602
0.013034 0.022415
0.013025 0.018859
0.013024 0.014315
0.013006 0.013374
0.013006 0.017075
0.012986 0.013481
0.012983 0.013174
0.012979 0.016277
0.012968 0.014926
0.012960 0.013225
0.012956 0.013616
0.012950 0.014663
0.012948 0.013481
0.012936 0.018790
0.012916 0.014590
0.012908 0.015172
0.012905 0.014392
0.012896 0.017180
0.012895 0.022991
0.012890 0.023288
0.012881 0.014018
0.012881 0.013925
0.012880 0.016699
0.012868 0.013143
0.012850 0.013540
0.012850 0.016574
0.012849 0.013032
0.012836 0.018595
0.012836 0.015287
0.012829 0.014534
0.012825 0.016172
0.012820 0.022383
0.012809 0.015416
0.012808 0.013884
0.012807 0.014483
0.012802 0.014615
0.012788 0.012865
0.012786 0.020481
0.012776 0.015584
0.012776 0.023961
0.012748 0.013334
0.012714 0.020253
0.012706 0.013362
0.012701 0.014116
0.012695 0.014793
0.012664 0.014472
0.012663 0.015949
0.012653 0.013857
0.012642 0.014088
0.012640 0.018165
0.012631 0.013742
0.012611 0.012873
0.012597 0.012874
0.012588 0.017631
0.012579 0.023197
0.012578 0.016555
0.012577 0.013020
0.012560 0.015476
0.012554 0.015131
0.012547 0.012790
0.012533 0.012701
0.012530 0.012777
0.012521 0.013738
0.012519 0.013179
0.012509 0.014180
0.012489 0.022884
0.012482 0.013782
0.012482 0.015875
0.012480 0.013023
0.012476 0.012636
0.012473 0.013236
0.012472 0.013548
0.012458 0.015451
0.012452 0.020328
0.012449 0.014037
0.012443 0.014684
0.012438 0.015703
0.012420 0.017297
0.012420 0.021624
0.012410 0.013130
0.012389 0.017863
0.012387 0.013262
0.012379 0.018019
0.012377 0.015806
0.012368 0.012873
0.012366 0.014767
0.012365 0.013556
0.012361 0.012785
0.012353 0.013925
0.012345 0.012492
0.012345 0.015865
0.012338 0.013746
0.012302 0.014644
0.012295 0.015855
0.012284 0.014067
0.012276 0.013725
0.012275 0.018512
0.012261 0.014066
0.012258 0.012417
0.012255 0.012339
0.012247 0.012603
0.012224 0.013738
0.012196 0.015690
0.012186 0.012285
0.012186 0.012327
0.012181 0.012518
0.012174 0.013678
0.012165 0.013340
0.012159 0.015067
0.012153 0.012418
0.012147 0.017417
0.012136 0.014813
0.012116 0.019521
0.012104 0.013787
0.012102 0.013963
0.012101 0.014399
0.012084 0.012528
0.012061 0.015902
0.012053 0.018303
0.012043 0.012385
0.012037 0.012607
0.012036 0.012755
0.012026 0.021542
0.011995 0.014114
0.011957 0.012784
0.011945 0.012452
0.011928 0.012229
0.011925 0.012540
0.011913 0.013874
0.011902 0.021839
0.011900 0.016887
0.011894 0.023434
0.011892 0.013549
0.011888 0.012164
0.011888 0.015228
0.011887 0.013173
0.011886 0.015027
0.011879 0.012667
0.011877 0.016599
0.011876 0.013551
0.011873 0.012628
0.011872 0.012125
0.011871 0.019463
0.011868 0.015169
0.011863 0.013113
0.011852 0.013617
0.011837 0.012545
0.011833 0.014183
0.011832 0.013731
0.011826 0.012213
0.011825 0.012711
0.011788 0.014232
0.011784 0.012345
0.011782 0.014387
0.011778 0.012131
0.011776 0.012840
0.011773 0.012442
0.011772 0.012145
0.011770 0.012772
0.011768 0.012745
0.011762 0.012343
0.011758 0.015242
0.011749 0.012228
0.011749 0.012405
0.011747 0.017531
0.011747 0.015575
0.011745 0.017394
0.011741 0.015819
0.011740 0.012725
0.011735 0.018284
0.011726 0.012080
0.011726 0.014266
0.011723 0.012770
0.011717 0.012584
0.011704 0.011966
0.011700 0.015208
0.011696 0.012639
0.011696 0.013442
0.011677 0.013845
0.011676 0.011744
0.011673 0.012350
0.011672 0.015149
0.011670 0.012604
0.011665 0.012366
0.011664 0.019344
0.011646 0.013763
0.011643 0.013119
0.011633 0.013646
0.011628 0.017125
0.011616 0.013222
0.011608 0.015733
0.011608 0.014816
0.011603 0.012313
0.011597 0.011664
0.011595 0.017652
0.011589 0.014374
0.011587 0.011668
0.011585 0.015553
0.011585 0.012789
0.011581 0.013116
0.011581 0.013422
0.011580 0.015481
0.011572 0.012570
0.011564 0.013481
0.011560 0.012125
0.011559 0.018517
0.011557 0.012840
0.011551 0.012674
0.011544 0.011831
0.011543 0.016355
0.011542 0.012039
0.011533 0.018482
0.011524 0.015776
0.011518 0.012551
0.011517 0.011659
0.011514 0.016084
0.011514 0.012405
0.011511 0.011631
0.011506 0.012665
0.011502 0.021448
0.011501 0.012569
0.011492 0.011866
0.011487 0.015224
0.011475 0.015574
0.011474 0.017623
0.011461 0.014302
0.011456 0.016538
0.011447 0.017060
0.011435 0.013485
0.011433 0.011655
0.011422 0.014975
0.011419 0.011642
0.011412 0.017388
0.011409 0.014423
0.011404 0.013338
0.011402 0.012714
0.011395 0.011965
0.011379 0.013351
0.011376 0.012576
0.011372 0.011682
0.011368 0.012879
0.011359 0.020774
0.011354 0.011420
0.011350 0.013239
0.011337 0.011644
0.011335 0.013877
0.011326 0.014982
0.011326 0.015136
0.011324 0.013011
0.011306 0.014445
0.011290 0.012697
0.011288 0.014208
0.011278 0.012026
0.011270 0.013289
0.011247 0.018063
0.011234 0.014776
0.011232 0.014814
0.011225 0.011646
0.011222 0.014248
0.011214 0.011811
0.011213 0.014017
0.011212 0.013208
0.011205 0.011465
0.011203 0.013049
0.011200 0.011812
0.011168 0.011629
0.011167 0.014354
0.011167 0.011700
0.011162 0.014272
0.011155 0.011469
0.011153 0.022286
0.011153 0.011722
0.011151 0.012650
0.011150 0.014912
0.011145 0.011499
0.011125 0.013707
0.011118 0.014772
0.011115 0.019867
0.011109 0.012720
0.011106 0.012120
0.011106 0.015009
0.011104 0.011976
0.011095 0.011253
0.011093 0.020460
0.011078 0.012451
0.011076 0.016207
0.011068 0.014769
0.011066 0.013084
0.011055 0.015096
0.011054 0.013214
0.011050 0.016754
0.011049 0.012690
0.011045 0.011110
0.011040 0.011617
0.011031 0.011522
0.011031 0.014941
0.011030 0.012522
0.011024 0.011069
0.011023 0.014839
0.011021 0.017779
0.011017 0.012522
0.011009 0.011497
0.011007 0.015084
0.010995 0.015076
0.010989 0.011247
0.010984 0.025138
0.010979 0.016998
0.010966 0.012174
0.010964 0.013417
0.010962 0.013069
0.010958 0.012795
0.010953 0.011644
0.010952 0.015951
0.010951 0.014170
0.010943 0.017099
0.010931 0.013466
0.010925 0.011149
0.010925 0.012815
0.010925 0.012383
0.010917 0.011260
0.010904 0.012131
0.010898 0.012034
0.010875 0.010966
0.010871 0.012963
0.010865 0.011151
0.010861 0.011716
0.010857 0.015033
0.010853 0.017389
0.010840 0.011600
0.010838 0.020233
0.010834 0.010919
0.010831 0.011816
0.010828 0.011884
0.010818 0.010983
0.010812 0.016211
0.010811 0.010950
0.010810 0.012041
0.010806 0.012604
0.010803 0.011781
0.010797 0.011065
0.010795 0.012368
0.010786 0.013868
0.010782 0.010879
0.010780 0.012111
0.010779 0.015007
0.010775 0.011433
0.010772 0.011707
0.010764 0.012296
0.010764 0.011663
0.010755 0.010980
0.010753 0.011166
0.010751 0.012148
0.010749 0.017578
0.010746 0.014306
0.010743 0.012788
0.010742 0.013323
0.010731 0.012803
0.010719 0.016287
0.010717 0.012560
0.010715 0.012893
0.010713 0.013111
0.010713 0.011058
0.010701 0.013588
0.010693 0.013082
0.010679 0.010769
0.010678 0.011742
0.010676 0.014194
0.010661 0.011437
0.010639 0.013294
0.010628 0.016123
0.010625 0.010940
0.010621 0.017988
0.010615 0.016098
0.010607 0.011351
0.010592 0.011618
0.010588 0.018357
0.010588 0.012179
0.010578 0.018032
0.010576 0.011027
0.010570 0.010716
0.010569 0.016524
0.010549 0.010976
0.010544 0.011084
0.010529 0.010731
0.010519 0.015464
0.010517 0.015161
0.010499 0.014125
0.010495 0.020315
0.010494 0.011923
0.010485 0.010963
0.010483 0.011282
0.010482 0.013020
0.010476 0.015774
0.010475 0.012339
0.010472 0.012452
0.010466 0.019386
0.010460 0.011969
0.010459 0.011513
0.010452 0.012344
0.010445 0.011122
0.010437 0.014736
0.010435 0.013390
0.010412 0.015735
0.010410 0.012403
0.010401 0.014815
0.010396 0.010970
0.010391 0.017431
0.010390 0.017315
0.010389 0.010724
0.010387 0.011152
0.010387 0.012334
0.010386 0.013256
0.010384 0.011332
0.010383 0.013152
0.010378 0.012021
0.010369 0.027244
0.010362 0.013146
0.010357 0.017057
0.010353 0.010734
0.010353 0.012063
0.010350 0.011818
0.010348 0.011756
0.010346 0.011801
0.010343 0.011430
0.010341 0.010403
0.010323 0.020295
0.010322 0.013001
0.010319 0.013103
0.010319 0.010334
0.010312 0.017741
0.010310 0.015549
0.010309 0.014633
0.010304 0.011297
0.010296 0.010539
0.010293 0.018997
0.010285 0.012332
0.010281 0.016786
0.010280 0.010281
0.010275 0.017366
0.010256 0.012157
0.010254 0.011505
0.010232 0.010388
0.010229 0.010801
0.010223 0.021696
0.010217 0.013800
0.010213 0.013575
0.010209 0.013078
0.010207 0.012947
0.010192 0.010886
0.010185 0.012669
0.010182 0.012170
0.010181 0.014628
0.010167 0.016584
0.010157 0.011995
0.010148 0.014390
0.010147 0.010221
0.010147 0.011920
0.010146 0.011742
0.010144 0.013087
0.010144 0.010421
0.010136 0.010479
0.010134 0.018502
0.010130 0.017818
0.010125 0.011958
0.010123 0.010339
0.010121 0.015596
0.010114 0.010163
0.010112 0.010336
0.010110 0.011714
0.010109 0.014002
0.010106 0.020618
0.010105 0.012623
0.010102 0.012468
0.010101 0.013776
0.010100 0.013083
0.010099 0.010588
0.010095 0.011675
0.010083 0.012970
0.010082 0.010336
0.010080 0.011853
0.010063 0.018895
0.010063 0.018803
0.010061 0.011427
0.010060 0.017975
0.010059 0.010728
0.010055 0.011041
0.010017 0.012204
0.010015 0.020045
0.010015 0.010598
0.010004 0.011440
0.010003 0.011734
0.010002 0.013820
0.010001 0.010210
0.009994 0.017658
0.009990 0.015449
0.009986 0.011433
0.009985 0.011094
0.009985 0.011704
0.009981 0.011051
0.009981 0.010657
0.009980 0.011853
0.009978 0.011850
0.009978 0.010457
0.009976 0.010860
0.009975 0.011924
0.009973 0.013374
0.009968 0.010820
0.009953 0.013375
0.009951 0.012482
0.009944 0.011156
0.009935 0.017873
0.009924 0.015803
0.009921 0.012117
0.009915 0.019156
0.009902 0.011631
0.009901 0.011315
0.009898 0.012377
0.009896 0.015359
0.009893 0.010503
0.009887 0.013011
0.009883 0.010513
0.009878 0.010690
0.009875 0.011141
0.009874 0.014551
0.009874 0.016295
0.009867 0.011320
0.009867 0.011050
0.009866 0.011191
0.009866 0.010978
0.009864 0.010170
0.009858 0.010584
0.009856 0.020015
0.009843 0.010532
0.009842 0.019167
0.009830 0.010543
0.009828 0.015274
0.009827 0.010931
0.009824 0.011501
0.009810 0.010153
0.009806 0.010638
0.009803 0.010229
0.009803 0.012650
0.009799 0.010712
0.009797 0.012032
0.009789 0.009924
0.009782 0.014087
0.009779 0.011046
0.009773 0.011386
0.009766 0.019192
0.009764 0.013690
0.009763 0.011090
0.009763 0.011508
0.009756 0.010202
0.009754 0.017661
0.009748 0.012748
0.009747 0.010769
0.009744 0.010232
0.009734 0.010482
0.009731 0.010547
0.009730 0.009841
0.009729 0.012820
0.009724 0.011108
0.009711 0.012489
0.009709 0.009885
0.009707 0.009736
0.009705 0.009868
0.009692 0.009958
0.009690 0.012832
0.009688 0.011571
0.009687 0.021536
0.009684 0.010053
0.009680 0.013461
0.009676 0.014215
0.009673 0.010089
0.009672 0.013436
0.009672 0.016178
0.009670 0.010836
0.009669 0.011536
0.009665 0.017196
0.009660 0.011713
0.009657 0.016871
0.009651 0.011021
0.009648 0.011255
0.009645 0.010087
0.009641 0.009911
0.009639 0.011499
0.009622 0.009864
0.009620 0.016959
0.009618 0.009955
0.009614 0.019428
0.009614 0.015234
0.009614 0.013364
0.009609 0.012256
0.009601 0.011783
0.009588 0.011667
0.009579 0.011667
0.009571 0.014855
0.009570 0.014167
0.009570 0.011085
0.009570 0.010652
0.009569 0.017173
0.009560 0.011154
0.009559 0.009947
0.009557 0.012548
0.009553 0.013442
0.009549 0.010040
0.009542 0.011157
0.009539 0.010872
0.009537 0.011061
0.009535 0.010873
0.009533 0.014100
0.009530 0.010918
0.009528 0.017811
0.009524 0.009990
0.009522 0.010296
0.009521 0.012018
0.009521 0.018117
0.009519 0.009799
0.009519 0.011595
0.009514 0.012582
0.009509 0.011468
0.009503 0.010588
0.009503 0.012224
0.009496 0.011337
0.009496 0.010159
0.009491 0.013172
0.009482 0.012773
0.009481 0.011855
0.009479 0.010587
0.009478 0.010657
0.009475 0.012566
0.009472 0.009693
0.009469 0.009776
0.009466 0.009645
0.009464 0.010559
0.009456 0.016811
0.009454 0.013376
0.009446 0.010307
0.009446 0.016228
0.009445 0.012936
0.009442 0.011636
0.009430 0.011122
0.009430 0.014222
0.009426 0.013677
0.009419 0.011018
0.009419 0.015683
0.009418 0.012132
0.009412 0.021061
0.009409 0.013063
0.009406 0.013881
0.009397 0.009550
0.009397 0.015675
0.009387 0.013998
0.009386 0.016565
0.009381 0.016580
0.009380 0.011578
0.009376 0.009564
0.009375 0.010762
0.009371 0.010234
0.009369 0.012641
0.009367 0.009952
0.009355 0.011742
0.009351 0.013287
0.009348 0.010296
0.009348 0.015099
0.009346 0.010120
0.009344 0.013885
0.009341 0.010553
0.009340 0.014930
0.009339 0.009673
0.009325 0.010092
0.009312 0.010964
0.009311 0.009545
0.009304 0.012187
0.009301 0.011145
0.009290 0.009293
0.009287 0.013366
0.009286 0.013630
0.009285 0.012065
0.009282 0.010200
0.009278 0.010551
0.009271 0.009878
0.009265 0.013568
0.009259 0.011458
0.009254 0.013744
0.009254 0.009564
0.009249 0.011561
0.009247 0.010573
0.009241 0.009576
0.009237 0.009816
0.009237 0.011480
0.009237 0.010485
0.009225 0.009433
0.009219 0.009652
0.009216 0.009629
0.009212 0.015691
0.009206 0.011972
0.009203 0.009637
0.009202 0.009323
0.009199 0.010474
0.009199 0.009964
0.009198 0.009250
0.009197 0.011821
0.009190 0.010394
0.009190 0.009861
0.009183 0.010519
0.009178 0.010549
0.009171 0.010130
0.009168 0.009523
0.009165 0.009353
0.009163 0.009817
0.009152 0.009337
0.009149 0.010378
0.009137 0.009282
0.009133 0.009480
0.009132 0.009433
0.009130 0.009436
0.009129 0.009377
0.009126 0.010096
0.009125 0.011223
0.009124 0.009783
0.009123 0.011638
0.009122 0.014398
0.009116 0.011900
0.009106 0.009227
0.009097 0.012112
0.009087 0.009473
0.009085 0.009670
0.009083 0.010988
0.009082 0.010503
0.009079 0.009275
0.009075 0.010142
0.009071 0.012762
0.009068 0.009923
0.009066 0.012573
0.009060 0.012753
0.009052 0.010275
0.009045 0.015726
0.009045 0.011526
0.009045 0.012777
0.009045 0.019423
0.009033 0.011160
0.009032 0.010551
0.009029 0.012819
0.009027 0.009121
0.009024 0.010098
0.009022 0.009639
0.009019 0.010190
0.009013 0.014001
0.009011 0.010090
0.009009 0.011846
0.009005 0.012431
0.009002 0.011225
0.008994 0.011501
0.008994 0.009902
0.008990 0.009419
0.008985 0.009470
0.008984 0.010906
0.008980 0.008983
0.008977 0.011277
0.008971 0.013798
0.008960 0.012848
0.008957 0.009352
0.008947 0.012605
0.008942 0.016094
0.008939 0.010565
0.008937 0.012668
0.008936 0.009172
0.008933 0.015627
0.008931 0.012413
0.008925 0.008968
0.008912 0.015264
0.008912 0.009481
0.008909 0.011809
0.008902 0.009958
0.008902 0.012477
0.008901 0.013666
0.008895 0.010939
0.008894 0.010500
0.008889 0.010669
0.008886 0.014123
0.008880 0.013278
0.008879 0.009531
0.008876 0.009858
0.008875 0.009298
0.008874 0.014865
0.008863 0.012156
0.008857 0.009603
0.008857 0.010976
0.008849 0.008882
0.008843 0.009631
0.008839 0.012117
0.008838 0.009073
0.008828 0.011065
0.008820 0.009229
0.008812 0.008985
0.008803 0.012284
0.008803 0.009350
0.008800 0.009167
0.008797 0.012327
0.008797 0.009112
0.008792 0.011916
0.008791 0.010069
0.008784 0.008831
0.008782 0.012321
0.008781 0.010796
0.008774 0.010654
0.008765 0.012665
0.008763 0.010278
0.008755 0.010309
0.008744 0.008887
0.008741 0.010312
0.008741 0.009626
0.008739 0.015295
0.008739 0.016051
0.008738 0.015349
0.008729 0.011459
0.008723 0.010593
0.008720 0.009745
0.008715 0.012475
0.008712 0.014481
0.008712 0.009151
0.008706 0.009215
0.008704 0.010587
0.008702 0.009290
0.008702 0.013030
0.008701 0.009513
0.008696 0.011832
0.008694 0.009341
0.008692 0.018706
0.008692 0.009261
0.008691 0.015010
0.008688 0.009116
0.008686 0.009248
0.008684 0.013965
0.008678 0.012953
0.008678 0.012218
0.008668 0.009358
0.008667 0.009723
0.008666 0.010125
0.008664 0.009374
0.008663 0.009036
0.008662 0.016595
0.008654 0.015448
0.008650 0.009112
0.008648 0.010960
0.008647 0.010979
0.008647 0.009991
0.008646 0.014859
0.008645 0.011575
0.008642 0.012228
0.008636 0.011957
0.008634 0.010665
0.008632 0.010057
0.008628 0.017759
0.008615 0.016007
0.008603 0.008811
0.008598 0.011617
0.008591 0.008817
0.008588 0.016842
0.008586 0.009491
0.008572 0.016077
0.008570 0.008851
0.008566 0.009324
0.008565 0.017813
0.008563 0.010046
0.008563 0.011451
0.008559 0.011832
0.008553 0.009047
0.008552 0.009286
0.008550 0.010088
0.008542 0.010055
0.008531 0.010108
0.008529 0.009964
0.008523 0.009416
0.008523 0.016252
0.008515 0.013252
0.008515 0.008773
0.008514 0.009162
0.008509 0.009480
0.008506 0.008689
0.008503 0.008694
0.008498 0.008534
0.008496 0.013130
0.008489 0.019912
0.008489 0.008569
0.008486 0.009641
0.008482 0.008702
0.008481 0.015363
0.008480 0.011199
0.008475 0.008958
0.008467 0.013933
0.008463 0.013703
0.008462 0.010276
0.008460 0.009062
0.008455 0.008639
0.008449 0.008672
0.008449 0.021251
0.008448 0.008941
0.008446 0.011188
0.008446 0.013473
0.008445 0.012020
0.008443 0.013711
0.008442 0.009720
0.008436 0.009527
0.008434 0.009007
0.008433 0.009360
0.008424 0.012827
0.008421 0.015553
0.008421 0.009505
0.008418 0.009051
0.008412 0.009009
0.008412 0.011421
0.008411 0.009269
0.008391 0.012596
0.008387 0.008979
0.008384 0.010841
0.008382 0.015719
0.008378 0.010934
0.008375 0.009179
0.008371 0.008499
0.008366 0.008761
0.008361 0.024641
0.008359 0.008509
0.008355 0.010039
0.008348 0.011082
0.008348 0.008377
0.008347 0.013998
0.008343 0.012002
0.008338 0.014083
0.008338 0.008385
0.008332 0.016213
0.008330 0.009501
0.008330 0.010135
0.008330 0.010803
0.008329 0.011185
0.008324 0.015348
0.008321 0.010720
0.008316 0.009000
0.008313 0.011946
0.008312 0.008631
0.008309 0.017888
0.008304 0.011403
0.008301 0.011170
0.008297 0.008334
0.008296 0.008467
0.008292 0.008949
0.008291 0.014273
0.008288 0.008899
0.008287 0.012225
0.008287 0.011075
0.008281 0.009397
0.008279 0.016595
0.008268 0.011426
0.008266 0.010024
0.008263 0.008434
0.008257 0.016105
0.008256 0.010136
0.008246 0.010825
0.008244 0.008442
0.008239 0.015274
0.008233 0.009961
0.008230 0.009667
0.008227 0.008904
0.008226 0.009474
0.008220 0.010955
0.008220 0.011539
0.008218 0.013112
0.008214 0.011170
0.008203 0.010974
0.008201 0.008991
0.008198 0.008503
0.008197 0.008308
0.008194 0.009602
0.008187 0.011904
0.008185 0.016631
0.008185 0.008863
0.008182 0.008231
0.008181 0.011337
0.008179 0.013355
0.008177 0.008625
0.008174 0.009069
0.008172 0.008774
0.008169 0.010312
0.008169 0.009912
0.008169 0.014244
0.008166 0.012415
0.008165 0.013352
0.008163 0.008344
0.008159 0.009383
0.008157 0.010747
0.008157 0.008722
0.008157 0.008987
0.008155 0.010118
0.008154 0.009875
0.008151 0.012048
0.008148 0.009305
0.008146 0.010021
0.008145 0.008247
0.008137 0.009118
0.008135 0.010318
0.008126 0.016154
0.008125 0.009369
0.008124 0.010942
0.008122 0.008635
0.008115 0.009857
0.008113 0.013562
0.008112 0.010389
0.008109 0.017548
0.008102 0.008298
0.008102 0.009669
0.008100 0.010843
0.008100 0.009010
0.008098 0.008622
0.008097 0.018940
0.008096 0.008158
0.008094 0.012134
0.008092 0.010220
0.008091 0.009207
0.008091 0.008325
0.008091 0.009762
0.008084 0.012708
0.008078 0.010467
0.008076 0.011031
0.008072 0.013121
0.008065 0.012599
0.008062 0.012443
0.008060 0.011143
0.008059 0.008248
0.008056 0.009904
0.008052 0.010558
0.008051 0.009854
0.008045 0.014442
0.008044 0.009573
0.008043 0.009443
0.008034 0.009398
0.008033 0.017785
0.008024 0.008420
0.008015 0.008459
0.008014 0.008651
0.008011 0.008548
0.008004 0.011497
0.007994 0.008527
0.007992 0.010196
0.007989 0.014232
0.007988 0.009387
0.007987 0.012518
0.007984 0.008094
0.007982 0.012413
0.007973 0.008677
0.007970 0.012172
0.007968 0.008985
0.007967 0.009802
0.007962 0.008900
0.007962 0.008304
0.007960 0.010299
0.007956 0.009031
0.007955 0.015397
0.007952 0.009496
0.007949 0.010612
0.007948 0.008025
0.007947 0.011376
0.007943 0.012793
0.007933 0.010913
0.007929 0.008682
0.007928 0.009229
0.007928 0.009154
0.007927 0.008686
0.007927 0.009362
0.007926 0.010997
0.007925 0.010221
0.007924 0.019171
0.007922 0.010364
0.007917 0.009403
0.007914 0.008586
0.007911 0.012840
0.007907 0.012022
0.007905 0.008835
0.007899 0.007974
0.007897 0.009241
0.007888 0.012232
0.007888 0.008550
0.007888 0.009260
0.007886 0.011536
0.007879 0.012247
0.007877 0.009732
0.007876 0.010563
0.007871 0.009094
0.007869 0.012107
0.007865 0.010764
0.007861 0.008518
0.007858 0.009016
0.007857 0.009252
0.007855 0.012970
0.007854 0.010677
0.007852 0.012697
0.007844 0.013255
0.007837 0.011446
0.007834 0.009456
0.007832 0.016544
0.007832 0.008608
0.007831 0.010981
0.007828 0.008058
0.007827 0.008041
0.007822 0.009083
0.007817 0.008253
0.007815 0.012901
0.007814 0.007875
0.007814 0.008478
0.007812 0.009097
0.007808 0.011262
0.007808 0.008322
0.007806 0.007972
0.007799 0.008765
0.007796 0.008079
0.007791 0.007972
0.007791 0.011024
0.007785 0.008614
0.007784 0.018603
0.007783 0.014460
0.007779 0.008295
0.007779 0.008639
0.007772 0.008723
0.007772 0.008659
0.007771 0.010996
0.007770 0.009598
0.007767 0.009212
0.007767 0.008478
0.007758 0.009226
0.007753 0.007912
0.007739 0.008102
0.007736 0.008991
0.007719 0.009493
0.007695 0.007772
0.007694 0.007887
0.007687 0.009853
0.007681 0.008445
0.007680 0.010269
0.007672 0.009740
0.007671 0.007959
0.007670 0.012554
0.007661 0.009856
0.007661 0.008487
0.007651 0.007930
0.007644 0.011167
0.007640 0.013736
0.007635 0.011160
0.007633 0.007775
0.007632 0.010737
0.007631 0.007774
0.007631 0.009454
0.007630 0.007672
0.007630 0.009082
0.007622 0.008405
0.007621 0.009570
0.007614 0.014961
0.007614 0.009060
0.007612 0.009060
0.007612 0.010219
0.007602 0.011073
0.007596 0.009489
0.007596 0.009287
0.007575 0.016325
0.007573 0.007992
0.007569 0.012899
0.007567 0.007620
0.007565 0.009516
0.007564 0.008530
0.007563 0.009487
0.007561 0.008406
0.007557 0.008702
0.007556 0.012146
0.007556 0.016287
0.007552 0.012084
0.007549 0.008006
0.007548 0.008278
0.007548 0.009448
0.007545 0.009673
0.007544 0.008470
0.007540 0.007818
0.007536 0.010246
0.007533 0.009572
0.007527 0.011852
0.007526 0.015999
0.007526 0.009353
0.007518 0.009104
0.007517 0.009099
0.007508 0.008653
0.007508 0.009052
0.007503 0.008096
0.007500 0.008618
0.007492 0.007548
0.007490 0.009244
0.007478 0.008515
0.007476 0.009394
0.007476 0.008505
0.007475 0.011539
0.007475 0.008121
0.007474 0.010962
0.007471 0.007769
0.007467 0.013457
0.007465 0.009504
0.007455 0.008060
0.007454 0.007714
0.007450 0.008036
0.007449 0.010650
0.007448 0.008158
0.007445 0.007953
0.007434 0.007514
0.007433 0.007437
0.007432 0.010165
0.007414 0.008153
0.007413 0.009501
0.007412 0.007758
0.007412 0.013807
0.007407 0.008680
0.007405 0.007577
0.007400 0.008015
0.007400 0.008812
0.007400 0.008665
0.007397 0.015379
0.007396 0.011343
0.007395 0.009559
0.007392 0.007704
0.007390 0.007874
0.007385 0.010086
0.007383 0.007898
0.007378 0.014981
0.007376 0.008564
0.007373 0.014049
0.007369 0.013196
0.007363 0.011422
0.007362 0.009954
0.007360 0.008604
0.007359 0.012407
0.007359 0.010481
0.007347 0.008509
0.007342 0.009686
0.007336 0.007616
0.007334 0.007497
0.007329 0.012602
0.007316 0.012776
0.007313 0.008090
0.007310 0.015586
0.007304 0.008320
0.007301 0.007649
0.007283 0.010348
0.007283 0.010021
0.007279 0.008808
0.007272 0.014437
0.007269 0.009758
0.007267 0.007451
0.007266 0.008539
0.007266 0.008244
0.007263 0.008533
0.007257 0.008456
0.007254 0.013574
0.007246 0.009525
0.007240 0.009106
0.007240 0.007320
0.007235 0.007823
0.007230 0.008383
0.007230 0.008276
0.007229 0.011159
0.007226 0.008187
0.007225 0.007312
0.007224 0.011607
0.007213 0.007578
0.007210 0.007254
0.007199 0.010056
0.007191 0.008139
0.007189 0.011056
0.007185 0.011099
0.007181 0.012739
0.007181 0.007589
0.007177 0.008224
0.007173 0.012467
0.007172 0.009996
0.007171 0.008337
0.007163 0.008783
0.007158 0.007892
0.007155 0.007817
0.007154 0.007626
0.007152 0.009421
0.007150 0.008382
0.007149 0.008189
0.007147 0.011635
0.007139 0.012362
0.007134 0.009742
0.007133 0.008594
0.007133 0.013059
0.007124 0.010209
0.007108 0.012087
0.007107 0.007508
0.007103 0.009026
0.007103 0.009617
0.007096 0.008291
0.007089 0.007197
0.007089 0.007218
0.007086 0.007933
0.007084 0.015315
0.007082 0.008254
0.007082 0.007940
0.007066 0.011078
0.007065 0.010540
0.007054 0.011142
0.007052 0.010865
0.007045 0.007849
0.007043 0.008138
0.007040 0.015051
0.007037 0.007276
0.007033 0.010107
0.007030 0.007259
0.007027 0.012649
0.007025 0.014207
0.007025 0.017031
0.007024 0.012980
0.007018 0.008261
0.007014 0.008952
0.007009 0.007476
0.007009 0.007269
0.007007 0.007809
0.006995 0.007756
0.006991 0.008301
0.006987 0.007833
0.006987 0.007600
0.006984 0.007501
0.006976 0.007067
0.006974 0.007748
0.006967 0.009944
0.006961 0.007593
0.006949 0.009189
0.006947 0.010102
0.006943 0.009214
0.006940 0.007035
0.006940 0.008249
0.006938 0.006970
0.006935 0.008409
0.006932 0.008008
0.006918 0.007557
0.006917 0.008689
0.006917 0.007516
0.006914 0.007544
0.006913 0.009680
0.006912 0.007700
0.006910 0.006910
0.006906 0.007325
0.006886 0.010091
0.006882 0.007085
0.006881 0.007506
0.006875 0.008024
0.006873 0.008990
0.006870 0.006981
0.006867 0.006902
0.006864 0.007415
0.006861 0.007347
0.006861 0.012116
0.006859 0.008536
0.006855 0.010726
0.006839 0.007402
0.006839 0.009090
0.006837 0.008052
0.006836 0.007418
0.006836 0.007956
0.006831 0.009609
0.006823 0.014496
0.006822 0.013568
0.006822 0.009298
0.006821 0.007021
0.006818 0.007674
0.006817 0.012624
0.006816 0.006882
0.006812 0.007243
0.006811 0.014885
0.006811 0.011673
0.006800 0.007164
0.006787 0.015298
0.006786 0.006828
0.006785 0.006815
0.006785 0.007341
0.006782 0.008503
0.006779 0.007528
0.006775 0.008413
0.006774 0.012519
0.006764 0.009886
0.006757 0.007883
0.006753 0.008027
0.006750 0.011265
0.006748 0.007131
0.006746 0.009890
0.006737 0.006952
0.006728 0.006820
0.006724 0.007528
0.006715 0.008488
0.006703 0.007461
0.006698 0.008907
0.006692 0.010227
0.006692 0.006988
0.006685 0.006756
0.006683 0.008615
0.006676 0.013951
0.006668 0.008330
0.006667 0.007615
0.006663 0.007665
0.006662 0.009130
0.006651 0.008948
0.006645 0.008607
0.006628 0.011981
0.006626 0.008521
0.006613 0.011661
0.006609 0.006804
0.006608 0.007858
0.006599 0.009200
0.006597 0.012209
0.006596 0.007277
0.006595 0.008739
0.006595 0.009953
0.006591 0.008464
0.006588 0.010765
0.006579 0.008643
0.006577 0.006958
0.006571 0.006643
0.006565 0.006737
0.006565 0.007859
0.006557 0.008296
0.006547 0.007077
0.006530 0.006767
0.006523 0.007705
0.006520 0.008657
0.006515 0.007418
0.006513 0.006909
0.006511 0.009349
0.006505 0.006614
0.006503 0.006988
0.006499 0.011301
0.006498 0.011208
0.006498 0.007473
0.006497 0.007066
0.006491 0.007814
0.006482 0.006941
0.006481 0.006940
0.006480 0.012298
0.006480 0.010007
0.006478 0.007315
0.006473 0.007021
0.006462 0.007019
0.006460 0.007489
0.006459 0.010443
0.006459 0.006700
0.006458 0.012012
0.006455 0.007835
0.006454 0.008047
0.006452 0.006860
0.006443 0.009960
0.006442 0.012918
0.006440 0.006825
0.006439 0.010883
0.006436 0.012427
0.006436 0.007160
0.006434 0.006507
0.006423 0.006750
0.006412 0.009870
0.006411 0.006702
0.006401 0.006612
0.006391 0.006656
0.006382 0.010210
0.006369 0.009100
0.006367 0.006763
0.006367 0.006730
0.006366 0.006872
0.006363 0.006431
0.006363 0.008998
0.006363 0.010480
0.006361 0.006842
0.006360 0.009350
0.006358 0.006845
0.006356 0.009357
0.006353 0.006600
0.006347 0.007078
0.006347 0.006468
0.006337 0.012072
0.006319 0.007652
0.006318 0.006942
0.006317 0.006321
0.006299 0.009250
0.006294 0.012053
0.006294 0.009523
0.006294 0.007030
0.006294 0.008757
0.006291 0.006669
0.006291 0.006336
0.006290 0.007688
0.006288 0.006957
0.006288 0.006723
0.006287 0.006899
0.006284 0.009055
0.006283 0.012046
0.006281 0.011854
0.006278 0.006647
0.006270 0.006669
0.006266 0.011407
0.006264 0.006852
0.006262 0.011886
0.006260 0.007004
0.006258 0.006523
0.006254 0.010296
0.006245 0.006587
0.006243 0.006379
0.006235 0.013138
0.006231 0.011700
0.006219 0.006244
0.006216 0.007052
0.006207 0.006858
0.006196 0.007590
0.006195 0.007107
0.006192 0.007456
0.006190 0.007236
0.006184 0.006192
0.006183 0.006475
0.006180 0.006766
0.006179 0.007272
0.006177 0.006496
0.006174 0.006454
0.006173 0.007368
0.006170 0.010228
0.006170 0.007342
0.006170 0.006249
0.006169 0.007567
0.006164 0.007367
0.006163 0.006437
0.006162 0.006427
0.006158 0.006960
0.006149 0.007559
0.006146 0.011711
0.006144 0.006223
0.006139 0.007286
0.006136 0.006866
0.006132 0.007062
0.006132 0.008846
0.006129 0.007078
0.006128 0.006562
0.006128 0.007225
0.006124 0.009518
0.006110 0.012313
0.006104 0.007603
0.006099 0.007431
0.006093 0.007647
0.006091 0.007788
0.006086 0.006624
0.006079 0.007171
0.006079 0.007335
0.006072 0.007136
0.006060 0.006633
0.006054 0.006407
0.006045 0.006360
0.006031 0.010385
0.006029 0.006246
0.006028 0.009942
0.006025 0.006875
0.006018 0.006128
0.006015 0.006371
0.006014 0.007492
0.006009 0.006842
0.006004 0.006344
0.005999 0.008246
0.005995 0.007225
0.005993 0.011537
0.005990 0.006204
0.005985 0.010302
0.005973 0.006057
0.005967 0.006032
0.005957 0.008324
0.005954 0.006500
0.005953 0.006852
0.005952 0.007609
0.005947 0.006546
0.005946 0.005975
0.005944 0.006027
0.005939 0.006320
0.005931 0.009442
0.005919 0.008536
0.005918 0.006894
0.005912 0.005974
0.005906 0.013076
0.005904 0.005972
0.005887 0.006008
0.005872 0.007794
0.005868 0.006480
0.005852 0.007064
0.005833 0.007597
0.005823 0.007552
0.005821 0.006066
0.005820 0.006690
0.005815 0.009084
0.005812 0.008705
0.005805 0.005831
0.005783 0.006862
0.005778 0.007951
0.005778 0.007607
0.005776 0.006968
0.005750 0.008397
0.005746 0.007416
0.005740 0.009020
0.005734 0.006403
0.005732 0.005899
0.005730 0.005891
0.005727 0.006244
0.005722 0.008116
0.005722 0.006563
0.005719 0.008557
0.005714 0.009364
0.005714 0.006715
0.005709 0.007729
0.005684 0.005874
0.005677 0.006361
0.005667 0.007674
0.005664 0.005746
0.005647 0.005735
0.005643 0.007224
0.005637 0.006389
0.005633 0.007063
0.005620 0.006844
0.005618 0.005789
0.005617 0.006533
0.005616 0.009764
0.005610 0.006023
0.005603 0.008513
0.005597 0.008153
0.005592 0.005793
0.005571 0.005853
0.005565 0.006492
0.005563 0.006022
0.005560 0.007170
0.005554 0.007050
0.005551 0.005795
0.005537 0.006289
0.005528 0.006624
0.005511 0.006078
0.005511 0.005678
0.005505 0.005609
0.005490 0.009260
0.005485 0.007521
0.005483 0.005720
0.005478 0.006240
0.005478 0.007007
0.005471 0.006437
0.005470 0.007188
0.005469 0.005598
0.005465 0.005768
0.005464 0.007130
0.005458 0.005903
0.005449 0.006207
0.005443 0.007272
0.005430 0.007343
0.005425 0.006961
0.005390 0.005665
0.005386 0.005664
0.005374 0.005813
0.005374 0.007254
0.005364 0.007186
0.005362 0.006316
0.005357 0.005580
0.005355 0.007289
0.005338 0.007400
0.005333 0.006740
0.005332 0.005408
0.005329 0.005523
0.005328 0.007073
0.005321 0.007074
0.005312 0.006207
0.005312 0.005953
0.005308 0.007715
0.005298 0.005514
0.005295 0.005810
0.005295 0.005344
0.005282 0.005511
0.005273 0.007980
0.005244 0.005293
0.005230 0.009054
0.005227 0.005432
0.005218 0.006841
0.005217 0.005235
0.005209 0.007260
0.005206 0.005989
0.005190 0.006367
0.005189 0.005873
0.005179 0.005694
0.005176 0.006573
0.005175 0.005301
0.005171 0.005629
0.005170 0.005176
0.005170 0.008422
0.005154 0.005212
0.005142 0.005318
0.005136 0.012838
0.005131 0.005686
0.005124 0.005794
0.005123 0.007231
0.005123 0.008725
0.005105 0.005679
0.005102 0.005457
0.005090 0.006585
0.005085 0.005764
0.005084 0.005743
0.005082 0.009473
0.005080 0.006261
0.005068 0.005438
0.005059 0.005456
0.005059 0.005797
0.005041 0.008268
0.005027 0.005246
0.005023 0.006316
0.005021 0.005711
0.005018 0.005990
0.005009 0.006976
0.005007 0.005069
0.005004 0.005603
0.004996 0.005217
0.004995 0.007353
0.004980 0.005733
0.004977 0.006042
0.004976 0.005233
0.004965 0.005335
0.004963 0.005299
0.004939 0.007242
0.004931 0.005671
0.004926 0.006538
0.004909 0.005311
0.004906 0.005079
0.004906 0.005906
0.004896 0.007427
0.004893 0.004936
0.004889 0.005422
0.004889 0.005982
0.004879 0.005716
0.004848 0.005067
0.004837 0.005883
0.004821 0.009215
0.004817 0.006029
0.004796 0.005320
0.004793 0.005332
0.004792 0.006991
0.004775 0.006391
0.004763 0.004773
0.004730 0.005044
0.004726 0.005769
0.004706 0.005536
0.004705 0.005212
0.004684 0.004864
0.004672 0.007775
0.004663 0.004821
0.004657 0.004895
0.004647 0.005247
0.004635 0.005067
0.004632 0.004908
0.004630 0.005076
0.004621 0.004873
0.004545 0.004737
0.004540 0.007354
0.004537 0.004991
0.004519 0.005158
0.004517 0.004667
0.004499 0.004739
0.004498 0.005513
0.004496 0.005099
0.004486 0.005084
0.004482 0.005738
0.004466 0.005014
0.004457 0.005908
0.004455 0.006479
0.004446 0.005061
0.004441 0.006179
0.004417 0.004584
0.004368 0.004451
0.004366 0.004711
0.004359 0.005062
0.004340 0.004633
0.004336 0.004599
0.004331 0.004578
0.004320 0.004754
0.004304 0.005007
0.004302 0.005382
0.004293 0.007571
0.004285 0.004403
0.004284 0.004684
0.004246 0.004315
0.004172 0.004725
0.004130 0.005204
0.004113 0.004930
0.004092 0.004974
0.004046 0.004288
0.004040 0.004044
0.004035 0.006068
0.004021 0.004095
0.004007 0.004082
0.003961 0.004376
0.003899 0.004051
0.003816 0.004860
0.003782 0.004824
0.003748 0.004441
0.003740 0.003979
0.003708 0.004039
0.003661 0.005410
0.003655 0.003764
0.003648 0.004237
0.003635 0.004150
0.003631 0.004369
0.003492 0.004732
0.003412 0.003645
0.003316 0.003469
0.003243 0.005190
0.003219 0.003867
0.003186 0.003963
0.003150 0.003251
0.003130 0.003155
0.003079 0.003725
0.003018 0.004190
0.003005 0.003020
0.002984 0.003198
0.002930 0.003102
0.002890 0.003271
0.002821 0.003089
0.002746 0.003039
0.002739 0.002773
0.002724 0.002738
0.002633 0.002679
0.002416 0.002842
0.001946 0.002106
0.001705 0.001712
