0.164034 0.186425
0.099640 0.131637
0.076810 0.083986
0.072942 0.077072
0.067896 0.071939
0.064090 0.068594
0.056389 0.071080
0.055275 0.057017
0.054367 0.066282
0.053604 0.059768
0.053002 0.061734
0.052641 0.062126
0.052515 0.052742
0.050476 0.051922
0.050444 0.052723
0.049205 0.066946
0.048528 0.056910
0.046905 0.051617
0.044630 0.046062
0.043864 0.054800
0.043819 0.053523
0.043784 0.044772
0.043455 0.051290
0.043334 0.047538
0.043265 0.053880
0.042988 0.054422
0.042748 0.051091
0.042670 0.044621
0.042615 0.044671
0.042606 0.044759
0.041748 0.050710
0.041214 0.070424
0.040388 0.043437
0.040169 0.041873
0.040089 0.041812
0.038558 0.079107
0.037163 0.041938
0.036443 0.037443
0.035850 0.038724
0.035537 0.052033
0.035091 0.038054
0.034820 0.036533
0.034642 0.040652
0.034546 0.034556
0.034515 0.034575
0.034515 0.034543
0.034515 0.034531
0.034514 0.034594
0.034514 0.034541
0.034513 0.034578
0.034513 0.034773
0.034513 0.034868
0.034513 0.034730
0.034513 0.035120
0.034513 0.034694
0.034513 0.034725
0.034205 0.036849
0.033886 0.040222
0.033859 0.036280
0.033196 0.047239
0.032887 0.036513
0.032751 0.040438
0.032375 0.035401
0.032340 0.040779
0.031775 0.034673
0.031737 0.036699
0.031605 0.032935
0.031593 0.033543
0.031236 0.059208
0.031073 0.031481
0.030998 0.037759
0.030919 0.032808
0.030851 0.043302
0.030815 0.059035
0.030672 0.031011
0.030579 0.050312
0.030486 0.030845
0.030379 0.041992
0.030368 0.033090
0.030076 0.031031
0.029920 0.033711
0.029910 0.035800
0.029868 0.040649
0.029839 0.036217
0.029786 0.040603
0.029585 0.029839
0.029403 0.036829
0.028823 0.032315
0.028780 0.030648
0.028711 0.031973
0.028610 0.035831
0.028591 0.028688
0.028522 0.028881
0.028472 0.029302
0.028451 0.028665
0.028339 0.043073
0.028329 0.033577
0.028302 0.030859
0.028296 0.030597
0.028288 0.031025
0.028021 0.029697
0.028013 0.041517
0.027906 0.028422
0.027888 0.041940
0.027727 0.048658
0.027640 0.029855
0.027589 0.029353
0.027502 0.030493
0.027384 0.034513
0.027196 0.027351
0.027192 0.027409
0.027175 0.044966
0.026954 0.028285
0.026792 0.030211
0.026763 0.031393
0.026717 0.028319
0.026606 0.027136
0.026583 0.028241
0.026582 0.034410
0.026488 0.031171
0.026421 0.026670
0.026344 0.028949
0.026252 0.027204
0.026225 0.029107
0.025997 0.027172
0.025993 0.027209
0.025761 0.032039
0.025759 0.028268
0.025746 0.026564
0.025603 0.030758
0.025528 0.027985
0.025500 0.029671
0.025482 0.025978
0.025430 0.026132
0.025353 0.025394
0.025343 0.041056
0.025282 0.035447
0.025233 0.030882
0.025218 0.025511
0.025131 0.029279
0.025031 0.029837
0.024966 0.027601
0.024804 0.030403
0.024723 0.029279
0.024617 0.025018
0.024613 0.026394
0.024595 0.053933
0.024551 0.024841
0.024548 0.029581
0.024520 0.026778
0.024518 0.031730
0.024486 0.026046
0.024453 0.024975
0.024416 0.026300
0.024360 0.026239
0.024356 0.034618
0.024285 0.030752
0.024246 0.024792
0.024237 0.024995
0.024216 0.025335
0.024192 0.025148
0.023966 0.026313
0.023957 0.035493
0.023915 0.024930
0.023883 0.035472
0.023858 0.027905
0.023787 0.023977
0.023773 0.024909
0.023687 0.024397
0.023663 0.038885
0.023614 0.026083
0.023587 0.025713
0.023559 0.024809
0.023526 0.026110
0.023513 0.039930
0.023481 0.023543
0.023469 0.025164
0.023405 0.025275
0.023401 0.024423
0.023370 0.023955
0.023339 0.025574
0.023317 0.026795
0.023316 0.026506
0.023316 0.034042
0.023311 0.024712
0.023261 0.028035
0.023203 0.023999
0.023181 0.023668
0.023165 0.023601
0.023159 0.032696
0.023145 0.024937
0.023136 0.028092
0.023028 0.033725
0.022972 0.025341
0.022951 0.023235
0.022929 0.022966
0.022919 0.023125
0.022918 0.030598
0.022896 0.024917
0.022889 0.023391
0.022889 0.027794
0.022816 0.022818
0.022804 0.023213
0.022775 0.023531
0.022674 0.023069
0.022656 0.022769
0.022637 0.026965
0.022636 0.023413
0.022620 0.030601
0.022617 0.026741
0.022574 0.023969
0.022550 0.024101
0.022485 0.023846
0.022481 0.031991
0.022469 0.024848
0.022459 0.024392
0.022432 0.022933
0.022413 0.022653
0.022373 0.022688
0.022367 0.028665
0.022364 0.025262
0.022316 0.022988
0.022302 0.035415
0.022302 0.025049
0.022285 0.033851
0.022278 0.024403
0.022249 0.024985
0.022247 0.026602
0.022219 0.023489
0.022194 0.022985
0.022182 0.026878
0.022168 0.028855
0.022149 0.024503
0.022147 0.023206
0.022134 0.022243
0.022119 0.027737
0.022099 0.025147
0.022094 0.024680
0.022071 0.024988
0.022041 0.022868
0.022020 0.025511
0.022010 0.022353
0.022005 0.023391
0.021996 0.024293
0.021976 0.033206
0.021975 0.027472
0.021969 0.033724
0.021860 0.022103
0.021840 0.024309
0.021839 0.026122
0.021811 0.023911
0.021788 0.022783
0.021774 0.021805
0.021726 0.023374
0.021653 0.022813
0.021618 0.027824
0.021462 0.025337
0.021462 0.022810
0.021454 0.025620
0.021449 0.025424
0.021429 0.042468
0.021366 0.024885
0.021346 0.022862
0.021343 0.021783
0.021320 0.025244
0.021273 0.022552
0.021255 0.027637
0.021201 0.022496
0.021166 0.022198
0.021128 0.021495
0.021110 0.033018
0.021096 0.025622
0.021096 0.031599
0.021083 0.021846
0.021076 0.031298
0.021042 0.021124
0.021023 0.035754
0.020990 0.025317
0.020906 0.024781
0.020902 0.023208
0.020893 0.024906
0.020856 0.038982
0.020836 0.022426
0.020833 0.023191
0.020832 0.033563
0.020828 0.021828
0.020828 0.024021
0.020820 0.021685
0.020814 0.030604
0.020754 0.021649
0.020661 0.023734
0.020655 0.024842
0.020637 0.028376
0.020599 0.022053
0.020590 0.025032
0.020582 0.025280
0.020525 0.025275
0.020519 0.023375
0.020489 0.021016
0.020461 0.026159
0.020458 0.025767
0.020449 0.026604
0.020422 0.020846
0.020406 0.021475
0.020398 0.020679
0.020393 0.020783
0.020378 0.029886
0.020337 0.029026
0.020336 0.026925
0.020330 0.024663
0.020279 0.021166
0.020272 0.036611
0.020269 0.021660
0.020215 0.020771
0.020214 0.023486
0.020201 0.028921
0.020129 0.039004
0.020099 0.027677
0.020094 0.021418
0.020069 0.033164
0.020068 0.020967
0.020057 0.036802
0.020012 0.021603
0.020002 0.020611
0.019997 0.021584
0.019970 0.020816
0.019963 0.024558
0.019962 0.024745
0.019948 0.020499
0.019939 0.020145
0.019894 0.023492
0.019885 0.027800
0.019879 0.023437
0.019874 0.021381
0.019854 0.022529
0.019854 0.021000
0.019843 0.020078
0.019794 0.020103
0.019789 0.021691
0.019754 0.025986
0.019749 0.023010
0.019718 0.039730
0.019651 0.021841
0.019647 0.021627
0.019644 0.020232
0.019609 0.020219
0.019608 0.029218
0.019571 0.024928
0.019570 0.029751
0.019547 0.021570
0.019517 0.020706
0.019504 0.021657
0.019483 0.040070
0.019482 0.023388
0.019478 0.027706
0.019466 0.026255
0.019466 0.028927
0.019393 0.023239
0.019393 0.033306
0.019373 0.022420
0.019370 0.019924
0.019354 0.020648
0.019351 0.020649
0.019320 0.020996
0.019310 0.020040
0.019303 0.026376
0.019267 0.019766
0.019259 0.020211
0.019211 0.023663
0.019211 0.049191
0.019186 0.022751
0.019171 0.019578
0.019156 0.022884
0.019151 0.027605
0.019117 0.023463
0.019107 0.019344
0.019043 0.025051
0.018991 0.020194
0.018987 0.026955
0.018985 0.022404
0.018971 0.019409
0.018917 0.020537
0.018907 0.019151
0.018889 0.019935
0.018885 0.020244
0.018880 0.018936
0.018857 0.030945
0.018843 0.018887
0.018841 0.019059
0.018832 0.027504
0.018817 0.019715
0.018787 0.020128
0.018769 0.026423
0.018756 0.020460
0.018747 0.020370
0.018722 0.019140
0.018718 0.018765
0.018698 0.020822
0.018692 0.020345
0.018685 0.027393
0.018672 0.019739
0.018671 0.019611
0.018653 0.025150
0.018643 0.023556
0.018622 0.019196
0.018582 0.031690
0.018574 0.019128
0.018570 0.020365
0.018534 0.019166
0.018511 0.021537
0.018492 0.022414
0.018477 0.028631
0.018468 0.019599
0.018456 0.019973
0.018450 0.019949
0.018444 0.018694
0.018416 0.021352
0.018410 0.020386
0.018390 0.021659
0.018384 0.031552
0.018373 0.021914
0.018367 0.019302
0.018334 0.021500
0.018333 0.020399
0.018329 0.029704
0.018314 0.026019
0.018304 0.018583
0.018294 0.020929
0.018282 0.020078
0.018277 0.025605
0.018268 0.019038
0.018251 0.018771
0.018243 0.018747
0.018242 0.023265
0.018241 0.018592
0.018215 0.028517
0.018211 0.018881
0.018211 0.021942
0.018197 0.024059
0.018189 0.019863
0.018179 0.020812
0.018174 0.018358
0.018174 0.018861
0.018172 0.019062
0.018156 0.018487
0.018123 0.021311
0.018105 0.018222
0.018096 0.020324
0.018090 0.020758
0.018079 0.022462
0.018058 0.020171
0.018036 0.019130
0.018015 0.020231
0.018014 0.020147
0.017986 0.022234
0.017968 0.019283
0.017962 0.020714
0.017957 0.020748
0.017925 0.039426
0.017921 0.021225
0.017918 0.066608
0.017911 0.018762
0.017908 0.021657
0.017903 0.026816
0.017899 0.019042
0.017897 0.020566
0.017885 0.021468
0.017860 0.022464
0.017855 0.020975
0.017812 0.019095
0.017788 0.020035
0.017786 0.019243
0.017775 0.027636
0.017752 0.019636
0.017751 0.031107
0.017744 0.018414
0.017737 0.023061
0.017731 0.022101
0.017729 0.017851
0.017700 0.024278
0.017685 0.020799
0.017657 0.022283
0.017647 0.021683
0.017642 0.017708
0.017607 0.034264
0.017594 0.018899
0.017591 0.020156
0.017568 0.017861
0.017564 0.019900
0.017541 0.022737
0.017541 0.022196
0.017537 0.032567
0.017529 0.019343
0.017518 0.017573
0.017491 0.028212
0.017464 0.017849
0.017454 0.021970
0.017443 0.030764
0.017438 0.027432
0.017436 0.020038
0.017430 0.017978
0.017408 0.019111
0.017371 0.019080
0.017370 0.017381
0.017346 0.018001
0.017336 0.018042
0.017333 0.024670
0.017324 0.029771
0.017313 0.021286
0.017313 0.022026
0.017311 0.017843
0.017309 0.018007
0.017303 0.019115
0.017300 0.021298
0.017279 0.018504
0.017278 0.021162
0.017234 0.018915
0.017219 0.024430
0.017217 0.017375
0.017186 0.021986
0.017178 0.017714
0.017173 0.020976
0.017171 0.021654
0.017151 0.017868
0.017142 0.020788
0.017138 0.023192
0.017133 0.020313
0.017091 0.041891
0.017085 0.023648
0.017079 0.028468
0.017050 0.017187
0.017006 0.028800
0.016995 0.024734
0.016979 0.022765
0.016962 0.017934
0.016934 0.017808
0.016919 0.017063
0.016915 0.021183
0.016904 0.026485
0.016871 0.018040
0.016862 0.022009
0.016840 0.019175
0.016819 0.017148
0.016811 0.021954
0.016799 0.020995
0.016789 0.028820
0.016774 0.025043
0.016767 0.018991
0.016766 0.017279
0.016741 0.017164
0.016733 0.019496
0.016725 0.018554
0.016721 0.016846
0.016715 0.017323
0.016700 0.025773
0.016690 0.017595
0.016684 0.021061
0.016684 0.016769
0.016678 0.029553
0.016675 0.021417
0.016672 0.017131
0.016669 0.017499
0.016651 0.020958
0.016649 0.016820
0.016637 0.025443
0.016611 0.016963
0.016611 0.021866
0.016606 0.018901
0.016593 0.022839
0.016581 0.022601
0.016576 0.019257
0.016575 0.017834
0.016571 0.017699
0.016567 0.023134
0.016561 0.021177
0.016557 0.024507
0.016551 0.016748
0.016551 0.020071
0.016539 0.025727
0.016532 0.022258
0.016528 0.019965
0.016527 0.025388
0.016519 0.016676
0.016514 0.033535
0.016508 0.017136
0.016487 0.019050
0.016481 0.017870
0.016476 0.016796
0.016473 0.017955
0.016469 0.017864
0.016436 0.016804
0.016434 0.031592
0.016433 0.018367
0.016431 0.026244
0.016420 0.022221
0.016408 0.017066
0.016404 0.026324
0.016394 0.033131
0.016384 0.028146
0.016379 0.019345
0.016378 0.018950
0.016370 0.038782
0.016369 0.021145
0.016364 0.018863
0.016350 0.017511
0.016344 0.029994
0.016339 0.029020
0.016327 0.018160
0.016327 0.023666
0.016318 0.016628
0.016307 0.022610
0.016292 0.016343
0.016272 0.017802
0.016256 0.016500
0.016248 0.021850
0.016242 0.018817
0.016229 0.017373
0.016223 0.017111
0.016221 0.021322
0.016213 0.017170
0.016182 0.016461
0.016177 0.026267
0.016172 0.021818
0.016169 0.026999
0.016158 0.037276
0.016144 0.016527
0.016125 0.019325
0.016122 0.019478
0.016116 0.017300
0.016111 0.016245
0.016109 0.027923
0.016077 0.017120
0.016069 0.017041
0.016047 0.016260
0.016036 0.020457
0.016025 0.020498
0.016020 0.016197
0.016018 0.016479
0.016015 0.016073
0.016013 0.022728
0.016003 0.017192
0.015998 0.017749
0.015995 0.037764
0.015960 0.016702
0.015934 0.016294
0.015930 0.017861
0.015927 0.019250
0.015925 0.016877
0.015911 0.020231
0.015910 0.016263
0.015905 0.021086
0.015902 0.018110
0.015897 0.041246
0.015883 0.022614
0.015878 0.030493
0.015876 0.019370
0.015863 0.017133
0.015838 0.017085
0.015825 0.016394
0.015806 0.029173
0.015805 0.017554
0.015797 0.017347
0.015796 0.022842
0.015788 0.020352
0.015787 0.021957
0.015785 0.018111
0.015785 0.017039
0.015764 0.025885
0.015760 0.016160
0.015758 0.024139
0.015755 0.017539
0.015751 0.017014
0.015750 0.016334
0.015707 0.017802
0.015696 0.016946
0.015692 0.016241
0.015692 0.017681
0.015691 0.015823
0.015685 0.019393
0.015682 0.022874
0.015680 0.026233
0.015664 0.016646
0.015643 0.021357
0.015631 0.020434
0.015624 0.016621
0.015610 0.018731
0.015594 0.019032
0.015587 0.016493
0.015572 0.025810
0.015572 0.023577
0.015561 0.020188
0.015559 0.021616
0.015556 0.015600
0.015552 0.018833
0.015550 0.019265
0.015544 0.016890
0.015540 0.020048
0.015539 0.016092
0.015533 0.016024
0.015530 0.021644
0.015528 0.018548
0.015525 0.016783
0.015522 0.017176
0.015520 0.017677
0.015505 0.016216
0.015503 0.018977
0.015502 0.017302
0.015497 0.016279
0.015497 0.022151
0.015471 0.021315
0.015466 0.029152
0.015440 0.016602
0.015439 0.016573
0.015433 0.017230
0.015425 0.016383
0.015417 0.017885
0.015408 0.016079
0.015403 0.022096
0.015397 0.021480
0.015382 0.018551
0.015371 0.026467
0.015363 0.026972
0.015356 0.026171
0.015348 0.025652
0.015343 0.018379
0.015340 0.018880
0.015303 0.015672
0.015302 0.019007
0.015296 0.018131
0.015275 0.020701
0.015273 0.018127
0.015269 0.016185
0.015259 0.015763
0.015251 0.028107
0.015247 0.016266
0.015246 0.017117
0.015245 0.024344
0.015222 0.022337
0.015213 0.018104
0.015209 0.018270
0.015208 0.018062
0.015203 0.021696
0.015185 0.017087
0.015180 0.021126
0.015177 0.017474
0.015175 0.016789
0.015173 0.018521
0.015171 0.015539
0.015151 0.020892
0.015135 0.015389
0.015125 0.025566
0.015119 0.016066
0.015115 0.022731
0.015110 0.016639
0.015105 0.018773
0.015104 0.015186
0.015102 0.024738
0.015077 0.015214
0.015070 0.015629
0.015052 0.017536
0.015043 0.016205
0.015030 0.015167
0.015026 0.018767
0.015025 0.020393
0.015011 0.016069
0.015002 0.019381
0.014997 0.015373
0.014997 0.021574
0.014996 0.023553
0.014976 0.015300
0.014976 0.016841
0.014959 0.015762
0.014958 0.015409
0.014948 0.015793
0.014928 0.028305
0.014920 0.019947
0.014920 0.019819
0.014914 0.015429
0.014877 0.024086
0.014874 0.015236
0.014868 0.015778
0.014859 0.015430
0.014839 0.015766
0.014838 0.015219
0.014833 0.015308
0.014832 0.024575
0.014821 0.016171
0.014820 0.025382
0.014811 0.016738
0.014808 0.023603
0.014802 0.015206
0.014800 0.015494
0.014795 0.019683
0.014793 0.016941
0.014791 0.016241
0.014779 0.035304
0.014773 0.020726
0.014770 0.019109
0.014761 0.016473
0.014752 0.016735
0.014744 0.015067
0.014741 0.018544
0.014722 0.014989
0.014714 0.016589
0.014706 0.016947
0.014706 0.016556
0.014700 0.015354
0.014679 0.015006
0.014666 0.022788
0.014666 0.027063
0.014661 0.015935
0.014660 0.018480
0.014641 0.015688
0.014634 0.021422
0.014630 0.016783
0.014629 0.016809
0.014620 0.025598
0.014612 0.019461
0.014597 0.014871
0.014597 0.022592
0.014584 0.015708
0.014572 0.016131
0.014556 0.018315
0.014553 0.018464
0.014553 0.015299
0.014551 0.022755
0.014550 0.025349
0.014547 0.017260
0.014544 0.015183
0.014532 0.024188
0.014530 0.023445
0.014518 0.018952
0.014508 0.014634
0.014492 0.014937
0.014491 0.031625
0.014488 0.034722
0.014481 0.015365
0.014480 0.016229
0.014477 0.018739
0.014473 0.017186
0.014461 0.014692
0.014450 0.017422
0.014444 0.028271
0.014441 0.014861
0.014440 0.014834
0.014436 0.034681
0.014428 0.023131
0.014425 0.016809
0.014415 0.020795
0.014414 0.014571
0.014411 0.016522
0.014411 0.015994
0.014409 0.020027
0.014406 0.016913
0.014394 0.016565
0.014384 0.016342
0.014366 0.014374
0.014360 0.015694
0.014343 0.019103
0.014342 0.020213
0.014336 0.016998
0.014327 0.015155
0.014323 0.016438
0.014312 0.022172
0.014291 0.016711
0.014290 0.017614
0.014290 0.015615
0.014271 0.015576
0.014267 0.015297
0.014260 0.016512
0.014257 0.024306
0.014252 0.022950
0.014248 0.014249
0.014241 0.015073
0.014239 0.018571
0.014222 0.030722
0.014222 0.018091
0.014214 0.026893
0.014211 0.015712
0.014200 0.015732
0.014196 0.014617
0.014182 0.019619
0.014180 0.017541
0.014176 0.015345
0.014154 0.016900
0.014138 0.015030
0.014125 0.016086
0.014111 0.019647
0.014099 0.027281
0.014096 0.017565
0.014092 0.016600
0.014081 0.022357
0.014069 0.016691
0.014063 0.015377
0.014060 0.015854
0.014059 0.017654
0.014042 0.022328
0.014041 0.016045
0.014032 0.024635
0.014026 0.015799
0.014011 0.016282
0.014004 0.014678
0.014000 0.018265
0.013984 0.017962
0.013983 0.014960
0.013982 0.014430
0.013982 0.014547
0.013979 0.029991
0.013972 0.019346
0.013954 0.014652
0.013953 0.017301
0.013951 0.014824
0.013950 0.016935
0.013948 0.015451
0.013928 0.014151
0.013927 0.024795
0.013927 0.019050
0.013923 0.015096
0.013918 0.015179
0.013875 0.020597
0.013867 0.023739
0.013862 0.015789
0.013850 0.032282
0.013843 0.014268
0.013842 0.015238
0.013841 0.015046
0.013840 0.014404
0.013825 0.014067
0.013824 0.028463
0.013811 0.014828
0.013791 0.016405
0.013787 0.013924
0.013779 0.013961
0.013775 0.014772
0.013771 0.022960
0.013754 0.015000
0.013751 0.014922
0.013744 0.019172
0.013736 0.015363
0.013732 0.018592
0.013732 0.025631
0.013718 0.019600
0.013716 0.019285
0.013700 0.016090
0.013690 0.013762
0.013684 0.014344
0.013675 0.018236
0.013669 0.013945
0.013664 0.022231
0.013656 0.018745
0.013648 0.015910
0.013645 0.013909
0.013645 0.013784
0.013611 0.016950
0.013611 0.015623
0.013607 0.013917
0.013591 0.013863
0.013590 0.015532
0.013590 0.014633
0.013578 0.022030
0.013571 0.017088
0.013542 0.014516
0.013536 0.013644
0.013521 0.015793
0.013519 0.013788
0.013510 0.017440
0.013492 0.016018
0.013490 0.018170
0.013490 0.013955
0.013483 0.024617
0.013472 0.013642
0.013465 0.020811
0.013455 0.013484
0.013439 0.022775
0.013436 0.018469
0.013426 0.022767
0.013425 0.021517
0.013423 0.024394
0.013415 0.014461
0.013414 0.014510
0.013403 0.019114
0.013397 0.028481
0.013378 0.014063
0.013373 0.013450
0.013366 0.014023
0.013362 0.013510
0.013359 0.013529
0.013351 0.016481
0.013348 0.014469
0.013346 0.013711
0.013344 0.014216
0.013333 0.013602
0.013331 0.022391
0.013328 0.014752
0.013327 0.014618
0.013323 0.014525
0.013321 0.023060
0.013318 0.019015
0.013315 0.031340
0.013314 0.015780
0.013312 0.013371
0.013311 0.013479
0.013293 0.013774
0.013291 0.017049
0.013284 0.015467
0.013282 0.015572
0.013276 0.014086
0.013274 0.025610
0.013272 0.014875
0.013263 0.013424
0.013243 0.014661
0.013230 0.020013
0.013222 0.013501
0.013212 0.018456
0.013211 0.016760
0.013210 0.015990
0.013202 0.013698
0.013198 0.014828
0.013196 0.014736
0.013195 0.016016
0.013179 0.013426
0.013178 0.015751
0.013176 0.013453
0.013173 0.018173
0.013172 0.014530
0.013169 0.020608
0.013169 0.015040
0.013167 0.013720
0.013164 0.013621
0.013158 0.014136
0.013151 0.021365
0.013139 0.013428
0.013136 0.021669
0.013135 0.016823
0.013132 0.017214
0.013129 0.017629
0.013121 0.015821
0.013121 0.015536
0.013116 0.014518
0.013115 0.015195
0.013109 0.016061
0.013097 0.013308
0.013080 0.013224
0.013079 0.014458
0.013079 0.013821
0.013078 0.013775
0.013071 0.019492
0.013070 0.017146
0.013056 0.014690
0.013045 0.017488
0.013031 0.014398
0.013031 0.014103
0.013031 0.016555
0.013015 0.014837
0.013014 0.032789
0.013010 0.013080
0.013008 0.014465
0.013004 0.013887
0.013003 0.013589
0.013001 0.029337
0.012993 0.013048
0.012987 0.013732
0.012984 0.013695
0.012977 0.015268
0.012974 0.013869
0.012971 0.013043
0.012961 0.019973
0.012952 0.014466
0.012946 0.015858
0.012934 0.014414
0.012931 0.014246
0.012927 0.016778
0.012918 0.018331
0.012914 0.033153
0.012912 0.013481
0.012910 0.013956
0.012909 0.019874
0.012908 0.014784
0.012907 0.015846
0.012898 0.013914
0.012895 0.021281
0.012891 0.022280
0.012885 0.015967
0.012884 0.013591
0.012882 0.014595
0.012877 0.014811
0.012868 0.013622
0.012867 0.016953
0.012857 0.013906
0.012851 0.012852
0.012850 0.018371
0.012846 0.013632
0.012843 0.015093
0.012836 0.016156
0.012824 0.015560
0.012823 0.015393
0.012823 0.013008
0.012821 0.013040
0.012819 0.013882
0.012810 0.013054
0.012799 0.017891
0.012789 0.024486
0.012786 0.016826
0.012767 0.014605
0.012765 0.017566
0.012757 0.012899
0.012719 0.015891
0.012713 0.019886
0.012709 0.015343
0.012699 0.013950
0.012682 0.012885
0.012681 0.013829
0.012677 0.013423
0.012669 0.014581
0.012663 0.014520
0.012662 0.013380
0.012660 0.012674
0.012659 0.015906
0.012633 0.019343
0.012629 0.029111
0.012622 0.014563
0.012618 0.014016
0.012618 0.013999
0.012609 0.013268
0.012607 0.022990
0.012605 0.018878
0.012589 0.012886
0.012585 0.017603
0.012585 0.015753
0.012581 0.012713
0.012576 0.014724
0.012558 0.030391
0.012556 0.016880
0.012551 0.012656
0.012551 0.014643
0.012537 0.012648
0.012517 0.021007
0.012512 0.023033
0.012511 0.021309
0.012496 0.022612
0.012491 0.014429
0.012491 0.020511
0.012490 0.015670
0.012475 0.017283
0.012473 0.029419
0.012467 0.014663
0.012467 0.015585
0.012455 0.013047
0.012448 0.013229
0.012447 0.013490
0.012441 0.012478
0.012440 0.015493
0.012434 0.013168
0.012425 0.016145
0.012424 0.018292
0.012412 0.012895
0.012408 0.025032
0.012405 0.016321
0.012400 0.017965
0.012397 0.012925
0.012395 0.013545
0.012391 0.014411
0.012388 0.015164
0.012384 0.013524
0.012373 0.017277
0.012372 0.012424
0.012367 0.013882
0.012356 0.014091
0.012353 0.015302
0.012349 0.014118
0.012343 0.012641
0.012342 0.014178
0.012340 0.016776
0.012338 0.013373
0.012331 0.020746
0.012322 0.018441
0.012317 0.024977
0.012316 0.018272
0.012303 0.012763
0.012293 0.012813
0.012293 0.029080
0.012290 0.016785
0.012289 0.016819
0.012280 0.025559
0.012279 0.012380
0.012269 0.014272
0.012267 0.014481
0.012266 0.014448
0.012258 0.018749
0.012251 0.014980
0.012248 0.012564
0.012245 0.013484
0.012225 0.014344
0.012217 0.013658
0.012211 0.016478
0.012209 0.024958
0.012196 0.012241
0.012191 0.012361
0.012190 0.013581
0.012183 0.018203
0.012178 0.015631
0.012173 0.014467
0.012172 0.013073
0.012164 0.013521
0.012161 0.013041
0.012149 0.021309
0.012140 0.013605
0.012127 0.021972
0.012108 0.012212
0.012095 0.013269
0.012093 0.015702
0.012091 0.014082
0.012074 0.015650
0.012073 0.016172
0.012062 0.012647
0.012051 0.015288
0.012045 0.012385
0.012029 0.012982
0.012014 0.012023
0.012001 0.012836
0.011988 0.018216
0.011983 0.012679
0.011980 0.019087
0.011963 0.013213
0.011960 0.011974
0.011945 0.016132
0.011939 0.025848
0.011931 0.018609
0.011928 0.022486
0.011926 0.016707
0.011920 0.012530
0.011914 0.020207
0.011911 0.012826
0.011896 0.019408
0.011894 0.017565
0.011891 0.011935
0.011886 0.029646
0.011874 0.013087
0.011873 0.013995
0.011873 0.014576
0.011861 0.012181
0.011833 0.018754
0.011807 0.012773
0.011801 0.013068
0.011800 0.012109
0.011793 0.015450
0.011791 0.011797
0.011785 0.024835
0.011781 0.011809
0.011779 0.013098
0.011775 0.012617
0.011772 0.012539
0.011768 0.015995
0.011755 0.019268
0.011749 0.018322
0.011748 0.019045
0.011745 0.016150
0.011734 0.012115
0.011728 0.015851
0.011720 0.013665
0.011719 0.015711
0.011719 0.012321
0.011703 0.012613
0.011700 0.013141
0.011695 0.028597
0.011686 0.016360
0.011684 0.011905
0.011681 0.011837
0.011680 0.017852
0.011671 0.014115
0.011669 0.013794
0.011666 0.011791
0.011662 0.017692
0.011660 0.014499
0.011644 0.012178
0.011635 0.018237
0.011626 0.017535
0.011623 0.021937
0.011620 0.012532
0.011617 0.012274
0.011614 0.011867
0.011605 0.011825
0.011605 0.012185
0.011597 0.019166
0.011589 0.015468
0.011572 0.013468
0.011568 0.012421
0.011565 0.020664
0.011565 0.017738
0.011556 0.012439
0.011531 0.014589
0.011505 0.012435
0.011503 0.029551
0.011501 0.011841
0.011484 0.015255
0.011478 0.026650
0.011478 0.012342
0.011473 0.011526
0.011471 0.019460
0.011470 0.012865
0.011469 0.015625
0.011457 0.013705
0.011457 0.014299
0.011444 0.011706
0.011439 0.016361
0.011438 0.013192
0.011435 0.012460
0.011426 0.016177
0.011425 0.011626
0.011424 0.011461
0.011421 0.011442
0.011421 0.011516
0.011420 0.011720
0.011409 0.011540
0.011402 0.011907
0.011389 0.016288
0.011385 0.026081
0.011384 0.012073
0.011369 0.021678
0.011367 0.021224
0.011366 0.015615
0.011346 0.011571
0.011342 0.011384
0.011337 0.018060
0.011334 0.011447
0.011328 0.020411
0.011319 0.014742
0.011316 0.012200
0.011306 0.017766
0.011297 0.014219
0.011296 0.012078
0.011289 0.015928
0.011285 0.011548
0.011273 0.014955
0.011266 0.011519
0.011261 0.022651
0.011251 0.021995
0.011241 0.012634
0.011239 0.012539
0.011239 0.022615
0.011212 0.013513
0.011208 0.012468
0.011207 0.016220
0.011205 0.013404
0.011196 0.017105
0.011193 0.011969
0.011187 0.015076
0.011187 0.011992
0.011183 0.011666
0.011172 0.017498
0.011170 0.013909
0.011156 0.013897
0.011130 0.019993
0.011121 0.013133
0.011121 0.011991
0.011109 0.011118
0.011085 0.023048
0.011085 0.014581
0.011079 0.018346
0.011076 0.011922
0.011074 0.011426
0.011074 0.013881
0.011071 0.014132
0.011056 0.011956
0.011050 0.013617
0.011047 0.014090
0.011044 0.012399
0.011042 0.013147
0.011037 0.023524
0.011031 0.014988
0.011023 0.016310
0.011020 0.012033
0.011020 0.011934
0.011019 0.012742
0.011016 0.014218
0.011014 0.011567
0.011013 0.011346
0.011012 0.018432
0.010989 0.021609
0.010985 0.013486
0.010975 0.016774
0.010971 0.015181
0.010969 0.012058
0.010967 0.018625
0.010956 0.011050
0.010955 0.012356
0.010949 0.011842
0.010946 0.013205
0.010945 0.012632
0.010935 0.012493
0.010928 0.016764
0.010926 0.012134
0.010915 0.011378
0.010905 0.011739
0.010895 0.014573
0.010895 0.024664
0.010892 0.010912
0.010891 0.011279
0.010884 0.016526
0.010883 0.011199
0.010866 0.016727
0.010864 0.011024
0.010851 0.018682
0.010838 0.012188
0.010834 0.016343
0.010828 0.016170
0.010827 0.011025
0.010820 0.016386
0.010819 0.014620
0.010817 0.010996
0.010814 0.014359
0.010810 0.014733
0.010804 0.015320
0.010801 0.014024
0.010795 0.014805
0.010795 0.019471
0.010780 0.014411
0.010778 0.013054
0.010777 0.011881
0.010776 0.011307
0.010767 0.018904
0.010763 0.011020
0.010763 0.018303
0.010747 0.010997
0.010745 0.010853
0.010744 0.017843
0.010739 0.031310
0.010738 0.010982
0.010736 0.010804
0.010734 0.012659
0.010729 0.016264
0.010723 0.014294
0.010719 0.017613
0.010718 0.017682
0.010711 0.015327
0.010701 0.015226
0.010693 0.014129
0.010692 0.013306
0.010682 0.014248
0.010677 0.012407
0.010676 0.019580
0.010659 0.010907
0.010641 0.014888
0.010638 0.014045
0.010633 0.011612
0.010632 0.012824
0.010628 0.017289
0.010628 0.015158
0.010625 0.010881
0.010621 0.021855
0.010613 0.025902
0.010607 0.011335
0.010607 0.012197
0.010599 0.019761
0.010597 0.015966
0.010597 0.011304
0.010593 0.013027
0.010590 0.013961
0.010568 0.012310
0.010566 0.010870
0.010564 0.012623
0.010563 0.016076
0.010557 0.012776
0.010555 0.012580
0.010541 0.014539
0.010540 0.018496
0.010535 0.011950
0.010523 0.015350
0.010475 0.018555
0.010472 0.014320
0.010471 0.017605
0.010461 0.012560
0.010460 0.011665
0.010453 0.012880
0.010447 0.010528
0.010434 0.015547
0.010433 0.025793
0.010426 0.011297
0.010425 0.012676
0.010423 0.012027
0.010417 0.014907
0.010395 0.011435
0.010386 0.012014
0.010382 0.011542
0.010378 0.014132
0.010377 0.011648
0.010375 0.010862
0.010370 0.010818
0.010361 0.011861
0.010359 0.014114
0.010353 0.014742
0.010352 0.012547
0.010350 0.012337
0.010344 0.023056
0.010331 0.010667
0.010328 0.020137
0.010327 0.014669
0.010325 0.011609
0.010322 0.018663
0.010311 0.015572
0.010306 0.010916
0.010304 0.011695
0.010300 0.013421
0.010295 0.010752
0.010286 0.013298
0.010280 0.010644
0.010259 0.012068
0.010257 0.011990
0.010257 0.012083
0.010230 0.021954
0.010226 0.015359
0.010219 0.012710
0.010201 0.019917
0.010183 0.012036
0.010171 0.013967
0.010168 0.017950
0.010167 0.010209
0.010162 0.010515
0.010156 0.011312
0.010143 0.011972
0.010143 0.014627
0.010136 0.012481
0.010105 0.019940
0.010092 0.012081
0.010089 0.017099
0.010064 0.010069
0.010055 0.011123
0.010055 0.010395
0.010054 0.011062
0.010050 0.010805
0.010041 0.016528
0.010035 0.011573
0.010019 0.010763
0.010010 0.010788
0.010004 0.011302
0.009986 0.014850
0.009978 0.020530
0.009972 0.010817
0.009969 0.011296
0.009967 0.010922
0.009959 0.010253
0.009957 0.010046
0.009956 0.010221
0.009955 0.011063
0.009950 0.010074
0.009950 0.011116
0.009949 0.013386
0.009947 0.010920
0.009943 0.011275
0.009941 0.012182
0.009940 0.011650
0.009940 0.014605
0.009910 0.012903
0.009894 0.012371
0.009881 0.011377
0.009877 0.012350
0.009867 0.009946
0.009853 0.010598
0.009833 0.009968
0.009833 0.011887
0.009831 0.011544
0.009829 0.011533
0.009823 0.011479
0.009820 0.012335
0.009812 0.011112
0.009811 0.009986
0.009806 0.010042
0.009805 0.016596
0.009796 0.014819
0.009794 0.009808
0.009788 0.009825
0.009783 0.011372
0.009764 0.011791
0.009763 0.010136
0.009761 0.010877
0.009753 0.014540
0.009738 0.010707
0.009735 0.011005
0.009730 0.011500
0.009718 0.012889
0.009717 0.011827
0.009709 0.010030
0.009709 0.011103
0.009700 0.013689
0.009696 0.013378
0.009694 0.009889
0.009692 0.011794
0.009679 0.010012
0.009677 0.010442
0.009677 0.010547
0.009677 0.009733
0.009676 0.014085
0.009675 0.013924
0.009667 0.019602
0.009663 0.010458
0.009650 0.009693
0.009649 0.011881
0.009647 0.010160
0.009642 0.010723
0.009641 0.015213
0.009638 0.009840
0.009637 0.013340
0.009630 0.011836
0.009615 0.010286
0.009604 0.011907
0.009602 0.013857
0.009595 0.009815
0.009588 0.010194
0.009576 0.010213
0.009568 0.010923
0.009561 0.009940
0.009557 0.010547
0.009550 0.015279
0.009538 0.010285
0.009536 0.010571
0.009536 0.011913
0.009534 0.011556
0.009531 0.016726
0.009530 0.011417
0.009520 0.009881
0.009517 0.012877
0.009512 0.012098
0.009505 0.011773
0.009493 0.009935
0.009491 0.013237
0.009464 0.010614
0.009458 0.010364
0.009454 0.013864
0.009447 0.011058
0.009446 0.010837
0.009431 0.012932
0.009427 0.009486
0.009419 0.009470
0.009408 0.011980
0.009408 0.011007
0.009396 0.011406
0.009375 0.024265
0.009368 0.011004
0.009359 0.010244
0.009357 0.010468
0.009353 0.011201
0.009351 0.011892
0.009349 0.010465
0.009342 0.010929
0.009339 0.009661
0.009338 0.009823
0.009322 0.014268
0.009316 0.012416
0.009302 0.010626
0.009297 0.017514
0.009292 0.013218
0.009284 0.010511
0.009280 0.012297
0.009263 0.009584
0.009249 0.012980
0.009246 0.011543
0.009242 0.010182
0.009227 0.010119
0.009225 0.010843
0.009221 0.011140
0.009218 0.009338
0.009187 0.017850
0.009185 0.013560
0.009179 0.011568
0.009179 0.009875
0.009173 0.009276
0.009147 0.010130
0.009136 0.011937
0.009127 0.012577
0.009113 0.011212
0.009097 0.017598
0.009088 0.012147
0.009088 0.009881
0.009082 0.013943
0.009067 0.009834
0.009057 0.009475
0.009057 0.009263
0.009053 0.009403
0.009044 0.009586
0.009044 0.010022
0.009043 0.015987
0.009041 0.009151
0.009030 0.013406
0.009027 0.010140
0.009024 0.010026
0.009014 0.012972
0.009010 0.011463
0.009010 0.009121
0.008980 0.011254
0.008972 0.009605
0.008971 0.010657
0.008957 0.014153
0.008955 0.013250
0.008948 0.009529
0.008943 0.010869
0.008943 0.010301
0.008938 0.016629
0.008936 0.009407
0.008932 0.011815
0.008915 0.009060
0.008914 0.009103
0.008914 0.014337
0.008909 0.013956
0.008906 0.010179
0.008904 0.012378
0.008895 0.008974
0.008893 0.010271
0.008887 0.011975
0.008884 0.008885
0.008868 0.009089
0.008862 0.010749
0.008861 0.009029
0.008860 0.008940
0.008860 0.009118
0.008849 0.014359
0.008847 0.009385
0.008842 0.010335
0.008839 0.009318
0.008834 0.009580
0.008821 0.009255
0.008816 0.012141
0.008813 0.009009
0.008809 0.011326
0.008799 0.010177
0.008796 0.008860
0.008787 0.012948
0.008786 0.010953
0.008756 0.010220
0.008754 0.009611
0.008738 0.009205
0.008738 0.009760
0.008735 0.013094
0.008734 0.010559
0.008731 0.008746
0.008729 0.008735
0.008727 0.009372
0.008721 0.014360
0.008713 0.016859
0.008692 0.010267
0.008686 0.010489
0.008685 0.008994
0.008680 0.009963
0.008680 0.010204
0.008678 0.008940
0.008674 0.009238
0.008652 0.011245
0.008649 0.018840
0.008646 0.008845
0.008646 0.010219
0.008629 0.009973
0.008627 0.010339
0.008623 0.008704
0.008620 0.019010
0.008613 0.009799
0.008611 0.009170
0.008594 0.010058
0.008594 0.014113
0.008583 0.013164
0.008576 0.008596
0.008548 0.013931
0.008545 0.013563
0.008532 0.014275
0.008528 0.009591
0.008515 0.011258
0.008510 0.009240
0.008508 0.008686
0.008486 0.009922
0.008465 0.009554
0.008457 0.008616
0.008455 0.008621
0.008454 0.008701
0.008449 0.016820
0.008445 0.008805
0.008444 0.011849
0.008434 0.011108
0.008428 0.008563
0.008415 0.008720
0.008413 0.008703
0.008400 0.008980
0.008391 0.009021
0.008390 0.008545
0.008388 0.018938
0.008378 0.009534
0.008353 0.008880
0.008352 0.012191
0.008349 0.009164
0.008343 0.010483
0.008338 0.018919
0.008330 0.012467
0.008325 0.010325
0.008307 0.013218
0.008306 0.009474
0.008298 0.009752
0.008282 0.009679
0.008282 0.008909
0.008279 0.010061
0.008271 0.008343
0.008263 0.008528
0.008261 0.009712
0.008255 0.008421
0.008250 0.010238
0.008246 0.008950
0.008196 0.008438
0.008182 0.014479
0.008172 0.008217
0.008159 0.009763
0.008144 0.009618
0.008132 0.008975
0.008114 0.011083
0.008093 0.010908
0.008079 0.010995
0.008071 0.008229
0.008066 0.010066
0.008065 0.008122
0.008045 0.013225
0.008043 0.008520
0.008035 0.009472
0.008033 0.008470
0.007975 0.010262
0.007968 0.009427
0.007948 0.008058
0.007937 0.010402
0.007934 0.007945
0.007914 0.010239
0.007906 0.009523
0.007877 0.009758
0.007872 0.008152
0.007869 0.015696
0.007867 0.008113
0.007864 0.008714
0.007861 0.008300
0.007852 0.011015
0.007847 0.009622
0.007839 0.012852
0.007819 0.011561
0.007814 0.008370
0.007810 0.008563
0.007805 0.009063
0.007804 0.009300
0.007803 0.008395
0.007779 0.012293
0.007779 0.008288
0.007760 0.008405
0.007758 0.007913
0.007756 0.008473
0.007756 0.014470
0.007738 0.008594
0.007737 0.010532
0.007729 0.007801
0.007718 0.008400
0.007714 0.008407
0.007683 0.008354
0.007679 0.008555
0.007678 0.011049
0.007667 0.009096
0.007665 0.008477
0.007651 0.009630
0.007644 0.008103
0.007643 0.009218
0.007605 0.007949
0.007604 0.012775
0.007599 0.009068
0.007594 0.008262
0.007569 0.007601
0.007565 0.009434
0.007551 0.008844
0.007551 0.009422
0.007550 0.009339
0.007544 0.007885
0.007541 0.007980
0.007523 0.007661
0.007505 0.009225
0.007497 0.009952
0.007479 0.008701
0.007475 0.007649
0.007461 0.007551
0.007454 0.007587
0.007436 0.008593
0.007435 0.007474
0.007434 0.008197
0.007403 0.011837
0.007370 0.007549
0.007368 0.008168
0.007366 0.010389
0.007362 0.007644
0.007330 0.007334
0.007305 0.007502
0.007304 0.008417
0.007294 0.007660
0.007293 0.008697
0.007282 0.008211
0.007281 0.007708
0.007279 0.008174
0.007278 0.007565
0.007273 0.008459
0.007270 0.007899
0.007260 0.007364
0.007247 0.007910
0.007238 0.008042
0.007227 0.015555
0.007223 0.007476
0.007221 0.008587
0.007221 0.007995
0.007218 0.007220
0.007216 0.007589
0.007182 0.008892
0.007171 0.008006
0.007170 0.007539
0.007169 0.008051
0.007169 0.007373
0.007166 0.007563
0.007151 0.008262
0.007142 0.008214
0.007135 0.011359
0.007127 0.009277
0.007127 0.007306
0.007124 0.010501
0.007124 0.007567
0.007122 0.007807
0.007117 0.007788
0.007102 0.007103
0.007099 0.007296
0.007086 0.007107
0.007086 0.009693
0.007082 0.008787
0.007061 0.007148
0.007058 0.008174
0.007052 0.012337
0.007003 0.010694
0.007000 0.007196
0.006994 0.007433
0.006993 0.010271
0.006992 0.007216
0.006983 0.008074
0.006960 0.007887
0.006958 0.006977
0.006956 0.008390
0.006952 0.007210
0.006948 0.007163
0.006945 0.007256
0.006938 0.007788
0.006925 0.008905
0.006921 0.006943
0.006886 0.008871
0.006876 0.006973
0.006867 0.009074
0.006856 0.009514
0.006827 0.007097
0.006827 0.007576
0.006822 0.007163
0.006813 0.006945
0.006759 0.009565
0.006744 0.008235
0.006743 0.006923
0.006742 0.007020
0.006737 0.008425
0.006729 0.007627
0.006710 0.007731
0.006689 0.007657
0.006686 0.007543
0.006683 0.006759
0.006682 0.007918
0.006675 0.007614
0.006670 0.007458
0.006653 0.007145
0.006651 0.012425
0.006647 0.007867
0.006644 0.007714
0.006643 0.007417
0.006642 0.007015
0.006641 0.007322
0.006603 0.009795
0.006593 0.007745
0.006586 0.007621
0.006580 0.007934
0.006580 0.006645
0.006579 0.006822
0.006570 0.006948
0.006567 0.007003
0.006565 0.007436
0.006562 0.008790
0.006561 0.007285
0.006561 0.007420
0.006561 0.009674
0.006561 0.008632
0.006554 0.008618
0.006553 0.007079
0.006511 0.009053
0.006505 0.006941
0.006502 0.008971
0.006494 0.006560
0.006429 0.006779
0.006420 0.007060
0.006408 0.016600
0.006407 0.007394
0.006400 0.008553
0.006389 0.007332
0.006349 0.009822
0.006338 0.007126
0.006312 0.007176
0.006298 0.006790
0.006294 0.006439
0.006280 0.010832
0.006271 0.006755
0.006249 0.007013
0.006206 0.007472
0.006201 0.007153
0.006193 0.007480
0.006165 0.006850
0.006158 0.006250
0.006151 0.006223
0.006150 0.006293
0.006117 0.006156
0.006067 0.007374
0.006034 0.008397
0.006020 0.006535
0.006020 0.006694
0.006001 0.012440
0.005982 0.006086
0.005965 0.006991
0.005931 0.008578
0.005794 0.006342
0.005793 0.007020
0.005787 0.006475
0.005772 0.008132
0.005712 0.006628
0.005695 0.006142
0.005685 0.006122
0.005674 0.006109
0.005660 0.006284
0.005658 0.007174
0.005654 0.005929
0.005599 0.006704
0.005572 0.005944
0.005567 0.006555
0.005553 0.006463
0.005507 0.008394
0.005491 0.005501
0.005449 0.005461
0.005426 0.006188
0.005423 0.005455
0.005409 0.006081
0.005389 0.006455
0.005384 0.006234
0.005349 0.007731
0.005239 0.006349
0.005209 0.005935
0.005109 0.006081
0.005072 0.005594
0.005022 0.005685
0.005007 0.005386
0.005003 0.005770
0.004988 0.005086
0.004984 0.005723
0.004966 0.005122
0.004960 0.005621
0.004956 0.005003
0.004946 0.004978
0.004907 0.005821
0.004891 0.005110
0.004877 0.005655
0.004872 0.005063
0.004865 0.005176
0.004842 0.005527
0.004824 0.005805
0.004786 0.008443
0.004759 0.006637
0.004675 0.004825
0.004673 0.004722
0.004597 0.005590
0.004596 0.005116
0.004594 0.005419
0.004589 0.004742
0.004498 0.004841
0.004485 0.004565
0.004459 0.004578
0.004459 0.005555
0.004379 0.005015
0.004379 0.004381
0.004372 0.004651
0.004372 0.004928
0.004365 0.005039
0.004322 0.004806
0.004298 0.004716
0.004276 0.004590
0.004255 0.004446
0.004197 0.004551
0.004166 0.004532
0.004161 0.005606
0.004140 0.004995
0.004118 0.004456
0.004113 0.004219
0.004097 0.004144
0.004034 0.004362
0.004010 0.004379
0.003980 0.003987
0.003937 0.005549
0.003925 0.004166
0.003887 0.004307
0.003849 0.003941
0.003848 0.004178
0.003826 0.003913
0.003815 0.003908
0.003815 0.003977
0.003814 0.004444
0.003813 0.003879
0.003811 0.003811
0.003807 0.004088
0.003802 0.003853
0.003802 0.004051
0.003802 0.003927
0.003802 0.003960
0.003752 0.004182
0.003749 0.003799
0.003712 0.003963
0.003625 0.003681
0.003617 0.004711
0.003545 0.003546
0.003492 0.003541
0.003397 0.003480
0.003391 0.004095
0.003384 0.003530
0.003336 0.005477
0.003263 0.004183
0.003159 0.004222
0.003093 0.003619
0.002939 0.003497
0.002932 0.003049
0.002884 0.003094
0.002652 0.003006
0.002645 0.002849
0.002609 0.002791
0.002584 0.002666
0.002576 0.002820
0.002560 0.002561
0.002542 0.003148
0.002540 0.002666
0.002529 0.002712
0.002516 0.003230
0.002514 0.002745
0.002439 0.002704
0.002012 0.002244
