0.469472 0.473697
0.437142 0.497714
0.265098 0.279969
0.127803 0.130093
0.117508 0.123271
0.115816 0.118008
0.110725 0.116983
0.106644 0.147843
0.105630 0.153550
0.093962 0.094541
0.091535 0.099276
0.090726 0.092339
0.085669 0.087480
0.082044 0.086749
0.070435 0.084276
0.069413 0.074824
0.068855 0.072848
0.067872 0.111085
0.063917 0.074956
0.063708 0.086429
0.063322 0.066084
0.062410 0.074224
0.061806 0.095209
0.058882 0.064334
0.056678 0.072765
0.056291 0.066198
0.056031 0.060459
0.055264 0.077042
0.054980 0.056329
0.054752 0.118700
0.054386 0.063919
0.053397 0.077531
0.053354 0.056400
0.050835 0.054943
0.050835 0.057448
0.050592 0.070900
0.048548 0.061932
0.047350 0.048685
0.046262 0.057102
0.045280 0.045322
0.045280 0.046157
0.045190 0.052714
0.045021 0.071037
0.044867 0.046374
0.043838 0.067120
0.043721 0.059676
0.043706 0.060588
0.043488 0.051945
0.043356 0.043375
0.043035 0.044985
0.043025 0.069945
0.042286 0.044364
0.042254 0.048664
0.041661 0.043964
0.041619 0.043138
0.041422 0.042419
0.040705 0.041396
0.040441 0.053331
0.040032 0.045449
0.039992 0.060107
0.039797 0.041572
0.039703 0.052575
0.039253 0.040702
0.038890 0.047991
0.038135 0.040225
0.037970 0.041464
0.037311 0.038484
0.037168 0.037765
0.036983 0.037311
0.036487 0.038062
0.035907 0.037120
0.035788 0.037573
0.035709 0.041125
0.035322 0.040598
0.035269 0.036826
0.035253 0.049067
0.034749 0.036312
0.034371 0.041761
0.034021 0.054709
0.033757 0.071946
0.033692 0.057877
0.033553 0.040719
0.033519 0.038789
0.033445 0.033628
0.033395 0.044824
0.033385 0.041199
0.032980 0.045592
0.032936 0.040855
0.032835 0.033927
0.032613 0.037517
0.032473 0.035129
0.032286 0.044076
0.032262 0.035792
0.031907 0.043656
0.031865 0.032772
0.031477 0.039169
0.031398 0.041739
0.031383 0.033636
0.031353 0.031562
0.031005 0.035951
0.030613 0.041226
0.030492 0.034988
0.030343 0.032369
0.030105 0.035705
0.029999 0.030321
0.029963 0.030569
0.029963 0.039437
0.029779 0.030112
0.029318 0.030962
0.029160 0.029305
0.029159 0.031493
0.029147 0.031513
0.029043 0.043801
0.028810 0.036718
0.028687 0.035843
0.028405 0.034947
0.028367 0.030510
0.028342 0.033407
0.028327 0.032545
0.028191 0.035404
0.028141 0.035752
0.027773 0.041896
0.027733 0.028606
0.027732 0.029165
0.027699 0.028874
0.027640 0.033729
0.027604 0.029906
0.027536 0.040686
0.027532 0.029014
0.027509 0.027960
0.027411 0.034210
0.027392 0.028099
0.027333 0.035254
0.027308 0.037220
0.027294 0.031705
0.027280 0.039418
0.027276 0.036969
0.027274 0.028775
0.027235 0.034555
0.027215 0.031504
0.027163 0.039893
0.026679 0.032804
0.026647 0.029076
0.026646 0.033769
0.026453 0.042151
0.026431 0.027570
0.026416 0.026768
0.026395 0.036276
0.025979 0.027662
0.025974 0.051273
0.025930 0.047036
0.025913 0.026366
0.025879 0.030912
0.025826 0.055060
0.025781 0.030945
0.025772 0.027981
0.025640 0.038600
0.025528 0.026008
0.025440 0.035362
0.025419 0.029931
0.025233 0.026299
0.025187 0.030501
0.025040 0.028948
0.025036 0.030073
0.024920 0.034134
0.024902 0.026057
0.024880 0.026415
0.024820 0.032094
0.024724 0.031108
0.024641 0.028571
0.024590 0.028246
0.024542 0.028990
0.024533 0.028644
0.024511 0.040308
0.024320 0.025922
0.024246 0.026178
0.024047 0.024706
0.023898 0.023899
0.023871 0.024202
0.023849 0.026510
0.023825 0.024522
0.023792 0.026192
0.023753 0.024967
0.023751 0.025258
0.023706 0.032172
0.023695 0.029489
0.023647 0.034440
0.023574 0.028761
0.023543 0.024364
0.023384 0.029979
0.023306 0.029333
0.023291 0.025172
0.023286 0.024903
0.023226 0.027828
0.023117 0.030350
0.023116 0.033353
0.022962 0.025413
0.022918 0.023259
0.022852 0.025838
0.022851 0.025252
0.022757 0.022845
0.022627 0.029447
0.022596 0.026584
0.022587 0.028015
0.022577 0.028845
0.022494 0.026222
0.022467 0.032658
0.022404 0.023309
0.022390 0.037503
0.022290 0.022730
0.022263 0.029681
0.022201 0.024431
0.022138 0.039933
0.022128 0.029566
0.022105 0.026292
0.022095 0.025535
0.022073 0.022714
0.022026 0.023726
0.021965 0.027927
0.021947 0.022775
0.021930 0.024110
0.021926 0.022810
0.021883 0.022325
0.021852 0.041603
0.021790 0.024734
0.021786 0.023139
0.021718 0.034237
0.021644 0.030238
0.021549 0.023035
0.021534 0.032696
0.021448 0.021873
0.021346 0.021947
0.021343 0.036808
0.021318 0.022830
0.021298 0.021350
0.021249 0.023803
0.021157 0.023123
0.021026 0.031941
0.020954 0.030559
0.020866 0.035048
0.020819 0.028124
0.020810 0.021350
0.020769 0.020871
0.020700 0.029596
0.020640 0.022548
0.020613 0.021439
0.020565 0.021246
0.020564 0.025788
0.020541 0.028373
0.020481 0.027692
0.020366 0.023001
0.020334 0.020575
0.020302 0.033810
0.020283 0.025555
0.020267 0.026446
0.020235 0.029972
0.020202 0.020890
0.020180 0.025118
0.020068 0.021411
0.020054 0.027000
0.020024 0.020247
0.019902 0.031127
0.019898 0.021984
0.019859 0.021476
0.019856 0.027039
0.019846 0.022986
0.019841 0.024818
0.019818 0.021199
0.019816 0.034886
0.019796 0.022370
0.019671 0.020975
0.019630 0.023432
0.019619 0.026654
0.019537 0.021205
0.019537 0.023665
0.019536 0.020744
0.019390 0.026928
0.019341 0.019703
0.019333 0.020851
0.019262 0.029215
0.019184 0.020096
0.019181 0.020679
0.019164 0.020627
0.019067 0.020061
0.019051 0.019542
0.018994 0.019211
0.018935 0.021885
0.018810 0.020209
0.018790 0.021695
0.018760 0.020679
0.018729 0.019174
0.018705 0.020548
0.018695 0.020737
0.018607 0.025381
0.018576 0.026931
0.018557 0.021645
0.018538 0.019993
0.018536 0.023546
0.018528 0.019825
0.018527 0.024544
0.018450 0.026742
0.018443 0.018825
0.018435 0.019271
0.018396 0.019051
0.018343 0.018363
0.018309 0.020236
0.018307 0.018747
0.018307 0.021900
0.018290 0.019367
0.018140 0.019361
0.018118 0.018552
0.018029 0.019559
0.017945 0.022676
0.017922 0.021665
0.017906 0.018379
0.017875 0.031005
0.017858 0.020707
0.017858 0.017889
0.017837 0.018241
0.017788 0.018208
0.017783 0.020085
0.017725 0.022063
0.017665 0.020499
0.017642 0.021223
0.017628 0.018046
0.017624 0.018629
0.017599 0.019868
0.017584 0.018109
0.017501 0.019144
0.017434 0.023542
0.017419 0.017860
0.017413 0.017634
0.017373 0.021624
0.017368 0.019608
0.017323 0.017396
0.017320 0.020740
0.017319 0.019408
0.017302 0.020989
0.017283 0.018943
0.017235 0.018695
0.017231 0.017476
0.017149 0.018754
0.017140 0.021041
0.017103 0.017663
0.017069 0.020178
0.016997 0.017718
0.016976 0.017241
0.016975 0.018562
0.016964 0.017194
0.016935 0.017274
0.016896 0.017563
0.016889 0.019378
0.016867 0.022590
0.016829 0.023588
0.016792 0.025190
0.016776 0.023176
0.016720 0.017596
0.016696 0.021838
0.016681 0.024898
0.016640 0.017712
0.016601 0.016710
0.016595 0.017374
0.016568 0.020735
0.016558 0.018473
0.016526 0.016627
0.016523 0.017502
0.016503 0.016925
0.016493 0.021594
0.016485 0.029490
0.016473 0.018278
0.016443 0.018602
0.016412 0.020633
0.016394 0.018214
0.016388 0.019135
0.016388 0.016437
0.016383 0.029844
0.016343 0.023865
0.016313 0.017103
0.016257 0.022482
0.016255 0.018605
0.016222 0.019047
0.016219 0.021665
0.016215 0.019573
0.016187 0.016270
0.016159 0.016971
0.016096 0.017981
0.016095 0.021390
0.016035 0.018281
0.015991 0.017808
0.015988 0.017543
0.015952 0.019302
0.015950 0.015992
0.015923 0.019740
0.015921 0.016346
0.015906 0.017492
0.015904 0.018804
0.015897 0.031301
0.015892 0.023470
0.015884 0.020528
0.015863 0.017557
0.015853 0.019619
0.015845 0.017196
0.015838 0.017073
0.015708 0.019635
0.015682 0.023773
0.015682 0.017574
0.015632 0.016895
0.015626 0.018065
0.015611 0.018849
0.015554 0.022831
0.015543 0.016141
0.015539 0.016551
0.015536 0.021493
0.015531 0.016020
0.015502 0.020106
0.015484 0.019740
0.015461 0.018243
0.015454 0.016683
0.015438 0.016920
0.015390 0.016206
0.015386 0.016288
0.015352 0.016339
0.015350 0.017171
0.015330 0.022186
0.015323 0.021775
0.015315 0.015423
0.015283 0.017734
0.015267 0.024867
0.015266 0.016724
0.015247 0.021082
0.015224 0.016624
0.015196 0.015873
0.015179 0.020219
0.015131 0.017044
0.015113 0.018526
0.015044 0.018682
0.014986 0.022229
0.014937 0.016157
0.014869 0.021351
0.014860 0.026596
0.014843 0.015770
0.014829 0.015307
0.014791 0.026814
0.014782 0.024916
0.014746 0.015756
0.014714 0.017141
0.014709 0.016904
0.014698 0.019719
0.014687 0.021988
0.014629 0.015932
0.014623 0.015778
0.014604 0.016601
0.014598 0.017876
0.014589 0.014881
0.014589 0.019046
0.014563 0.017542
0.014506 0.017486
0.014418 0.016639
0.014409 0.014507
0.014405 0.027832
0.014399 0.024867
0.014398 0.023486
0.014385 0.019419
0.014359 0.017206
0.014351 0.015455
0.014350 0.023656
0.014312 0.016494
0.014307 0.014755
0.014291 0.023489
0.014266 0.014995
0.014261 0.014296
0.014255 0.018720
0.014249 0.014585
0.014235 0.014833
0.014198 0.015212
0.014165 0.031033
0.014140 0.014958
0.014134 0.016198
0.014089 0.018705
0.014075 0.018608
0.014061 0.014455
0.014055 0.016138
0.013976 0.014959
0.013974 0.022397
0.013952 0.015514
0.013921 0.018232
0.013915 0.015611
0.013902 0.028275
0.013902 0.015489
0.013891 0.022330
0.013880 0.022376
0.013879 0.014017
0.013872 0.021596
0.013821 0.014361
0.013820 0.018566
0.013810 0.018590
0.013802 0.015271
0.013789 0.014802
0.013727 0.019436
0.013720 0.014291
0.013686 0.014949
0.013685 0.013817
0.013681 0.014472
0.013673 0.015898
0.013672 0.015730
0.013670 0.027628
0.013660 0.015106
0.013648 0.020580
0.013539 0.014117
0.013538 0.014991
0.013526 0.015099
0.013518 0.013655
0.013512 0.014536
0.013505 0.014148
0.013505 0.013849
0.013474 0.015594
0.013466 0.016347
0.013461 0.023015
0.013449 0.015839
0.013435 0.024045
0.013414 0.014029
0.013413 0.014011
0.013390 0.015118
0.013387 0.017856
0.013383 0.013745
0.013370 0.016478
0.013323 0.018130
0.013316 0.015816
0.013296 0.016881
0.013290 0.013338
0.013284 0.030783
0.013256 0.018577
0.013251 0.017859
0.013250 0.013881
0.013237 0.014769
0.013189 0.015368
0.013186 0.013845
0.013163 0.013545
0.013161 0.014778
0.013159 0.018382
0.013155 0.015873
0.013140 0.015000
0.013137 0.021121
0.013118 0.019877
0.013113 0.021647
0.013110 0.013273
0.013104 0.014787
0.013079 0.013834
0.013078 0.013180
0.013075 0.019530
0.013071 0.015658
0.013071 0.014538
0.013069 0.014385
0.013060 0.020882
0.013044 0.013897
0.013000 0.014675
0.012991 0.013670
0.012988 0.013043
0.012987 0.017549
0.012968 0.015187
0.012954 0.015276
0.012922 0.022854
0.012881 0.015789
0.012842 0.014456
0.012831 0.014130
0.012823 0.017321
0.012820 0.016303
0.012815 0.016114
0.012801 0.024668
0.012797 0.014938
0.012748 0.014706
0.012739 0.013527
0.012736 0.016741
0.012720 0.015773
0.012697 0.012874
0.012689 0.014294
0.012688 0.016794
0.012687 0.013552
0.012686 0.013149
0.012636 0.013095
0.012614 0.015554
0.012612 0.017455
0.012595 0.012902
0.012585 0.013114
0.012573 0.012952
0.012564 0.016858
0.012557 0.022584
0.012547 0.020598
0.012535 0.012616
0.012515 0.017409
0.012504 0.019755
0.012488 0.012747
0.012481 0.013391
0.012469 0.025106
0.012468 0.024682
0.012466 0.012628
0.012458 0.016151
0.012414 0.013843
0.012382 0.014898
0.012361 0.012626
0.012344 0.012364
0.012339 0.012999
0.012331 0.014583
0.012316 0.030666
0.012307 0.013222
0.012298 0.013201
0.012297 0.015078
0.012297 0.013023
0.012295 0.013470
0.012282 0.013610
0.012273 0.018361
0.012257 0.016380
0.012247 0.020614
0.012238 0.013803
0.012235 0.012311
0.012234 0.012898
0.012212 0.014398
0.012208 0.017523
0.012207 0.014855
0.012170 0.014758
0.012159 0.012865
0.012135 0.012883
0.012129 0.014978
0.012127 0.013821
0.012104 0.019795
0.012052 0.027985
0.012052 0.013217
0.012036 0.014911
0.012017 0.015074
0.011997 0.017513
0.011993 0.012022
0.011991 0.014785
0.011986 0.017807
0.011980 0.014335
0.011970 0.015617
0.011969 0.012057
0.011960 0.016383
0.011955 0.012871
0.011949 0.016959
0.011942 0.018096
0.011937 0.012348
0.011937 0.013540
0.011925 0.013681
0.011921 0.023966
0.011893 0.029314
0.011890 0.011994
0.011886 0.013024
0.011879 0.019698
0.011876 0.022865
0.011845 0.014789
0.011842 0.017373
0.011836 0.012318
0.011822 0.013360
0.011816 0.015786
0.011811 0.012179
0.011761 0.011924
0.011740 0.012666
0.011729 0.014231
0.011724 0.024325
0.011722 0.012700
0.011713 0.013126
0.011691 0.016936
0.011689 0.011788
0.011686 0.018318
0.011681 0.012154
0.011681 0.012058
0.011664 0.013043
0.011662 0.012488
0.011629 0.011766
0.011621 0.012815
0.011618 0.012142
0.011592 0.014067
0.011585 0.017073
0.011576 0.016757
0.011573 0.013910
0.011564 0.017623
0.011532 0.011829
0.011524 0.015318
0.011515 0.012947
0.011513 0.011717
0.011503 0.015172
0.011486 0.013739
0.011482 0.012180
0.011477 0.013145
0.011476 0.011616
0.011471 0.012606
0.011451 0.020640
0.011444 0.014761
0.011443 0.011978
0.011437 0.013826
0.011430 0.011438
0.011416 0.013647
0.011403 0.011832
0.011384 0.012514
0.011377 0.020498
0.011376 0.011581
0.011371 0.011510
0.011371 0.012370
0.011367 0.011412
0.011350 0.012328
0.011336 0.014243
0.011320 0.011625
0.011306 0.012788
0.011305 0.011656
0.011298 0.015646
0.011297 0.013292
0.011287 0.013819
0.011285 0.012252
0.011284 0.011853
0.011267 0.012483
0.011262 0.011589
0.011229 0.011596
0.011226 0.011429
0.011221 0.012828
0.011203 0.011553
0.011195 0.012831
0.011178 0.011480
0.011169 0.018443
0.011142 0.011411
0.011140 0.013182
0.011110 0.016387
0.011071 0.011507
0.011070 0.012234
0.011067 0.012499
0.011026 0.011196
0.011025 0.011065
0.011012 0.011548
0.011008 0.012868
0.011002 0.013406
0.010999 0.012124
0.010984 0.012860
0.010965 0.012622
0.010948 0.012353
0.010947 0.012801
0.010947 0.012193
0.010936 0.012300
0.010930 0.013724
0.010924 0.015949
0.010912 0.011407
0.010910 0.012474
0.010905 0.012368
0.010900 0.011095
0.010888 0.012125
0.010887 0.013483
0.010883 0.013409
0.010880 0.011404
0.010877 0.012583
0.010873 0.019843
0.010870 0.022425
0.010868 0.012590
0.010857 0.011505
0.010852 0.018685
0.010851 0.012780
0.010851 0.011854
0.010842 0.010886
0.010834 0.011364
0.010825 0.027450
0.010821 0.012026
0.010819 0.021333
0.010816 0.016937
0.010801 0.013983
0.010788 0.010944
0.010782 0.016154
0.010779 0.011235
0.010754 0.011530
0.010752 0.015410
0.010735 0.012803
0.010729 0.012572
0.010723 0.013161
0.010707 0.013238
0.010700 0.014169
0.010682 0.011618
0.010662 0.011037
0.010636 0.014378
0.010612 0.012163
0.010609 0.016322
0.010600 0.014999
0.010599 0.012552
0.010590 0.011627
0.010573 0.012502
0.010562 0.015167
0.010553 0.010852
0.010550 0.012812
0.010518 0.017355
0.010514 0.013545
0.010506 0.011390
0.010503 0.011407
0.010500 0.011023
0.010499 0.013011
0.010490 0.010971
0.010488 0.012892
0.010487 0.010708
0.010481 0.011866
0.010475 0.013628
0.010462 0.018499
0.010439 0.015479
0.010438 0.016219
0.010431 0.013333
0.010429 0.012685
0.010428 0.011067
0.010427 0.011177
0.010423 0.011128
0.010403 0.011323
0.010397 0.010481
0.010390 0.016112
0.010387 0.011500
0.010386 0.010677
0.010373 0.011684
0.010354 0.014146
0.010347 0.011518
0.010347 0.015893
0.010345 0.011765
0.010339 0.021254
0.010339 0.011294
0.010334 0.012100
0.010304 0.010474
0.010294 0.012636
0.010289 0.010554
0.010280 0.017829
0.010255 0.010790
0.010243 0.010686
0.010234 0.015396
0.010231 0.013501
0.010227 0.010452
0.010226 0.012792
0.010221 0.012182
0.010220 0.010870
0.010209 0.011011
0.010193 0.013823
0.010190 0.014985
0.010186 0.012924
0.010179 0.011771
0.010172 0.015746
0.010162 0.010652
0.010149 0.011716
0.010139 0.012373
0.010128 0.010610
0.010119 0.010838
0.010108 0.017278
0.010099 0.010249
0.010085 0.015145
0.010061 0.010785
0.010060 0.010143
0.010051 0.013123
0.010051 0.010825
0.010048 0.010335
0.010044 0.012273
0.010042 0.011297
0.010016 0.012404
0.009998 0.010028
0.009997 0.011494
0.009995 0.012504
0.009991 0.013267
0.009989 0.017047
0.009978 0.013484
0.009973 0.010830
0.009970 0.011157
0.009965 0.010076
0.009965 0.012523
0.009959 0.017328
0.009951 0.014830
0.009946 0.010105
0.009943 0.018233
0.009924 0.010455
0.009923 0.014270
0.009920 0.014127
0.009908 0.010758
0.009898 0.010807
0.009890 0.016337
0.009886 0.012585
0.009870 0.011459
0.009862 0.012785
0.009847 0.012683
0.009827 0.010970
0.009827 0.010300
0.009826 0.015216
0.009821 0.010313
0.009818 0.010920
0.009813 0.012839
0.009812 0.012082
0.009809 0.009890
0.009767 0.009884
0.009764 0.010324
0.009762 0.011963
0.009759 0.009844
0.009753 0.010130
0.009749 0.019389
0.009741 0.010112
0.009731 0.012393
0.009726 0.009889
0.009678 0.009779
0.009675 0.010443
0.009673 0.013086
0.009668 0.009976
0.009667 0.016557
0.009664 0.011134
0.009647 0.011287
0.009628 0.017355
0.009621 0.011152
0.009608 0.009638
0.009605 0.011122
0.009599 0.010419
0.009596 0.010040
0.009595 0.010996
0.009583 0.019438
0.009579 0.011222
0.009579 0.014491
0.009578 0.013558
0.009577 0.012789
0.009569 0.009982
0.009569 0.010425
0.009568 0.010056
0.009555 0.009894
0.009533 0.015073
0.009530 0.010498
0.009524 0.013261
0.009523 0.011496
0.009523 0.010454
0.009522 0.010024
0.009521 0.011521
0.009512 0.009613
0.009505 0.014977
0.009503 0.022152
0.009488 0.010727
0.009483 0.012455
0.009482 0.010898
0.009476 0.009749
0.009468 0.010138
0.009445 0.009753
0.009434 0.014423
0.009422 0.009839
0.009412 0.012305
0.009406 0.010635
0.009402 0.009452
0.009399 0.019510
0.009394 0.009526
0.009386 0.013829
0.009379 0.013067
0.009374 0.012999
0.009366 0.019311
0.009364 0.010041
0.009353 0.010259
0.009342 0.010789
0.009342 0.010547
0.009336 0.009920
0.009330 0.011183
0.009329 0.010749
0.009325 0.012200
0.009316 0.011096
0.009315 0.011173
0.009314 0.009427
0.009314 0.009392
0.009313 0.013969
0.009313 0.013685
0.009310 0.011543
0.009307 0.010009
0.009293 0.012535
0.009276 0.014997
0.009274 0.014972
0.009270 0.013883
0.009270 0.010017
0.009263 0.015607
0.009257 0.011192
0.009242 0.009389
0.009234 0.017757
0.009227 0.011616
0.009221 0.010187
0.009204 0.010190
0.009204 0.013257
0.009201 0.011196
0.009197 0.009819
0.009195 0.012181
0.009194 0.013367
0.009188 0.010057
0.009179 0.009277
0.009179 0.009302
0.009176 0.010265
0.009174 0.009622
0.009167 0.011638
0.009167 0.010081
0.009167 0.009432
0.009163 0.009247
0.009154 0.009589
0.009154 0.013359
0.009150 0.010875
0.009146 0.011149
0.009140 0.012375
0.009128 0.009360
0.009104 0.010172
0.009103 0.009393
0.009089 0.012224
0.009088 0.009273
0.009084 0.013382
0.009078 0.013414
0.009069 0.011849
0.009069 0.009370
0.009065 0.009078
0.009060 0.014665
0.009056 0.009061
0.009053 0.012918
0.009053 0.009951
0.009030 0.017444
0.009015 0.009817
0.009015 0.009721
0.009000 0.011903
0.009000 0.009037
0.008976 0.017015
0.008974 0.015611
0.008969 0.009071
0.008960 0.008977
0.008959 0.009715
0.008956 0.008974
0.008949 0.011764
0.008940 0.009544
0.008939 0.009217
0.008939 0.010255
0.008925 0.009792
0.008907 0.015716
0.008906 0.008971
0.008905 0.009049
0.008904 0.015399
0.008901 0.009922
0.008899 0.010512
0.008895 0.009379
0.008891 0.009103
0.008889 0.009198
0.008877 0.010249
0.008856 0.009684
0.008845 0.014118
0.008838 0.009219
0.008812 0.011532
0.008800 0.009684
0.008790 0.009844
0.008790 0.009231
0.008782 0.017175
0.008778 0.009703
0.008775 0.011558
0.008772 0.010791
0.008765 0.010223
0.008763 0.017588
0.008760 0.009561
0.008740 0.009133
0.008736 0.009054
0.008736 0.008978
0.008732 0.012087
0.008731 0.009289
0.008730 0.014831
0.008723 0.008960
0.008705 0.009056
0.008696 0.012339
0.008690 0.008967
0.008677 0.010778
0.008664 0.017417
0.008649 0.009570
0.008637 0.009324
0.008637 0.010917
0.008626 0.020877
0.008620 0.009463
0.008617 0.011272
0.008616 0.009077
0.008613 0.012958
0.008607 0.009568
0.008600 0.009899
0.008560 0.009839
0.008553 0.009094
0.008553 0.009529
0.008549 0.008996
0.008549 0.009396
0.008541 0.009349
0.008540 0.009435
0.008537 0.010404
0.008533 0.008997
0.008527 0.008868
0.008526 0.013380
0.008517 0.008676
0.008508 0.009751
0.008506 0.008792
0.008503 0.008936
0.008501 0.016932
0.008496 0.008650
0.008494 0.013727
0.008477 0.008869
0.008462 0.018303
0.008444 0.008970
0.008434 0.013770
0.008433 0.009676
0.008429 0.008798
0.008423 0.009944
0.008421 0.011554
0.008421 0.009427
0.008421 0.009002
0.008411 0.008652
0.008409 0.009529
0.008408 0.011266
0.008405 0.009646
0.008403 0.009208
0.008394 0.009265
0.008392 0.009076
0.008388 0.009391
0.008375 0.008539
0.008374 0.011421
0.008370 0.012639
0.008360 0.008483
0.008357 0.010803
0.008354 0.014206
0.008345 0.016983
0.008340 0.010738
0.008330 0.008475
0.008328 0.010549
0.008325 0.008617
0.008318 0.010722
0.008314 0.009552
0.008307 0.009050
0.008304 0.008846
0.008289 0.008463
0.008282 0.008506
0.008278 0.009987
0.008275 0.009700
0.008274 0.012891
0.008269 0.008433
0.008261 0.011381
0.008258 0.010674
0.008243 0.008261
0.008241 0.008371
0.008235 0.009038
0.008231 0.009550
0.008231 0.009283
0.008222 0.009045
0.008221 0.009088
0.008213 0.009400
0.008209 0.011468
0.008202 0.008289
0.008200 0.009749
0.008199 0.008205
0.008181 0.008204
0.008175 0.010956
0.008162 0.014870
0.008160 0.010434
0.008155 0.008448
0.008155 0.008597
0.008140 0.008393
0.008135 0.010670
0.008129 0.008957
0.008118 0.011978
0.008113 0.009934
0.008110 0.009527
0.008110 0.008728
0.008099 0.009020
0.008096 0.013183
0.008091 0.009724
0.008088 0.009697
0.008088 0.008213
0.008087 0.008479
0.008085 0.011640
0.008078 0.008873
0.008078 0.009782
0.008076 0.011151
0.008065 0.008244
0.008057 0.008433
0.008054 0.008193
0.008048 0.010947
0.008046 0.009484
0.008043 0.009081
0.008029 0.008269
0.008022 0.009840
0.008021 0.008242
0.008015 0.008695
0.008012 0.009757
0.008005 0.008932
0.008005 0.009038
0.008004 0.008665
0.007974 0.016886
0.007969 0.008235
0.007965 0.010780
0.007964 0.008633
0.007959 0.007967
0.007956 0.008091
0.007951 0.007987
0.007949 0.007997
0.007946 0.007994
0.007937 0.008296
0.007937 0.009950
0.007937 0.009020
0.007936 0.008982
0.007933 0.012907
0.007932 0.008327
0.007930 0.009137
0.007918 0.009304
0.007909 0.009634
0.007902 0.009354
0.007890 0.009784
0.007887 0.009421
0.007880 0.013268
0.007863 0.008290
0.007862 0.007963
0.007855 0.008918
0.007851 0.009763
0.007837 0.008069
0.007830 0.010841
0.007819 0.011360
0.007815 0.010597
0.007814 0.008558
0.007812 0.010717
0.007811 0.007825
0.007810 0.009487
0.007804 0.015604
0.007803 0.008335
0.007802 0.008651
0.007802 0.013091
0.007799 0.011264
0.007785 0.010345
0.007783 0.010411
0.007780 0.008666
0.007780 0.013291
0.007775 0.008038
0.007771 0.008652
0.007768 0.008117
0.007764 0.010707
0.007758 0.014270
0.007758 0.013499
0.007757 0.008435
0.007748 0.008869
0.007746 0.009174
0.007745 0.010220
0.007736 0.012797
0.007736 0.011880
0.007734 0.008190
0.007732 0.011456
0.007728 0.008966
0.007723 0.014991
0.007722 0.008383
0.007721 0.009658
0.007718 0.007947
0.007713 0.010542
0.007712 0.009087
0.007710 0.008055
0.007709 0.008045
0.007701 0.008165
0.007700 0.008235
0.007699 0.009540
0.007696 0.011546
0.007690 0.007990
0.007685 0.008028
0.007683 0.010200
0.007682 0.008071
0.007681 0.007953
0.007681 0.007734
0.007677 0.012672
0.007675 0.009422
0.007673 0.007877
0.007661 0.010563
0.007655 0.008145
0.007652 0.008016
0.007650 0.014621
0.007645 0.009189
0.007645 0.008373
0.007635 0.012409
0.007624 0.008473
0.007622 0.008979
0.007616 0.009145
0.007613 0.015220
0.007610 0.011201
0.007607 0.011844
0.007600 0.015854
0.007597 0.008831
0.007597 0.016852
0.007584 0.007728
0.007572 0.009869
0.007565 0.009596
0.007565 0.008626
0.007563 0.008559
0.007557 0.007589
0.007550 0.007853
0.007532 0.008501
0.007530 0.010224
0.007528 0.012904
0.007528 0.010467
0.007526 0.012581
0.007525 0.009085
0.007523 0.008407
0.007520 0.007962
0.007510 0.008592
0.007502 0.009580
0.007496 0.010035
0.007495 0.008434
0.007495 0.015148
0.007494 0.010478
0.007493 0.008324
0.007489 0.009417
0.007487 0.012559
0.007475 0.007491
0.007474 0.011305
0.007466 0.008043
0.007456 0.008527
0.007455 0.007572
0.007450 0.008120
0.007447 0.014032
0.007446 0.009715
0.007441 0.010157
0.007439 0.009206
0.007436 0.011622
0.007433 0.008558
0.007420 0.011002
0.007419 0.008954
0.007414 0.013307
0.007407 0.014319
0.007406 0.007717
0.007404 0.007764
0.007402 0.010011
0.007401 0.007529
0.007398 0.008427
0.007392 0.008271
0.007390 0.010474
0.007387 0.008999
0.007384 0.008407
0.007370 0.011027
0.007369 0.009168
0.007363 0.008845
0.007355 0.009457
0.007352 0.007498
0.007343 0.007829
0.007337 0.007352
0.007328 0.008405
0.007322 0.007744
0.007321 0.011260
0.007313 0.009965
0.007299 0.008682
0.007297 0.007998
0.007296 0.010609
0.007288 0.008228
0.007279 0.013636
0.007276 0.007525
0.007273 0.012740
0.007269 0.012803
0.007264 0.008895
0.007255 0.008100
0.007251 0.007874
0.007250 0.008495
0.007241 0.007527
0.007233 0.015999
0.007215 0.007807
0.007206 0.009401
0.007201 0.007444
0.007200 0.008484
0.007199 0.009312
0.007196 0.007850
0.007182 0.007760
0.007179 0.007327
0.007178 0.012325
0.007178 0.008430
0.007176 0.008952
0.007175 0.007612
0.007173 0.011631
0.007168 0.010353
0.007167 0.007972
0.007166 0.007621
0.007164 0.007864
0.007162 0.010308
0.007148 0.008977
0.007147 0.009770
0.007146 0.008210
0.007143 0.010769
0.007142 0.008327
0.007136 0.007399
0.007135 0.008955
0.007132 0.008941
0.007131 0.012279
0.007120 0.007301
0.007115 0.010560
0.007114 0.008266
0.007110 0.007243
0.007106 0.010787
0.007103 0.008415
0.007102 0.008249
0.007097 0.008422
0.007093 0.007884
0.007093 0.009196
0.007091 0.011123
0.007088 0.007522
0.007086 0.008069
0.007086 0.009171
0.007080 0.010956
0.007078 0.009929
0.007067 0.007661
0.007066 0.007087
0.007056 0.007746
0.007051 0.010481
0.007046 0.008519
0.007043 0.008598
0.007040 0.009399
0.007034 0.010799
0.007033 0.010702
0.007033 0.007953
0.007030 0.007708
0.007028 0.008493
0.007025 0.007166
0.007015 0.009987
0.007014 0.008729
0.007011 0.014386
0.007011 0.009365
0.007011 0.007128
0.007008 0.012402
0.007007 0.007778
0.007006 0.007299
0.007004 0.012988
0.006993 0.011089
0.006993 0.007148
0.006992 0.007510
0.006987 0.008047
0.006987 0.007200
0.006984 0.013251
0.006979 0.008037
0.006960 0.007721
0.006960 0.007807
0.006944 0.007186
0.006940 0.016575
0.006924 0.007801
0.006924 0.007971
0.006923 0.008427
0.006920 0.007732
0.006918 0.013473
0.006916 0.006998
0.006913 0.015809
0.006910 0.013686
0.006906 0.009118
0.006906 0.007113
0.006892 0.009424
0.006890 0.016351
0.006886 0.007577
0.006884 0.008300
0.006881 0.008846
0.006880 0.008183
0.006880 0.013633
0.006879 0.009184
0.006865 0.007363
0.006860 0.006988
0.006857 0.006926
0.006838 0.007735
0.006838 0.009044
0.006835 0.009796
0.006834 0.011859
0.006829 0.007532
0.006823 0.010441
0.006817 0.008293
0.006804 0.011916
0.006804 0.006978
0.006800 0.009039
0.006797 0.013281
0.006794 0.008489
0.006793 0.008683
0.006793 0.009557
0.006790 0.006791
0.006784 0.010881
0.006783 0.008539
0.006782 0.015413
0.006781 0.007053
0.006772 0.006927
0.006770 0.007425
0.006768 0.007408
0.006766 0.011091
0.006760 0.011247
0.006760 0.008025
0.006752 0.010050
0.006752 0.007165
0.006749 0.008961
0.006746 0.009279
0.006743 0.010617
0.006742 0.014510
0.006735 0.007532
0.006732 0.009740
0.006729 0.007536
0.006722 0.007646
0.006720 0.007219
0.006713 0.008789
0.006704 0.007707
0.006697 0.009563
0.006688 0.007478
0.006686 0.007904
0.006678 0.011367
0.006675 0.009260
0.006671 0.007050
0.006670 0.011203
0.006665 0.008718
0.006656 0.009548
0.006655 0.007408
0.006654 0.014328
0.006654 0.007076
0.006649 0.008687
0.006635 0.009174
0.006633 0.008658
0.006631 0.008558
0.006630 0.007220
0.006626 0.007359
0.006622 0.006803
0.006616 0.006700
0.006615 0.006684
0.006612 0.009116
0.006609 0.013228
0.006609 0.008230
0.006609 0.009055
0.006608 0.010394
0.006606 0.006975
0.006603 0.007343
0.006602 0.006695
0.006598 0.008436
0.006588 0.006774
0.006585 0.009752
0.006580 0.008223
0.006572 0.006661
0.006568 0.006777
0.006567 0.007135
0.006560 0.007127
0.006558 0.007071
0.006551 0.007880
0.006548 0.008715
0.006542 0.007615
0.006541 0.007023
0.006541 0.007249
0.006538 0.012691
0.006533 0.008192
0.006532 0.007554
0.006531 0.012387
0.006526 0.010991
0.006524 0.007465
0.006523 0.009543
0.006523 0.011688
0.006503 0.006880
0.006503 0.007452
0.006500 0.009118
0.006495 0.009147
0.006495 0.011667
0.006483 0.007812
0.006481 0.006623
0.006476 0.007321
0.006469 0.007046
0.006469 0.007472
0.006469 0.009824
0.006469 0.007199
0.006468 0.008372
0.006464 0.006875
0.006459 0.008054
0.006458 0.007871
0.006458 0.011995
0.006456 0.006936
0.006447 0.011252
0.006443 0.006884
0.006439 0.012501
0.006432 0.006819
0.006432 0.007821
0.006430 0.011820
0.006426 0.008133
0.006424 0.006876
0.006422 0.009882
0.006420 0.007660
0.006417 0.010081
0.006412 0.008631
0.006411 0.006460
0.006407 0.006480
0.006404 0.009554
0.006398 0.012206
0.006397 0.007358
0.006390 0.009027
0.006386 0.007683
0.006386 0.008625
0.006382 0.010996
0.006375 0.006516
0.006372 0.007672
0.006366 0.010037
0.006366 0.008690
0.006358 0.006704
0.006349 0.011866
0.006347 0.008622
0.006344 0.006587
0.006344 0.008715
0.006342 0.007266
0.006339 0.006386
0.006327 0.007670
0.006327 0.006582
0.006326 0.006461
0.006321 0.007253
0.006320 0.007887
0.006314 0.008994
0.006308 0.008524
0.006307 0.008166
0.006297 0.011031
0.006297 0.008956
0.006295 0.009720
0.006294 0.006903
0.006288 0.007035
0.006288 0.012473
0.006287 0.007150
0.006287 0.006690
0.006287 0.007546
0.006276 0.006334
0.006271 0.007032
0.006271 0.012159
0.006267 0.006989
0.006260 0.007694
0.006259 0.009566
0.006259 0.007081
0.006255 0.016223
0.006251 0.009535
0.006245 0.007507
0.006245 0.007403
0.006240 0.007928
0.006219 0.007652
0.006219 0.007555
0.006209 0.006768
0.006201 0.006721
0.006191 0.010010
0.006189 0.006365
0.006186 0.007148
0.006185 0.006487
0.006176 0.006945
0.006171 0.006258
0.006170 0.008125
0.006167 0.008148
0.006164 0.006457
0.006158 0.006342
0.006156 0.012134
0.006155 0.007356
0.006153 0.008542
0.006136 0.006692
0.006136 0.012533
0.006131 0.006913
0.006121 0.006392
0.006113 0.008388
0.006112 0.009765
0.006111 0.006969
0.006106 0.006939
0.006105 0.006378
0.006103 0.008079
0.006098 0.013105
0.006097 0.007474
0.006095 0.009241
0.006091 0.008239
0.006089 0.006342
0.006086 0.006445
0.006086 0.010187
0.006084 0.010524
0.006083 0.007927
0.006083 0.007852
0.006078 0.007450
0.006061 0.007190
0.006056 0.009814
0.006052 0.007079
0.006048 0.007470
0.006041 0.007453
0.006041 0.008087
0.006040 0.006226
0.006038 0.008619
0.006029 0.011640
0.006026 0.007853
0.006026 0.014377
0.006023 0.010305
0.006022 0.006042
0.006018 0.006395
0.006014 0.008541
0.006004 0.006155
0.006002 0.006117
0.006002 0.006041
0.006000 0.006120
0.005998 0.006747
0.005996 0.006870
0.005993 0.007665
0.005987 0.006527
0.005983 0.008282
0.005981 0.008115
0.005980 0.007830
0.005978 0.007128
0.005978 0.009682
0.005976 0.006232
0.005969 0.012970
0.005968 0.006273
0.005959 0.006043
0.005952 0.010058
0.005951 0.007099
0.005944 0.006740
0.005932 0.012408
0.005931 0.007124
0.005931 0.006625
0.005929 0.014374
0.005925 0.008007
0.005917 0.005918
0.005911 0.010505
0.005905 0.008397
0.005901 0.006051
0.005892 0.013399
0.005892 0.005994
0.005890 0.010567
0.005887 0.012634
0.005887 0.007005
0.005885 0.007750
0.005885 0.008852
0.005877 0.006973
0.005874 0.011064
0.005861 0.006162
0.005841 0.006773
0.005841 0.009523
0.005838 0.006629
0.005813 0.005877
0.005808 0.006039
0.005806 0.006000
0.005805 0.006746
0.005803 0.007463
0.005799 0.007102
0.005796 0.008222
0.005791 0.009145
0.005782 0.006121
0.005781 0.009689
0.005780 0.006831
0.005777 0.006558
0.005770 0.006791
0.005768 0.006597
0.005763 0.006227
0.005757 0.006448
0.005755 0.006640
0.005752 0.005981
0.005751 0.010593
0.005748 0.009858
0.005737 0.006220
0.005737 0.008460
0.005736 0.009537
0.005733 0.009148
0.005723 0.006102
0.005708 0.005811
0.005707 0.008152
0.005706 0.006287
0.005698 0.006217
0.005693 0.005811
0.005689 0.007885
0.005689 0.006183
0.005687 0.006981
0.005686 0.015438
0.005678 0.006891
0.005676 0.006973
0.005676 0.007838
0.005675 0.008696
0.005671 0.005970
0.005667 0.007669
0.005667 0.005713
0.005667 0.007781
0.005657 0.006114
0.005653 0.007060
0.005642 0.009539
0.005638 0.005897
0.005637 0.007484
0.005637 0.006755
0.005635 0.005795
0.005631 0.005984
0.005626 0.010654
0.005625 0.007844
0.005622 0.007613
0.005617 0.009333
0.005611 0.007926
0.005610 0.006027
0.005609 0.005775
0.005607 0.005959
0.005606 0.006162
0.005602 0.007817
0.005598 0.006243
0.005596 0.007648
0.005589 0.005949
0.005583 0.010148
0.005582 0.008721
0.005575 0.005620
0.005574 0.005633
0.005559 0.006944
0.005559 0.006272
0.005557 0.007370
0.005557 0.006672
0.005555 0.005685
0.005553 0.005714
0.005548 0.006863
0.005544 0.006746
0.005542 0.005773
0.005542 0.007012
0.005516 0.006500
0.005515 0.005936
0.005513 0.007088
0.005509 0.006023
0.005506 0.012727
0.005506 0.006307
0.005502 0.006585
0.005496 0.006191
0.005493 0.006488
0.005481 0.007000
0.005479 0.007773
0.005460 0.011540
0.005459 0.005907
0.005459 0.006177
0.005455 0.006736
0.005455 0.008567
0.005454 0.010071
0.005447 0.008275
0.005444 0.010662
0.005426 0.006881
0.005421 0.006854
0.005420 0.007576
0.005417 0.005547
0.005411 0.006926
0.005408 0.008905
0.005405 0.007183
0.005404 0.005425
0.005402 0.008136
0.005402 0.005603
0.005397 0.008201
0.005397 0.005399
0.005391 0.007322
0.005389 0.005632
0.005387 0.006977
0.005386 0.006148
0.005385 0.006048
0.005378 0.005542
0.005377 0.009167
0.005366 0.008032
0.005366 0.010218
0.005365 0.011144
0.005364 0.005518
0.005360 0.008155
0.005359 0.006100
0.005359 0.005789
0.005349 0.005943
0.005347 0.006020
0.005347 0.006043
0.005346 0.005399
0.005344 0.006343
0.005344 0.006002
0.005342 0.007648
0.005335 0.006454
0.005335 0.005748
0.005331 0.008831
0.005326 0.015989
0.005326 0.008720
0.005323 0.005649
0.005321 0.007647
0.005319 0.005815
0.005311 0.007218
0.005310 0.005715
0.005310 0.005522
0.005309 0.008822
0.005304 0.009793
0.005297 0.005930
0.005295 0.006495
0.005292 0.007156
0.005290 0.007416
0.005277 0.006376
0.005275 0.011196
0.005269 0.007085
0.005268 0.005482
0.005265 0.009598
0.005262 0.006411
0.005260 0.005330
0.005258 0.006632
0.005257 0.006593
0.005254 0.005714
0.005247 0.011688
0.005239 0.010752
0.005238 0.007434
0.005235 0.005521
0.005221 0.005647
0.005213 0.006306
0.005192 0.006282
0.005191 0.006499
0.005189 0.012297
0.005183 0.005973
0.005173 0.005491
0.005169 0.006542
0.005167 0.005646
0.005167 0.010059
0.005166 0.005249
0.005158 0.005611
0.005148 0.007791
0.005147 0.008336
0.005143 0.006407
0.005139 0.010182
0.005139 0.005622
0.005136 0.005557
0.005134 0.005800
0.005130 0.005725
0.005129 0.005564
0.005126 0.005301
0.005122 0.006358
0.005119 0.006051
0.005111 0.005657
0.005111 0.005395
0.005108 0.008276
0.005102 0.005731
0.005092 0.009574
0.005081 0.005207
0.005080 0.006219
0.005078 0.009560
0.005068 0.006361
0.005065 0.008131
0.005058 0.009071
0.005057 0.005399
0.005051 0.006977
0.005033 0.007448
0.005032 0.005309
0.005031 0.007296
0.005028 0.005354
0.005027 0.005606
0.005019 0.006609
0.005012 0.006638
0.005010 0.006316
0.005006 0.006251
0.005004 0.012293
0.004996 0.006445
0.004992 0.006287
0.004986 0.006193
0.004973 0.005359
0.004967 0.005240
0.004963 0.005629
0.004959 0.004990
0.004957 0.005593
0.004957 0.005393
0.004942 0.005112
0.004937 0.005283
0.004935 0.004968
0.004933 0.005333
0.004927 0.005498
0.004920 0.005741
0.004919 0.010798
0.004907 0.005211
0.004894 0.005231
0.004889 0.005060
0.004884 0.007672
0.004884 0.005873
0.004881 0.006046
0.004871 0.007662
0.004863 0.004897
0.004858 0.011504
0.004857 0.005861
0.004845 0.004981
0.004842 0.004982
0.004839 0.005665
0.004837 0.008461
0.004831 0.006391
0.004815 0.005753
0.004813 0.004976
0.004811 0.005000
0.004808 0.005182
0.004805 0.006628
0.004804 0.006133
0.004797 0.006526
0.004793 0.005340
0.004790 0.005561
0.004781 0.004951
0.004770 0.005226
0.004769 0.005281
0.004763 0.007623
0.004751 0.006940
0.004747 0.010841
0.004746 0.005771
0.004736 0.006194
0.004736 0.004799
0.004723 0.005695
0.004723 0.006398
0.004720 0.007053
0.004711 0.004724
0.004706 0.005702
0.004672 0.004779
0.004667 0.005530
0.004661 0.004826
0.004637 0.005714
0.004631 0.004641
0.004631 0.005235
0.004619 0.008864
0.004614 0.005339
0.004600 0.005050
0.004594 0.004963
0.004538 0.005035
0.004534 0.006163
0.004528 0.004937
0.004520 0.005841
0.004520 0.005177
0.004510 0.006201
0.004500 0.008178
0.004493 0.004501
0.004478 0.004531
0.004473 0.004797
0.004471 0.005398
0.004457 0.005069
0.004456 0.004705
0.004455 0.006934
0.004452 0.005705
0.004447 0.004713
0.004437 0.006234
0.004429 0.004487
0.004425 0.005559
0.004413 0.004425
0.004404 0.004808
0.004400 0.006092
0.004396 0.004919
0.004394 0.004773
0.004380 0.005802
0.004380 0.004977
0.004379 0.005487
0.004364 0.005909
0.004361 0.005656
0.004358 0.004494
0.004349 0.004480
0.004342 0.004641
0.004342 0.004726
0.004327 0.004580
0.004319 0.005235
0.004304 0.004383
0.004301 0.004880
0.004294 0.004340
0.004291 0.004586
0.004280 0.004283
0.004270 0.006148
0.004266 0.005436
0.004262 0.005806
0.004257 0.004971
0.004257 0.005161
0.004245 0.004679
0.004238 0.004438
0.004237 0.005035
0.004230 0.004348
0.004228 0.005606
0.004225 0.004850
0.004206 0.004518
0.004196 0.004203
0.004194 0.004961
0.004175 0.004338
0.004162 0.004742
0.004158 0.004493
0.004158 0.004276
0.004152 0.004459
0.004126 0.005063
0.004119 0.004739
0.004112 0.004353
0.004093 0.004451
0.004093 0.004116
0.004078 0.004296
0.004077 0.004533
0.004076 0.005021
0.004067 0.005449
0.004051 0.004496
0.004042 0.005773
0.004041 0.004703
0.004035 0.004377
0.004005 0.004770
0.003960 0.004990
0.003951 0.004060
0.003925 0.004639
0.003910 0.003943
0.003903 0.004203
0.003882 0.004604
0.003871 0.004669
0.003863 0.004431
0.003863 0.004142
0.003856 0.004895
0.003855 0.004853
0.003842 0.004186
0.003835 0.004478
0.003813 0.003923
0.003802 0.004240
0.003788 0.004231
0.003787 0.004920
0.003786 0.006285
0.003773 0.004018
0.003773 0.004015
0.003773 0.003844
0.003768 0.004691
0.003734 0.004797
0.003687 0.003994
0.003687 0.004118
0.003670 0.004029
0.003663 0.004030
0.003652 0.003743
0.003652 0.004458
0.003630 0.006168
0.003609 0.003857
0.003600 0.003674
0.003597 0.003667
0.003591 0.003645
0.003567 0.003778
0.003561 0.003573
0.003534 0.004435
0.003518 0.003804
0.003516 0.003586
0.003514 0.004035
0.003482 0.003737
0.003444 0.003724
0.003401 0.003490
0.003379 0.004421
0.003371 0.004349
0.003344 0.003409
0.003340 0.003803
0.003311 0.003416
0.003304 0.003317
0.003301 0.003392
0.003242 0.004123
0.003236 0.003566
0.003218 0.003281
0.003211 0.003828
0.003210 0.003856
0.003191 0.003635
0.003185 0.003302
0.003167 0.003839
0.003160 0.003390
0.003142 0.003464
0.003103 0.005079
0.003079 0.003641
0.003060 0.003422
0.003038 0.003145
0.003029 0.003287
0.003019 0.003297
0.003016 0.003084
0.002948 0.002957
0.002924 0.004722
0.002917 0.002947
0.002889 0.002996
0.002847 0.002976
0.002830 0.003260
0.002672 0.003258
0.002648 0.002876
0.002542 0.002747
0.002512 0.002817
0.002507 0.002544
0.002343 0.002518
0.002286 0.002455
0.002240 0.002391
0.002234 0.002428
0.002218 0.002275
0.002094 0.002189
0.002063 0.002350
0.001749 0.001890
0.001725 0.002485
0.001575 0.001697
