0.214895 0.276202
0.187911 0.203031
0.123967 0.151965
0.121826 0.154849
0.114482 0.118816
0.109731 0.131124
0.106112 0.148461
0.094974 0.099292
0.089800 0.098933
0.089624 0.110231
0.088571 0.107771
0.088429 0.097101
0.081348 0.094058
0.080725 0.090555
0.080664 0.106211
0.080062 0.087196
0.077549 0.083875
0.073643 0.074060
0.071424 0.083209
0.070711 0.096586
0.069559 0.076843
0.068718 0.070922
0.066109 0.066887
0.065692 0.114166
0.065450 0.068345
0.065186 0.098221
0.061294 0.063325
0.059342 0.101056
0.057955 0.058369
0.056359 0.085065
0.056253 0.064981
0.055450 0.068471
0.054591 0.082061
0.054251 0.063825
0.053463 0.056596
0.053112 0.054808
0.052266 0.053558
0.050871 0.057151
0.049534 0.056126
0.049494 0.055604
0.049040 0.057865
0.048468 0.069629
0.048083 0.070704
0.047160 0.049324
0.046164 0.070238
0.045921 0.079529
0.045596 0.053242
0.043821 0.084252
0.043732 0.054685
0.043467 0.047225
0.042639 0.053522
0.042531 0.043671
0.041793 0.050172
0.041630 0.042697
0.041334 0.043844
0.040568 0.056296
0.040020 0.043668
0.039872 0.045449
0.039632 0.041531
0.039629 0.040747
0.039606 0.045563
0.039501 0.041773
0.039335 0.046809
0.038358 0.040747
0.038345 0.074398
0.038324 0.058411
0.038071 0.039971
0.038038 0.039733
0.037417 0.048101
0.037256 0.038408
0.037142 0.038255
0.036802 0.046323
0.036424 0.040154
0.036184 0.045223
0.036064 0.041173
0.035997 0.051102
0.035936 0.038732
0.035724 0.044461
0.035684 0.048711
0.035567 0.035750
0.035078 0.045789
0.035066 0.036817
0.034509 0.034779
0.034226 0.041990
0.034212 0.036763
0.033997 0.044554
0.033934 0.037174
0.033820 0.049585
0.033696 0.037592
0.033635 0.037407
0.033427 0.037846
0.033365 0.036123
0.032537 0.036544
0.032167 0.032178
0.032099 0.038524
0.031989 0.038238
0.031817 0.045505
0.031682 0.048041
0.031413 0.037797
0.031232 0.036805
0.031137 0.055943
0.031102 0.039006
0.031100 0.038541
0.030718 0.037395
0.030526 0.039339
0.030512 0.039638
0.030202 0.033043
0.030185 0.039611
0.030040 0.038669
0.029857 0.060374
0.029498 0.033367
0.029471 0.030043
0.029411 0.037996
0.029406 0.031297
0.029379 0.038597
0.029121 0.033100
0.029110 0.039441
0.028919 0.029810
0.028892 0.052852
0.028674 0.028976
0.028372 0.038030
0.028283 0.030381
0.028163 0.036670
0.027890 0.028201
0.027701 0.029446
0.027683 0.036644
0.027516 0.034621
0.027471 0.028321
0.027081 0.027887
0.027075 0.028245
0.026944 0.028144
0.026731 0.029988
0.026703 0.027924
0.026667 0.027303
0.026646 0.026984
0.026620 0.029445
0.026248 0.029108
0.026036 0.028698
0.025979 0.038695
0.025904 0.035879
0.025869 0.027723
0.025724 0.027437
0.025570 0.035179
0.025562 0.038604
0.025418 0.026672
0.025375 0.026946
0.025258 0.028030
0.025209 0.038676
0.025058 0.025764
0.025005 0.025795
0.024963 0.030370
0.024743 0.031232
0.024643 0.031612
0.024570 0.041459
0.024332 0.026106
0.024308 0.024690
0.024236 0.029396
0.024210 0.025766
0.024033 0.034662
0.023996 0.029688
0.023820 0.025187
0.023805 0.026473
0.023753 0.025459
0.023718 0.037628
0.023658 0.028785
0.023636 0.025945
0.023556 0.028711
0.023523 0.024500
0.023217 0.032144
0.023189 0.024977
0.023177 0.023363
0.022892 0.031538
0.022854 0.026192
0.022798 0.030639
0.022707 0.025178
0.022629 0.032834
0.022604 0.026542
0.022582 0.053143
0.022554 0.030437
0.022536 0.030585
0.022452 0.033024
0.022344 0.030800
0.022338 0.023258
0.022330 0.026481
0.022250 0.029802
0.022248 0.030035
0.022211 0.030563
0.022204 0.039585
0.022181 0.031933
0.021979 0.028891
0.021908 0.034452
0.021887 0.031497
0.021708 0.021811
0.021651 0.025212
0.021592 0.023399
0.021592 0.028711
0.021583 0.024804
0.021571 0.024391
0.021549 0.022373
0.021479 0.023214
0.021470 0.027770
0.021468 0.034380
0.021434 0.024419
0.021424 0.022441
0.021388 0.021429
0.021336 0.023998
0.021304 0.028529
0.021295 0.031295
0.021285 0.022039
0.021255 0.024218
0.021200 0.021539
0.021198 0.024769
0.021158 0.039442
0.021127 0.025349
0.021070 0.021363
0.021048 0.041629
0.021022 0.035974
0.020973 0.027244
0.020899 0.023089
0.020864 0.022834
0.020844 0.029371
0.020798 0.022102
0.020783 0.032495
0.020696 0.046621
0.020563 0.024920
0.020522 0.022343
0.020474 0.020709
0.020417 0.021487
0.020391 0.024785
0.020288 0.020645
0.020215 0.020500
0.020200 0.034591
0.020193 0.021004
0.020161 0.028456
0.020151 0.023956
0.020126 0.030389
0.020126 0.021914
0.020116 0.026852
0.019998 0.025194
0.019980 0.026564
0.019948 0.019974
0.019942 0.028422
0.019899 0.021754
0.019826 0.023040
0.019772 0.020755
0.019736 0.028481
0.019669 0.020039
0.019661 0.019862
0.019597 0.023757
0.019593 0.020667
0.019591 0.020597
0.019588 0.021054
0.019569 0.034902
0.019563 0.031076
0.019562 0.024836
0.019557 0.023399
0.019497 0.027696
0.019479 0.034786
0.019411 0.024781
0.019406 0.019652
0.019327 0.023788
0.019310 0.027174
0.019225 0.027087
0.019188 0.019250
0.019157 0.020447
0.019147 0.020158
0.019085 0.020475
0.019034 0.020249
0.019010 0.021298
0.018986 0.025912
0.018985 0.023819
0.018918 0.023675
0.018876 0.020182
0.018872 0.019450
0.018871 0.027546
0.018869 0.020723
0.018851 0.022445
0.018834 0.019904
0.018827 0.019516
0.018578 0.028656
0.018554 0.019474
0.018535 0.020444
0.018521 0.018599
0.018474 0.028871
0.018458 0.034808
0.018438 0.029778
0.018429 0.018772
0.018424 0.020919
0.018394 0.035653
0.018371 0.020022
0.018367 0.018436
0.018340 0.021813
0.018322 0.024606
0.018315 0.018367
0.018247 0.018683
0.018246 0.026410
0.018205 0.018765
0.018171 0.023577
0.018113 0.024646
0.018087 0.021173
0.018025 0.022081
0.018020 0.018731
0.018015 0.019356
0.018013 0.018724
0.017948 0.018208
0.017900 0.020384
0.017864 0.027692
0.017855 0.026473
0.017849 0.023977
0.017846 0.019031
0.017810 0.019281
0.017776 0.024153
0.017670 0.020045
0.017663 0.023092
0.017652 0.027578
0.017643 0.017679
0.017634 0.019095
0.017621 0.021832
0.017566 0.019709
0.017533 0.017540
0.017510 0.017747
0.017488 0.020872
0.017485 0.018925
0.017415 0.017618
0.017369 0.019933
0.017364 0.017686
0.017336 0.019408
0.017324 0.017964
0.017290 0.023048
0.017255 0.017961
0.017248 0.031776
0.017232 0.024103
0.017220 0.017791
0.017208 0.017830
0.017186 0.019461
0.017083 0.017837
0.017050 0.021394
0.017037 0.019408
0.017015 0.023669
0.017014 0.035063
0.016960 0.017629
0.016941 0.019164
0.016928 0.020048
0.016898 0.018299
0.016865 0.017129
0.016861 0.017402
0.016849 0.017116
0.016812 0.018490
0.016799 0.026593
0.016769 0.017692
0.016752 0.019476
0.016728 0.028596
0.016706 0.017633
0.016691 0.027652
0.016649 0.022221
0.016609 0.016995
0.016590 0.019031
0.016583 0.017004
0.016565 0.017478
0.016563 0.020392
0.016561 0.018120
0.016544 0.018666
0.016502 0.021846
0.016498 0.017655
0.016487 0.019743
0.016450 0.017357
0.016447 0.020527
0.016441 0.018679
0.016436 0.017722
0.016422 0.020491
0.016413 0.016436
0.016385 0.021929
0.016379 0.017025
0.016353 0.016562
0.016342 0.019872
0.016302 0.029090
0.016297 0.017795
0.016283 0.016322
0.016240 0.021978
0.016205 0.023196
0.016204 0.029672
0.016164 0.018097
0.016162 0.016245
0.016160 0.019165
0.016141 0.022831
0.016113 0.016801
0.016098 0.017827
0.016073 0.018597
0.016019 0.030381
0.016017 0.018993
0.016007 0.017936
0.016001 0.016011
0.015989 0.018689
0.015966 0.016965
0.015944 0.017498
0.015943 0.016412
0.015920 0.016901
0.015859 0.017661
0.015829 0.019966
0.015822 0.018266
0.015800 0.015996
0.015741 0.016193
0.015736 0.015980
0.015722 0.025250
0.015721 0.017830
0.015699 0.021639
0.015691 0.027151
0.015680 0.016547
0.015656 0.016953
0.015647 0.016365
0.015641 0.019692
0.015614 0.016729
0.015610 0.019388
0.015610 0.021660
0.015607 0.021248
0.015604 0.020866
0.015590 0.016603
0.015581 0.027151
0.015581 0.021061
0.015576 0.015615
0.015552 0.015870
0.015545 0.016256
0.015520 0.018103
0.015514 0.015961
0.015490 0.017621
0.015480 0.018510
0.015466 0.015962
0.015462 0.016052
0.015450 0.022669
0.015441 0.017165
0.015434 0.015921
0.015430 0.026006
0.015404 0.025891
0.015395 0.016014
0.015361 0.021624
0.015335 0.016374
0.015318 0.019446
0.015301 0.017259
0.015297 0.019740
0.015295 0.022996
0.015293 0.038680
0.015286 0.016777
0.015268 0.016868
0.015248 0.019025
0.015245 0.018323
0.015242 0.020469
0.015242 0.027684
0.015240 0.021170
0.015238 0.015929
0.015212 0.019098
0.015199 0.023774
0.015194 0.019131
0.015188 0.015921
0.015156 0.015234
0.015152 0.018211
0.015150 0.019279
0.015124 0.020170
0.015096 0.017096
0.015056 0.019333
0.015055 0.018829
0.015043 0.015598
0.015019 0.021277
0.014999 0.016245
0.014999 0.015056
0.014994 0.023570
0.014993 0.024486
0.014962 0.016105
0.014957 0.017798
0.014929 0.015155
0.014926 0.019780
0.014916 0.018845
0.014881 0.017255
0.014862 0.022560
0.014859 0.026136
0.014842 0.015166
0.014824 0.018692
0.014821 0.015467
0.014819 0.024628
0.014803 0.016088
0.014797 0.015184
0.014785 0.021198
0.014779 0.014802
0.014765 0.024333
0.014749 0.018021
0.014740 0.015804
0.014713 0.017403
0.014709 0.017868
0.014705 0.020043
0.014674 0.015798
0.014672 0.015832
0.014671 0.015989
0.014667 0.017018
0.014662 0.015691
0.014641 0.015844
0.014635 0.015251
0.014633 0.015286
0.014622 0.015719
0.014618 0.015429
0.014614 0.015793
0.014611 0.014616
0.014580 0.017152
0.014571 0.017820
0.014508 0.018701
0.014495 0.014677
0.014494 0.014676
0.014486 0.014827
0.014481 0.014954
0.014480 0.015953
0.014468 0.015431
0.014461 0.017321
0.014433 0.014542
0.014404 0.015827
0.014392 0.019614
0.014309 0.014648
0.014288 0.026024
0.014276 0.019229
0.014264 0.015297
0.014259 0.015464
0.014255 0.015877
0.014254 0.016754
0.014242 0.018633
0.014241 0.021298
0.014238 0.014398
0.014224 0.019241
0.014223 0.014306
0.014213 0.021617
0.014207 0.016225
0.014173 0.019934
0.014169 0.014940
0.014156 0.019478
0.014150 0.018856
0.014141 0.015954
0.014128 0.016841
0.014122 0.024999
0.014111 0.017300
0.014108 0.016782
0.014107 0.019351
0.014104 0.014264
0.014104 0.018073
0.014099 0.015507
0.014092 0.014218
0.014084 0.016405
0.014066 0.023097
0.014062 0.015020
0.014058 0.025881
0.014058 0.020431
0.014035 0.017356
0.014034 0.014579
0.014022 0.014057
0.014019 0.032559
0.014003 0.014999
0.013993 0.021699
0.013992 0.020611
0.013971 0.016190
0.013970 0.017954
0.013962 0.015937
0.013949 0.026195
0.013925 0.015298
0.013897 0.014003
0.013888 0.015291
0.013864 0.026112
0.013845 0.020407
0.013834 0.018505
0.013782 0.013827
0.013772 0.024834
0.013772 0.015176
0.013762 0.024326
0.013742 0.015215
0.013720 0.014753
0.013703 0.033938
0.013702 0.013996
0.013687 0.014514
0.013665 0.013689
0.013665 0.014056
0.013665 0.027008
0.013656 0.017567
0.013642 0.017561
0.013637 0.018086
0.013636 0.022606
0.013620 0.027583
0.013617 0.013676
0.013607 0.014119
0.013603 0.013960
0.013600 0.014651
0.013599 0.014490
0.013594 0.014736
0.013593 0.015669
0.013589 0.022460
0.013574 0.023562
0.013573 0.015598
0.013561 0.014589
0.013558 0.014826
0.013546 0.017478
0.013537 0.013949
0.013532 0.018626
0.013528 0.030629
0.013525 0.016015
0.013507 0.017590
0.013478 0.019596
0.013433 0.019880
0.013422 0.014831
0.013405 0.017324
0.013384 0.014344
0.013382 0.014585
0.013382 0.020425
0.013379 0.015026
0.013371 0.018741
0.013337 0.015514
0.013333 0.017002
0.013332 0.015836
0.013328 0.017599
0.013328 0.013943
0.013328 0.023820
0.013318 0.014192
0.013308 0.016775
0.013302 0.018350
0.013295 0.014915
0.013291 0.014250
0.013279 0.018687
0.013242 0.015187
0.013238 0.013526
0.013236 0.015573
0.013233 0.013810
0.013223 0.013271
0.013195 0.025290
0.013195 0.015576
0.013189 0.016011
0.013161 0.016423
0.013142 0.014739
0.013142 0.014374
0.013139 0.014117
0.013137 0.018865
0.013128 0.015718
0.013124 0.014014
0.013115 0.013236
0.013096 0.017032
0.013094 0.014429
0.013066 0.013161
0.013065 0.015238
0.013051 0.016202
0.013046 0.020263
0.013024 0.017275
0.013019 0.017141
0.013009 0.013013
0.013007 0.014061
0.012998 0.013468
0.012994 0.023848
0.012986 0.015094
0.012985 0.016054
0.012975 0.013590
0.012972 0.013001
0.012969 0.017949
0.012966 0.014270
0.012959 0.024877
0.012958 0.013451
0.012952 0.017309
0.012947 0.014478
0.012935 0.015859
0.012929 0.013591
0.012919 0.015519
0.012910 0.014203
0.012909 0.013928
0.012883 0.028647
0.012874 0.013840
0.012873 0.017891
0.012823 0.021569
0.012813 0.014878
0.012810 0.017792
0.012808 0.012990
0.012802 0.013570
0.012796 0.013514
0.012787 0.017330
0.012780 0.022181
0.012743 0.015461
0.012735 0.016897
0.012725 0.014072
0.012703 0.013396
0.012702 0.012762
0.012693 0.014413
0.012693 0.020800
0.012692 0.012925
0.012686 0.014351
0.012680 0.014178
0.012678 0.018645
0.012675 0.014798
0.012667 0.013130
0.012656 0.013629
0.012630 0.013718
0.012630 0.012966
0.012626 0.015263
0.012626 0.013094
0.012618 0.016175
0.012613 0.019948
0.012606 0.017540
0.012599 0.012698
0.012594 0.015072
0.012588 0.013810
0.012579 0.015916
0.012571 0.014133
0.012567 0.013624
0.012547 0.023696
0.012546 0.013903
0.012540 0.016789
0.012533 0.014584
0.012530 0.015161
0.012522 0.024389
0.012516 0.019673
0.012513 0.013876
0.012499 0.013204
0.012488 0.013772
0.012479 0.016175
0.012478 0.026523
0.012475 0.018168
0.012452 0.013747
0.012451 0.012836
0.012450 0.012711
0.012444 0.016285
0.012444 0.012808
0.012439 0.014054
0.012432 0.014621
0.012427 0.022217
0.012413 0.014592
0.012406 0.014948
0.012402 0.013096
0.012395 0.015869
0.012392 0.023438
0.012391 0.013784
0.012390 0.015231
0.012385 0.014402
0.012380 0.014989
0.012378 0.019147
0.012372 0.015460
0.012371 0.012928
0.012350 0.014502
0.012341 0.015870
0.012333 0.014479
0.012332 0.012455
0.012331 0.013730
0.012304 0.012534
0.012300 0.014114
0.012290 0.012611
0.012277 0.015983
0.012245 0.013360
0.012243 0.021453
0.012241 0.012416
0.012232 0.012414
0.012226 0.030688
0.012219 0.013055
0.012185 0.015425
0.012184 0.016194
0.012181 0.019951
0.012174 0.013054
0.012158 0.017804
0.012147 0.013100
0.012129 0.012555
0.012127 0.012271
0.012114 0.014059
0.012106 0.016071
0.012101 0.014400
0.012100 0.015757
0.012096 0.013604
0.012068 0.012665
0.012040 0.013448
0.012036 0.013980
0.012033 0.014408
0.012032 0.014567
0.012020 0.019736
0.012007 0.017891
0.012004 0.013497
0.011981 0.017385
0.011969 0.022308
0.011962 0.012401
0.011954 0.021087
0.011938 0.012260
0.011933 0.012786
0.011931 0.026301
0.011907 0.016557
0.011897 0.014716
0.011894 0.013800
0.011893 0.017994
0.011884 0.015200
0.011878 0.012162
0.011830 0.014617
0.011812 0.011935
0.011810 0.013372
0.011794 0.017048
0.011776 0.013003
0.011774 0.012129
0.011729 0.012188
0.011724 0.014643
0.011723 0.020491
0.011711 0.017866
0.011672 0.014021
0.011657 0.015119
0.011657 0.012480
0.011655 0.014220
0.011646 0.012048
0.011641 0.012209
0.011640 0.013557
0.011635 0.022323
0.011624 0.014079
0.011617 0.016015
0.011614 0.012047
0.011604 0.012103
0.011602 0.020766
0.011592 0.013311
0.011584 0.011667
0.011581 0.011669
0.011576 0.016720
0.011571 0.016804
0.011567 0.012811
0.011562 0.018787
0.011552 0.011598
0.011542 0.015679
0.011538 0.011680
0.011535 0.012376
0.011530 0.015244
0.011520 0.014435
0.011512 0.012750
0.011507 0.012721
0.011495 0.014314
0.011486 0.014269
0.011485 0.015525
0.011485 0.011594
0.011485 0.023709
0.011479 0.020194
0.011472 0.013848
0.011465 0.016522
0.011459 0.013071
0.011450 0.019886
0.011443 0.023253
0.011442 0.024662
0.011439 0.012417
0.011437 0.012514
0.011424 0.017299
0.011387 0.011484
0.011382 0.015165
0.011373 0.013252
0.011372 0.013980
0.011372 0.017028
0.011371 0.011552
0.011363 0.013740
0.011341 0.013426
0.011313 0.011979
0.011313 0.018755
0.011311 0.013212
0.011309 0.011680
0.011306 0.022067
0.011306 0.014725
0.011300 0.011827
0.011296 0.021185
0.011293 0.017202
0.011291 0.016941
0.011284 0.012354
0.011282 0.016854
0.011253 0.012193
0.011243 0.014771
0.011243 0.019656
0.011238 0.011316
0.011221 0.011811
0.011215 0.013526
0.011200 0.014151
0.011199 0.017493
0.011197 0.014050
0.011194 0.011374
0.011188 0.021464
0.011183 0.013947
0.011172 0.014069
0.011165 0.013293
0.011165 0.014131
0.011162 0.012116
0.011153 0.011951
0.011148 0.011756
0.011123 0.014436
0.011118 0.012775
0.011117 0.011441
0.011109 0.017189
0.011101 0.011969
0.011086 0.011573
0.011080 0.011776
0.011079 0.015005
0.011062 0.028202
0.011055 0.016203
0.011050 0.011105
0.011049 0.013544
0.011048 0.011307
0.011047 0.011300
0.011038 0.011909
0.011028 0.014312
0.011019 0.015268
0.011016 0.014297
0.011013 0.013585
0.011012 0.011025
0.011006 0.015292
0.010990 0.014637
0.010967 0.013564
0.010967 0.010997
0.010965 0.011058
0.010965 0.011199
0.010949 0.012512
0.010940 0.011126
0.010909 0.012939
0.010907 0.017342
0.010894 0.013952
0.010892 0.014847
0.010876 0.011143
0.010867 0.011256
0.010865 0.014147
0.010862 0.016295
0.010862 0.011150
0.010844 0.012645
0.010835 0.012701
0.010832 0.015053
0.010828 0.011165
0.010824 0.011146
0.010824 0.017141
0.010815 0.011190
0.010795 0.011468
0.010789 0.012050
0.010780 0.010809
0.010778 0.011863
0.010775 0.012105
0.010765 0.011278
0.010762 0.013077
0.010748 0.014759
0.010743 0.019303
0.010732 0.018345
0.010729 0.011022
0.010725 0.011981
0.010717 0.019067
0.010712 0.011258
0.010696 0.012016
0.010694 0.014349
0.010685 0.017187
0.010681 0.011184
0.010666 0.011511
0.010648 0.014293
0.010639 0.012347
0.010639 0.012390
0.010637 0.010969
0.010631 0.014252
0.010631 0.016373
0.010629 0.013994
0.010628 0.011320
0.010609 0.012582
0.010601 0.013245
0.010598 0.010784
0.010586 0.011355
0.010584 0.011984
0.010579 0.014373
0.010576 0.012703
0.010568 0.011115
0.010550 0.011095
0.010546 0.010672
0.010534 0.012131
0.010533 0.013737
0.010532 0.010989
0.010524 0.012038
0.010512 0.010589
0.010502 0.010785
0.010496 0.011717
0.010491 0.013691
0.010488 0.017251
0.010473 0.013500
0.010464 0.010861
0.010461 0.013417
0.010445 0.012713
0.010443 0.013151
0.010435 0.011931
0.010430 0.010991
0.010428 0.010835
0.010421 0.010559
0.010413 0.011318
0.010411 0.015244
0.010402 0.012078
0.010395 0.014761
0.010391 0.013298
0.010386 0.014968
0.010384 0.010854
0.010378 0.010849
0.010376 0.016020
0.010374 0.010485
0.010372 0.011838
0.010361 0.016189
0.010361 0.010972
0.010353 0.013098
0.010344 0.012658
0.010341 0.011099
0.010340 0.010868
0.010322 0.013665
0.010311 0.012908
0.010310 0.011582
0.010303 0.011165
0.010299 0.013918
0.010298 0.012635
0.010290 0.012259
0.010290 0.010745
0.010283 0.010473
0.010283 0.013176
0.010277 0.010811
0.010269 0.013904
0.010265 0.014735
0.010262 0.010337
0.010257 0.020347
0.010255 0.011506
0.010254 0.010357
0.010249 0.012420
0.010246 0.011513
0.010244 0.010371
0.010239 0.013450
0.010238 0.011090
0.010237 0.017012
0.010234 0.013265
0.010233 0.010403
0.010229 0.014048
0.010228 0.011208
0.010227 0.011945
0.010220 0.010655
0.010208 0.010226
0.010208 0.018691
0.010207 0.013715
0.010205 0.010485
0.010203 0.020731
0.010196 0.014854
0.010196 0.010609
0.010172 0.016453
0.010171 0.013633
0.010169 0.014685
0.010153 0.012604
0.010148 0.011248
0.010147 0.012395
0.010139 0.014823
0.010136 0.017761
0.010130 0.015491
0.010111 0.013238
0.010100 0.024625
0.010095 0.011286
0.010092 0.011056
0.010091 0.011098
0.010085 0.018099
0.010083 0.011207
0.010082 0.010457
0.010071 0.011331
0.010068 0.017228
0.010058 0.010434
0.010052 0.016561
0.010050 0.010071
0.010047 0.011300
0.010042 0.010431
0.010038 0.011285
0.010034 0.010807
0.010029 0.010338
0.010023 0.014758
0.010020 0.011109
0.010013 0.015578
0.010012 0.011386
0.010011 0.012460
0.010009 0.016605
0.010000 0.012208
0.010000 0.011450
0.009998 0.019714
0.009995 0.010159
0.009992 0.014116
0.009991 0.011130
0.009979 0.010730
0.009976 0.010244
0.009973 0.013296
0.009967 0.013075
0.009959 0.016500
0.009942 0.010878
0.009927 0.012835
0.009925 0.014348
0.009922 0.011806
0.009919 0.010303
0.009919 0.010889
0.009910 0.011312
0.009910 0.011186
0.009893 0.013638
0.009890 0.010751
0.009890 0.015721
0.009887 0.010466
0.009884 0.011399
0.009871 0.015345
0.009870 0.014841
0.009851 0.013202
0.009845 0.010948
0.009841 0.017970
0.009839 0.009941
0.009839 0.011521
0.009827 0.011118
0.009819 0.011082
0.009811 0.010689
0.009806 0.010043
0.009800 0.010961
0.009791 0.011262
0.009790 0.009813
0.009787 0.011181
0.009786 0.011059
0.009775 0.013570
0.009770 0.013322
0.009769 0.011638
0.009765 0.012862
0.009746 0.010300
0.009746 0.014695
0.009733 0.010594
0.009733 0.012489
0.009728 0.011774
0.009725 0.010106
0.009725 0.011377
0.009724 0.012605
0.009716 0.009741
0.009709 0.014285
0.009706 0.011390
0.009700 0.014346
0.009700 0.010171
0.009688 0.013277
0.009664 0.010716
0.009664 0.009781
0.009659 0.010532
0.009659 0.009839
0.009656 0.015801
0.009654 0.009929
0.009648 0.017047
0.009646 0.011948
0.009645 0.012649
0.009635 0.010299
0.009624 0.010098
0.009622 0.009715
0.009612 0.010907
0.009602 0.012468
0.009599 0.011701
0.009590 0.012702
0.009573 0.011656
0.009572 0.011628
0.009570 0.014754
0.009567 0.015382
0.009563 0.010874
0.009554 0.013567
0.009551 0.010232
0.009550 0.021385
0.009530 0.012236
0.009526 0.011178
0.009505 0.009810
0.009494 0.013597
0.009491 0.011640
0.009491 0.009508
0.009478 0.017212
0.009472 0.015792
0.009469 0.010439
0.009468 0.010300
0.009452 0.011063
0.009452 0.016294
0.009449 0.018985
0.009445 0.013149
0.009438 0.010606
0.009436 0.010582
0.009432 0.010703
0.009416 0.009784
0.009413 0.009648
0.009411 0.013574
0.009409 0.010017
0.009408 0.010853
0.009407 0.015463
0.009399 0.010319
0.009386 0.010047
0.009385 0.011890
0.009384 0.012934
0.009384 0.015242
0.009383 0.023357
0.009379 0.009537
0.009373 0.010034
0.009372 0.011313
0.009367 0.010721
0.009365 0.009837
0.009362 0.017066
0.009358 0.010872
0.009353 0.012907
0.009350 0.010824
0.009348 0.016746
0.009337 0.010006
0.009334 0.009567
0.009334 0.009615
0.009328 0.013885
0.009325 0.009470
0.009324 0.012353
0.009323 0.009954
0.009317 0.010107
0.009315 0.011216
0.009307 0.011272
0.009297 0.010214
0.009293 0.010193
0.009286 0.009937
0.009284 0.013991
0.009284 0.010189
0.009282 0.021161
0.009282 0.011186
0.009280 0.013072
0.009268 0.010321
0.009265 0.010696
0.009259 0.009473
0.009257 0.012021
0.009255 0.013266
0.009245 0.011748
0.009244 0.010144
0.009243 0.009997
0.009230 0.010548
0.009222 0.011452
0.009220 0.009243
0.009215 0.010575
0.009210 0.010848
0.009209 0.012263
0.009201 0.011939
0.009200 0.010138
0.009196 0.011284
0.009194 0.022554
0.009186 0.013051
0.009183 0.010574
0.009182 0.010046
0.009178 0.011899
0.009172 0.011548
0.009172 0.010419
0.009172 0.009872
0.009172 0.009607
0.009172 0.011164
0.009171 0.009370
0.009170 0.019235
0.009162 0.009859
0.009158 0.011362
0.009151 0.011660
0.009151 0.009651
0.009147 0.012708
0.009146 0.010803
0.009139 0.009154
0.009137 0.011140
0.009135 0.009605
0.009133 0.010714
0.009132 0.009341
0.009127 0.014708
0.009127 0.014983
0.009126 0.009555
0.009123 0.011606
0.009119 0.009891
0.009119 0.020883
0.009111 0.015529
0.009108 0.011723
0.009097 0.010745
0.009097 0.009464
0.009093 0.011441
0.009080 0.010116
0.009071 0.009088
0.009070 0.010011
0.009061 0.010906
0.009061 0.009754
0.009051 0.009269
0.009047 0.010973
0.009047 0.010064
0.009047 0.014946
0.009042 0.016369
0.009023 0.014283
0.009010 0.013443
0.009000 0.009748
0.008998 0.009160
0.008993 0.012668
0.008980 0.009559
0.008979 0.009735
0.008959 0.010068
0.008945 0.008996
0.008945 0.016315
0.008943 0.009766
0.008943 0.011065
0.008941 0.017087
0.008916 0.009005
0.008914 0.009630
0.008907 0.012848
0.008902 0.010165
0.008901 0.010594
0.008900 0.009283
0.008898 0.014598
0.008895 0.010305
0.008895 0.009258
0.008893 0.011980
0.008891 0.011732
0.008887 0.009471
0.008883 0.008886
0.008880 0.016897
0.008876 0.008958
0.008871 0.011852
0.008868 0.009810
0.008865 0.009756
0.008861 0.013663
0.008857 0.010567
0.008849 0.010679
0.008847 0.015869
0.008832 0.016204
0.008827 0.008868
0.008823 0.016510
0.008822 0.015161
0.008821 0.009414
0.008819 0.011897
0.008805 0.009215
0.008802 0.012662
0.008794 0.009808
0.008791 0.009398
0.008786 0.010378
0.008784 0.009243
0.008783 0.009626
0.008769 0.013228
0.008766 0.009526
0.008761 0.010733
0.008761 0.010807
0.008757 0.008879
0.008755 0.014394
0.008751 0.008942
0.008747 0.009333
0.008739 0.017635
0.008733 0.010513
0.008724 0.010090
0.008711 0.010277
0.008708 0.010215
0.008703 0.008941
0.008700 0.009177
0.008699 0.012327
0.008692 0.008693
0.008687 0.013194
0.008682 0.012040
0.008675 0.008821
0.008672 0.008706
0.008663 0.008776
0.008651 0.011092
0.008651 0.009465
0.008651 0.008713
0.008647 0.014195
0.008640 0.009144
0.008638 0.008640
0.008638 0.008928
0.008633 0.016452
0.008627 0.009136
0.008621 0.008988
0.008617 0.009278
0.008611 0.010539
0.008611 0.008638
0.008609 0.009132
0.008605 0.008887
0.008599 0.010685
0.008595 0.008678
0.008594 0.012520
0.008583 0.008897
0.008575 0.008734
0.008575 0.021259
0.008569 0.008691
0.008548 0.009824
0.008544 0.010950
0.008535 0.008738
0.008532 0.010371
0.008529 0.009231
0.008526 0.010249
0.008518 0.010290
0.008517 0.008618
0.008515 0.014610
0.008512 0.009612
0.008512 0.013845
0.008505 0.009654
0.008503 0.008853
0.008502 0.015304
0.008481 0.009808
0.008480 0.010959
0.008480 0.009252
0.008479 0.009272
0.008475 0.017707
0.008474 0.012114
0.008465 0.009903
0.008465 0.009605
0.008459 0.012444
0.008452 0.009602
0.008442 0.009247
0.008435 0.008764
0.008421 0.014078
0.008411 0.021048
0.008404 0.009163
0.008403 0.008818
0.008400 0.009675
0.008391 0.013832
0.008381 0.009379
0.008369 0.010093
0.008368 0.011381
0.008367 0.008856
0.008362 0.009884
0.008358 0.008923
0.008347 0.010705
0.008337 0.009921
0.008335 0.009490
0.008330 0.009664
0.008327 0.008769
0.008326 0.014554
0.008318 0.010376
0.008313 0.009829
0.008309 0.008596
0.008307 0.008672
0.008305 0.010923
0.008290 0.013721
0.008288 0.008810
0.008283 0.011790
0.008283 0.010069
0.008276 0.017880
0.008273 0.009106
0.008270 0.008270
0.008268 0.008921
0.008267 0.009289
0.008259 0.008984
0.008259 0.009943
0.008258 0.011208
0.008255 0.012206
0.008247 0.008629
0.008247 0.010944
0.008240 0.008665
0.008234 0.011037
0.008221 0.008894
0.008217 0.009338
0.008209 0.008286
0.008209 0.013217
0.008209 0.010236
0.008207 0.018492
0.008201 0.009910
0.008200 0.009070
0.008200 0.015094
0.008200 0.009324
0.008199 0.010114
0.008198 0.013721
0.008182 0.012096
0.008181 0.009916
0.008172 0.011536
0.008170 0.008825
0.008169 0.011899
0.008169 0.008414
0.008168 0.012251
0.008167 0.009638
0.008157 0.012625
0.008157 0.012731
0.008152 0.009475
0.008150 0.012537
0.008146 0.010320
0.008142 0.011683
0.008136 0.011580
0.008132 0.008901
0.008129 0.011543
0.008126 0.008166
0.008125 0.009076
0.008120 0.008508
0.008120 0.009076
0.008119 0.008824
0.008113 0.009042
0.008104 0.010741
0.008103 0.008587
0.008102 0.009941
0.008102 0.009821
0.008095 0.008478
0.008091 0.008608
0.008088 0.010067
0.008087 0.010526
0.008086 0.009396
0.008077 0.010450
0.008075 0.009260
0.008061 0.008256
0.008061 0.014281
0.008040 0.012456
0.008035 0.012306
0.008030 0.010710
0.008030 0.008103
0.008026 0.008234
0.008026 0.011130
0.008023 0.010286
0.008010 0.008387
0.008009 0.016315
0.008005 0.012875
0.008000 0.009006
0.008000 0.008330
0.007999 0.008619
0.007999 0.009333
0.007987 0.008458
0.007980 0.009495
0.007978 0.015988
0.007975 0.009055
0.007971 0.010192
0.007971 0.009932
0.007969 0.013904
0.007962 0.008188
0.007962 0.014702
0.007960 0.014796
0.007958 0.010475
0.007948 0.009522
0.007930 0.010980
0.007929 0.008360
0.007929 0.010445
0.007922 0.010542
0.007914 0.008822
0.007913 0.010600
0.007912 0.009537
0.007908 0.010457
0.007905 0.010007
0.007903 0.009804
0.007896 0.008515
0.007892 0.008507
0.007888 0.008452
0.007887 0.010306
0.007885 0.009568
0.007879 0.009618
0.007876 0.009682
0.007863 0.019289
0.007862 0.015590
0.007861 0.012754
0.007853 0.009755
0.007850 0.013616
0.007844 0.008497
0.007844 0.008385
0.007835 0.008506
0.007834 0.008511
0.007828 0.017218
0.007826 0.014498
0.007823 0.011724
0.007821 0.008979
0.007817 0.009631
0.007812 0.009907
0.007811 0.008617
0.007801 0.010397
0.007789 0.008071
0.007787 0.008249
0.007786 0.007969
0.007782 0.009227
0.007775 0.009586
0.007770 0.007778
0.007766 0.009332
0.007763 0.012365
0.007758 0.009787
0.007754 0.008725
0.007753 0.014367
0.007749 0.009990
0.007748 0.009123
0.007748 0.012666
0.007744 0.008081
0.007743 0.008111
0.007742 0.008593
0.007738 0.017771
0.007736 0.010178
0.007728 0.015929
0.007726 0.008668
0.007725 0.014015
0.007724 0.007881
0.007723 0.009193
0.007721 0.009247
0.007719 0.007974
0.007716 0.009298
0.007713 0.008004
0.007709 0.010886
0.007700 0.008567
0.007699 0.007850
0.007691 0.009560
0.007689 0.011623
0.007688 0.009266
0.007687 0.008250
0.007686 0.015086
0.007677 0.008577
0.007676 0.009758
0.007671 0.009322
0.007667 0.009130
0.007663 0.009262
0.007663 0.011149
0.007643 0.009447
0.007643 0.009389
0.007640 0.011697
0.007639 0.008512
0.007633 0.009849
0.007631 0.017632
0.007627 0.008997
0.007621 0.010111
0.007619 0.009240
0.007604 0.008910
0.007603 0.015671
0.007598 0.011320
0.007592 0.016920
0.007591 0.008192
0.007589 0.007786
0.007589 0.010130
0.007584 0.015164
0.007577 0.007711
0.007573 0.008408
0.007569 0.008048
0.007550 0.009482
0.007545 0.010569
0.007545 0.014876
0.007544 0.008825
0.007537 0.014331
0.007533 0.009979
0.007527 0.008100
0.007516 0.008747
0.007516 0.008017
0.007500 0.015041
0.007497 0.011927
0.007493 0.008249
0.007482 0.010083
0.007479 0.008005
0.007478 0.007926
0.007475 0.007555
0.007473 0.010827
0.007473 0.009821
0.007463 0.009203
0.007459 0.010985
0.007459 0.007661
0.007456 0.012320
0.007453 0.007497
0.007453 0.009582
0.007447 0.007520
0.007445 0.008577
0.007442 0.007764
0.007440 0.009149
0.007439 0.009776
0.007433 0.011064
0.007424 0.015403
0.007423 0.008149
0.007417 0.008796
0.007415 0.008461
0.007402 0.008317
0.007401 0.007664
0.007398 0.007568
0.007397 0.008903
0.007383 0.010424
0.007372 0.013314
0.007372 0.007571
0.007370 0.007846
0.007366 0.008114
0.007360 0.007573
0.007355 0.009648
0.007353 0.008518
0.007344 0.008513
0.007342 0.008241
0.007341 0.008096
0.007341 0.014414
0.007337 0.008930
0.007336 0.010910
0.007335 0.009575
0.007327 0.007574
0.007327 0.011719
0.007325 0.013997
0.007320 0.007496
0.007318 0.009171
0.007313 0.008930
0.007302 0.007924
0.007301 0.008517
0.007299 0.007367
0.007291 0.007689
0.007284 0.007535
0.007280 0.009217
0.007274 0.012842
0.007259 0.009308
0.007251 0.008307
0.007248 0.011272
0.007246 0.008920
0.007246 0.011051
0.007234 0.012160
0.007233 0.008311
0.007228 0.011327
0.007226 0.008836
0.007225 0.011006
0.007216 0.007521
0.007215 0.016318
0.007214 0.012379
0.007199 0.007275
0.007197 0.007394
0.007195 0.011697
0.007195 0.007617
0.007175 0.007707
0.007174 0.009080
0.007172 0.007836
0.007172 0.011859
0.007170 0.007177
0.007168 0.010002
0.007167 0.010123
0.007163 0.007686
0.007163 0.008494
0.007157 0.007412
0.007142 0.008908
0.007142 0.008730
0.007140 0.008520
0.007138 0.011364
0.007135 0.008012
0.007130 0.008723
0.007129 0.013797
0.007116 0.008653
0.007114 0.009143
0.007093 0.013117
0.007090 0.010002
0.007088 0.010269
0.007081 0.007152
0.007075 0.007348
0.007068 0.007521
0.007065 0.011727
0.007064 0.010315
0.007057 0.008028
0.007053 0.008885
0.007049 0.008082
0.007045 0.014892
0.007035 0.007113
0.007015 0.007044
0.007006 0.011793
0.007005 0.007497
0.007003 0.007500
0.007002 0.007075
0.007002 0.007579
0.006988 0.007460
0.006986 0.007340
0.006979 0.009134
0.006974 0.008792
0.006959 0.008153
0.006955 0.016372
0.006955 0.009136
0.006953 0.007578
0.006950 0.009922
0.006945 0.010368
0.006928 0.007262
0.006923 0.007382
0.006906 0.007519
0.006904 0.007708
0.006904 0.013446
0.006897 0.007267
0.006895 0.011903
0.006887 0.007958
0.006884 0.007679
0.006875 0.007488
0.006871 0.007294
0.006868 0.006913
0.006867 0.008253
0.006863 0.007265
0.006860 0.007385
0.006857 0.008429
0.006857 0.007136
0.006854 0.007112
0.006852 0.007425
0.006850 0.007189
0.006842 0.007289
0.006836 0.008163
0.006834 0.014950
0.006825 0.007003
0.006823 0.007201
0.006823 0.007428
0.006817 0.007030
0.006817 0.007543
0.006813 0.010787
0.006812 0.007353
0.006810 0.008524
0.006807 0.008361
0.006802 0.007175
0.006796 0.006827
0.006790 0.006961
0.006787 0.011523
0.006782 0.010863
0.006772 0.007262
0.006752 0.006772
0.006747 0.006863
0.006744 0.008315
0.006742 0.007489
0.006738 0.011509
0.006736 0.006863
0.006733 0.012293
0.006731 0.007496
0.006719 0.009202
0.006719 0.007803
0.006706 0.007461
0.006697 0.008299
0.006684 0.007164
0.006683 0.015819
0.006681 0.016360
0.006663 0.007164
0.006657 0.007067
0.006656 0.011656
0.006655 0.007192
0.006649 0.007241
0.006649 0.006693
0.006645 0.007068
0.006635 0.007521
0.006618 0.006935
0.006615 0.007093
0.006613 0.008147
0.006609 0.007495
0.006605 0.007013
0.006604 0.010106
0.006597 0.008275
0.006593 0.007371
0.006591 0.008129
0.006586 0.007230
0.006566 0.007099
0.006565 0.007608
0.006552 0.014084
0.006551 0.007295
0.006547 0.008044
0.006539 0.008730
0.006523 0.006580
0.006519 0.007589
0.006505 0.007318
0.006504 0.009819
0.006504 0.006808
0.006503 0.006894
0.006503 0.009133
0.006498 0.006717
0.006497 0.006498
0.006496 0.009340
0.006491 0.006800
0.006491 0.009710
0.006488 0.006916
0.006480 0.007573
0.006474 0.009148
0.006460 0.008719
0.006451 0.011909
0.006447 0.007158
0.006447 0.007157
0.006447 0.007700
0.006441 0.008831
0.006438 0.006713
0.006429 0.007211
0.006426 0.007436
0.006425 0.006693
0.006418 0.006908
0.006416 0.008333
0.006414 0.009974
0.006412 0.007472
0.006409 0.007076
0.006403 0.010554
0.006398 0.007371
0.006397 0.006461
0.006395 0.007647
0.006391 0.007237
0.006372 0.012036
0.006371 0.007408
0.006369 0.006912
0.006358 0.006566
0.006352 0.007134
0.006350 0.008751
0.006348 0.006752
0.006346 0.010306
0.006344 0.007935
0.006333 0.008449
0.006328 0.006390
0.006323 0.007421
0.006320 0.007376
0.006314 0.007612
0.006307 0.007408
0.006306 0.007766
0.006305 0.012352
0.006298 0.006349
0.006287 0.009128
0.006284 0.015183
0.006283 0.010534
0.006278 0.007913
0.006273 0.006295
0.006272 0.006578
0.006269 0.006589
0.006269 0.010226
0.006264 0.006273
0.006252 0.012103
0.006249 0.006862
0.006245 0.006288
0.006244 0.008247
0.006243 0.007535
0.006233 0.007300
0.006229 0.006296
0.006220 0.006416
0.006213 0.006334
0.006212 0.006739
0.006208 0.006493
0.006203 0.006975
0.006200 0.009053
0.006199 0.008502
0.006195 0.006606
0.006191 0.006306
0.006160 0.006407
0.006155 0.006565
0.006150 0.007914
0.006149 0.009881
0.006149 0.006245
0.006147 0.008385
0.006143 0.010407
0.006135 0.006427
0.006126 0.006446
0.006124 0.008075
0.006122 0.008210
0.006101 0.006904
0.006097 0.006210
0.006096 0.008128
0.006089 0.006728
0.006067 0.006752
0.006060 0.006119
0.006050 0.007296
0.006048 0.006359
0.006043 0.008361
0.006042 0.006794
0.006038 0.006099
0.006036 0.006950
0.006033 0.007054
0.006029 0.006577
0.006029 0.007456
0.006029 0.006064
0.006011 0.006831
0.005994 0.006552
0.005992 0.011108
0.005992 0.008109
0.005991 0.006462
0.005989 0.006139
0.005988 0.011383
0.005978 0.006173
0.005975 0.006113
0.005973 0.009313
0.005973 0.007535
0.005964 0.006656
0.005960 0.006896
0.005960 0.007339
0.005953 0.006716
0.005945 0.006438
0.005944 0.006507
0.005943 0.006234
0.005935 0.006115
0.005934 0.006372
0.005928 0.006882
0.005928 0.007547
0.005921 0.008789
0.005914 0.008519
0.005911 0.005911
0.005903 0.007008
0.005903 0.006051
0.005903 0.005929
0.005896 0.008450
0.005893 0.006794
0.005891 0.007673
0.005889 0.007511
0.005878 0.006887
0.005874 0.009566
0.005868 0.005905
0.005863 0.006798
0.005861 0.010893
0.005843 0.006023
0.005843 0.006227
0.005827 0.006574
0.005817 0.010778
0.005813 0.007406
0.005811 0.006129
0.005807 0.006646
0.005806 0.006358
0.005801 0.007150
0.005795 0.006575
0.005793 0.008584
0.005788 0.006275
0.005787 0.010718
0.005787 0.007273
0.005785 0.007775
0.005785 0.006548
0.005774 0.007063
0.005760 0.005895
0.005755 0.006990
0.005743 0.006169
0.005741 0.008130
0.005739 0.006172
0.005734 0.006663
0.005723 0.007107
0.005721 0.011210
0.005716 0.006761
0.005710 0.006004
0.005710 0.006215
0.005709 0.008310
0.005705 0.007050
0.005703 0.005924
0.005695 0.007068
0.005693 0.006265
0.005691 0.006001
0.005687 0.010834
0.005685 0.005894
0.005683 0.011855
0.005680 0.008415
0.005679 0.006883
0.005678 0.006611
0.005670 0.006645
0.005664 0.005806
0.005662 0.007069
0.005662 0.006169
0.005661 0.006257
0.005657 0.005708
0.005644 0.006066
0.005640 0.007592
0.005629 0.006226
0.005617 0.005947
0.005610 0.007545
0.005609 0.006717
0.005606 0.008274
0.005599 0.006486
0.005597 0.009389
0.005593 0.005902
0.005593 0.008390
0.005589 0.006402
0.005586 0.006214
0.005584 0.006582
0.005576 0.007761
0.005570 0.011735
0.005565 0.010538
0.005563 0.006386
0.005556 0.006685
0.005551 0.009147
0.005550 0.005855
0.005549 0.006404
0.005544 0.007965
0.005538 0.007052
0.005536 0.007256
0.005533 0.013283
0.005529 0.006785
0.005528 0.009768
0.005505 0.006109
0.005502 0.009330
0.005487 0.006431
0.005487 0.005845
0.005485 0.006745
0.005485 0.006705
0.005482 0.005519
0.005474 0.006041
0.005472 0.005965
0.005465 0.006205
0.005459 0.008821
0.005457 0.010514
0.005456 0.008095
0.005454 0.006204
0.005452 0.006871
0.005451 0.005574
0.005451 0.007557
0.005440 0.011662
0.005430 0.006410
0.005425 0.005792
0.005424 0.008826
0.005418 0.005873
0.005416 0.005900
0.005415 0.005695
0.005415 0.007364
0.005412 0.007806
0.005406 0.005563
0.005401 0.005567
0.005396 0.007749
0.005393 0.005586
0.005389 0.005395
0.005386 0.005983
0.005384 0.007838
0.005379 0.005468
0.005374 0.010597
0.005369 0.005557
0.005362 0.005552
0.005356 0.005868
0.005340 0.006807
0.005339 0.007461
0.005335 0.008512
0.005334 0.006523
0.005329 0.005712
0.005329 0.008156
0.005327 0.005572
0.005324 0.012374
0.005318 0.008352
0.005310 0.008034
0.005306 0.007344
0.005306 0.005710
0.005305 0.010281
0.005298 0.005567
0.005295 0.005939
0.005289 0.006235
0.005289 0.005970
0.005281 0.005443
0.005267 0.005443
0.005267 0.006539
0.005266 0.005669
0.005263 0.008221
0.005255 0.006110
0.005244 0.007401
0.005242 0.005453
0.005239 0.005728
0.005239 0.006009
0.005238 0.006611
0.005234 0.008288
0.005234 0.005597
0.005229 0.005316
0.005229 0.005760
0.005221 0.006249
0.005219 0.008027
0.005217 0.005225
0.005213 0.005680
0.005208 0.010612
0.005202 0.009032
0.005195 0.006493
0.005193 0.005491
0.005182 0.005462
0.005180 0.005961
0.005172 0.006095
0.005168 0.007146
0.005166 0.006481
0.005161 0.005286
0.005152 0.005575
0.005142 0.006976
0.005142 0.006486
0.005140 0.005484
0.005126 0.005446
0.005119 0.007607
0.005117 0.006035
0.005114 0.011442
0.005101 0.006056
0.005094 0.005582
0.005091 0.006237
0.005090 0.005253
0.005078 0.009096
0.005071 0.005097
0.005068 0.005339
0.005057 0.005861
0.005053 0.005829
0.005041 0.005801
0.005037 0.005707
0.005036 0.007884
0.005036 0.005484
0.005013 0.005651
0.005005 0.005207
0.005003 0.006913
0.004999 0.008862
0.004991 0.006752
0.004989 0.005727
0.004988 0.005228
0.004988 0.005491
0.004983 0.005659
0.004981 0.005584
0.004981 0.005166
0.004965 0.005946
0.004964 0.005011
0.004957 0.005012
0.004954 0.006833
0.004953 0.005628
0.004951 0.005079
0.004950 0.006228
0.004949 0.008792
0.004943 0.011914
0.004943 0.005191
0.004942 0.008779
0.004939 0.005003
0.004937 0.005345
0.004925 0.006556
0.004921 0.005271
0.004911 0.005734
0.004909 0.007364
0.004905 0.008038
0.004902 0.006608
0.004900 0.005003
0.004899 0.005018
0.004886 0.004964
0.004880 0.006165
0.004875 0.005305
0.004869 0.007858
0.004866 0.006920
0.004863 0.005996
0.004861 0.006812
0.004856 0.005376
0.004852 0.006007
0.004850 0.007907
0.004838 0.007457
0.004836 0.006356
0.004816 0.010022
0.004808 0.005646
0.004804 0.005348
0.004796 0.009228
0.004777 0.005085
0.004770 0.005497
0.004748 0.005818
0.004747 0.006116
0.004729 0.006546
0.004724 0.005715
0.004701 0.006213
0.004694 0.009953
0.004692 0.005250
0.004690 0.004867
0.004686 0.005651
0.004683 0.004838
0.004671 0.004953
0.004666 0.005380
0.004659 0.006167
0.004655 0.006792
0.004653 0.008296
0.004648 0.005312
0.004635 0.006143
0.004633 0.005705
0.004628 0.011741
0.004622 0.006638
0.004618 0.006260
0.004614 0.006370
0.004608 0.005984
0.004607 0.004899
0.004606 0.005355
0.004579 0.006469
0.004575 0.007564
0.004574 0.007014
0.004561 0.010997
0.004557 0.005110
0.004551 0.009180
0.004549 0.004775
0.004546 0.007766
0.004544 0.005681
0.004541 0.004802
0.004526 0.007141
0.004515 0.007724
0.004495 0.006070
0.004457 0.008105
0.004454 0.004665
0.004451 0.005557
0.004444 0.008038
0.004427 0.007194
0.004417 0.004548
0.004413 0.006177
0.004408 0.005229
0.004403 0.004758
0.004401 0.004465
0.004397 0.007170
0.004364 0.004369
0.004362 0.005201
0.004346 0.004442
0.004332 0.004396
0.004324 0.004755
0.004319 0.004598
0.004315 0.005419
0.004312 0.008118
0.004306 0.005423
0.004304 0.005844
0.004302 0.007662
0.004294 0.004623
0.004291 0.004353
0.004288 0.006080
0.004275 0.004504
0.004268 0.004723
0.004262 0.004876
0.004243 0.004424
0.004236 0.004273
0.004235 0.005522
0.004215 0.004310
0.004209 0.004721
0.004209 0.006064
0.004186 0.005636
0.004182 0.005589
0.004178 0.004267
0.004150 0.006225
0.004142 0.005058
0.004141 0.005752
0.004135 0.007642
0.004129 0.004655
0.004104 0.004540
0.004097 0.005230
0.004092 0.005265
0.004088 0.006049
0.004082 0.006152
0.004071 0.004855
0.004070 0.004316
0.004062 0.005198
0.004046 0.004555
0.004040 0.004593
0.004037 0.005220
0.004031 0.004612
0.004029 0.004976
0.004025 0.004368
0.003981 0.005366
0.003976 0.004370
0.003974 0.004743
0.003962 0.004380
0.003960 0.005314
0.003955 0.004515
0.003931 0.005795
0.003925 0.004879
0.003904 0.005201
0.003900 0.004357
0.003896 0.004892
0.003880 0.004295
0.003877 0.004930
0.003875 0.004017
0.003872 0.005022
0.003859 0.005030
0.003855 0.004133
0.003852 0.003990
0.003852 0.004279
0.003851 0.005675
0.003835 0.004574
0.003802 0.006324
0.003794 0.004534
0.003786 0.003804
0.003777 0.004040
0.003776 0.005258
0.003773 0.005218
0.003760 0.004172
0.003757 0.004102
0.003736 0.003918
0.003729 0.003968
0.003720 0.006569
0.003718 0.004378
0.003708 0.003838
0.003705 0.003863
0.003674 0.004481
0.003663 0.003771
0.003633 0.004736
0.003616 0.003682
0.003608 0.004256
0.003600 0.004141
0.003600 0.004501
0.003594 0.003759
0.003568 0.003975
0.003566 0.004069
0.003561 0.004465
0.003504 0.005081
0.003485 0.004168
0.003483 0.004615
0.003475 0.004603
0.003474 0.004215
0.003470 0.004221
0.003446 0.003766
0.003421 0.003751
0.003408 0.004964
0.003378 0.004159
0.003361 0.003564
0.003359 0.003578
0.003357 0.003765
0.003355 0.003461
0.003350 0.003686
0.003349 0.003540
0.003329 0.003431
0.003322 0.004067
0.003316 0.003403
0.003310 0.003766
0.003309 0.003317
0.003258 0.003295
0.003202 0.004461
0.003178 0.003589
0.003177 0.003404
0.003157 0.003224
0.003152 0.003427
0.003122 0.004402
0.003094 0.003970
0.003033 0.003118
0.003030 0.003213
0.003013 0.003013
0.003004 0.003231
0.002960 0.003185
0.002949 0.003295
0.002865 0.004804
0.002844 0.003208
0.002844 0.002848
0.002830 0.003034
0.002720 0.002805
0.002696 0.002869
0.002672 0.002768
0.002642 0.002643
0.002635 0.002739
0.002596 0.002883
0.002517 0.002534
0.002479 0.002724
0.002390 0.002449
0.002309 0.002470
0.002206 0.002346
0.002177 0.002510
0.002153 0.002564
0.002125 0.002211
0.002125 0.002811
0.002017 0.002172
0.001972 0.002084
