0.205449 0.239457
0.184303 0.188052
0.180559 0.194497
0.146770 0.158167
0.145023 0.165786
0.137429 0.169522
0.136391 0.146440
0.129617 0.138210
0.128379 0.130345
0.126087 0.131779
0.117851 0.128131
0.114405 0.162954
0.110215 0.123502
0.080506 0.095587
0.078057 0.084617
0.072028 0.110362
0.069337 0.071270
0.069327 0.085598
0.068315 0.068445
0.064774 0.065557
0.063569 0.071098
0.063248 0.070715
0.063066 0.065885
0.060885 0.071500
0.059364 0.090380
0.058413 0.065515
0.057947 0.069464
0.056238 0.057476
0.055722 0.059345
0.054534 0.086377
0.052056 0.056971
0.050858 0.078021
0.050089 0.052896
0.049790 0.054010
0.049729 0.051495
0.049369 0.062776
0.048338 0.052906
0.047238 0.049193
0.047102 0.053335
0.046852 0.061154
0.046467 0.049173
0.046365 0.052537
0.045978 0.053095
0.045434 0.055689
0.045282 0.048465
0.045097 0.048948
0.044897 0.050555
0.044283 0.045100
0.044221 0.067347
0.044155 0.061237
0.043830 0.054513
0.042533 0.047063
0.042087 0.042640
0.041110 0.058892
0.041040 0.050590
0.040510 0.049932
0.040018 0.045308
0.039909 0.045924
0.039355 0.045694
0.038614 0.041349
0.038554 0.044277
0.038287 0.046961
0.037990 0.043183
0.037058 0.051229
0.036542 0.040130
0.036125 0.036200
0.036107 0.044781
0.036068 0.038314
0.035665 0.036551
0.035503 0.037445
0.035401 0.037423
0.035158 0.035331
0.035050 0.036301
0.035039 0.043735
0.034778 0.045756
0.034765 0.072271
0.034688 0.036173
0.034536 0.051148
0.033881 0.033922
0.033827 0.035116
0.033763 0.048872
0.032711 0.036010
0.032575 0.036012
0.032296 0.056806
0.032087 0.051363
0.032070 0.041121
0.031950 0.034489
0.031897 0.032593
0.031807 0.043147
0.031760 0.037839
0.031556 0.032473
0.031441 0.031738
0.031173 0.031635
0.031072 0.031907
0.030810 0.033226
0.030764 0.031784
0.030627 0.031326
0.030529 0.033666
0.030487 0.032255
0.030453 0.052624
0.030152 0.042125
0.030063 0.031109
0.029953 0.035416
0.029906 0.058896
0.029749 0.032857
0.029700 0.034077
0.029592 0.045288
0.029458 0.031202
0.029407 0.044238
0.029406 0.031343
0.029383 0.032693
0.029347 0.032190
0.029304 0.029726
0.029281 0.037345
0.029160 0.036786
0.028998 0.029440
0.028948 0.031079
0.028841 0.030240
0.028838 0.029523
0.028823 0.030174
0.028740 0.028823
0.028669 0.033234
0.028622 0.029832
0.028547 0.055867
0.028525 0.038461
0.028426 0.029295
0.028191 0.032940
0.028165 0.031637
0.027986 0.033124
0.027941 0.030844
0.027927 0.028008
0.027836 0.028440
0.027831 0.031235
0.027713 0.028253
0.027553 0.027685
0.027491 0.030042
0.027309 0.030174
0.027127 0.043114
0.027009 0.030990
0.026972 0.031223
0.026904 0.031044
0.026649 0.040462
0.026426 0.029034
0.026419 0.028119
0.026408 0.041237
0.026252 0.040845
0.026239 0.035785
0.026172 0.036184
0.026164 0.029042
0.026113 0.030919
0.026042 0.029888
0.025973 0.032457
0.025953 0.031803
0.025952 0.030489
0.025839 0.025977
0.025721 0.027432
0.025693 0.027271
0.025678 0.026596
0.025640 0.026298
0.025586 0.033606
0.025543 0.026849
0.025321 0.027917
0.025184 0.025403
0.025153 0.034415
0.025122 0.029564
0.025066 0.034136
0.024847 0.025961
0.024824 0.044596
0.024729 0.043607
0.024650 0.039703
0.024396 0.025219
0.024395 0.030361
0.024384 0.024652
0.024212 0.026712
0.024161 0.040746
0.024146 0.027148
0.024107 0.027724
0.024066 0.024382
0.023843 0.023847
0.023764 0.023933
0.023763 0.024372
0.023725 0.034057
0.023706 0.027774
0.023631 0.034507
0.023630 0.023737
0.023589 0.024282
0.023581 0.023873
0.023572 0.034748
0.023569 0.029572
0.023554 0.035734
0.023519 0.024005
0.023482 0.023584
0.023468 0.032528
0.023383 0.025015
0.023339 0.029878
0.023209 0.037830
0.023196 0.026223
0.023187 0.024152
0.023181 0.027855
0.023167 0.038152
0.023098 0.032118
0.023057 0.025711
0.023010 0.023817
0.022930 0.040885
0.022862 0.025549
0.022851 0.023254
0.022850 0.023583
0.022804 0.023785
0.022774 0.035976
0.022740 0.024471
0.022696 0.024916
0.022488 0.027799
0.022467 0.023461
0.022466 0.031894
0.022456 0.026770
0.022271 0.035214
0.022223 0.035079
0.022190 0.027528
0.022121 0.029177
0.022100 0.026353
0.022097 0.027327
0.022091 0.024291
0.022050 0.027252
0.022040 0.023119
0.021951 0.023633
0.021911 0.023748
0.021822 0.027265
0.021764 0.026014
0.021734 0.025844
0.021693 0.029615
0.021642 0.031509
0.021593 0.031391
0.021586 0.024554
0.021559 0.022542
0.021526 0.029215
0.021507 0.024991
0.021493 0.023058
0.021467 0.021565
0.021453 0.029346
0.021386 0.022634
0.021377 0.028667
0.021361 0.026314
0.021251 0.022849
0.021227 0.021375
0.021204 0.021844
0.021182 0.023618
0.021150 0.021820
0.021149 0.024967
0.021129 0.022485
0.021113 0.021464
0.021042 0.024648
0.021032 0.022494
0.020981 0.030810
0.020954 0.022444
0.020937 0.034832
0.020915 0.022691
0.020887 0.025881
0.020880 0.021591
0.020827 0.025882
0.020662 0.022567
0.020637 0.021923
0.020582 0.022695
0.020579 0.022722
0.020574 0.026230
0.020439 0.029840
0.020388 0.024216
0.020368 0.020426
0.020334 0.031626
0.020276 0.020330
0.020236 0.023435
0.020231 0.020592
0.020215 0.022092
0.020215 0.020299
0.020196 0.022136
0.020173 0.029553
0.020132 0.022236
0.020111 0.024516
0.020089 0.020443
0.020030 0.024322
0.019998 0.020963
0.019966 0.021999
0.019931 0.022867
0.019848 0.019924
0.019817 0.020330
0.019809 0.021850
0.019722 0.028093
0.019640 0.019800
0.019639 0.036338
0.019576 0.020232
0.019568 0.020093
0.019542 0.022337
0.019539 0.024004
0.019528 0.019646
0.019518 0.019533
0.019460 0.023055
0.019394 0.019763
0.019377 0.019673
0.019356 0.030470
0.019341 0.020177
0.019299 0.023139
0.019293 0.021340
0.019288 0.021057
0.019279 0.041477
0.019237 0.021500
0.019208 0.023264
0.019205 0.019385
0.019188 0.023696
0.019072 0.021437
0.019072 0.024720
0.019044 0.019783
0.018978 0.020155
0.018975 0.034179
0.018969 0.021684
0.018964 0.019615
0.018956 0.021341
0.018946 0.023881
0.018914 0.027145
0.018914 0.025901
0.018884 0.020317
0.018884 0.019636
0.018853 0.026231
0.018815 0.027395
0.018814 0.041360
0.018809 0.019590
0.018803 0.019072
0.018795 0.020545
0.018771 0.040030
0.018742 0.027003
0.018735 0.020235
0.018692 0.030104
0.018652 0.021257
0.018504 0.020781
0.018486 0.027988
0.018479 0.018602
0.018423 0.019546
0.018394 0.020808
0.018391 0.023556
0.018377 0.019940
0.018368 0.019277
0.018368 0.035940
0.018350 0.027351
0.018344 0.018352
0.018334 0.023178
0.018278 0.022360
0.018265 0.022103
0.018254 0.020659
0.018241 0.025167
0.018186 0.018237
0.018165 0.021265
0.018155 0.030087
0.018085 0.021475
0.018078 0.021641
0.018035 0.018273
0.018010 0.018301
0.017992 0.018686
0.017971 0.019469
0.017966 0.027952
0.017898 0.021298
0.017882 0.019080
0.017839 0.022305
0.017790 0.020292
0.017781 0.019383
0.017740 0.017876
0.017701 0.030118
0.017700 0.017927
0.017689 0.018480
0.017683 0.019380
0.017681 0.017786
0.017652 0.021170
0.017633 0.018006
0.017632 0.030711
0.017625 0.022903
0.017608 0.018033
0.017590 0.020174
0.017578 0.022073
0.017549 0.017723
0.017543 0.024678
0.017541 0.017586
0.017540 0.019608
0.017537 0.018103
0.017524 0.020026
0.017520 0.019281
0.017511 0.027595
0.017509 0.021811
0.017481 0.018796
0.017465 0.023970
0.017450 0.021037
0.017434 0.021173
0.017423 0.017620
0.017395 0.021214
0.017372 0.028749
0.017307 0.017727
0.017234 0.021003
0.017230 0.018106
0.017228 0.018067
0.017213 0.019319
0.017211 0.017608
0.017210 0.028572
0.017210 0.019857
0.017208 0.022090
0.017191 0.030289
0.017190 0.025552
0.017172 0.017227
0.017128 0.019179
0.017084 0.019288
0.017071 0.022180
0.016981 0.018326
0.016977 0.019003
0.016970 0.018780
0.016954 0.017880
0.016937 0.021850
0.016912 0.020940
0.016892 0.017706
0.016876 0.017068
0.016801 0.018495
0.016789 0.016905
0.016749 0.022356
0.016745 0.016922
0.016708 0.017742
0.016688 0.018348
0.016682 0.019540
0.016674 0.018040
0.016655 0.041810
0.016636 0.028654
0.016628 0.025421
0.016621 0.018229
0.016598 0.023617
0.016573 0.016593
0.016568 0.018565
0.016553 0.018477
0.016539 0.016620
0.016497 0.017080
0.016482 0.019073
0.016449 0.023112
0.016414 0.020670
0.016408 0.022756
0.016406 0.028808
0.016404 0.020848
0.016398 0.024802
0.016383 0.024215
0.016375 0.021387
0.016365 0.022053
0.016355 0.017284
0.016353 0.021164
0.016335 0.017434
0.016335 0.032829
0.016323 0.016549
0.016320 0.016835
0.016303 0.023094
0.016286 0.018351
0.016269 0.018935
0.016269 0.019064
0.016245 0.016517
0.016212 0.017469
0.016199 0.016709
0.016183 0.017092
0.016176 0.018677
0.016175 0.019385
0.016161 0.020858
0.016144 0.017863
0.016136 0.019067
0.016098 0.019275
0.016086 0.016520
0.016080 0.016890
0.016054 0.021958
0.016048 0.018170
0.016045 0.016351
0.016002 0.019304
0.015985 0.021769
0.015976 0.027263
0.015948 0.017208
0.015946 0.026136
0.015937 0.018239
0.015909 0.016919
0.015903 0.016074
0.015901 0.023212
0.015878 0.019156
0.015866 0.016688
0.015865 0.021940
0.015827 0.017118
0.015823 0.015970
0.015808 0.021046
0.015787 0.019730
0.015778 0.017111
0.015768 0.023302
0.015763 0.030904
0.015760 0.015827
0.015734 0.018326
0.015705 0.022132
0.015684 0.027360
0.015680 0.017664
0.015656 0.024200
0.015637 0.016643
0.015629 0.027036
0.015627 0.015984
0.015621 0.017117
0.015616 0.016160
0.015599 0.020967
0.015598 0.025659
0.015580 0.017035
0.015576 0.018312
0.015564 0.018949
0.015562 0.019037
0.015557 0.016245
0.015549 0.018717
0.015548 0.016844
0.015512 0.015711
0.015510 0.018629
0.015491 0.016041
0.015487 0.020347
0.015470 0.016877
0.015462 0.022815
0.015415 0.021302
0.015404 0.017377
0.015401 0.019399
0.015386 0.015816
0.015386 0.025644
0.015361 0.026149
0.015359 0.020166
0.015350 0.016588
0.015347 0.015651
0.015335 0.019620
0.015327 0.017401
0.015319 0.016399
0.015311 0.017389
0.015311 0.021018
0.015298 0.016506
0.015282 0.019079
0.015282 0.028121
0.015278 0.017490
0.015275 0.023621
0.015272 0.015699
0.015241 0.016284
0.015239 0.026668
0.015214 0.016117
0.015200 0.022172
0.015182 0.015280
0.015180 0.016749
0.015171 0.015803
0.015152 0.025726
0.015152 0.016461
0.015131 0.015660
0.015128 0.015746
0.015106 0.019727
0.015100 0.017717
0.015088 0.015561
0.015071 0.021757
0.015059 0.021881
0.015029 0.025418
0.015014 0.016472
0.014984 0.015051
0.014979 0.016628
0.014962 0.018135
0.014953 0.015026
0.014946 0.026574
0.014943 0.016206
0.014923 0.019729
0.014919 0.019541
0.014918 0.016546
0.014865 0.016839
0.014852 0.017541
0.014848 0.017653
0.014846 0.023861
0.014827 0.015118
0.014820 0.015698
0.014789 0.015052
0.014787 0.014893
0.014780 0.014859
0.014770 0.016962
0.014769 0.015324
0.014767 0.017224
0.014763 0.025966
0.014729 0.019809
0.014728 0.015066
0.014723 0.016768
0.014682 0.018867
0.014674 0.014698
0.014661 0.015461
0.014600 0.016826
0.014599 0.020886
0.014598 0.015281
0.014571 0.014827
0.014569 0.015234
0.014562 0.020405
0.014556 0.014686
0.014544 0.019475
0.014533 0.020271
0.014531 0.015156
0.014529 0.014966
0.014521 0.018634
0.014515 0.023342
0.014514 0.015105
0.014502 0.014992
0.014492 0.014959
0.014484 0.014543
0.014477 0.014609
0.014467 0.023846
0.014460 0.014950
0.014457 0.015767
0.014450 0.019492
0.014442 0.024503
0.014433 0.019903
0.014429 0.018638
0.014415 0.014668
0.014405 0.016486
0.014394 0.014607
0.014385 0.022155
0.014382 0.015057
0.014379 0.014609
0.014373 0.014918
0.014368 0.014387
0.014351 0.033916
0.014340 0.016715
0.014322 0.015270
0.014306 0.018443
0.014273 0.017694
0.014245 0.014528
0.014241 0.014452
0.014240 0.014997
0.014238 0.014808
0.014224 0.014931
0.014198 0.018900
0.014189 0.017103
0.014182 0.014708
0.014173 0.014655
0.014172 0.022000
0.014166 0.014258
0.014165 0.020378
0.014160 0.021337
0.014116 0.025542
0.014105 0.024020
0.014078 0.014095
0.014069 0.014387
0.014037 0.019997
0.014021 0.018123
0.014002 0.023311
0.013994 0.020873
0.013993 0.015830
0.013980 0.024979
0.013976 0.022233
0.013973 0.014321
0.013971 0.016679
0.013960 0.023260
0.013939 0.018041
0.013933 0.015052
0.013924 0.015480
0.013921 0.014139
0.013861 0.014945
0.013849 0.015049
0.013840 0.014044
0.013839 0.021694
0.013797 0.014691
0.013790 0.014812
0.013780 0.017034
0.013779 0.014054
0.013769 0.014121
0.013736 0.013944
0.013723 0.013964
0.013690 0.015608
0.013683 0.017020
0.013672 0.022782
0.013658 0.013715
0.013656 0.017636
0.013634 0.015090
0.013630 0.016455
0.013629 0.014185
0.013623 0.014120
0.013620 0.015132
0.013616 0.014332
0.013602 0.015180
0.013585 0.016836
0.013579 0.017430
0.013542 0.013863
0.013537 0.014724
0.013534 0.015750
0.013512 0.015298
0.013492 0.014276
0.013491 0.014080
0.013489 0.022208
0.013475 0.014360
0.013471 0.023241
0.013466 0.014446
0.013465 0.018289
0.013456 0.013663
0.013452 0.014534
0.013441 0.014878
0.013435 0.013443
0.013430 0.014005
0.013425 0.014465
0.013421 0.013880
0.013413 0.020574
0.013412 0.013692
0.013399 0.023219
0.013382 0.013801
0.013381 0.015374
0.013376 0.016206
0.013370 0.014358
0.013370 0.014424
0.013359 0.016604
0.013348 0.025918
0.013339 0.014734
0.013321 0.013533
0.013319 0.021484
0.013317 0.013578
0.013308 0.015623
0.013303 0.014155
0.013300 0.015638
0.013283 0.022531
0.013265 0.016690
0.013262 0.021419
0.013260 0.014902
0.013248 0.016329
0.013239 0.015637
0.013238 0.013712
0.013235 0.017679
0.013233 0.014388
0.013233 0.014161
0.013213 0.013410
0.013209 0.013975
0.013187 0.015493
0.013185 0.017477
0.013185 0.015819
0.013183 0.014837
0.013171 0.016847
0.013171 0.013385
0.013171 0.013262
0.013142 0.021902
0.013139 0.015322
0.013138 0.015367
0.013134 0.014049
0.013134 0.014570
0.013130 0.013526
0.013121 0.014582
0.013120 0.013643
0.013112 0.016694
0.013105 0.014324
0.013100 0.024478
0.013093 0.017640
0.013091 0.014828
0.013089 0.016672
0.013084 0.014108
0.013074 0.014756
0.013034 0.014374
0.013029 0.014632
0.013022 0.013432
0.013012 0.014201
0.012993 0.016217
0.012988 0.015085
0.012972 0.013134
0.012969 0.018790
0.012964 0.017509
0.012961 0.014386
0.012959 0.013618
0.012952 0.015299
0.012933 0.014335
0.012922 0.014300
0.012922 0.024279
0.012904 0.016686
0.012895 0.013369
0.012888 0.019457
0.012883 0.016889
0.012882 0.013336
0.012881 0.015647
0.012874 0.013605
0.012861 0.022646
0.012860 0.015070
0.012848 0.013924
0.012835 0.013366
0.012829 0.013445
0.012824 0.016629
0.012819 0.014950
0.012816 0.012826
0.012812 0.012991
0.012796 0.017784
0.012792 0.025062
0.012784 0.019533
0.012768 0.014297
0.012760 0.016657
0.012758 0.014700
0.012755 0.022417
0.012743 0.020640
0.012733 0.013657
0.012733 0.012742
0.012732 0.012882
0.012711 0.023633
0.012705 0.017578
0.012688 0.013121
0.012687 0.012804
0.012685 0.012875
0.012683 0.014022
0.012667 0.015221
0.012665 0.013256
0.012660 0.016220
0.012654 0.015067
0.012649 0.021526
0.012648 0.015792
0.012629 0.018783
0.012614 0.015279
0.012605 0.012608
0.012604 0.016505
0.012597 0.013379
0.012592 0.020017
0.012588 0.013510
0.012587 0.014933
0.012582 0.012721
0.012574 0.018826
0.012563 0.017774
0.012544 0.012656
0.012542 0.012757
0.012537 0.012910
0.012534 0.021082
0.012507 0.012672
0.012502 0.017065
0.012497 0.012545
0.012492 0.012626
0.012491 0.013693
0.012471 0.012730
0.012471 0.013881
0.012467 0.014677
0.012465 0.016107
0.012455 0.014844
0.012431 0.014839
0.012407 0.030702
0.012399 0.014485
0.012389 0.015134
0.012373 0.012848
0.012370 0.021069
0.012369 0.016363
0.012366 0.013193
0.012357 0.028644
0.012347 0.015456
0.012337 0.015153
0.012335 0.015904
0.012322 0.015425
0.012320 0.012955
0.012318 0.023846
0.012302 0.013484
0.012297 0.012555
0.012294 0.013118
0.012280 0.013086
0.012279 0.012458
0.012267 0.015774
0.012258 0.015352
0.012254 0.012602
0.012247 0.014305
0.012242 0.014197
0.012241 0.012284
0.012234 0.014562
0.012230 0.014631
0.012226 0.016457
0.012217 0.022034
0.012214 0.013227
0.012205 0.017290
0.012196 0.021037
0.012192 0.012936
0.012187 0.012665
0.012174 0.014849
0.012171 0.012486
0.012170 0.016794
0.012170 0.014226
0.012163 0.012282
0.012159 0.015634
0.012155 0.014218
0.012154 0.022124
0.012149 0.012393
0.012148 0.017165
0.012142 0.017390
0.012135 0.015306
0.012127 0.019460
0.012122 0.014838
0.012114 0.012413
0.012114 0.015004
0.012111 0.017160
0.012111 0.016775
0.012105 0.014286
0.012100 0.012142
0.012099 0.017747
0.012083 0.013122
0.012078 0.013512
0.012061 0.018135
0.012048 0.012342
0.012043 0.014623
0.012039 0.017019
0.012036 0.013339
0.012032 0.012454
0.012020 0.012898
0.012016 0.013974
0.012012 0.012959
0.012002 0.012245
0.012000 0.012150
0.011993 0.013318
0.011990 0.014780
0.011990 0.014958
0.011985 0.014299
0.011982 0.012421
0.011980 0.013233
0.011978 0.017300
0.011977 0.013187
0.011975 0.012493
0.011972 0.025267
0.011971 0.017385
0.011960 0.012864
0.011957 0.015342
0.011951 0.015616
0.011946 0.015394
0.011941 0.012484
0.011932 0.014571
0.011924 0.017266
0.011908 0.012645
0.011903 0.015469
0.011885 0.011934
0.011884 0.013322
0.011881 0.015181
0.011880 0.014245
0.011878 0.012150
0.011864 0.015584
0.011855 0.013296
0.011853 0.014839
0.011848 0.012042
0.011832 0.015393
0.011829 0.011870
0.011829 0.012297
0.011827 0.013180
0.011820 0.015548
0.011818 0.012578
0.011815 0.012945
0.011813 0.011914
0.011776 0.012537
0.011767 0.011800
0.011763 0.011816
0.011759 0.011905
0.011752 0.013191
0.011747 0.012037
0.011722 0.012512
0.011719 0.013039
0.011714 0.013011
0.011702 0.018562
0.011701 0.013781
0.011698 0.016574
0.011684 0.013367
0.011681 0.013366
0.011680 0.020805
0.011677 0.012496
0.011668 0.013180
0.011662 0.014070
0.011661 0.015163
0.011654 0.014637
0.011653 0.013220
0.011652 0.014364
0.011651 0.013186
0.011644 0.021891
0.011639 0.016235
0.011633 0.017039
0.011632 0.017412
0.011629 0.013051
0.011626 0.014943
0.011626 0.011758
0.011618 0.015880
0.011616 0.027559
0.011613 0.012910
0.011595 0.018087
0.011574 0.012734
0.011570 0.014693
0.011565 0.014817
0.011551 0.013929
0.011545 0.016732
0.011540 0.013142
0.011540 0.011743
0.011536 0.015117
0.011526 0.011658
0.011525 0.017656
0.011524 0.016094
0.011520 0.017889
0.011520 0.013404
0.011519 0.012213
0.011511 0.015285
0.011498 0.016442
0.011497 0.013588
0.011491 0.016735
0.011482 0.013129
0.011470 0.012870
0.011469 0.014347
0.011469 0.020954
0.011468 0.014682
0.011466 0.014676
0.011457 0.013151
0.011456 0.013598
0.011452 0.011861
0.011448 0.012621
0.011444 0.011503
0.011444 0.011714
0.011439 0.016906
0.011434 0.021384
0.011431 0.011624
0.011395 0.011748
0.011393 0.011412
0.011388 0.011536
0.011387 0.012750
0.011383 0.017769
0.011383 0.011459
0.011378 0.011524
0.011361 0.012285
0.011361 0.012371
0.011357 0.011619
0.011353 0.013171
0.011353 0.019185
0.011324 0.012781
0.011319 0.017546
0.011316 0.013443
0.011312 0.011470
0.011307 0.012739
0.011306 0.011536
0.011304 0.014608
0.011300 0.012049
0.011296 0.018815
0.011293 0.011718
0.011285 0.011674
0.011283 0.011326
0.011283 0.012776
0.011278 0.015456
0.011271 0.011450
0.011269 0.011773
0.011264 0.011295
0.011263 0.011875
0.011256 0.014259
0.011251 0.013609
0.011241 0.014930
0.011233 0.020618
0.011228 0.012026
0.011225 0.017284
0.011212 0.013924
0.011212 0.018865
0.011208 0.011375
0.011201 0.017214
0.011185 0.015258
0.011169 0.016153
0.011163 0.012299
0.011154 0.011337
0.011149 0.011550
0.011146 0.014188
0.011145 0.016042
0.011145 0.018020
0.011140 0.013381
0.011136 0.016111
0.011135 0.012429
0.011129 0.017700
0.011126 0.016161
0.011126 0.011845
0.011111 0.014051
0.011107 0.013372
0.011102 0.012664
0.011098 0.015037
0.011093 0.011256
0.011091 0.016526
0.011088 0.011869
0.011081 0.011924
0.011077 0.015030
0.011077 0.021426
0.011054 0.011348
0.011052 0.011666
0.011044 0.011761
0.011043 0.011099
0.011040 0.021777
0.011034 0.019577
0.011030 0.014717
0.011023 0.016012
0.011020 0.011275
0.011020 0.011854
0.011017 0.012401
0.011016 0.013563
0.011015 0.013299
0.011013 0.014415
0.011009 0.011349
0.011009 0.012325
0.011009 0.017643
0.010989 0.012035
0.010987 0.012121
0.010976 0.013445
0.010974 0.014352
0.010966 0.012000
0.010965 0.016843
0.010964 0.012959
0.010963 0.011397
0.010954 0.015698
0.010953 0.015829
0.010952 0.010953
0.010948 0.012490
0.010942 0.014899
0.010935 0.011068
0.010935 0.019152
0.010913 0.011777
0.010913 0.011523
0.010894 0.011275
0.010892 0.024256
0.010889 0.016848
0.010888 0.017593
0.010882 0.013251
0.010877 0.014758
0.010873 0.024674
0.010873 0.014958
0.010870 0.011107
0.010870 0.013395
0.010863 0.015253
0.010860 0.013998
0.010855 0.011268
0.010848 0.011849
0.010848 0.011113
0.010846 0.013855
0.010845 0.012180
0.010844 0.014421
0.010841 0.011642
0.010839 0.012850
0.010829 0.014144
0.010829 0.011379
0.010817 0.011651
0.010814 0.011170
0.010804 0.014112
0.010791 0.018139
0.010788 0.013360
0.010774 0.017064
0.010773 0.012007
0.010768 0.013728
0.010767 0.011702
0.010767 0.013571
0.010766 0.016479
0.010763 0.012909
0.010762 0.021593
0.010757 0.016333
0.010756 0.011374
0.010747 0.011474
0.010746 0.011259
0.010745 0.017802
0.010742 0.020313
0.010741 0.011470
0.010738 0.013662
0.010737 0.014008
0.010734 0.012794
0.010733 0.012319
0.010725 0.010725
0.010718 0.012090
0.010717 0.010770
0.010705 0.011057
0.010689 0.013475
0.010683 0.012586
0.010680 0.011408
0.010674 0.010904
0.010657 0.012566
0.010657 0.011171
0.010654 0.010782
0.010638 0.013781
0.010637 0.011046
0.010631 0.014650
0.010630 0.014102
0.010623 0.011530
0.010623 0.011608
0.010622 0.010704
0.010620 0.010920
0.010617 0.011041
0.010617 0.010908
0.010616 0.013625
0.010610 0.024625
0.010607 0.017304
0.010598 0.013140
0.010595 0.010638
0.010591 0.012719
0.010579 0.011718
0.010562 0.017626
0.010558 0.019254
0.010555 0.010877
0.010549 0.010664
0.010541 0.010999
0.010539 0.011746
0.010536 0.011921
0.010533 0.022904
0.010531 0.012402
0.010526 0.012690
0.010526 0.015415
0.010519 0.015061
0.010519 0.012690
0.010502 0.010807
0.010500 0.011618
0.010500 0.011828
0.010495 0.018142
0.010493 0.012289
0.010487 0.010591
0.010486 0.012408
0.010461 0.011908
0.010456 0.011478
0.010454 0.010476
0.010449 0.011685
0.010444 0.013447
0.010439 0.013090
0.010437 0.012677
0.010435 0.013118
0.010432 0.010813
0.010432 0.014424
0.010430 0.011380
0.010427 0.010994
0.010427 0.012085
0.010425 0.010700
0.010421 0.014228
0.010416 0.012053
0.010416 0.010480
0.010414 0.010635
0.010414 0.019600
0.010413 0.015686
0.010405 0.019604
0.010399 0.016822
0.010378 0.010773
0.010369 0.015336
0.010364 0.017389
0.010358 0.019746
0.010350 0.010692
0.010347 0.012864
0.010342 0.011702
0.010337 0.017798
0.010334 0.010472
0.010319 0.011877
0.010318 0.016101
0.010317 0.015557
0.010313 0.012546
0.010313 0.012360
0.010311 0.015035
0.010306 0.025447
0.010303 0.011151
0.010302 0.010493
0.010288 0.016464
0.010287 0.010839
0.010282 0.012578
0.010282 0.015086
0.010282 0.014970
0.010281 0.013741
0.010274 0.010982
0.010270 0.011264
0.010256 0.013918
0.010256 0.011454
0.010255 0.011289
0.010252 0.011300
0.010251 0.010652
0.010239 0.010551
0.010231 0.016979
0.010230 0.016003
0.010226 0.013180
0.010223 0.011458
0.010222 0.010651
0.010216 0.019608
0.010212 0.012783
0.010212 0.011030
0.010208 0.010907
0.010204 0.014982
0.010199 0.019430
0.010196 0.010965
0.010193 0.019755
0.010192 0.011147
0.010186 0.010830
0.010185 0.010670
0.010180 0.012971
0.010179 0.010239
0.010166 0.015810
0.010166 0.014263
0.010163 0.010638
0.010162 0.011851
0.010159 0.014372
0.010149 0.014759
0.010135 0.024629
0.010134 0.010222
0.010132 0.011890
0.010128 0.019454
0.010125 0.013442
0.010125 0.011869
0.010119 0.012867
0.010117 0.011265
0.010115 0.010781
0.010114 0.012920
0.010111 0.015888
0.010103 0.016091
0.010102 0.011734
0.010100 0.021174
0.010099 0.013593
0.010098 0.013444
0.010091 0.012610
0.010086 0.014414
0.010086 0.011462
0.010085 0.011852
0.010078 0.010933
0.010077 0.014038
0.010069 0.011483
0.010065 0.010177
0.010063 0.010421
0.010056 0.014043
0.010052 0.012415
0.010042 0.013884
0.010042 0.010188
0.010040 0.010663
0.010034 0.011720
0.010031 0.015719
0.010015 0.012545
0.010015 0.010071
0.010014 0.014810
0.010013 0.011265
0.010012 0.010762
0.010009 0.011902
0.009999 0.013334
0.009976 0.010308
0.009974 0.010073
0.009972 0.012336
0.009971 0.013146
0.009963 0.013599
0.009962 0.013719
0.009959 0.010431
0.009959 0.011100
0.009956 0.010975
0.009954 0.014363
0.009947 0.013235
0.009945 0.010367
0.009936 0.014413
0.009933 0.012968
0.009930 0.010399
0.009922 0.011215
0.009918 0.024897
0.009915 0.013552
0.009911 0.009998
0.009898 0.010661
0.009898 0.010869
0.009895 0.010805
0.009891 0.010107
0.009889 0.009950
0.009882 0.012328
0.009880 0.010014
0.009864 0.010056
0.009860 0.010674
0.009859 0.013217
0.009853 0.011646
0.009848 0.010746
0.009843 0.018875
0.009835 0.011581
0.009834 0.014806
0.009833 0.015360
0.009831 0.010125
0.009829 0.009972
0.009826 0.013864
0.009826 0.015461
0.009825 0.011274
0.009820 0.010168
0.009820 0.013381
0.009811 0.011628
0.009810 0.018432
0.009808 0.010257
0.009794 0.015053
0.009780 0.010557
0.009777 0.025087
0.009776 0.013046
0.009772 0.015320
0.009769 0.009795
0.009769 0.010280
0.009767 0.016608
0.009766 0.020202
0.009765 0.011223
0.009755 0.010412
0.009739 0.009893
0.009738 0.009872
0.009736 0.010765
0.009728 0.012481
0.009720 0.018694
0.009717 0.011246
0.009701 0.010151
0.009695 0.012349
0.009693 0.009975
0.009688 0.011380
0.009688 0.015581
0.009685 0.018732
0.009684 0.010904
0.009684 0.013884
0.009680 0.010687
0.009678 0.014298
0.009675 0.015684
0.009672 0.010047
0.009666 0.010633
0.009663 0.010445
0.009656 0.011553
0.009654 0.011307
0.009649 0.010257
0.009647 0.013668
0.009646 0.010767
0.009642 0.013144
0.009631 0.011787
0.009629 0.013100
0.009628 0.010106
0.009623 0.011179
0.009617 0.014777
0.009616 0.014557
0.009608 0.024681
0.009603 0.013456
0.009590 0.012693
0.009578 0.016744
0.009573 0.011815
0.009572 0.009974
0.009561 0.015753
0.009561 0.012490
0.009557 0.010034
0.009557 0.015963
0.009549 0.009905
0.009540 0.010328
0.009538 0.013850
0.009525 0.016262
0.009524 0.020160
0.009524 0.011510
0.009520 0.015075
0.009514 0.015294
0.009506 0.015060
0.009503 0.009893
0.009499 0.011113
0.009495 0.010082
0.009495 0.011369
0.009484 0.009806
0.009482 0.013545
0.009477 0.012943
0.009473 0.009749
0.009473 0.009923
0.009470 0.009640
0.009468 0.018105
0.009451 0.010180
0.009424 0.011760
0.009421 0.017722
0.009417 0.010006
0.009417 0.012975
0.009414 0.011084
0.009401 0.011882
0.009401 0.009440
0.009401 0.009686
0.009398 0.017540
0.009395 0.011449
0.009394 0.010244
0.009393 0.012241
0.009387 0.012501
0.009387 0.009468
0.009379 0.018056
0.009379 0.009824
0.009379 0.014988
0.009375 0.010335
0.009372 0.011952
0.009371 0.009594
0.009370 0.009661
0.009369 0.012396
0.009367 0.012150
0.009357 0.015605
0.009356 0.014326
0.009350 0.021002
0.009346 0.010981
0.009346 0.009628
0.009339 0.009940
0.009338 0.015716
0.009331 0.012039
0.009325 0.010618
0.009325 0.009855
0.009324 0.010480
0.009316 0.012927
0.009312 0.013634
0.009310 0.010611
0.009307 0.012076
0.009306 0.015924
0.009306 0.010102
0.009305 0.011016
0.009292 0.012293
0.009291 0.022077
0.009290 0.012034
0.009286 0.012402
0.009282 0.015922
0.009277 0.015812
0.009276 0.009406
0.009274 0.010949
0.009271 0.010764
0.009271 0.009926
0.009268 0.009491
0.009248 0.009877
0.009245 0.011469
0.009240 0.009450
0.009235 0.009249
0.009234 0.012069
0.009230 0.010270
0.009229 0.012721
0.009229 0.012672
0.009217 0.010916
0.009211 0.012788
0.009208 0.017861
0.009205 0.011041
0.009204 0.011961
0.009203 0.011977
0.009198 0.018724
0.009196 0.015743
0.009193 0.010555
0.009188 0.010387
0.009183 0.009499
0.009182 0.011252
0.009182 0.014495
0.009181 0.010641
0.009178 0.010653
0.009174 0.010434
0.009172 0.013818
0.009172 0.013832
0.009168 0.010803
0.009164 0.015146
0.009164 0.016635
0.009162 0.010006
0.009157 0.011317
0.009157 0.011870
0.009156 0.012476
0.009153 0.015971
0.009149 0.010464
0.009143 0.011489
0.009143 0.015489
0.009141 0.012169
0.009138 0.012380
0.009138 0.011144
0.009134 0.013590
0.009128 0.012236
0.009126 0.013635
0.009116 0.009860
0.009113 0.010216
0.009110 0.010151
0.009100 0.010732
0.009094 0.012869
0.009093 0.015481
0.009091 0.011681
0.009085 0.009339
0.009083 0.012941
0.009082 0.014153
0.009079 0.009305
0.009079 0.011129
0.009073 0.009671
0.009071 0.017244
0.009070 0.012166
0.009055 0.011526
0.009055 0.011177
0.009053 0.009104
0.009050 0.009232
0.009049 0.009986
0.009048 0.010745
0.009046 0.013445
0.009043 0.009157
0.009043 0.011657
0.009040 0.015285
0.009031 0.010832
0.009028 0.011344
0.009028 0.012504
0.009025 0.012942
0.009024 0.010141
0.009024 0.010604
0.009015 0.010660
0.009011 0.010135
0.009010 0.009568
0.009005 0.011401
0.008982 0.022412
0.008973 0.009437
0.008972 0.014039
0.008968 0.013860
0.008966 0.009249
0.008958 0.014678
0.008955 0.009836
0.008955 0.009731
0.008952 0.010990
0.008951 0.009040
0.008950 0.009190
0.008940 0.010629
0.008933 0.009903
0.008929 0.009893
0.008926 0.009412
0.008919 0.010067
0.008918 0.010792
0.008916 0.009469
0.008913 0.012492
0.008911 0.011593
0.008909 0.013963
0.008900 0.009845
0.008899 0.013854
0.008897 0.016904
0.008891 0.009810
0.008890 0.012419
0.008889 0.010403
0.008885 0.011437
0.008884 0.017171
0.008865 0.011754
0.008863 0.013424
0.008861 0.009212
0.008853 0.017345
0.008853 0.009337
0.008849 0.018358
0.008847 0.014215
0.008846 0.010040
0.008844 0.009165
0.008827 0.008880
0.008823 0.008962
0.008822 0.009922
0.008814 0.016898
0.008810 0.009581
0.008808 0.009976
0.008804 0.017103
0.008801 0.009303
0.008800 0.012941
0.008787 0.011765
0.008786 0.009781
0.008776 0.016147
0.008768 0.010118
0.008766 0.014445
0.008758 0.015801
0.008751 0.012132
0.008748 0.015691
0.008746 0.014774
0.008745 0.008947
0.008739 0.013307
0.008732 0.008862
0.008724 0.014927
0.008723 0.009605
0.008722 0.009951
0.008720 0.010439
0.008719 0.010508
0.008713 0.014625
0.008713 0.013723
0.008712 0.009313
0.008711 0.008732
0.008709 0.012070
0.008707 0.014050
0.008706 0.013979
0.008705 0.011284
0.008700 0.012408
0.008700 0.013676
0.008695 0.011657
0.008691 0.009910
0.008685 0.009831
0.008684 0.012637
0.008683 0.012627
0.008679 0.009418
0.008678 0.013505
0.008672 0.017229
0.008666 0.008811
0.008662 0.011725
0.008657 0.013693
0.008656 0.011193
0.008652 0.011025
0.008643 0.009039
0.008641 0.011585
0.008640 0.009096
0.008637 0.011688
0.008633 0.020657
0.008632 0.011068
0.008623 0.012736
0.008620 0.011094
0.008615 0.009880
0.008608 0.010070
0.008604 0.009227
0.008601 0.010179
0.008598 0.008970
0.008595 0.009301
0.008595 0.014604
0.008591 0.009878
0.008589 0.008817
0.008588 0.012605
0.008583 0.009283
0.008581 0.012526
0.008580 0.013825
0.008579 0.009522
0.008569 0.012404
0.008567 0.012820
0.008566 0.009317
0.008562 0.010089
0.008561 0.008716
0.008553 0.009879
0.008544 0.008889
0.008541 0.009561
0.008537 0.009677
0.008526 0.009434
0.008521 0.013165
0.008516 0.009582
0.008514 0.011139
0.008514 0.009442
0.008513 0.013729
0.008508 0.008990
0.008502 0.019168
0.008499 0.015348
0.008497 0.010993
0.008497 0.010513
0.008495 0.009297
0.008493 0.009210
0.008491 0.014447
0.008484 0.016464
0.008482 0.011599
0.008479 0.008776
0.008475 0.008923
0.008474 0.013388
0.008471 0.010111
0.008458 0.013648
0.008453 0.010995
0.008453 0.009863
0.008450 0.009917
0.008450 0.012257
0.008443 0.012439
0.008442 0.009029
0.008442 0.012817
0.008439 0.010070
0.008436 0.009519
0.008432 0.009194
0.008431 0.009053
0.008428 0.010512
0.008416 0.008690
0.008413 0.015213
0.008412 0.009966
0.008402 0.010216
0.008400 0.009983
0.008388 0.009811
0.008386 0.009758
0.008384 0.008953
0.008384 0.016673
0.008380 0.008806
0.008378 0.009623
0.008377 0.015206
0.008373 0.012805
0.008370 0.009504
0.008370 0.010316
0.008368 0.008679
0.008362 0.008956
0.008359 0.008802
0.008358 0.008478
0.008356 0.008555
0.008355 0.008777
0.008353 0.008953
0.008353 0.010643
0.008349 0.008571
0.008345 0.009252
0.008339 0.011719
0.008337 0.008997
0.008336 0.009558
0.008327 0.011187
0.008325 0.011612
0.008320 0.009507
0.008313 0.008624
0.008309 0.009074
0.008306 0.009279
0.008306 0.009166
0.008305 0.010783
0.008300 0.008386
0.008300 0.010583
0.008291 0.009131
0.008290 0.013373
0.008290 0.010621
0.008287 0.008468
0.008281 0.009236
0.008268 0.010290
0.008266 0.013152
0.008266 0.012911
0.008265 0.008483
0.008265 0.009169
0.008263 0.011690
0.008258 0.008935
0.008250 0.013272
0.008246 0.008568
0.008244 0.013557
0.008239 0.009272
0.008238 0.012248
0.008235 0.010180
0.008223 0.014896
0.008221 0.009004
0.008221 0.008897
0.008218 0.008739
0.008215 0.009865
0.008212 0.012918
0.008209 0.008937
0.008208 0.009511
0.008203 0.010019
0.008201 0.008529
0.008198 0.008370
0.008197 0.009607
0.008193 0.009509
0.008183 0.009878
0.008173 0.013135
0.008168 0.008753
0.008167 0.009760
0.008166 0.009077
0.008165 0.008394
0.008150 0.008289
0.008141 0.009592
0.008141 0.009234
0.008140 0.009362
0.008139 0.011395
0.008137 0.010500
0.008136 0.012482
0.008133 0.008401
0.008130 0.015161
0.008128 0.012547
0.008125 0.016955
0.008124 0.008702
0.008113 0.009391
0.008112 0.008975
0.008101 0.008595
0.008099 0.019404
0.008099 0.011558
0.008098 0.011522
0.008093 0.008106
0.008091 0.008223
0.008082 0.008698
0.008076 0.011410
0.008073 0.008301
0.008072 0.018511
0.008068 0.014860
0.008065 0.010054
0.008065 0.009360
0.008064 0.009789
0.008057 0.009604
0.008057 0.012028
0.008056 0.013114
0.008052 0.009397
0.008046 0.008062
0.008045 0.015964
0.008042 0.010858
0.008037 0.013347
0.008031 0.009440
0.008030 0.009208
0.008030 0.018526
0.008012 0.010505
0.008010 0.011379
0.008007 0.011286
0.007987 0.008589
0.007981 0.015593
0.007977 0.008703
0.007974 0.016848
0.007962 0.008175
0.007959 0.015472
0.007942 0.008066
0.007939 0.009301
0.007933 0.009355
0.007927 0.008178
0.007927 0.013843
0.007926 0.008588
0.007919 0.008419
0.007915 0.010829
0.007908 0.010115
0.007894 0.008373
0.007891 0.009022
0.007889 0.008656
0.007886 0.014676
0.007883 0.011228
0.007880 0.007892
0.007877 0.010358
0.007869 0.014775
0.007852 0.009197
0.007846 0.008864
0.007838 0.012091
0.007834 0.008444
0.007827 0.009629
0.007826 0.010805
0.007824 0.014996
0.007820 0.009148
0.007814 0.011307
0.007814 0.008137
0.007809 0.008176
0.007797 0.011229
0.007792 0.008143
0.007775 0.010771
0.007756 0.009969
0.007756 0.015114
0.007756 0.013579
0.007756 0.008478
0.007755 0.008736
0.007752 0.010853
0.007749 0.007971
0.007745 0.011155
0.007742 0.010351
0.007739 0.009956
0.007737 0.011620
0.007735 0.008448
0.007732 0.009433
0.007729 0.009001
0.007717 0.007740
0.007709 0.011601
0.007708 0.008025
0.007705 0.009073
0.007700 0.009552
0.007699 0.014541
0.007687 0.008181
0.007685 0.013403
0.007683 0.009794
0.007683 0.012464
0.007682 0.014094
0.007681 0.014610
0.007680 0.008519
0.007678 0.007991
0.007670 0.011515
0.007667 0.009060
0.007660 0.011783
0.007654 0.009226
0.007653 0.008883
0.007644 0.009781
0.007638 0.014459
0.007636 0.008531
0.007633 0.008273
0.007632 0.008451
0.007629 0.008524
0.007622 0.013555
0.007620 0.008816
0.007617 0.013092
0.007613 0.007719
0.007610 0.011092
0.007599 0.007745
0.007595 0.007754
0.007595 0.015607
0.007594 0.008982
0.007594 0.010088
0.007589 0.011852
0.007587 0.011434
0.007586 0.008928
0.007583 0.009316
0.007571 0.008479
0.007569 0.008152
0.007567 0.011197
0.007567 0.009229
0.007564 0.008235
0.007557 0.009535
0.007554 0.011804
0.007543 0.007581
0.007541 0.013652
0.007531 0.008889
0.007527 0.015710
0.007526 0.007651
0.007525 0.011240
0.007524 0.014350
0.007523 0.009959
0.007522 0.012558
0.007521 0.007585
0.007520 0.008714
0.007519 0.012224
0.007519 0.010599
0.007513 0.010713
0.007513 0.008999
0.007499 0.008349
0.007482 0.007493
0.007472 0.009903
0.007454 0.010162
0.007432 0.007867
0.007429 0.010049
0.007429 0.007661
0.007429 0.007434
0.007420 0.008013
0.007419 0.007720
0.007419 0.010499
0.007416 0.008332
0.007413 0.010162
0.007402 0.008097
0.007397 0.015993
0.007388 0.007841
0.007383 0.010386
0.007372 0.008159
0.007370 0.009416
0.007370 0.007885
0.007368 0.009888
0.007365 0.011755
0.007363 0.007805
0.007358 0.007958
0.007353 0.007961
0.007349 0.009951
0.007343 0.010070
0.007340 0.011136
0.007337 0.009944
0.007331 0.008376
0.007329 0.010526
0.007325 0.007870
0.007322 0.009240
0.007320 0.011180
0.007313 0.011664
0.007313 0.013135
0.007310 0.007468
0.007300 0.007392
0.007297 0.010073
0.007292 0.011848
0.007289 0.007493
0.007286 0.012651
0.007284 0.007300
0.007277 0.007902
0.007273 0.015414
0.007268 0.008950
0.007268 0.008712
0.007255 0.012034
0.007251 0.009861
0.007248 0.013447
0.007231 0.008381
0.007227 0.010076
0.007226 0.009501
0.007225 0.009347
0.007217 0.015311
0.007213 0.007917
0.007212 0.013458
0.007199 0.013673
0.007198 0.008253
0.007190 0.011346
0.007185 0.007464
0.007185 0.007932
0.007183 0.007947
0.007178 0.007367
0.007171 0.012528
0.007170 0.007453
0.007163 0.009281
0.007126 0.016171
0.007125 0.014277
0.007123 0.007731
0.007121 0.007394
0.007109 0.007869
0.007108 0.008323
0.007103 0.007147
0.007095 0.007441
0.007095 0.007690
0.007090 0.008315
0.007078 0.007840
0.007063 0.007513
0.007060 0.008758
0.007055 0.009723
0.007055 0.011363
0.007054 0.008919
0.007052 0.007594
0.007051 0.009675
0.007050 0.008760
0.007048 0.007174
0.007044 0.008135
0.007037 0.009853
0.007036 0.008018
0.007030 0.013224
0.007029 0.007679
0.007024 0.007983
0.007015 0.012145
0.007010 0.010334
0.007009 0.007184
0.007000 0.007551
0.006996 0.007294
0.006994 0.010705
0.006994 0.010290
0.006992 0.009316
0.006987 0.007528
0.006968 0.007770
0.006968 0.007868
0.006963 0.007032
0.006960 0.007432
0.006958 0.011001
0.006954 0.009794
0.006936 0.007725
0.006933 0.007744
0.006932 0.007175
0.006921 0.007740
0.006915 0.007032
0.006915 0.008878
0.006908 0.008649
0.006886 0.008274
0.006878 0.007939
0.006874 0.009958
0.006864 0.016670
0.006864 0.008447
0.006863 0.011250
0.006845 0.006997
0.006839 0.008274
0.006836 0.007831
0.006833 0.007643
0.006827 0.010117
0.006814 0.009522
0.006812 0.012130
0.006808 0.010263
0.006808 0.008133
0.006804 0.007599
0.006799 0.011383
0.006791 0.009682
0.006790 0.010411
0.006788 0.007027
0.006786 0.007463
0.006786 0.009197
0.006784 0.008532
0.006783 0.009148
0.006778 0.012117
0.006772 0.009073
0.006768 0.007418
0.006762 0.007206
0.006757 0.012159
0.006756 0.007245
0.006752 0.008696
0.006751 0.008003
0.006747 0.007621
0.006743 0.007427
0.006742 0.008580
0.006740 0.006965
0.006737 0.008804
0.006727 0.007122
0.006725 0.007296
0.006720 0.008483
0.006712 0.006730
0.006711 0.008552
0.006704 0.007815
0.006698 0.008667
0.006684 0.006720
0.006679 0.007976
0.006678 0.007088
0.006678 0.006868
0.006671 0.008069
0.006663 0.010368
0.006660 0.008962
0.006658 0.007495
0.006648 0.011097
0.006634 0.006911
0.006627 0.009014
0.006623 0.006793
0.006613 0.013272
0.006598 0.007594
0.006597 0.007406
0.006568 0.008166
0.006564 0.010115
0.006556 0.009385
0.006547 0.007315
0.006540 0.013258
0.006525 0.007961
0.006521 0.010018
0.006510 0.010457
0.006507 0.006722
0.006506 0.009318
0.006504 0.009003
0.006495 0.006717
0.006494 0.006884
0.006471 0.006981
0.006470 0.006901
0.006464 0.007677
0.006464 0.009522
0.006450 0.006716
0.006445 0.006510
0.006443 0.008024
0.006443 0.007631
0.006439 0.006806
0.006430 0.007467
0.006424 0.010686
0.006418 0.006731
0.006407 0.006898
0.006402 0.006848
0.006401 0.007123
0.006398 0.007238
0.006387 0.007667
0.006377 0.006790
0.006376 0.006417
0.006372 0.006429
0.006353 0.006958
0.006351 0.008784
0.006343 0.008343
0.006341 0.006518
0.006335 0.007042
0.006332 0.006838
0.006322 0.008876
0.006318 0.006560
0.006312 0.007496
0.006292 0.006487
0.006289 0.006670
0.006287 0.006923
0.006287 0.007042
0.006284 0.007337
0.006261 0.010041
0.006256 0.008149
0.006251 0.006684
0.006235 0.009677
0.006228 0.006413
0.006226 0.006473
0.006215 0.006440
0.006210 0.007393
0.006204 0.009175
0.006198 0.006393
0.006180 0.006449
0.006174 0.006304
0.006172 0.006336
0.006164 0.006399
0.006155 0.006939
0.006135 0.007095
0.006134 0.009328
0.006121 0.006638
0.006110 0.007274
0.006108 0.006419
0.006106 0.010555
0.006083 0.006517
0.006075 0.006148
0.006036 0.006406
0.006034 0.006765
0.006034 0.006111
0.006029 0.007186
0.006026 0.006174
0.006023 0.006051
0.006022 0.006776
0.006019 0.006072
0.006014 0.007013
0.005965 0.006041
0.005959 0.006965
0.005931 0.010533
0.005929 0.006124
0.005926 0.008747
0.005908 0.006366
0.005895 0.007427
0.005892 0.006962
0.005892 0.006399
0.005886 0.008011
0.005877 0.010655
0.005867 0.006413
0.005867 0.006924
0.005851 0.006554
0.005843 0.006077
0.005839 0.007435
0.005824 0.006630
0.005817 0.008068
0.005814 0.006845
0.005792 0.006037
0.005784 0.005956
0.005775 0.006686
0.005771 0.008433
0.005765 0.006623
0.005758 0.007439
0.005754 0.007008
0.005746 0.007878
0.005732 0.006948
0.005716 0.006555
0.005692 0.008292
0.005689 0.006929
0.005653 0.005859
0.005646 0.005716
0.005644 0.007588
0.005644 0.009825
0.005629 0.006978
0.005600 0.010394
0.005600 0.006173
0.005599 0.007110
0.005542 0.006130
0.005536 0.005775
0.005534 0.008101
0.005510 0.005706
0.005493 0.005604
0.005486 0.006259
0.005486 0.005901
0.005474 0.006181
0.005471 0.005992
0.005456 0.005995
0.005443 0.005607
0.005420 0.005707
0.005404 0.005936
0.005385 0.009156
0.005359 0.005403
0.005348 0.008201
0.005336 0.005829
0.005309 0.005444
0.005302 0.005813
0.005293 0.008974
0.005292 0.005797
0.005290 0.005764
0.005284 0.007549
0.005277 0.005841
0.005276 0.005501
0.005275 0.005806
0.005275 0.005811
0.005253 0.005655
0.005253 0.006381
0.005229 0.005724
0.005206 0.006265
0.005196 0.006651
0.005177 0.005204
0.005175 0.005961
0.005172 0.005829
0.005161 0.005515
0.005151 0.006879
0.005150 0.006303
0.005147 0.007280
0.005109 0.005539
0.005096 0.005162
0.005081 0.005534
0.005078 0.007107
0.005072 0.005512
0.005071 0.005516
0.005063 0.005312
0.005053 0.006963
0.005041 0.006374
0.005021 0.005772
0.004982 0.007568
0.004964 0.005412
0.004955 0.004968
0.004951 0.005852
0.004937 0.005810
0.004923 0.009650
0.004902 0.005753
0.004866 0.005495
0.004855 0.005493
0.004839 0.005820
0.004805 0.004898
0.004761 0.004915
0.004742 0.004761
0.004740 0.005025
0.004736 0.006391
0.004723 0.005665
0.004722 0.004772
0.004696 0.004984
0.004687 0.005232
0.004538 0.004647
0.004476 0.005464
0.004467 0.005083
0.004409 0.004687
0.004395 0.004450
0.004364 0.004456
0.004317 0.005941
0.004309 0.005885
0.004290 0.005744
0.004254 0.004918
0.004239 0.004434
0.004225 0.004227
0.004179 0.004284
0.004151 0.004360
0.004151 0.004468
0.004149 0.004175
0.004022 0.004168
0.004014 0.004169
0.003931 0.004537
0.003925 0.004871
0.003795 0.003880
0.003773 0.003786
0.003719 0.003981
0.003688 0.003851
0.003492 0.003506
0.003445 0.004303
0.003322 0.003323
0.003247 0.003641
0.003211 0.003494
0.002117 0.002720
