0.107137 0.144388
0.104041 0.125425
0.099297 0.110011
0.091192 0.111129
0.088374 0.096043
0.087839 0.102255
0.086588 0.105729
0.083211 0.112868
0.079379 0.086467
0.078486 0.100056
0.076517 0.098203
0.076272 0.079483
0.072231 0.078706
0.069977 0.084465
0.067952 0.074119
0.066930 0.075289
0.065216 0.078645
0.063070 0.066403
0.063051 0.064157
0.061982 0.091822
0.060514 0.063042
0.060321 0.061745
0.060255 0.068223
0.060146 0.060640
0.060098 0.065610
0.059222 0.063259
0.055725 0.069422
0.054983 0.061844
0.054428 0.054565
0.053428 0.053515
0.052402 0.054055
0.052296 0.053750
0.052057 0.058116
0.051424 0.067432
0.050580 0.072565
0.050158 0.057300
0.049844 0.068291
0.049756 0.057242
0.048466 0.055184
0.047273 0.047360
0.047265 0.062497
0.046043 0.051057
0.045778 0.049138
0.045744 0.052165
0.045173 0.053994
0.043744 0.050176
0.043288 0.047844
0.043158 0.053686
0.043006 0.045325
0.042830 0.044264
0.042596 0.060879
0.042593 0.052998
0.042216 0.042485
0.041841 0.042024
0.041197 0.054466
0.041045 0.052040
0.039871 0.042972
0.039809 0.039972
0.039585 0.054027
0.039315 0.049058
0.039068 0.039254
0.038868 0.052276
0.038415 0.041118
0.037463 0.043905
0.037459 0.051256
0.037311 0.041487
0.036153 0.039314
0.036041 0.041540
0.035997 0.037271
0.035988 0.040836
0.035919 0.037094
0.035705 0.036980
0.035462 0.035575
0.035420 0.037472
0.035268 0.038591
0.035164 0.036960
0.035025 0.044385
0.034959 0.036466
0.034870 0.040709
0.034801 0.052386
0.034755 0.036967
0.034566 0.035466
0.034472 0.043907
0.034466 0.053296
0.034355 0.044735
0.033772 0.034193
0.033662 0.036936
0.033617 0.036285
0.033592 0.036860
0.033454 0.036950
0.033428 0.036846
0.033249 0.053939
0.033174 0.033236
0.033047 0.034008
0.032779 0.036308
0.032664 0.033363
0.032654 0.043325
0.032506 0.042904
0.032481 0.038383
0.032418 0.036015
0.032364 0.041020
0.032185 0.035174
0.032154 0.036506
0.032055 0.032340
0.031971 0.034825
0.031371 0.040248
0.031134 0.037821
0.031125 0.035030
0.030827 0.035780
0.030757 0.044141
0.030540 0.031712
0.030467 0.031591
0.030362 0.063754
0.030117 0.040552
0.029819 0.034570
0.029744 0.030357
0.029710 0.031078
0.029702 0.040202
0.029693 0.032416
0.029603 0.033795
0.029529 0.035636
0.029428 0.058656
0.029345 0.033501
0.029128 0.033288
0.029112 0.030370
0.029000 0.032917
0.028994 0.030069
0.028866 0.031942
0.028628 0.036652
0.028562 0.031272
0.028306 0.031727
0.028148 0.038431
0.027915 0.040191
0.027673 0.027848
0.027395 0.031447
0.027249 0.050342
0.027104 0.028379
0.026976 0.027096
0.026822 0.033834
0.026784 0.027490
0.026776 0.044945
0.026705 0.030886
0.026695 0.028084
0.026611 0.035490
0.026565 0.029185
0.026523 0.027442
0.026482 0.030999
0.026390 0.026452
0.026219 0.047732
0.026076 0.031125
0.025917 0.031393
0.025835 0.026417
0.025806 0.035946
0.025791 0.027642
0.025712 0.036467
0.025406 0.040998
0.025363 0.030667
0.025181 0.025749
0.025135 0.037162
0.025121 0.025634
0.024865 0.029298
0.024817 0.025962
0.024658 0.031967
0.024571 0.034793
0.024484 0.026262
0.024430 0.033630
0.024247 0.026857
0.023958 0.044138
0.023834 0.024826
0.023795 0.027792
0.023719 0.025237
0.023628 0.023680
0.023507 0.029420
0.023377 0.025123
0.023336 0.023766
0.023157 0.030721
0.022947 0.028279
0.022941 0.026669
0.022917 0.023178
0.022913 0.032465
0.022827 0.036900
0.022786 0.044168
0.022714 0.029634
0.022537 0.024720
0.022502 0.023080
0.022449 0.023432
0.022379 0.046452
0.022288 0.044023
0.022250 0.025463
0.022234 0.026835
0.022154 0.026212
0.022079 0.028139
0.022003 0.030035
0.022002 0.022586
0.021997 0.024512
0.021993 0.028910
0.021989 0.027301
0.021973 0.022489
0.021935 0.022444
0.021814 0.030222
0.021667 0.028198
0.021583 0.022586
0.021444 0.024484
0.021304 0.021727
0.021263 0.037196
0.021087 0.021108
0.021074 0.022800
0.020739 0.023742
0.020666 0.023650
0.020657 0.030926
0.020577 0.023658
0.020474 0.035095
0.020194 0.027734
0.020012 0.022017
0.019992 0.020986
0.019933 0.020095
0.019844 0.024016
0.019785 0.020130
0.019780 0.019936
0.019708 0.029534
0.019696 0.021364
0.019659 0.021823
0.019560 0.020215
0.019530 0.020885
0.019485 0.021611
0.019404 0.028815
0.019399 0.019982
0.019355 0.019443
0.019325 0.021681
0.019298 0.022444
0.019125 0.021196
0.018992 0.019004
0.018942 0.019064
0.018805 0.029635
0.018684 0.018698
0.018662 0.018765
0.018652 0.027853
0.018643 0.020331
0.018610 0.020660
0.018588 0.018618
0.018562 0.027309
0.018534 0.024443
0.018507 0.020911
0.018470 0.021186
0.018461 0.024253
0.018444 0.019845
0.018342 0.025717
0.018214 0.018775
0.018197 0.024397
0.018166 0.022815
0.018129 0.018238
0.018117 0.018696
0.018058 0.021013
0.018007 0.018612
0.017958 0.022309
0.017921 0.018207
0.017898 0.019581
0.017825 0.020463
0.017797 0.019123
0.017698 0.017943
0.017693 0.018040
0.017581 0.018670
0.017558 0.022841
0.017528 0.018811
0.017516 0.019935
0.017502 0.018597
0.017357 0.018665
0.017250 0.017477
0.017199 0.019798
0.017152 0.020849
0.017139 0.019837
0.017114 0.024029
0.017031 0.019484
0.016971 0.020098
0.016958 0.024552
0.016868 0.020780
0.016820 0.022946
0.016816 0.020018
0.016720 0.019463
0.016706 0.017958
0.016681 0.020348
0.016657 0.020934
0.016608 0.019282
0.016549 0.022544
0.016535 0.019017
0.016512 0.020425
0.016424 0.017542
0.016353 0.017999
0.016290 0.019924
0.016280 0.016716
0.016196 0.021708
0.016120 0.016937
0.016054 0.017433
0.016049 0.016975
0.016002 0.020453
0.015952 0.022623
0.015909 0.016931
0.015886 0.019978
0.015849 0.016160
0.015806 0.017153
0.015735 0.017434
0.015694 0.017158
0.015586 0.016499
0.015576 0.016912
0.015554 0.021798
0.015481 0.029769
0.015452 0.015703
0.015442 0.015832
0.015439 0.016706
0.015406 0.018249
0.015294 0.015536
0.015291 0.015337
0.015231 0.015807
0.015185 0.019252
0.015183 0.019298
0.015174 0.022628
0.015158 0.017017
0.015154 0.015679
0.015140 0.028725
0.015116 0.030504
0.015084 0.017886
0.015072 0.017854
0.015027 0.015712
0.015026 0.015684
0.014977 0.021905
0.014945 0.015797
0.014888 0.018819
0.014881 0.016883
0.014854 0.015067
0.014844 0.022783
0.014841 0.014967
0.014839 0.019222
0.014835 0.016811
0.014825 0.017627
0.014817 0.015917
0.014809 0.015591
0.014790 0.019332
0.014761 0.017803
0.014669 0.018759
0.014637 0.015697
0.014593 0.016629
0.014564 0.014698
0.014557 0.014869
0.014550 0.019698
0.014511 0.015733
0.014504 0.015629
0.014462 0.019302
0.014439 0.015911
0.014416 0.014451
0.014407 0.015527
0.014390 0.019263
0.014389 0.019574
0.014351 0.019468
0.014307 0.015252
0.014300 0.015830
0.014249 0.014707
0.014221 0.018910
0.014217 0.015249
0.014197 0.018262
0.014144 0.015730
0.014140 0.024121
0.014128 0.014308
0.014098 0.022025
0.014014 0.016804
0.013972 0.016753
0.013971 0.015435
0.013953 0.017085
0.013953 0.015170
0.013937 0.016466
0.013905 0.013944
0.013878 0.014918
0.013873 0.020364
0.013858 0.014145
0.013829 0.014147
0.013808 0.019975
0.013796 0.017742
0.013789 0.014555
0.013729 0.014288
0.013706 0.015168
0.013702 0.015901
0.013658 0.013779
0.013656 0.015065
0.013652 0.014108
0.013572 0.015081
0.013568 0.023992
0.013552 0.014885
0.013533 0.017558
0.013531 0.014246
0.013497 0.016163
0.013493 0.021751
0.013475 0.024763
0.013469 0.025830
0.013449 0.015908
0.013436 0.013534
0.013422 0.020647
0.013388 0.017204
0.013380 0.017811
0.013345 0.018047
0.013324 0.013843
0.013290 0.016686
0.013290 0.014966
0.013286 0.014172
0.013279 0.013641
0.013247 0.013427
0.013236 0.016048
0.013221 0.014566
0.013217 0.014931
0.013189 0.014334
0.013178 0.013537
0.013176 0.014167
0.013162 0.013260
0.013154 0.015146
0.013132 0.020031
0.013077 0.019930
0.013016 0.018078
0.013011 0.024579
0.013003 0.019947
0.012998 0.014873
0.012956 0.013104
0.012916 0.013530
0.012916 0.018436
0.012896 0.013841
0.012873 0.019035
0.012862 0.014831
0.012821 0.017625
0.012816 0.014317
0.012805 0.014663
0.012789 0.016595
0.012772 0.016455
0.012766 0.019027
0.012762 0.025814
0.012732 0.013047
0.012720 0.020727
0.012670 0.015959
0.012649 0.016125
0.012618 0.021486
0.012616 0.016468
0.012603 0.018158
0.012593 0.014991
0.012548 0.012966
0.012540 0.012979
0.012536 0.012547
0.012525 0.016923
0.012515 0.020629
0.012479 0.019935
0.012459 0.016274
0.012446 0.013039
0.012446 0.018264
0.012445 0.020838
0.012413 0.014886
0.012404 0.014087
0.012396 0.015773
0.012388 0.013267
0.012363 0.014257
0.012356 0.014008
0.012346 0.014513
0.012340 0.021712
0.012300 0.012737
0.012245 0.013824
0.012235 0.012816
0.012216 0.013878
0.012207 0.013637
0.012190 0.012936
0.012166 0.027411
0.012143 0.012270
0.012133 0.012431
0.012125 0.017921
0.012121 0.016596
0.012121 0.012204
0.012106 0.013017
0.012095 0.013059
0.012053 0.016969
0.012050 0.012510
0.012047 0.015498
0.012029 0.012546
0.012027 0.012396
0.012017 0.014389
0.011989 0.017095
0.011968 0.013998
0.011948 0.017784
0.011928 0.011978
0.011925 0.011930
0.011908 0.013478
0.011873 0.011952
0.011872 0.012377
0.011870 0.012589
0.011867 0.012160
0.011852 0.012076
0.011822 0.012933
0.011812 0.012169
0.011762 0.013599
0.011740 0.014162
0.011721 0.014340
0.011697 0.013506
0.011696 0.016325
0.011663 0.012241
0.011656 0.011685
0.011624 0.012078
0.011604 0.014975
0.011600 0.012213
0.011523 0.016280
0.011521 0.013933
0.011514 0.016785
0.011463 0.012417
0.011458 0.028276
0.011447 0.012605
0.011446 0.015768
0.011439 0.019084
0.011435 0.011450
0.011433 0.013229
0.011431 0.012583
0.011416 0.012052
0.011382 0.014527
0.011350 0.011368
0.011336 0.016574
0.011330 0.014459
0.011320 0.014141
0.011291 0.022882
0.011270 0.011415
0.011265 0.013981
0.011250 0.013255
0.011248 0.011435
0.011242 0.012289
0.011240 0.012245
0.011208 0.018435
0.011198 0.014556
0.011182 0.012483
0.011172 0.014664
0.011164 0.011512
0.011164 0.014753
0.011159 0.017633
0.011155 0.011706
0.011139 0.013855
0.011126 0.015237
0.011114 0.014074
0.011102 0.018969
0.011095 0.011931
0.011069 0.011275
0.011062 0.011333
0.011060 0.011075
0.011053 0.012745
0.011027 0.013827
0.010982 0.011393
0.010982 0.016033
0.010980 0.011104
0.010972 0.012380
0.010921 0.013171
0.010896 0.013825
0.010895 0.015877
0.010892 0.019665
0.010888 0.011327
0.010887 0.012594
0.010832 0.014850
0.010823 0.013217
0.010818 0.011016
0.010816 0.013440
0.010814 0.017265
0.010802 0.012984
0.010780 0.010887
0.010764 0.011890
0.010748 0.011009
0.010735 0.015023
0.010730 0.016643
0.010714 0.012358
0.010713 0.011341
0.010694 0.013685
0.010688 0.014385
0.010677 0.015422
0.010677 0.010983
0.010677 0.012882
0.010672 0.010868
0.010655 0.011111
0.010629 0.013450
0.010578 0.011012
0.010561 0.013683
0.010533 0.010685
0.010533 0.018033
0.010530 0.010820
0.010494 0.011850
0.010485 0.012515
0.010478 0.010928
0.010464 0.011068
0.010450 0.012221
0.010431 0.010719
0.010426 0.012242
0.010423 0.011310
0.010413 0.017124
0.010386 0.010866
0.010381 0.011786
0.010361 0.013893
0.010347 0.010807
0.010316 0.013402
0.010314 0.015315
0.010308 0.010590
0.010301 0.010826
0.010268 0.015330
0.010257 0.012846
0.010229 0.010394
0.010224 0.011098
0.010206 0.010339
0.010204 0.015951
0.010201 0.010402
0.010200 0.014856
0.010188 0.010458
0.010183 0.017018
0.010182 0.010522
0.010182 0.010656
0.010180 0.010571
0.010144 0.010302
0.010122 0.012597
0.010117 0.011087
0.010106 0.010153
0.010105 0.011338
0.010091 0.012162
0.010061 0.011715
0.010059 0.010099
0.010015 0.019467
0.010009 0.010904
0.009978 0.011262
0.009973 0.012290
0.009933 0.012867
0.009932 0.011459
0.009928 0.010460
0.009909 0.011166
0.009898 0.016451
0.009885 0.010912
0.009872 0.010017
0.009860 0.010320
0.009822 0.009889
0.009818 0.012499
0.009779 0.012484
0.009773 0.010877
0.009770 0.010962
0.009762 0.011362
0.009762 0.009802
0.009740 0.017666
0.009736 0.009880
0.009728 0.019428
0.009726 0.013477
0.009722 0.013286
0.009713 0.011948
0.009708 0.016645
0.009681 0.013659
0.009670 0.010120
0.009660 0.012262
0.009651 0.024035
0.009646 0.010145
0.009631 0.009819
0.009627 0.010370
0.009614 0.012818
0.009610 0.009965
0.009602 0.015599
0.009595 0.010236
0.009591 0.011288
0.009561 0.011266
0.009551 0.011820
0.009533 0.010019
0.009523 0.012813
0.009520 0.011339
0.009503 0.009815
0.009493 0.010556
0.009474 0.009494
0.009454 0.012952
0.009451 0.009752
0.009439 0.010142
0.009434 0.009469
0.009419 0.011492
0.009413 0.013622
0.009409 0.018393
0.009390 0.015055
0.009348 0.012232
0.009343 0.010908
0.009333 0.014508
0.009332 0.012966
0.009321 0.009775
0.009312 0.010212
0.009311 0.009695
0.009303 0.015370
0.009301 0.011942
0.009290 0.010526
0.009286 0.009807
0.009270 0.010869
0.009261 0.012014
0.009248 0.013229
0.009196 0.018559
0.009194 0.011084
0.009183 0.011784
0.009149 0.009842
0.009142 0.012151
0.009121 0.010963
0.009119 0.010136
0.009118 0.012793
0.009106 0.013606
0.009095 0.013381
0.009084 0.010290
0.009072 0.011904
0.009070 0.011054
0.009059 0.009806
0.009052 0.009457
0.009024 0.011348
0.009019 0.011275
0.009007 0.011760
0.008997 0.011316
0.008996 0.016461
0.008994 0.009225
0.008981 0.009255
0.008972 0.009448
0.008964 0.013306
0.008959 0.010890
0.008948 0.011161
0.008943 0.009877
0.008942 0.009362
0.008935 0.009705
0.008932 0.009982
0.008929 0.009818
0.008926 0.011067
0.008919 0.009761
0.008908 0.010827
0.008901 0.010122
0.008901 0.009502
0.008889 0.017049
0.008887 0.013722
0.008884 0.009966
0.008863 0.010736
0.008858 0.010263
0.008850 0.008918
0.008831 0.009802
0.008810 0.009711
0.008804 0.009049
0.008800 0.009211
0.008784 0.015554
0.008758 0.009391
0.008755 0.009031
0.008752 0.018026
0.008750 0.010141
0.008748 0.011763
0.008747 0.010357
0.008731 0.011590
0.008711 0.009326
0.008707 0.009548
0.008704 0.009155
0.008702 0.014454
0.008695 0.008735
0.008689 0.014183
0.008682 0.017009
0.008677 0.009304
0.008673 0.011023
0.008653 0.010688
0.008653 0.014535
0.008649 0.008757
0.008646 0.011811
0.008641 0.012270
0.008638 0.011184
0.008638 0.010476
0.008623 0.009457
0.008613 0.016398
0.008607 0.008939
0.008596 0.008858
0.008595 0.019788
0.008580 0.009912
0.008578 0.009998
0.008566 0.009132
0.008557 0.010952
0.008557 0.009684
0.008555 0.011625
0.008541 0.009144
0.008530 0.011490
0.008524 0.015215
0.008517 0.014466
0.008513 0.009524
0.008508 0.008855
0.008507 0.010504
0.008505 0.010815
0.008494 0.009488
0.008494 0.009631
0.008488 0.009026
0.008486 0.009566
0.008477 0.008887
0.008469 0.013126
0.008465 0.009398
0.008458 0.008682
0.008445 0.013746
0.008443 0.009669
0.008443 0.008518
0.008429 0.008601
0.008418 0.010901
0.008412 0.009490
0.008411 0.009084
0.008404 0.008805
0.008401 0.008818
0.008390 0.009484
0.008357 0.014847
0.008344 0.009827
0.008336 0.008927
0.008329 0.013385
0.008315 0.009368
0.008308 0.013104
0.008284 0.009010
0.008282 0.011981
0.008279 0.009637
0.008257 0.009589
0.008252 0.011273
0.008252 0.008276
0.008220 0.008763
0.008217 0.008302
0.008216 0.012363
0.008207 0.009641
0.008126 0.011763
0.008126 0.009337
0.008121 0.008429
0.008121 0.009583
0.008115 0.008329
0.008109 0.008442
0.008108 0.008536
0.008090 0.008247
0.008079 0.009377
0.008075 0.010191
0.008060 0.014703
0.008045 0.010552
0.008034 0.013894
0.008033 0.008158
0.008031 0.008851
0.008029 0.012736
0.008028 0.009096
0.008022 0.010379
0.008020 0.008300
0.008020 0.008220
0.008011 0.011535
0.008006 0.010238
0.008002 0.008062
0.007991 0.008051
0.007982 0.008755
0.007968 0.012738
0.007954 0.011426
0.007946 0.009385
0.007945 0.008958
0.007942 0.008194
0.007939 0.008217
0.007933 0.008847
0.007914 0.010310
0.007908 0.007987
0.007893 0.007965
0.007882 0.008810
0.007874 0.009211
0.007870 0.011453
0.007860 0.008010
0.007856 0.011863
0.007845 0.010120
0.007843 0.014792
0.007837 0.009397
0.007831 0.014196
0.007824 0.009009
0.007820 0.011363
0.007805 0.012348
0.007800 0.010219
0.007799 0.008120
0.007789 0.010342
0.007786 0.007997
0.007783 0.007792
0.007780 0.010264
0.007773 0.008738
0.007773 0.008646
0.007772 0.008028
0.007767 0.007865
0.007766 0.007858
0.007741 0.009425
0.007727 0.008865
0.007714 0.008089
0.007700 0.011880
0.007699 0.010316
0.007686 0.008625
0.007683 0.008299
0.007672 0.009155
0.007661 0.009685
0.007655 0.009784
0.007650 0.009465
0.007646 0.007885
0.007636 0.008242
0.007635 0.010930
0.007624 0.007776
0.007619 0.008272
0.007585 0.007757
0.007582 0.008565
0.007582 0.007734
0.007579 0.010270
0.007569 0.009596
0.007561 0.007950
0.007556 0.009497
0.007541 0.010006
0.007528 0.008282
0.007526 0.010502
0.007521 0.010750
0.007507 0.007514
0.007495 0.009561
0.007488 0.010380
0.007480 0.013098
0.007478 0.010971
0.007478 0.007515
0.007477 0.008214
0.007473 0.009455
0.007464 0.009811
0.007463 0.008541
0.007460 0.009953
0.007440 0.008217
0.007439 0.007480
0.007433 0.008145
0.007430 0.007457
0.007416 0.007757
0.007410 0.008295
0.007409 0.011208
0.007400 0.015242
0.007400 0.008520
0.007399 0.010480
0.007398 0.007819
0.007394 0.007440
0.007394 0.008597
0.007380 0.007497
0.007379 0.011818
0.007374 0.008033
0.007360 0.008037
0.007354 0.009392
0.007342 0.007352
0.007342 0.008826
0.007342 0.009582
0.007337 0.007408
0.007333 0.007515
0.007329 0.008805
0.007327 0.008990
0.007327 0.009677
0.007327 0.010080
0.007326 0.007833
0.007323 0.008179
0.007322 0.010847
0.007317 0.007321
0.007302 0.010692
0.007299 0.007546
0.007290 0.008949
0.007281 0.007925
0.007276 0.009961
0.007276 0.009348
0.007272 0.007740
0.007260 0.007924
0.007258 0.007587
0.007257 0.008592
0.007255 0.007502
0.007232 0.008543
0.007229 0.007320
0.007193 0.007224
0.007187 0.007945
0.007172 0.008941
0.007170 0.008208
0.007167 0.007608
0.007158 0.013344
0.007156 0.007723
0.007124 0.007507
0.007124 0.007771
0.007124 0.010190
0.007124 0.007957
0.007123 0.011468
0.007116 0.008522
0.007113 0.011720
0.007112 0.008048
0.007103 0.011819
0.007099 0.007409
0.007098 0.009276
0.007092 0.012002
0.007077 0.007724
0.007076 0.007139
0.007068 0.008482
0.007057 0.007726
0.007056 0.008046
0.007045 0.007733
0.007039 0.007537
0.007038 0.013255
0.007033 0.007365
0.007022 0.012355
0.007014 0.007733
0.007014 0.007338
0.007008 0.012521
0.007002 0.009695
0.007000 0.010512
0.006996 0.007384
0.006994 0.007414
0.006989 0.007000
0.006973 0.010318
0.006970 0.007023
0.006966 0.008034
0.006961 0.008361
0.006960 0.007023
0.006959 0.007924
0.006958 0.007106
0.006956 0.007169
0.006941 0.007350
0.006936 0.010418
0.006936 0.007880
0.006933 0.009268
0.006926 0.009635
0.006909 0.007987
0.006902 0.009869
0.006901 0.010171
0.006895 0.008092
0.006891 0.009022
0.006891 0.007452
0.006886 0.008490
0.006883 0.008415
0.006880 0.011536
0.006879 0.008603
0.006878 0.010184
0.006875 0.006893
0.006873 0.008751
0.006870 0.012372
0.006860 0.007970
0.006858 0.013741
0.006844 0.006887
0.006840 0.009665
0.006833 0.007021
0.006823 0.009154
0.006822 0.009612
0.006818 0.006875
0.006817 0.006952
0.006816 0.008956
0.006814 0.009798
0.006813 0.007853
0.006812 0.012282
0.006809 0.008820
0.006802 0.007277
0.006791 0.010113
0.006786 0.006862
0.006779 0.009733
0.006778 0.008597
0.006773 0.007790
0.006767 0.007248
0.006760 0.007571
0.006748 0.008242
0.006744 0.011244
0.006741 0.011871
0.006738 0.009008
0.006726 0.007104
0.006724 0.008365
0.006723 0.007012
0.006715 0.007186
0.006708 0.008150
0.006707 0.007034
0.006707 0.006901
0.006700 0.007681
0.006691 0.009118
0.006689 0.007421
0.006684 0.018980
0.006677 0.009765
0.006667 0.009006
0.006665 0.006801
0.006664 0.006963
0.006660 0.007845
0.006654 0.015355
0.006631 0.006782
0.006616 0.011061
0.006613 0.007866
0.006613 0.007521
0.006610 0.014850
0.006608 0.006619
0.006606 0.008009
0.006600 0.006720
0.006599 0.006951
0.006595 0.007659
0.006588 0.007815
0.006582 0.006632
0.006572 0.007096
0.006570 0.011633
0.006559 0.007572
0.006556 0.008375
0.006543 0.006843
0.006541 0.006843
0.006538 0.009472
0.006538 0.007071
0.006528 0.006674
0.006528 0.007219
0.006527 0.007998
0.006521 0.006780
0.006508 0.007957
0.006477 0.006608
0.006476 0.006793
0.006474 0.007375
0.006460 0.007027
0.006458 0.008435
0.006458 0.006559
0.006457 0.010659
0.006456 0.007138
0.006455 0.009737
0.006454 0.006566
0.006450 0.006804
0.006447 0.006678
0.006443 0.006526
0.006439 0.007645
0.006437 0.010282
0.006437 0.007565
0.006428 0.013541
0.006424 0.007586
0.006422 0.006543
0.006408 0.008542
0.006406 0.009234
0.006402 0.007400
0.006399 0.007588
0.006396 0.006616
0.006395 0.006671
0.006384 0.008825
0.006382 0.008388
0.006363 0.006794
0.006360 0.006835
0.006355 0.006938
0.006337 0.009889
0.006336 0.008050
0.006334 0.006452
0.006333 0.006549
0.006333 0.011854
0.006332 0.007284
0.006331 0.006427
0.006330 0.006551
0.006330 0.007285
0.006321 0.010099
0.006319 0.011509
0.006318 0.008278
0.006315 0.006328
0.006310 0.007710
0.006305 0.007526
0.006302 0.006407
0.006294 0.006342
0.006288 0.006429
0.006287 0.012584
0.006277 0.012045
0.006276 0.009718
0.006271 0.007303
0.006263 0.006524
0.006257 0.008233
0.006254 0.006436
0.006254 0.006895
0.006253 0.007242
0.006252 0.007710
0.006240 0.008459
0.006226 0.007022
0.006222 0.012550
0.006217 0.006267
0.006207 0.006474
0.006206 0.007197
0.006196 0.006303
0.006195 0.007542
0.006193 0.006281
0.006173 0.007580
0.006171 0.007500
0.006163 0.006860
0.006163 0.006390
0.006156 0.009692
0.006136 0.006212
0.006129 0.007114
0.006128 0.006465
0.006126 0.007170
0.006112 0.007495
0.006110 0.006173
0.006109 0.006365
0.006099 0.007287
0.006096 0.006510
0.006094 0.006132
0.006090 0.006534
0.006088 0.007815
0.006080 0.010502
0.006080 0.006659
0.006079 0.010196
0.006077 0.007206
0.006073 0.007061
0.006070 0.006535
0.006067 0.007520
0.006062 0.006754
0.006057 0.006831
0.006056 0.008312
0.006052 0.006182
0.006046 0.006187
0.006042 0.011902
0.006039 0.012553
0.006038 0.007253
0.006037 0.006151
0.006036 0.006744
0.006035 0.008148
0.006034 0.006720
0.006033 0.007132
0.006030 0.009644
0.006028 0.009964
0.006016 0.006887
0.006016 0.006322
0.006015 0.006248
0.006005 0.012104
0.006004 0.010022
0.005998 0.010099
0.005993 0.006972
0.005993 0.006774
0.005993 0.007389
0.005993 0.007249
0.005991 0.008944
0.005988 0.012852
0.005986 0.010956
0.005985 0.006909
0.005984 0.007167
0.005980 0.009219
0.005973 0.006029
0.005972 0.008399
0.005969 0.006039
0.005968 0.007728
0.005956 0.006325
0.005955 0.010977
0.005950 0.006026
0.005946 0.007035
0.005943 0.006492
0.005936 0.010254
0.005931 0.006962
0.005924 0.010619
0.005916 0.006246
0.005900 0.009285
0.005893 0.006392
0.005893 0.006378
0.005891 0.006352
0.005887 0.010789
0.005872 0.006600
0.005867 0.005975
0.005864 0.005951
0.005859 0.005881
0.005852 0.006328
0.005850 0.008001
0.005847 0.005877
0.005847 0.006288
0.005847 0.006493
0.005839 0.006480
0.005837 0.006005
0.005836 0.006451
0.005836 0.007120
0.005833 0.007883
0.005831 0.010821
0.005831 0.007661
0.005814 0.007010
0.005812 0.006408
0.005809 0.005993
0.005799 0.005956
0.005798 0.006858
0.005794 0.005832
0.005793 0.006286
0.005787 0.006953
0.005786 0.009165
0.005778 0.006293
0.005772 0.006279
0.005762 0.007291
0.005749 0.012418
0.005748 0.007848
0.005745 0.007253
0.005744 0.006005
0.005737 0.006125
0.005735 0.006505
0.005730 0.010398
0.005721 0.005888
0.005718 0.006317
0.005713 0.006262
0.005705 0.006112
0.005705 0.006401
0.005703 0.005834
0.005695 0.005937
0.005694 0.006348
0.005693 0.007114
0.005693 0.006987
0.005691 0.006208
0.005679 0.007439
0.005679 0.005881
0.005677 0.006230
0.005677 0.006310
0.005665 0.005980
0.005657 0.012581
0.005653 0.007159
0.005642 0.006570
0.005638 0.006646
0.005637 0.007334
0.005633 0.005660
0.005629 0.005839
0.005619 0.007401
0.005616 0.008361
0.005615 0.005656
0.005612 0.007365
0.005611 0.005664
0.005598 0.006205
0.005598 0.005922
0.005596 0.007991
0.005596 0.006366
0.005591 0.006258
0.005590 0.005783
0.005589 0.006348
0.005587 0.005745
0.005585 0.008224
0.005578 0.005783
0.005577 0.008576
0.005577 0.006874
0.005577 0.006544
0.005574 0.006365
0.005572 0.007512
0.005571 0.005752
0.005566 0.007720
0.005565 0.005676
0.005562 0.009053
0.005560 0.007720
0.005552 0.007336
0.005540 0.007304
0.005538 0.005984
0.005535 0.007389
0.005535 0.005551
0.005530 0.007966
0.005522 0.006178
0.005505 0.006029
0.005499 0.007326
0.005497 0.008362
0.005497 0.005684
0.005496 0.005748
0.005491 0.008523
0.005487 0.012457
0.005487 0.007894
0.005485 0.008016
0.005485 0.005559
0.005483 0.009051
0.005475 0.008284
0.005468 0.005630
0.005466 0.005717
0.005464 0.005674
0.005459 0.005822
0.005453 0.007392
0.005452 0.006216
0.005451 0.006418
0.005445 0.005858
0.005444 0.006623
0.005442 0.005773
0.005441 0.006807
0.005436 0.005783
0.005434 0.005512
0.005429 0.005592
0.005427 0.010511
0.005424 0.005885
0.005402 0.005756
0.005394 0.006565
0.005386 0.006223
0.005386 0.006102
0.005385 0.009106
0.005384 0.005946
0.005377 0.009705
0.005377 0.011803
0.005375 0.006982
0.005374 0.005657
0.005362 0.006165
0.005360 0.006474
0.005357 0.005577
0.005356 0.005529
0.005350 0.006666
0.005348 0.005796
0.005344 0.006673
0.005340 0.006144
0.005339 0.005363
0.005331 0.008593
0.005327 0.008009
0.005322 0.006203
0.005322 0.010291
0.005318 0.005870
0.005316 0.007537
0.005313 0.007358
0.005311 0.007928
0.005308 0.006893
0.005302 0.006953
0.005295 0.005791
0.005288 0.005637
0.005287 0.005911
0.005286 0.007509
0.005283 0.008300
0.005278 0.005921
0.005276 0.007049
0.005274 0.005818
0.005274 0.005730
0.005271 0.005984
0.005266 0.006154
0.005262 0.006967
0.005261 0.005561
0.005261 0.010646
0.005259 0.005606
0.005256 0.006375
0.005253 0.005362
0.005252 0.005440
0.005252 0.007462
0.005248 0.006046
0.005242 0.007937
0.005242 0.005614
0.005242 0.005675
0.005234 0.006876
0.005234 0.005456
0.005225 0.006554
0.005225 0.005333
0.005225 0.005369
0.005223 0.006902
0.005222 0.007349
0.005220 0.007423
0.005210 0.005569
0.005207 0.006250
0.005200 0.008834
0.005200 0.006177
0.005191 0.005562
0.005191 0.010349
0.005190 0.007178
0.005188 0.005934
0.005186 0.005326
0.005184 0.006249
0.005182 0.005229
0.005181 0.005359
0.005181 0.005788
0.005180 0.005934
0.005178 0.005185
0.005175 0.005696
0.005175 0.005195
0.005174 0.005241
0.005173 0.005786
0.005162 0.005800
0.005158 0.008532
0.005153 0.009562
0.005152 0.005497
0.005148 0.006672
0.005145 0.011158
0.005143 0.005888
0.005134 0.008484
0.005134 0.006478
0.005133 0.005448
0.005131 0.005230
0.005128 0.005849
0.005127 0.005486
0.005125 0.005307
0.005121 0.006521
0.005117 0.006312
0.005116 0.009712
0.005106 0.005678
0.005106 0.008119
0.005105 0.005126
0.005105 0.005144
0.005104 0.005177
0.005101 0.005534
0.005096 0.005673
0.005094 0.006097
0.005088 0.005130
0.005088 0.007627
0.005086 0.008308
0.005085 0.009662
0.005084 0.005557
0.005079 0.005217
0.005072 0.010455
0.005067 0.009622
0.005065 0.006502
0.005065 0.006062
0.005063 0.005131
0.005059 0.006319
0.005059 0.006714
0.005059 0.005391
0.005058 0.009018
0.005050 0.005084
0.005048 0.005971
0.005048 0.005163
0.005048 0.006106
0.005042 0.006924
0.005040 0.006661
0.005037 0.005955
0.005035 0.006287
0.005028 0.008671
0.005027 0.006043
0.005022 0.007571
0.005020 0.005094
0.005019 0.008321
0.005014 0.006180
0.005008 0.007822
0.005008 0.005307
0.005008 0.006239
0.005004 0.005824
0.005004 0.005204
0.005002 0.006768
0.004991 0.005946
0.004989 0.005128
0.004987 0.005943
0.004986 0.005465
0.004971 0.005041
0.004963 0.006597
0.004952 0.006363
0.004942 0.005161
0.004939 0.005792
0.004938 0.006044
0.004937 0.005553
0.004936 0.005970
0.004935 0.005080
0.004933 0.004937
0.004932 0.004966
0.004920 0.005528
0.004919 0.008604
0.004918 0.005441
0.004918 0.006651
0.004910 0.005995
0.004910 0.005101
0.004907 0.006435
0.004903 0.005122
0.004900 0.005290
0.004900 0.007518
0.004899 0.005210
0.004896 0.006616
0.004895 0.007834
0.004894 0.005209
0.004893 0.005484
0.004888 0.005493
0.004888 0.006618
0.004885 0.008150
0.004885 0.005112
0.004880 0.008796
0.004879 0.005056
0.004878 0.006030
0.004876 0.013326
0.004875 0.004897
0.004870 0.005299
0.004857 0.005837
0.004855 0.005363
0.004853 0.008111
0.004852 0.005103
0.004851 0.005033
0.004846 0.005266
0.004840 0.007370
0.004840 0.006567
0.004839 0.005254
0.004831 0.004929
0.004830 0.005925
0.004829 0.009671
0.004826 0.005336
0.004823 0.005690
0.004819 0.005076
0.004819 0.006688
0.004812 0.004981
0.004811 0.006618
0.004810 0.006965
0.004807 0.006715
0.004804 0.006381
0.004803 0.007920
0.004802 0.005752
0.004789 0.005838
0.004781 0.004927
0.004776 0.005257
0.004775 0.005095
0.004774 0.004977
0.004774 0.005823
0.004771 0.005873
0.004752 0.005185
0.004752 0.005007
0.004750 0.005233
0.004747 0.005972
0.004744 0.007634
0.004743 0.005504
0.004743 0.006361
0.004740 0.005689
0.004739 0.009016
0.004733 0.005409
0.004730 0.005899
0.004726 0.005197
0.004724 0.005741
0.004723 0.006269
0.004719 0.005818
0.004718 0.005321
0.004713 0.005701
0.004712 0.005403
0.004710 0.006422
0.004706 0.005523
0.004703 0.007111
0.004696 0.005695
0.004693 0.004803
0.004693 0.006294
0.004690 0.004898
0.004689 0.009419
0.004687 0.005957
0.004681 0.007543
0.004681 0.006354
0.004680 0.006447
0.004674 0.006959
0.004672 0.005347
0.004670 0.005919
0.004670 0.007216
0.004665 0.008879
0.004662 0.005188
0.004659 0.005550
0.004658 0.005268
0.004654 0.006100
0.004648 0.005334
0.004642 0.005269
0.004637 0.006578
0.004637 0.006745
0.004629 0.005507
0.004621 0.006733
0.004620 0.005369
0.004620 0.006230
0.004615 0.005094
0.004614 0.005488
0.004606 0.007475
0.004604 0.005325
0.004604 0.005611
0.004603 0.004765
0.004600 0.004677
0.004598 0.006015
0.004595 0.006747
0.004592 0.004915
0.004592 0.006792
0.004591 0.005624
0.004590 0.005906
0.004586 0.004957
0.004583 0.008070
0.004576 0.004948
0.004576 0.005081
0.004576 0.004781
0.004575 0.004706
0.004570 0.004677
0.004568 0.007949
0.004567 0.006198
0.004563 0.004643
0.004563 0.004756
0.004561 0.005909
0.004558 0.004599
0.004555 0.004780
0.004553 0.006977
0.004552 0.006693
0.004546 0.004658
0.004539 0.009971
0.004532 0.004651
0.004530 0.005448
0.004528 0.004962
0.004523 0.006053
0.004522 0.004987
0.004521 0.005197
0.004516 0.004559
0.004516 0.004656
0.004513 0.004722
0.004510 0.005791
0.004506 0.005190
0.004505 0.006217
0.004503 0.004857
0.004497 0.006424
0.004488 0.004971
0.004487 0.004557
0.004486 0.004716
0.004484 0.006559
0.004483 0.004864
0.004483 0.005285
0.004478 0.005700
0.004477 0.004547
0.004473 0.004883
0.004470 0.007337
0.004469 0.005556
0.004469 0.004475
0.004464 0.005093
0.004464 0.004839
0.004463 0.006390
0.004462 0.005453
0.004459 0.005434
0.004456 0.004511
0.004455 0.006096
0.004455 0.005163
0.004454 0.008672
0.004453 0.005889
0.004451 0.004672
0.004451 0.005120
0.004450 0.006653
0.004448 0.007018
0.004440 0.004587
0.004437 0.004856
0.004437 0.005035
0.004437 0.008801
0.004434 0.004675
0.004433 0.006105
0.004433 0.004621
0.004428 0.004720
0.004427 0.005002
0.004427 0.004465
0.004419 0.004568
0.004418 0.004969
0.004417 0.004717
0.004415 0.004415
0.004411 0.004956
0.004406 0.005030
0.004405 0.004679
0.004405 0.004834
0.004400 0.004861
0.004397 0.007111
0.004394 0.005698
0.004392 0.005391
0.004390 0.007906
0.004389 0.004418
0.004388 0.005597
0.004385 0.004951
0.004385 0.008738
0.004385 0.005793
0.004375 0.004903
0.004369 0.004620
0.004358 0.006868
0.004355 0.005998
0.004353 0.004537
0.004351 0.004798
0.004346 0.004639
0.004346 0.005800
0.004345 0.004744
0.004344 0.004586
0.004339 0.006075
0.004337 0.004934
0.004333 0.007905
0.004331 0.006505
0.004329 0.004793
0.004328 0.004404
0.004327 0.004404
0.004324 0.006585
0.004322 0.004906
0.004321 0.004716
0.004315 0.005693
0.004314 0.006415
0.004293 0.005667
0.004291 0.004965
0.004291 0.010708
0.004289 0.005371
0.004289 0.004299
0.004287 0.004389
0.004286 0.006078
0.004283 0.004585
0.004281 0.005130
0.004281 0.005210
0.004280 0.007675
0.004277 0.004420
0.004276 0.005415
0.004276 0.007323
0.004275 0.006186
0.004273 0.004333
0.004271 0.004690
0.004263 0.004314
0.004262 0.004359
0.004259 0.005239
0.004258 0.004411
0.004254 0.006714
0.004251 0.004815
0.004249 0.004763
0.004248 0.004772
0.004248 0.004427
0.004247 0.004273
0.004247 0.004845
0.004239 0.007632
0.004237 0.006027
0.004236 0.005060
0.004231 0.004341
0.004229 0.005066
0.004229 0.004910
0.004223 0.008968
0.004223 0.007312
0.004222 0.004606
0.004218 0.005578
0.004218 0.006621
0.004217 0.004825
0.004217 0.005894
0.004216 0.005794
0.004214 0.004311
0.004210 0.004525
0.004205 0.005998
0.004204 0.004541
0.004203 0.004301
0.004201 0.004228
0.004199 0.004622
0.004199 0.004257
0.004198 0.004913
0.004192 0.006948
0.004191 0.006473
0.004190 0.006686
0.004186 0.005243
0.004184 0.004192
0.004180 0.006794
0.004173 0.004975
0.004173 0.005724
0.004173 0.005208
0.004171 0.005323
0.004170 0.010975
0.004168 0.005257
0.004166 0.006662
0.004165 0.004636
0.004165 0.006943
0.004161 0.006417
0.004161 0.006373
0.004159 0.008249
0.004154 0.004884
0.004153 0.004280
0.004146 0.006099
0.004145 0.004177
0.004145 0.004824
0.004144 0.005459
0.004143 0.005073
0.004142 0.004901
0.004141 0.006996
0.004140 0.005257
0.004134 0.004333
0.004134 0.004782
0.004129 0.004250
0.004128 0.004327
0.004128 0.004696
0.004125 0.005112
0.004123 0.004572
0.004122 0.004298
0.004120 0.005180
0.004115 0.005094
0.004114 0.006323
0.004114 0.006306
0.004112 0.004871
0.004109 0.006741
0.004107 0.004802
0.004105 0.004360
0.004098 0.005602
0.004098 0.005253
0.004094 0.004376
0.004094 0.006320
0.004093 0.004182
0.004091 0.004494
0.004089 0.005077
0.004088 0.004094
0.004085 0.006380
0.004079 0.006973
0.004078 0.005361
0.004077 0.008883
0.004077 0.005465
0.004075 0.004490
0.004070 0.004869
0.004070 0.004244
0.004068 0.005114
0.004067 0.004318
0.004066 0.005205
0.004058 0.004985
0.004052 0.004798
0.004051 0.006662
0.004051 0.005012
0.004049 0.005234
0.004049 0.006520
0.004049 0.004121
0.004049 0.005355
0.004048 0.004550
0.004047 0.004576
0.004047 0.005579
0.004040 0.005431
0.004036 0.004490
0.004033 0.004568
0.004032 0.007003
0.004030 0.004948
0.004028 0.004062
0.004027 0.005040
0.004027 0.004854
0.004024 0.005043
0.004020 0.004195
0.004018 0.004295
0.004017 0.004799
0.004017 0.004213
0.004016 0.004579
0.004015 0.007337
0.004013 0.004576
0.004013 0.004257
0.004010 0.004137
0.004009 0.004710
0.004009 0.005352
0.004007 0.007717
0.004006 0.004035
0.004006 0.005575
0.004005 0.005318
0.004005 0.006439
0.004003 0.007159
0.004002 0.004390
0.004000 0.004393
0.003999 0.007031
0.003998 0.004183
0.003994 0.004856
0.003991 0.004232
0.003990 0.004939
0.003989 0.004644
0.003986 0.004439
0.003985 0.009152
0.003982 0.005641
0.003982 0.005479
0.003976 0.005553
0.003975 0.003979
0.003973 0.006345
0.003967 0.004799
0.003966 0.004170
0.003964 0.004864
0.003963 0.005942
0.003957 0.004052
0.003951 0.003990
0.003951 0.005058
0.003947 0.004407
0.003946 0.005104
0.003942 0.004535
0.003940 0.004790
0.003938 0.004175
0.003937 0.004152
0.003935 0.005686
0.003934 0.007060
0.003932 0.004341
0.003924 0.004061
0.003923 0.003965
0.003921 0.006080
0.003916 0.005548
0.003906 0.005040
0.003902 0.007244
0.003900 0.004013
0.003899 0.004349
0.003898 0.005640
0.003896 0.004562
0.003896 0.004505
0.003893 0.006199
0.003892 0.004024
0.003889 0.005450
0.003886 0.005047
0.003885 0.004845
0.003884 0.004805
0.003882 0.004163
0.003876 0.006518
0.003876 0.004006
0.003874 0.007749
0.003865 0.009813
0.003863 0.003920
0.003863 0.007696
0.003859 0.005676
0.003856 0.004168
0.003855 0.005180
0.003853 0.003949
0.003845 0.004164
0.003845 0.006123
0.003843 0.006738
0.003841 0.004663
0.003841 0.004027
0.003840 0.004186
0.003835 0.005266
0.003833 0.004781
0.003833 0.004727
0.003832 0.005014
0.003829 0.004388
0.003826 0.009758
0.003824 0.004167
0.003821 0.004947
0.003820 0.004081
0.003817 0.004384
0.003817 0.005285
0.003814 0.004233
0.003813 0.004203
0.003812 0.004197
0.003811 0.006888
0.003805 0.004247
0.003804 0.005523
0.003804 0.004336
0.003802 0.005569
0.003802 0.011713
0.003801 0.004032
0.003800 0.006251
0.003796 0.007403
0.003794 0.003902
0.003793 0.003899
0.003793 0.005286
0.003791 0.004222
0.003788 0.003909
0.003787 0.004002
0.003776 0.004178
0.003776 0.004624
0.003773 0.003881
0.003772 0.004227
0.003770 0.005353
0.003770 0.005295
0.003769 0.003851
0.003768 0.007160
0.003768 0.004350
0.003766 0.003960
0.003765 0.003978
0.003762 0.006973
0.003760 0.005124
0.003758 0.003974
0.003758 0.004251
0.003755 0.005573
0.003755 0.005430
0.003755 0.006812
0.003753 0.003790
0.003751 0.004030
0.003749 0.003991
0.003747 0.006180
0.003744 0.004440
0.003743 0.003932
0.003740 0.004912
0.003738 0.006463
0.003738 0.003776
0.003738 0.005179
0.003734 0.003837
0.003731 0.004556
0.003728 0.004732
0.003726 0.004188
0.003724 0.004136
0.003723 0.003813
0.003722 0.004639
0.003722 0.003797
0.003719 0.003730
0.003719 0.004258
0.003718 0.008745
0.003717 0.003905
0.003713 0.004837
0.003709 0.004049
0.003706 0.004221
0.003705 0.004139
0.003703 0.005446
0.003701 0.003826
0.003699 0.006509
0.003692 0.003749
0.003689 0.004716
0.003680 0.003893
0.003680 0.005659
0.003680 0.004205
0.003678 0.004917
0.003677 0.005184
0.003675 0.005039
0.003673 0.004027
0.003673 0.008400
0.003672 0.003764
0.003672 0.003838
0.003671 0.003954
0.003671 0.004024
0.003659 0.004293
0.003656 0.004893
0.003655 0.004192
0.003654 0.005166
0.003652 0.003848
0.003650 0.004148
0.003644 0.004008
0.003643 0.004949
0.003643 0.004077
0.003643 0.005639
0.003641 0.005941
0.003640 0.006504
0.003638 0.004687
0.003637 0.003650
0.003633 0.004047
0.003632 0.007166
0.003625 0.003870
0.003623 0.004210
0.003621 0.003827
0.003615 0.004451
0.003614 0.005486
0.003614 0.007589
0.003612 0.005676
0.003611 0.003810
0.003610 0.004558
0.003606 0.003853
0.003605 0.005353
0.003605 0.004115
0.003605 0.005267
0.003603 0.005310
0.003602 0.003618
0.003602 0.003894
0.003599 0.004126
0.003596 0.005630
0.003595 0.005179
0.003592 0.003661
0.003592 0.003744
0.003589 0.008413
0.003587 0.003630
0.003580 0.007240
0.003579 0.005757
0.003577 0.003634
0.003570 0.003945
0.003568 0.003833
0.003568 0.005722
0.003567 0.003685
0.003565 0.006532
0.003565 0.003970
0.003564 0.005238
0.003563 0.003653
0.003559 0.004156
0.003555 0.004329
0.003553 0.004921
0.003553 0.004737
0.003551 0.006840
0.003551 0.005397
0.003550 0.004068
0.003549 0.003816
0.003544 0.004292
0.003541 0.005638
0.003541 0.004841
0.003541 0.003977
0.003541 0.005210
0.003540 0.003657
0.003526 0.003551
0.003526 0.005174
0.003523 0.006125
0.003521 0.004399
0.003520 0.004749
0.003517 0.004139
0.003508 0.003896
0.003508 0.004220
0.003507 0.005364
0.003506 0.006921
0.003499 0.005912
0.003495 0.006552
0.003490 0.007128
0.003487 0.004689
0.003487 0.004022
0.003487 0.004239
0.003484 0.005552
0.003482 0.003493
0.003470 0.003567
0.003470 0.003817
0.003469 0.003692
0.003465 0.003529
0.003465 0.003934
0.003464 0.004260
0.003464 0.003535
0.003456 0.004321
0.003456 0.004610
0.003456 0.003492
0.003455 0.003709
0.003452 0.003797
0.003450 0.004434
0.003445 0.005704
0.003437 0.004884
0.003436 0.005726
0.003434 0.003546
0.003430 0.004386
0.003428 0.005089
0.003426 0.003700
0.003423 0.003813
0.003422 0.004257
0.003415 0.004526
0.003410 0.004244
0.003405 0.005608
0.003400 0.003658
0.003400 0.004583
0.003399 0.003893
0.003397 0.003460
0.003397 0.004158
0.003395 0.005152
0.003394 0.005053
0.003388 0.003942
0.003387 0.004421
0.003384 0.004982
0.003381 0.003722
0.003379 0.005583
0.003377 0.003639
0.003376 0.003391
0.003376 0.004361
0.003375 0.003504
0.003374 0.005143
0.003373 0.003634
0.003371 0.003926
0.003371 0.003897
0.003370 0.008065
0.003364 0.003776
0.003362 0.003624
0.003357 0.005509
0.003356 0.003896
0.003354 0.004870
0.003347 0.003957
0.003342 0.003901
0.003339 0.005458
0.003335 0.003401
0.003329 0.004379
0.003327 0.003930
0.003325 0.003344
0.003324 0.003947
0.003321 0.003803
0.003321 0.004119
0.003319 0.003405
0.003318 0.004063
0.003317 0.005868
0.003316 0.003373
0.003315 0.004039
0.003312 0.004114
0.003311 0.004258
0.003305 0.006339
0.003304 0.003489
0.003302 0.003530
0.003302 0.003782
0.003302 0.007383
0.003302 0.004142
0.003298 0.004011
0.003298 0.003354
0.003297 0.003677
0.003295 0.004842
0.003294 0.003673
0.003293 0.004029
0.003293 0.003692
0.003290 0.003843
0.003289 0.003329
0.003288 0.003620
0.003281 0.004500
0.003281 0.003347
0.003279 0.004656
0.003275 0.003460
0.003268 0.004147
0.003263 0.006698
0.003262 0.004317
0.003262 0.005700
0.003262 0.004286
0.003262 0.003992
0.003261 0.005620
0.003256 0.004399
0.003256 0.003967
0.003250 0.004210
0.003250 0.004498
0.003247 0.003296
0.003243 0.004706
0.003238 0.006819
0.003236 0.005063
0.003234 0.003694
0.003234 0.008029
0.003234 0.005706
0.003233 0.005599
0.003233 0.005847
0.003233 0.003712
0.003224 0.005737
0.003223 0.003372
0.003222 0.003504
0.003219 0.004076
0.003217 0.003341
0.003214 0.006987
0.003210 0.003526
0.003210 0.006218
0.003209 0.004061
0.003205 0.003917
0.003204 0.004954
0.003201 0.003675
0.003201 0.004763
0.003199 0.003930
0.003194 0.003751
0.003192 0.004180
0.003190 0.006342
0.003187 0.003684
0.003182 0.004119
0.003181 0.007924
0.003178 0.004158
0.003177 0.004702
0.003175 0.004220
0.003174 0.003690
0.003174 0.003947
0.003173 0.004338
0.003171 0.005084
0.003168 0.003637
0.003166 0.003330
0.003163 0.003174
0.003163 0.003267
0.003156 0.005483
0.003155 0.003164
0.003151 0.004241
0.003148 0.003450
0.003148 0.005475
0.003136 0.004008
0.003135 0.006495
0.003135 0.003235
0.003135 0.004149
0.003129 0.006516
0.003128 0.006100
0.003122 0.003463
0.003120 0.003179
0.003117 0.003534
0.003115 0.003822
0.003114 0.003567
0.003110 0.003312
0.003108 0.003724
0.003106 0.003383
0.003105 0.004646
0.003103 0.003860
0.003102 0.004237
0.003095 0.003222
0.003095 0.003474
0.003086 0.003455
0.003086 0.005391
0.003084 0.006821
0.003080 0.003523
0.003078 0.003563
0.003076 0.003820
0.003074 0.003330
0.003068 0.003224
0.003066 0.008574
0.003065 0.003220
0.003055 0.003742
0.003054 0.003164
0.003052 0.005163
0.003049 0.003105
0.003047 0.003569
0.003046 0.003427
0.003046 0.003193
0.003044 0.003051
0.003043 0.004542
0.003039 0.003218
0.003034 0.003483
0.003034 0.004463
0.003028 0.003163
0.003025 0.003780
0.003023 0.003061
0.003022 0.003696
0.003021 0.005123
0.003020 0.003513
0.003013 0.004451
0.003012 0.003345
0.003005 0.004595
0.003005 0.003095
0.003002 0.003210
0.003002 0.003549
0.003001 0.004216
0.003001 0.003679
0.002994 0.005996
0.002994 0.003099
0.002993 0.003091
0.002992 0.003308
0.002991 0.003995
0.002991 0.004039
0.002989 0.003974
0.002987 0.003187
0.002986 0.006353
0.002978 0.003390
0.002973 0.004021
0.002971 0.003349
0.002970 0.003061
0.002967 0.002986
0.002966 0.005561
0.002962 0.003058
0.002956 0.003287
0.002953 0.004091
0.002947 0.003284
0.002945 0.003372
0.002945 0.005153
0.002944 0.003129
0.002942 0.004418
0.002941 0.003795
0.002935 0.003176
0.002935 0.004108
0.002933 0.003296
0.002929 0.004098
0.002928 0.003725
0.002921 0.003291
0.002920 0.003120
0.002914 0.005193
0.002913 0.003427
0.002913 0.003081
0.002912 0.003341
0.002911 0.002928
0.002909 0.003715
0.002907 0.003311
0.002906 0.002914
0.002906 0.004480
0.002906 0.002910
0.002905 0.003007
0.002902 0.003804
0.002901 0.004842
0.002900 0.004147
0.002898 0.004394
0.002897 0.002922
0.002897 0.003673
0.002896 0.003440
0.002890 0.003027
0.002885 0.003030
0.002885 0.003123
0.002884 0.003163
0.002881 0.003246
0.002881 0.005572
0.002879 0.003433
0.002876 0.005317
0.002872 0.003169
0.002868 0.003723
0.002850 0.003845
0.002849 0.002907
0.002844 0.002980
0.002836 0.003685
0.002830 0.003505
0.002823 0.003763
0.002816 0.003702
0.002800 0.002834
0.002800 0.002953
0.002791 0.004613
0.002785 0.003457
0.002785 0.002832
0.002785 0.003051
0.002784 0.002784
0.002778 0.003060
0.002776 0.003039
0.002774 0.002884
0.002766 0.003219
0.002757 0.004188
0.002756 0.002967
0.002746 0.002941
0.002736 0.003191
0.002729 0.003811
0.002729 0.003440
0.002721 0.002897
0.002714 0.003137
0.002712 0.002776
0.002712 0.003674
0.002711 0.002988
0.002706 0.003115
0.002705 0.003328
0.002701 0.002846
0.002697 0.002930
0.002696 0.003505
0.002691 0.002836
0.002681 0.003485
0.002678 0.002862
0.002676 0.002838
0.002676 0.002951
0.002672 0.003280
0.002660 0.004112
0.002657 0.003618
0.002655 0.002828
0.002652 0.002695
0.002641 0.002669
0.002640 0.004883
0.002636 0.002898
0.002622 0.002707
0.002617 0.003132
0.002608 0.003361
0.002604 0.002918
0.002603 0.004224
0.002598 0.002954
0.002596 0.003479
0.002588 0.003076
0.002587 0.003183
0.002580 0.003416
0.002578 0.002932
0.002576 0.002992
0.002572 0.002994
0.002571 0.003397
0.002569 0.004055
0.002559 0.003592
0.002557 0.002709
0.002554 0.002852
0.002550 0.003124
0.002533 0.002743
0.002531 0.002737
0.002527 0.002619
0.002522 0.003118
0.002515 0.002857
0.002509 0.003079
0.002499 0.002616
0.002489 0.003081
0.002486 0.003052
0.002479 0.002523
0.002478 0.002945
0.002478 0.003076
0.002470 0.002555
0.002465 0.002518
0.002462 0.003401
0.002458 0.002603
0.002457 0.002949
0.002456 0.002488
0.002450 0.002821
0.002444 0.002596
0.002426 0.003068
0.002424 0.002462
0.002411 0.003054
0.002406 0.002708
0.002402 0.002423
0.002386 0.002894
0.002383 0.002520
0.002376 0.002500
0.002365 0.003019
0.002365 0.004591
0.002364 0.003683
0.002355 0.003087
0.002353 0.002505
0.002352 0.003089
0.002352 0.003357
0.002348 0.002388
0.002306 0.002782
0.002291 0.002358
0.002290 0.002867
0.002278 0.002668
0.002275 0.002313
0.002273 0.002339
0.002262 0.002373
0.002253 0.002354
0.002251 0.002609
0.002250 0.002317
0.002248 0.002259
0.002247 0.003014
0.002243 0.002300
0.002225 0.003424
0.002222 0.002340
0.002215 0.002639
0.002213 0.002779
0.002207 0.003574
0.002205 0.002274
0.002201 0.002278
0.002199 0.002202
0.002199 0.002746
0.002198 0.002298
0.002194 0.002770
0.002187 0.002415
0.002180 0.002369
0.002169 0.002178
0.002148 0.002346
0.002143 0.002221
0.002135 0.002173
0.002119 0.002203
0.002104 0.002105
0.002103 0.002424
0.002103 0.002380
0.002092 0.002355
0.002080 0.002189
0.002074 0.003382
0.002050 0.002245
0.002047 0.002057
0.002008 0.002421
0.002005 0.002068
0.001999 0.002179
0.001988 0.002372
0.001988 0.002616
0.001984 0.002216
0.001983 0.002539
0.001956 0.002361
0.001948 0.002396
0.001944 0.002185
0.001941 0.002472
0.001917 0.002049
0.001909 0.002134
0.001908 0.002054
0.001898 0.001967
0.001848 0.003450
0.001834 0.001873
0.001833 0.002203
0.001833 0.001889
0.001812 0.002393
0.001801 0.001876
0.001786 0.001870
0.001758 0.002018
0.001709 0.002085
0.001699 0.002251
0.001667 0.001911
0.001600 0.001708
0.001593 0.001678
0.001569 0.002049
0.001552 0.001659
0.001545 0.001726
0.001541 0.001705
0.001536 0.001594
0.001524 0.001735
0.001521 0.001549
0.001496 0.001562
0.001492 0.001620
0.001395 0.001838
0.001373 0.001392
0.001303 0.001337
0.001130 0.001407
0.000894 0.000936
