0.115361 0.155220
0.110806 0.113312
0.110338 0.129285
0.087946 0.092404
0.083708 0.087706
0.079709 0.130147
0.071929 0.072164
0.071069 0.074428
0.065956 0.066683
0.065030 0.072502
0.061810 0.063576
0.055862 0.064903
0.055363 0.056887
0.053348 0.075971
0.052282 0.057784
0.052224 0.065351
0.048213 0.049910
0.046914 0.055141
0.045011 0.048670
0.044913 0.047089
0.043951 0.055261
0.043506 0.054333
0.043451 0.044640
0.043323 0.050584
0.042067 0.065581
0.042059 0.054779
0.042053 0.046516
0.040072 0.043007
0.040049 0.058164
0.039920 0.040779
0.039736 0.040367
0.037266 0.038225
0.037213 0.040775
0.036589 0.047305
0.036547 0.036884
0.036218 0.057990
0.036109 0.039691
0.036047 0.047419
0.035913 0.036960
0.035538 0.048162
0.034822 0.034920
0.034673 0.047595
0.034523 0.039647
0.034516 0.037995
0.034307 0.034697
0.034112 0.042140
0.033907 0.042107
0.033487 0.037959
0.033364 0.043787
0.033275 0.040925
0.032985 0.036133
0.032517 0.045669
0.032470 0.036704
0.031859 0.044280
0.031802 0.048144
0.031793 0.032168
0.031523 0.038004
0.031506 0.031807
0.031488 0.032889
0.031232 0.036151
0.031168 0.033405
0.031161 0.036744
0.031136 0.047612
0.031133 0.035527
0.031132 0.037386
0.030838 0.034850
0.030704 0.038890
0.030689 0.030693
0.030682 0.036683
0.030579 0.050816
0.030471 0.056239
0.030376 0.042606
0.030173 0.035147
0.030029 0.049528
0.029857 0.035385
0.029727 0.047790
0.029647 0.040382
0.029102 0.030018
0.029094 0.032230
0.029050 0.038066
0.028794 0.031063
0.028746 0.041582
0.028727 0.040178
0.028680 0.037881
0.028665 0.029266
0.028587 0.032016
0.028534 0.031311
0.028367 0.032843
0.028333 0.029259
0.028282 0.029517
0.028170 0.030931
0.028102 0.030315
0.028061 0.031156
0.027936 0.031575
0.027900 0.032680
0.027890 0.029898
0.027821 0.034795
0.027803 0.029650
0.027800 0.039173
0.027754 0.032828
0.027745 0.036281
0.027594 0.030434
0.027590 0.030092
0.027559 0.028730
0.027305 0.035347
0.027279 0.033963
0.027116 0.034083
0.027110 0.029069
0.027099 0.036285
0.027091 0.042963
0.027037 0.027692
0.026972 0.027157
0.026909 0.030102
0.026871 0.034576
0.026702 0.029615
0.026670 0.033558
0.026641 0.027147
0.026614 0.036873
0.026593 0.026754
0.026556 0.033112
0.026522 0.029686
0.026499 0.031155
0.026460 0.032443
0.026422 0.029494
0.026345 0.031316
0.026319 0.027496
0.026246 0.032012
0.026229 0.029590
0.026224 0.032655
0.026183 0.027097
0.026149 0.030586
0.025964 0.031183
0.025938 0.026890
0.025931 0.032592
0.025896 0.040673
0.025807 0.039823
0.025750 0.026449
0.025711 0.027347
0.025704 0.025794
0.025682 0.034807
0.025623 0.030111
0.025533 0.027181
0.025443 0.026485
0.025362 0.032027
0.025333 0.028331
0.025301 0.027311
0.025262 0.033865
0.025242 0.025337
0.025163 0.041191
0.025152 0.026230
0.025133 0.026956
0.025099 0.033675
0.025083 0.026991
0.025023 0.025704
0.024983 0.025071
0.024946 0.048629
0.024850 0.032569
0.024830 0.034038
0.024808 0.040995
0.024792 0.026741
0.024785 0.027529
0.024764 0.028435
0.024624 0.031536
0.024623 0.024756
0.024589 0.029793
0.024579 0.042771
0.024534 0.035431
0.024519 0.025006
0.024496 0.026607
0.024436 0.024512
0.024367 0.027012
0.024333 0.028614
0.024312 0.029076
0.024309 0.025708
0.024264 0.026265
0.024158 0.031239
0.024114 0.030423
0.024034 0.024542
0.024028 0.024501
0.023985 0.034948
0.023967 0.027050
0.023956 0.024277
0.023948 0.025436
0.023922 0.027173
0.023873 0.032060
0.023871 0.026390
0.023819 0.028623
0.023808 0.028008
0.023806 0.026983
0.023775 0.025121
0.023765 0.025461
0.023733 0.024314
0.023728 0.044716
0.023716 0.024604
0.023711 0.029745
0.023682 0.027529
0.023640 0.023742
0.023626 0.024320
0.023562 0.025804
0.023521 0.023866
0.023445 0.026532
0.023371 0.034624
0.023331 0.035964
0.023305 0.024677
0.023283 0.025485
0.023220 0.027433
0.023145 0.023464
0.023108 0.023258
0.023107 0.028619
0.023051 0.031883
0.023048 0.031272
0.023016 0.023895
0.022980 0.029305
0.022951 0.027441
0.022941 0.023632
0.022885 0.025623
0.022867 0.026337
0.022855 0.027725
0.022809 0.024259
0.022808 0.032264
0.022791 0.024650
0.022721 0.022871
0.022699 0.024995
0.022657 0.031440
0.022634 0.024274
0.022602 0.028292
0.022539 0.024184
0.022512 0.025612
0.022473 0.029293
0.022471 0.023112
0.022468 0.022861
0.022397 0.025697
0.022385 0.041909
0.022381 0.025546
0.022352 0.042139
0.022319 0.027560
0.022313 0.036243
0.022257 0.023619
0.022247 0.027581
0.022157 0.024615
0.022132 0.023957
0.022112 0.032027
0.022093 0.027859
0.022059 0.023156
0.022051 0.022466
0.022044 0.025765
0.022043 0.022302
0.021979 0.025589
0.021963 0.025377
0.021941 0.031019
0.021929 0.025975
0.021891 0.028501
0.021869 0.023263
0.021807 0.029985
0.021789 0.024107
0.021714 0.028269
0.021686 0.024409
0.021631 0.023480
0.021594 0.033798
0.021552 0.021755
0.021543 0.028162
0.021524 0.023170
0.021518 0.037161
0.021400 0.021672
0.021390 0.022437
0.021376 0.025209
0.021296 0.023571
0.021288 0.029683
0.021250 0.025524
0.021243 0.026526
0.021213 0.021830
0.021156 0.022347
0.021151 0.025754
0.021146 0.026433
0.021128 0.026640
0.021127 0.027136
0.021121 0.033965
0.021069 0.024376
0.020990 0.022517
0.020974 0.021502
0.020966 0.024887
0.020923 0.021334
0.020921 0.024463
0.020914 0.023957
0.020912 0.027572
0.020904 0.025153
0.020894 0.023544
0.020871 0.024870
0.020832 0.028859
0.020819 0.020906
0.020813 0.021050
0.020773 0.022546
0.020712 0.022028
0.020695 0.022141
0.020640 0.021674
0.020622 0.025866
0.020614 0.022719
0.020590 0.026346
0.020573 0.029762
0.020541 0.022014
0.020530 0.021802
0.020491 0.026893
0.020469 0.033097
0.020432 0.030959
0.020401 0.025589
0.020395 0.024417
0.020382 0.027274
0.020325 0.031782
0.020325 0.020800
0.020303 0.021981
0.020297 0.020609
0.020250 0.026243
0.020241 0.038908
0.020221 0.041028
0.020191 0.025151
0.020175 0.024060
0.020159 0.032875
0.020093 0.021172
0.020083 0.036634
0.020045 0.023815
0.020034 0.033521
0.020013 0.035339
0.019980 0.021377
0.019969 0.020057
0.019965 0.027613
0.019916 0.019985
0.019913 0.024944
0.019904 0.021078
0.019856 0.022717
0.019853 0.026645
0.019808 0.024181
0.019802 0.023046
0.019796 0.021046
0.019795 0.021689
0.019788 0.021277
0.019774 0.027579
0.019750 0.021313
0.019723 0.038117
0.019698 0.021790
0.019688 0.036460
0.019646 0.024458
0.019625 0.023958
0.019622 0.032409
0.019617 0.033597
0.019610 0.020874
0.019602 0.024598
0.019596 0.020825
0.019590 0.024197
0.019588 0.033728
0.019577 0.022529
0.019566 0.020399
0.019564 0.031408
0.019530 0.033824
0.019512 0.021179
0.019507 0.022477
0.019490 0.024398
0.019451 0.020106
0.019436 0.021808
0.019433 0.021975
0.019407 0.021727
0.019405 0.030637
0.019397 0.024229
0.019385 0.021438
0.019376 0.024517
0.019365 0.037359
0.019336 0.020004
0.019323 0.019717
0.019285 0.020553
0.019263 0.024311
0.019242 0.023286
0.019234 0.019840
0.019234 0.021118
0.019228 0.030536
0.019220 0.022635
0.019216 0.021419
0.019212 0.022307
0.019179 0.024229
0.019169 0.020199
0.019166 0.019535
0.019143 0.020883
0.019066 0.023507
0.019055 0.021234
0.019025 0.023608
0.019011 0.019579
0.018982 0.070719
0.018936 0.022515
0.018930 0.024633
0.018925 0.019981
0.018886 0.022279
0.018879 0.021388
0.018871 0.019279
0.018853 0.023624
0.018801 0.018893
0.018800 0.025071
0.018775 0.023180
0.018772 0.021166
0.018765 0.023179
0.018688 0.018987
0.018679 0.020549
0.018650 0.022817
0.018626 0.023897
0.018622 0.021854
0.018596 0.020117
0.018591 0.018723
0.018517 0.026308
0.018492 0.021499
0.018486 0.025408
0.018472 0.021923
0.018471 0.028143
0.018453 0.021153
0.018428 0.024177
0.018357 0.018652
0.018320 0.018589
0.018311 0.021708
0.018302 0.028624
0.018287 0.018955
0.018273 0.036712
0.018263 0.022850
0.018253 0.027744
0.018236 0.019126
0.018223 0.021497
0.018208 0.021980
0.018205 0.019471
0.018199 0.022304
0.018184 0.022847
0.018183 0.019804
0.018161 0.028142
0.018155 0.018547
0.018154 0.019652
0.018141 0.028766
0.018124 0.022543
0.018113 0.018494
0.018101 0.018506
0.018093 0.023006
0.018052 0.020966
0.018040 0.022141
0.018031 0.023194
0.018018 0.021374
0.018014 0.020343
0.018002 0.018116
0.018001 0.022977
0.017993 0.022828
0.017992 0.020361
0.017920 0.022244
0.017917 0.018708
0.017916 0.019289
0.017864 0.018290
0.017861 0.019766
0.017834 0.017845
0.017811 0.025743
0.017780 0.017879
0.017771 0.027512
0.017759 0.025224
0.017733 0.020211
0.017674 0.021840
0.017655 0.017766
0.017649 0.024067
0.017648 0.018052
0.017625 0.022777
0.017624 0.018452
0.017620 0.032081
0.017617 0.021563
0.017612 0.018235
0.017608 0.024109
0.017599 0.017762
0.017585 0.019666
0.017581 0.022559
0.017573 0.027021
0.017571 0.018089
0.017542 0.019991
0.017537 0.017714
0.017499 0.017722
0.017452 0.037033
0.017446 0.018687
0.017418 0.026453
0.017375 0.022670
0.017366 0.019930
0.017353 0.017390
0.017341 0.021649
0.017328 0.029119
0.017298 0.027238
0.017295 0.017993
0.017293 0.017817
0.017289 0.026353
0.017264 0.017470
0.017233 0.019002
0.017222 0.021804
0.017210 0.022597
0.017206 0.019118
0.017205 0.017902
0.017159 0.023864
0.017145 0.018387
0.017123 0.025744
0.017112 0.017539
0.017104 0.018007
0.017081 0.028362
0.017079 0.021839
0.017074 0.017626
0.017073 0.018814
0.017069 0.021294
0.017063 0.020840
0.017050 0.018270
0.017043 0.017443
0.017030 0.020427
0.017030 0.018291
0.016981 0.017676
0.016956 0.019810
0.016934 0.019192
0.016929 0.021127
0.016928 0.019393
0.016898 0.024509
0.016895 0.023089
0.016888 0.017609
0.016888 0.017731
0.016888 0.020034
0.016862 0.017739
0.016850 0.019329
0.016837 0.022726
0.016828 0.017254
0.016821 0.023246
0.016799 0.016969
0.016779 0.022606
0.016774 0.018062
0.016756 0.025374
0.016744 0.017749
0.016734 0.018317
0.016729 0.019102
0.016718 0.019787
0.016713 0.021082
0.016711 0.022119
0.016694 0.018095
0.016674 0.016787
0.016645 0.024927
0.016635 0.020083
0.016616 0.019520
0.016609 0.017883
0.016595 0.020228
0.016577 0.018350
0.016573 0.020650
0.016569 0.017227
0.016550 0.016837
0.016544 0.017360
0.016534 0.022176
0.016530 0.019110
0.016519 0.016521
0.016512 0.017905
0.016509 0.019474
0.016508 0.016696
0.016500 0.022837
0.016493 0.020325
0.016483 0.017746
0.016476 0.019491
0.016472 0.025826
0.016471 0.016657
0.016462 0.016502
0.016461 0.017174
0.016458 0.019774
0.016454 0.021255
0.016419 0.017238
0.016403 0.019202
0.016375 0.025095
0.016371 0.030418
0.016369 0.028359
0.016348 0.018613
0.016348 0.032684
0.016339 0.017112
0.016326 0.017589
0.016309 0.017926
0.016274 0.020313
0.016258 0.021791
0.016251 0.017929
0.016250 0.016873
0.016221 0.026780
0.016194 0.019032
0.016189 0.016479
0.016167 0.017697
0.016164 0.021415
0.016163 0.019915
0.016162 0.028775
0.016160 0.018455
0.016154 0.020524
0.016153 0.017975
0.016153 0.016544
0.016152 0.022863
0.016138 0.017111
0.016136 0.023824
0.016132 0.016683
0.016114 0.021549
0.016111 0.016156
0.016099 0.019304
0.016096 0.016293
0.016090 0.024997
0.016078 0.034592
0.016070 0.038271
0.016069 0.027497
0.016042 0.023443
0.016030 0.017463
0.016024 0.017005
0.016010 0.021672
0.015999 0.018968
0.015992 0.018971
0.015983 0.016476
0.015982 0.016046
0.015966 0.017362
0.015966 0.027784
0.015961 0.016095
0.015958 0.017746
0.015927 0.020075
0.015919 0.019603
0.015902 0.021434
0.015889 0.019036
0.015883 0.017393
0.015878 0.021849
0.015824 0.021439
0.015824 0.017911
0.015804 0.017246
0.015752 0.024603
0.015698 0.023230
0.015652 0.018521
0.015627 0.016580
0.015605 0.016214
0.015602 0.019768
0.015598 0.021562
0.015565 0.017868
0.015550 0.024794
0.015541 0.018022
0.015536 0.019110
0.015525 0.030540
0.015481 0.016729
0.015472 0.028951
0.015444 0.016090
0.015420 0.018040
0.015418 0.016941
0.015416 0.016239
0.015394 0.017533
0.015380 0.016572
0.015372 0.022342
0.015336 0.030233
0.015330 0.016633
0.015317 0.018475
0.015317 0.025966
0.015316 0.016748
0.015296 0.018437
0.015272 0.020573
0.015252 0.025344
0.015243 0.021652
0.015243 0.018011
0.015233 0.018007
0.015232 0.020097
0.015229 0.016301
0.015223 0.017924
0.015217 0.020339
0.015204 0.016526
0.015198 0.025180
0.015196 0.017552
0.015173 0.015196
0.015152 0.024083
0.015137 0.016062
0.015134 0.021736
0.015122 0.021829
0.015108 0.021641
0.015093 0.020815
0.015061 0.016627
0.015059 0.020768
0.015050 0.022084
0.015049 0.020405
0.015034 0.022473
0.015021 0.016021
0.014997 0.027104
0.014978 0.017682
0.014965 0.016704
0.014934 0.019994
0.014924 0.017914
0.014919 0.015282
0.014903 0.020017
0.014898 0.015594
0.014889 0.019671
0.014877 0.015194
0.014854 0.016233
0.014852 0.016044
0.014849 0.015044
0.014842 0.015059
0.014836 0.018617
0.014816 0.016063
0.014810 0.015052
0.014789 0.015711
0.014782 0.018274
0.014773 0.016854
0.014757 0.015706
0.014752 0.019144
0.014703 0.021661
0.014684 0.015387
0.014680 0.015695
0.014666 0.015351
0.014641 0.019505
0.014640 0.018723
0.014634 0.023748
0.014630 0.021407
0.014628 0.014778
0.014603 0.016581
0.014602 0.033393
0.014602 0.014658
0.014592 0.020318
0.014561 0.015143
0.014554 0.014815
0.014542 0.014655
0.014539 0.019397
0.014514 0.014731
0.014479 0.014525
0.014478 0.015723
0.014475 0.020782
0.014430 0.025593
0.014426 0.017029
0.014417 0.014632
0.014411 0.017624
0.014399 0.019842
0.014377 0.015066
0.014374 0.016623
0.014350 0.019957
0.014350 0.014967
0.014342 0.018953
0.014327 0.019386
0.014319 0.018326
0.014312 0.018567
0.014309 0.014590
0.014307 0.015193
0.014305 0.015953
0.014302 0.016983
0.014301 0.016065
0.014300 0.017760
0.014298 0.017016
0.014288 0.022378
0.014284 0.016811
0.014284 0.021676
0.014279 0.015032
0.014264 0.014270
0.014256 0.020383
0.014255 0.014410
0.014253 0.015916
0.014244 0.017644
0.014225 0.021497
0.014212 0.029590
0.014202 0.016459
0.014191 0.016233
0.014169 0.014273
0.014161 0.021156
0.014152 0.015840
0.014136 0.015741
0.014133 0.016606
0.014120 0.014319
0.014109 0.014590
0.014086 0.014329
0.014083 0.015172
0.014079 0.015526
0.014078 0.021782
0.014075 0.020735
0.014068 0.031947
0.014050 0.021537
0.014047 0.014311
0.014046 0.015731
0.014022 0.018787
0.014004 0.022487
0.013993 0.016721
0.013990 0.034340
0.013976 0.023451
0.013962 0.016053
0.013949 0.017409
0.013947 0.015229
0.013943 0.015517
0.013940 0.018153
0.013932 0.015474
0.013928 0.016746
0.013927 0.023737
0.013912 0.019141
0.013893 0.015761
0.013857 0.013911
0.013856 0.014012
0.013856 0.017814
0.013849 0.014103
0.013849 0.018759
0.013841 0.020812
0.013829 0.013846
0.013822 0.018499
0.013815 0.015881
0.013797 0.015480
0.013794 0.015674
0.013786 0.023689
0.013780 0.023457
0.013773 0.014092
0.013764 0.019332
0.013753 0.015637
0.013751 0.014873
0.013748 0.016003
0.013733 0.018592
0.013728 0.014092
0.013726 0.015446
0.013723 0.014644
0.013723 0.016901
0.013718 0.015437
0.013695 0.014116
0.013689 0.015662
0.013653 0.020935
0.013647 0.014499
0.013646 0.015482
0.013641 0.013843
0.013620 0.014625
0.013615 0.022578
0.013610 0.016189
0.013604 0.014431
0.013599 0.023845
0.013597 0.023713
0.013566 0.014555
0.013540 0.016419
0.013535 0.016119
0.013523 0.024680
0.013521 0.014030
0.013516 0.027418
0.013510 0.017912
0.013508 0.019444
0.013507 0.015850
0.013496 0.013651
0.013493 0.017038
0.013490 0.013504
0.013478 0.014292
0.013474 0.017481
0.013464 0.015409
0.013463 0.022224
0.013460 0.013586
0.013436 0.017858
0.013435 0.015127
0.013435 0.025067
0.013434 0.017118
0.013418 0.013621
0.013410 0.014699
0.013409 0.014648
0.013399 0.018676
0.013397 0.018059
0.013381 0.024239
0.013368 0.013576
0.013354 0.013980
0.013350 0.013420
0.013350 0.013886
0.013349 0.014734
0.013341 0.013422
0.013338 0.015381
0.013335 0.022479
0.013314 0.013631
0.013305 0.017317
0.013293 0.016964
0.013291 0.018272
0.013288 0.014648
0.013282 0.014901
0.013262 0.018341
0.013251 0.013887
0.013227 0.013754
0.013225 0.016290
0.013203 0.014860
0.013200 0.015245
0.013197 0.013870
0.013180 0.013725
0.013176 0.014050
0.013158 0.013580
0.013140 0.016017
0.013136 0.013547
0.013133 0.014294
0.013132 0.017736
0.013128 0.017604
0.013128 0.022413
0.013126 0.013436
0.013123 0.017588
0.013110 0.013567
0.013105 0.016804
0.013105 0.014244
0.013096 0.017618
0.013080 0.015823
0.013077 0.016303
0.013065 0.014275
0.013058 0.015064
0.013057 0.015714
0.013048 0.013339
0.013044 0.013338
0.013032 0.013264
0.013017 0.016838
0.013014 0.014903
0.013013 0.013319
0.013002 0.014629
0.012994 0.013229
0.012970 0.013857
0.012967 0.014668
0.012962 0.013300
0.012960 0.013010
0.012953 0.013042
0.012950 0.013475
0.012947 0.019819
0.012946 0.014728
0.012945 0.018363
0.012935 0.013109
0.012923 0.014296
0.012909 0.014237
0.012908 0.014120
0.012880 0.025021
0.012877 0.015784
0.012874 0.017288
0.012871 0.025553
0.012871 0.015105
0.012869 0.013779
0.012866 0.014761
0.012863 0.021815
0.012859 0.017953
0.012858 0.018272
0.012857 0.012898
0.012854 0.016473
0.012842 0.027935
0.012832 0.013791
0.012798 0.012868
0.012795 0.013208
0.012794 0.016844
0.012775 0.015817
0.012766 0.012943
0.012763 0.014506
0.012760 0.015637
0.012744 0.015971
0.012743 0.015208
0.012743 0.013099
0.012739 0.022064
0.012736 0.014118
0.012720 0.014288
0.012717 0.022752
0.012704 0.016690
0.012696 0.012885
0.012693 0.013610
0.012687 0.013967
0.012684 0.012948
0.012676 0.013848
0.012668 0.014066
0.012657 0.013055
0.012654 0.015156
0.012654 0.015508
0.012648 0.016994
0.012644 0.013052
0.012640 0.013090
0.012636 0.019822
0.012628 0.014330
0.012621 0.025875
0.012620 0.015573
0.012618 0.013996
0.012616 0.013673
0.012603 0.018172
0.012595 0.013084
0.012593 0.013722
0.012586 0.014084
0.012576 0.015186
0.012576 0.013230
0.012568 0.014526
0.012566 0.026441
0.012555 0.017285
0.012555 0.019323
0.012545 0.012864
0.012529 0.021385
0.012523 0.015855
0.012515 0.013661
0.012504 0.012744
0.012499 0.018874
0.012481 0.014787
0.012473 0.012690
0.012471 0.014676
0.012470 0.021265
0.012455 0.019271
0.012432 0.013894
0.012427 0.024579
0.012421 0.012964
0.012420 0.016269
0.012405 0.013139
0.012405 0.020154
0.012403 0.013301
0.012402 0.015352
0.012396 0.016507
0.012388 0.012544
0.012378 0.012844
0.012374 0.013564
0.012368 0.018343
0.012357 0.013019
0.012348 0.014396
0.012346 0.015435
0.012338 0.014618
0.012337 0.015295
0.012336 0.014017
0.012335 0.012727
0.012331 0.017406
0.012320 0.013782
0.012308 0.017109
0.012307 0.013177
0.012304 0.020184
0.012304 0.015525
0.012288 0.012346
0.012286 0.012356
0.012269 0.023803
0.012252 0.016263
0.012242 0.015578
0.012232 0.012302
0.012230 0.012577
0.012217 0.012228
0.012208 0.014830
0.012207 0.012830
0.012198 0.015953
0.012197 0.014244
0.012192 0.012598
0.012189 0.019189
0.012176 0.012822
0.012174 0.015712
0.012165 0.013045
0.012159 0.015390
0.012155 0.013675
0.012142 0.016911
0.012139 0.020865
0.012130 0.015856
0.012129 0.013728
0.012119 0.012339
0.012104 0.023414
0.012099 0.013007
0.012063 0.016867
0.012063 0.012416
0.012060 0.012839
0.012056 0.012641
0.012051 0.013875
0.012049 0.012350
0.012039 0.015428
0.012039 0.012962
0.012020 0.015291
0.012014 0.012062
0.012011 0.015490
0.012006 0.012100
0.012005 0.013101
0.012002 0.013046
0.011995 0.015080
0.011995 0.013783
0.011993 0.012375
0.011968 0.012061
0.011965 0.015263
0.011948 0.014512
0.011945 0.015801
0.011939 0.013731
0.011935 0.015887
0.011925 0.014206
0.011914 0.011941
0.011910 0.013048
0.011897 0.012461
0.011897 0.012075
0.011884 0.015118
0.011872 0.016969
0.011869 0.013437
0.011864 0.019501
0.011861 0.012149
0.011860 0.012788
0.011857 0.015227
0.011852 0.014610
0.011833 0.017706
0.011818 0.019573
0.011817 0.011942
0.011815 0.011916
0.011815 0.012007
0.011802 0.017377
0.011793 0.023113
0.011789 0.012657
0.011776 0.012995
0.011760 0.017694
0.011756 0.012723
0.011740 0.018770
0.011739 0.012061
0.011737 0.012833
0.011736 0.013743
0.011734 0.014239
0.011732 0.011918
0.011731 0.016190
0.011730 0.012701
0.011723 0.012490
0.011721 0.018495
0.011709 0.018734
0.011709 0.013255
0.011703 0.014195
0.011698 0.013365
0.011694 0.013071
0.011678 0.012176
0.011671 0.013350
0.011668 0.017841
0.011662 0.011806
0.011660 0.011922
0.011641 0.020644
0.011639 0.012914
0.011633 0.018021
0.011633 0.025176
0.011632 0.016884
0.011621 0.011896
0.011620 0.013336
0.011615 0.012404
0.011611 0.011933
0.011604 0.012455
0.011574 0.014028
0.011571 0.011851
0.011568 0.015072
0.011566 0.012603
0.011563 0.012452
0.011562 0.011968
0.011560 0.013064
0.011544 0.018748
0.011542 0.016088
0.011540 0.011798
0.011540 0.011596
0.011539 0.012093
0.011529 0.011962
0.011527 0.011544
0.011522 0.014410
0.011515 0.018741
0.011509 0.013157
0.011507 0.013681
0.011496 0.021834
0.011482 0.014638
0.011469 0.012992
0.011463 0.012367
0.011453 0.012352
0.011447 0.011548
0.011443 0.012112
0.011438 0.011691
0.011431 0.014046
0.011426 0.013444
0.011419 0.012441
0.011418 0.016399
0.011393 0.017241
0.011391 0.013061
0.011386 0.013712
0.011386 0.013000
0.011378 0.021020
0.011373 0.012494
0.011357 0.016611
0.011357 0.012369
0.011354 0.012923
0.011354 0.017124
0.011354 0.013413
0.011349 0.013438
0.011347 0.018758
0.011345 0.011501
0.011343 0.013338
0.011338 0.016544
0.011337 0.012125
0.011335 0.015469
0.011331 0.016613
0.011314 0.013730
0.011313 0.012777
0.011309 0.012909
0.011307 0.012082
0.011296 0.011669
0.011290 0.012303
0.011284 0.014355
0.011283 0.013464
0.011275 0.011470
0.011273 0.011313
0.011265 0.011897
0.011261 0.019491
0.011260 0.012150
0.011251 0.012399
0.011249 0.011661
0.011240 0.012633
0.011229 0.011621
0.011215 0.013081
0.011211 0.011690
0.011203 0.011805
0.011198 0.011368
0.011195 0.021194
0.011174 0.020001
0.011167 0.011530
0.011160 0.011395
0.011147 0.015854
0.011143 0.012333
0.011142 0.013459
0.011137 0.019470
0.011134 0.011598
0.011127 0.011536
0.011125 0.011773
0.011119 0.012113
0.011117 0.018226
0.011106 0.013894
0.011094 0.016034
0.011088 0.012514
0.011079 0.011886
0.011066 0.016813
0.011065 0.015671
0.011061 0.011574
0.011061 0.011304
0.011055 0.012826
0.011052 0.012482
0.011052 0.012507
0.011049 0.013307
0.011048 0.011526
0.011028 0.011117
0.011026 0.018086
0.011022 0.012018
0.011011 0.011275
0.010996 0.012961
0.010990 0.011926
0.010978 0.011502
0.010976 0.014656
0.010966 0.011747
0.010965 0.012810
0.010950 0.011466
0.010948 0.011952
0.010947 0.023695
0.010946 0.013521
0.010945 0.011514
0.010938 0.011893
0.010934 0.011022
0.010928 0.011900
0.010924 0.015217
0.010923 0.012232
0.010922 0.011192
0.010913 0.011071
0.010911 0.011875
0.010911 0.010945
0.010908 0.015328
0.010903 0.011397
0.010901 0.013193
0.010897 0.013782
0.010892 0.018490
0.010891 0.012481
0.010874 0.012080
0.010866 0.013989
0.010862 0.013971
0.010859 0.011335
0.010855 0.012906
0.010850 0.011235
0.010845 0.010925
0.010842 0.017988
0.010840 0.015433
0.010840 0.011093
0.010826 0.013800
0.010814 0.015502
0.010806 0.018574
0.010802 0.011528
0.010798 0.018302
0.010796 0.016445
0.010796 0.015810
0.010795 0.014338
0.010795 0.014022
0.010788 0.017294
0.010774 0.012865
0.010769 0.017209
0.010767 0.012965
0.010755 0.014351
0.010751 0.011014
0.010749 0.011715
0.010749 0.021277
0.010746 0.011638
0.010744 0.011712
0.010743 0.012349
0.010734 0.011658
0.010721 0.016992
0.010717 0.011471
0.010712 0.013017
0.010712 0.012684
0.010711 0.011042
0.010702 0.013281
0.010702 0.011435
0.010698 0.011853
0.010679 0.014072
0.010676 0.011439
0.010661 0.011142
0.010655 0.013376
0.010653 0.015267
0.010648 0.011874
0.010646 0.012593
0.010644 0.010722
0.010641 0.010742
0.010640 0.013836
0.010636 0.016169
0.010635 0.013634
0.010624 0.014909
0.010616 0.012358
0.010611 0.010953
0.010608 0.012452
0.010607 0.013092
0.010604 0.013751
0.010603 0.011309
0.010597 0.014349
0.010597 0.011103
0.010596 0.014121
0.010593 0.015170
0.010592 0.012291
0.010590 0.011377
0.010586 0.018006
0.010570 0.010877
0.010568 0.011848
0.010566 0.023820
0.010561 0.021783
0.010560 0.011600
0.010558 0.013021
0.010555 0.012013
0.010555 0.015776
0.010544 0.015360
0.010536 0.012556
0.010533 0.012325
0.010528 0.010605
0.010526 0.015875
0.010522 0.010603
0.010518 0.013822
0.010516 0.011773
0.010514 0.011642
0.010508 0.012716
0.010506 0.014795
0.010504 0.010738
0.010481 0.010822
0.010480 0.013345
0.010475 0.011961
0.010469 0.011489
0.010465 0.012118
0.010459 0.010740
0.010455 0.010905
0.010453 0.023306
0.010451 0.010626
0.010442 0.012864
0.010434 0.014833
0.010431 0.011840
0.010419 0.012639
0.010399 0.012930
0.010391 0.012398
0.010389 0.011511
0.010389 0.016454
0.010378 0.013883
0.010374 0.013553
0.010365 0.012021
0.010365 0.012123
0.010364 0.019782
0.010364 0.010457
0.010363 0.011254
0.010354 0.012199
0.010352 0.016634
0.010348 0.014969
0.010347 0.010571
0.010345 0.017547
0.010344 0.012471
0.010342 0.016931
0.010339 0.012409
0.010338 0.020725
0.010338 0.010431
0.010333 0.016505
0.010316 0.020534
0.010310 0.012511
0.010305 0.011555
0.010303 0.011118
0.010299 0.011772
0.010297 0.011660
0.010293 0.013919
0.010291 0.011539
0.010290 0.019557
0.010288 0.011251
0.010280 0.011554
0.010274 0.015698
0.010270 0.013729
0.010266 0.020664
0.010256 0.010300
0.010249 0.012231
0.010249 0.013510
0.010245 0.012730
0.010242 0.015178
0.010225 0.012154
0.010225 0.010739
0.010224 0.011610
0.010221 0.010730
0.010218 0.015512
0.010213 0.010748
0.010205 0.012267
0.010204 0.011505
0.010178 0.010268
0.010177 0.012956
0.010175 0.010689
0.010175 0.018050
0.010173 0.013727
0.010168 0.010527
0.010164 0.011428
0.010163 0.014112
0.010154 0.019156
0.010150 0.011249
0.010132 0.012985
0.010129 0.015726
0.010119 0.010322
0.010111 0.017022
0.010107 0.011213
0.010104 0.011216
0.010102 0.010911
0.010097 0.014159
0.010086 0.010223
0.010083 0.016804
0.010078 0.010365
0.010068 0.016036
0.010064 0.013303
0.010063 0.012028
0.010063 0.015556
0.010060 0.010612
0.010057 0.012020
0.010055 0.013705
0.010051 0.016238
0.010050 0.011020
0.010049 0.011488
0.010046 0.010537
0.010037 0.014420
0.010037 0.010169
0.010031 0.011385
0.010029 0.011089
0.010028 0.010648
0.010027 0.011782
0.010025 0.014837
0.010025 0.010100
0.010025 0.013949
0.010022 0.010057
0.010017 0.013325
0.010008 0.012515
0.010001 0.015588
0.010001 0.014173
0.009997 0.011094
0.009990 0.010454
0.009989 0.018166
0.009988 0.012364
0.009980 0.011641
0.009970 0.011614
0.009966 0.011568
0.009965 0.011102
0.009963 0.012273
0.009956 0.012393
0.009951 0.010159
0.009939 0.010329
0.009933 0.011537
0.009933 0.014291
0.009932 0.010158
0.009920 0.022113
0.009920 0.015787
0.009912 0.010418
0.009907 0.011247
0.009892 0.009904
0.009891 0.011996
0.009880 0.011045
0.009872 0.010104
0.009872 0.012448
0.009859 0.012699
0.009851 0.014477
0.009849 0.010321
0.009848 0.017802
0.009842 0.012396
0.009828 0.011480
0.009827 0.018250
0.009827 0.010011
0.009824 0.014261
0.009812 0.010266
0.009807 0.009913
0.009802 0.011030
0.009796 0.014433
0.009792 0.014768
0.009788 0.014137
0.009784 0.010360
0.009774 0.018035
0.009774 0.010068
0.009771 0.011062
0.009763 0.011832
0.009761 0.010670
0.009761 0.012782
0.009760 0.011931
0.009757 0.011815
0.009751 0.016863
0.009751 0.019929
0.009747 0.010398
0.009740 0.010340
0.009735 0.014886
0.009732 0.010928
0.009731 0.010256
0.009731 0.010665
0.009727 0.010803
0.009723 0.011488
0.009715 0.010803
0.009714 0.018578
0.009711 0.012012
0.009709 0.011752
0.009696 0.010622
0.009695 0.009867
0.009694 0.012153
0.009687 0.011234
0.009685 0.011949
0.009670 0.009815
0.009667 0.016441
0.009660 0.010540
0.009659 0.010028
0.009655 0.015741
0.009639 0.018977
0.009635 0.011589
0.009628 0.010619
0.009628 0.014555
0.009620 0.009869
0.009620 0.010950
0.009619 0.010858
0.009616 0.011506
0.009615 0.015539
0.009613 0.009665
0.009613 0.014712
0.009590 0.016698
0.009588 0.009623
0.009577 0.011092
0.009576 0.009837
0.009574 0.009619
0.009566 0.009796
0.009565 0.011456
0.009558 0.011458
0.009554 0.010393
0.009545 0.009572
0.009543 0.012615
0.009542 0.010928
0.009528 0.010834
0.009524 0.013750
0.009523 0.010037
0.009518 0.009840
0.009517 0.011727
0.009517 0.013909
0.009514 0.010198
0.009509 0.011700
0.009503 0.010528
0.009494 0.015805
0.009490 0.011870
0.009487 0.010766
0.009486 0.012177
0.009484 0.012797
0.009478 0.016270
0.009473 0.010726
0.009472 0.013727
0.009469 0.010121
0.009461 0.009859
0.009457 0.011113
0.009445 0.009538
0.009440 0.011126
0.009436 0.011571
0.009434 0.010691
0.009433 0.010680
0.009422 0.016091
0.009415 0.010508
0.009412 0.020293
0.009404 0.010499
0.009402 0.010375
0.009395 0.009639
0.009391 0.014418
0.009388 0.010098
0.009381 0.010469
0.009373 0.010092
0.009371 0.011434
0.009371 0.010557
0.009371 0.011316
0.009370 0.011908
0.009364 0.010656
0.009364 0.009561
0.009362 0.016438
0.009361 0.013111
0.009355 0.010550
0.009354 0.011476
0.009347 0.021464
0.009333 0.010193
0.009329 0.009355
0.009325 0.009406
0.009323 0.017791
0.009319 0.009868
0.009316 0.020106
0.009313 0.012192
0.009305 0.009514
0.009304 0.015444
0.009304 0.011123
0.009300 0.012643
0.009295 0.009728
0.009293 0.010952
0.009287 0.009737
0.009285 0.012412
0.009282 0.010058
0.009277 0.012141
0.009276 0.012303
0.009272 0.015405
0.009270 0.009687
0.009267 0.011436
0.009262 0.010166
0.009260 0.010884
0.009258 0.009738
0.009255 0.009698
0.009249 0.009394
0.009246 0.014655
0.009245 0.009329
0.009245 0.009863
0.009241 0.009914
0.009237 0.012875
0.009236 0.009836
0.009235 0.009316
0.009231 0.009788
0.009230 0.021380
0.009225 0.011464
0.009219 0.012464
0.009214 0.010070
0.009210 0.010223
0.009207 0.012365
0.009202 0.009354
0.009201 0.009203
0.009199 0.013328
0.009197 0.009482
0.009195 0.011585
0.009192 0.010326
0.009190 0.009655
0.009190 0.010637
0.009185 0.009555
0.009180 0.011890
0.009179 0.009500
0.009179 0.009394
0.009170 0.009729
0.009167 0.009840
0.009163 0.009310
0.009161 0.009203
0.009159 0.017123
0.009155 0.012250
0.009149 0.013309
0.009142 0.011389
0.009142 0.009207
0.009141 0.009516
0.009139 0.011945
0.009138 0.013020
0.009138 0.009314
0.009137 0.010296
0.009132 0.010634
0.009119 0.011411
0.009119 0.011824
0.009116 0.010672
0.009109 0.010839
0.009103 0.012904
0.009101 0.014292
0.009097 0.011102
0.009094 0.010481
0.009091 0.011909
0.009087 0.009799
0.009080 0.009173
0.009074 0.013808
0.009070 0.012420
0.009070 0.011387
0.009069 0.009760
0.009059 0.010579
0.009048 0.009729
0.009047 0.013516
0.009047 0.013933
0.009045 0.012048
0.009045 0.009750
0.009042 0.010547
0.009041 0.009671
0.009036 0.009871
0.009024 0.017174
0.009024 0.010456
0.009023 0.010146
0.009017 0.012239
0.009005 0.009271
0.008998 0.010861
0.008995 0.015223
0.008987 0.014684
0.008986 0.013156
0.008986 0.017354
0.008985 0.014332
0.008978 0.009706
0.008970 0.009777
0.008968 0.015036
0.008968 0.009719
0.008951 0.009712
0.008948 0.015936
0.008947 0.011221
0.008945 0.010567
0.008945 0.010274
0.008944 0.014795
0.008942 0.010906
0.008940 0.016930
0.008940 0.009635
0.008934 0.016666
0.008933 0.012038
0.008932 0.009853
0.008929 0.014172
0.008922 0.015682
0.008911 0.009132
0.008909 0.010163
0.008903 0.013499
0.008901 0.011296
0.008895 0.012494
0.008893 0.011621
0.008893 0.017267
0.008893 0.011631
0.008888 0.009538
0.008886 0.010567
0.008884 0.010910
0.008881 0.012992
0.008868 0.009328
0.008865 0.009541
0.008860 0.010488
0.008852 0.009983
0.008849 0.010618
0.008824 0.009055
0.008822 0.010820
0.008813 0.009653
0.008810 0.018472
0.008804 0.008864
0.008803 0.010846
0.008796 0.009123
0.008794 0.009315
0.008788 0.008915
0.008788 0.013202
0.008784 0.012540
0.008778 0.011312
0.008771 0.008946
0.008770 0.017757
0.008769 0.009507
0.008762 0.010205
0.008756 0.008904
0.008753 0.009834
0.008753 0.010857
0.008750 0.012007
0.008749 0.011938
0.008743 0.009802
0.008742 0.011404
0.008741 0.010385
0.008740 0.009455
0.008730 0.009834
0.008716 0.011505
0.008711 0.008724
0.008709 0.008790
0.008708 0.011249
0.008706 0.015365
0.008703 0.013776
0.008703 0.010175
0.008698 0.010228
0.008697 0.011381
0.008693 0.016819
0.008693 0.010565
0.008688 0.010260
0.008681 0.008999
0.008678 0.011432
0.008677 0.012902
0.008677 0.013263
0.008676 0.008744
0.008675 0.010275
0.008675 0.009332
0.008674 0.010392
0.008665 0.010720
0.008662 0.011784
0.008661 0.019044
0.008654 0.009833
0.008651 0.011754
0.008648 0.009930
0.008639 0.008752
0.008638 0.009439
0.008634 0.012560
0.008629 0.011108
0.008627 0.012054
0.008625 0.012897
0.008622 0.011227
0.008619 0.015121
0.008616 0.009219
0.008613 0.010262
0.008609 0.010311
0.008598 0.009414
0.008597 0.015297
0.008596 0.011776
0.008596 0.008713
0.008596 0.009447
0.008595 0.010622
0.008593 0.012075
0.008592 0.011812
0.008590 0.008881
0.008586 0.008697
0.008581 0.008659
0.008581 0.009489
0.008577 0.010964
0.008577 0.009669
0.008573 0.008782
0.008570 0.011936
0.008567 0.013799
0.008567 0.013968
0.008562 0.008871
0.008554 0.009869
0.008553 0.010043
0.008550 0.009681
0.008548 0.013170
0.008544 0.022445
0.008544 0.012941
0.008540 0.009709
0.008540 0.015788
0.008530 0.011779
0.008525 0.009912
0.008523 0.009995
0.008522 0.010062
0.008517 0.008684
0.008515 0.008629
0.008511 0.008584
0.008510 0.012252
0.008509 0.009596
0.008505 0.009995
0.008504 0.010512
0.008501 0.009988
0.008498 0.012017
0.008488 0.009638
0.008488 0.009351
0.008485 0.008524
0.008482 0.010709
0.008482 0.011252
0.008478 0.012485
0.008478 0.012678
0.008476 0.011135
0.008474 0.019938
0.008464 0.008592
0.008461 0.012816
0.008457 0.008505
0.008453 0.013095
0.008450 0.011117
0.008450 0.010064
0.008450 0.016626
0.008449 0.010934
0.008448 0.008524
0.008446 0.009050
0.008439 0.009291
0.008435 0.009788
0.008435 0.010320
0.008434 0.012936
0.008429 0.014652
0.008429 0.008809
0.008425 0.008720
0.008423 0.010829
0.008423 0.009958
0.008420 0.009004
0.008414 0.009692
0.008407 0.009247
0.008406 0.008788
0.008402 0.009787
0.008400 0.009420
0.008395 0.011073
0.008388 0.011721
0.008385 0.014292
0.008385 0.009110
0.008383 0.011406
0.008379 0.008518
0.008375 0.010133
0.008368 0.020702
0.008365 0.010388
0.008362 0.008904
0.008362 0.010137
0.008360 0.012937
0.008346 0.009746
0.008346 0.013468
0.008345 0.012362
0.008337 0.008686
0.008336 0.015381
0.008335 0.012255
0.008334 0.009212
0.008329 0.011699
0.008325 0.009388
0.008324 0.009729
0.008323 0.011460
0.008320 0.013893
0.008316 0.009947
0.008316 0.008387
0.008313 0.010933
0.008311 0.010255
0.008310 0.009863
0.008305 0.017098
0.008304 0.009052
0.008287 0.012991
0.008286 0.010328
0.008280 0.008833
0.008277 0.013366
0.008277 0.008748
0.008274 0.010530
0.008274 0.010846
0.008272 0.015545
0.008269 0.009646
0.008267 0.009777
0.008263 0.008774
0.008259 0.009821
0.008255 0.008590
0.008255 0.008517
0.008253 0.011936
0.008251 0.012990
0.008251 0.009194
0.008251 0.008568
0.008249 0.009810
0.008246 0.010162
0.008241 0.010588
0.008240 0.008652
0.008239 0.013698
0.008239 0.008356
0.008237 0.011749
0.008233 0.008434
0.008231 0.010007
0.008230 0.008271
0.008228 0.010829
0.008226 0.008790
0.008224 0.008413
0.008221 0.009854
0.008213 0.010030
0.008212 0.010686
0.008210 0.008994
0.008209 0.008266
0.008209 0.008597
0.008209 0.009179
0.008205 0.008689
0.008203 0.008713
0.008198 0.013856
0.008198 0.013424
0.008197 0.013365
0.008196 0.012398
0.008196 0.009569
0.008195 0.014147
0.008194 0.008470
0.008190 0.014124
0.008189 0.008703
0.008186 0.010357
0.008185 0.009718
0.008182 0.009482
0.008175 0.014317
0.008171 0.008812
0.008170 0.008565
0.008169 0.008899
0.008169 0.016092
0.008168 0.010385
0.008161 0.008329
0.008157 0.012349
0.008156 0.014587
0.008149 0.011791
0.008147 0.009662
0.008145 0.009269
0.008145 0.015514
0.008136 0.009915
0.008136 0.014663
0.008133 0.010464
0.008130 0.015753
0.008127 0.010755
0.008127 0.012226
0.008123 0.008419
0.008122 0.011315
0.008119 0.008127
0.008119 0.008219
0.008117 0.012091
0.008114 0.012293
0.008114 0.008958
0.008113 0.013733
0.008113 0.008586
0.008106 0.008583
0.008105 0.009981
0.008104 0.008375
0.008103 0.009351
0.008094 0.010456
0.008094 0.008126
0.008082 0.016167
0.008082 0.009317
0.008080 0.008717
0.008071 0.008810
0.008069 0.009767
0.008063 0.010029
0.008060 0.009916
0.008055 0.008160
0.008049 0.012375
0.008045 0.011691
0.008035 0.009316
0.008026 0.014920
0.008026 0.008630
0.008025 0.013337
0.008024 0.008575
0.008011 0.011541
0.008002 0.014311
0.008000 0.012879
0.007999 0.009596
0.007998 0.008982
0.007997 0.012552
0.007995 0.008528
0.007990 0.008444
0.007986 0.008063
0.007984 0.008898
0.007980 0.011326
0.007979 0.012624
0.007977 0.009580
0.007977 0.008327
0.007976 0.010360
0.007974 0.008871
0.007968 0.009520
0.007960 0.014507
0.007956 0.009885
0.007953 0.009221
0.007949 0.008143
0.007948 0.008611
0.007947 0.008320
0.007947 0.011222
0.007945 0.011627
0.007935 0.010274
0.007932 0.008202
0.007932 0.008669
0.007931 0.016435
0.007931 0.008243
0.007922 0.015558
0.007922 0.009658
0.007920 0.009165
0.007919 0.009038
0.007916 0.009421
0.007916 0.009946
0.007913 0.012711
0.007913 0.017121
0.007911 0.008271
0.007910 0.011278
0.007908 0.016964
0.007903 0.008078
0.007890 0.008373
0.007890 0.010568
0.007888 0.008284
0.007888 0.009307
0.007885 0.010578
0.007884 0.010112
0.007884 0.019611
0.007882 0.008629
0.007881 0.017989
0.007877 0.012058
0.007876 0.012935
0.007871 0.011592
0.007865 0.015751
0.007862 0.008010
0.007861 0.008031
0.007860 0.008284
0.007859 0.010785
0.007855 0.009519
0.007855 0.009432
0.007854 0.009201
0.007853 0.015204
0.007850 0.012727
0.007848 0.009626
0.007837 0.009196
0.007830 0.009921
0.007828 0.011156
0.007827 0.012883
0.007824 0.011909
0.007821 0.010843
0.007821 0.018074
0.007820 0.012709
0.007819 0.015041
0.007816 0.020293
0.007814 0.009696
0.007812 0.009753
0.007807 0.009868
0.007806 0.009092
0.007805 0.008726
0.007801 0.009592
0.007799 0.010032
0.007798 0.007843
0.007796 0.011383
0.007791 0.010809
0.007789 0.014003
0.007774 0.010421
0.007769 0.009030
0.007766 0.015831
0.007765 0.011499
0.007763 0.015484
0.007761 0.012703
0.007759 0.010518
0.007759 0.013966
0.007753 0.008466
0.007749 0.007860
0.007749 0.008517
0.007749 0.009969
0.007745 0.008318
0.007738 0.008359
0.007733 0.010444
0.007731 0.008988
0.007731 0.009232
0.007729 0.009140
0.007729 0.010174
0.007727 0.009079
0.007724 0.008519
0.007721 0.013236
0.007720 0.011482
0.007715 0.007845
0.007712 0.008092
0.007710 0.009948
0.007696 0.008062
0.007695 0.009342
0.007687 0.008921
0.007686 0.008767
0.007682 0.008134
0.007678 0.016820
0.007670 0.008018
0.007668 0.012828
0.007667 0.012362
0.007666 0.011490
0.007664 0.009361
0.007661 0.008198
0.007655 0.007953
0.007653 0.013995
0.007652 0.018106
0.007652 0.017464
0.007647 0.014416
0.007641 0.014297
0.007631 0.008470
0.007631 0.009212
0.007631 0.015159
0.007621 0.008106
0.007616 0.008143
0.007615 0.012132
0.007611 0.013604
0.007609 0.009519
0.007606 0.009415
0.007603 0.009054
0.007602 0.013045
0.007601 0.017345
0.007600 0.009572
0.007598 0.007863
0.007596 0.007809
0.007593 0.013163
0.007593 0.007965
0.007592 0.013123
0.007589 0.012887
0.007588 0.009422
0.007588 0.008181
0.007587 0.008150
0.007586 0.014019
0.007586 0.011826
0.007578 0.009522
0.007575 0.008739
0.007572 0.008098
0.007571 0.007649
0.007570 0.014465
0.007570 0.010386
0.007566 0.008134
0.007565 0.016517
0.007565 0.008165
0.007559 0.008631
0.007558 0.009529
0.007553 0.010169
0.007551 0.011391
0.007551 0.010141
0.007550 0.009479
0.007546 0.011414
0.007545 0.009508
0.007545 0.011021
0.007535 0.013470
0.007524 0.009402
0.007520 0.013144
0.007515 0.015525
0.007500 0.008745
0.007499 0.010337
0.007498 0.007525
0.007495 0.013339
0.007492 0.008678
0.007491 0.011566
0.007488 0.013397
0.007481 0.007508
0.007479 0.011294
0.007476 0.007723
0.007469 0.009416
0.007464 0.010850
0.007457 0.007560
0.007455 0.007540
0.007452 0.011091
0.007452 0.009601
0.007451 0.010704
0.007450 0.009412
0.007450 0.008124
0.007446 0.011971
0.007443 0.011025
0.007443 0.007620
0.007442 0.011131
0.007440 0.007614
0.007438 0.007614
0.007435 0.007863
0.007434 0.012374
0.007433 0.015886
0.007430 0.007460
0.007430 0.009835
0.007428 0.007780
0.007423 0.010268
0.007414 0.012967
0.007412 0.008081
0.007398 0.010492
0.007388 0.007922
0.007379 0.007549
0.007379 0.009511
0.007373 0.010713
0.007371 0.007776
0.007359 0.007890
0.007358 0.009510
0.007358 0.008025
0.007357 0.007637
0.007351 0.008433
0.007341 0.007361
0.007334 0.007371
0.007333 0.008978
0.007330 0.007375
0.007328 0.008043
0.007322 0.008598
0.007322 0.009737
0.007320 0.012792
0.007320 0.011005
0.007319 0.008400
0.007319 0.015401
0.007318 0.013166
0.007307 0.009134
0.007298 0.007536
0.007297 0.008606
0.007295 0.007651
0.007294 0.014564
0.007293 0.008879
0.007292 0.014381
0.007285 0.008422
0.007278 0.008506
0.007274 0.016301
0.007273 0.012963
0.007269 0.017598
0.007267 0.007302
0.007267 0.008088
0.007265 0.009128
0.007262 0.007816
0.007261 0.008249
0.007257 0.009738
0.007256 0.017124
0.007253 0.009183
0.007252 0.009238
0.007248 0.009118
0.007241 0.012229
0.007238 0.008513
0.007236 0.010735
0.007230 0.007524
0.007224 0.014291
0.007221 0.009042
0.007220 0.007472
0.007216 0.008392
0.007202 0.007873
0.007201 0.016681
0.007199 0.013587
0.007195 0.007820
0.007192 0.011697
0.007190 0.007284
0.007190 0.011750
0.007187 0.008612
0.007184 0.012715
0.007181 0.007449
0.007177 0.007585
0.007177 0.007909
0.007175 0.009097
0.007172 0.018203
0.007172 0.008277
0.007171 0.013199
0.007151 0.010561
0.007151 0.011196
0.007140 0.012359
0.007137 0.011544
0.007134 0.007306
0.007127 0.008045
0.007115 0.016506
0.007115 0.008278
0.007113 0.007591
0.007106 0.011270
0.007097 0.007229
0.007086 0.007234
0.007086 0.008892
0.007083 0.008916
0.007077 0.013622
0.007072 0.008522
0.007070 0.008028
0.007067 0.011413
0.007059 0.009428
0.007058 0.008138
0.007048 0.008517
0.007037 0.009622
0.007033 0.009161
0.007032 0.012019
0.007029 0.008369
0.007028 0.008081
0.007027 0.007548
0.007026 0.007440
0.007024 0.007138
0.007023 0.008941
0.007022 0.008999
0.007021 0.007385
0.007006 0.007042
0.007005 0.008646
0.007000 0.010282
0.006990 0.009270
0.006985 0.012285
0.006982 0.009402
0.006981 0.012529
0.006980 0.009792
0.006978 0.008000
0.006976 0.009130
0.006975 0.007460
0.006962 0.009621
0.006962 0.007664
0.006962 0.006978
0.006957 0.013155
0.006957 0.007885
0.006954 0.013105
0.006946 0.010033
0.006938 0.006950
0.006931 0.007193
0.006931 0.007776
0.006928 0.007232
0.006927 0.014068
0.006922 0.007574
0.006917 0.010941
0.006913 0.006934
0.006910 0.007326
0.006909 0.007469
0.006907 0.009920
0.006904 0.008327
0.006901 0.007391
0.006899 0.009116
0.006899 0.008231
0.006898 0.009148
0.006881 0.009097
0.006876 0.007313
0.006876 0.008463
0.006875 0.008999
0.006871 0.007752
0.006871 0.009545
0.006864 0.008995
0.006863 0.007978
0.006859 0.010149
0.006853 0.008069
0.006846 0.008848
0.006845 0.008077
0.006836 0.010646
0.006833 0.006905
0.006832 0.010320
0.006832 0.008191
0.006826 0.010105
0.006822 0.007127
0.006821 0.015423
0.006820 0.007026
0.006816 0.008712
0.006816 0.006975
0.006810 0.010196
0.006800 0.011925
0.006798 0.007191
0.006798 0.008190
0.006795 0.009731
0.006795 0.007457
0.006787 0.007158
0.006786 0.007190
0.006778 0.007680
0.006768 0.008868
0.006767 0.007927
0.006767 0.007609
0.006767 0.009336
0.006766 0.006773
0.006765 0.008148
0.006755 0.008930
0.006751 0.008618
0.006749 0.007578
0.006736 0.007880
0.006734 0.007509
0.006734 0.007962
0.006732 0.008445
0.006731 0.009201
0.006730 0.007350
0.006729 0.006819
0.006723 0.013638
0.006715 0.013724
0.006710 0.007642
0.006710 0.010389
0.006698 0.006858
0.006695 0.010835
0.006693 0.009347
0.006689 0.011082
0.006688 0.007103
0.006685 0.009456
0.006684 0.006974
0.006682 0.014300
0.006666 0.006770
0.006661 0.009163
0.006660 0.008168
0.006657 0.006906
0.006656 0.008321
0.006656 0.007661
0.006655 0.008962
0.006635 0.010808
0.006626 0.007273
0.006625 0.007858
0.006622 0.008969
0.006621 0.006854
0.006601 0.007598
0.006593 0.007609
0.006590 0.009891
0.006581 0.012691
0.006577 0.007769
0.006577 0.007717
0.006568 0.007991
0.006566 0.010255
0.006566 0.009166
0.006563 0.006690
0.006562 0.011046
0.006557 0.007225
0.006553 0.007355
0.006548 0.012777
0.006539 0.007001
0.006539 0.007440
0.006538 0.012073
0.006534 0.008083
0.006529 0.008007
0.006523 0.006548
0.006519 0.007320
0.006513 0.010852
0.006506 0.007902
0.006495 0.006671
0.006479 0.011391
0.006477 0.007189
0.006476 0.008249
0.006473 0.006719
0.006469 0.010020
0.006468 0.006960
0.006464 0.007423
0.006464 0.010171
0.006454 0.007628
0.006449 0.006553
0.006449 0.007100
0.006448 0.006995
0.006447 0.007083
0.006443 0.010365
0.006438 0.006644
0.006435 0.006461
0.006435 0.006580
0.006433 0.010212
0.006433 0.007206
0.006428 0.007313
0.006406 0.008724
0.006405 0.008382
0.006403 0.008507
0.006391 0.012860
0.006388 0.007276
0.006388 0.006978
0.006386 0.006943
0.006383 0.009036
0.006381 0.007216
0.006381 0.008214
0.006379 0.013768
0.006377 0.006999
0.006370 0.006480
0.006363 0.007106
0.006357 0.007887
0.006350 0.008183
0.006348 0.007161
0.006344 0.006961
0.006341 0.006383
0.006332 0.006344
0.006330 0.006501
0.006327 0.006416
0.006324 0.008331
0.006323 0.007884
0.006323 0.007059
0.006320 0.013230
0.006319 0.007489
0.006317 0.006404
0.006314 0.007651
0.006313 0.008928
0.006307 0.009122
0.006300 0.007330
0.006284 0.006399
0.006284 0.006744
0.006271 0.013334
0.006257 0.008674
0.006253 0.006718
0.006248 0.009295
0.006245 0.006272
0.006245 0.006283
0.006244 0.006473
0.006212 0.007519
0.006206 0.007163
0.006204 0.007085
0.006186 0.006286
0.006182 0.006392
0.006179 0.010562
0.006178 0.007057
0.006175 0.007611
0.006174 0.010116
0.006161 0.013833
0.006154 0.006306
0.006145 0.006205
0.006124 0.008239
0.006117 0.006226
0.006099 0.007008
0.006098 0.006445
0.006082 0.006178
0.006076 0.006144
0.006067 0.010149
0.006065 0.006988
0.006060 0.007026
0.006055 0.006170
0.006054 0.006482
0.006054 0.007481
0.006053 0.007354
0.006051 0.007430
0.006046 0.006618
0.006025 0.009369
0.006020 0.006820
0.006013 0.007202
0.006007 0.006707
0.005994 0.007302
0.005988 0.006160
0.005984 0.008321
0.005981 0.006278
0.005954 0.006109
0.005944 0.006077
0.005942 0.007258
0.005937 0.006679
0.005932 0.009587
0.005931 0.007282
0.005930 0.009808
0.005930 0.005973
0.005910 0.006432
0.005909 0.005982
0.005907 0.006282
0.005890 0.006601
0.005878 0.008212
0.005877 0.006754
0.005868 0.006630
0.005861 0.006050
0.005861 0.006128
0.005854 0.005875
0.005849 0.006029
0.005847 0.009441
0.005841 0.007613
0.005837 0.007199
0.005836 0.006717
0.005827 0.006437
0.005815 0.006637
0.005808 0.010167
0.005793 0.006663
0.005788 0.007775
0.005784 0.010387
0.005771 0.007022
0.005769 0.010699
0.005767 0.006734
0.005758 0.007393
0.005743 0.005830
0.005737 0.006581
0.005723 0.006252
0.005711 0.008224
0.005694 0.005754
0.005687 0.006019
0.005684 0.005695
0.005683 0.007328
0.005680 0.005772
0.005676 0.005785
0.005676 0.006711
0.005654 0.005768
0.005652 0.006300
0.005640 0.006164
0.005633 0.006082
0.005630 0.007541
0.005585 0.007065
0.005574 0.005923
0.005560 0.005761
0.005560 0.007024
0.005559 0.005584
0.005551 0.006668
0.005549 0.005902
0.005536 0.006575
0.005534 0.005582
0.005532 0.005668
0.005531 0.006759
0.005525 0.006152
0.005525 0.006671
0.005504 0.006509
0.005486 0.007930
0.005483 0.007289
0.005454 0.005753
0.005445 0.006810
0.005424 0.005752
0.005398 0.007427
0.005386 0.005868
0.005377 0.006551
0.005375 0.005584
0.005374 0.006129
0.005369 0.005515
0.005361 0.005595
0.005352 0.006120
0.005349 0.006021
0.005333 0.006166
0.005329 0.008901
0.005321 0.006743
0.005236 0.005262
0.005228 0.006065
0.005226 0.005937
0.005208 0.005408
0.005204 0.005805
0.005196 0.005528
0.005163 0.006882
0.005142 0.006152
0.005130 0.006459
0.005107 0.005369
0.005098 0.006382
0.005096 0.005097
0.005066 0.005088
0.005066 0.006227
0.005014 0.005880
0.004992 0.007341
0.004981 0.005645
0.004976 0.004987
0.004956 0.006021
0.004948 0.005966
0.004947 0.005149
0.004945 0.005361
0.004923 0.006023
0.004903 0.004998
0.004902 0.005087
0.004892 0.005054
0.004884 0.005015
0.004883 0.004952
0.004859 0.005904
0.004843 0.006835
0.004829 0.005283
0.004801 0.005502
0.004797 0.005740
0.004794 0.005882
0.004780 0.005358
0.004755 0.004768
0.004739 0.006579
0.004728 0.005452
0.004724 0.005253
0.004700 0.004804
0.004676 0.004794
0.004660 0.004682
0.004653 0.005196
0.004639 0.005290
0.004634 0.004751
0.004624 0.005014
0.004592 0.006760
0.004539 0.004751
0.004499 0.005374
0.004471 0.004512
0.004466 0.004627
0.004439 0.005054
0.004414 0.005583
0.004398 0.004937
0.004363 0.004709
0.004287 0.004388
0.004254 0.005867
0.004235 0.005173
0.004156 0.004405
0.004142 0.004870
0.004120 0.004272
0.004102 0.004138
0.004086 0.004121
0.004080 0.004168
0.004067 0.004538
0.004049 0.004689
0.004012 0.004172
0.004005 0.005521
0.003977 0.004681
0.003977 0.004549
0.003898 0.004526
0.003869 0.004535
0.003846 0.004077
0.003834 0.003960
0.003679 0.004412
0.003652 0.003688
0.003581 0.004120
0.003554 0.003968
0.003522 0.003531
0.003413 0.003499
0.003309 0.003481
0.003303 0.003790
0.003290 0.003549
0.003278 0.003965
0.003257 0.003966
0.003251 0.003370
0.003127 0.003444
0.003071 0.004076
0.003033 0.003613
0.002750 0.003046
0.002543 0.002669
0.001967 0.002386
