0.239180 0.246749
0.158799 0.159163
0.138117 0.150527
0.124977 0.140989
0.116093 0.184973
0.107161 0.110411
0.098842 0.128874
0.094156 0.116500
0.092455 0.098955
0.090492 0.091575
0.078948 0.081235
0.078484 0.103069
0.076993 0.091482
0.070480 0.074435
0.069048 0.106179
0.068096 0.070426
0.067848 0.089622
0.066854 0.087936
0.066005 0.130359
0.065426 0.066252
0.064947 0.089115
0.062744 0.142894
0.060744 0.066262
0.060680 0.070338
0.060129 0.060618
0.059349 0.069546
0.058658 0.062635
0.058553 0.088074
0.056746 0.067802
0.056582 0.074688
0.056459 0.056658
0.056306 0.062583
0.055141 0.098938
0.052686 0.061004
0.050745 0.051212
0.048598 0.053856
0.047577 0.077069
0.046664 0.056282
0.046188 0.046700
0.046173 0.051760
0.044906 0.054736
0.044558 0.052686
0.043912 0.048062
0.043757 0.051162
0.043431 0.053248
0.043396 0.060602
0.042632 0.043868
0.042276 0.046488
0.042209 0.054183
0.041924 0.049296
0.041700 0.053097
0.041683 0.043980
0.041619 0.042958
0.041555 0.063523
0.041430 0.047144
0.040802 0.041212
0.039863 0.042463
0.039859 0.040453
0.039801 0.061684
0.038945 0.042986
0.038771 0.050250
0.038314 0.051543
0.038306 0.053073
0.038260 0.040365
0.036928 0.062214
0.036928 0.038195
0.036508 0.036778
0.036157 0.039852
0.035877 0.037920
0.035411 0.048412
0.035403 0.046429
0.034790 0.036511
0.034432 0.038878
0.034059 0.045302
0.033944 0.046810
0.033934 0.036316
0.033903 0.035337
0.033571 0.036336
0.033514 0.043035
0.033245 0.039319
0.032966 0.043653
0.032422 0.041870
0.031943 0.034424
0.031836 0.035543
0.031832 0.038679
0.031791 0.078655
0.031613 0.033803
0.031560 0.039146
0.031254 0.040856
0.030613 0.031746
0.030585 0.031615
0.030560 0.031862
0.030499 0.031076
0.030037 0.038632
0.029995 0.042119
0.029931 0.031721
0.029749 0.031158
0.029733 0.033183
0.029647 0.040880
0.029420 0.032611
0.029342 0.034347
0.029067 0.032357
0.029065 0.032089
0.028029 0.048482
0.027949 0.031156
0.027915 0.028634
0.027914 0.028919
0.027849 0.028634
0.027670 0.033207
0.027610 0.028000
0.027597 0.062583
0.027573 0.027833
0.027547 0.028094
0.027484 0.028886
0.027476 0.032519
0.027050 0.029358
0.027032 0.028232
0.026956 0.029762
0.026796 0.033432
0.026783 0.028284
0.026777 0.034608
0.026717 0.031330
0.026642 0.029455
0.026626 0.027087
0.026504 0.032376
0.026423 0.035237
0.026335 0.028283
0.026209 0.034534
0.026176 0.027012
0.026154 0.027611
0.026059 0.027504
0.026054 0.026087
0.025983 0.028635
0.025925 0.028161
0.025799 0.029118
0.025764 0.032240
0.025676 0.035514
0.025670 0.027446
0.025485 0.041537
0.025265 0.026818
0.025072 0.027354
0.025061 0.033977
0.024937 0.029778
0.024900 0.026456
0.024834 0.032022
0.024798 0.025578
0.024765 0.025856
0.024734 0.026947
0.024695 0.029347
0.024682 0.024824
0.024566 0.041444
0.024550 0.024748
0.024423 0.025683
0.024369 0.041830
0.024364 0.033499
0.024323 0.024537
0.024318 0.026679
0.024256 0.027045
0.024239 0.031626
0.024217 0.029675
0.024160 0.034667
0.024157 0.025901
0.024143 0.024764
0.024102 0.041602
0.023960 0.033065
0.023943 0.024793
0.023827 0.024863
0.023657 0.033466
0.023644 0.026261
0.023627 0.037224
0.023536 0.029119
0.023508 0.043633
0.023457 0.034450
0.023448 0.024895
0.023275 0.023768
0.023268 0.025215
0.023242 0.023350
0.023231 0.028924
0.023157 0.026347
0.023133 0.026871
0.022873 0.025928
0.022804 0.033882
0.022785 0.028326
0.022732 0.025771
0.022705 0.023296
0.022615 0.025335
0.022526 0.042212
0.022288 0.029226
0.022264 0.023995
0.022166 0.022689
0.022027 0.022286
0.022026 0.026904
0.021827 0.023033
0.021757 0.023278
0.021672 0.029201
0.021570 0.024036
0.021535 0.022541
0.021421 0.024575
0.021415 0.023294
0.021406 0.022293
0.021317 0.035536
0.021308 0.024854
0.021124 0.023949
0.021055 0.047301
0.021036 0.022377
0.021035 0.021889
0.021009 0.023173
0.020906 0.032308
0.020750 0.037703
0.020600 0.023241
0.020526 0.023110
0.020523 0.028556
0.020511 0.023087
0.020486 0.020930
0.020341 0.020516
0.020249 0.020910
0.020205 0.020898
0.020199 0.025078
0.020041 0.020124
0.019977 0.025136
0.019855 0.022726
0.019841 0.024298
0.019788 0.028681
0.019752 0.038070
0.019586 0.019588
0.019409 0.026180
0.019400 0.023241
0.019296 0.035204
0.019290 0.023223
0.019284 0.026467
0.019188 0.019436
0.019158 0.024800
0.019135 0.019246
0.019079 0.020941
0.019056 0.034296
0.019031 0.021159
0.019023 0.020458
0.018981 0.020256
0.018979 0.022420
0.018939 0.020171
0.018879 0.019436
0.018803 0.022706
0.018748 0.029648
0.018596 0.020232
0.018592 0.019827
0.018527 0.018985
0.018518 0.019005
0.018500 0.019759
0.018455 0.018644
0.018382 0.018552
0.018344 0.041961
0.018326 0.021294
0.018282 0.022007
0.018229 0.020611
0.018222 0.020408
0.018029 0.018525
0.018014 0.020302
0.017994 0.022868
0.017966 0.023096
0.017911 0.026047
0.017901 0.019146
0.017882 0.030895
0.017843 0.020021
0.017802 0.020927
0.017756 0.020881
0.017742 0.018514
0.017730 0.018948
0.017709 0.019661
0.017676 0.022443
0.017666 0.022229
0.017636 0.019850
0.017628 0.020603
0.017563 0.018361
0.017522 0.017814
0.017502 0.019700
0.017472 0.018443
0.017438 0.017467
0.017371 0.017996
0.017355 0.027546
0.017239 0.029247
0.017229 0.018528
0.017198 0.019483
0.017132 0.020679
0.017108 0.027427
0.017077 0.018562
0.017062 0.017063
0.017038 0.026528
0.017025 0.023879
0.017008 0.018816
0.016975 0.026553
0.016973 0.017581
0.016958 0.018566
0.016927 0.020362
0.016794 0.019563
0.016691 0.030245
0.016687 0.017026
0.016683 0.022666
0.016677 0.020442
0.016659 0.016911
0.016614 0.017412
0.016604 0.017710
0.016496 0.017143
0.016425 0.017537
0.016410 0.024525
0.016376 0.016799
0.016304 0.017609
0.016286 0.018250
0.016226 0.016636
0.016194 0.017392
0.016150 0.024177
0.016138 0.019905
0.016129 0.016298
0.016044 0.022000
0.016035 0.016118
0.016007 0.016372
0.015985 0.021703
0.015980 0.020029
0.015977 0.022200
0.015971 0.032312
0.015935 0.016463
0.015902 0.016394
0.015885 0.017899
0.015859 0.020258
0.015806 0.021540
0.015681 0.019114
0.015659 0.017374
0.015553 0.016594
0.015530 0.022047
0.015515 0.016164
0.015514 0.015925
0.015507 0.016604
0.015481 0.019183
0.015459 0.017963
0.015449 0.023380
0.015361 0.019456
0.015217 0.016025
0.015169 0.016373
0.015143 0.015197
0.015140 0.019817
0.015120 0.015935
0.015081 0.016760
0.015074 0.018302
0.015054 0.019840
0.015053 0.017146
0.015038 0.016702
0.014933 0.018640
0.014795 0.018684
0.014728 0.025689
0.014722 0.016016
0.014704 0.015274
0.014704 0.016095
0.014683 0.017006
0.014654 0.025819
0.014640 0.014940
0.014624 0.028915
0.014601 0.024375
0.014590 0.016658
0.014582 0.016567
0.014541 0.015489
0.014515 0.017220
0.014493 0.017373
0.014448 0.019589
0.014404 0.022505
0.014391 0.015303
0.014366 0.017821
0.014337 0.016915
0.014282 0.014341
0.014244 0.024291
0.014243 0.014645
0.014227 0.019286
0.014220 0.015296
0.014211 0.015215
0.014198 0.014741
0.014193 0.014881
0.014150 0.016018
0.014101 0.015145
0.014101 0.017018
0.014069 0.014334
0.014054 0.014200
0.014053 0.014746
0.014004 0.017130
0.014004 0.015967
0.013991 0.014367
0.013978 0.017418
0.013926 0.019761
0.013919 0.015186
0.013903 0.015988
0.013900 0.013923
0.013882 0.015758
0.013859 0.015426
0.013847 0.018520
0.013840 0.020341
0.013834 0.022306
0.013797 0.020345
0.013757 0.014864
0.013750 0.016531
0.013732 0.015637
0.013671 0.017789
0.013653 0.013980
0.013643 0.015663
0.013604 0.014691
0.013563 0.018224
0.013508 0.014740
0.013497 0.013754
0.013463 0.019253
0.013431 0.024269
0.013422 0.016392
0.013422 0.017895
0.013404 0.013948
0.013375 0.016850
0.013373 0.015297
0.013347 0.013566
0.013324 0.014280
0.013312 0.017092
0.013293 0.013688
0.013257 0.014501
0.013241 0.016035
0.013239 0.018273
0.013218 0.013472
0.013191 0.017333
0.013189 0.014061
0.013173 0.014319
0.013171 0.018322
0.013146 0.014732
0.013088 0.018076
0.013058 0.022149
0.013031 0.015861
0.013024 0.016026
0.013024 0.016865
0.013004 0.015790
0.012994 0.013335
0.012987 0.013875
0.012983 0.016181
0.012945 0.013675
0.012932 0.015838
0.012917 0.017268
0.012888 0.013114
0.012861 0.013998
0.012833 0.014239
0.012823 0.027682
0.012820 0.013227
0.012788 0.014164
0.012784 0.022538
0.012783 0.013076
0.012764 0.014564
0.012741 0.015313
0.012706 0.015915
0.012683 0.012842
0.012660 0.013199
0.012637 0.015413
0.012574 0.017544
0.012572 0.016289
0.012556 0.014840
0.012544 0.012731
0.012537 0.012700
0.012536 0.017504
0.012518 0.020291
0.012486 0.015783
0.012481 0.014143
0.012452 0.012978
0.012438 0.013659
0.012427 0.016430
0.012401 0.027550
0.012390 0.017725
0.012368 0.012449
0.012334 0.013119
0.012328 0.014511
0.012319 0.013552
0.012300 0.014051
0.012293 0.015472
0.012274 0.016006
0.012264 0.015912
0.012264 0.014820
0.012258 0.012938
0.012254 0.015058
0.012229 0.013408
0.012224 0.016605
0.012149 0.014465
0.012148 0.020618
0.012123 0.012931
0.012117 0.014949
0.012068 0.015721
0.012054 0.018868
0.012025 0.013573
0.012005 0.012685
0.011996 0.012177
0.011994 0.019020
0.011970 0.018438
0.011968 0.013196
0.011965 0.021691
0.011948 0.014978
0.011877 0.014491
0.011855 0.012397
0.011844 0.012358
0.011800 0.013495
0.011788 0.011843
0.011779 0.012451
0.011769 0.012056
0.011735 0.012339
0.011733 0.013450
0.011641 0.012210
0.011637 0.013903
0.011613 0.016668
0.011605 0.012289
0.011600 0.014638
0.011596 0.016140
0.011586 0.012416
0.011532 0.014292
0.011529 0.012059
0.011525 0.013078
0.011500 0.014808
0.011489 0.016457
0.011488 0.014082
0.011461 0.013183
0.011451 0.012132
0.011450 0.011457
0.011445 0.015059
0.011440 0.011869
0.011412 0.014048
0.011408 0.013274
0.011405 0.014345
0.011396 0.013421
0.011390 0.012628
0.011385 0.016195
0.011385 0.011531
0.011353 0.014844
0.011307 0.011654
0.011278 0.013163
0.011219 0.013867
0.011185 0.017209
0.011171 0.019042
0.011161 0.013472
0.011146 0.011160
0.011133 0.019029
0.011130 0.014874
0.011127 0.013319
0.011115 0.014817
0.011114 0.011655
0.011099 0.013489
0.011056 0.013464
0.011046 0.011468
0.011041 0.014004
0.011031 0.012126
0.011030 0.011527
0.011006 0.011890
0.011000 0.014630
0.010998 0.016100
0.010966 0.011882
0.010921 0.012816
0.010910 0.019966
0.010907 0.011723
0.010904 0.012923
0.010873 0.011816
0.010873 0.012596
0.010865 0.012263
0.010854 0.011676
0.010849 0.012830
0.010847 0.011413
0.010844 0.020734
0.010828 0.011556
0.010828 0.012012
0.010828 0.010925
0.010810 0.014095
0.010809 0.011722
0.010798 0.011798
0.010792 0.011737
0.010789 0.011589
0.010784 0.011031
0.010781 0.011108
0.010774 0.011246
0.010760 0.010974
0.010727 0.011188
0.010727 0.015778
0.010726 0.011065
0.010706 0.011763
0.010705 0.011162
0.010692 0.011508
0.010684 0.014929
0.010677 0.015557
0.010667 0.010855
0.010664 0.016204
0.010660 0.013193
0.010639 0.011234
0.010632 0.012663
0.010627 0.014087
0.010599 0.014714
0.010585 0.010674
0.010533 0.014601
0.010530 0.015058
0.010510 0.010535
0.010498 0.011984
0.010473 0.016200
0.010472 0.012830
0.010462 0.012307
0.010423 0.012032
0.010365 0.010612
0.010359 0.010656
0.010355 0.012072
0.010344 0.010856
0.010340 0.010814
0.010332 0.013380
0.010323 0.010795
0.010293 0.010710
0.010280 0.016829
0.010280 0.010448
0.010273 0.011384
0.010250 0.012561
0.010238 0.011775
0.010232 0.013834
0.010211 0.010384
0.010175 0.010458
0.010172 0.010536
0.010144 0.010878
0.010143 0.011406
0.010142 0.011296
0.010113 0.015897
0.010113 0.011616
0.010104 0.014227
0.010098 0.011234
0.010094 0.010978
0.010065 0.019087
0.010063 0.010696
0.010039 0.010632
0.010011 0.012789
0.010011 0.010533
0.010007 0.010199
0.009996 0.010087
0.009991 0.016792
0.009983 0.013142
0.009980 0.014694
0.009976 0.015038
0.009963 0.010341
0.009962 0.011696
0.009945 0.013280
0.009922 0.018665
0.009918 0.012150
0.009915 0.011577
0.009911 0.010714
0.009867 0.009873
0.009859 0.011249
0.009855 0.012168
0.009846 0.010219
0.009845 0.012981
0.009840 0.012879
0.009837 0.012478
0.009837 0.010036
0.009832 0.010222
0.009826 0.010547
0.009820 0.009951
0.009812 0.017325
0.009788 0.012917
0.009785 0.012322
0.009778 0.013248
0.009776 0.010725
0.009750 0.010107
0.009739 0.011300
0.009716 0.009778
0.009714 0.010132
0.009701 0.012306
0.009675 0.010507
0.009674 0.010103
0.009672 0.016787
0.009662 0.010042
0.009657 0.010319
0.009635 0.009828
0.009633 0.011001
0.009632 0.011488
0.009631 0.011877
0.009629 0.010266
0.009629 0.011747
0.009620 0.011406
0.009618 0.010002
0.009607 0.021138
0.009605 0.010889
0.009594 0.010053
0.009569 0.013211
0.009569 0.012725
0.009562 0.012066
0.009553 0.012430
0.009543 0.010398
0.009540 0.014004
0.009538 0.012850
0.009530 0.016714
0.009527 0.009872
0.009524 0.010266
0.009520 0.012582
0.009495 0.011237
0.009485 0.010047
0.009475 0.010090
0.009472 0.013710
0.009465 0.010158
0.009435 0.009720
0.009425 0.013458
0.009423 0.011699
0.009402 0.009587
0.009376 0.010298
0.009359 0.010440
0.009358 0.010168
0.009350 0.015279
0.009344 0.010175
0.009343 0.010667
0.009331 0.010890
0.009325 0.018222
0.009290 0.009601
0.009277 0.016339
0.009272 0.020476
0.009264 0.010051
0.009263 0.011812
0.009261 0.009332
0.009257 0.009791
0.009254 0.010084
0.009245 0.010446
0.009237 0.012077
0.009228 0.009430
0.009228 0.010689
0.009221 0.010619
0.009214 0.012137
0.009208 0.009756
0.009201 0.009649
0.009187 0.009286
0.009175 0.009861
0.009168 0.010198
0.009166 0.012812
0.009163 0.010584
0.009156 0.011552
0.009153 0.011500
0.009142 0.009885
0.009140 0.016748
0.009120 0.010382
0.009114 0.011200
0.009087 0.017901
0.009083 0.009570
0.009063 0.014394
0.009057 0.011466
0.009036 0.009911
0.009025 0.011120
0.009025 0.012580
0.009023 0.011356
0.009019 0.009097
0.009015 0.010621
0.009013 0.010325
0.009008 0.010367
0.009006 0.009328
0.009002 0.012768
0.008999 0.010024
0.008988 0.009766
0.008985 0.016868
0.008980 0.013429
0.008977 0.010622
0.008969 0.009880
0.008968 0.009359
0.008956 0.009040
0.008950 0.009373
0.008945 0.013509
0.008935 0.008974
0.008919 0.011587
0.008914 0.009957
0.008907 0.009761
0.008904 0.010899
0.008904 0.016783
0.008902 0.009250
0.008865 0.009198
0.008864 0.009684
0.008851 0.009625
0.008842 0.011421
0.008841 0.013289
0.008825 0.009078
0.008821 0.009704
0.008818 0.012965
0.008814 0.016872
0.008805 0.010030
0.008782 0.014464
0.008767 0.009766
0.008767 0.010306
0.008760 0.009097
0.008758 0.010289
0.008758 0.018005
0.008757 0.008775
0.008757 0.009055
0.008744 0.009815
0.008742 0.011698
0.008738 0.009328
0.008738 0.012891
0.008736 0.009117
0.008730 0.011686
0.008720 0.011808
0.008714 0.010002
0.008710 0.009818
0.008705 0.008858
0.008692 0.008968
0.008692 0.011329
0.008687 0.008954
0.008684 0.013488
0.008678 0.011650
0.008674 0.010663
0.008672 0.011563
0.008667 0.016658
0.008648 0.009550
0.008648 0.008742
0.008646 0.009328
0.008645 0.008828
0.008644 0.009639
0.008640 0.013932
0.008613 0.009714
0.008584 0.009359
0.008578 0.008772
0.008574 0.008837
0.008569 0.016248
0.008564 0.008677
0.008562 0.012989
0.008551 0.009157
0.008549 0.011907
0.008547 0.012450
0.008535 0.008737
0.008532 0.009050
0.008531 0.009609
0.008529 0.010291
0.008523 0.012165
0.008523 0.011199
0.008511 0.010058
0.008509 0.012619
0.008506 0.009087
0.008502 0.011721
0.008502 0.010497
0.008497 0.008566
0.008497 0.008660
0.008496 0.008561
0.008496 0.009710
0.008485 0.011182
0.008470 0.012149
0.008466 0.009807
0.008447 0.008718
0.008442 0.009128
0.008435 0.010784
0.008422 0.011321
0.008417 0.008965
0.008414 0.008912
0.008409 0.012303
0.008408 0.008973
0.008402 0.009634
0.008390 0.009135
0.008385 0.009557
0.008378 0.008448
0.008375 0.010512
0.008368 0.009465
0.008364 0.016008
0.008341 0.011597
0.008333 0.009662
0.008327 0.009628
0.008326 0.008532
0.008325 0.008632
0.008319 0.009578
0.008317 0.013079
0.008315 0.011413
0.008313 0.008527
0.008312 0.010559
0.008306 0.010263
0.008277 0.011252
0.008269 0.008291
0.008262 0.011830
0.008251 0.008792
0.008236 0.011036
0.008223 0.011895
0.008222 0.011027
0.008220 0.010896
0.008216 0.009429
0.008216 0.009799
0.008209 0.008499
0.008207 0.010797
0.008206 0.008994
0.008200 0.009015
0.008192 0.009564
0.008188 0.008287
0.008187 0.009134
0.008186 0.008684
0.008185 0.009446
0.008176 0.009174
0.008176 0.008736
0.008175 0.008732
0.008172 0.009105
0.008157 0.008201
0.008155 0.011452
0.008144 0.009824
0.008143 0.008688
0.008142 0.008704
0.008136 0.011853
0.008135 0.008716
0.008132 0.014289
0.008118 0.008509
0.008115 0.008510
0.008110 0.011827
0.008109 0.009883
0.008095 0.008448
0.008094 0.013773
0.008090 0.009873
0.008084 0.009017
0.008081 0.009741
0.008076 0.008181
0.008070 0.010278
0.008069 0.008851
0.008063 0.011783
0.008051 0.012372
0.008048 0.015342
0.008047 0.008671
0.008046 0.008114
0.008043 0.008672
0.008040 0.014827
0.008028 0.009048
0.008027 0.011121
0.008022 0.011387
0.008019 0.008447
0.008017 0.008097
0.008014 0.009400
0.008009 0.008427
0.008005 0.008386
0.008001 0.009269
0.008000 0.008884
0.007998 0.009759
0.007998 0.015852
0.007997 0.013900
0.007992 0.013911
0.007992 0.008353
0.007988 0.010038
0.007980 0.011606
0.007980 0.011202
0.007976 0.008167
0.007962 0.011445
0.007955 0.017466
0.007955 0.010577
0.007949 0.008380
0.007942 0.014231
0.007940 0.008254
0.007939 0.009253
0.007932 0.008622
0.007922 0.010694
0.007912 0.009849
0.007911 0.008285
0.007909 0.009473
0.007907 0.012427
0.007890 0.009639
0.007883 0.013149
0.007875 0.008673
0.007874 0.009352
0.007862 0.011190
0.007856 0.011368
0.007854 0.008200
0.007853 0.011070
0.007852 0.014569
0.007850 0.008000
0.007847 0.012419
0.007844 0.012193
0.007842 0.011926
0.007841 0.012955
0.007840 0.010076
0.007840 0.009045
0.007835 0.011102
0.007827 0.009838
0.007821 0.007921
0.007811 0.009152
0.007800 0.010920
0.007796 0.009146
0.007790 0.011232
0.007788 0.007983
0.007786 0.008667
0.007782 0.011406
0.007779 0.011934
0.007765 0.010442
0.007764 0.010584
0.007749 0.010278
0.007744 0.008222
0.007744 0.007796
0.007741 0.009482
0.007740 0.013205
0.007737 0.009439
0.007733 0.008662
0.007729 0.010506
0.007726 0.008338
0.007726 0.013782
0.007725 0.008418
0.007722 0.014927
0.007722 0.010330
0.007714 0.007867
0.007705 0.012516
0.007704 0.008594
0.007703 0.011889
0.007703 0.009733
0.007696 0.008711
0.007693 0.007750
0.007687 0.008734
0.007685 0.008216
0.007667 0.007770
0.007662 0.008056
0.007644 0.012268
0.007626 0.013181
0.007623 0.009419
0.007623 0.008188
0.007622 0.009858
0.007619 0.008477
0.007609 0.008202
0.007605 0.008219
0.007604 0.007792
0.007604 0.008284
0.007600 0.011477
0.007598 0.008187
0.007597 0.008517
0.007597 0.008135
0.007595 0.008164
0.007584 0.011606
0.007583 0.009423
0.007582 0.010345
0.007574 0.011810
0.007572 0.011491
0.007555 0.008538
0.007550 0.008154
0.007541 0.009970
0.007540 0.008645
0.007538 0.010708
0.007536 0.010114
0.007535 0.007550
0.007532 0.008981
0.007529 0.008581
0.007527 0.008359
0.007527 0.012965
0.007527 0.008471
0.007510 0.009372
0.007508 0.009295
0.007507 0.007687
0.007499 0.011708
0.007486 0.011059
0.007485 0.010673
0.007471 0.008017
0.007454 0.009205
0.007444 0.007518
0.007442 0.009066
0.007430 0.009970
0.007427 0.008136
0.007427 0.008596
0.007424 0.007757
0.007417 0.008246
0.007417 0.011325
0.007413 0.010739
0.007402 0.007732
0.007384 0.007874
0.007382 0.007768
0.007372 0.008497
0.007372 0.007575
0.007369 0.007881
0.007365 0.008667
0.007359 0.010916
0.007358 0.009282
0.007358 0.008050
0.007353 0.011212
0.007351 0.008087
0.007351 0.007427
0.007350 0.008356
0.007347 0.012529
0.007335 0.010214
0.007334 0.007986
0.007334 0.009099
0.007326 0.008542
0.007323 0.008543
0.007322 0.007634
0.007321 0.014143
0.007320 0.008019
0.007315 0.008057
0.007314 0.007952
0.007311 0.007868
0.007310 0.012837
0.007299 0.008501
0.007299 0.007454
0.007298 0.011190
0.007289 0.014301
0.007288 0.008445
0.007277 0.008884
0.007276 0.012246
0.007271 0.017682
0.007270 0.007407
0.007269 0.013212
0.007257 0.007279
0.007254 0.012285
0.007245 0.008308
0.007221 0.007229
0.007218 0.012252
0.007218 0.008636
0.007206 0.008630
0.007199 0.007379
0.007193 0.007905
0.007192 0.007742
0.007191 0.007782
0.007189 0.012160
0.007187 0.007984
0.007181 0.007298
0.007175 0.007865
0.007173 0.007795
0.007165 0.014912
0.007160 0.012153
0.007152 0.007816
0.007148 0.009135
0.007145 0.007418
0.007143 0.010939
0.007137 0.008371
0.007128 0.007735
0.007120 0.007164
0.007118 0.007194
0.007114 0.014391
0.007107 0.007938
0.007107 0.013092
0.007105 0.011681
0.007104 0.007573
0.007100 0.009950
0.007100 0.008253
0.007099 0.012184
0.007098 0.008885
0.007092 0.012618
0.007090 0.008893
0.007089 0.008140
0.007086 0.008866
0.007083 0.007472
0.007082 0.012359
0.007075 0.007133
0.007064 0.007958
0.007062 0.012295
0.007061 0.007374
0.007050 0.009304
0.007050 0.007125
0.007050 0.007783
0.007039 0.008164
0.007036 0.009622
0.007029 0.007743
0.007022 0.007603
0.007021 0.009096
0.007020 0.009423
0.007012 0.008548
0.007011 0.010948
0.006998 0.011047
0.006985 0.012202
0.006979 0.007036
0.006977 0.009692
0.006974 0.007153
0.006969 0.007199
0.006956 0.007061
0.006956 0.007471
0.006947 0.007095
0.006947 0.010220
0.006941 0.008367
0.006938 0.007225
0.006937 0.007846
0.006937 0.007083
0.006934 0.011348
0.006932 0.009657
0.006930 0.008772
0.006928 0.007733
0.006916 0.007125
0.006910 0.009016
0.006909 0.007753
0.006908 0.006948
0.006908 0.007619
0.006902 0.009407
0.006896 0.008665
0.006890 0.007079
0.006887 0.007257
0.006887 0.011614
0.006887 0.007139
0.006875 0.008843
0.006859 0.009008
0.006857 0.008356
0.006853 0.013269
0.006845 0.009765
0.006840 0.007415
0.006834 0.009124
0.006813 0.009560
0.006813 0.009048
0.006813 0.007961
0.006811 0.007161
0.006810 0.007327
0.006805 0.008517
0.006802 0.007383
0.006796 0.010692
0.006795 0.007534
0.006792 0.007269
0.006789 0.007327
0.006787 0.007052
0.006785 0.009019
0.006784 0.011597
0.006784 0.008415
0.006781 0.009665
0.006780 0.011311
0.006778 0.007414
0.006775 0.007091
0.006755 0.006781
0.006753 0.006766
0.006753 0.008473
0.006748 0.011450
0.006738 0.007412
0.006738 0.007287
0.006732 0.010729
0.006731 0.006737
0.006726 0.007110
0.006722 0.007907
0.006720 0.008210
0.006720 0.010124
0.006716 0.012336
0.006715 0.009018
0.006711 0.007226
0.006709 0.008138
0.006709 0.007128
0.006707 0.007250
0.006704 0.007419
0.006688 0.007667
0.006687 0.007897
0.006683 0.009675
0.006678 0.007460
0.006677 0.008457
0.006664 0.007626
0.006664 0.009581
0.006664 0.007101
0.006661 0.009462
0.006660 0.006885
0.006659 0.008005
0.006654 0.009522
0.006650 0.007781
0.006648 0.006864
0.006645 0.006717
0.006645 0.010857
0.006640 0.011820
0.006636 0.006655
0.006629 0.007773
0.006626 0.007618
0.006622 0.006982
0.006621 0.007366
0.006617 0.006643
0.006608 0.011239
0.006606 0.007733
0.006606 0.006798
0.006602 0.006729
0.006597 0.006906
0.006596 0.006837
0.006590 0.008430
0.006583 0.007117
0.006581 0.007167
0.006580 0.006902
0.006578 0.008173
0.006575 0.006784
0.006567 0.008125
0.006562 0.010492
0.006554 0.006621
0.006550 0.008108
0.006549 0.006957
0.006545 0.011963
0.006543 0.010052
0.006541 0.006611
0.006540 0.006666
0.006536 0.007014
0.006528 0.008686
0.006527 0.008159
0.006526 0.007240
0.006525 0.007253
0.006524 0.007368
0.006523 0.008451
0.006504 0.006851
0.006497 0.006612
0.006497 0.008280
0.006497 0.008336
0.006487 0.008746
0.006484 0.007562
0.006478 0.009188
0.006477 0.007955
0.006477 0.007427
0.006473 0.006481
0.006467 0.007764
0.006455 0.006938
0.006455 0.007418
0.006454 0.007705
0.006454 0.006595
0.006452 0.014408
0.006450 0.008526
0.006446 0.006609
0.006443 0.007499
0.006436 0.009162
0.006435 0.009166
0.006429 0.007788
0.006422 0.008166
0.006419 0.010983
0.006412 0.008951
0.006403 0.009244
0.006403 0.006523
0.006403 0.007661
0.006402 0.009209
0.006399 0.007171
0.006397 0.008130
0.006396 0.007484
0.006395 0.006971
0.006394 0.007385
0.006390 0.006485
0.006388 0.009859
0.006387 0.006948
0.006372 0.011051
0.006363 0.006466
0.006362 0.006832
0.006362 0.006424
0.006361 0.010430
0.006359 0.007825
0.006356 0.007755
0.006353 0.014694
0.006351 0.007096
0.006348 0.017100
0.006347 0.008371
0.006347 0.006864
0.006345 0.007150
0.006345 0.007329
0.006342 0.006613
0.006341 0.007169
0.006340 0.012912
0.006331 0.007158
0.006328 0.006813
0.006328 0.007615
0.006321 0.008534
0.006319 0.007341
0.006316 0.011831
0.006314 0.007960
0.006313 0.010365
0.006310 0.006425
0.006306 0.008050
0.006304 0.007027
0.006302 0.010446
0.006301 0.007048
0.006298 0.011918
0.006291 0.007855
0.006282 0.006750
0.006282 0.010420
0.006280 0.006872
0.006277 0.007045
0.006268 0.009409
0.006258 0.006987
0.006256 0.008029
0.006250 0.008846
0.006248 0.006954
0.006244 0.006892
0.006244 0.007625
0.006242 0.007246
0.006242 0.006454
0.006238 0.008283
0.006236 0.010086
0.006235 0.006472
0.006234 0.006643
0.006230 0.012441
0.006227 0.006340
0.006223 0.006812
0.006220 0.007367
0.006220 0.007215
0.006219 0.007139
0.006218 0.006925
0.006217 0.006675
0.006216 0.007065
0.006215 0.007625
0.006198 0.006528
0.006186 0.007158
0.006185 0.009641
0.006183 0.006342
0.006182 0.006346
0.006177 0.008302
0.006177 0.008132
0.006174 0.007222
0.006171 0.006380
0.006169 0.006444
0.006168 0.006445
0.006164 0.006771
0.006163 0.007498
0.006156 0.006165
0.006154 0.006449
0.006154 0.006288
0.006144 0.006230
0.006142 0.006945
0.006140 0.006751
0.006138 0.006160
0.006131 0.007012
0.006130 0.006745
0.006125 0.007463
0.006125 0.007531
0.006124 0.006549
0.006124 0.009890
0.006111 0.007282
0.006101 0.008970
0.006080 0.008097
0.006076 0.008433
0.006071 0.007543
0.006069 0.006162
0.006067 0.006956
0.006064 0.006251
0.006058 0.006306
0.006051 0.006304
0.006040 0.006359
0.006038 0.007147
0.006036 0.006599
0.006031 0.008063
0.006031 0.006474
0.006030 0.006557
0.006026 0.010342
0.006022 0.006135
0.006021 0.006302
0.006020 0.009994
0.006018 0.006376
0.006017 0.006132
0.006017 0.006541
0.006017 0.007319
0.006015 0.006528
0.006014 0.007363
0.006010 0.007899
0.006009 0.008449
0.006002 0.009307
0.005994 0.007121
0.005989 0.007889
0.005988 0.012720
0.005985 0.008065
0.005985 0.010186
0.005983 0.009135
0.005979 0.007690
0.005978 0.005993
0.005977 0.008471
0.005975 0.006415
0.005969 0.006326
0.005967 0.007487
0.005962 0.010221
0.005956 0.006913
0.005950 0.008049
0.005944 0.006045
0.005942 0.007870
0.005941 0.007490
0.005934 0.007347
0.005931 0.006450
0.005920 0.007513
0.005916 0.007428
0.005913 0.006388
0.005912 0.007948
0.005907 0.006155
0.005897 0.006363
0.005893 0.007042
0.005889 0.006207
0.005887 0.006142
0.005883 0.009420
0.005881 0.009537
0.005878 0.008058
0.005877 0.008179
0.005873 0.005902
0.005873 0.005887
0.005871 0.007055
0.005870 0.007301
0.005870 0.006139
0.005865 0.007477
0.005851 0.006347
0.005850 0.006000
0.005844 0.006177
0.005844 0.011873
0.005838 0.006927
0.005837 0.007432
0.005831 0.006282
0.005829 0.006252
0.005825 0.006913
0.005820 0.009690
0.005819 0.007030
0.005818 0.005821
0.005818 0.009992
0.005818 0.008672
0.005813 0.009321
0.005808 0.007560
0.005803 0.006100
0.005792 0.006715
0.005788 0.006439
0.005788 0.005904
0.005786 0.006743
0.005785 0.008384
0.005785 0.005931
0.005777 0.006276
0.005777 0.007484
0.005774 0.006074
0.005771 0.006005
0.005763 0.006637
0.005762 0.010632
0.005759 0.006558
0.005754 0.006373
0.005749 0.007076
0.005739 0.006993
0.005737 0.007018
0.005736 0.006596
0.005732 0.006478
0.005729 0.006020
0.005728 0.006353
0.005724 0.005837
0.005722 0.005729
0.005718 0.010279
0.005718 0.006189
0.005712 0.005740
0.005710 0.008392
0.005709 0.006693
0.005706 0.006899
0.005705 0.006275
0.005700 0.006383
0.005699 0.007933
0.005698 0.007327
0.005698 0.008463
0.005695 0.005702
0.005693 0.006437
0.005690 0.007944
0.005686 0.006869
0.005683 0.005750
0.005683 0.005944
0.005681 0.005972
0.005679 0.007356
0.005677 0.007227
0.005672 0.006414
0.005665 0.006126
0.005664 0.005883
0.005664 0.005809
0.005653 0.005758
0.005644 0.007145
0.005643 0.006755
0.005643 0.005690
0.005636 0.008607
0.005633 0.005902
0.005627 0.006773
0.005624 0.006334
0.005622 0.006482
0.005619 0.005633
0.005609 0.007784
0.005608 0.007183
0.005606 0.005921
0.005603 0.006609
0.005602 0.008058
0.005599 0.006051
0.005597 0.008547
0.005590 0.006675
0.005585 0.012552
0.005582 0.007852
0.005571 0.005860
0.005567 0.009523
0.005567 0.007391
0.005556 0.009782
0.005552 0.005745
0.005552 0.009228
0.005552 0.006298
0.005545 0.006589
0.005542 0.007158
0.005539 0.005821
0.005535 0.008860
0.005534 0.005862
0.005529 0.012122
0.005528 0.007508
0.005527 0.008022
0.005525 0.006241
0.005517 0.005623
0.005516 0.006674
0.005515 0.005655
0.005510 0.006331
0.005510 0.012572
0.005504 0.011290
0.005499 0.005951
0.005497 0.008804
0.005496 0.006866
0.005494 0.006477
0.005493 0.005724
0.005493 0.007645
0.005490 0.008480
0.005483 0.005881
0.005480 0.008223
0.005478 0.005773
0.005472 0.005842
0.005468 0.006487
0.005466 0.005727
0.005464 0.005839
0.005464 0.007347
0.005462 0.006776
0.005462 0.009976
0.005460 0.005875
0.005460 0.007235
0.005460 0.005651
0.005455 0.007949
0.005448 0.005470
0.005444 0.005788
0.005443 0.009007
0.005443 0.008689
0.005439 0.008588
0.005438 0.005947
0.005429 0.006714
0.005429 0.006279
0.005429 0.005699
0.005429 0.006838
0.005426 0.006124
0.005420 0.006595
0.005417 0.005421
0.005417 0.006212
0.005416 0.007033
0.005414 0.006795
0.005410 0.006741
0.005410 0.008529
0.005408 0.007288
0.005407 0.005834
0.005404 0.010352
0.005400 0.007387
0.005392 0.007732
0.005387 0.005496
0.005380 0.006983
0.005379 0.006473
0.005378 0.007006
0.005378 0.005450
0.005375 0.006753
0.005375 0.006863
0.005371 0.006536
0.005364 0.005453
0.005361 0.005571
0.005358 0.005967
0.005355 0.006895
0.005354 0.008624
0.005352 0.007887
0.005350 0.005871
0.005349 0.005517
0.005347 0.007907
0.005344 0.005489
0.005342 0.005971
0.005340 0.006187
0.005333 0.005784
0.005330 0.006875
0.005327 0.005721
0.005326 0.005438
0.005324 0.007723
0.005322 0.005707
0.005314 0.007629
0.005313 0.005755
0.005312 0.005315
0.005310 0.008187
0.005309 0.005694
0.005308 0.006036
0.005299 0.007617
0.005295 0.005580
0.005293 0.008693
0.005293 0.005824
0.005289 0.005678
0.005286 0.005932
0.005283 0.006401
0.005281 0.006403
0.005280 0.005827
0.005277 0.005649
0.005277 0.005502
0.005269 0.005978
0.005269 0.005536
0.005263 0.005574
0.005260 0.005446
0.005260 0.005370
0.005260 0.005293
0.005258 0.007461
0.005257 0.008361
0.005255 0.005847
0.005252 0.006145
0.005251 0.008600
0.005250 0.005277
0.005247 0.008181
0.005242 0.005768
0.005242 0.005997
0.005241 0.005671
0.005239 0.009265
0.005230 0.006062
0.005230 0.007038
0.005222 0.007904
0.005208 0.007685
0.005206 0.009497
0.005205 0.005280
0.005201 0.007973
0.005201 0.005996
0.005199 0.005420
0.005197 0.005344
0.005191 0.005887
0.005190 0.008252
0.005187 0.005790
0.005184 0.005216
0.005181 0.005487
0.005181 0.009806
0.005181 0.006132
0.005181 0.005448
0.005180 0.007143
0.005178 0.005246
0.005174 0.005512
0.005172 0.007735
0.005172 0.005230
0.005165 0.005345
0.005159 0.005831
0.005156 0.007406
0.005152 0.005906
0.005150 0.006085
0.005146 0.007399
0.005143 0.005227
0.005143 0.007125
0.005142 0.007520
0.005140 0.005527
0.005138 0.006977
0.005137 0.005810
0.005136 0.005441
0.005135 0.006607
0.005135 0.008836
0.005132 0.009537
0.005132 0.006158
0.005131 0.005421
0.005126 0.005511
0.005125 0.005739
0.005122 0.006522
0.005117 0.005142
0.005116 0.005537
0.005112 0.005310
0.005112 0.005394
0.005112 0.009413
0.005110 0.008750
0.005107 0.005751
0.005106 0.006488
0.005105 0.005129
0.005099 0.005759
0.005097 0.006412
0.005090 0.006580
0.005086 0.005235
0.005083 0.005275
0.005076 0.005754
0.005071 0.005199
0.005069 0.008043
0.005063 0.007492
0.005063 0.005291
0.005063 0.005527
0.005062 0.005109
0.005061 0.011218
0.005060 0.006366
0.005059 0.005538
0.005055 0.005392
0.005051 0.006430
0.005050 0.007146
0.005050 0.007424
0.005049 0.005251
0.005049 0.006120
0.005047 0.009307
0.005047 0.005222
0.005045 0.005265
0.005042 0.005082
0.005041 0.005945
0.005041 0.009458
0.005040 0.005084
0.005040 0.005213
0.005039 0.006539
0.005038 0.005212
0.005035 0.005414
0.005034 0.007766
0.005034 0.006842
0.005033 0.005062
0.005032 0.005605
0.005031 0.005481
0.005026 0.005699
0.005024 0.006468
0.005022 0.008320
0.005022 0.005139
0.005019 0.005278
0.005018 0.005702
0.005015 0.006485
0.005010 0.006355
0.005009 0.008166
0.005009 0.006231
0.005008 0.005664
0.005005 0.005135
0.005004 0.005158
0.005004 0.006340
0.004998 0.005878
0.004998 0.005523
0.004993 0.005130
0.004991 0.005830
0.004990 0.005453
0.004979 0.005853
0.004979 0.005373
0.004977 0.005615
0.004971 0.008600
0.004961 0.004977
0.004956 0.005563
0.004953 0.007471
0.004952 0.006200
0.004951 0.005382
0.004945 0.005338
0.004942 0.009246
0.004941 0.005982
0.004941 0.004980
0.004941 0.007041
0.004941 0.005436
0.004940 0.005180
0.004936 0.005084
0.004935 0.010975
0.004933 0.005554
0.004914 0.006124
0.004913 0.005670
0.004913 0.004930
0.004908 0.006105
0.004908 0.006772
0.004904 0.005622
0.004901 0.005050
0.004897 0.005207
0.004897 0.004941
0.004893 0.005231
0.004892 0.006678
0.004892 0.005815
0.004887 0.006477
0.004881 0.006196
0.004880 0.005220
0.004879 0.005708
0.004878 0.006288
0.004877 0.007215
0.004877 0.005796
0.004874 0.005821
0.004867 0.007520
0.004862 0.006893
0.004862 0.005384
0.004859 0.005080
0.004858 0.005219
0.004854 0.004880
0.004852 0.007725
0.004851 0.008516
0.004850 0.006318
0.004850 0.004984
0.004846 0.006037
0.004846 0.005055
0.004837 0.006928
0.004833 0.007526
0.004828 0.004897
0.004827 0.004912
0.004825 0.006047
0.004825 0.004995
0.004823 0.006039
0.004822 0.006742
0.004820 0.008025
0.004820 0.006098
0.004819 0.004886
0.004816 0.005415
0.004816 0.005488
0.004815 0.005616
0.004814 0.007832
0.004811 0.009693
0.004810 0.004950
0.004808 0.007402
0.004801 0.006000
0.004799 0.007286
0.004795 0.007372
0.004792 0.004917
0.004788 0.006189
0.004782 0.006910
0.004782 0.006106
0.004780 0.007768
0.004780 0.007306
0.004779 0.008004
0.004778 0.007511
0.004774 0.005151
0.004772 0.005091
0.004772 0.004923
0.004770 0.005134
0.004767 0.006391
0.004761 0.005201
0.004757 0.005267
0.004757 0.005332
0.004750 0.006068
0.004750 0.004932
0.004742 0.006447
0.004739 0.008464
0.004727 0.004788
0.004723 0.004744
0.004722 0.004754
0.004721 0.005227
0.004721 0.005141
0.004720 0.006980
0.004719 0.004876
0.004714 0.004909
0.004713 0.008000
0.004709 0.005074
0.004704 0.004928
0.004703 0.007821
0.004701 0.005681
0.004701 0.004768
0.004700 0.005127
0.004700 0.004949
0.004699 0.005243
0.004693 0.006252
0.004692 0.005457
0.004691 0.004843
0.004688 0.004990
0.004687 0.006376
0.004686 0.007996
0.004681 0.004798
0.004679 0.005404
0.004677 0.005049
0.004675 0.007917
0.004670 0.004713
0.004662 0.005671
0.004660 0.004722
0.004659 0.007200
0.004654 0.006865
0.004653 0.005026
0.004651 0.007015
0.004648 0.005071
0.004646 0.009624
0.004645 0.006230
0.004645 0.007584
0.004639 0.006559
0.004639 0.007332
0.004631 0.005046
0.004629 0.005668
0.004628 0.005497
0.004626 0.004975
0.004625 0.005200
0.004625 0.004649
0.004620 0.004679
0.004620 0.008046
0.004618 0.006936
0.004617 0.005512
0.004616 0.009524
0.004615 0.004677
0.004614 0.004675
0.004614 0.006092
0.004599 0.004976
0.004598 0.005548
0.004598 0.004937
0.004589 0.004698
0.004582 0.004798
0.004569 0.008215
0.004569 0.007357
0.004567 0.005734
0.004563 0.004700
0.004556 0.005067
0.004553 0.006338
0.004551 0.005109
0.004542 0.005127
0.004539 0.004746
0.004535 0.005624
0.004533 0.005343
0.004531 0.005814
0.004531 0.005458
0.004530 0.005783
0.004526 0.004663
0.004520 0.007279
0.004513 0.007124
0.004505 0.006419
0.004504 0.005513
0.004503 0.004703
0.004497 0.004542
0.004495 0.005397
0.004495 0.006652
0.004495 0.004635
0.004492 0.004927
0.004491 0.004508
0.004489 0.004553
0.004485 0.005386
0.004485 0.006716
0.004484 0.005551
0.004484 0.007360
0.004484 0.006767
0.004475 0.005900
0.004471 0.005827
0.004471 0.004621
0.004469 0.005289
0.004464 0.006758
0.004464 0.011279
0.004461 0.010068
0.004447 0.005530
0.004445 0.007565
0.004440 0.004691
0.004438 0.004493
0.004436 0.004483
0.004436 0.005639
0.004428 0.006247
0.004423 0.006395
0.004422 0.006881
0.004420 0.006571
0.004418 0.005238
0.004410 0.005172
0.004408 0.004623
0.004397 0.005334
0.004393 0.007495
0.004391 0.004986
0.004387 0.007872
0.004387 0.007436
0.004386 0.004837
0.004380 0.005150
0.004380 0.004477
0.004379 0.005338
0.004376 0.006495
0.004375 0.005060
0.004371 0.004427
0.004367 0.005595
0.004363 0.005226
0.004362 0.005736
0.004360 0.004928
0.004359 0.004866
0.004355 0.004422
0.004350 0.005218
0.004349 0.009599
0.004345 0.006126
0.004345 0.004689
0.004341 0.004663
0.004341 0.006044
0.004341 0.004847
0.004333 0.004480
0.004332 0.005163
0.004332 0.006712
0.004331 0.004895
0.004330 0.005094
0.004324 0.006981
0.004322 0.004389
0.004321 0.004488
0.004315 0.004323
0.004314 0.005999
0.004312 0.011262
0.004310 0.004429
0.004309 0.004360
0.004308 0.005459
0.004304 0.007927
0.004297 0.006958
0.004296 0.004460
0.004292 0.005502
0.004288 0.004551
0.004286 0.004382
0.004283 0.006321
0.004282 0.004820
0.004278 0.005857
0.004278 0.006240
0.004272 0.005809
0.004272 0.006599
0.004268 0.004532
0.004267 0.007392
0.004259 0.004419
0.004249 0.008140
0.004249 0.005025
0.004248 0.004340
0.004244 0.004398
0.004242 0.006363
0.004237 0.004693
0.004235 0.005510
0.004232 0.004441
0.004230 0.005021
0.004221 0.004380
0.004213 0.006383
0.004209 0.004905
0.004208 0.007512
0.004204 0.004630
0.004202 0.004901
0.004199 0.008015
0.004197 0.005545
0.004195 0.004856
0.004194 0.004287
0.004183 0.004983
0.004182 0.005191
0.004181 0.004546
0.004181 0.004370
0.004179 0.006036
0.004178 0.004602
0.004176 0.005434
0.004173 0.006853
0.004171 0.006096
0.004165 0.004611
0.004154 0.004397
0.004152 0.005230
0.004145 0.004175
0.004140 0.004172
0.004138 0.006010
0.004138 0.004197
0.004136 0.004954
0.004136 0.005138
0.004132 0.004857
0.004129 0.006510
0.004128 0.008105
0.004127 0.004239
0.004118 0.006953
0.004116 0.004127
0.004112 0.005307
0.004108 0.004155
0.004108 0.007188
0.004103 0.005557
0.004102 0.006159
0.004099 0.005653
0.004097 0.004164
0.004093 0.004916
0.004093 0.004589
0.004092 0.004557
0.004090 0.004908
0.004087 0.004785
0.004086 0.004099
0.004085 0.004676
0.004081 0.009700
0.004081 0.004769
0.004079 0.007958
0.004079 0.008677
0.004076 0.004595
0.004074 0.005403
0.004067 0.005811
0.004067 0.004406
0.004062 0.005095
0.004057 0.004248
0.004053 0.005257
0.004047 0.005260
0.004047 0.004619
0.004046 0.004476
0.004045 0.005090
0.004045 0.006105
0.004042 0.004109
0.004039 0.005633
0.004038 0.004184
0.004037 0.005482
0.004036 0.005564
0.004029 0.005625
0.004027 0.006791
0.004027 0.004857
0.004017 0.005798
0.004014 0.004862
0.004002 0.005001
0.003999 0.007357
0.003999 0.007649
0.003995 0.004762
0.003993 0.004120
0.003980 0.005831
0.003979 0.004348
0.003978 0.005013
0.003978 0.005395
0.003971 0.004110
0.003967 0.006250
0.003963 0.007492
0.003961 0.004525
0.003953 0.004548
0.003945 0.004172
0.003945 0.005122
0.003944 0.004361
0.003943 0.004049
0.003940 0.004012
0.003938 0.003995
0.003938 0.004902
0.003937 0.004725
0.003936 0.003949
0.003933 0.004019
0.003931 0.004891
0.003931 0.004223
0.003924 0.006601
0.003923 0.004144
0.003922 0.005058
0.003920 0.006215
0.003918 0.005738
0.003917 0.007197
0.003915 0.004049
0.003914 0.004029
0.003913 0.006225
0.003910 0.003932
0.003907 0.004876
0.003907 0.005318
0.003905 0.004361
0.003895 0.006146
0.003891 0.004401
0.003887 0.004338
0.003883 0.006346
0.003882 0.004199
0.003882 0.004258
0.003877 0.004001
0.003873 0.003902
0.003869 0.005944
0.003862 0.007361
0.003858 0.004529
0.003857 0.003871
0.003857 0.003909
0.003857 0.004245
0.003847 0.004378
0.003846 0.004933
0.003844 0.004619
0.003837 0.004188
0.003832 0.004127
0.003829 0.005177
0.003828 0.003965
0.003825 0.004985
0.003818 0.003940
0.003818 0.004879
0.003814 0.005234
0.003813 0.004085
0.003812 0.008235
0.003812 0.006197
0.003812 0.006125
0.003810 0.004699
0.003810 0.004213
0.003804 0.003871
0.003804 0.004040
0.003802 0.003839
0.003801 0.004365
0.003798 0.004192
0.003796 0.003848
0.003796 0.004349
0.003795 0.004302
0.003790 0.004204
0.003790 0.004725
0.003787 0.007064
0.003780 0.006411
0.003777 0.004078
0.003776 0.005501
0.003774 0.003944
0.003773 0.004835
0.003771 0.004678
0.003771 0.004477
0.003769 0.007187
0.003766 0.004665
0.003765 0.006002
0.003765 0.007784
0.003762 0.004923
0.003761 0.005474
0.003761 0.004622
0.003761 0.003762
0.003760 0.004157
0.003758 0.006818
0.003746 0.004095
0.003745 0.004343
0.003738 0.004141
0.003736 0.004233
0.003735 0.003784
0.003727 0.004348
0.003725 0.004761
0.003723 0.003965
0.003722 0.003824
0.003721 0.004100
0.003720 0.003839
0.003718 0.003793
0.003717 0.004756
0.003713 0.004209
0.003712 0.004129
0.003703 0.005047
0.003703 0.007469
0.003702 0.006593
0.003700 0.008689
0.003698 0.005260
0.003697 0.004213
0.003695 0.004244
0.003694 0.006530
0.003694 0.007399
0.003694 0.003772
0.003694 0.003914
0.003686 0.005645
0.003685 0.003884
0.003680 0.004078
0.003674 0.005901
0.003666 0.003721
0.003663 0.003757
0.003661 0.004456
0.003660 0.003827
0.003660 0.004398
0.003658 0.005848
0.003656 0.003873
0.003650 0.003887
0.003648 0.003844
0.003647 0.005285
0.003647 0.003878
0.003646 0.007142
0.003645 0.003773
0.003643 0.005326
0.003639 0.003865
0.003638 0.003703
0.003637 0.005215
0.003636 0.004078
0.003627 0.005339
0.003625 0.004296
0.003625 0.004920
0.003624 0.005915
0.003622 0.005151
0.003620 0.004375
0.003617 0.004772
0.003611 0.004062
0.003609 0.003716
0.003608 0.004678
0.003608 0.004075
0.003600 0.004066
0.003591 0.004653
0.003589 0.007349
0.003585 0.003913
0.003583 0.006595
0.003583 0.004071
0.003579 0.004372
0.003578 0.004017
0.003576 0.005610
0.003573 0.003931
0.003570 0.003957
0.003568 0.004339
0.003566 0.004244
0.003566 0.004703
0.003565 0.003619
0.003564 0.004867
0.003562 0.003892
0.003561 0.003595
0.003560 0.004600
0.003553 0.004199
0.003552 0.005020
0.003548 0.004894
0.003548 0.006267
0.003541 0.004655
0.003535 0.004087
0.003534 0.003995
0.003532 0.003839
0.003528 0.003930
0.003528 0.004603
0.003527 0.003896
0.003524 0.004306
0.003519 0.004621
0.003516 0.003697
0.003516 0.005604
0.003516 0.007666
0.003514 0.003753
0.003512 0.005544
0.003510 0.004014
0.003509 0.005833
0.003509 0.004441
0.003506 0.003828
0.003499 0.007739
0.003495 0.003793
0.003494 0.003652
0.003486 0.006955
0.003482 0.003770
0.003481 0.005025
0.003481 0.003710
0.003479 0.003696
0.003477 0.005346
0.003476 0.003556
0.003475 0.004177
0.003474 0.004463
0.003468 0.004963
0.003463 0.004177
0.003462 0.003891
0.003461 0.003896
0.003459 0.003847
0.003456 0.003570
0.003453 0.007023
0.003446 0.004160
0.003445 0.007875
0.003431 0.003660
0.003424 0.003483
0.003424 0.006098
0.003421 0.004624
0.003421 0.003726
0.003416 0.005124
0.003414 0.004418
0.003409 0.004731
0.003407 0.007987
0.003402 0.005378
0.003401 0.003506
0.003401 0.003799
0.003395 0.004211
0.003394 0.003422
0.003392 0.003454
0.003388 0.007485
0.003387 0.005194
0.003382 0.004311
0.003381 0.003695
0.003379 0.003451
0.003367 0.008795
0.003367 0.003608
0.003366 0.003409
0.003344 0.004329
0.003343 0.003535
0.003340 0.005365
0.003338 0.003654
0.003335 0.003528
0.003332 0.003880
0.003329 0.005509
0.003328 0.005639
0.003311 0.003486
0.003301 0.003632
0.003299 0.003591
0.003298 0.004172
0.003295 0.003496
0.003292 0.004178
0.003291 0.004397
0.003289 0.003568
0.003289 0.004159
0.003283 0.004164
0.003280 0.003668
0.003278 0.003810
0.003263 0.003687
0.003263 0.003397
0.003263 0.004191
0.003251 0.003667
0.003251 0.003670
0.003247 0.004249
0.003236 0.003450
0.003232 0.003840
0.003229 0.003331
0.003226 0.003318
0.003225 0.004201
0.003224 0.004565
0.003221 0.006860
0.003218 0.003227
0.003214 0.004380
0.003205 0.005786
0.003203 0.003622
0.003200 0.006964
0.003198 0.003679
0.003197 0.003212
0.003185 0.004082
0.003182 0.003363
0.003182 0.004178
0.003181 0.003638
0.003170 0.003321
0.003165 0.003591
0.003159 0.003285
0.003152 0.004242
0.003150 0.003716
0.003146 0.003414
0.003145 0.005735
0.003144 0.003235
0.003142 0.005168
0.003135 0.003754
0.003130 0.003518
0.003127 0.004497
0.003117 0.003530
0.003111 0.003205
0.003110 0.003540
0.003109 0.004792
0.003107 0.003166
0.003099 0.004456
0.003097 0.003171
0.003095 0.003842
0.003074 0.003304
0.003068 0.004942
0.003065 0.003230
0.003061 0.003107
0.003060 0.006711
0.003059 0.003073
0.003056 0.003204
0.003045 0.003143
0.003037 0.004023
0.003037 0.003297
0.003034 0.004653
0.003030 0.003512
0.003027 0.003306
0.003026 0.003173
0.003024 0.003098
0.003019 0.003020
0.003004 0.003573
0.003003 0.003485
0.003002 0.003218
0.003002 0.003353
0.002989 0.005231
0.002986 0.003457
0.002986 0.004359
0.002981 0.003167
0.002979 0.004036
0.002975 0.003618
0.002965 0.003416
0.002964 0.003571
0.002961 0.003241
0.002950 0.003758
0.002949 0.003847
0.002943 0.004136
0.002940 0.006004
0.002928 0.002960
0.002928 0.002938
0.002924 0.005067
0.002918 0.003809
0.002909 0.003010
0.002906 0.003135
0.002886 0.002942
0.002881 0.003575
0.002875 0.003848
0.002872 0.002878
0.002871 0.004018
0.002864 0.003196
0.002860 0.003601
0.002856 0.003519
0.002850 0.002962
0.002841 0.002929
0.002840 0.003154
0.002833 0.003367
0.002817 0.003411
0.002817 0.003533
0.002815 0.005018
0.002811 0.003573
0.002811 0.003857
0.002807 0.002893
0.002804 0.003959
0.002797 0.003274
0.002795 0.003605
0.002784 0.003061
0.002782 0.003111
0.002780 0.002815
0.002763 0.002795
0.002750 0.003178
0.002747 0.004529
0.002732 0.002903
0.002732 0.002740
0.002725 0.002799
0.002721 0.003765
0.002718 0.002759
0.002711 0.002917
0.002701 0.004663
0.002680 0.003574
0.002679 0.003105
0.002677 0.002719
0.002677 0.002842
0.002672 0.004120
0.002665 0.002786
0.002641 0.003456
0.002640 0.002992
0.002633 0.002982
0.002626 0.002970
0.002619 0.003410
0.002604 0.002957
0.002601 0.002736
0.002582 0.003239
0.002578 0.002957
0.002573 0.002886
0.002570 0.002605
0.002568 0.003020
0.002552 0.002695
0.002552 0.002597
0.002537 0.003403
0.002530 0.002739
0.002521 0.002819
0.002494 0.003656
0.002483 0.002741
0.002481 0.003139
0.002478 0.002503
0.002469 0.003063
0.002448 0.002850
0.002440 0.002919
0.002437 0.002734
0.002436 0.002581
0.002426 0.002762
0.002412 0.002445
0.002397 0.002443
0.002370 0.002459
0.002359 0.002398
0.002353 0.003796
0.002351 0.003408
0.002338 0.002552
0.002329 0.002789
0.002307 0.002627
0.002296 0.002932
0.002292 0.002293
0.002246 0.002278
0.002230 0.002558
0.002229 0.002234
0.002221 0.002325
0.002187 0.002443
0.002158 0.002386
0.002102 0.002459
0.002018 0.002306
0.001992 0.001997
0.001988 0.002082
0.001925 0.002229
0.001922 0.001926
0.001781 0.002078
0.001759 0.002140
0.001759 0.002160
0.001707 0.001728
0.001667 0.002331
0.001440 0.001497
0.001400 0.001494
0.000674 0.000685
