0.327473 0.375913
0.286876 0.353633
0.213106 0.238516
0.165819 0.179192
0.146302 0.156004
0.141145 0.205412
0.134638 0.148607
0.133072 0.145034
0.116843 0.143727
0.114064 0.161505
0.103587 0.108922
0.100401 0.115043
0.092943 0.099697
0.092327 0.110661
0.090706 0.094211
0.081879 0.094531
0.079133 0.088724
0.077956 0.079428
0.076882 0.082707
0.075728 0.076476
0.074432 0.075113
0.071417 0.104191
0.069671 0.098148
0.068484 0.070872
0.066473 0.071369
0.066041 0.074191
0.064870 0.064916
0.064706 0.072976
0.064195 0.066513
0.062541 0.071644
0.058271 0.069481
0.057460 0.061583
0.055531 0.072657
0.054880 0.057738
0.053720 0.070361
0.052596 0.056777
0.052451 0.062226
0.052359 0.068789
0.051543 0.051746
0.051372 0.099133
0.051109 0.051299
0.049912 0.063594
0.049274 0.053249
0.049250 0.080315
0.049105 0.049975
0.048502 0.056783
0.048115 0.065653
0.047338 0.047755
0.047293 0.065785
0.047271 0.048550
0.046415 0.049928
0.045836 0.049653
0.045774 0.046352
0.045528 0.062555
0.045161 0.047180
0.044648 0.069516
0.044336 0.075544
0.043842 0.044671
0.043709 0.044421
0.042606 0.042842
0.042154 0.053573
0.042069 0.048514
0.042066 0.044841
0.041846 0.042225
0.041706 0.051635
0.040843 0.048067
0.040833 0.050395
0.040501 0.075254
0.040438 0.056194
0.040432 0.061602
0.040340 0.040724
0.039893 0.043039
0.039520 0.041784
0.038976 0.041678
0.038924 0.042885
0.038546 0.039340
0.038521 0.041508
0.037922 0.045106
0.037035 0.058586
0.036844 0.037452
0.036827 0.052588
0.036234 0.046494
0.036223 0.059958
0.036173 0.062066
0.036147 0.048740
0.036028 0.043711
0.035995 0.044830
0.035862 0.041715
0.035138 0.042371
0.035065 0.035619
0.035013 0.044768
0.034995 0.036810
0.034900 0.036152
0.034360 0.043814
0.034205 0.034309
0.034088 0.061265
0.034036 0.034084
0.034006 0.058256
0.033984 0.034449
0.033837 0.038208
0.033823 0.046735
0.033627 0.036752
0.033626 0.037683
0.033382 0.035363
0.033368 0.036753
0.033203 0.045720
0.032606 0.049197
0.032534 0.037874
0.031897 0.037162
0.031894 0.038284
0.031436 0.040456
0.031051 0.033707
0.031033 0.032738
0.030981 0.033714
0.030819 0.038812
0.030708 0.037631
0.030471 0.030489
0.030362 0.032427
0.030334 0.032816
0.030163 0.032465
0.030129 0.039732
0.030054 0.036155
0.029810 0.037541
0.029679 0.032331
0.029659 0.030061
0.029482 0.031456
0.029466 0.035400
0.029410 0.029853
0.029284 0.029981
0.028792 0.029121
0.028590 0.044268
0.028430 0.058572
0.028398 0.050925
0.028363 0.037490
0.028360 0.052540
0.028249 0.030329
0.028213 0.028718
0.028131 0.038774
0.027869 0.028198
0.027601 0.034974
0.027536 0.028216
0.027405 0.029460
0.027139 0.033975
0.027096 0.031955
0.027095 0.035428
0.026725 0.028221
0.026695 0.038845
0.026689 0.036165
0.026559 0.032159
0.026419 0.030723
0.026347 0.027741
0.025975 0.026005
0.025888 0.026298
0.025708 0.028303
0.025524 0.034880
0.025514 0.051465
0.025478 0.026947
0.025364 0.035094
0.025333 0.031650
0.025316 0.054639
0.025041 0.040282
0.024852 0.032479
0.024820 0.038634
0.024633 0.025323
0.024585 0.026870
0.024555 0.032600
0.024372 0.024509
0.024322 0.033064
0.024011 0.041412
0.023982 0.023992
0.023974 0.033372
0.023944 0.034933
0.023932 0.032746
0.023683 0.030100
0.023681 0.025302
0.023458 0.034719
0.023428 0.029798
0.023379 0.025384
0.023332 0.024585
0.023202 0.024906
0.023171 0.026942
0.023065 0.023357
0.023003 0.029461
0.022989 0.027978
0.022973 0.023217
0.022748 0.039509
0.022611 0.026486
0.022598 0.024492
0.022280 0.025590
0.022204 0.033731
0.022022 0.037553
0.022013 0.023033
0.021983 0.027156
0.021902 0.032587
0.021896 0.036715
0.021878 0.038445
0.021833 0.025982
0.021800 0.027808
0.021760 0.029676
0.021724 0.025645
0.021641 0.023562
0.021428 0.022473
0.021413 0.024103
0.021366 0.022440
0.021338 0.023081
0.021290 0.028906
0.021277 0.022061
0.021017 0.021331
0.020959 0.025123
0.020958 0.021752
0.020892 0.029190
0.020884 0.026065
0.020822 0.026096
0.020789 0.025118
0.020766 0.022024
0.020732 0.024905
0.020644 0.024418
0.020636 0.020677
0.020616 0.028172
0.020511 0.021469
0.020474 0.028495
0.020408 0.021150
0.020394 0.031608
0.020367 0.023031
0.020366 0.020538
0.020359 0.028483
0.020123 0.020303
0.020023 0.022077
0.019948 0.025332
0.019854 0.022795
0.019839 0.019982
0.019728 0.023618
0.019467 0.031227
0.019077 0.023875
0.019044 0.025198
0.019037 0.019847
0.018875 0.019658
0.018734 0.019357
0.018729 0.020542
0.018725 0.025697
0.018566 0.018990
0.018549 0.018775
0.018494 0.021890
0.018471 0.029247
0.018429 0.020900
0.018305 0.027232
0.018264 0.020626
0.018248 0.023705
0.018206 0.025847
0.018164 0.024785
0.018152 0.021258
0.018121 0.021750
0.018046 0.020203
0.018003 0.019306
0.017960 0.018896
0.017931 0.019620
0.017909 0.035109
0.017869 0.020122
0.017866 0.018912
0.017835 0.025257
0.017824 0.020637
0.017753 0.026133
0.017685 0.018139
0.017676 0.020205
0.017619 0.017785
0.017576 0.021228
0.017513 0.020254
0.017466 0.025035
0.017460 0.017621
0.017441 0.024039
0.017439 0.023405
0.017416 0.019410
0.017378 0.017624
0.017369 0.018874
0.017369 0.020856
0.017332 0.018048
0.017284 0.019592
0.017219 0.018210
0.017219 0.027254
0.017120 0.018924
0.017080 0.018004
0.017067 0.033265
0.017049 0.019330
0.017041 0.017498
0.016980 0.017070
0.016978 0.024772
0.016948 0.019548
0.016923 0.016937
0.016917 0.018671
0.016811 0.017796
0.016773 0.018437
0.016724 0.017879
0.016714 0.022571
0.016693 0.021448
0.016619 0.024366
0.016610 0.017154
0.016588 0.017419
0.016572 0.023713
0.016548 0.017288
0.016506 0.028759
0.016436 0.016713
0.016316 0.020087
0.016312 0.020433
0.016304 0.031248
0.016234 0.020074
0.016222 0.031995
0.016157 0.020128
0.016133 0.017912
0.016063 0.023148
0.016054 0.017811
0.015980 0.017537
0.015917 0.016500
0.015863 0.017144
0.015862 0.016594
0.015826 0.021621
0.015750 0.017978
0.015741 0.017959
0.015691 0.019479
0.015654 0.018643
0.015635 0.017501
0.015626 0.017767
0.015623 0.017120
0.015589 0.015626
0.015576 0.016650
0.015568 0.017793
0.015547 0.019628
0.015538 0.039017
0.015538 0.015769
0.015491 0.016392
0.015484 0.017851
0.015481 0.016628
0.015461 0.041300
0.015438 0.024960
0.015419 0.017583
0.015413 0.025479
0.015405 0.017791
0.015392 0.016584
0.015391 0.015768
0.015365 0.015525
0.015322 0.016250
0.015317 0.016276
0.015312 0.024069
0.015261 0.015323
0.015223 0.018703
0.015208 0.018863
0.015193 0.018088
0.015174 0.015869
0.015158 0.021192
0.015145 0.015373
0.015135 0.018815
0.015093 0.025858
0.015080 0.015904
0.015059 0.018109
0.015043 0.015968
0.015032 0.016807
0.015028 0.015700
0.014957 0.017095
0.014929 0.020497
0.014893 0.016681
0.014828 0.018012
0.014823 0.020409
0.014770 0.022391
0.014761 0.018506
0.014747 0.023481
0.014728 0.028908
0.014718 0.023406
0.014690 0.017566
0.014632 0.020726
0.014597 0.019590
0.014589 0.014789
0.014575 0.020634
0.014554 0.025018
0.014531 0.017712
0.014524 0.015493
0.014501 0.018178
0.014353 0.016641
0.014345 0.017335
0.014339 0.018053
0.014292 0.015078
0.014266 0.017472
0.014249 0.014835
0.014234 0.027465
0.014204 0.024762
0.014196 0.014265
0.014191 0.014476
0.014188 0.018707
0.014180 0.017113
0.014172 0.021079
0.014160 0.014691
0.014144 0.015422
0.014140 0.015545
0.014130 0.017997
0.014120 0.017387
0.014095 0.016809
0.014037 0.015602
0.014017 0.015317
0.014009 0.014586
0.013963 0.023020
0.013950 0.016053
0.013907 0.020860
0.013885 0.017804
0.013884 0.013996
0.013852 0.014062
0.013851 0.021042
0.013839 0.023969
0.013838 0.022300
0.013699 0.014110
0.013686 0.014227
0.013665 0.021688
0.013652 0.026520
0.013649 0.013896
0.013620 0.015425
0.013586 0.018620
0.013582 0.020080
0.013582 0.015933
0.013533 0.015794
0.013503 0.014621
0.013486 0.015505
0.013456 0.018893
0.013451 0.013878
0.013369 0.015036
0.013355 0.013586
0.013341 0.013816
0.013332 0.029461
0.013317 0.015134
0.013313 0.013553
0.013312 0.017762
0.013269 0.017784
0.013215 0.014842
0.013196 0.019392
0.013188 0.020713
0.013167 0.021142
0.013138 0.014510
0.013099 0.014217
0.013081 0.014351
0.013064 0.015153
0.013038 0.015711
0.013013 0.014131
0.012996 0.019183
0.012989 0.014252
0.012965 0.016342
0.012935 0.014285
0.012931 0.024636
0.012907 0.027304
0.012863 0.013518
0.012842 0.015232
0.012841 0.014193
0.012815 0.019737
0.012810 0.016542
0.012721 0.013075
0.012654 0.014835
0.012641 0.013045
0.012618 0.012930
0.012575 0.016003
0.012574 0.013603
0.012545 0.020904
0.012536 0.016276
0.012513 0.013832
0.012502 0.020588
0.012501 0.020389
0.012498 0.018400
0.012480 0.015374
0.012461 0.012469
0.012404 0.014157
0.012403 0.012943
0.012364 0.019056
0.012349 0.016298
0.012319 0.016995
0.012310 0.022693
0.012307 0.017625
0.012291 0.014655
0.012274 0.015442
0.012272 0.020994
0.012272 0.015867
0.012268 0.013086
0.012262 0.021317
0.012197 0.020347
0.012191 0.013542
0.012185 0.014138
0.012104 0.014050
0.012099 0.012206
0.012083 0.015302
0.012052 0.013879
0.012024 0.016710
0.011998 0.012536
0.011991 0.025222
0.011898 0.012962
0.011885 0.013158
0.011849 0.014853
0.011822 0.015007
0.011818 0.012984
0.011791 0.013085
0.011789 0.012325
0.011760 0.012982
0.011744 0.013046
0.011742 0.012326
0.011740 0.012176
0.011722 0.011906
0.011701 0.013628
0.011669 0.014138
0.011633 0.014405
0.011577 0.011747
0.011524 0.011671
0.011510 0.014234
0.011503 0.015481
0.011497 0.011569
0.011496 0.012075
0.011491 0.014471
0.011472 0.012269
0.011462 0.012889
0.011461 0.012118
0.011447 0.011870
0.011411 0.014888
0.011409 0.013766
0.011395 0.016675
0.011393 0.013209
0.011388 0.015567
0.011377 0.013618
0.011371 0.013353
0.011367 0.012162
0.011360 0.020602
0.011352 0.015543
0.011345 0.022797
0.011337 0.011738
0.011329 0.019779
0.011328 0.014587
0.011321 0.016858
0.011319 0.012202
0.011319 0.012823
0.011278 0.011776
0.011276 0.013632
0.011238 0.011417
0.011237 0.011523
0.011232 0.014537
0.011217 0.011978
0.011211 0.012343
0.011170 0.019527
0.011165 0.013746
0.011160 0.011284
0.011134 0.012683
0.011131 0.013272
0.011124 0.012848
0.011086 0.012723
0.011073 0.013652
0.011059 0.012667
0.011058 0.012284
0.011053 0.011262
0.011052 0.013011
0.011016 0.014447
0.011002 0.011193
0.011001 0.013058
0.010989 0.011058
0.010927 0.011593
0.010924 0.011290
0.010909 0.016950
0.010908 0.011290
0.010907 0.017873
0.010904 0.012980
0.010895 0.011035
0.010893 0.011722
0.010880 0.012401
0.010862 0.012196
0.010854 0.014851
0.010815 0.018333
0.010804 0.012862
0.010779 0.012407
0.010775 0.011824
0.010763 0.013935
0.010759 0.014160
0.010739 0.012050
0.010733 0.014392
0.010728 0.012489
0.010719 0.012601
0.010711 0.014516
0.010702 0.017435
0.010687 0.012410
0.010646 0.015013
0.010646 0.021034
0.010626 0.012636
0.010620 0.011623
0.010610 0.010764
0.010581 0.015924
0.010558 0.022212
0.010558 0.011777
0.010545 0.010989
0.010528 0.010909
0.010524 0.011425
0.010517 0.012499
0.010509 0.021695
0.010494 0.018811
0.010488 0.015081
0.010484 0.010530
0.010476 0.012132
0.010470 0.012971
0.010463 0.011935
0.010462 0.010520
0.010453 0.011004
0.010450 0.011271
0.010442 0.010963
0.010436 0.010792
0.010436 0.010811
0.010427 0.011072
0.010406 0.010552
0.010386 0.017309
0.010377 0.015926
0.010358 0.010871
0.010356 0.010975
0.010354 0.011945
0.010322 0.010628
0.010315 0.011545
0.010301 0.015111
0.010279 0.010638
0.010263 0.010945
0.010260 0.014270
0.010246 0.010319
0.010217 0.012053
0.010205 0.010507
0.010198 0.010729
0.010176 0.010755
0.010154 0.011060
0.010141 0.011017
0.010109 0.010438
0.010105 0.010522
0.010101 0.018988
0.010085 0.014472
0.010076 0.010229
0.010061 0.010999
0.010052 0.010635
0.010048 0.010727
0.010017 0.011425
0.010012 0.010367
0.009994 0.017011
0.009991 0.010024
0.009964 0.010590
0.009928 0.013577
0.009927 0.011501
0.009925 0.011463
0.009920 0.010942
0.009909 0.010363
0.009903 0.011687
0.009902 0.013289
0.009899 0.010257
0.009896 0.010007
0.009874 0.013046
0.009874 0.009963
0.009873 0.014431
0.009864 0.010539
0.009859 0.013364
0.009852 0.010233
0.009850 0.010645
0.009835 0.010639
0.009835 0.011387
0.009829 0.016929
0.009828 0.014283
0.009821 0.010354
0.009802 0.010662
0.009787 0.010672
0.009776 0.021908
0.009768 0.014349
0.009767 0.013487
0.009741 0.016921
0.009737 0.010172
0.009734 0.011642
0.009723 0.011571
0.009711 0.020385
0.009708 0.014879
0.009705 0.011895
0.009702 0.010822
0.009697 0.014274
0.009689 0.014762
0.009679 0.011097
0.009669 0.010204
0.009668 0.011036
0.009660 0.011689
0.009654 0.014947
0.009643 0.009713
0.009627 0.010131
0.009614 0.010000
0.009601 0.011890
0.009587 0.010075
0.009577 0.011478
0.009571 0.011993
0.009556 0.018922
0.009555 0.012855
0.009549 0.009895
0.009530 0.012141
0.009528 0.014021
0.009517 0.010714
0.009512 0.014187
0.009506 0.012902
0.009496 0.012401
0.009488 0.009634
0.009486 0.010058
0.009459 0.012816
0.009448 0.009681
0.009439 0.010537
0.009431 0.009918
0.009420 0.009523
0.009419 0.009856
0.009416 0.010403
0.009396 0.012187
0.009393 0.010210
0.009389 0.009431
0.009377 0.009395
0.009328 0.011198
0.009315 0.017909
0.009307 0.012414
0.009307 0.009761
0.009300 0.011237
0.009300 0.009625
0.009298 0.010670
0.009265 0.009266
0.009265 0.010329
0.009255 0.009667
0.009253 0.009352
0.009247 0.010511
0.009244 0.011565
0.009239 0.010200
0.009232 0.011749
0.009231 0.010619
0.009227 0.012034
0.009224 0.009574
0.009220 0.010225
0.009214 0.010072
0.009211 0.010883
0.009179 0.010542
0.009172 0.014335
0.009169 0.012342
0.009169 0.010368
0.009138 0.012027
0.009136 0.009863
0.009131 0.013341
0.009119 0.010450
0.009114 0.010205
0.009111 0.010175
0.009100 0.010214
0.009078 0.009318
0.009056 0.014987
0.009052 0.011436
0.009042 0.009084
0.009041 0.009924
0.009036 0.009148
0.009032 0.009101
0.009011 0.010949
0.008990 0.009176
0.008983 0.016737
0.008972 0.009922
0.008968 0.011936
0.008956 0.009377
0.008942 0.010131
0.008936 0.009969
0.008931 0.009009
0.008924 0.009779
0.008922 0.008949
0.008908 0.012123
0.008904 0.010260
0.008904 0.016092
0.008904 0.011521
0.008895 0.011682
0.008893 0.009217
0.008879 0.011276
0.008852 0.009406
0.008851 0.011421
0.008847 0.010258
0.008844 0.015561
0.008833 0.015150
0.008825 0.010724
0.008819 0.009922
0.008805 0.010704
0.008803 0.009873
0.008802 0.017311
0.008794 0.009937
0.008788 0.010480
0.008783 0.009115
0.008774 0.008937
0.008764 0.009015
0.008751 0.010399
0.008746 0.010157
0.008743 0.012646
0.008733 0.012546
0.008714 0.009695
0.008709 0.009988
0.008693 0.009073
0.008691 0.009735
0.008688 0.011097
0.008687 0.014681
0.008681 0.013002
0.008672 0.009460
0.008663 0.009549
0.008661 0.010062
0.008656 0.011992
0.008655 0.008897
0.008655 0.012525
0.008654 0.010038
0.008647 0.008687
0.008644 0.011827
0.008641 0.010231
0.008627 0.010680
0.008619 0.011281
0.008619 0.009377
0.008615 0.010202
0.008605 0.013276
0.008576 0.010646
0.008576 0.015685
0.008569 0.009974
0.008558 0.010286
0.008554 0.017492
0.008543 0.008984
0.008530 0.009101
0.008519 0.009201
0.008516 0.012980
0.008507 0.012847
0.008505 0.010175
0.008500 0.008774
0.008492 0.009056
0.008491 0.008921
0.008484 0.012123
0.008478 0.011008
0.008471 0.008631
0.008467 0.008494
0.008444 0.008743
0.008443 0.009837
0.008428 0.009298
0.008417 0.008574
0.008415 0.008440
0.008414 0.008660
0.008407 0.010914
0.008406 0.010239
0.008406 0.008581
0.008391 0.011453
0.008390 0.015074
0.008389 0.009277
0.008384 0.011616
0.008381 0.012175
0.008378 0.010014
0.008376 0.010777
0.008366 0.008796
0.008359 0.009906
0.008357 0.010318
0.008354 0.012693
0.008350 0.008495
0.008342 0.009671
0.008334 0.008795
0.008333 0.010880
0.008323 0.009202
0.008323 0.008428
0.008318 0.015192
0.008316 0.009564
0.008309 0.008484
0.008305 0.012426
0.008301 0.017724
0.008295 0.009355
0.008271 0.008287
0.008268 0.008919
0.008265 0.009740
0.008264 0.010202
0.008255 0.010741
0.008238 0.008728
0.008236 0.008989
0.008233 0.009447
0.008230 0.010161
0.008229 0.008644
0.008226 0.009003
0.008225 0.008398
0.008223 0.010926
0.008221 0.011997
0.008207 0.011696
0.008206 0.010311
0.008191 0.008495
0.008183 0.012449
0.008181 0.008186
0.008180 0.009325
0.008177 0.011339
0.008176 0.011312
0.008165 0.009841
0.008163 0.011513
0.008158 0.009661
0.008154 0.008731
0.008144 0.008157
0.008139 0.009589
0.008138 0.008375
0.008137 0.008465
0.008130 0.008172
0.008129 0.009056
0.008128 0.009354
0.008127 0.009769
0.008126 0.011668
0.008125 0.009034
0.008120 0.013211
0.008115 0.018962
0.008113 0.008646
0.008106 0.009870
0.008096 0.009204
0.008095 0.010711
0.008087 0.012639
0.008072 0.011855
0.008071 0.008378
0.008070 0.008282
0.008060 0.008125
0.008059 0.011451
0.008050 0.011308
0.008047 0.008903
0.008039 0.010151
0.008038 0.009871
0.008037 0.010220
0.008026 0.009280
0.008026 0.011073
0.008026 0.012125
0.008015 0.011237
0.008012 0.015986
0.008007 0.008054
0.008004 0.009733
0.007999 0.008543
0.007999 0.009376
0.007997 0.008073
0.007990 0.008113
0.007985 0.008337
0.007969 0.009129
0.007960 0.009931
0.007951 0.008377
0.007950 0.008204
0.007948 0.008907
0.007939 0.008757
0.007935 0.008608
0.007933 0.008115
0.007912 0.009037
0.007910 0.008074
0.007906 0.010066
0.007901 0.008711
0.007899 0.009606
0.007890 0.011396
0.007883 0.009415
0.007878 0.009706
0.007877 0.008506
0.007865 0.008230
0.007864 0.014877
0.007859 0.007917
0.007855 0.014956
0.007852 0.008132
0.007848 0.010355
0.007843 0.008419
0.007831 0.009452
0.007829 0.008140
0.007816 0.008823
0.007806 0.014808
0.007799 0.008041
0.007793 0.014354
0.007790 0.008433
0.007787 0.009541
0.007786 0.008947
0.007782 0.018593
0.007781 0.008072
0.007777 0.009756
0.007776 0.010775
0.007772 0.007880
0.007771 0.008761
0.007766 0.008561
0.007763 0.008394
0.007759 0.012775
0.007758 0.010131
0.007756 0.008047
0.007756 0.007832
0.007755 0.009670
0.007753 0.008269
0.007745 0.008491
0.007738 0.008849
0.007738 0.009545
0.007737 0.009234
0.007732 0.009262
0.007731 0.008218
0.007725 0.010486
0.007723 0.010563
0.007718 0.008739
0.007715 0.011837
0.007711 0.009576
0.007711 0.008598
0.007711 0.014167
0.007709 0.010343
0.007708 0.009010
0.007704 0.008393
0.007696 0.008970
0.007684 0.010452
0.007669 0.008869
0.007664 0.008293
0.007651 0.008174
0.007649 0.007914
0.007648 0.010285
0.007646 0.011384
0.007645 0.008516
0.007643 0.010531
0.007639 0.008678
0.007635 0.007960
0.007634 0.008264
0.007632 0.009549
0.007629 0.010634
0.007622 0.008683
0.007615 0.008324
0.007613 0.008664
0.007611 0.012655
0.007610 0.008073
0.007606 0.007653
0.007603 0.007750
0.007602 0.013665
0.007601 0.008132
0.007601 0.010945
0.007599 0.011320
0.007596 0.008929
0.007588 0.011971
0.007567 0.011176
0.007564 0.016180
0.007555 0.009512
0.007555 0.011551
0.007551 0.009257
0.007545 0.009934
0.007543 0.007594
0.007540 0.009336
0.007532 0.008568
0.007531 0.010208
0.007528 0.009861
0.007519 0.010507
0.007518 0.015251
0.007515 0.007793
0.007511 0.007621
0.007504 0.010258
0.007501 0.008656
0.007488 0.008528
0.007486 0.007811
0.007486 0.008833
0.007482 0.013087
0.007481 0.009967
0.007477 0.007844
0.007476 0.013181
0.007475 0.009239
0.007469 0.013797
0.007464 0.008286
0.007463 0.007656
0.007457 0.009140
0.007455 0.012312
0.007454 0.010121
0.007451 0.008302
0.007450 0.008163
0.007434 0.007596
0.007431 0.007836
0.007430 0.007503
0.007414 0.008712
0.007413 0.007550
0.007412 0.009140
0.007408 0.008388
0.007399 0.016760
0.007394 0.011114
0.007392 0.007648
0.007381 0.007383
0.007379 0.007794
0.007379 0.007443
0.007374 0.008369
0.007357 0.007614
0.007355 0.007564
0.007349 0.012242
0.007346 0.008351
0.007345 0.011198
0.007345 0.009071
0.007342 0.011791
0.007334 0.015151
0.007333 0.011942
0.007333 0.012495
0.007330 0.010749
0.007325 0.009005
0.007323 0.008392
0.007321 0.010468
0.007308 0.007911
0.007307 0.007435
0.007306 0.009320
0.007301 0.008885
0.007299 0.007301
0.007296 0.009188
0.007282 0.008196
0.007275 0.007724
0.007270 0.009032
0.007260 0.012307
0.007257 0.008507
0.007250 0.009601
0.007246 0.009068
0.007245 0.008503
0.007243 0.009925
0.007239 0.007854
0.007212 0.007223
0.007203 0.009155
0.007201 0.007242
0.007188 0.009342
0.007187 0.010299
0.007181 0.008109
0.007173 0.008677
0.007172 0.012568
0.007172 0.012522
0.007170 0.010989
0.007170 0.014941
0.007158 0.008974
0.007157 0.009115
0.007150 0.008262
0.007143 0.007265
0.007140 0.007723
0.007131 0.012676
0.007130 0.009749
0.007126 0.007487
0.007124 0.008405
0.007121 0.007133
0.007116 0.007149
0.007110 0.007752
0.007108 0.007439
0.007105 0.011873
0.007102 0.009662
0.007097 0.007361
0.007095 0.010751
0.007093 0.007652
0.007090 0.007191
0.007079 0.007418
0.007059 0.007757
0.007056 0.009103
0.007049 0.007989
0.007044 0.009611
0.007037 0.007477
0.007034 0.008410
0.007029 0.007116
0.007024 0.012750
0.007020 0.007230
0.007011 0.007811
0.007009 0.008721
0.007008 0.007933
0.007002 0.009251
0.006999 0.010197
0.006996 0.012561
0.006996 0.008070
0.006987 0.009648
0.006974 0.006994
0.006961 0.008307
0.006961 0.009631
0.006951 0.007555
0.006948 0.007461
0.006945 0.007014
0.006941 0.009781
0.006940 0.012858
0.006940 0.007611
0.006937 0.008011
0.006933 0.013148
0.006913 0.012466
0.006911 0.010797
0.006902 0.007899
0.006902 0.006915
0.006894 0.008793
0.006887 0.010744
0.006883 0.013815
0.006877 0.007358
0.006873 0.008450
0.006873 0.009135
0.006864 0.007395
0.006862 0.007215
0.006861 0.014478
0.006853 0.006950
0.006850 0.007098
0.006847 0.017715
0.006844 0.007256
0.006832 0.008709
0.006831 0.011035
0.006830 0.007163
0.006827 0.007167
0.006823 0.007053
0.006821 0.015459
0.006818 0.007361
0.006814 0.007265
0.006805 0.007230
0.006803 0.007153
0.006802 0.007263
0.006797 0.007460
0.006792 0.007030
0.006792 0.007213
0.006791 0.007241
0.006789 0.008483
0.006782 0.013882
0.006780 0.006800
0.006771 0.007485
0.006768 0.008778
0.006764 0.013062
0.006763 0.011115
0.006762 0.009473
0.006761 0.006869
0.006753 0.009362
0.006752 0.008256
0.006751 0.007072
0.006750 0.008651
0.006749 0.006998
0.006748 0.006979
0.006745 0.006820
0.006744 0.009321
0.006739 0.008066
0.006734 0.007678
0.006727 0.011533
0.006727 0.014006
0.006721 0.009896
0.006714 0.012307
0.006712 0.007130
0.006709 0.008570
0.006708 0.007263
0.006707 0.007489
0.006703 0.008332
0.006700 0.007015
0.006698 0.007772
0.006696 0.006946
0.006693 0.007982
0.006691 0.009855
0.006689 0.008643
0.006686 0.010266
0.006685 0.009024
0.006683 0.006944
0.006683 0.009102
0.006681 0.006847
0.006680 0.007124
0.006674 0.007866
0.006674 0.007769
0.006672 0.007688
0.006671 0.006737
0.006670 0.006805
0.006669 0.009507
0.006665 0.009392
0.006664 0.007294
0.006655 0.009019
0.006649 0.007435
0.006647 0.006850
0.006639 0.009230
0.006636 0.007519
0.006633 0.007715
0.006630 0.013198
0.006625 0.007523
0.006614 0.006740
0.006608 0.006780
0.006597 0.008628
0.006590 0.007964
0.006586 0.006850
0.006583 0.007255
0.006581 0.008773
0.006576 0.006882
0.006574 0.007164
0.006574 0.007079
0.006573 0.008528
0.006565 0.013695
0.006562 0.011258
0.006543 0.009808
0.006542 0.009588
0.006539 0.006540
0.006534 0.006763
0.006516 0.011415
0.006513 0.006760
0.006511 0.008099
0.006506 0.006971
0.006504 0.007055
0.006502 0.006673
0.006496 0.007358
0.006493 0.006856
0.006487 0.008001
0.006486 0.008342
0.006478 0.006772
0.006468 0.007205
0.006462 0.008212
0.006454 0.006829
0.006454 0.007456
0.006452 0.007368
0.006448 0.006697
0.006446 0.006466
0.006439 0.008020
0.006439 0.008377
0.006434 0.008932
0.006434 0.010287
0.006433 0.008787
0.006432 0.008914
0.006431 0.008556
0.006424 0.007380
0.006423 0.011772
0.006419 0.008135
0.006416 0.006658
0.006414 0.007384
0.006410 0.008202
0.006407 0.008328
0.006405 0.007504
0.006402 0.007052
0.006389 0.006766
0.006385 0.008299
0.006373 0.008233
0.006372 0.007647
0.006368 0.015542
0.006367 0.008533
0.006363 0.008378
0.006355 0.007973
0.006355 0.007220
0.006345 0.007094
0.006343 0.008296
0.006343 0.006451
0.006333 0.008284
0.006327 0.010356
0.006327 0.007537
0.006326 0.006455
0.006324 0.007505
0.006316 0.008091
0.006314 0.007970
0.006308 0.010404
0.006301 0.006452
0.006290 0.007825
0.006290 0.010289
0.006286 0.007236
0.006283 0.008422
0.006282 0.009496
0.006282 0.007046
0.006279 0.006759
0.006277 0.008043
0.006277 0.009510
0.006272 0.006471
0.006271 0.011774
0.006259 0.009432
0.006255 0.006550
0.006250 0.008981
0.006241 0.006325
0.006239 0.008061
0.006239 0.006287
0.006236 0.006771
0.006233 0.010454
0.006231 0.007484
0.006228 0.006788
0.006224 0.009875
0.006223 0.006320
0.006220 0.007429
0.006218 0.009112
0.006217 0.006799
0.006214 0.006576
0.006213 0.009007
0.006207 0.007796
0.006206 0.006305
0.006204 0.014534
0.006203 0.006730
0.006200 0.007412
0.006196 0.006236
0.006195 0.008707
0.006189 0.012237
0.006188 0.006773
0.006185 0.007571
0.006182 0.007739
0.006178 0.006721
0.006155 0.006635
0.006154 0.006435
0.006151 0.006875
0.006145 0.006506
0.006144 0.008324
0.006139 0.006473
0.006134 0.006553
0.006117 0.008469
0.006117 0.007163
0.006116 0.008150
0.006107 0.007130
0.006105 0.008134
0.006103 0.008548
0.006090 0.006745
0.006087 0.008067
0.006072 0.006151
0.006065 0.006116
0.006059 0.006184
0.006055 0.009870
0.006049 0.006723
0.006048 0.006177
0.006044 0.006323
0.006043 0.006394
0.006041 0.007525
0.006040 0.006517
0.006031 0.007234
0.006029 0.006173
0.006024 0.006146
0.006020 0.006297
0.006017 0.006661
0.006016 0.007111
0.006011 0.009362
0.006009 0.006259
0.006009 0.006013
0.006002 0.009903
0.005995 0.006410
0.005991 0.011952
0.005987 0.007522
0.005976 0.008450
0.005968 0.007913
0.005968 0.005986
0.005965 0.006126
0.005949 0.009655
0.005944 0.006848
0.005940 0.007244
0.005938 0.009108
0.005932 0.006452
0.005924 0.006336
0.005910 0.005948
0.005902 0.007605
0.005902 0.008497
0.005893 0.005990
0.005884 0.009130
0.005883 0.006717
0.005870 0.006460
0.005870 0.006082
0.005862 0.009966
0.005851 0.011580
0.005846 0.007271
0.005843 0.009016
0.005842 0.010484
0.005837 0.006103
0.005829 0.009947
0.005828 0.009420
0.005826 0.007347
0.005812 0.010298
0.005805 0.006286
0.005790 0.007958
0.005785 0.005816
0.005780 0.012701
0.005776 0.006255
0.005774 0.011108
0.005774 0.007096
0.005774 0.005824
0.005771 0.007733
0.005770 0.007313
0.005768 0.006713
0.005768 0.007119
0.005767 0.005789
0.005756 0.006087
0.005750 0.009325
0.005747 0.005866
0.005747 0.008145
0.005746 0.006341
0.005746 0.009326
0.005744 0.006503
0.005736 0.008659
0.005734 0.005763
0.005731 0.006089
0.005729 0.008900
0.005727 0.005846
0.005720 0.005827
0.005720 0.012438
0.005717 0.005830
0.005713 0.006712
0.005711 0.006082
0.005707 0.006907
0.005706 0.008384
0.005701 0.006206
0.005694 0.006820
0.005686 0.008825
0.005675 0.005836
0.005672 0.006509
0.005670 0.005686
0.005663 0.005911
0.005652 0.008051
0.005651 0.006293
0.005646 0.005760
0.005642 0.006226
0.005638 0.006233
0.005636 0.005693
0.005631 0.006550
0.005623 0.006463
0.005623 0.005883
0.005620 0.005649
0.005601 0.006862
0.005600 0.006027
0.005599 0.008973
0.005598 0.007938
0.005590 0.006692
0.005586 0.007506
0.005581 0.006054
0.005570 0.009084
0.005566 0.005574
0.005565 0.008269
0.005559 0.006026
0.005557 0.011339
0.005556 0.006001
0.005546 0.006004
0.005545 0.005587
0.005543 0.005832
0.005540 0.008966
0.005539 0.011232
0.005538 0.005983
0.005536 0.006031
0.005526 0.006657
0.005526 0.005820
0.005526 0.006383
0.005526 0.006247
0.005521 0.006806
0.005520 0.005634
0.005511 0.005890
0.005510 0.006614
0.005506 0.006513
0.005505 0.006596
0.005499 0.008308
0.005498 0.007024
0.005497 0.009964
0.005496 0.006768
0.005494 0.005938
0.005487 0.005790
0.005483 0.006648
0.005481 0.008664
0.005477 0.005491
0.005477 0.006658
0.005472 0.007136
0.005465 0.005478
0.005458 0.005659
0.005455 0.005581
0.005447 0.007366
0.005447 0.006183
0.005443 0.006965
0.005440 0.005750
0.005439 0.005642
0.005437 0.006145
0.005435 0.005877
0.005432 0.005959
0.005431 0.005450
0.005430 0.007385
0.005425 0.006450
0.005421 0.009952
0.005419 0.005576
0.005419 0.008481
0.005415 0.006013
0.005401 0.005778
0.005400 0.007935
0.005395 0.006219
0.005390 0.010248
0.005390 0.006694
0.005387 0.005462
0.005385 0.007079
0.005381 0.007652
0.005379 0.005526
0.005378 0.005757
0.005375 0.006123
0.005374 0.005869
0.005373 0.005496
0.005373 0.009406
0.005373 0.007025
0.005368 0.006334
0.005363 0.005835
0.005359 0.006601
0.005355 0.005978
0.005353 0.005358
0.005352 0.006967
0.005350 0.005652
0.005348 0.005355
0.005346 0.005849
0.005343 0.005613
0.005343 0.006080
0.005337 0.005502
0.005335 0.008437
0.005332 0.005381
0.005330 0.007787
0.005329 0.006358
0.005325 0.005861
0.005325 0.005815
0.005318 0.005361
0.005310 0.011808
0.005303 0.007251
0.005302 0.006103
0.005292 0.005392
0.005289 0.005863
0.005286 0.008415
0.005285 0.008812
0.005278 0.008028
0.005277 0.005321
0.005277 0.005386
0.005276 0.005511
0.005269 0.006377
0.005265 0.005356
0.005259 0.009000
0.005255 0.010147
0.005253 0.006361
0.005253 0.006872
0.005252 0.005961
0.005248 0.007970
0.005247 0.005422
0.005240 0.006432
0.005229 0.005265
0.005227 0.005958
0.005226 0.007050
0.005226 0.005387
0.005223 0.005678
0.005223 0.007814
0.005211 0.010116
0.005209 0.005525
0.005198 0.005592
0.005198 0.006074
0.005191 0.005544
0.005189 0.005289
0.005189 0.005656
0.005188 0.005228
0.005186 0.006226
0.005155 0.006161
0.005145 0.005970
0.005137 0.005941
0.005137 0.005423
0.005132 0.006072
0.005128 0.007059
0.005127 0.005893
0.005120 0.009208
0.005119 0.007606
0.005117 0.005246
0.005111 0.006201
0.005100 0.005476
0.005095 0.006604
0.005084 0.005333
0.005078 0.006892
0.005071 0.005119
0.005067 0.005716
0.005067 0.006655
0.005065 0.005132
0.005065 0.005308
0.005065 0.005259
0.005063 0.007712
0.005060 0.007421
0.005056 0.007941
0.005055 0.007073
0.005055 0.010521
0.005051 0.008235
0.005045 0.009086
0.005029 0.005846
0.005025 0.005111
0.005018 0.005734
0.005014 0.005080
0.005004 0.006017
0.005003 0.006158
0.005002 0.005915
0.005002 0.005850
0.004998 0.005729
0.004997 0.006470
0.004995 0.005573
0.004994 0.005664
0.004993 0.006318
0.004991 0.007059
0.004987 0.005206
0.004984 0.006980
0.004983 0.005136
0.004978 0.006548
0.004976 0.006148
0.004973 0.005156
0.004967 0.005874
0.004960 0.006609
0.004951 0.005134
0.004950 0.007745
0.004947 0.008581
0.004939 0.005477
0.004938 0.005185
0.004934 0.005121
0.004929 0.010036
0.004923 0.005862
0.004921 0.005094
0.004915 0.005848
0.004913 0.005405
0.004912 0.005763
0.004909 0.009957
0.004906 0.005423
0.004903 0.008619
0.004902 0.005105
0.004898 0.006452
0.004898 0.007202
0.004896 0.006400
0.004894 0.005086
0.004891 0.007708
0.004891 0.007293
0.004890 0.006733
0.004885 0.005858
0.004883 0.006318
0.004882 0.005637
0.004881 0.005745
0.004880 0.006124
0.004880 0.005299
0.004877 0.005082
0.004876 0.005451
0.004871 0.006677
0.004871 0.005121
0.004868 0.006274
0.004858 0.005270
0.004857 0.005114
0.004856 0.005063
0.004844 0.005097
0.004835 0.007290
0.004834 0.004999
0.004831 0.005306
0.004830 0.006019
0.004829 0.005615
0.004825 0.005032
0.004823 0.007569
0.004821 0.008540
0.004820 0.006025
0.004820 0.005243
0.004819 0.006059
0.004816 0.005041
0.004801 0.005435
0.004797 0.005124
0.004795 0.009062
0.004795 0.005398
0.004781 0.009315
0.004780 0.005075
0.004763 0.005180
0.004760 0.006884
0.004755 0.005376
0.004746 0.006461
0.004742 0.006216
0.004734 0.005213
0.004729 0.005412
0.004729 0.007630
0.004729 0.005335
0.004727 0.006632
0.004723 0.005822
0.004722 0.005902
0.004721 0.004779
0.004720 0.007223
0.004718 0.004799
0.004716 0.004883
0.004715 0.007324
0.004715 0.006268
0.004714 0.005097
0.004707 0.004810
0.004704 0.011212
0.004702 0.004829
0.004699 0.007232
0.004696 0.007982
0.004695 0.005652
0.004694 0.004849
0.004693 0.005943
0.004692 0.005622
0.004691 0.011201
0.004684 0.010264
0.004682 0.004750
0.004682 0.006401
0.004678 0.004705
0.004675 0.005223
0.004668 0.004793
0.004666 0.004900
0.004666 0.004892
0.004665 0.006261
0.004661 0.007889
0.004660 0.006775
0.004659 0.004764
0.004647 0.006081
0.004639 0.004935
0.004636 0.005165
0.004636 0.004868
0.004636 0.007537
0.004634 0.006210
0.004633 0.006228
0.004630 0.005406
0.004628 0.009767
0.004623 0.005035
0.004622 0.005327
0.004619 0.004657
0.004619 0.008375
0.004610 0.007106
0.004609 0.005456
0.004607 0.006390
0.004606 0.005461
0.004601 0.005304
0.004600 0.007043
0.004595 0.005022
0.004589 0.004882
0.004586 0.007944
0.004583 0.004763
0.004581 0.005724
0.004580 0.005434
0.004579 0.004737
0.004572 0.006530
0.004572 0.004865
0.004571 0.006921
0.004568 0.005018
0.004564 0.004877
0.004561 0.007283
0.004527 0.004709
0.004521 0.006567
0.004521 0.005645
0.004520 0.005163
0.004519 0.004847
0.004517 0.006007
0.004515 0.004543
0.004514 0.005887
0.004510 0.004754
0.004497 0.009143
0.004495 0.006510
0.004494 0.004937
0.004492 0.005683
0.004481 0.004708
0.004480 0.005558
0.004480 0.005807
0.004480 0.005722
0.004480 0.005697
0.004478 0.006111
0.004476 0.005776
0.004467 0.005519
0.004464 0.005158
0.004463 0.006448
0.004451 0.005962
0.004450 0.004542
0.004446 0.004991
0.004438 0.009574
0.004433 0.005038
0.004432 0.007887
0.004430 0.004891
0.004425 0.004462
0.004424 0.005736
0.004421 0.005773
0.004420 0.004768
0.004420 0.007109
0.004415 0.006794
0.004411 0.004703
0.004409 0.004607
0.004408 0.004810
0.004404 0.005493
0.004402 0.004433
0.004394 0.005823
0.004387 0.006515
0.004385 0.004640
0.004384 0.006317
0.004381 0.004764
0.004365 0.005615
0.004360 0.004958
0.004357 0.005794
0.004354 0.005699
0.004348 0.005269
0.004348 0.004351
0.004347 0.004891
0.004345 0.004368
0.004344 0.007121
0.004343 0.004383
0.004343 0.004445
0.004342 0.006100
0.004338 0.008369
0.004336 0.004339
0.004333 0.004541
0.004332 0.004853
0.004328 0.004399
0.004325 0.004784
0.004324 0.006658
0.004319 0.005269
0.004318 0.004605
0.004316 0.005595
0.004310 0.006701
0.004308 0.006439
0.004305 0.005305
0.004301 0.006012
0.004300 0.005185
0.004297 0.006932
0.004290 0.005626
0.004278 0.006367
0.004275 0.008654
0.004275 0.007985
0.004274 0.006972
0.004270 0.004472
0.004268 0.004792
0.004265 0.005332
0.004257 0.004346
0.004251 0.004504
0.004250 0.008262
0.004246 0.004463
0.004246 0.005002
0.004245 0.006495
0.004244 0.004456
0.004243 0.004357
0.004242 0.007683
0.004242 0.004932
0.004237 0.005528
0.004236 0.005157
0.004234 0.004394
0.004230 0.005138
0.004229 0.004347
0.004229 0.008282
0.004226 0.005685
0.004226 0.006250
0.004225 0.007033
0.004221 0.004336
0.004220 0.007455
0.004213 0.008273
0.004207 0.004508
0.004207 0.006888
0.004205 0.004478
0.004205 0.004469
0.004202 0.004508
0.004200 0.005771
0.004194 0.007206
0.004192 0.005173
0.004191 0.004291
0.004191 0.005325
0.004191 0.004520
0.004188 0.005967
0.004188 0.004520
0.004187 0.004608
0.004187 0.004295
0.004187 0.004583
0.004177 0.005232
0.004177 0.004666
0.004174 0.004255
0.004173 0.007064
0.004172 0.005098
0.004158 0.004432
0.004156 0.004225
0.004155 0.004687
0.004154 0.006257
0.004148 0.004424
0.004143 0.004257
0.004142 0.005216
0.004141 0.005438
0.004139 0.008089
0.004136 0.005291
0.004136 0.005564
0.004134 0.007084
0.004130 0.005372
0.004129 0.004220
0.004129 0.004490
0.004127 0.004879
0.004123 0.004719
0.004114 0.004413
0.004112 0.004133
0.004110 0.004588
0.004106 0.004627
0.004101 0.005223
0.004100 0.004812
0.004098 0.004962
0.004098 0.005025
0.004096 0.004376
0.004095 0.006200
0.004088 0.005759
0.004086 0.004607
0.004085 0.005963
0.004084 0.004097
0.004079 0.004661
0.004078 0.007515
0.004069 0.005749
0.004068 0.005511
0.004061 0.005544
0.004058 0.004827
0.004058 0.004360
0.004055 0.005038
0.004054 0.004143
0.004052 0.006244
0.004048 0.004381
0.004044 0.005020
0.004041 0.004818
0.004036 0.004882
0.004035 0.005133
0.004030 0.005250
0.004029 0.004709
0.004024 0.006570
0.004024 0.007745
0.004018 0.004264
0.004014 0.004919
0.004011 0.008542
0.004009 0.007087
0.004008 0.005563
0.004007 0.005005
0.004005 0.006587
0.003998 0.004194
0.003997 0.006041
0.003996 0.004987
0.003993 0.004738
0.003991 0.005497
0.003990 0.006174
0.003987 0.004018
0.003985 0.006198
0.003982 0.007307
0.003974 0.005530
0.003972 0.004639
0.003967 0.004304
0.003967 0.004373
0.003965 0.003989
0.003963 0.004446
0.003962 0.004269
0.003960 0.006323
0.003956 0.006383
0.003951 0.005406
0.003944 0.005723
0.003943 0.005046
0.003936 0.004521
0.003935 0.004358
0.003930 0.004483
0.003923 0.004553
0.003921 0.005325
0.003917 0.005801
0.003916 0.006164
0.003915 0.008470
0.003912 0.008408
0.003911 0.004283
0.003904 0.004648
0.003903 0.003940
0.003901 0.007154
0.003897 0.008199
0.003896 0.004879
0.003885 0.004456
0.003883 0.006889
0.003882 0.006425
0.003882 0.006003
0.003882 0.004733
0.003879 0.004066
0.003871 0.003930
0.003868 0.004275
0.003867 0.005073
0.003863 0.004543
0.003860 0.003865
0.003859 0.003948
0.003856 0.006900
0.003856 0.004831
0.003852 0.004708
0.003851 0.005915
0.003846 0.005760
0.003842 0.004655
0.003839 0.006852
0.003838 0.004084
0.003834 0.004574
0.003832 0.004954
0.003830 0.003921
0.003826 0.005622
0.003825 0.005496
0.003824 0.003835
0.003823 0.005036
0.003823 0.006588
0.003818 0.004071
0.003816 0.004993
0.003815 0.005559
0.003813 0.005048
0.003792 0.005999
0.003792 0.005091
0.003789 0.005951
0.003787 0.004151
0.003785 0.004168
0.003785 0.004004
0.003780 0.004363
0.003773 0.004402
0.003770 0.004417
0.003766 0.005299
0.003765 0.004374
0.003764 0.003980
0.003760 0.005873
0.003750 0.005261
0.003746 0.003866
0.003745 0.004072
0.003744 0.005938
0.003742 0.004046
0.003740 0.004492
0.003739 0.004904
0.003734 0.004477
0.003733 0.004955
0.003732 0.005131
0.003725 0.005047
0.003724 0.005324
0.003719 0.004707
0.003709 0.003837
0.003705 0.003895
0.003704 0.006777
0.003701 0.004610
0.003698 0.004210
0.003691 0.005455
0.003690 0.004384
0.003687 0.003932
0.003687 0.005229
0.003683 0.005182
0.003679 0.004156
0.003677 0.003874
0.003671 0.003765
0.003671 0.003951
0.003669 0.004447
0.003655 0.005685
0.003652 0.006870
0.003648 0.003857
0.003645 0.006467
0.003640 0.003857
0.003639 0.004317
0.003638 0.003645
0.003631 0.004177
0.003630 0.003829
0.003624 0.003648
0.003621 0.007986
0.003612 0.006145
0.003611 0.007214
0.003607 0.005344
0.003601 0.004418
0.003596 0.008022
0.003590 0.005045
0.003586 0.003955
0.003584 0.005769
0.003583 0.004631
0.003581 0.005830
0.003581 0.006191
0.003578 0.003691
0.003574 0.004244
0.003558 0.003909
0.003557 0.004451
0.003553 0.003740
0.003547 0.003843
0.003547 0.004419
0.003543 0.004233
0.003540 0.004469
0.003540 0.003572
0.003540 0.004227
0.003536 0.004065
0.003536 0.003657
0.003534 0.007089
0.003532 0.003635
0.003530 0.003629
0.003528 0.003899
0.003528 0.004425
0.003523 0.004233
0.003514 0.003753
0.003511 0.003948
0.003510 0.003535
0.003509 0.003939
0.003507 0.003707
0.003500 0.003737
0.003499 0.004258
0.003494 0.004034
0.003492 0.004694
0.003491 0.004749
0.003491 0.003520
0.003487 0.003818
0.003487 0.004173
0.003482 0.005572
0.003481 0.007554
0.003480 0.003609
0.003472 0.004493
0.003470 0.004157
0.003459 0.003548
0.003453 0.003745
0.003452 0.004349
0.003447 0.004292
0.003447 0.006370
0.003445 0.004503
0.003443 0.003464
0.003440 0.003813
0.003439 0.006126
0.003436 0.004899
0.003432 0.004078
0.003432 0.003618
0.003432 0.004831
0.003430 0.005072
0.003429 0.004849
0.003428 0.006088
0.003428 0.003926
0.003421 0.004296
0.003419 0.003615
0.003415 0.003780
0.003415 0.006793
0.003413 0.004396
0.003403 0.003404
0.003400 0.004476
0.003399 0.003864
0.003398 0.006768
0.003394 0.003528
0.003392 0.003679
0.003390 0.005755
0.003390 0.004283
0.003376 0.003519
0.003375 0.007066
0.003373 0.006121
0.003368 0.003609
0.003367 0.004228
0.003366 0.004397
0.003361 0.004116
0.003361 0.003944
0.003359 0.004273
0.003358 0.003431
0.003357 0.003604
0.003356 0.003363
0.003349 0.003432
0.003342 0.003709
0.003342 0.003529
0.003341 0.004647
0.003339 0.003368
0.003338 0.005566
0.003335 0.007301
0.003334 0.003525
0.003324 0.003609
0.003318 0.004623
0.003315 0.004206
0.003312 0.003574
0.003309 0.003631
0.003304 0.007789
0.003300 0.003829
0.003298 0.003829
0.003298 0.005370
0.003297 0.003659
0.003287 0.004836
0.003277 0.003950
0.003275 0.003442
0.003274 0.004426
0.003273 0.006400
0.003272 0.004183
0.003271 0.003953
0.003268 0.004132
0.003264 0.004489
0.003262 0.007510
0.003259 0.004058
0.003256 0.003626
0.003256 0.003842
0.003255 0.007491
0.003252 0.004889
0.003244 0.005517
0.003244 0.003611
0.003237 0.003241
0.003234 0.004396
0.003232 0.003573
0.003230 0.008962
0.003228 0.003980
0.003227 0.004511
0.003224 0.003367
0.003211 0.003402
0.003209 0.003865
0.003205 0.003545
0.003203 0.003580
0.003197 0.003514
0.003192 0.003900
0.003191 0.003212
0.003190 0.004388
0.003188 0.005170
0.003185 0.003391
0.003177 0.003637
0.003175 0.003866
0.003174 0.006182
0.003171 0.003620
0.003169 0.003535
0.003168 0.003373
0.003166 0.004500
0.003166 0.003348
0.003163 0.003514
0.003162 0.007598
0.003161 0.003376
0.003160 0.004523
0.003160 0.005260
0.003155 0.004132
0.003154 0.004186
0.003142 0.007018
0.003137 0.003658
0.003137 0.005215
0.003136 0.003235
0.003127 0.004140
0.003109 0.003606
0.003101 0.003790
0.003099 0.004785
0.003098 0.003246
0.003093 0.003967
0.003088 0.004631
0.003088 0.003764
0.003085 0.004014
0.003083 0.003752
0.003077 0.003363
0.003071 0.004156
0.003065 0.004052
0.003060 0.004369
0.003050 0.003436
0.003050 0.003188
0.003048 0.004512
0.003033 0.004006
0.003021 0.003294
0.003017 0.003413
0.003016 0.005698
0.003015 0.003994
0.003013 0.003153
0.003012 0.003485
0.003007 0.004063
0.002993 0.004050
0.002987 0.004113
0.002986 0.003215
0.002982 0.006364
0.002981 0.003115
0.002980 0.003200
0.002978 0.003045
0.002976 0.003096
0.002973 0.003021
0.002966 0.003569
0.002961 0.004163
0.002956 0.004017
0.002954 0.004818
0.002943 0.003229
0.002922 0.004664
0.002921 0.003010
0.002921 0.003533
0.002891 0.003443
0.002889 0.003691
0.002869 0.002907
0.002866 0.003023
0.002859 0.002998
0.002853 0.003244
0.002852 0.003796
0.002849 0.002875
0.002841 0.004335
0.002840 0.004171
0.002836 0.003161
0.002829 0.004365
0.002829 0.003137
0.002826 0.002849
0.002825 0.003429
0.002824 0.003624
0.002824 0.003287
0.002816 0.003927
0.002815 0.003007
0.002812 0.003334
0.002808 0.002892
0.002806 0.003978
0.002804 0.002945
0.002800 0.003287
0.002796 0.002910
0.002795 0.003430
0.002790 0.002841
0.002786 0.003123
0.002783 0.003471
0.002768 0.002825
0.002754 0.002776
0.002748 0.004143
0.002744 0.002769
0.002734 0.003104
0.002733 0.004215
0.002731 0.002786
0.002711 0.003202
0.002711 0.002750
0.002697 0.002838
0.002695 0.002707
0.002693 0.003493
0.002691 0.002816
0.002691 0.003396
0.002685 0.002767
0.002682 0.003169
0.002674 0.003284
0.002672 0.005320
0.002661 0.002986
0.002658 0.002812
0.002658 0.003138
0.002641 0.003129
0.002629 0.003213
0.002626 0.003281
0.002623 0.003076
0.002619 0.002633
0.002617 0.002959
0.002596 0.003125
0.002581 0.002834
0.002554 0.002594
0.002541 0.003226
0.002539 0.002946
0.002524 0.003465
0.002522 0.003080
0.002510 0.003263
0.002509 0.003984
0.002499 0.003525
0.002492 0.002615
0.002491 0.002753
0.002485 0.002499
0.002458 0.002566
0.002446 0.002485
0.002445 0.003141
0.002430 0.003437
0.002418 0.002913
0.002415 0.002426
0.002379 0.003055
0.002377 0.002615
0.002341 0.002642
0.002326 0.002415
0.002324 0.003096
0.002284 0.002307
0.002283 0.002601
0.002282 0.002390
0.002280 0.002368
0.002271 0.002632
0.002264 0.002461
0.002256 0.002767
0.002238 0.002364
0.002226 0.002676
0.002225 0.003252
0.002206 0.002852
0.002185 0.002389
0.002183 0.003296
0.002153 0.002249
0.002140 0.002166
0.002115 0.002700
0.002104 0.002160
0.002094 0.002490
0.002074 0.002217
0.002067 0.002568
0.002049 0.002382
0.002044 0.002194
0.002036 0.002083
0.002029 0.002175
0.002013 0.002534
0.001982 0.002195
0.001969 0.002330
0.001939 0.002148
0.001938 0.001955
0.001926 0.002039
0.001919 0.002034
0.001886 0.002441
0.001886 0.002516
0.001867 0.002478
0.001858 0.001962
0.001842 0.001996
0.001789 0.001897
0.001763 0.001958
0.001742 0.001824
0.001742 0.002101
0.001701 0.001714
0.001697 0.002476
0.001671 0.001859
0.001663 0.001996
0.001661 0.001756
0.001621 0.001813
0.001574 0.001700
0.001556 0.001894
0.001493 0.001595
0.001480 0.001642
0.001433 0.001512
0.001311 0.001598
0.001220 0.001368
0.001209 0.001230
0.000702 0.000761
