0.136470 0.144177
0.135844 0.141983
0.120645 0.142655
0.108583 0.109395
0.102705 0.116034
0.102594 0.105621
0.100689 0.116335
0.094273 0.121785
0.087962 0.094267
0.086902 0.095445
0.083036 0.086566
0.081941 0.089515
0.077514 0.121878
0.074628 0.110311
0.072113 0.082226
0.071524 0.111890
0.071388 0.076329
0.071122 0.074254
0.069302 0.069813
0.068643 0.073636
0.068445 0.145044
0.066007 0.072805
0.065806 0.066237
0.065603 0.072900
0.063755 0.069498
0.063755 0.072588
0.062772 0.063102
0.060521 0.062191
0.060027 0.085496
0.059722 0.066614
0.059566 0.084379
0.059207 0.086445
0.059101 0.060352
0.058511 0.070833
0.057000 0.060823
0.056077 0.057393
0.055788 0.061723
0.055224 0.058814
0.054992 0.055580
0.054796 0.055604
0.054625 0.060403
0.054257 0.066653
0.054117 0.068304
0.054011 0.062245
0.053724 0.067914
0.053067 0.071605
0.052796 0.052798
0.051996 0.052143
0.051561 0.068995
0.050948 0.062971
0.050770 0.050890
0.050639 0.051700
0.050328 0.064304
0.049889 0.067817
0.049850 0.052683
0.049846 0.060938
0.049806 0.053052
0.049774 0.057525
0.049489 0.052696
0.049388 0.070025
0.048533 0.051683
0.048494 0.049551
0.047956 0.058377
0.047646 0.080769
0.047518 0.051327
0.047476 0.053177
0.047185 0.055102
0.047058 0.048819
0.046790 0.060009
0.046490 0.048972
0.046415 0.054094
0.046405 0.050299
0.046273 0.052891
0.046204 0.062172
0.046040 0.067070
0.045960 0.072847
0.045792 0.049541
0.045741 0.047832
0.045514 0.085916
0.044936 0.051810
0.044870 0.053739
0.044292 0.045980
0.044286 0.051431
0.044180 0.046436
0.043921 0.060723
0.043667 0.065240
0.043647 0.065886
0.043422 0.087149
0.042863 0.053619
0.042623 0.047315
0.042584 0.078502
0.042250 0.048266
0.042052 0.047705
0.041816 0.043971
0.041485 0.065979
0.041426 0.046359
0.041407 0.075373
0.041348 0.046026
0.041322 0.054638
0.041134 0.085300
0.041124 0.042689
0.040924 0.042794
0.040754 0.043935
0.040332 0.044679
0.040288 0.048646
0.040279 0.040770
0.040262 0.045474
0.040221 0.056129
0.040116 0.042695
0.040075 0.093041
0.040072 0.043238
0.040039 0.040923
0.040033 0.056004
0.039975 0.051764
0.039875 0.040520
0.039799 0.040273
0.039739 0.042551
0.039667 0.044724
0.039222 0.047110
0.039146 0.042445
0.039067 0.049224
0.038937 0.062853
0.038650 0.044657
0.038566 0.038660
0.038194 0.062550
0.037703 0.047677
0.037484 0.037509
0.037167 0.037744
0.037125 0.040672
0.037044 0.045783
0.036956 0.048588
0.036952 0.043204
0.036543 0.068455
0.036443 0.041554
0.036379 0.043111
0.036207 0.064592
0.035882 0.039838
0.035866 0.042303
0.035826 0.036684
0.035602 0.049274
0.035453 0.039181
0.035383 0.047993
0.035361 0.039098
0.035197 0.038951
0.035105 0.053668
0.035081 0.035869
0.035007 0.053479
0.034652 0.036079
0.034631 0.040260
0.034088 0.036899
0.034067 0.034232
0.033828 0.060548
0.033763 0.033872
0.033748 0.033804
0.033669 0.037347
0.033575 0.037707
0.033524 0.035046
0.033439 0.041114
0.033315 0.045015
0.032920 0.066209
0.032878 0.041734
0.032820 0.040160
0.032603 0.033013
0.032556 0.035195
0.032517 0.035251
0.032406 0.044743
0.032348 0.035042
0.032189 0.040349
0.032049 0.036359
0.031932 0.040703
0.031565 0.037966
0.031556 0.035882
0.031279 0.058413
0.031210 0.034482
0.031103 0.038455
0.031054 0.040413
0.030718 0.031433
0.030654 0.031281
0.030478 0.030770
0.030411 0.030508
0.030360 0.031865
0.030291 0.031573
0.030291 0.054217
0.030047 0.031510
0.030038 0.038699
0.030003 0.033282
0.029807 0.031543
0.029640 0.032308
0.029577 0.034962
0.029506 0.033312
0.029397 0.030544
0.029299 0.040607
0.029249 0.031557
0.029233 0.031134
0.029175 0.041466
0.029151 0.032317
0.029022 0.036575
0.028918 0.044814
0.028675 0.029146
0.028382 0.028903
0.028304 0.029473
0.027982 0.030572
0.027972 0.032300
0.027888 0.030330
0.027864 0.031541
0.027844 0.039874
0.027844 0.042472
0.027787 0.028973
0.027547 0.028505
0.027289 0.029907
0.027061 0.029445
0.026857 0.027773
0.026677 0.029312
0.026382 0.037300
0.026360 0.031677
0.026324 0.027920
0.026265 0.045359
0.026200 0.035941
0.026173 0.028189
0.026106 0.027356
0.026094 0.037455
0.025918 0.026680
0.025869 0.042464
0.025786 0.036602
0.025750 0.032408
0.025563 0.026775
0.025515 0.038940
0.025502 0.032400
0.025448 0.028701
0.025397 0.026583
0.025294 0.031372
0.025149 0.027188
0.025017 0.029007
0.024947 0.026946
0.024879 0.028519
0.024877 0.026626
0.024778 0.033251
0.024678 0.033894
0.024622 0.025790
0.024589 0.029048
0.024352 0.030315
0.024267 0.026298
0.024252 0.029282
0.024140 0.025869
0.024111 0.034675
0.024049 0.025749
0.024025 0.027514
0.023999 0.033671
0.023939 0.024346
0.023759 0.027061
0.023738 0.036987
0.023656 0.024359
0.023625 0.040149
0.023552 0.031248
0.023457 0.026531
0.023200 0.034709
0.023183 0.033094
0.023004 0.023750
0.022941 0.025927
0.022904 0.024191
0.022818 0.024181
0.022657 0.035994
0.022197 0.026655
0.022187 0.026497
0.022028 0.024285
0.021930 0.034039
0.021784 0.028430
0.021773 0.030866
0.021730 0.022898
0.021703 0.026731
0.021687 0.023542
0.021655 0.032744
0.021506 0.022227
0.021481 0.022570
0.021457 0.048846
0.021390 0.023521
0.021335 0.021700
0.021069 0.022921
0.021033 0.022417
0.020901 0.023556
0.020857 0.025052
0.020811 0.030814
0.020722 0.021619
0.020716 0.028696
0.020691 0.020829
0.020669 0.021295
0.020573 0.022515
0.020534 0.027539
0.020520 0.021837
0.020508 0.023578
0.020448 0.026646
0.020393 0.026526
0.020350 0.024794
0.020262 0.023232
0.020105 0.027225
0.020079 0.022793
0.020041 0.034819
0.020009 0.022178
0.019779 0.032855
0.019761 0.021814
0.019739 0.030058
0.019564 0.020797
0.019479 0.021966
0.019369 0.019408
0.019316 0.021357
0.019277 0.030047
0.019185 0.029682
0.018878 0.025695
0.018838 0.019652
0.018837 0.021088
0.018817 0.019598
0.018795 0.019764
0.018787 0.019556
0.018786 0.019330
0.018781 0.019932
0.018732 0.020824
0.018696 0.020500
0.018596 0.029191
0.018527 0.020890
0.018373 0.022493
0.018368 0.018669
0.018251 0.022159
0.018242 0.024362
0.018006 0.022273
0.017748 0.018848
0.017696 0.033322
0.017642 0.031416
0.017492 0.021320
0.017455 0.018228
0.017432 0.018069
0.017229 0.018025
0.017202 0.018614
0.017175 0.019032
0.017031 0.023673
0.017022 0.017662
0.016809 0.017383
0.016802 0.017001
0.016679 0.019861
0.016596 0.018214
0.016519 0.017699
0.016462 0.018801
0.016433 0.018312
0.016306 0.019004
0.016285 0.018177
0.016271 0.017089
0.016266 0.024240
0.016177 0.016243
0.016162 0.022033
0.016136 0.017749
0.016131 0.016507
0.016043 0.016446
0.016042 0.020746
0.016025 0.020291
0.016016 0.021265
0.015937 0.024416
0.015902 0.019142
0.015889 0.020084
0.015857 0.023652
0.015829 0.016465
0.015794 0.022261
0.015648 0.029393
0.015632 0.024047
0.015628 0.017601
0.015616 0.015644
0.015613 0.018766
0.015546 0.018184
0.015538 0.020955
0.015431 0.015744
0.015405 0.018520
0.015371 0.018333
0.015368 0.023877
0.015366 0.017535
0.015333 0.016433
0.015264 0.015986
0.015252 0.034897
0.015115 0.020490
0.015072 0.015123
0.014991 0.022335
0.014944 0.016457
0.014839 0.015921
0.014817 0.015688
0.014768 0.018627
0.014752 0.025845
0.014714 0.015771
0.014576 0.014859
0.014508 0.016631
0.014506 0.023795
0.014478 0.021304
0.014460 0.025259
0.014347 0.015289
0.014340 0.014937
0.014277 0.014587
0.014271 0.017729
0.014226 0.015283
0.014081 0.016348
0.014040 0.016677
0.013969 0.015292
0.013916 0.014313
0.013891 0.018558
0.013876 0.014230
0.013765 0.019822
0.013763 0.021956
0.013753 0.017057
0.013743 0.017747
0.013742 0.013851
0.013728 0.018573
0.013693 0.016166
0.013633 0.014383
0.013587 0.015887
0.013482 0.014532
0.013464 0.014107
0.013453 0.018161
0.013440 0.015797
0.013406 0.013866
0.013363 0.013907
0.013362 0.022807
0.013344 0.017421
0.013316 0.013927
0.013314 0.015789
0.013304 0.015431
0.013298 0.021925
0.013247 0.016902
0.013226 0.014795
0.013150 0.013530
0.012987 0.015001
0.012899 0.012964
0.012883 0.013633
0.012871 0.013300
0.012800 0.013391
0.012739 0.015130
0.012720 0.012822
0.012713 0.015433
0.012597 0.013407
0.012535 0.013902
0.012520 0.013141
0.012520 0.022812
0.012376 0.015194
0.012370 0.012454
0.012338 0.024077
0.012324 0.016953
0.012284 0.012806
0.012272 0.016869
0.012254 0.017554
0.012246 0.012262
0.012242 0.017524
0.012240 0.012448
0.012134 0.017516
0.012091 0.013723
0.012062 0.012437
0.012047 0.017657
0.011963 0.013005
0.011854 0.012262
0.011741 0.015081
0.011727 0.012966
0.011662 0.012487
0.011640 0.014125
0.011623 0.012728
0.011578 0.012865
0.011578 0.016361
0.011559 0.015257
0.011556 0.017069
0.011547 0.011683
0.011509 0.015784
0.011461 0.012861
0.011431 0.012809
0.011395 0.013467
0.011375 0.013458
0.011354 0.013437
0.011353 0.011649
0.011322 0.012551
0.011249 0.015968
0.011216 0.014121
0.011150 0.012261
0.011098 0.011285
0.011059 0.011173
0.011049 0.013881
0.011047 0.012176
0.010973 0.014391
0.010962 0.017948
0.010936 0.017905
0.010912 0.012976
0.010891 0.020867
0.010857 0.016819
0.010793 0.011307
0.010762 0.011229
0.010756 0.011280
0.010742 0.014986
0.010723 0.012167
0.010704 0.016173
0.010644 0.011159
0.010628 0.010658
0.010597 0.010751
0.010590 0.011354
0.010581 0.018547
0.010555 0.011404
0.010549 0.010561
0.010539 0.011238
0.010537 0.012512
0.010532 0.010917
0.010485 0.010688
0.010470 0.010796
0.010418 0.013504
0.010408 0.011025
0.010395 0.011479
0.010302 0.015896
0.010288 0.016317
0.010189 0.012057
0.010164 0.010167
0.010112 0.010313
0.010086 0.011357
0.010041 0.010056
0.010034 0.014684
0.010000 0.010912
0.009979 0.017113
0.009959 0.011923
0.009910 0.010326
0.009907 0.010247
0.009904 0.011767
0.009903 0.013239
0.009867 0.016270
0.009778 0.010088
0.009771 0.012988
0.009691 0.010403
0.009652 0.012810
0.009586 0.013668
0.009531 0.009536
0.009498 0.010887
0.009495 0.011751
0.009389 0.011368
0.009385 0.013568
0.009345 0.010426
0.009313 0.010592
0.009271 0.011787
0.009226 0.015343
0.009214 0.010259
0.009210 0.009882
0.009199 0.010505
0.009197 0.017278
0.009172 0.009362
0.009152 0.010119
0.009147 0.009434
0.009137 0.010088
0.009136 0.009974
0.009111 0.010325
0.009065 0.013862
0.009019 0.010480
0.008975 0.009558
0.008972 0.014882
0.008917 0.013709
0.008916 0.013078
0.008895 0.009120
0.008879 0.011568
0.008825 0.009458
0.008817 0.014019
0.008803 0.011104
0.008798 0.009245
0.008792 0.009638
0.008781 0.009442
0.008773 0.010040
0.008771 0.008846
0.008752 0.011048
0.008738 0.014811
0.008737 0.009629
0.008718 0.010670
0.008702 0.012868
0.008700 0.009763
0.008695 0.012483
0.008686 0.010287
0.008677 0.011526
0.008675 0.008773
0.008663 0.009819
0.008649 0.012325
0.008631 0.009948
0.008620 0.008648
0.008614 0.016174
0.008590 0.009465
0.008584 0.009105
0.008548 0.009539
0.008524 0.008816
0.008482 0.009348
0.008474 0.008523
0.008463 0.009794
0.008461 0.010461
0.008440 0.013635
0.008426 0.010229
0.008425 0.009604
0.008411 0.008905
0.008391 0.008756
0.008377 0.012795
0.008370 0.009503
0.008366 0.009537
0.008332 0.008938
0.008327 0.012555
0.008325 0.009470
0.008303 0.008776
0.008278 0.009984
0.008239 0.010699
0.008238 0.009713
0.008237 0.009341
0.008234 0.009330
0.008229 0.013180
0.008220 0.011497
0.008203 0.008361
0.008164 0.008278
0.008146 0.009615
0.008113 0.008239
0.008110 0.008398
0.008085 0.010001
0.008003 0.008299
0.007999 0.008125
0.007983 0.008257
0.007960 0.008455
0.007926 0.008537
0.007919 0.007965
0.007895 0.010891
0.007887 0.009244
0.007881 0.008338
0.007854 0.009015
0.007834 0.009095
0.007834 0.008588
0.007810 0.011813
0.007808 0.014302
0.007774 0.008835
0.007769 0.009131
0.007761 0.008290
0.007743 0.009133
0.007727 0.009105
0.007721 0.008173
0.007716 0.008460
0.007704 0.008192
0.007702 0.008130
0.007688 0.009054
0.007675 0.008244
0.007672 0.010119
0.007642 0.009958
0.007631 0.008034
0.007608 0.007840
0.007576 0.013641
0.007576 0.008371
0.007562 0.008563
0.007547 0.008947
0.007504 0.008686
0.007498 0.007820
0.007483 0.013597
0.007474 0.007901
0.007459 0.007600
0.007450 0.012718
0.007429 0.011531
0.007416 0.012164
0.007408 0.010863
0.007397 0.008311
0.007325 0.008351
0.007323 0.007429
0.007302 0.007748
0.007294 0.010154
0.007286 0.007822
0.007269 0.008518
0.007264 0.016121
0.007264 0.007671
0.007260 0.008908
0.007256 0.007851
0.007252 0.007364
0.007251 0.009086
0.007245 0.010349
0.007229 0.011240
0.007227 0.010600
0.007206 0.010288
0.007194 0.008656
0.007178 0.007242
0.007165 0.013475
0.007144 0.012836
0.007119 0.008405
0.007113 0.007810
0.007112 0.012601
0.007111 0.007340
0.007107 0.007892
0.007098 0.008193
0.007071 0.007577
0.007064 0.007836
0.007062 0.007799
0.007053 0.010384
0.007032 0.008782
0.007027 0.008745
0.007023 0.007197
0.007005 0.007270
0.007003 0.007551
0.006978 0.007297
0.006958 0.007029
0.006954 0.008152
0.006951 0.008108
0.006949 0.009229
0.006925 0.006984
0.006922 0.008276
0.006891 0.007765
0.006889 0.008384
0.006886 0.007113
0.006878 0.007658
0.006877 0.007311
0.006874 0.011422
0.006869 0.007336
0.006869 0.008371
0.006865 0.008688
0.006835 0.008972
0.006829 0.014891
0.006821 0.007203
0.006818 0.006986
0.006797 0.011548
0.006797 0.006960
0.006781 0.007185
0.006779 0.008229
0.006775 0.007557
0.006771 0.007423
0.006768 0.007106
0.006754 0.007368
0.006744 0.007671
0.006738 0.010176
0.006721 0.008798
0.006710 0.007302
0.006699 0.007429
0.006693 0.006875
0.006682 0.009659
0.006658 0.009599
0.006656 0.008497
0.006647 0.007070
0.006639 0.009410
0.006636 0.007502
0.006630 0.010079
0.006626 0.007037
0.006625 0.008258
0.006621 0.011291
0.006613 0.007673
0.006595 0.010538
0.006590 0.006757
0.006575 0.007522
0.006553 0.006868
0.006519 0.007404
0.006514 0.008907
0.006487 0.006500
0.006476 0.008040
0.006465 0.009452
0.006451 0.008823
0.006448 0.007215
0.006429 0.009925
0.006428 0.007246
0.006423 0.007058
0.006380 0.007319
0.006378 0.006552
0.006372 0.010913
0.006368 0.007654
0.006366 0.006918
0.006343 0.007485
0.006328 0.008291
0.006303 0.006699
0.006293 0.006427
0.006276 0.009579
0.006268 0.007605
0.006262 0.006287
0.006253 0.008851
0.006253 0.007700
0.006247 0.008074
0.006246 0.008519
0.006244 0.011167
0.006208 0.008628
0.006205 0.008674
0.006192 0.009768
0.006189 0.009035
0.006183 0.007362
0.006183 0.006830
0.006170 0.006426
0.006166 0.006339
0.006162 0.007114
0.006147 0.011356
0.006138 0.006978
0.006135 0.007410
0.006134 0.006172
0.006123 0.006595
0.006116 0.008859
0.006106 0.008196
0.006077 0.010082
0.006077 0.006091
0.006070 0.008948
0.006068 0.006392
0.006063 0.006324
0.006038 0.006167
0.006038 0.008984
0.006016 0.007549
0.005984 0.008042
0.005975 0.006015
0.005972 0.006198
0.005968 0.009427
0.005959 0.006168
0.005944 0.010809
0.005926 0.007482
0.005918 0.008925
0.005896 0.007178
0.005888 0.006892
0.005886 0.006421
0.005884 0.008011
0.005882 0.008793
0.005848 0.006304
0.005848 0.006908
0.005842 0.008771
0.005834 0.009526
0.005826 0.006893
0.005823 0.010256
0.005797 0.006418
0.005794 0.006451
0.005790 0.006054
0.005788 0.007652
0.005787 0.005802
0.005783 0.007235
0.005774 0.009013
0.005771 0.009592
0.005767 0.006221
0.005759 0.006982
0.005759 0.006567
0.005755 0.009412
0.005744 0.008518
0.005741 0.006274
0.005734 0.006113
0.005719 0.006221
0.005706 0.007956
0.005705 0.010371
0.005704 0.006444
0.005700 0.005908
0.005698 0.007854
0.005689 0.009624
0.005684 0.006493
0.005678 0.006495
0.005660 0.006578
0.005654 0.005886
0.005654 0.006148
0.005645 0.005863
0.005643 0.006853
0.005617 0.010624
0.005601 0.006247
0.005598 0.008426
0.005595 0.006059
0.005565 0.006103
0.005561 0.006265
0.005558 0.011056
0.005555 0.008878
0.005542 0.005621
0.005539 0.007344
0.005537 0.006612
0.005530 0.005846
0.005512 0.005643
0.005508 0.007325
0.005499 0.007732
0.005498 0.006277
0.005496 0.005510
0.005494 0.012355
0.005494 0.005830
0.005488 0.007127
0.005486 0.005923
0.005484 0.008197
0.005463 0.006881
0.005460 0.007299
0.005460 0.005692
0.005455 0.006346
0.005455 0.006061
0.005452 0.005661
0.005448 0.005559
0.005444 0.005989
0.005444 0.007063
0.005431 0.010275
0.005428 0.006607
0.005427 0.005434
0.005411 0.005640
0.005402 0.007515
0.005398 0.005504
0.005393 0.005480
0.005391 0.005616
0.005382 0.007018
0.005378 0.007703
0.005372 0.005664
0.005364 0.008662
0.005363 0.005365
0.005358 0.011609
0.005356 0.009055
0.005346 0.005631
0.005343 0.005459
0.005342 0.007952
0.005341 0.011554
0.005337 0.005484
0.005337 0.005622
0.005317 0.005349
0.005317 0.005437
0.005313 0.005511
0.005311 0.007394
0.005308 0.005422
0.005303 0.005838
0.005298 0.007120
0.005298 0.008347
0.005297 0.005414
0.005296 0.005648
0.005287 0.006537
0.005286 0.005603
0.005280 0.007064
0.005279 0.006283
0.005271 0.005576
0.005270 0.010238
0.005267 0.005337
0.005267 0.005803
0.005266 0.005483
0.005261 0.005854
0.005255 0.006020
0.005248 0.006457
0.005244 0.005906
0.005244 0.005526
0.005244 0.007674
0.005243 0.005298
0.005237 0.005670
0.005236 0.005403
0.005231 0.006237
0.005231 0.008224
0.005227 0.005825
0.005226 0.005247
0.005221 0.007467
0.005213 0.006707
0.005212 0.005225
0.005211 0.005228
0.005211 0.005577
0.005202 0.007049
0.005198 0.007704
0.005194 0.007318
0.005186 0.005496
0.005186 0.005350
0.005182 0.006354
0.005180 0.006119
0.005178 0.005685
0.005177 0.005307
0.005173 0.005487
0.005171 0.006476
0.005168 0.005240
0.005157 0.010226
0.005155 0.006591
0.005152 0.006191
0.005150 0.009444
0.005142 0.005987
0.005138 0.005802
0.005132 0.005263
0.005129 0.007794
0.005127 0.008941
0.005123 0.005975
0.005116 0.005989
0.005115 0.007350
0.005112 0.006351
0.005108 0.007185
0.005105 0.005225
0.005099 0.005297
0.005095 0.007730
0.005093 0.006370
0.005082 0.005517
0.005081 0.005317
0.005073 0.005626
0.005069 0.005940
0.005068 0.006792
0.005058 0.006604
0.005056 0.006149
0.005053 0.005466
0.005052 0.005248
0.005052 0.005805
0.005051 0.009062
0.005044 0.005549
0.005042 0.005240
0.005041 0.009523
0.005037 0.005125
0.005033 0.006434
0.005032 0.005863
0.005032 0.005102
0.005023 0.010986
0.005016 0.005290
0.005015 0.009779
0.005008 0.007811
0.005006 0.005066
0.005003 0.006605
0.004996 0.005614
0.004991 0.005468
0.004986 0.008421
0.004979 0.009665
0.004978 0.005644
0.004970 0.006071
0.004967 0.006167
0.004956 0.005901
0.004953 0.005137
0.004950 0.006235
0.004935 0.005612
0.004934 0.005207
0.004932 0.005989
0.004928 0.004930
0.004923 0.009052
0.004923 0.005591
0.004922 0.005329
0.004919 0.005333
0.004915 0.005157
0.004915 0.009364
0.004909 0.008199
0.004908 0.005175
0.004907 0.004936
0.004901 0.009212
0.004898 0.009263
0.004897 0.006008
0.004895 0.005155
0.004888 0.005149
0.004888 0.005389
0.004886 0.005120
0.004881 0.005541
0.004875 0.005656
0.004874 0.005632
0.004873 0.005792
0.004857 0.011875
0.004857 0.004919
0.004851 0.007982
0.004843 0.005486
0.004837 0.006605
0.004835 0.008846
0.004825 0.005042
0.004823 0.010744
0.004807 0.005068
0.004805 0.006305
0.004803 0.006284
0.004798 0.007211
0.004795 0.007825
0.004791 0.005120
0.004790 0.006298
0.004787 0.005206
0.004787 0.004805
0.004784 0.004830
0.004781 0.005220
0.004776 0.006191
0.004772 0.007064
0.004770 0.005573
0.004767 0.004827
0.004755 0.009510
0.004754 0.009536
0.004744 0.007238
0.004742 0.005381
0.004740 0.005152
0.004740 0.004791
0.004739 0.007315
0.004736 0.006873
0.004728 0.005379
0.004727 0.005620
0.004723 0.004855
0.004723 0.005317
0.004715 0.006218
0.004712 0.005718
0.004709 0.004997
0.004706 0.005266
0.004701 0.006588
0.004701 0.005176
0.004698 0.004916
0.004694 0.005426
0.004692 0.008005
0.004691 0.004775
0.004689 0.005631
0.004685 0.005978
0.004685 0.004924
0.004681 0.005666
0.004668 0.005411
0.004664 0.005045
0.004663 0.006177
0.004656 0.007183
0.004656 0.007129
0.004654 0.005425
0.004654 0.006031
0.004651 0.008982
0.004647 0.005037
0.004635 0.004996
0.004631 0.006532
0.004630 0.006376
0.004626 0.005155
0.004626 0.005534
0.004624 0.005458
0.004622 0.005737
0.004619 0.005447
0.004608 0.007047
0.004600 0.005171
0.004598 0.007405
0.004598 0.005014
0.004598 0.007710
0.004596 0.005149
0.004595 0.006862
0.004593 0.004886
0.004583 0.004622
0.004583 0.005517
0.004574 0.006110
0.004570 0.005183
0.004570 0.005430
0.004566 0.004897
0.004565 0.004663
0.004561 0.004965
0.004559 0.005509
0.004556 0.004859
0.004555 0.004572
0.004552 0.005508
0.004551 0.007497
0.004547 0.004858
0.004547 0.004561
0.004544 0.005072
0.004543 0.004858
0.004540 0.004901
0.004539 0.005540
0.004539 0.006902
0.004533 0.005872
0.004525 0.004762
0.004524 0.007211
0.004524 0.006311
0.004516 0.006331
0.004514 0.004758
0.004510 0.006626
0.004509 0.006377
0.004498 0.007922
0.004494 0.005685
0.004494 0.005136
0.004492 0.004520
0.004492 0.008408
0.004490 0.005158
0.004482 0.005042
0.004478 0.005966
0.004477 0.008043
0.004477 0.005198
0.004475 0.004663
0.004475 0.005907
0.004474 0.004994
0.004468 0.004658
0.004468 0.007372
0.004463 0.004815
0.004455 0.004653
0.004444 0.008936
0.004441 0.007754
0.004439 0.005627
0.004435 0.006580
0.004435 0.005073
0.004433 0.004484
0.004432 0.004588
0.004431 0.004761
0.004422 0.005291
0.004421 0.004678
0.004408 0.005415
0.004407 0.004614
0.004407 0.006579
0.004404 0.005883
0.004400 0.004974
0.004400 0.005004
0.004399 0.005237
0.004398 0.004513
0.004390 0.005279
0.004376 0.004789
0.004376 0.004461
0.004371 0.005166
0.004367 0.004398
0.004366 0.004764
0.004365 0.006683
0.004340 0.004341
0.004340 0.004833
0.004339 0.005385
0.004334 0.005691
0.004333 0.007871
0.004329 0.005694
0.004328 0.005262
0.004327 0.004459
0.004312 0.005403
0.004311 0.005044
0.004310 0.007173
0.004308 0.004862
0.004299 0.006004
0.004298 0.004726
0.004296 0.005010
0.004295 0.005898
0.004288 0.004826
0.004286 0.004499
0.004285 0.007854
0.004279 0.004485
0.004278 0.005869
0.004278 0.004682
0.004277 0.005339
0.004276 0.005130
0.004276 0.004678
0.004273 0.004505
0.004273 0.004507
0.004272 0.005171
0.004271 0.004848
0.004270 0.004420
0.004267 0.004601
0.004260 0.004848
0.004257 0.005239
0.004253 0.006057
0.004252 0.004324
0.004252 0.004318
0.004251 0.004270
0.004247 0.005327
0.004245 0.004837
0.004239 0.005315
0.004231 0.005054
0.004230 0.004889
0.004227 0.005415
0.004225 0.004438
0.004225 0.004378
0.004223 0.004225
0.004221 0.004470
0.004219 0.004781
0.004212 0.006797
0.004206 0.004226
0.004206 0.005993
0.004205 0.004335
0.004205 0.005030
0.004200 0.004701
0.004199 0.007277
0.004197 0.009044
0.004196 0.006389
0.004195 0.004285
0.004193 0.004654
0.004188 0.005668
0.004188 0.004265
0.004185 0.004371
0.004184 0.004378
0.004181 0.006342
0.004181 0.005421
0.004177 0.004242
0.004174 0.004213
0.004170 0.004372
0.004168 0.004252
0.004168 0.004433
0.004161 0.005024
0.004157 0.005207
0.004156 0.004451
0.004155 0.004296
0.004152 0.004385
0.004152 0.004542
0.004147 0.004307
0.004145 0.007056
0.004144 0.005040
0.004144 0.004800
0.004142 0.005404
0.004139 0.006186
0.004135 0.006042
0.004131 0.006029
0.004130 0.004164
0.004127 0.004428
0.004119 0.004410
0.004119 0.005147
0.004114 0.005636
0.004113 0.004170
0.004111 0.004147
0.004104 0.004194
0.004103 0.005904
0.004099 0.006159
0.004089 0.004540
0.004087 0.004460
0.004086 0.004098
0.004086 0.006306
0.004083 0.004118
0.004083 0.004139
0.004081 0.004179
0.004070 0.004294
0.004069 0.005328
0.004064 0.004765
0.004061 0.005094
0.004061 0.004315
0.004057 0.004747
0.004054 0.005730
0.004051 0.004912
0.004050 0.004977
0.004049 0.004955
0.004047 0.007718
0.004046 0.004402
0.004045 0.006024
0.004042 0.004311
0.004040 0.004157
0.004036 0.004091
0.004030 0.004088
0.004014 0.005642
0.004012 0.004687
0.004007 0.005643
0.004001 0.004042
0.004000 0.006692
0.004000 0.006024
0.003996 0.004858
0.003994 0.004495
0.003993 0.004428
0.003991 0.006725
0.003985 0.008195
0.003981 0.005512
0.003974 0.004093
0.003974 0.005588
0.003971 0.004517
0.003967 0.004811
0.003967 0.007102
0.003965 0.004972
0.003963 0.004112
0.003959 0.004283
0.003958 0.005579
0.003953 0.004023
0.003951 0.006380
0.003937 0.005500
0.003934 0.007094
0.003931 0.004900
0.003930 0.003954
0.003927 0.005335
0.003924 0.003980
0.003924 0.004065
0.003921 0.005223
0.003921 0.007171
0.003919 0.005449
0.003919 0.006459
0.003918 0.004128
0.003915 0.004077
0.003905 0.004475
0.003905 0.004536
0.003898 0.005291
0.003891 0.007462
0.003890 0.004608
0.003886 0.006930
0.003885 0.004426
0.003881 0.004099
0.003881 0.008517
0.003874 0.005076
0.003873 0.006918
0.003869 0.004285
0.003860 0.004512
0.003858 0.004932
0.003853 0.003865
0.003852 0.006754
0.003845 0.005852
0.003843 0.004532
0.003842 0.005124
0.003840 0.004368
0.003838 0.004427
0.003835 0.005357
0.003833 0.003952
0.003828 0.004810
0.003826 0.004238
0.003820 0.008219
0.003819 0.008993
0.003819 0.003938
0.003815 0.004053
0.003813 0.007192
0.003813 0.003853
0.003812 0.003967
0.003812 0.006148
0.003811 0.003867
0.003811 0.004231
0.003810 0.003859
0.003808 0.004353
0.003803 0.004147
0.003802 0.004192
0.003801 0.003818
0.003800 0.003943
0.003799 0.004213
0.003797 0.004308
0.003796 0.004092
0.003792 0.006798
0.003780 0.004236
0.003780 0.005851
0.003773 0.004616
0.003767 0.004599
0.003762 0.007523
0.003761 0.005348
0.003757 0.004347
0.003756 0.003847
0.003754 0.004286
0.003753 0.003830
0.003753 0.003759
0.003752 0.005280
0.003752 0.004439
0.003743 0.004241
0.003742 0.003944
0.003741 0.006151
0.003741 0.004385
0.003741 0.003827
0.003740 0.007403
0.003737 0.005009
0.003733 0.004666
0.003733 0.004953
0.003733 0.004244
0.003731 0.004454
0.003729 0.004213
0.003729 0.003762
0.003724 0.006661
0.003722 0.004706
0.003721 0.004763
0.003717 0.004764
0.003717 0.004168
0.003715 0.004310
0.003711 0.004114
0.003707 0.004294
0.003705 0.003875
0.003703 0.003775
0.003701 0.004532
0.003700 0.004487
0.003694 0.004317
0.003692 0.003947
0.003692 0.003763
0.003691 0.004545
0.003686 0.008450
0.003686 0.003940
0.003685 0.003726
0.003684 0.005209
0.003682 0.006780
0.003681 0.003746
0.003681 0.003795
0.003680 0.004116
0.003680 0.006022
0.003679 0.004999
0.003675 0.004603
0.003675 0.005345
0.003674 0.004419
0.003672 0.005985
0.003670 0.007874
0.003665 0.003758
0.003663 0.005834
0.003662 0.003742
0.003661 0.003664
0.003661 0.005050
0.003660 0.004610
0.003656 0.003955
0.003656 0.003717
0.003652 0.005053
0.003649 0.003964
0.003649 0.004023
0.003648 0.003775
0.003644 0.003647
0.003644 0.007105
0.003643 0.004186
0.003637 0.005163
0.003636 0.003941
0.003635 0.004011
0.003635 0.008109
0.003634 0.004763
0.003632 0.003707
0.003631 0.004759
0.003627 0.003839
0.003625 0.004045
0.003624 0.003947
0.003623 0.003839
0.003623 0.003926
0.003621 0.004553
0.003620 0.003973
0.003619 0.003766
0.003618 0.004804
0.003614 0.004267
0.003614 0.005562
0.003613 0.003693
0.003612 0.004505
0.003609 0.004291
0.003607 0.004061
0.003603 0.003816
0.003600 0.005389
0.003600 0.006982
0.003599 0.004874
0.003597 0.004820
0.003591 0.006757
0.003589 0.005761
0.003588 0.004046
0.003588 0.003797
0.003584 0.004371
0.003583 0.003658
0.003577 0.004271
0.003576 0.004030
0.003576 0.003910
0.003575 0.006398
0.003572 0.003619
0.003571 0.004021
0.003569 0.003823
0.003567 0.004366
0.003567 0.003877
0.003565 0.003844
0.003561 0.004017
0.003560 0.004149
0.003560 0.003960
0.003557 0.006284
0.003556 0.003758
0.003556 0.004297
0.003556 0.005670
0.003555 0.004413
0.003555 0.005653
0.003552 0.004675
0.003552 0.003678
0.003548 0.005803
0.003546 0.003788
0.003546 0.003784
0.003545 0.003701
0.003545 0.005334
0.003544 0.005068
0.003541 0.004074
0.003541 0.004342
0.003540 0.003873
0.003540 0.005150
0.003538 0.003678
0.003538 0.004418
0.003533 0.003865
0.003533 0.005521
0.003531 0.005089
0.003531 0.004875
0.003529 0.004219
0.003528 0.003687
0.003527 0.003637
0.003527 0.004755
0.003527 0.003878
0.003526 0.004002
0.003524 0.003938
0.003524 0.003652
0.003523 0.004376
0.003522 0.004240
0.003521 0.005379
0.003521 0.004250
0.003520 0.003902
0.003519 0.005251
0.003514 0.004006
0.003510 0.003627
0.003506 0.004074
0.003506 0.003676
0.003506 0.004857
0.003505 0.004524
0.003504 0.004481
0.003502 0.003831
0.003499 0.004200
0.003498 0.003678
0.003495 0.003826
0.003494 0.004674
0.003493 0.003665
0.003486 0.003878
0.003486 0.003570
0.003474 0.003608
0.003474 0.003927
0.003474 0.003661
0.003472 0.003819
0.003470 0.006174
0.003467 0.003878
0.003467 0.003484
0.003466 0.006505
0.003463 0.003612
0.003462 0.005053
0.003454 0.004665
0.003454 0.007873
0.003451 0.004612
0.003449 0.003603
0.003448 0.006299
0.003448 0.005682
0.003446 0.003691
0.003445 0.003655
0.003442 0.003566
0.003441 0.003568
0.003439 0.004395
0.003435 0.004063
0.003432 0.004718
0.003428 0.005935
0.003427 0.005162
0.003426 0.003429
0.003425 0.003575
0.003424 0.005420
0.003420 0.003863
0.003418 0.003931
0.003418 0.004879
0.003417 0.004170
0.003413 0.004398
0.003412 0.003699
0.003412 0.003606
0.003412 0.003489
0.003411 0.004025
0.003409 0.003938
0.003408 0.006979
0.003404 0.003867
0.003402 0.003544
0.003400 0.003682
0.003399 0.004121
0.003398 0.005686
0.003393 0.005605
0.003390 0.004027
0.003389 0.003442
0.003386 0.004429
0.003381 0.003778
0.003380 0.004764
0.003377 0.006550
0.003375 0.003454
0.003375 0.003815
0.003373 0.005566
0.003372 0.003460
0.003370 0.003794
0.003369 0.003634
0.003362 0.003868
0.003358 0.004665
0.003356 0.003393
0.003355 0.005182
0.003354 0.004761
0.003354 0.003809
0.003351 0.003923
0.003351 0.003735
0.003351 0.004424
0.003350 0.003362
0.003349 0.003984
0.003347 0.003967
0.003344 0.004295
0.003343 0.003510
0.003341 0.004914
0.003339 0.003830
0.003335 0.003889
0.003335 0.003337
0.003334 0.003394
0.003334 0.004569
0.003333 0.004300
0.003332 0.004082
0.003328 0.005984
0.003325 0.003840
0.003324 0.005605
0.003323 0.003621
0.003314 0.005136
0.003312 0.004193
0.003309 0.003526
0.003305 0.003713
0.003305 0.004514
0.003304 0.004385
0.003304 0.003463
0.003303 0.004504
0.003302 0.003426
0.003302 0.003663
0.003301 0.005034
0.003301 0.004474
0.003297 0.004070
0.003292 0.003441
0.003292 0.004284
0.003291 0.005038
0.003291 0.003698
0.003291 0.006742
0.003290 0.003560
0.003287 0.003988
0.003286 0.003363
0.003285 0.006573
0.003283 0.005439
0.003282 0.004507
0.003282 0.003500
0.003280 0.003786
0.003279 0.007985
0.003274 0.005087
0.003273 0.004022
0.003272 0.003275
0.003272 0.003583
0.003271 0.003408
0.003266 0.004300
0.003266 0.003657
0.003266 0.003877
0.003262 0.003658
0.003259 0.004316
0.003259 0.003541
0.003254 0.003777
0.003252 0.003435
0.003251 0.003799
0.003250 0.004170
0.003249 0.006796
0.003249 0.004027
0.003244 0.003354
0.003244 0.004495
0.003242 0.004413
0.003241 0.004260
0.003241 0.003662
0.003241 0.004681
0.003240 0.003667
0.003239 0.003379
0.003238 0.003320
0.003236 0.004073
0.003236 0.004882
0.003236 0.004551
0.003235 0.003306
0.003235 0.003470
0.003235 0.004853
0.003235 0.004669
0.003234 0.003505
0.003234 0.003330
0.003234 0.003719
0.003233 0.003530
0.003232 0.003475
0.003232 0.003862
0.003231 0.003667
0.003230 0.004243
0.003228 0.003392
0.003228 0.003994
0.003227 0.007322
0.003221 0.005243
0.003220 0.003534
0.003216 0.006769
0.003215 0.003260
0.003213 0.003391
0.003211 0.003952
0.003208 0.004707
0.003206 0.004842
0.003198 0.003999
0.003196 0.003895
0.003193 0.003203
0.003192 0.003978
0.003190 0.003306
0.003190 0.003485
0.003186 0.005224
0.003186 0.003192
0.003184 0.005630
0.003184 0.003969
0.003184 0.003464
0.003182 0.003563
0.003182 0.003753
0.003177 0.003489
0.003175 0.004689
0.003174 0.004743
0.003173 0.003690
0.003173 0.004704
0.003170 0.003657
0.003169 0.005139
0.003168 0.003172
0.003168 0.007750
0.003167 0.003792
0.003167 0.003199
0.003167 0.005182
0.003166 0.003322
0.003162 0.004599
0.003162 0.003701
0.003161 0.004829
0.003160 0.003256
0.003157 0.003399
0.003155 0.004162
0.003155 0.006515
0.003154 0.003293
0.003152 0.005572
0.003150 0.003864
0.003148 0.003995
0.003146 0.003285
0.003145 0.004290
0.003145 0.003279
0.003142 0.003485
0.003141 0.003545
0.003140 0.004417
0.003138 0.003595
0.003138 0.003252
0.003135 0.003554
0.003134 0.005491
0.003134 0.003807
0.003130 0.003271
0.003129 0.006301
0.003126 0.004959
0.003126 0.003429
0.003124 0.005925
0.003123 0.003812
0.003123 0.004141
0.003120 0.003686
0.003119 0.003129
0.003118 0.003453
0.003118 0.003554
0.003117 0.003125
0.003115 0.005721
0.003115 0.003885
0.003111 0.003737
0.003109 0.005080
0.003106 0.004159
0.003104 0.005053
0.003093 0.003945
0.003092 0.004835
0.003090 0.004994
0.003087 0.003373
0.003086 0.003408
0.003080 0.003627
0.003078 0.003204
0.003077 0.003353
0.003073 0.003792
0.003071 0.004269
0.003070 0.003366
0.003069 0.004827
0.003069 0.004993
0.003069 0.003635
0.003067 0.005492
0.003067 0.003468
0.003066 0.003614
0.003065 0.003858
0.003064 0.003289
0.003059 0.003161
0.003059 0.003199
0.003059 0.004114
0.003058 0.003478
0.003058 0.003281
0.003057 0.003190
0.003055 0.005673
0.003046 0.003695
0.003045 0.004090
0.003044 0.004552
0.003043 0.003374
0.003041 0.005773
0.003038 0.003180
0.003038 0.003077
0.003036 0.003038
0.003035 0.003173
0.003035 0.003139
0.003034 0.003340
0.003032 0.003333
0.003032 0.003212
0.003030 0.005796
0.003030 0.004453
0.003027 0.003029
0.003024 0.003645
0.003024 0.004424
0.003021 0.003518
0.003020 0.003238
0.003017 0.003115
0.003017 0.003262
0.003017 0.004642
0.003016 0.003714
0.003014 0.003445
0.003014 0.003883
0.003013 0.003093
0.003012 0.003192
0.003008 0.004342
0.003008 0.005854
0.003007 0.003509
0.003005 0.004258
0.003004 0.004320
0.003003 0.003330
0.003003 0.003035
0.003002 0.003396
0.003002 0.003951
0.003001 0.004472
0.002994 0.003280
0.002993 0.004421
0.002991 0.004703
0.002990 0.003627
0.002985 0.003422
0.002982 0.003878
0.002981 0.004430
0.002979 0.007010
0.002975 0.003936
0.002975 0.003023
0.002971 0.003185
0.002970 0.005371
0.002970 0.003007
0.002969 0.003019
0.002967 0.006070
0.002967 0.003910
0.002966 0.003452
0.002966 0.003811
0.002964 0.004469
0.002962 0.002993
0.002961 0.003417
0.002961 0.006603
0.002960 0.004137
0.002958 0.002965
0.002957 0.004372
0.002957 0.002995
0.002956 0.004006
0.002955 0.003262
0.002955 0.003541
0.002955 0.004097
0.002950 0.004581
0.002948 0.003012
0.002948 0.003701
0.002947 0.004177
0.002945 0.004046
0.002944 0.004646
0.002943 0.003623
0.002942 0.004143
0.002941 0.003179
0.002940 0.003719
0.002940 0.002965
0.002938 0.004590
0.002937 0.003214
0.002932 0.004576
0.002929 0.004134
0.002927 0.004605
0.002927 0.002946
0.002925 0.005374
0.002923 0.006608
0.002920 0.006032
0.002918 0.003270
0.002917 0.003452
0.002916 0.004226
0.002916 0.003515
0.002914 0.003201
0.002913 0.003082
0.002908 0.003256
0.002907 0.004788
0.002904 0.002917
0.002903 0.002905
0.002902 0.003128
0.002901 0.003262
0.002900 0.003589
0.002898 0.004788
0.002896 0.002954
0.002895 0.003827
0.002894 0.003392
0.002894 0.003173
0.002893 0.003227
0.002893 0.003347
0.002892 0.003556
0.002891 0.003134
0.002889 0.005122
0.002888 0.004898
0.002886 0.004157
0.002886 0.003053
0.002879 0.003219
0.002878 0.004560
0.002878 0.005527
0.002877 0.004578
0.002875 0.003115
0.002871 0.003983
0.002870 0.002963
0.002868 0.003951
0.002865 0.003893
0.002862 0.003998
0.002860 0.003255
0.002860 0.004468
0.002856 0.003728
0.002854 0.003060
0.002853 0.005385
0.002851 0.006798
0.002849 0.004143
0.002848 0.003461
0.002847 0.003497
0.002846 0.003520
0.002846 0.002912
0.002845 0.003544
0.002844 0.002947
0.002843 0.003753
0.002842 0.003420
0.002840 0.003724
0.002836 0.003079
0.002835 0.004565
0.002832 0.004454
0.002832 0.003445
0.002831 0.004274
0.002830 0.002969
0.002829 0.003767
0.002829 0.004701
0.002827 0.004810
0.002827 0.003701
0.002823 0.002868
0.002820 0.004875
0.002818 0.006348
0.002817 0.003803
0.002817 0.005255
0.002814 0.003054
0.002814 0.003038
0.002814 0.004317
0.002813 0.003084
0.002810 0.005303
0.002808 0.004323
0.002804 0.002806
0.002803 0.003051
0.002801 0.005191
0.002798 0.002855
0.002797 0.002846
0.002797 0.003243
0.002797 0.004690
0.002796 0.003949
0.002795 0.003235
0.002795 0.004301
0.002794 0.002901
0.002791 0.004024
0.002791 0.005323
0.002789 0.003589
0.002788 0.004432
0.002787 0.002869
0.002784 0.004847
0.002782 0.006412
0.002782 0.002830
0.002781 0.003985
0.002778 0.002965
0.002777 0.003113
0.002777 0.002829
0.002777 0.003132
0.002774 0.004320
0.002773 0.002809
0.002773 0.002922
0.002773 0.005537
0.002771 0.004103
0.002764 0.003646
0.002764 0.002805
0.002763 0.004129
0.002762 0.004975
0.002759 0.004507
0.002758 0.003956
0.002757 0.002772
0.002755 0.005153
0.002755 0.007643
0.002747 0.003932
0.002747 0.005194
0.002746 0.002788
0.002746 0.003169
0.002745 0.003120
0.002745 0.002772
0.002738 0.003354
0.002736 0.003470
0.002735 0.002810
0.002730 0.003016
0.002730 0.004772
0.002728 0.005168
0.002728 0.003887
0.002727 0.003289
0.002727 0.003507
0.002724 0.002973
0.002722 0.002945
0.002722 0.004010
0.002715 0.003219
0.002714 0.004832
0.002713 0.003260
0.002713 0.003539
0.002713 0.002992
0.002712 0.003279
0.002710 0.003734
0.002708 0.003269
0.002707 0.002902
0.002706 0.002846
0.002704 0.003524
0.002701 0.002933
0.002701 0.002996
0.002701 0.003398
0.002700 0.003243
0.002698 0.002771
0.002696 0.002967
0.002696 0.004102
0.002695 0.003199
0.002690 0.002911
0.002686 0.002825
0.002685 0.003672
0.002684 0.002901
0.002683 0.005032
0.002681 0.002768
0.002675 0.002756
0.002675 0.003476
0.002674 0.003121
0.002669 0.002899
0.002664 0.003774
0.002664 0.002991
0.002659 0.004927
0.002657 0.004646
0.002656 0.002925
0.002655 0.005250
0.002653 0.003052
0.002652 0.005453
0.002651 0.003338
0.002648 0.003009
0.002647 0.003595
0.002647 0.002688
0.002644 0.002719
0.002642 0.002680
0.002640 0.005283
0.002639 0.003116
0.002638 0.003945
0.002637 0.003594
0.002637 0.003048
0.002633 0.002657
0.002632 0.004611
0.002631 0.002635
0.002631 0.004300
0.002631 0.002761
0.002630 0.002721
0.002628 0.003450
0.002628 0.003064
0.002626 0.003443
0.002626 0.004183
0.002625 0.004533
0.002624 0.003163
0.002624 0.002936
0.002620 0.005583
0.002618 0.002656
0.002618 0.004409
0.002617 0.002830
0.002614 0.003090
0.002612 0.002771
0.002611 0.003040
0.002611 0.003413
0.002609 0.003370
0.002608 0.003313
0.002601 0.002625
0.002600 0.002803
0.002600 0.002890
0.002598 0.003737
0.002595 0.002706
0.002594 0.005657
0.002594 0.002754
0.002593 0.003177
0.002592 0.003274
0.002590 0.003745
0.002586 0.003062
0.002585 0.002832
0.002585 0.004158
0.002585 0.002866
0.002582 0.004006
0.002579 0.004462
0.002579 0.003425
0.002578 0.002604
0.002573 0.002593
0.002570 0.003202
0.002570 0.003834
0.002567 0.004159
0.002566 0.005196
0.002566 0.003563
0.002563 0.003427
0.002557 0.002686
0.002556 0.006012
0.002555 0.004779
0.002554 0.005439
0.002554 0.004634
0.002553 0.003452
0.002553 0.005561
0.002551 0.002988
0.002549 0.002886
0.002549 0.003296
0.002545 0.005414
0.002541 0.003533
0.002537 0.002692
0.002535 0.002798
0.002534 0.002895
0.002526 0.003768
0.002526 0.003157
0.002521 0.002631
0.002519 0.002631
0.002517 0.003033
0.002512 0.003700
0.002510 0.003870
0.002509 0.002786
0.002504 0.005587
0.002503 0.002518
0.002500 0.002865
0.002500 0.003065
0.002498 0.002593
0.002497 0.003196
0.002495 0.003772
0.002492 0.002589
0.002486 0.002614
0.002486 0.002763
0.002483 0.002842
0.002482 0.003082
0.002481 0.002771
0.002476 0.002698
0.002476 0.002547
0.002475 0.005068
0.002474 0.002534
0.002474 0.004036
0.002473 0.002927
0.002473 0.002699
0.002468 0.003321
0.002466 0.002503
0.002463 0.003951
0.002462 0.003183
0.002462 0.003369
0.002454 0.002934
0.002453 0.002523
0.002451 0.005541
0.002450 0.002465
0.002447 0.002829
0.002447 0.003342
0.002447 0.002779
0.002446 0.002628
0.002446 0.002652
0.002440 0.002839
0.002439 0.002751
0.002437 0.002532
0.002433 0.002713
0.002432 0.003053
0.002432 0.004240
0.002429 0.005672
0.002426 0.002854
0.002426 0.004276
0.002426 0.006101
0.002421 0.004867
0.002415 0.003029
0.002414 0.004006
0.002407 0.002682
0.002405 0.003247
0.002399 0.003244
0.002397 0.002989
0.002394 0.002604
0.002393 0.002938
0.002388 0.003377
0.002387 0.003023
0.002385 0.002437
0.002384 0.002813
0.002382 0.003074
0.002381 0.002561
0.002380 0.002716
0.002379 0.003115
0.002372 0.002543
0.002368 0.002867
0.002362 0.002676
0.002362 0.002775
0.002361 0.002393
0.002360 0.002896
0.002358 0.002969
0.002353 0.002652
0.002351 0.003095
0.002349 0.002716
0.002341 0.004817
0.002337 0.002417
0.002336 0.003412
0.002333 0.002752
0.002333 0.002967
0.002331 0.002786
0.002331 0.003261
0.002330 0.002588
0.002328 0.002449
0.002323 0.002828
0.002323 0.003997
0.002322 0.002402
0.002322 0.002351
0.002321 0.002333
0.002320 0.003615
0.002317 0.002515
0.002317 0.003285
0.002315 0.002726
0.002315 0.002934
0.002315 0.002464
0.002314 0.002369
0.002314 0.004729
0.002314 0.002585
0.002313 0.002548
0.002312 0.002697
0.002311 0.002360
0.002310 0.003234
0.002309 0.002345
0.002309 0.003143
0.002308 0.002460
0.002305 0.002540
0.002304 0.002876
0.002302 0.002360
0.002296 0.003123
0.002295 0.006243
0.002291 0.002321
0.002291 0.002942
0.002289 0.003564
0.002288 0.002501
0.002283 0.002291
0.002280 0.002296
0.002279 0.002389
0.002273 0.003390
0.002268 0.003061
0.002263 0.005334
0.002258 0.002394
0.002254 0.003732
0.002253 0.003053
0.002250 0.002297
0.002249 0.002584
0.002248 0.004547
0.002244 0.002676
0.002241 0.002474
0.002240 0.003044
0.002240 0.002310
0.002239 0.002755
0.002238 0.002329
0.002237 0.002289
0.002231 0.002332
0.002225 0.002289
0.002223 0.002665
0.002220 0.002231
0.002219 0.002339
0.002216 0.002612
0.002212 0.002579
0.002211 0.002246
0.002210 0.002397
0.002204 0.002567
0.002203 0.002823
0.002202 0.002503
0.002200 0.002284
0.002200 0.003482
0.002196 0.002220
0.002188 0.003147
0.002186 0.002866
0.002181 0.002648
0.002179 0.002330
0.002178 0.002303
0.002178 0.002462
0.002175 0.002446
0.002173 0.004227
0.002171 0.002287
0.002171 0.002464
0.002170 0.002440
0.002170 0.002406
0.002166 0.002181
0.002162 0.003717
0.002158 0.002386
0.002156 0.002789
0.002154 0.002719
0.002154 0.002183
0.002151 0.003163
0.002148 0.002222
0.002147 0.003110
0.002147 0.002370
0.002140 0.002148
0.002134 0.002479
0.002118 0.002207
0.002116 0.002618
0.002108 0.002114
0.002108 0.002160
0.002106 0.002391
0.002105 0.002383
0.002102 0.002179
0.002096 0.002099
0.002094 0.002178
0.002090 0.002211
0.002088 0.002106
0.002086 0.002153
0.002085 0.003630
0.002084 0.002341
0.002081 0.002611
0.002080 0.002189
0.002078 0.002168
0.002071 0.002074
0.002067 0.002818
0.002067 0.002732
0.002060 0.002178
0.002050 0.002070
0.002050 0.002079
0.002047 0.002133
0.002045 0.002137
0.002045 0.002847
0.002042 0.002613
0.002041 0.002347
0.002040 0.003522
0.002039 0.002418
0.002038 0.002294
0.002036 0.002082
0.002035 0.002398
0.002034 0.002060
0.002034 0.002201
0.002033 0.002334
0.002032 0.002095
0.002029 0.002201
0.002023 0.002150
0.002019 0.003376
0.002011 0.002193
0.002010 0.002198
0.002009 0.003898
0.002007 0.002325
0.002006 0.002225
0.002006 0.002295
0.001995 0.002042
0.001993 0.002714
0.001992 0.002111
0.001989 0.002232
0.001983 0.002285
0.001982 0.002306
0.001977 0.002600
0.001971 0.002769
0.001970 0.002208
0.001952 0.001999
0.001941 0.002434
0.001941 0.002446
0.001937 0.003692
0.001923 0.002601
0.001904 0.002060
0.001904 0.002496
0.001902 0.001993
0.001899 0.002106
0.001895 0.002382
0.001891 0.002349
0.001890 0.002036
0.001886 0.002487
0.001881 0.001988
0.001879 0.002377
0.001865 0.002129
0.001863 0.001980
0.001858 0.002168
0.001856 0.001882
0.001855 0.002330
0.001853 0.003064
0.001853 0.001926
0.001852 0.001930
0.001848 0.002030
0.001848 0.002188
0.001844 0.002064
0.001843 0.002171
0.001843 0.001855
0.001841 0.002246
0.001834 0.001950
0.001819 0.001831
0.001817 0.002969
0.001792 0.001955
0.001790 0.001947
0.001784 0.001851
0.001782 0.001995
0.001780 0.002356
0.001776 0.001895
0.001771 0.002281
0.001764 0.002066
0.001755 0.002028
0.001739 0.002270
0.001734 0.002046
0.001727 0.001729
0.001718 0.002055
0.001713 0.001793
0.001710 0.001810
0.001701 0.001800
0.001688 0.001937
0.001678 0.002323
0.001654 0.001738
0.001651 0.001693
0.001650 0.001749
0.001613 0.001982
0.001612 0.001923
0.001609 0.001707
0.001599 0.002055
0.001583 0.001624
0.001568 0.001824
0.001564 0.002161
0.001558 0.001578
0.001558 0.001593
0.001553 0.001697
0.001542 0.001838
0.001536 0.001599
0.001532 0.001749
0.001499 0.001653
0.001491 0.001691
0.001486 0.001710
0.001482 0.001506
0.001477 0.001493
0.001469 0.001637
0.001469 0.001932
0.001397 0.001456
0.001391 0.001938
0.001366 0.001495
0.001360 0.001451
0.001337 0.001709
0.001324 0.001373
0.001319 0.001370
0.001293 0.001338
0.001292 0.001543
0.001287 0.001338
0.001283 0.001290
0.001276 0.001347
0.001219 0.001590
0.001138 0.001181
0.001089 0.001336
0.001066 0.001087
0.001066 0.001090
0.001030 0.001090
0.001010 0.001085
0.000951 0.001068
0.000593 0.000639
