0.183378 0.199776
0.141087 0.141454
0.121726 0.162023
0.103439 0.106911
0.090284 0.098924
0.082574 0.084405
0.078896 0.099679
0.078016 0.091634
0.075601 0.077595
0.075293 0.080175
0.069743 0.083481
0.068177 0.087370
0.067244 0.068385
0.066842 0.091193
0.066814 0.077244
0.065258 0.120719
0.064754 0.074652
0.062462 0.063248
0.062306 0.068072
0.061407 0.067542
0.060448 0.065388
0.057838 0.074967
0.057425 0.064487
0.055685 0.070663
0.055178 0.059471
0.053955 0.058941
0.051912 0.059608
0.051884 0.052219
0.050405 0.050876
0.049452 0.051144
0.048369 0.060524
0.047977 0.049459
0.047888 0.084765
0.047466 0.051888
0.047100 0.050927
0.046927 0.056686
0.045897 0.047685
0.045602 0.047342
0.044935 0.049737
0.044905 0.049885
0.043876 0.069103
0.043859 0.074455
0.043615 0.047221
0.043489 0.044123
0.041965 0.043067
0.041228 0.044968
0.041137 0.043058
0.040888 0.049647
0.040743 0.047955
0.040258 0.049595
0.040199 0.041082
0.040174 0.044472
0.039715 0.050799
0.039560 0.061648
0.039466 0.039570
0.039382 0.042188
0.039297 0.044592
0.039089 0.039805
0.038849 0.040540
0.038826 0.040311
0.038752 0.048523
0.038713 0.047129
0.038573 0.039138
0.038512 0.039233
0.038490 0.041489
0.038440 0.040024
0.038407 0.039080
0.038148 0.043238
0.037806 0.040478
0.037308 0.042344
0.037221 0.043946
0.037172 0.045666
0.037086 0.044459
0.036603 0.037350
0.036395 0.039822
0.035984 0.039731
0.035958 0.037017
0.035931 0.042342
0.035778 0.045726
0.035651 0.035758
0.035590 0.041435
0.035413 0.035754
0.035379 0.042516
0.035308 0.036963
0.035267 0.038369
0.034804 0.044902
0.034795 0.040920
0.034653 0.043294
0.034596 0.038218
0.034544 0.054040
0.034400 0.039089
0.034303 0.039791
0.033920 0.047000
0.033895 0.043076
0.033741 0.050994
0.033569 0.040099
0.033507 0.038133
0.033320 0.036038
0.033058 0.044055
0.032945 0.036296
0.032853 0.032945
0.032824 0.035682
0.032771 0.034724
0.032730 0.046228
0.032554 0.036036
0.032545 0.043386
0.032473 0.036506
0.032466 0.039313
0.032433 0.036391
0.032047 0.038895
0.032030 0.042342
0.031813 0.040973
0.031624 0.033904
0.031061 0.038064
0.030990 0.059227
0.030945 0.036164
0.030826 0.040404
0.030820 0.031716
0.030689 0.036906
0.030661 0.032481
0.030449 0.050586
0.030161 0.034007
0.030083 0.032561
0.030034 0.031601
0.029986 0.053252
0.029858 0.038455
0.029828 0.030258
0.029785 0.030683
0.029693 0.032446
0.029690 0.030237
0.029621 0.051121
0.029578 0.040227
0.029495 0.038066
0.029444 0.031724
0.029442 0.030315
0.029262 0.032253
0.029223 0.032081
0.029113 0.030729
0.029098 0.033325
0.029082 0.034284
0.028984 0.031305
0.028916 0.030989
0.028775 0.029783
0.028688 0.048809
0.028658 0.064417
0.028614 0.029919
0.028484 0.029997
0.028466 0.047507
0.028449 0.029986
0.028392 0.034665
0.028345 0.048977
0.028316 0.049194
0.028178 0.032367
0.028090 0.028336
0.028073 0.033970
0.028037 0.031116
0.028033 0.033125
0.027994 0.028705
0.027832 0.040245
0.027782 0.034023
0.027780 0.039931
0.027716 0.028851
0.027614 0.027656
0.027587 0.033657
0.027587 0.033392
0.027559 0.029847
0.027472 0.034907
0.027416 0.030530
0.027341 0.029135
0.027267 0.030931
0.027112 0.030507
0.027085 0.028783
0.027061 0.032380
0.027059 0.038201
0.026903 0.035369
0.026882 0.032335
0.026876 0.028967
0.026811 0.037736
0.026715 0.045673
0.026702 0.028767
0.026647 0.030656
0.026635 0.034396
0.026583 0.033120
0.026579 0.037647
0.026567 0.029743
0.026561 0.028890
0.026471 0.030778
0.026312 0.030369
0.026295 0.026473
0.026265 0.027424
0.026264 0.035806
0.026173 0.029266
0.026150 0.026423
0.026110 0.048086
0.026038 0.039254
0.025928 0.026912
0.025860 0.034526
0.025668 0.026068
0.025568 0.025578
0.025551 0.031367
0.025462 0.029963
0.025316 0.025366
0.025312 0.025572
0.025306 0.034402
0.025289 0.027254
0.025084 0.028252
0.024995 0.025948
0.024899 0.034059
0.024884 0.030613
0.024873 0.026071
0.024812 0.025538
0.024773 0.057675
0.024728 0.038030
0.024721 0.027611
0.024719 0.031560
0.024595 0.043910
0.024530 0.036614
0.024517 0.024613
0.024491 0.024755
0.024460 0.026265
0.024338 0.033829
0.024283 0.025617
0.024246 0.025192
0.024239 0.028984
0.024236 0.026833
0.024218 0.033807
0.024185 0.029072
0.024068 0.040123
0.024013 0.024518
0.024006 0.034398
0.023975 0.028080
0.023952 0.040285
0.023847 0.024024
0.023831 0.025422
0.023818 0.027538
0.023737 0.024792
0.023730 0.027737
0.023673 0.026378
0.023604 0.026782
0.023557 0.027179
0.023454 0.023949
0.023326 0.023701
0.023299 0.027082
0.023282 0.024340
0.023135 0.031661
0.023124 0.023319
0.023104 0.024057
0.022948 0.032754
0.022908 0.026522
0.022853 0.036903
0.022820 0.026024
0.022737 0.024180
0.022727 0.027581
0.022689 0.022814
0.022664 0.034038
0.022621 0.029391
0.022612 0.023361
0.022547 0.033157
0.022490 0.026231
0.022386 0.026020
0.022379 0.023963
0.022332 0.025051
0.022303 0.022846
0.022303 0.023306
0.022252 0.036671
0.022169 0.022751
0.022165 0.030199
0.022100 0.028295
0.022081 0.024900
0.021932 0.021992
0.021908 0.023025
0.021903 0.051069
0.021877 0.026427
0.021844 0.022853
0.021844 0.030372
0.021766 0.029817
0.021728 0.024437
0.021634 0.037935
0.021609 0.021929
0.021606 0.028710
0.021576 0.022517
0.021563 0.031746
0.021507 0.022841
0.021489 0.023449
0.021466 0.026844
0.021402 0.032109
0.021377 0.030228
0.021368 0.023652
0.021336 0.022831
0.021289 0.023737
0.021268 0.021588
0.021205 0.022257
0.021181 0.029425
0.021126 0.030450
0.021018 0.033036
0.021008 0.030070
0.020998 0.036566
0.020930 0.034733
0.020927 0.021657
0.020868 0.022174
0.020854 0.025536
0.020839 0.023401
0.020800 0.022285
0.020751 0.020965
0.020718 0.024000
0.020654 0.028215
0.020630 0.021371
0.020551 0.033716
0.020475 0.020665
0.020438 0.025082
0.020438 0.028449
0.020388 0.022307
0.020374 0.026712
0.020353 0.022266
0.020329 0.026155
0.020270 0.031923
0.020254 0.022094
0.020237 0.034052
0.020177 0.036106
0.020173 0.023477
0.020171 0.023768
0.020141 0.027290
0.020122 0.020737
0.020115 0.020312
0.020052 0.022393
0.020039 0.020722
0.020002 0.022074
0.019872 0.021188
0.019862 0.038142
0.019853 0.022737
0.019759 0.027205
0.019758 0.028300
0.019746 0.024249
0.019739 0.030332
0.019719 0.024411
0.019719 0.029929
0.019707 0.023105
0.019694 0.024725
0.019690 0.022112
0.019651 0.026497
0.019596 0.026510
0.019545 0.025501
0.019540 0.020202
0.019485 0.027103
0.019480 0.021995
0.019456 0.037451
0.019426 0.021600
0.019424 0.020079
0.019419 0.029344
0.019382 0.029170
0.019294 0.028600
0.019149 0.020752
0.019145 0.030490
0.019118 0.020408
0.019013 0.030335
0.018999 0.022248
0.018953 0.021597
0.018938 0.023337
0.018903 0.025303
0.018788 0.020118
0.018773 0.020102
0.018720 0.030101
0.018719 0.024645
0.018712 0.023099
0.018711 0.020360
0.018684 0.018966
0.018679 0.026549
0.018665 0.039067
0.018636 0.025813
0.018624 0.018676
0.018558 0.028406
0.018521 0.018584
0.018507 0.021129
0.018497 0.046148
0.018459 0.022173
0.018445 0.022530
0.018443 0.022119
0.018420 0.023359
0.018392 0.023781
0.018353 0.018808
0.018337 0.019355
0.018324 0.018397
0.018310 0.023857
0.018286 0.023534
0.018257 0.021261
0.018237 0.026928
0.018219 0.028649
0.018198 0.023257
0.018182 0.021025
0.018169 0.018218
0.018146 0.035751
0.018145 0.025480
0.018139 0.021321
0.018128 0.018668
0.018079 0.020232
0.018064 0.018672
0.018026 0.023522
0.018025 0.021156
0.018020 0.018863
0.018009 0.029138
0.017981 0.025740
0.017963 0.019289
0.017954 0.023282
0.017936 0.022311
0.017931 0.027004
0.017889 0.018773
0.017886 0.018664
0.017874 0.020105
0.017860 0.025879
0.017835 0.022344
0.017821 0.034811
0.017815 0.019730
0.017814 0.027590
0.017788 0.027166
0.017780 0.018337
0.017744 0.021171
0.017700 0.019899
0.017696 0.019408
0.017684 0.020014
0.017663 0.022553
0.017662 0.018608
0.017656 0.022491
0.017595 0.019268
0.017571 0.022493
0.017568 0.030517
0.017526 0.026267
0.017524 0.021567
0.017508 0.019411
0.017507 0.018649
0.017467 0.019709
0.017432 0.031766
0.017395 0.023011
0.017361 0.017515
0.017341 0.019903
0.017339 0.020635
0.017317 0.018905
0.017315 0.033011
0.017315 0.019872
0.017309 0.024021
0.017290 0.023736
0.017274 0.018720
0.017237 0.018204
0.017234 0.017629
0.017220 0.017700
0.017213 0.017412
0.017212 0.017497
0.017197 0.027493
0.017147 0.017489
0.017138 0.022660
0.017114 0.020069
0.017098 0.017214
0.017091 0.019008
0.017090 0.017884
0.017057 0.017769
0.017054 0.020949
0.017003 0.018977
0.017000 0.017660
0.016999 0.017687
0.016999 0.018079
0.016977 0.017731
0.016945 0.018814
0.016917 0.017692
0.016903 0.021993
0.016824 0.018632
0.016750 0.020874
0.016749 0.018141
0.016720 0.018043
0.016697 0.020774
0.016684 0.017095
0.016683 0.020146
0.016650 0.020708
0.016636 0.030681
0.016632 0.017944
0.016620 0.017926
0.016610 0.019598
0.016577 0.019211
0.016556 0.018061
0.016554 0.017958
0.016553 0.018825
0.016542 0.017952
0.016541 0.021480
0.016538 0.027049
0.016531 0.017179
0.016524 0.031542
0.016493 0.018460
0.016470 0.029706
0.016469 0.018501
0.016463 0.016630
0.016417 0.037806
0.016369 0.017151
0.016352 0.022772
0.016340 0.017208
0.016325 0.016400
0.016283 0.018148
0.016259 0.017576
0.016258 0.018297
0.016195 0.018607
0.016153 0.020174
0.016133 0.018020
0.016121 0.017721
0.016104 0.016638
0.016051 0.016382
0.016045 0.018580
0.016045 0.019763
0.015989 0.016408
0.015981 0.017197
0.015979 0.023466
0.015956 0.016321
0.015947 0.022779
0.015850 0.015996
0.015763 0.016798
0.015752 0.018700
0.015725 0.023746
0.015719 0.018833
0.015706 0.021655
0.015704 0.020024
0.015682 0.035009
0.015670 0.016829
0.015651 0.015937
0.015610 0.018228
0.015600 0.015756
0.015589 0.017350
0.015577 0.015578
0.015558 0.018412
0.015554 0.015691
0.015548 0.016298
0.015505 0.016825
0.015504 0.025648
0.015503 0.016685
0.015457 0.024353
0.015423 0.015503
0.015391 0.019409
0.015371 0.016844
0.015355 0.016552
0.015337 0.021640
0.015332 0.018722
0.015310 0.029146
0.015310 0.016244
0.015308 0.017261
0.015302 0.016246
0.015302 0.026593
0.015258 0.029090
0.015255 0.017209
0.015245 0.024423
0.015214 0.017141
0.015186 0.015757
0.015172 0.015846
0.015162 0.024967
0.015140 0.018771
0.015134 0.017607
0.015129 0.017942
0.015066 0.017841
0.015066 0.015652
0.015057 0.020025
0.015042 0.016326
0.015040 0.016341
0.015028 0.015564
0.014996 0.018977
0.014987 0.017628
0.014952 0.017072
0.014944 0.016520
0.014930 0.023919
0.014929 0.024920
0.014924 0.022808
0.014914 0.022067
0.014872 0.017537
0.014869 0.015092
0.014868 0.016592
0.014865 0.017986
0.014830 0.023433
0.014829 0.016579
0.014817 0.019206
0.014804 0.018312
0.014727 0.021159
0.014721 0.015033
0.014714 0.024808
0.014694 0.022450
0.014682 0.016974
0.014680 0.021238
0.014675 0.019778
0.014651 0.015521
0.014625 0.020687
0.014622 0.016717
0.014619 0.021831
0.014613 0.014656
0.014608 0.016229
0.014593 0.019999
0.014590 0.017477
0.014580 0.015852
0.014552 0.016052
0.014541 0.017835
0.014524 0.014674
0.014508 0.015730
0.014501 0.016342
0.014493 0.018337
0.014468 0.015882
0.014463 0.014513
0.014443 0.015435
0.014436 0.018010
0.014435 0.020379
0.014425 0.015718
0.014420 0.018640
0.014414 0.020846
0.014400 0.017506
0.014397 0.020468
0.014365 0.015499
0.014362 0.024282
0.014360 0.014563
0.014350 0.014504
0.014329 0.014938
0.014303 0.015535
0.014297 0.014486
0.014280 0.016222
0.014274 0.022442
0.014273 0.016528
0.014266 0.026448
0.014247 0.017179
0.014236 0.015423
0.014235 0.017677
0.014225 0.017211
0.014195 0.018072
0.014194 0.014367
0.014190 0.020939
0.014178 0.015793
0.014176 0.014751
0.014161 0.015097
0.014153 0.015265
0.014133 0.015028
0.014133 0.018036
0.014126 0.016292
0.014126 0.015231
0.014097 0.014891
0.014094 0.015417
0.014093 0.017792
0.014090 0.025639
0.014084 0.014739
0.014083 0.015123
0.014054 0.014244
0.014053 0.014525
0.014052 0.022319
0.014044 0.016609
0.014022 0.024559
0.013995 0.018043
0.013995 0.016777
0.013987 0.015895
0.013956 0.019286
0.013953 0.027889
0.013950 0.019095
0.013943 0.016362
0.013942 0.016337
0.013941 0.015703
0.013921 0.028844
0.013915 0.020695
0.013905 0.014005
0.013902 0.014992
0.013893 0.018341
0.013891 0.014546
0.013869 0.016790
0.013826 0.018915
0.013810 0.014141
0.013798 0.019794
0.013781 0.014047
0.013776 0.016239
0.013776 0.018414
0.013764 0.015428
0.013749 0.016299
0.013744 0.016321
0.013741 0.014563
0.013733 0.024761
0.013718 0.017379
0.013714 0.014353
0.013703 0.031569
0.013695 0.014490
0.013690 0.016649
0.013685 0.015811
0.013680 0.017339
0.013678 0.017139
0.013670 0.013694
0.013647 0.019039
0.013641 0.032001
0.013631 0.014331
0.013624 0.018909
0.013617 0.015903
0.013612 0.014331
0.013609 0.015703
0.013608 0.021784
0.013607 0.014535
0.013599 0.016466
0.013561 0.014725
0.013561 0.016076
0.013553 0.015175
0.013510 0.016190
0.013506 0.016441
0.013492 0.013715
0.013490 0.014070
0.013480 0.014258
0.013468 0.028317
0.013463 0.015120
0.013463 0.015532
0.013454 0.015602
0.013448 0.014847
0.013447 0.024365
0.013436 0.014160
0.013424 0.028370
0.013418 0.013830
0.013414 0.014273
0.013413 0.014067
0.013401 0.021524
0.013364 0.018990
0.013361 0.014166
0.013357 0.013972
0.013353 0.015721
0.013351 0.015955
0.013345 0.019885
0.013340 0.013361
0.013327 0.014223
0.013322 0.017557
0.013310 0.019256
0.013310 0.013501
0.013303 0.016074
0.013300 0.015676
0.013299 0.016483
0.013293 0.015441
0.013283 0.018581
0.013283 0.014217
0.013209 0.013927
0.013185 0.013319
0.013181 0.014713
0.013164 0.013434
0.013118 0.014044
0.013115 0.028666
0.013085 0.014335
0.013085 0.014609
0.013073 0.013458
0.013041 0.020467
0.013030 0.013650
0.013009 0.025956
0.013000 0.017230
0.013000 0.014861
0.012980 0.014786
0.012972 0.017407
0.012965 0.014166
0.012962 0.016194
0.012954 0.021598
0.012934 0.019847
0.012931 0.015300
0.012922 0.016843
0.012912 0.017001
0.012903 0.016651
0.012882 0.014022
0.012871 0.015414
0.012864 0.014634
0.012857 0.018340
0.012854 0.015417
0.012819 0.013772
0.012815 0.022860
0.012812 0.012966
0.012799 0.013112
0.012788 0.013684
0.012787 0.014305
0.012778 0.013774
0.012769 0.013550
0.012766 0.013689
0.012754 0.013309
0.012751 0.013916
0.012717 0.015232
0.012706 0.014702
0.012701 0.012741
0.012695 0.014033
0.012688 0.014140
0.012682 0.013038
0.012664 0.013442
0.012636 0.025444
0.012602 0.022240
0.012601 0.021357
0.012589 0.014009
0.012582 0.018232
0.012581 0.020119
0.012579 0.016358
0.012576 0.013143
0.012548 0.012955
0.012540 0.014190
0.012538 0.012949
0.012520 0.013494
0.012518 0.014981
0.012505 0.012865
0.012472 0.013692
0.012460 0.015731
0.012451 0.017324
0.012443 0.014502
0.012391 0.017051
0.012380 0.013590
0.012380 0.013537
0.012379 0.014911
0.012353 0.015217
0.012332 0.016334
0.012326 0.013350
0.012321 0.020345
0.012317 0.013284
0.012317 0.012747
0.012316 0.014628
0.012311 0.016913
0.012311 0.014381
0.012290 0.013341
0.012284 0.014807
0.012282 0.017684
0.012267 0.016828
0.012258 0.012732
0.012251 0.014491
0.012250 0.018650
0.012247 0.017615
0.012232 0.012894
0.012225 0.013229
0.012221 0.012882
0.012218 0.012697
0.012217 0.012425
0.012216 0.019085
0.012205 0.016751
0.012203 0.012348
0.012203 0.018178
0.012200 0.014351
0.012153 0.013488
0.012126 0.016473
0.012124 0.013321
0.012117 0.017417
0.012110 0.012307
0.012104 0.013420
0.012067 0.012548
0.012061 0.012898
0.012053 0.015359
0.012045 0.012930
0.012040 0.014889
0.012037 0.020481
0.012032 0.015241
0.012030 0.013219
0.012023 0.013517
0.012009 0.012579
0.012007 0.018196
0.012004 0.021178
0.011995 0.013551
0.011987 0.012674
0.011985 0.013802
0.011969 0.014486
0.011968 0.014549
0.011968 0.011999
0.011960 0.012860
0.011957 0.016259
0.011935 0.014053
0.011929 0.013394
0.011904 0.013350
0.011900 0.013530
0.011899 0.012741
0.011893 0.014067
0.011881 0.013285
0.011875 0.013217
0.011866 0.018073
0.011865 0.017591
0.011862 0.012624
0.011853 0.013363
0.011850 0.012654
0.011847 0.014881
0.011845 0.021042
0.011822 0.020979
0.011820 0.018805
0.011818 0.014804
0.011814 0.018813
0.011814 0.012140
0.011814 0.015854
0.011807 0.015021
0.011805 0.011848
0.011802 0.024219
0.011797 0.014558
0.011791 0.012389
0.011790 0.012344
0.011788 0.014477
0.011787 0.012273
0.011786 0.011829
0.011775 0.012115
0.011774 0.015350
0.011757 0.012086
0.011740 0.012872
0.011727 0.019148
0.011726 0.015449
0.011721 0.011849
0.011720 0.011905
0.011715 0.020581
0.011686 0.012265
0.011680 0.016683
0.011671 0.014884
0.011670 0.014846
0.011670 0.014866
0.011657 0.014175
0.011655 0.014417
0.011654 0.015724
0.011626 0.024101
0.011620 0.013237
0.011612 0.013441
0.011608 0.012805
0.011606 0.015125
0.011566 0.014515
0.011564 0.022495
0.011557 0.014389
0.011537 0.012583
0.011531 0.012573
0.011526 0.018517
0.011509 0.012125
0.011490 0.013090
0.011442 0.022146
0.011441 0.015084
0.011431 0.012391
0.011430 0.013800
0.011427 0.011620
0.011425 0.016455
0.011421 0.014676
0.011385 0.012133
0.011380 0.014185
0.011376 0.013077
0.011373 0.012163
0.011364 0.015519
0.011357 0.015538
0.011340 0.015481
0.011335 0.012240
0.011328 0.019492
0.011322 0.012505
0.011302 0.011664
0.011286 0.011509
0.011275 0.012448
0.011260 0.013671
0.011260 0.019606
0.011258 0.011921
0.011243 0.011525
0.011232 0.019228
0.011225 0.011571
0.011220 0.013568
0.011197 0.014150
0.011193 0.011914
0.011190 0.024484
0.011183 0.015525
0.011172 0.011436
0.011168 0.019565
0.011168 0.011949
0.011161 0.015495
0.011153 0.016434
0.011142 0.012729
0.011131 0.011612
0.011107 0.024306
0.011106 0.011856
0.011105 0.012824
0.011094 0.011332
0.011086 0.025710
0.011082 0.013149
0.011078 0.021734
0.011074 0.011797
0.011071 0.012115
0.011070 0.011217
0.011063 0.012922
0.011049 0.013223
0.011043 0.011185
0.011035 0.013189
0.011031 0.011868
0.011002 0.015240
0.011002 0.014445
0.010995 0.011178
0.010986 0.018089
0.010985 0.017082
0.010984 0.015410
0.010977 0.013254
0.010974 0.014980
0.010974 0.011046
0.010948 0.011053
0.010944 0.012669
0.010944 0.014548
0.010935 0.013288
0.010921 0.011559
0.010919 0.013647
0.010915 0.015613
0.010908 0.014189
0.010901 0.019670
0.010896 0.011705
0.010880 0.013441
0.010872 0.013660
0.010864 0.012773
0.010863 0.011260
0.010860 0.013301
0.010859 0.014452
0.010858 0.011426
0.010854 0.011276
0.010844 0.012003
0.010837 0.012458
0.010831 0.011943
0.010830 0.012272
0.010825 0.011783
0.010824 0.012422
0.010821 0.017052
0.010818 0.012636
0.010812 0.015761
0.010811 0.011520
0.010806 0.012048
0.010806 0.014078
0.010805 0.012311
0.010803 0.011661
0.010791 0.012566
0.010789 0.013014
0.010774 0.012067
0.010773 0.011044
0.010769 0.010791
0.010769 0.011023
0.010767 0.012922
0.010764 0.011203
0.010758 0.011296
0.010757 0.011333
0.010756 0.011103
0.010739 0.011625
0.010711 0.010920
0.010711 0.014561
0.010700 0.019171
0.010699 0.018522
0.010696 0.017578
0.010695 0.012422
0.010692 0.020082
0.010689 0.015856
0.010681 0.014944
0.010662 0.014422
0.010654 0.014584
0.010648 0.012391
0.010648 0.014025
0.010628 0.012737
0.010625 0.013405
0.010619 0.011021
0.010619 0.015804
0.010617 0.013115
0.010606 0.012154
0.010600 0.015403
0.010599 0.011177
0.010599 0.011225
0.010592 0.015210
0.010586 0.011850
0.010584 0.011575
0.010583 0.013441
0.010579 0.013186
0.010573 0.010632
0.010568 0.014673
0.010563 0.015590
0.010546 0.010635
0.010542 0.012989
0.010541 0.010807
0.010539 0.010567
0.010524 0.011869
0.010520 0.013144
0.010507 0.011978
0.010503 0.011982
0.010500 0.012433
0.010498 0.010547
0.010489 0.010636
0.010483 0.010552
0.010483 0.011646
0.010482 0.013682
0.010468 0.013706
0.010466 0.012506
0.010466 0.012018
0.010452 0.010928
0.010448 0.011474
0.010443 0.017186
0.010442 0.013157
0.010442 0.013972
0.010441 0.018860
0.010433 0.011259
0.010403 0.010549
0.010390 0.019024
0.010359 0.011029
0.010359 0.010564
0.010358 0.016249
0.010351 0.013251
0.010340 0.010580
0.010338 0.010760
0.010336 0.013305
0.010333 0.015560
0.010322 0.012077
0.010319 0.010523
0.010318 0.013051
0.010313 0.017263
0.010312 0.013145
0.010310 0.014318
0.010305 0.012494
0.010293 0.011158
0.010293 0.010678
0.010287 0.015514
0.010286 0.012444
0.010275 0.012768
0.010274 0.013135
0.010268 0.010436
0.010259 0.018504
0.010254 0.010662
0.010253 0.014789
0.010252 0.011830
0.010250 0.017035
0.010247 0.011951
0.010247 0.010778
0.010242 0.011269
0.010237 0.011829
0.010230 0.010474
0.010229 0.010783
0.010222 0.013039
0.010220 0.014895
0.010207 0.011751
0.010190 0.010492
0.010186 0.011611
0.010183 0.012401
0.010182 0.011021
0.010169 0.010612
0.010169 0.010471
0.010164 0.013229
0.010161 0.017527
0.010159 0.014376
0.010135 0.015406
0.010133 0.012006
0.010131 0.010193
0.010126 0.012382
0.010121 0.013589
0.010119 0.014487
0.010118 0.010484
0.010111 0.010262
0.010107 0.012464
0.010095 0.011201
0.010091 0.010409
0.010086 0.013923
0.010084 0.011838
0.010071 0.013091
0.010069 0.011744
0.010056 0.016008
0.010048 0.022770
0.010048 0.010300
0.010043 0.010796
0.010038 0.011490
0.010036 0.010786
0.010021 0.011171
0.010020 0.013523
0.010018 0.012024
0.010018 0.011347
0.010017 0.010376
0.010012 0.015085
0.009999 0.013564
0.009995 0.012056
0.009992 0.010145
0.009986 0.010936
0.009985 0.010034
0.009975 0.014960
0.009963 0.015868
0.009963 0.010030
0.009922 0.018051
0.009916 0.010895
0.009912 0.023320
0.009909 0.010559
0.009893 0.018052
0.009892 0.013422
0.009884 0.011613
0.009878 0.012360
0.009873 0.011493
0.009867 0.011949
0.009865 0.010331
0.009861 0.014600
0.009860 0.011286
0.009858 0.010315
0.009846 0.013191
0.009844 0.012754
0.009839 0.012238
0.009839 0.014769
0.009835 0.018886
0.009833 0.012505
0.009831 0.012398
0.009829 0.011152
0.009827 0.011823
0.009824 0.021590
0.009813 0.012112
0.009812 0.012293
0.009811 0.011297
0.009804 0.010036
0.009799 0.009967
0.009796 0.023001
0.009775 0.010436
0.009775 0.011900
0.009771 0.012767
0.009771 0.011656
0.009764 0.016789
0.009764 0.011144
0.009763 0.018072
0.009757 0.010520
0.009750 0.010052
0.009747 0.012484
0.009743 0.011564
0.009743 0.014748
0.009740 0.010440
0.009739 0.009881
0.009738 0.023953
0.009732 0.015478
0.009728 0.014056
0.009727 0.011752
0.009722 0.010768
0.009708 0.013874
0.009701 0.010771
0.009696 0.014296
0.009690 0.010843
0.009686 0.019769
0.009685 0.009938
0.009680 0.012414
0.009680 0.012371
0.009675 0.012754
0.009673 0.009730
0.009672 0.011608
0.009650 0.010656
0.009646 0.011888
0.009644 0.020171
0.009643 0.012572
0.009637 0.010537
0.009633 0.016559
0.009629 0.023393
0.009628 0.011550
0.009620 0.010667
0.009615 0.019491
0.009609 0.010573
0.009605 0.010777
0.009597 0.009731
0.009585 0.010204
0.009579 0.010764
0.009574 0.010125
0.009570 0.010220
0.009555 0.014612
0.009552 0.010132
0.009546 0.009987
0.009541 0.015111
0.009539 0.010231
0.009537 0.009718
0.009531 0.010825
0.009522 0.009748
0.009517 0.010742
0.009516 0.010060
0.009507 0.009522
0.009495 0.012836
0.009493 0.012595
0.009493 0.009831
0.009488 0.011225
0.009471 0.009903
0.009453 0.010241
0.009442 0.019418
0.009440 0.012218
0.009438 0.009959
0.009428 0.010307
0.009408 0.009708
0.009407 0.013590
0.009406 0.012329
0.009403 0.009642
0.009403 0.009845
0.009385 0.010153
0.009383 0.012436
0.009370 0.009725
0.009367 0.009669
0.009362 0.010079
0.009362 0.009681
0.009361 0.010343
0.009352 0.009397
0.009349 0.010895
0.009343 0.010761
0.009330 0.009953
0.009322 0.009498
0.009321 0.011235
0.009317 0.016331
0.009314 0.013894
0.009312 0.009709
0.009309 0.009837
0.009307 0.009561
0.009304 0.013926
0.009304 0.010468
0.009301 0.009641
0.009299 0.012642
0.009296 0.009420
0.009296 0.010116
0.009293 0.009858
0.009291 0.009482
0.009291 0.009511
0.009290 0.010648
0.009284 0.014768
0.009281 0.012790
0.009278 0.011986
0.009271 0.010281
0.009263 0.015730
0.009252 0.014079
0.009249 0.015600
0.009240 0.009518
0.009238 0.016491
0.009237 0.017087
0.009232 0.013281
0.009229 0.011687
0.009215 0.013016
0.009212 0.013422
0.009197 0.012129
0.009195 0.011244
0.009180 0.011359
0.009167 0.010784
0.009165 0.013529
0.009160 0.011108
0.009147 0.013464
0.009137 0.010696
0.009127 0.009295
0.009126 0.016488
0.009121 0.013074
0.009119 0.009202
0.009118 0.019576
0.009113 0.010679
0.009113 0.009491
0.009106 0.016136
0.009106 0.016948
0.009105 0.010277
0.009102 0.009140
0.009092 0.009661
0.009084 0.014639
0.009084 0.010045
0.009077 0.009774
0.009073 0.011679
0.009071 0.017263
0.009064 0.013203
0.009060 0.014441
0.009058 0.009202
0.009050 0.009329
0.009048 0.010151
0.009048 0.013575
0.009046 0.012642
0.009044 0.013563
0.009041 0.009988
0.009038 0.009254
0.009038 0.010190
0.009031 0.018110
0.009020 0.009639
0.009019 0.011045
0.009019 0.009999
0.009017 0.009265
0.009006 0.009189
0.009004 0.009286
0.009001 0.009806
0.008983 0.009202
0.008982 0.010160
0.008968 0.009003
0.008966 0.013535
0.008964 0.010742
0.008961 0.013176
0.008954 0.011075
0.008951 0.012767
0.008950 0.009892
0.008950 0.009140
0.008949 0.010344
0.008948 0.014179
0.008948 0.011543
0.008946 0.008950
0.008938 0.010793
0.008937 0.010603
0.008934 0.010393
0.008925 0.011089
0.008920 0.009930
0.008915 0.009603
0.008913 0.013117
0.008912 0.014477
0.008901 0.014548
0.008896 0.009867
0.008895 0.010390
0.008893 0.010503
0.008891 0.021996
0.008888 0.009034
0.008886 0.017823
0.008883 0.018036
0.008881 0.008949
0.008879 0.017943
0.008878 0.010141
0.008875 0.009728
0.008868 0.011055
0.008866 0.013724
0.008858 0.014203
0.008850 0.013265
0.008846 0.013690
0.008844 0.009301
0.008827 0.016778
0.008821 0.011560
0.008820 0.017539
0.008813 0.008948
0.008811 0.009075
0.008811 0.009331
0.008806 0.012439
0.008795 0.011970
0.008788 0.012232
0.008780 0.011328
0.008778 0.009596
0.008775 0.013526
0.008773 0.016360
0.008751 0.010298
0.008751 0.013012
0.008745 0.009999
0.008733 0.009278
0.008732 0.009079
0.008730 0.009350
0.008726 0.008962
0.008726 0.011707
0.008722 0.008785
0.008713 0.015242
0.008713 0.010393
0.008696 0.008771
0.008692 0.009543
0.008691 0.009834
0.008691 0.010142
0.008690 0.008973
0.008688 0.009918
0.008683 0.015616
0.008674 0.011628
0.008668 0.009605
0.008662 0.015535
0.008649 0.013364
0.008634 0.013403
0.008625 0.008960
0.008623 0.009848
0.008617 0.009039
0.008616 0.008972
0.008597 0.008620
0.008593 0.008759
0.008585 0.009928
0.008576 0.010166
0.008570 0.011617
0.008566 0.011628
0.008557 0.017498
0.008554 0.010085
0.008551 0.011221
0.008548 0.010829
0.008537 0.020206
0.008534 0.014966
0.008519 0.008519
0.008511 0.011831
0.008497 0.008600
0.008482 0.009938
0.008478 0.008602
0.008461 0.008811
0.008461 0.014006
0.008456 0.012250
0.008448 0.009350
0.008444 0.008942
0.008444 0.012496
0.008430 0.014876
0.008428 0.010931
0.008428 0.018050
0.008421 0.009496
0.008411 0.008828
0.008408 0.009954
0.008400 0.010804
0.008400 0.008728
0.008390 0.008420
0.008383 0.009251
0.008373 0.017126
0.008371 0.011041
0.008362 0.010733
0.008355 0.008762
0.008354 0.010432
0.008354 0.013879
0.008353 0.010076
0.008346 0.008917
0.008342 0.008714
0.008341 0.008607
0.008341 0.009821
0.008333 0.009417
0.008332 0.009106
0.008332 0.009911
0.008326 0.010340
0.008317 0.009271
0.008308 0.011671
0.008299 0.013475
0.008296 0.010255
0.008296 0.011776
0.008287 0.009198
0.008280 0.008541
0.008277 0.010075
0.008265 0.013164
0.008262 0.009865
0.008260 0.008447
0.008256 0.009373
0.008254 0.008324
0.008241 0.008612
0.008238 0.014144
0.008226 0.010357
0.008211 0.011172
0.008205 0.008916
0.008196 0.008623
0.008195 0.009370
0.008195 0.008257
0.008189 0.011455
0.008188 0.010827
0.008183 0.010113
0.008181 0.012072
0.008175 0.008605
0.008168 0.008549
0.008165 0.010562
0.008165 0.008786
0.008161 0.008358
0.008158 0.008653
0.008156 0.011722
0.008154 0.010524
0.008144 0.012692
0.008144 0.008449
0.008138 0.012632
0.008130 0.010928
0.008129 0.009823
0.008128 0.011087
0.008115 0.008315
0.008114 0.010256
0.008106 0.008218
0.008105 0.009607
0.008099 0.011556
0.008086 0.008657
0.008078 0.013185
0.008074 0.011768
0.008063 0.008148
0.008058 0.008710
0.008057 0.010248
0.008052 0.010930
0.008051 0.009068
0.008050 0.009341
0.008046 0.011018
0.008042 0.008759
0.008041 0.009162
0.008040 0.008695
0.008036 0.008082
0.008027 0.008051
0.008019 0.008358
0.008018 0.010167
0.008016 0.008953
0.008014 0.011296
0.008014 0.009407
0.008011 0.009369
0.008005 0.008154
0.008004 0.010234
0.008000 0.008444
0.007983 0.008914
0.007982 0.009344
0.007980 0.008700
0.007979 0.009554
0.007978 0.008202
0.007975 0.008884
0.007961 0.012079
0.007960 0.010066
0.007954 0.015488
0.007946 0.018301
0.007926 0.007960
0.007925 0.007991
0.007922 0.009316
0.007918 0.007941
0.007908 0.013601
0.007905 0.009499
0.007898 0.008823
0.007895 0.008015
0.007895 0.009243
0.007892 0.010509
0.007890 0.008350
0.007863 0.009188
0.007857 0.010812
0.007850 0.011354
0.007848 0.008341
0.007845 0.009298
0.007845 0.008255
0.007843 0.008230
0.007839 0.011556
0.007834 0.007881
0.007830 0.015970
0.007830 0.010892
0.007827 0.015333
0.007827 0.008202
0.007826 0.010491
0.007824 0.007920
0.007818 0.009586
0.007815 0.009064
0.007801 0.014143
0.007797 0.011893
0.007796 0.008326
0.007784 0.011901
0.007780 0.011176
0.007774 0.010646
0.007774 0.009317
0.007773 0.007833
0.007772 0.008630
0.007770 0.015953
0.007769 0.012132
0.007768 0.008035
0.007768 0.007935
0.007766 0.011662
0.007764 0.008052
0.007762 0.007766
0.007762 0.012006
0.007760 0.011287
0.007754 0.015237
0.007753 0.009456
0.007748 0.012298
0.007747 0.008941
0.007746 0.008670
0.007744 0.009881
0.007742 0.009949
0.007736 0.008134
0.007730 0.007848
0.007726 0.010961
0.007724 0.010599
0.007723 0.008118
0.007721 0.013050
0.007710 0.008141
0.007709 0.009205
0.007707 0.008134
0.007705 0.007975
0.007705 0.007996
0.007696 0.008739
0.007693 0.008878
0.007691 0.011294
0.007676 0.009622
0.007675 0.009835
0.007674 0.016113
0.007662 0.010740
0.007650 0.008097
0.007648 0.008387
0.007647 0.012945
0.007643 0.007847
0.007636 0.007870
0.007631 0.007702
0.007629 0.017837
0.007623 0.007641
0.007618 0.011484
0.007614 0.010587
0.007607 0.009359
0.007604 0.015986
0.007595 0.008706
0.007574 0.010162
0.007573 0.007654
0.007572 0.011293
0.007572 0.008026
0.007569 0.009100
0.007555 0.009796
0.007553 0.010285
0.007552 0.008803
0.007550 0.007764
0.007548 0.009441
0.007537 0.011071
0.007536 0.007822
0.007535 0.007979
0.007534 0.007736
0.007533 0.007921
0.007532 0.013973
0.007531 0.009461
0.007526 0.013131
0.007525 0.011465
0.007513 0.013224
0.007504 0.008534
0.007504 0.008810
0.007497 0.007713
0.007497 0.010000
0.007496 0.007772
0.007494 0.008479
0.007490 0.008266
0.007485 0.008639
0.007485 0.008776
0.007485 0.008719
0.007483 0.010531
0.007483 0.007501
0.007482 0.010518
0.007480 0.010383
0.007474 0.010229
0.007473 0.007936
0.007473 0.009790
0.007464 0.008415
0.007463 0.009071
0.007458 0.008015
0.007457 0.010187
0.007457 0.009018
0.007450 0.009149
0.007440 0.009215
0.007436 0.008275
0.007435 0.008312
0.007434 0.007750
0.007433 0.012535
0.007432 0.010848
0.007428 0.008022
0.007428 0.011157
0.007416 0.008190
0.007414 0.010183
0.007412 0.013350
0.007406 0.012075
0.007406 0.008210
0.007404 0.008674
0.007403 0.008147
0.007400 0.007862
0.007395 0.015180
0.007388 0.011442
0.007386 0.008745
0.007386 0.009954
0.007380 0.007443
0.007351 0.013265
0.007347 0.009742
0.007347 0.007692
0.007343 0.011274
0.007338 0.007501
0.007328 0.011405
0.007326 0.008716
0.007324 0.008501
0.007323 0.008997
0.007322 0.007820
0.007322 0.008561
0.007319 0.014126
0.007315 0.009851
0.007312 0.008969
0.007312 0.009827
0.007309 0.011147
0.007304 0.007476
0.007304 0.008314
0.007301 0.010030
0.007294 0.010805
0.007290 0.014741
0.007289 0.007561
0.007286 0.007431
0.007275 0.008778
0.007272 0.007299
0.007271 0.007519
0.007269 0.008492
0.007259 0.010481
0.007254 0.009927
0.007251 0.007382
0.007250 0.007634
0.007248 0.008180
0.007244 0.010462
0.007241 0.013544
0.007240 0.007636
0.007236 0.008328
0.007235 0.007499
0.007229 0.007340
0.007221 0.012251
0.007219 0.008839
0.007217 0.007640
0.007213 0.007933
0.007212 0.009679
0.007211 0.007588
0.007209 0.008619
0.007206 0.007854
0.007204 0.008127
0.007198 0.007331
0.007197 0.007523
0.007192 0.007318
0.007192 0.007417
0.007184 0.008229
0.007174 0.015869
0.007169 0.008115
0.007169 0.007962
0.007169 0.013634
0.007165 0.009300
0.007162 0.007369
0.007155 0.007674
0.007148 0.011582
0.007144 0.010834
0.007144 0.011604
0.007139 0.008093
0.007135 0.007828
0.007134 0.007170
0.007131 0.011182
0.007131 0.009005
0.007125 0.010414
0.007119 0.007319
0.007114 0.007926
0.007112 0.012056
0.007110 0.007682
0.007109 0.007734
0.007107 0.014624
0.007106 0.007242
0.007100 0.007474
0.007099 0.007155
0.007099 0.007415
0.007096 0.008363
0.007094 0.009213
0.007094 0.008117
0.007084 0.007325
0.007082 0.007852
0.007082 0.007319
0.007080 0.007926
0.007074 0.014577
0.007071 0.008113
0.007069 0.011484
0.007067 0.008593
0.007066 0.007486
0.007063 0.013650
0.007061 0.007678
0.007047 0.007074
0.007044 0.007341
0.007042 0.008408
0.007042 0.009351
0.007040 0.007708
0.007039 0.007149
0.007037 0.011151
0.007036 0.010612
0.007028 0.009524
0.007015 0.009703
0.007015 0.012515
0.007015 0.007261
0.007012 0.007785
0.007009 0.013745
0.007005 0.007161
0.007005 0.008170
0.007005 0.007524
0.006996 0.010421
0.006994 0.007405
0.006994 0.007687
0.006994 0.007414
0.006987 0.007621
0.006987 0.008992
0.006983 0.007784
0.006976 0.007432
0.006971 0.007277
0.006971 0.008012
0.006970 0.007121
0.006969 0.007875
0.006961 0.009132
0.006958 0.007731
0.006957 0.010170
0.006954 0.010244
0.006954 0.012200
0.006953 0.009432
0.006949 0.009165
0.006948 0.007440
0.006948 0.007364
0.006942 0.008147
0.006939 0.009090
0.006938 0.007383
0.006935 0.010387
0.006927 0.008864
0.006922 0.007507
0.006920 0.009435
0.006913 0.006928
0.006908 0.011260
0.006908 0.007315
0.006907 0.008605
0.006883 0.009547
0.006882 0.008990
0.006877 0.008094
0.006877 0.007202
0.006868 0.007319
0.006867 0.009346
0.006860 0.007199
0.006858 0.007554
0.006856 0.009017
0.006855 0.007065
0.006854 0.010721
0.006853 0.007601
0.006853 0.009697
0.006849 0.007500
0.006849 0.007175
0.006846 0.011885
0.006842 0.007121
0.006837 0.008113
0.006834 0.007427
0.006832 0.006897
0.006830 0.006997
0.006827 0.007124
0.006825 0.007481
0.006824 0.008899
0.006819 0.013952
0.006814 0.007853
0.006812 0.006884
0.006805 0.008249
0.006805 0.007709
0.006796 0.010624
0.006793 0.007228
0.006786 0.007799
0.006776 0.008687
0.006761 0.008145
0.006759 0.008864
0.006747 0.014455
0.006743 0.007289
0.006738 0.011371
0.006738 0.007847
0.006736 0.011173
0.006736 0.007152
0.006736 0.008249
0.006735 0.009103
0.006734 0.007826
0.006733 0.008927
0.006733 0.007459
0.006730 0.013100
0.006729 0.007979
0.006729 0.007122
0.006728 0.008841
0.006724 0.011632
0.006721 0.007345
0.006718 0.007000
0.006717 0.009814
0.006711 0.007467
0.006709 0.008134
0.006706 0.015127
0.006706 0.007104
0.006706 0.007036
0.006704 0.008286
0.006701 0.007992
0.006696 0.010778
0.006694 0.006754
0.006693 0.013040
0.006686 0.008872
0.006685 0.007766
0.006685 0.006971
0.006684 0.007259
0.006682 0.007103
0.006682 0.007329
0.006681 0.015286
0.006678 0.011051
0.006676 0.006969
0.006676 0.007814
0.006676 0.007894
0.006673 0.008985
0.006672 0.009784
0.006667 0.008668
0.006665 0.007598
0.006662 0.008928
0.006656 0.009915
0.006656 0.007079
0.006652 0.008968
0.006650 0.007894
0.006646 0.007602
0.006644 0.009831
0.006636 0.010854
0.006626 0.008652
0.006624 0.008032
0.006623 0.007821
0.006622 0.007947
0.006614 0.007176
0.006609 0.011648
0.006608 0.008498
0.006607 0.008634
0.006601 0.007237
0.006597 0.008371
0.006592 0.007703
0.006592 0.007178
0.006582 0.007760
0.006579 0.007172
0.006579 0.006989
0.006576 0.006958
0.006573 0.006728
0.006568 0.007622
0.006565 0.010042
0.006564 0.007256
0.006559 0.008851
0.006558 0.007724
0.006551 0.007198
0.006548 0.010255
0.006547 0.008199
0.006546 0.007766
0.006540 0.007967
0.006530 0.009758
0.006530 0.006801
0.006520 0.008303
0.006515 0.007496
0.006515 0.009746
0.006511 0.010416
0.006510 0.009342
0.006500 0.007922
0.006498 0.007023
0.006495 0.011334
0.006492 0.007971
0.006487 0.006581
0.006487 0.007713
0.006481 0.011016
0.006480 0.009733
0.006476 0.007541
0.006473 0.009088
0.006469 0.010158
0.006469 0.006538
0.006469 0.008915
0.006465 0.008245
0.006465 0.006609
0.006462 0.007793
0.006462 0.007595
0.006462 0.006999
0.006460 0.010194
0.006456 0.008814
0.006454 0.011746
0.006451 0.011213
0.006444 0.007125
0.006444 0.007704
0.006441 0.008109
0.006441 0.008984
0.006440 0.006479
0.006435 0.010269
0.006429 0.007968
0.006426 0.010562
0.006423 0.013077
0.006420 0.011322
0.006419 0.012060
0.006418 0.010155
0.006412 0.007468
0.006409 0.007023
0.006408 0.009004
0.006408 0.010041
0.006406 0.007854
0.006404 0.006736
0.006403 0.008015
0.006402 0.006823
0.006401 0.006422
0.006400 0.007032
0.006399 0.008839
0.006389 0.006973
0.006388 0.007046
0.006387 0.006749
0.006385 0.006552
0.006377 0.006977
0.006377 0.006455
0.006375 0.010072
0.006375 0.007278
0.006375 0.007941
0.006374 0.006727
0.006373 0.012548
0.006372 0.006484
0.006372 0.007070
0.006363 0.006593
0.006360 0.006401
0.006357 0.007659
0.006354 0.007335
0.006353 0.007669
0.006348 0.008013
0.006346 0.006837
0.006345 0.006349
0.006342 0.008512
0.006339 0.006975
0.006337 0.007477
0.006333 0.008080
0.006331 0.006650
0.006328 0.006640
0.006327 0.006865
0.006326 0.009377
0.006320 0.008090
0.006320 0.011553
0.006318 0.008901
0.006317 0.008125
0.006316 0.007147
0.006315 0.007495
0.006312 0.010639
0.006312 0.006382
0.006309 0.008609
0.006303 0.006657
0.006301 0.006713
0.006294 0.006967
0.006293 0.007844
0.006287 0.006371
0.006285 0.008035
0.006283 0.007894
0.006274 0.008314
0.006273 0.006686
0.006272 0.006991
0.006272 0.007561
0.006272 0.007515
0.006270 0.010776
0.006266 0.006755
0.006265 0.009031
0.006261 0.007123
0.006259 0.009513
0.006252 0.009104
0.006250 0.007211
0.006250 0.006659
0.006249 0.006681
0.006244 0.006589
0.006230 0.007499
0.006229 0.009177
0.006228 0.007334
0.006228 0.009150
0.006223 0.007336
0.006221 0.007695
0.006219 0.008537
0.006216 0.010402
0.006215 0.009932
0.006212 0.006323
0.006212 0.007993
0.006211 0.007015
0.006201 0.007317
0.006201 0.011604
0.006200 0.007672
0.006198 0.007351
0.006195 0.006309
0.006193 0.007473
0.006188 0.006769
0.006188 0.010628
0.006187 0.006634
0.006186 0.008106
0.006184 0.007080
0.006184 0.007872
0.006182 0.006281
0.006176 0.009141
0.006174 0.009863
0.006165 0.012192
0.006164 0.007357
0.006161 0.008634
0.006159 0.009019
0.006149 0.013135
0.006148 0.008855
0.006145 0.007582
0.006142 0.008068
0.006133 0.008653
0.006132 0.006829
0.006132 0.008283
0.006130 0.008958
0.006128 0.006889
0.006128 0.006814
0.006127 0.011034
0.006119 0.006650
0.006117 0.009266
0.006110 0.006297
0.006110 0.007915
0.006106 0.007083
0.006105 0.011133
0.006097 0.015603
0.006092 0.007699
0.006091 0.016190
0.006090 0.007035
0.006089 0.006464
0.006087 0.006554
0.006078 0.012134
0.006072 0.007551
0.006065 0.008646
0.006061 0.007894
0.006061 0.007000
0.006056 0.006234
0.006055 0.011125
0.006054 0.008058
0.006052 0.006593
0.006047 0.006064
0.006047 0.009688
0.006045 0.009857
0.006044 0.006582
0.006044 0.007410
0.006041 0.006554
0.006032 0.006808
0.006032 0.006462
0.006023 0.009016
0.006020 0.009429
0.006018 0.006089
0.006017 0.007459
0.006017 0.007211
0.006016 0.006246
0.006015 0.008639
0.006007 0.012037
0.006003 0.006179
0.006003 0.012284
0.005988 0.006688
0.005979 0.008311
0.005978 0.012621
0.005975 0.006735
0.005968 0.007999
0.005959 0.008305
0.005957 0.006056
0.005954 0.010632
0.005950 0.006863
0.005949 0.008322
0.005945 0.006225
0.005945 0.009839
0.005945 0.006239
0.005940 0.006999
0.005940 0.006491
0.005939 0.011689
0.005930 0.007237
0.005930 0.006782
0.005926 0.012302
0.005924 0.007067
0.005917 0.009896
0.005916 0.012817
0.005913 0.007413
0.005911 0.006672
0.005909 0.011188
0.005907 0.006191
0.005906 0.006400
0.005902 0.007695
0.005899 0.006402
0.005895 0.007512
0.005893 0.007032
0.005887 0.009859
0.005879 0.009988
0.005879 0.006550
0.005873 0.009721
0.005872 0.007385
0.005872 0.010942
0.005872 0.007445
0.005871 0.006026
0.005869 0.007606
0.005859 0.006991
0.005856 0.009236
0.005845 0.007580
0.005843 0.006662
0.005840 0.007795
0.005834 0.006815
0.005831 0.009688
0.005830 0.007804
0.005829 0.012231
0.005828 0.008478
0.005819 0.006528
0.005813 0.012540
0.005812 0.009481
0.005812 0.006234
0.005809 0.010804
0.005804 0.007192
0.005802 0.008104
0.005790 0.006343
0.005787 0.005966
0.005784 0.005883
0.005784 0.009860
0.005783 0.006379
0.005778 0.011598
0.005778 0.006216
0.005776 0.006133
0.005772 0.007782
0.005765 0.007444
0.005763 0.006315
0.005762 0.006697
0.005758 0.009605
0.005754 0.007280
0.005753 0.005899
0.005753 0.007399
0.005751 0.006804
0.005743 0.005747
0.005741 0.006398
0.005741 0.005842
0.005740 0.006972
0.005738 0.006194
0.005738 0.008237
0.005735 0.011893
0.005733 0.006154
0.005731 0.009660
0.005730 0.006647
0.005729 0.009499
0.005719 0.007285
0.005717 0.008124
0.005716 0.006693
0.005713 0.007760
0.005713 0.006455
0.005712 0.010042
0.005712 0.006628
0.005702 0.007721
0.005699 0.006698
0.005692 0.005704
0.005685 0.006714
0.005680 0.006324
0.005678 0.007372
0.005677 0.007814
0.005674 0.006199
0.005671 0.006892
0.005671 0.007232
0.005669 0.005844
0.005667 0.005982
0.005656 0.011964
0.005651 0.008219
0.005650 0.008141
0.005648 0.006198
0.005644 0.007512
0.005638 0.006686
0.005629 0.006713
0.005624 0.010321
0.005624 0.006680
0.005620 0.005723
0.005618 0.007180
0.005617 0.006426
0.005612 0.009862
0.005606 0.005678
0.005598 0.006020
0.005591 0.006634
0.005589 0.005930
0.005587 0.006274
0.005584 0.006134
0.005575 0.006320
0.005570 0.006548
0.005569 0.005916
0.005563 0.005774
0.005560 0.007451
0.005556 0.008105
0.005555 0.006995
0.005554 0.012197
0.005551 0.006020
0.005550 0.009731
0.005543 0.009308
0.005533 0.006375
0.005526 0.006918
0.005525 0.006054
0.005521 0.005729
0.005520 0.006178
0.005520 0.006485
0.005517 0.009349
0.005515 0.005829
0.005515 0.007129
0.005512 0.006563
0.005510 0.009465
0.005508 0.005873
0.005506 0.010605
0.005503 0.006041
0.005502 0.008156
0.005493 0.008779
0.005490 0.007458
0.005484 0.005934
0.005477 0.007855
0.005475 0.005827
0.005471 0.011932
0.005469 0.005511
0.005469 0.006624
0.005464 0.008311
0.005463 0.007667
0.005462 0.012136
0.005450 0.009169
0.005443 0.005514
0.005440 0.006556
0.005434 0.005560
0.005433 0.007469
0.005431 0.005546
0.005418 0.008700
0.005414 0.008077
0.005414 0.005599
0.005413 0.005481
0.005412 0.008238
0.005409 0.007399
0.005407 0.005417
0.005401 0.005498
0.005400 0.008123
0.005399 0.005993
0.005398 0.007115
0.005396 0.007372
0.005396 0.006890
0.005396 0.007568
0.005390 0.005423
0.005386 0.006674
0.005385 0.005825
0.005384 0.006551
0.005384 0.007914
0.005384 0.005500
0.005373 0.006214
0.005367 0.007662
0.005366 0.007200
0.005364 0.005645
0.005364 0.006840
0.005361 0.005542
0.005360 0.006369
0.005356 0.006950
0.005355 0.008319
0.005354 0.006833
0.005350 0.009335
0.005349 0.006552
0.005348 0.005587
0.005348 0.009761
0.005346 0.008505
0.005344 0.006926
0.005336 0.005748
0.005330 0.010321
0.005328 0.009019
0.005324 0.006763
0.005318 0.006098
0.005316 0.005860
0.005313 0.011604
0.005312 0.010226
0.005309 0.006497
0.005302 0.005928
0.005299 0.006674
0.005299 0.005771
0.005298 0.007753
0.005296 0.005679
0.005295 0.009848
0.005294 0.007413
0.005287 0.006776
0.005284 0.008033
0.005283 0.005608
0.005280 0.007610
0.005277 0.009043
0.005275 0.005937
0.005274 0.008167
0.005273 0.006136
0.005272 0.005510
0.005267 0.005511
0.005265 0.005295
0.005255 0.005563
0.005255 0.005562
0.005254 0.006193
0.005249 0.012043
0.005245 0.007268
0.005239 0.008195
0.005238 0.008440
0.005231 0.007830
0.005225 0.007953
0.005225 0.005375
0.005222 0.005429
0.005218 0.006687
0.005210 0.005821
0.005206 0.005578
0.005206 0.006149
0.005203 0.007440
0.005202 0.010827
0.005200 0.005894
0.005197 0.007378
0.005190 0.006359
0.005187 0.006631
0.005183 0.005531
0.005176 0.006368
0.005172 0.011009
0.005168 0.006391
0.005168 0.006763
0.005167 0.006679
0.005162 0.005505
0.005157 0.005198
0.005154 0.005385
0.005153 0.006159
0.005150 0.006815
0.005148 0.008444
0.005143 0.005966
0.005137 0.006500
0.005137 0.006684
0.005135 0.006811
0.005133 0.008221
0.005130 0.007631
0.005130 0.005957
0.005129 0.005149
0.005128 0.005456
0.005124 0.006888
0.005120 0.005488
0.005119 0.007308
0.005116 0.005256
0.005113 0.005223
0.005102 0.011428
0.005100 0.007333
0.005099 0.005563
0.005098 0.008882
0.005092 0.008334
0.005084 0.006399
0.005079 0.006132
0.005075 0.005980
0.005063 0.008928
0.005062 0.005897
0.005054 0.006453
0.005053 0.005092
0.005047 0.007150
0.005044 0.005141
0.005040 0.005165
0.005038 0.006689
0.005035 0.005547
0.005035 0.005302
0.005026 0.008023
0.005024 0.009339
0.005023 0.005868
0.005015 0.005282
0.005014 0.011182
0.005007 0.005256
0.005006 0.006265
0.005001 0.006035
0.004997 0.005109
0.004996 0.005662
0.004990 0.005128
0.004982 0.005206
0.004975 0.005454
0.004975 0.009471
0.004971 0.007805
0.004965 0.005092
0.004960 0.005194
0.004958 0.005414
0.004950 0.009635
0.004950 0.005328
0.004943 0.005013
0.004943 0.006562
0.004938 0.005803
0.004931 0.005394
0.004929 0.006306
0.004929 0.005697
0.004928 0.005861
0.004924 0.004936
0.004922 0.004974
0.004920 0.006737
0.004920 0.005083
0.004918 0.004973
0.004917 0.005078
0.004904 0.005741
0.004904 0.005606
0.004902 0.008500
0.004901 0.006060
0.004899 0.005499
0.004897 0.007355
0.004890 0.006785
0.004886 0.005061
0.004883 0.009964
0.004875 0.004973
0.004870 0.004873
0.004867 0.006192
0.004867 0.005122
0.004862 0.005577
0.004860 0.006450
0.004850 0.005237
0.004849 0.005183
0.004848 0.005848
0.004848 0.005058
0.004847 0.005450
0.004847 0.004886
0.004843 0.005425
0.004839 0.005020
0.004836 0.008147
0.004835 0.010043
0.004832 0.005689
0.004832 0.006276
0.004831 0.005991
0.004830 0.005872
0.004828 0.007921
0.004828 0.005012
0.004827 0.007072
0.004827 0.005162
0.004827 0.006413
0.004825 0.004890
0.004825 0.007788
0.004820 0.004858
0.004817 0.005087
0.004810 0.006394
0.004806 0.006546
0.004805 0.005845
0.004802 0.005755
0.004797 0.004907
0.004789 0.010380
0.004781 0.005130
0.004779 0.005624
0.004777 0.008176
0.004762 0.005499
0.004759 0.006190
0.004758 0.004763
0.004753 0.005001
0.004753 0.007213
0.004753 0.004986
0.004748 0.005103
0.004727 0.008351
0.004726 0.006277
0.004722 0.004724
0.004716 0.006288
0.004713 0.007012
0.004703 0.004708
0.004689 0.008921
0.004689 0.004837
0.004678 0.008116
0.004672 0.004856
0.004671 0.004869
0.004668 0.006260
0.004665 0.005146
0.004662 0.005259
0.004659 0.004709
0.004649 0.005287
0.004646 0.006153
0.004646 0.004867
0.004639 0.004672
0.004634 0.009087
0.004631 0.008698
0.004626 0.007968
0.004624 0.008383
0.004609 0.007548
0.004601 0.005446
0.004592 0.005434
0.004580 0.004903
0.004579 0.004613
0.004579 0.008089
0.004568 0.004703
0.004559 0.004775
0.004554 0.004880
0.004553 0.006560
0.004539 0.008490
0.004538 0.009065
0.004534 0.005469
0.004531 0.005818
0.004531 0.007703
0.004530 0.004550
0.004529 0.004956
0.004528 0.005801
0.004509 0.006975
0.004496 0.007269
0.004493 0.004608
0.004488 0.004540
0.004487 0.004876
0.004483 0.005219
0.004480 0.005024
0.004471 0.005325
0.004456 0.007058
0.004435 0.005253
0.004400 0.004773
0.004390 0.006883
0.004363 0.006851
0.004363 0.004843
0.004356 0.005512
0.004354 0.004647
0.004351 0.007989
0.004350 0.005530
0.004345 0.004611
0.004335 0.004344
0.004330 0.004565
0.004327 0.004549
0.004325 0.004716
0.004322 0.004527
0.004322 0.004495
0.004318 0.004530
0.004315 0.004328
0.004312 0.004551
0.004305 0.005386
0.004303 0.007804
0.004288 0.004917
0.004276 0.007464
0.004276 0.004506
0.004275 0.004962
0.004272 0.004849
0.004265 0.004293
0.004256 0.004664
0.004252 0.004369
0.004251 0.004537
0.004241 0.004809
0.004231 0.004547
0.004213 0.004339
0.004208 0.005322
0.004206 0.004979
0.004201 0.005130
0.004175 0.004897
0.004175 0.004533
0.004168 0.006189
0.004162 0.005455
0.004152 0.005005
0.004152 0.004221
0.004134 0.007977
0.004130 0.004418
0.004114 0.004253
0.004103 0.005234
0.004095 0.004555
0.004082 0.004731
0.004081 0.004100
0.004075 0.005660
0.004072 0.004427
0.004070 0.005177
0.004068 0.004597
0.004064 0.005334
0.004062 0.004462
0.004061 0.004958
0.004057 0.004218
0.004051 0.005089
0.004043 0.005720
0.004039 0.004197
0.004020 0.004304
0.004006 0.004152
0.003996 0.004114
0.003987 0.004136
0.003970 0.004178
0.003956 0.006168
0.003924 0.004522
0.003916 0.004945
0.003907 0.004860
0.003904 0.004246
0.003891 0.004082
0.003886 0.004218
0.003884 0.004317
0.003865 0.004733
0.003860 0.004011
0.003824 0.005164
0.003797 0.005575
0.003787 0.004087
0.003774 0.004308
0.003745 0.004081
0.003740 0.004078
0.003724 0.004476
0.003704 0.004712
0.003696 0.004204
0.003678 0.005007
0.003649 0.003881
0.003640 0.003700
0.003630 0.005096
0.003628 0.004203
0.003615 0.004465
0.003609 0.003704
0.003608 0.004148
0.003571 0.004309
0.003556 0.005077
0.003553 0.003817
0.003520 0.005131
0.003509 0.004124
0.003467 0.004254
0.003455 0.004171
0.003450 0.003798
0.003406 0.003588
0.003402 0.003408
0.003379 0.004234
0.003340 0.003535
0.003331 0.003680
0.003326 0.003904
0.003285 0.004675
0.003275 0.003912
0.003242 0.004865
0.003214 0.003879
0.003201 0.004373
0.003180 0.003292
0.003146 0.003266
0.003141 0.003322
0.003102 0.003578
0.003063 0.004069
0.003000 0.003323
0.002966 0.003002
0.002836 0.003145
0.002830 0.002967
0.002824 0.003225
0.002789 0.003031
0.002783 0.002814
0.002773 0.003003
0.002516 0.002744
0.002483 0.002612
0.002473 0.002970
0.002452 0.002462
0.002337 0.002358
0.002300 0.002309
0.002287 0.003091
0.002212 0.002702
0.002066 0.002186
0.001979 0.002310
0.001504 0.001572
0.000916 0.000986
