0.729412 0.976376
0.192706 0.209444
0.179909 0.180227
0.168501 0.170871
0.163035 0.163906
0.158914 0.169404
0.158850 0.168661
0.148517 0.163965
0.146915 0.148338
0.135796 0.141094
0.134853 0.140001
0.134701 0.137591
0.134469 0.136794
0.129426 0.129785
0.126310 0.130601
0.118455 0.127430
0.117241 0.118512
0.116938 0.119155
0.115280 0.119258
0.114590 0.120584
0.113829 0.114698
0.107512 0.112003
0.104940 0.107714
0.100244 0.103004
0.099129 0.101539
0.098854 0.103467
0.097868 0.101429
0.097070 0.100445
0.096143 0.098473
0.095562 0.103403
0.091996 0.094143
0.090560 0.096586
0.090350 0.090946
0.089407 0.092045
0.087535 0.092490
0.087381 0.088370
0.087088 0.089501
0.085463 0.086858
0.084871 0.093564
0.084844 0.086975
0.083753 0.084108
0.082130 0.082462
0.080629 0.091277
0.075673 0.078262
0.062345 0.062351
