0.133917 0.141968
0.130938 0.162159
0.126273 0.174594
0.123184 0.139573
0.122788 0.142563
0.121838 0.135542
0.114958 0.155395
0.111490 0.178505
0.102540 0.131960
0.096149 0.176796
0.092981 0.093326
0.091250 0.093411
0.084674 0.108320
0.084556 0.102648
0.079257 0.082158
0.079064 0.084946
0.078860 0.137223
0.077995 0.096067
0.076100 0.115582
0.074062 0.090546
0.072512 0.117408
0.072184 0.113286
0.071863 0.083679
0.071274 0.077827
0.069670 0.099842
0.067490 0.074497
0.066113 0.069913
0.064699 0.078457
0.064074 0.102934
0.063216 0.064914
0.062284 0.067789
0.060688 0.072906
0.059724 0.070116
0.058930 0.061310
0.058070 0.059929
0.056858 0.069079
0.055671 0.069882
0.053817 0.055983
0.053016 0.074314
0.052343 0.077102
0.052017 0.055560
0.047606 0.061829
0.047476 0.086195
0.047188 0.059231
0.046085 0.051326
0.046075 0.051767
0.045628 0.047162
0.045564 0.057237
0.045558 0.046374
0.045026 0.046089
0.044971 0.059119
0.043846 0.092634
0.043826 0.045042
0.043669 0.058962
0.043644 0.054717
0.042853 0.070451
0.042815 0.052787
0.042814 0.059103
0.042726 0.058387
0.042485 0.043114
0.041629 0.043210
0.041037 0.045876
0.040864 0.078860
0.040754 0.047354
0.040436 0.044865
0.039993 0.066532
0.039208 0.042382
0.039057 0.039733
0.038802 0.039615
0.038741 0.043090
0.038544 0.038983
0.038238 0.047085
0.038108 0.038466
0.037783 0.056801
0.037161 0.040951
0.036801 0.041354
0.036312 0.043511
0.036277 0.040783
0.035897 0.035920
0.035802 0.037380
0.035269 0.037566
0.035166 0.037170
0.035164 0.037644
0.034045 0.040829
0.033848 0.033878
0.033827 0.041117
0.033743 0.048545
0.033308 0.034811
0.032524 0.034172
0.032482 0.036506
0.031911 0.043669
0.031873 0.032451
0.031760 0.039071
0.031739 0.033199
0.031619 0.031820
0.031010 0.034679
0.030347 0.032519
0.030299 0.031623
0.030012 0.033643
0.029434 0.037345
0.029412 0.030606
0.029379 0.033290
0.028908 0.029916
0.028767 0.033841
0.028686 0.030975
0.028514 0.035598
0.028471 0.028923
0.028439 0.030180
0.028191 0.029337
0.027836 0.029425
0.027140 0.033950
0.026670 0.037516
0.026461 0.027535
0.026216 0.037160
0.025988 0.029845
0.025849 0.045375
0.025794 0.033055
0.025622 0.031542
0.025491 0.044205
0.025448 0.030803
0.025292 0.032197
0.025094 0.028238
0.024991 0.033605
0.024800 0.026954
0.024790 0.026064
0.024765 0.032095
0.024726 0.025403
0.024541 0.038252
0.024248 0.025397
0.024199 0.028379
0.024066 0.025732
0.024025 0.026754
0.023969 0.025136
0.023936 0.029464
0.023793 0.025154
0.023280 0.023901
0.023277 0.026632
0.023274 0.023572
0.023160 0.025904
0.022755 0.023918
0.022377 0.022890
0.022220 0.029756
0.022118 0.023136
0.022017 0.028149
0.021738 0.025134
0.021699 0.032899
0.021446 0.028281
0.021418 0.021941
0.021202 0.041294
0.020956 0.020974
0.020914 0.037205
0.020801 0.022895
0.020663 0.021519
0.020633 0.022406
0.020230 0.022676
0.019975 0.023951
0.019591 0.020215
0.019477 0.026022
0.019333 0.031015
0.018785 0.023587
0.018747 0.018851
0.018624 0.019721
0.018491 0.019424
0.018488 0.021208
0.018474 0.019895
0.018443 0.019188
0.018362 0.025207
0.018321 0.019719
0.018222 0.026199
0.018057 0.018297
0.018004 0.021083
0.017797 0.020612
0.017597 0.017739
0.017554 0.019275
0.017547 0.018510
0.017481 0.017967
0.017480 0.019772
0.017438 0.018086
0.017366 0.026586
0.017285 0.018357
0.017098 0.019316
0.016879 0.019479
0.016729 0.017413
0.016546 0.017170
0.016537 0.016972
0.016526 0.021113
0.016439 0.019499
0.016421 0.024917
0.016293 0.024135
0.016101 0.016176
0.015851 0.015931
0.015845 0.017292
0.015822 0.017569
0.015768 0.017721
0.015575 0.015961
0.015545 0.017684
0.015523 0.018527
0.015393 0.015970
0.015325 0.016303
0.015237 0.017417
0.015220 0.016353
0.015218 0.015265
0.015160 0.019768
0.015146 0.017725
0.015065 0.016254
0.014957 0.022055
0.014898 0.015129
0.014866 0.023931
0.014821 0.016992
0.014789 0.015671
0.014736 0.015369
0.014698 0.016531
0.014522 0.016382
0.014498 0.018535
0.014400 0.015543
0.014390 0.015811
0.014248 0.014248
0.014222 0.017116
0.014216 0.015458
0.014090 0.015349
0.014036 0.015758
0.014019 0.018301
0.013963 0.015311
0.013893 0.017489
0.013874 0.015338
0.013873 0.015553
0.013810 0.014385
0.013788 0.014320
0.013680 0.013829
0.013667 0.013919
0.013631 0.014348
0.013623 0.016388
0.013473 0.017301
0.013330 0.014289
0.013162 0.014981
0.013150 0.014063
0.013127 0.013832
0.013103 0.014733
0.012972 0.015231
0.012933 0.015474
0.012910 0.013610
0.012894 0.013593
0.012889 0.017818
0.012792 0.014478
0.012762 0.014548
0.012657 0.014355
0.012582 0.015111
0.012578 0.014253
0.012576 0.012768
0.012542 0.012677
0.012529 0.018042
0.012499 0.014821
0.012387 0.012769
0.012335 0.013077
0.012312 0.028373
0.012143 0.013506
0.012129 0.013292
0.012098 0.014144
0.012096 0.014499
0.012088 0.013499
0.012062 0.013866
0.012045 0.021508
0.012015 0.016661
0.012012 0.015910
0.011991 0.014800
0.011924 0.013051
0.011901 0.013450
0.011898 0.012722
0.011876 0.012650
0.011863 0.013402
0.011862 0.012490
0.011854 0.011963
0.011839 0.013988
0.011821 0.012073
0.011778 0.012030
0.011764 0.029483
0.011739 0.012814
0.011735 0.015307
0.011710 0.012447
0.011706 0.012286
0.011702 0.020591
0.011699 0.021805
0.011665 0.012742
0.011664 0.013466
0.011648 0.012395
0.011587 0.012160
0.011560 0.014171
0.011518 0.011527
0.011515 0.014232
0.011513 0.017827
0.011495 0.019696
0.011493 0.015893
0.011399 0.014219
0.011379 0.011659
0.011361 0.015833
0.011355 0.011884
0.011349 0.016841
0.011320 0.017723
0.011318 0.011324
0.011304 0.011914
0.011240 0.013176
0.011234 0.011281
0.011214 0.014449
0.011201 0.011600
0.011190 0.016521
0.011127 0.017754
0.011097 0.021488
0.011093 0.011233
0.011087 0.011212
0.011080 0.011610
0.011043 0.012192
0.011013 0.027038
0.010998 0.016845
0.010995 0.011229
0.010972 0.019120
0.010969 0.011466
0.010959 0.014367
0.010917 0.011317
0.010911 0.012834
0.010908 0.015860
0.010877 0.014225
0.010874 0.011839
0.010873 0.012411
0.010866 0.014458
0.010849 0.011193
0.010822 0.011874
0.010813 0.011620
0.010764 0.013987
0.010751 0.012467
0.010728 0.013198
0.010715 0.010835
0.010705 0.010927
0.010682 0.011208
0.010672 0.011391
0.010656 0.011195
0.010646 0.011324
0.010638 0.012116
0.010607 0.013166
0.010596 0.011800
0.010548 0.015561
0.010484 0.012872
0.010466 0.013183
0.010449 0.011438
0.010446 0.011459
0.010426 0.010803
0.010418 0.011678
0.010415 0.012381
0.010383 0.011264
0.010377 0.013994
0.010354 0.014464
0.010299 0.013880
0.010251 0.015199
0.010239 0.010938
0.010236 0.011050
0.010221 0.011855
0.010215 0.011073
0.010182 0.010718
0.010179 0.010782
0.010153 0.021569
0.010136 0.015588
0.010129 0.010893
0.010114 0.012316
0.010114 0.012029
0.010075 0.011218
0.010071 0.010498
0.010041 0.011458
0.010035 0.011138
0.010024 0.012010
0.010022 0.011614
0.010012 0.010438
0.009986 0.011572
0.009918 0.012877
0.009892 0.010822
0.009870 0.010422
0.009836 0.013088
0.009825 0.012933
0.009820 0.011224
0.009813 0.012920
0.009753 0.010697
0.009723 0.013847
0.009720 0.013635
0.009719 0.014185
0.009716 0.015825
0.009714 0.012807
0.009713 0.013033
0.009705 0.012386
0.009698 0.010858
0.009670 0.011199
0.009655 0.010463
0.009636 0.009824
0.009632 0.012338
0.009615 0.010281
0.009600 0.010727
0.009596 0.010454
0.009566 0.010009
0.009564 0.009896
0.009563 0.015008
0.009560 0.010181
0.009549 0.010873
0.009518 0.010871
0.009505 0.011854
0.009501 0.009990
0.009421 0.010601
0.009419 0.009990
0.009410 0.011835
0.009370 0.009590
0.009361 0.013052
0.009338 0.014757
0.009336 0.009338
0.009317 0.010872
0.009294 0.011886
0.009282 0.010951
0.009280 0.014990
0.009255 0.010069
0.009237 0.013373
0.009222 0.011602
0.009187 0.012134
0.009176 0.011697
0.009174 0.011365
0.009159 0.009271
0.009145 0.009529
0.009141 0.009706
0.009134 0.010344
0.009131 0.009400
0.009130 0.012532
0.009119 0.012791
0.009092 0.012100
0.009075 0.017683
0.009057 0.010784
0.009049 0.011873
0.009045 0.010517
0.009017 0.011463
0.009013 0.013676
0.009010 0.015042
0.009009 0.009973
0.009006 0.009272
0.008996 0.009801
0.008989 0.009420
0.008985 0.010640
0.008978 0.011161
0.008975 0.010585
0.008970 0.010329
0.008965 0.011255
0.008961 0.010910
0.008960 0.009295
0.008953 0.014256
0.008940 0.009829
0.008931 0.011756
0.008895 0.016294
0.008883 0.010544
0.008874 0.009879
0.008859 0.010357
0.008832 0.010494
0.008820 0.010585
0.008804 0.009834
0.008795 0.010540
0.008784 0.013006
0.008784 0.017677
0.008784 0.009996
0.008781 0.010026
0.008769 0.014130
0.008767 0.013896
0.008753 0.010248
0.008738 0.009271
0.008726 0.008922
0.008719 0.008917
0.008708 0.011389
0.008697 0.009249
0.008695 0.014982
0.008682 0.013291
0.008678 0.009962
0.008665 0.013315
0.008627 0.012678
0.008627 0.008636
0.008618 0.012826
0.008616 0.009903
0.008615 0.014408
0.008579 0.009855
0.008559 0.013322
0.008557 0.010264
0.008540 0.009981
0.008539 0.008627
0.008527 0.015288
0.008509 0.010256
0.008505 0.011109
0.008482 0.012345
0.008476 0.009078
0.008454 0.015455
0.008443 0.012562
0.008439 0.008869
0.008437 0.009093
0.008435 0.008991
0.008410 0.009745
0.008408 0.011711
0.008406 0.010319
0.008405 0.010465
0.008398 0.008521
0.008391 0.008563
0.008362 0.008996
0.008359 0.009539
0.008356 0.010823
0.008339 0.009328
0.008337 0.008797
0.008322 0.008804
0.008314 0.009139
0.008301 0.008893
0.008297 0.008824
0.008293 0.009707
0.008292 0.011324
0.008288 0.008398
0.008286 0.008370
0.008281 0.009318
0.008275 0.008843
0.008267 0.008432
0.008260 0.008321
0.008256 0.008472
0.008254 0.009206
0.008248 0.008970
0.008243 0.009183
0.008236 0.011345
0.008234 0.008345
0.008230 0.009402
0.008228 0.011984
0.008192 0.009857
0.008189 0.008651
0.008169 0.009559
0.008167 0.009367
0.008163 0.011286
0.008159 0.009261
0.008158 0.008985
0.008154 0.011931
0.008141 0.009260
0.008138 0.008203
0.008138 0.011401
0.008126 0.016143
0.008124 0.015460
0.008120 0.008462
0.008117 0.011101
0.008078 0.011501
0.008074 0.009824
0.008068 0.009712
0.008062 0.008791
0.008061 0.008779
0.008056 0.009495
0.008053 0.009923
0.008052 0.010200
0.008035 0.008113
0.008034 0.014529
0.008017 0.008093
0.008017 0.008071
0.008013 0.008385
0.008000 0.019659
0.007999 0.008720
0.007994 0.008612
0.007982 0.009442
0.007982 0.009927
0.007978 0.011332
0.007977 0.008175
0.007974 0.008334
0.007971 0.008944
0.007962 0.015119
0.007961 0.008133
0.007949 0.010841
0.007944 0.007994
0.007934 0.011335
0.007933 0.008027
0.007931 0.009257
0.007912 0.011132
0.007908 0.008995
0.007906 0.012539
0.007881 0.007899
0.007858 0.007918
0.007851 0.008831
0.007830 0.008249
0.007825 0.008827
0.007819 0.010779
0.007812 0.012090
0.007796 0.008340
0.007796 0.013351
0.007790 0.007837
0.007781 0.008916
0.007776 0.008926
0.007770 0.007909
0.007767 0.008547
0.007722 0.008711
0.007711 0.010123
0.007710 0.012101
0.007706 0.009864
0.007703 0.009986
0.007693 0.008178
0.007693 0.009226
0.007684 0.012557
0.007675 0.007882
0.007675 0.008343
0.007637 0.011174
0.007622 0.008401
0.007622 0.008386
0.007621 0.008006
0.007618 0.009251
0.007609 0.012151
0.007603 0.007898
0.007601 0.009497
0.007601 0.009258
0.007594 0.007752
0.007576 0.009610
0.007563 0.010540
0.007559 0.012420
0.007557 0.009237
0.007555 0.007576
0.007542 0.009208
0.007536 0.012669
0.007535 0.008247
0.007534 0.008108
0.007525 0.007672
0.007518 0.009895
0.007506 0.008953
0.007492 0.015361
0.007491 0.009225
0.007476 0.008785
0.007473 0.008077
0.007466 0.015006
0.007464 0.007983
0.007462 0.009441
0.007459 0.007907
0.007456 0.010646
0.007450 0.007586
0.007448 0.009960
0.007441 0.014748
0.007428 0.010028
0.007427 0.007859
0.007420 0.007609
0.007404 0.008892
0.007400 0.008894
0.007396 0.007598
0.007384 0.008005
0.007367 0.007990
0.007366 0.010997
0.007354 0.010892
0.007354 0.008682
0.007354 0.008794
0.007352 0.008114
0.007351 0.012155
0.007349 0.008206
0.007342 0.007362
0.007335 0.009436
0.007334 0.009869
0.007333 0.009696
0.007331 0.007990
0.007318 0.007636
0.007309 0.009078
0.007308 0.008752
0.007301 0.008847
0.007299 0.010950
0.007292 0.007418
0.007289 0.009680
0.007288 0.008742
0.007283 0.009899
0.007281 0.010438
0.007269 0.013495
0.007264 0.012529
0.007260 0.007692
0.007252 0.007304
0.007252 0.007955
0.007250 0.007366
0.007245 0.007943
0.007244 0.008768
0.007241 0.007464
0.007232 0.010525
0.007210 0.009714
0.007200 0.008734
0.007196 0.008305
0.007192 0.007320
0.007184 0.008071
0.007180 0.007445
0.007177 0.009018
0.007177 0.007190
0.007163 0.010319
0.007157 0.009439
0.007156 0.008603
0.007151 0.007486
0.007149 0.007187
0.007146 0.007971
0.007134 0.008113
0.007125 0.009242
0.007120 0.007340
0.007114 0.008359
0.007104 0.009724
0.007100 0.007111
0.007093 0.009507
0.007084 0.007479
0.007084 0.010983
0.007081 0.007088
0.007066 0.008623
0.007064 0.010970
0.007057 0.014318
0.007048 0.009440
0.007048 0.007493
0.007046 0.007104
0.007044 0.011030
0.007041 0.007740
0.007039 0.011931
0.007039 0.007063
0.007038 0.007893
0.007034 0.009684
0.007034 0.008581
0.007030 0.008795
0.007030 0.008262
0.007028 0.007224
0.007014 0.008115
0.007006 0.008696
0.007005 0.007579
0.007001 0.014515
0.006995 0.008871
0.006994 0.012230
0.006992 0.007739
0.006991 0.007763
0.006990 0.007719
0.006978 0.010767
0.006953 0.009054
0.006951 0.006956
0.006945 0.008837
0.006943 0.014678
0.006930 0.008476
0.006927 0.008275
0.006927 0.007184
0.006925 0.008099
0.006921 0.007320
0.006901 0.008104
0.006901 0.007082
0.006887 0.007497
0.006879 0.006914
0.006863 0.007700
0.006861 0.008090
0.006860 0.009313
0.006855 0.009991
0.006851 0.007889
0.006848 0.006867
0.006844 0.006975
0.006828 0.011456
0.006828 0.007073
0.006820 0.007143
0.006807 0.009587
0.006804 0.008991
0.006795 0.006979
0.006791 0.007661
0.006785 0.008013
0.006770 0.009258
0.006769 0.007073
0.006768 0.008656
0.006764 0.007078
0.006760 0.006906
0.006756 0.007065
0.006753 0.006827
0.006748 0.008550
0.006724 0.006748
0.006714 0.007263
0.006710 0.006997
0.006703 0.008981
0.006699 0.008814
0.006698 0.006805
0.006695 0.008220
0.006694 0.007607
0.006686 0.006824
0.006683 0.009940
0.006679 0.006995
0.006678 0.006770
0.006675 0.006857
0.006669 0.008405
0.006658 0.008494
0.006650 0.006977
0.006638 0.007719
0.006632 0.014080
0.006630 0.007773
0.006625 0.007362
0.006621 0.007037
0.006619 0.007911
0.006619 0.006890
0.006617 0.006955
0.006611 0.011570
0.006608 0.006617
0.006607 0.008120
0.006606 0.006692
0.006603 0.006859
0.006601 0.011138
0.006594 0.008841
0.006592 0.007140
0.006580 0.007058
0.006575 0.008441
0.006568 0.008167
0.006563 0.010954
0.006562 0.007675
0.006558 0.007199
0.006558 0.007551
0.006551 0.007793
0.006544 0.006868
0.006537 0.007082
0.006534 0.007416
0.006521 0.008097
0.006516 0.009731
0.006510 0.009651
0.006509 0.006630
0.006506 0.007732
0.006500 0.006945
0.006491 0.010379
0.006479 0.006791
0.006473 0.007496
0.006472 0.008668
0.006465 0.007083
0.006464 0.007891
0.006462 0.006507
0.006459 0.006768
0.006456 0.007089
0.006455 0.006905
0.006455 0.011126
0.006454 0.011614
0.006449 0.008116
0.006448 0.010189
0.006444 0.010129
0.006444 0.008334
0.006441 0.006626
0.006440 0.008567
0.006425 0.006515
0.006420 0.007179
0.006406 0.007114
0.006389 0.007694
0.006385 0.006897
0.006381 0.007140
0.006378 0.008549
0.006377 0.007243
0.006372 0.006689
0.006370 0.009104
0.006369 0.009432
0.006360 0.006529
0.006354 0.009212
0.006349 0.007402
0.006344 0.006615
0.006341 0.007358
0.006336 0.006873
0.006335 0.010548
0.006333 0.006650
0.006320 0.010623
0.006315 0.012496
0.006315 0.006387
0.006314 0.007387
0.006302 0.007808
0.006275 0.008678
0.006267 0.006295
0.006246 0.006569
0.006240 0.006299
0.006238 0.007247
0.006237 0.007044
0.006237 0.007136
0.006235 0.007505
0.006233 0.006942
0.006226 0.006517
0.006225 0.006410
0.006223 0.006525
0.006223 0.007144
0.006223 0.007108
0.006219 0.006740
0.006205 0.009707
0.006205 0.006260
0.006204 0.006314
0.006200 0.006917
0.006199 0.008561
0.006193 0.006669
0.006189 0.009795
0.006181 0.006423
0.006181 0.009667
0.006181 0.010310
0.006179 0.008102
0.006172 0.006590
0.006172 0.008154
0.006166 0.008114
0.006164 0.006852
0.006154 0.006660
0.006150 0.006370
0.006143 0.007133
0.006143 0.006177
0.006134 0.006534
0.006133 0.006377
0.006131 0.007872
0.006126 0.006244
0.006122 0.006186
0.006120 0.006794
0.006119 0.008389
0.006117 0.006235
0.006113 0.007888
0.006113 0.009062
0.006110 0.006266
0.006103 0.007410
0.006090 0.006720
0.006084 0.006287
0.006077 0.006490
0.006076 0.006426
0.006076 0.006270
0.006075 0.007096
0.006074 0.007114
0.006070 0.008596
0.006050 0.007168
0.006048 0.006140
0.006044 0.007894
0.006034 0.007406
0.006033 0.008329
0.006029 0.006578
0.006025 0.009790
0.006023 0.006732
0.006018 0.008514
0.006018 0.009373
0.006017 0.006448
0.006009 0.008558
0.006004 0.008732
0.006003 0.007019
0.006001 0.006284
0.005991 0.007429
0.005989 0.009179
0.005989 0.007640
0.005989 0.006104
0.005988 0.007098
0.005973 0.006696
0.005973 0.007068
0.005971 0.006107
0.005970 0.006610
0.005962 0.007328
0.005958 0.008460
0.005956 0.007377
0.005955 0.006145
0.005952 0.007364
0.005950 0.006058
0.005948 0.006226
0.005945 0.008554
0.005945 0.006983
0.005943 0.007589
0.005940 0.006361
0.005937 0.006046
0.005937 0.008959
0.005935 0.007087
0.005931 0.006258
0.005920 0.006576
0.005918 0.007976
0.005911 0.014627
0.005910 0.006619
0.005909 0.012340
0.005895 0.005968
0.005886 0.007877
0.005883 0.007160
0.005882 0.007718
0.005880 0.006099
0.005872 0.008029
0.005870 0.006821
0.005864 0.005972
0.005863 0.009866
0.005852 0.006084
0.005850 0.006960
0.005838 0.005867
0.005837 0.006793
0.005835 0.006641
0.005835 0.008474
0.005828 0.005854
0.005822 0.009547
0.005815 0.010705
0.005815 0.006254
0.005812 0.006072
0.005812 0.006650
0.005809 0.007539
0.005803 0.010048
0.005797 0.006354
0.005794 0.006940
0.005787 0.006253
0.005786 0.007633
0.005785 0.007862
0.005783 0.006380
0.005781 0.006930
0.005773 0.006017
0.005772 0.006693
0.005768 0.006053
0.005763 0.010522
0.005757 0.006405
0.005756 0.006848
0.005739 0.006064
0.005738 0.006064
0.005736 0.007599
0.005733 0.007576
0.005727 0.007414
0.005726 0.006576
0.005719 0.007682
0.005715 0.006929
0.005710 0.007567
0.005707 0.007402
0.005706 0.011098
0.005705 0.005985
0.005704 0.005783
0.005703 0.005912
0.005701 0.006790
0.005701 0.005928
0.005700 0.007745
0.005691 0.005968
0.005687 0.006266
0.005682 0.007791
0.005680 0.005894
0.005671 0.005934
0.005670 0.008850
0.005669 0.005718
0.005665 0.007819
0.005660 0.005863
0.005657 0.007211
0.005657 0.006629
0.005657 0.005764
0.005655 0.006492
0.005652 0.005867
0.005650 0.006404
0.005647 0.007736
0.005646 0.009890
0.005645 0.006019
0.005641 0.005685
0.005637 0.006229
0.005633 0.013645
0.005633 0.006052
0.005632 0.008480
0.005624 0.005689
0.005610 0.006564
0.005609 0.006973
0.005583 0.006297
0.005578 0.007825
0.005576 0.005995
0.005574 0.007514
0.005574 0.005807
0.005572 0.007021
0.005572 0.006837
0.005570 0.005751
0.005568 0.005685
0.005557 0.009201
0.005545 0.005816
0.005544 0.009566
0.005539 0.013739
0.005539 0.006056
0.005530 0.005602
0.005529 0.006610
0.005527 0.005673
0.005526 0.005639
0.005525 0.006402
0.005524 0.005832
0.005523 0.008774
0.005522 0.005950
0.005519 0.005861
0.005514 0.006018
0.005512 0.008824
0.005510 0.005745
0.005510 0.008336
0.005509 0.005537
0.005508 0.006305
0.005506 0.006267
0.005500 0.007028
0.005495 0.008055
0.005493 0.005717
0.005493 0.006058
0.005485 0.006266
0.005480 0.007825
0.005480 0.009122
0.005478 0.007705
0.005476 0.006862
0.005469 0.006960
0.005466 0.007547
0.005460 0.006002
0.005459 0.006728
0.005455 0.005828
0.005455 0.008974
0.005455 0.005664
0.005454 0.009593
0.005450 0.006340
0.005446 0.005511
0.005445 0.008248
0.005437 0.007140
0.005436 0.005442
0.005435 0.005721
0.005435 0.007709
0.005418 0.005906
0.005414 0.005560
0.005405 0.008179
0.005403 0.007260
0.005402 0.005623
0.005402 0.006414
0.005396 0.005853
0.005393 0.007783
0.005388 0.005654
0.005377 0.005487
0.005375 0.006102
0.005373 0.008347
0.005371 0.009761
0.005369 0.005940
0.005366 0.006503
0.005366 0.006002
0.005362 0.005894
0.005361 0.006424
0.005360 0.006089
0.005358 0.006140
0.005354 0.006555
0.005351 0.008475
0.005350 0.007348
0.005350 0.005416
0.005343 0.007898
0.005343 0.006294
0.005338 0.006809
0.005336 0.006464
0.005333 0.008658
0.005329 0.006168
0.005328 0.006144
0.005327 0.005329
0.005323 0.006069
0.005316 0.008012
0.005314 0.005797
0.005312 0.005653
0.005309 0.006614
0.005306 0.005329
0.005306 0.009546
0.005304 0.005685
0.005304 0.007291
0.005304 0.005448
0.005303 0.006187
0.005293 0.005305
0.005290 0.005529
0.005290 0.010218
0.005286 0.005970
0.005285 0.007815
0.005282 0.005629
0.005274 0.008373
0.005266 0.006152
0.005262 0.005755
0.005261 0.006460
0.005260 0.006123
0.005256 0.006949
0.005248 0.007251
0.005245 0.005423
0.005245 0.005371
0.005242 0.005506
0.005237 0.005856
0.005235 0.005490
0.005228 0.006994
0.005225 0.006798
0.005217 0.008025
0.005216 0.007203
0.005213 0.005555
0.005204 0.009216
0.005198 0.010415
0.005198 0.006606
0.005196 0.006473
0.005194 0.006991
0.005193 0.008305
0.005192 0.005228
0.005189 0.005832
0.005186 0.009809
0.005185 0.005794
0.005185 0.007095
0.005182 0.005609
0.005179 0.006576
0.005175 0.006247
0.005174 0.007601
0.005173 0.005174
0.005171 0.007363
0.005169 0.005336
0.005169 0.005583
0.005166 0.005573
0.005160 0.005572
0.005159 0.005204
0.005159 0.005342
0.005157 0.006079
0.005151 0.005443
0.005142 0.005279
0.005139 0.005250
0.005138 0.005432
0.005129 0.005845
0.005129 0.005507
0.005120 0.005550
0.005118 0.006652
0.005116 0.005287
0.005113 0.005602
0.005103 0.005247
0.005100 0.009748
0.005100 0.007901
0.005093 0.009950
0.005085 0.008536
0.005083 0.005125
0.005079 0.008246
0.005076 0.005136
0.005075 0.006666
0.005070 0.005658
0.005070 0.007819
0.005065 0.006381
0.005060 0.005276
0.005045 0.008111
0.005040 0.006419
0.005040 0.005570
0.005039 0.005453
0.005036 0.007354
0.005035 0.010836
0.005031 0.006583
0.005030 0.005826
0.005020 0.007009
0.005018 0.007083
0.005014 0.007145
0.005014 0.009207
0.005012 0.006063
0.005012 0.005256
0.005009 0.005225
0.005007 0.006717
0.005003 0.008822
0.005001 0.005293
0.004996 0.005004
0.004985 0.004985
0.004984 0.007685
0.004980 0.005218
0.004977 0.006788
0.004976 0.006198
0.004973 0.006826
0.004970 0.005214
0.004970 0.005533
0.004969 0.006048
0.004964 0.011339
0.004959 0.007694
0.004953 0.005772
0.004953 0.006319
0.004953 0.009350
0.004950 0.005046
0.004942 0.005716
0.004936 0.004963
0.004933 0.005215
0.004932 0.008857
0.004930 0.005211
0.004928 0.005408
0.004927 0.005077
0.004926 0.005910
0.004922 0.005204
0.004916 0.004991
0.004913 0.005173
0.004913 0.005969
0.004911 0.005600
0.004907 0.005106
0.004906 0.006324
0.004906 0.005723
0.004905 0.005342
0.004904 0.006259
0.004903 0.004981
0.004901 0.004911
0.004900 0.007437
0.004888 0.005083
0.004888 0.005185
0.004887 0.007317
0.004884 0.005246
0.004881 0.006047
0.004881 0.006143
0.004878 0.005021
0.004878 0.004926
0.004876 0.006537
0.004875 0.005732
0.004873 0.008210
0.004872 0.005108
0.004871 0.004939
0.004867 0.004892
0.004866 0.005911
0.004866 0.005603
0.004860 0.005143
0.004852 0.006389
0.004850 0.006306
0.004843 0.005023
0.004839 0.004960
0.004838 0.006251
0.004837 0.006545
0.004836 0.005317
0.004832 0.005979
0.004832 0.006098
0.004832 0.005034
0.004831 0.006942
0.004825 0.005069
0.004823 0.005825
0.004821 0.005086
0.004821 0.007236
0.004820 0.005133
0.004819 0.008173
0.004818 0.006408
0.004815 0.005698
0.004815 0.008394
0.004813 0.005119
0.004813 0.005393
0.004808 0.006753
0.004806 0.005125
0.004804 0.005286
0.004796 0.005743
0.004790 0.005330
0.004779 0.005895
0.004774 0.005215
0.004774 0.005960
0.004773 0.005835
0.004771 0.006516
0.004769 0.005370
0.004767 0.006804
0.004763 0.006367
0.004762 0.006412
0.004762 0.005750
0.004760 0.006901
0.004759 0.006407
0.004758 0.008870
0.004755 0.005080
0.004754 0.005703
0.004753 0.004777
0.004749 0.007041
0.004748 0.005759
0.004746 0.004935
0.004746 0.004790
0.004742 0.004765
0.004740 0.006947
0.004740 0.007212
0.004739 0.005906
0.004738 0.007283
0.004738 0.005919
0.004737 0.006311
0.004735 0.006407
0.004734 0.005188
0.004732 0.005056
0.004722 0.008757
0.004721 0.007168
0.004720 0.006413
0.004719 0.005532
0.004717 0.005978
0.004717 0.006049
0.004712 0.007180
0.004708 0.008199
0.004708 0.010523
0.004705 0.006530
0.004705 0.005493
0.004702 0.005038
0.004701 0.008759
0.004699 0.004903
0.004698 0.006229
0.004697 0.005645
0.004696 0.004839
0.004696 0.004867
0.004689 0.005155
0.004687 0.004747
0.004686 0.005937
0.004685 0.006304
0.004680 0.005325
0.004677 0.008166
0.004677 0.006931
0.004677 0.004740
0.004676 0.005359
0.004674 0.007332
0.004672 0.006896
0.004671 0.005999
0.004670 0.004802
0.004670 0.007881
0.004667 0.005576
0.004664 0.010031
0.004660 0.005180
0.004659 0.005962
0.004654 0.009814
0.004649 0.007339
0.004648 0.006653
0.004644 0.006193
0.004642 0.005940
0.004637 0.006108
0.004637 0.005363
0.004626 0.007787
0.004626 0.005013
0.004626 0.004804
0.004626 0.004639
0.004625 0.006287
0.004621 0.004815
0.004618 0.005212
0.004616 0.007022
0.004616 0.005004
0.004615 0.006210
0.004612 0.005450
0.004612 0.005056
0.004612 0.005999
0.004610 0.005575
0.004610 0.004811
0.004609 0.005309
0.004608 0.008775
0.004608 0.004725
0.004607 0.005028
0.004602 0.005377
0.004599 0.006766
0.004598 0.008845
0.004598 0.006729
0.004597 0.005169
0.004595 0.005020
0.004594 0.005531
0.004594 0.005625
0.004591 0.005005
0.004591 0.004960
0.004590 0.005241
0.004588 0.004900
0.004588 0.007086
0.004587 0.004699
0.004585 0.004720
0.004577 0.005040
0.004576 0.005340
0.004576 0.005332
0.004573 0.005141
0.004573 0.004685
0.004572 0.005276
0.004571 0.004604
0.004567 0.005063
0.004561 0.006515
0.004557 0.010175
0.004551 0.004778
0.004550 0.005220
0.004550 0.005109
0.004545 0.007385
0.004540 0.005506
0.004537 0.004939
0.004536 0.004594
0.004536 0.006838
0.004536 0.005471
0.004534 0.005086
0.004530 0.005054
0.004528 0.004781
0.004524 0.004766
0.004521 0.004647
0.004514 0.007183
0.004512 0.008719
0.004512 0.004965
0.004507 0.004566
0.004507 0.005089
0.004499 0.004859
0.004497 0.008631
0.004494 0.005092
0.004494 0.005208
0.004491 0.004602
0.004491 0.004568
0.004488 0.005007
0.004488 0.005694
0.004488 0.005919
0.004487 0.004657
0.004486 0.005202
0.004485 0.004970
0.004484 0.005631
0.004484 0.005808
0.004482 0.005140
0.004480 0.004558
0.004480 0.006992
0.004477 0.006063
0.004476 0.004857
0.004474 0.006320
0.004471 0.005801
0.004471 0.007770
0.004466 0.008839
0.004464 0.004790
0.004461 0.007843
0.004459 0.004695
0.004459 0.005761
0.004457 0.005850
0.004457 0.004465
0.004456 0.005861
0.004454 0.004676
0.004453 0.005526
0.004450 0.005240
0.004447 0.005337
0.004446 0.004487
0.004444 0.005118
0.004444 0.004898
0.004443 0.006928
0.004440 0.004660
0.004438 0.004907
0.004436 0.004530
0.004434 0.004467
0.004432 0.005482
0.004431 0.004774
0.004428 0.004564
0.004428 0.007979
0.004428 0.004471
0.004423 0.008097
0.004422 0.004588
0.004422 0.007206
0.004421 0.005185
0.004421 0.006010
0.004420 0.004729
0.004417 0.004701
0.004416 0.005523
0.004414 0.004417
0.004411 0.006379
0.004410 0.005698
0.004408 0.005371
0.004408 0.004579
0.004406 0.007344
0.004405 0.007670
0.004404 0.004666
0.004404 0.006115
0.004403 0.007398
0.004395 0.004533
0.004391 0.004912
0.004391 0.004400
0.004390 0.010648
0.004390 0.004434
0.004388 0.004565
0.004386 0.004750
0.004385 0.004823
0.004383 0.004846
0.004383 0.005287
0.004378 0.004398
0.004376 0.008742
0.004373 0.004911
0.004373 0.004922
0.004373 0.004789
0.004370 0.006085
0.004367 0.004587
0.004365 0.005425
0.004364 0.004513
0.004361 0.004393
0.004360 0.006893
0.004360 0.004594
0.004358 0.004746
0.004357 0.005503
0.004354 0.005450
0.004353 0.004489
0.004353 0.006201
0.004353 0.004880
0.004353 0.004692
0.004351 0.004402
0.004349 0.005409
0.004347 0.007297
0.004346 0.004362
0.004345 0.006192
0.004343 0.004461
0.004342 0.005565
0.004341 0.006809
0.004341 0.005048
0.004341 0.004347
0.004335 0.005270
0.004335 0.005496
0.004335 0.005459
0.004332 0.004451
0.004331 0.005033
0.004331 0.007281
0.004330 0.004432
0.004329 0.005580
0.004329 0.005155
0.004327 0.004433
0.004327 0.007828
0.004322 0.005139
0.004322 0.004888
0.004321 0.004955
0.004321 0.006682
0.004320 0.006119
0.004320 0.005388
0.004319 0.006634
0.004318 0.005447
0.004315 0.006240
0.004315 0.004931
0.004310 0.004573
0.004305 0.004705
0.004302 0.005775
0.004302 0.006774
0.004302 0.005276
0.004300 0.005400
0.004299 0.004339
0.004297 0.004879
0.004294 0.004485
0.004289 0.004604
0.004289 0.005319
0.004289 0.004397
0.004283 0.006378
0.004280 0.006817
0.004279 0.004327
0.004270 0.005385
0.004269 0.005225
0.004265 0.004415
0.004256 0.004856
0.004256 0.005375
0.004256 0.005568
0.004255 0.008862
0.004254 0.007781
0.004251 0.004516
0.004248 0.005983
0.004246 0.004318
0.004244 0.004728
0.004244 0.004484
0.004242 0.004263
0.004241 0.009291
0.004238 0.005534
0.004238 0.004600
0.004236 0.004336
0.004236 0.004495
0.004234 0.007922
0.004232 0.004232
0.004231 0.004540
0.004225 0.008309
0.004224 0.004319
0.004222 0.008943
0.004222 0.004685
0.004221 0.005427
0.004221 0.007603
0.004220 0.004522
0.004219 0.005093
0.004217 0.004734
0.004217 0.004623
0.004216 0.004562
0.004215 0.005168
0.004214 0.005807
0.004213 0.004283
0.004210 0.004919
0.004206 0.006472
0.004204 0.004406
0.004192 0.005366
0.004189 0.007721
0.004186 0.005540
0.004183 0.004616
0.004182 0.004599
0.004177 0.005285
0.004177 0.004675
0.004177 0.007141
0.004173 0.005937
0.004173 0.004625
0.004170 0.004961
0.004167 0.004200
0.004166 0.005019
0.004165 0.004477
0.004164 0.004175
0.004161 0.006292
0.004159 0.004454
0.004158 0.004532
0.004157 0.007289
0.004157 0.004459
0.004156 0.004259
0.004153 0.007888
0.004153 0.005749
0.004151 0.004299
0.004151 0.006599
0.004150 0.005427
0.004149 0.004739
0.004148 0.005644
0.004147 0.004148
0.004145 0.004967
0.004145 0.004811
0.004144 0.005643
0.004144 0.004436
0.004142 0.006544
0.004141 0.006192
0.004141 0.004215
0.004141 0.004196
0.004140 0.004404
0.004137 0.004975
0.004137 0.006583
0.004136 0.004800
0.004134 0.004629
0.004130 0.004390
0.004129 0.005191
0.004127 0.005560
0.004126 0.006194
0.004125 0.005392
0.004124 0.004968
0.004124 0.004898
0.004123 0.005468
0.004122 0.004592
0.004122 0.005044
0.004121 0.006048
0.004120 0.004675
0.004118 0.005443
0.004117 0.004866
0.004115 0.005036
0.004114 0.004815
0.004108 0.006356
0.004107 0.004383
0.004107 0.005412
0.004106 0.005229
0.004105 0.004259
0.004103 0.004631
0.004099 0.004180
0.004099 0.004224
0.004099 0.004151
0.004096 0.004909
0.004096 0.006091
0.004095 0.006690
0.004095 0.004137
0.004093 0.004226
0.004087 0.005085
0.004086 0.004824
0.004086 0.006642
0.004086 0.004868
0.004084 0.006157
0.004082 0.004474
0.004081 0.004723
0.004081 0.004579
0.004077 0.004135
0.004077 0.007334
0.004076 0.004203
0.004074 0.004167
0.004073 0.004782
0.004072 0.005051
0.004071 0.006867
0.004068 0.004528
0.004066 0.006060
0.004066 0.006131
0.004063 0.005989
0.004063 0.005407
0.004061 0.005757
0.004054 0.007179
0.004053 0.004229
0.004052 0.004429
0.004052 0.005124
0.004051 0.004289
0.004049 0.005513
0.004047 0.005179
0.004046 0.005210
0.004044 0.004228
0.004041 0.005747
0.004039 0.004094
0.004038 0.004954
0.004037 0.009147
0.004037 0.004334
0.004036 0.004185
0.004034 0.004100
0.004032 0.005379
0.004026 0.004344
0.004025 0.005076
0.004023 0.004460
0.004013 0.005879
0.004012 0.004156
0.004012 0.004123
0.004011 0.005153
0.004009 0.007967
0.004006 0.005384
0.004006 0.004393
0.004005 0.005072
0.004004 0.004098
0.004003 0.005462
0.004002 0.004505
0.004000 0.005902
0.004000 0.004934
0.004000 0.004406
0.003999 0.004254
0.003997 0.004012
0.003996 0.005255
0.003994 0.007695
0.003994 0.004602
0.003992 0.005584
0.003991 0.004076
0.003986 0.005939
0.003985 0.004332
0.003983 0.004194
0.003982 0.004274
0.003982 0.004015
0.003981 0.006229
0.003981 0.005658
0.003979 0.004711
0.003979 0.004992
0.003979 0.005612
0.003978 0.004555
0.003975 0.004945
0.003975 0.007827
0.003974 0.006742
0.003974 0.004409
0.003970 0.005290
0.003970 0.004642
0.003969 0.004574
0.003968 0.006466
0.003968 0.004611
0.003966 0.004839
0.003966 0.004621
0.003961 0.004076
0.003960 0.004034
0.003960 0.004437
0.003959 0.004308
0.003958 0.007501
0.003957 0.004750
0.003956 0.005830
0.003955 0.004686
0.003949 0.004612
0.003946 0.008659
0.003946 0.004031
0.003945 0.003948
0.003939 0.004390
0.003938 0.005300
0.003935 0.004436
0.003932 0.004981
0.003931 0.005264
0.003930 0.006572
0.003928 0.003937
0.003927 0.004831
0.003924 0.004754
0.003923 0.009232
0.003920 0.005351
0.003920 0.008666
0.003920 0.003968
0.003916 0.004310
0.003916 0.008507
0.003913 0.007132
0.003912 0.007822
0.003912 0.005651
0.003909 0.008428
0.003909 0.004233
0.003909 0.003956
0.003908 0.005441
0.003905 0.008474
0.003901 0.005235
0.003901 0.004338
0.003900 0.005237
0.003895 0.004026
0.003895 0.006112
0.003894 0.008941
0.003890 0.004435
0.003884 0.004100
0.003884 0.004179
0.003883 0.007522
0.003877 0.004383
0.003877 0.006926
0.003875 0.005370
0.003874 0.003900
0.003873 0.004506
0.003870 0.003871
0.003870 0.004055
0.003867 0.008320
0.003867 0.004061
0.003865 0.007340
0.003863 0.005494
0.003863 0.005163
0.003863 0.004418
0.003862 0.004643
0.003859 0.004841
0.003859 0.004320
0.003857 0.005899
0.003855 0.006296
0.003853 0.004083
0.003852 0.005141
0.003852 0.005213
0.003846 0.006741
0.003845 0.007106
0.003844 0.005935
0.003844 0.004729
0.003842 0.004136
0.003841 0.004239
0.003838 0.004144
0.003837 0.004582
0.003836 0.004514
0.003836 0.004327
0.003834 0.003887
0.003832 0.005492
0.003829 0.007053
0.003828 0.004424
0.003826 0.005588
0.003826 0.005800
0.003820 0.003859
0.003820 0.005071
0.003820 0.004245
0.003820 0.004866
0.003819 0.005965
0.003819 0.004663
0.003816 0.004150
0.003815 0.003936
0.003815 0.005161
0.003808 0.005385
0.003808 0.003816
0.003808 0.004799
0.003806 0.004871
0.003806 0.005419
0.003805 0.004164
0.003804 0.005726
0.003804 0.005022
0.003796 0.004006
0.003793 0.003841
0.003793 0.004494
0.003791 0.006728
0.003787 0.008741
0.003786 0.004109
0.003786 0.004297
0.003782 0.006706
0.003781 0.004308
0.003780 0.005340
0.003779 0.005564
0.003778 0.004135
0.003777 0.004211
0.003776 0.003886
0.003774 0.004261
0.003772 0.003788
0.003772 0.004296
0.003770 0.004025
0.003769 0.005248
0.003766 0.004853
0.003765 0.008049
0.003761 0.005423
0.003759 0.003993
0.003758 0.010696
0.003754 0.004567
0.003754 0.003837
0.003753 0.004113
0.003749 0.003899
0.003747 0.004245
0.003747 0.003833
0.003746 0.007496
0.003746 0.003965
0.003746 0.005980
0.003745 0.004067
0.003745 0.005227
0.003742 0.003864
0.003741 0.003906
0.003740 0.003871
0.003740 0.003985
0.003737 0.004751
0.003737 0.005603
0.003735 0.005595
0.003732 0.004443
0.003731 0.003787
0.003730 0.004639
0.003726 0.004220
0.003723 0.004421
0.003721 0.005763
0.003721 0.004044
0.003720 0.007003
0.003719 0.003928
0.003715 0.007910
0.003714 0.004187
0.003710 0.004065
0.003708 0.004559
0.003706 0.003740
0.003706 0.004534
0.003706 0.005185
0.003705 0.006703
0.003699 0.004345
0.003698 0.004391
0.003698 0.005468
0.003698 0.004118
0.003697 0.003961
0.003696 0.004899
0.003695 0.007466
0.003695 0.004317
0.003694 0.004275
0.003692 0.004012
0.003692 0.003967
0.003691 0.006444
0.003686 0.005362
0.003681 0.003772
0.003678 0.004559
0.003678 0.004571
0.003675 0.004658
0.003674 0.004512
0.003669 0.005314
0.003668 0.003864
0.003667 0.004225
0.003666 0.004458
0.003665 0.005227
0.003662 0.004763
0.003660 0.004215
0.003659 0.005868
0.003659 0.004670
0.003659 0.004718
0.003658 0.005342
0.003657 0.005094
0.003657 0.005319
0.003651 0.004272
0.003648 0.003755
0.003642 0.005486
0.003637 0.003726
0.003633 0.004198
0.003630 0.004102
0.003629 0.004349
0.003629 0.006336
0.003626 0.004376
0.003623 0.006910
0.003621 0.003758
0.003621 0.005903
0.003620 0.004108
0.003619 0.003992
0.003616 0.004788
0.003616 0.006257
0.003614 0.004342
0.003614 0.004618
0.003613 0.004137
0.003611 0.007460
0.003610 0.004117
0.003605 0.007452
0.003604 0.003886
0.003603 0.003632
0.003602 0.003620
0.003602 0.003775
0.003601 0.003751
0.003600 0.003677
0.003599 0.004256
0.003598 0.003636
0.003594 0.004576
0.003594 0.005359
0.003594 0.004794
0.003588 0.004783
0.003583 0.004196
0.003582 0.003900
0.003582 0.004142
0.003581 0.007538
0.003578 0.004133
0.003575 0.004442
0.003575 0.003787
0.003572 0.004818
0.003571 0.003917
0.003566 0.003578
0.003563 0.004294
0.003563 0.003925
0.003563 0.003931
0.003563 0.003835
0.003559 0.003919
0.003559 0.003991
0.003559 0.004148
0.003559 0.003941
0.003557 0.003802
0.003554 0.005626
0.003554 0.004065
0.003551 0.004011
0.003549 0.006080
0.003547 0.005058
0.003541 0.003631
0.003534 0.004818
0.003533 0.006555
0.003533 0.003636
0.003533 0.006981
0.003531 0.003773
0.003529 0.004549
0.003528 0.005064
0.003526 0.003644
0.003525 0.004639
0.003524 0.003577
0.003522 0.003981
0.003522 0.005185
0.003520 0.005593
0.003520 0.003979
0.003519 0.003681
0.003513 0.003728
0.003513 0.003662
0.003511 0.003695
0.003509 0.007463
0.003508 0.003579
0.003507 0.003634
0.003507 0.003509
0.003506 0.005425
0.003506 0.003635
0.003503 0.004001
0.003502 0.004222
0.003501 0.003945
0.003500 0.003524
0.003500 0.003765
0.003499 0.004700
0.003498 0.003697
0.003496 0.004215
0.003495 0.003873
0.003495 0.003954
0.003494 0.003761
0.003494 0.005707
0.003494 0.003757
0.003492 0.007641
0.003491 0.004262
0.003488 0.005442
0.003486 0.003824
0.003485 0.003524
0.003484 0.004633
0.003480 0.003651
0.003478 0.005767
0.003478 0.003526
0.003474 0.003740
0.003472 0.005841
0.003470 0.004005
0.003470 0.003534
0.003470 0.004648
0.003468 0.003590
0.003468 0.003494
0.003467 0.003548
0.003467 0.005791
0.003467 0.004545
0.003466 0.005223
0.003465 0.004423
0.003465 0.004787
0.003464 0.004604
0.003461 0.003467
0.003458 0.003609
0.003455 0.006662
0.003449 0.003524
0.003444 0.003881
0.003442 0.006618
0.003442 0.003503
0.003441 0.007621
0.003440 0.004063
0.003440 0.006893
0.003439 0.005864
0.003437 0.006228
0.003436 0.003559
0.003434 0.003835
0.003431 0.006040
0.003431 0.003519
0.003427 0.003636
0.003426 0.003660
0.003426 0.004484
0.003423 0.003485
0.003423 0.004526
0.003420 0.005250
0.003417 0.004788
0.003414 0.003787
0.003413 0.005934
0.003413 0.004442
0.003411 0.004423
0.003410 0.005116
0.003409 0.004718
0.003409 0.004791
0.003409 0.003792
0.003408 0.003789
0.003408 0.004394
0.003402 0.007111
0.003400 0.005569
0.003398 0.003447
0.003397 0.004148
0.003396 0.003949
0.003394 0.005275
0.003393 0.004385
0.003393 0.006167
0.003391 0.005227
0.003385 0.003605
0.003378 0.004069
0.003378 0.005120
0.003376 0.003659
0.003375 0.005746
0.003374 0.003481
0.003372 0.005222
0.003369 0.003643
0.003367 0.003443
0.003363 0.004161
0.003361 0.003661
0.003361 0.003441
0.003360 0.005995
0.003357 0.005458
0.003356 0.003417
0.003355 0.003677
0.003354 0.003872
0.003354 0.005683
0.003354 0.004427
0.003353 0.003704
0.003352 0.003711
0.003350 0.007175
0.003347 0.007211
0.003346 0.003458
0.003345 0.003375
0.003343 0.004475
0.003342 0.003648
0.003342 0.004044
0.003340 0.003646
0.003337 0.003365
0.003337 0.003348
0.003337 0.003400
0.003336 0.003498
0.003333 0.004901
0.003333 0.005341
0.003330 0.003773
0.003326 0.003558
0.003323 0.003676
0.003322 0.004534
0.003320 0.004154
0.003316 0.005002
0.003316 0.004753
0.003313 0.003474
0.003313 0.003530
0.003311 0.004030
0.003311 0.004958
0.003308 0.003347
0.003307 0.003548
0.003306 0.003335
0.003305 0.004147
0.003305 0.003885
0.003303 0.003307
0.003302 0.004533
0.003301 0.004088
0.003298 0.003399
0.003296 0.004510
0.003295 0.005622
0.003293 0.005388
0.003290 0.003905
0.003290 0.004429
0.003289 0.003667
0.003287 0.003494
0.003282 0.004651
0.003280 0.003337
0.003279 0.005820
0.003279 0.004791
0.003275 0.004680
0.003274 0.004606
0.003273 0.006654
0.003272 0.003398
0.003271 0.004086
0.003266 0.004824
0.003263 0.003371
0.003262 0.003288
0.003262 0.005629
0.003261 0.004017
0.003259 0.003531
0.003259 0.003478
0.003259 0.003774
0.003258 0.003515
0.003255 0.003482
0.003254 0.003844
0.003253 0.004029
0.003252 0.003325
0.003251 0.003499
0.003251 0.006007
0.003246 0.003869
0.003244 0.003889
0.003243 0.003983
0.003242 0.004109
0.003242 0.007944
0.003238 0.005290
0.003237 0.004892
0.003234 0.003620
0.003231 0.003359
0.003229 0.004183
0.003228 0.005007
0.003227 0.006122
0.003227 0.003249
0.003221 0.003832
0.003219 0.003971
0.003219 0.003578
0.003216 0.003895
0.003216 0.003306
0.003215 0.003903
0.003214 0.003285
0.003212 0.003404
0.003210 0.003920
0.003209 0.004646
0.003209 0.003377
0.003209 0.003254
0.003209 0.004243
0.003208 0.003314
0.003207 0.006763
0.003205 0.007209
0.003205 0.007074
0.003200 0.004986
0.003198 0.003343
0.003192 0.003548
0.003185 0.003310
0.003182 0.003512
0.003176 0.003739
0.003175 0.004125
0.003175 0.003930
0.003175 0.005932
0.003170 0.005283
0.003168 0.004982
0.003167 0.005721
0.003166 0.005184
0.003165 0.004072
0.003165 0.003270
0.003163 0.006385
0.003162 0.004861
0.003161 0.005204
0.003160 0.003826
0.003158 0.004787
0.003158 0.005896
0.003158 0.004574
0.003149 0.003796
0.003148 0.003357
0.003146 0.003338
0.003146 0.004478
0.003143 0.003726
0.003143 0.003263
0.003142 0.003188
0.003141 0.003269
0.003137 0.006815
0.003136 0.003517
0.003135 0.003482
0.003134 0.005523
0.003132 0.003627
0.003129 0.003371
0.003128 0.005481
0.003125 0.003414
0.003123 0.005679
0.003115 0.003324
0.003114 0.007572
0.003113 0.005411
0.003113 0.003288
0.003112 0.004039
0.003112 0.003934
0.003109 0.003576
0.003103 0.003588
0.003102 0.004532
0.003101 0.003838
0.003101 0.005852
0.003097 0.003694
0.003097 0.003661
0.003094 0.003827
0.003092 0.003486
0.003092 0.003357
0.003092 0.004493
0.003086 0.003675
0.003078 0.004029
0.003078 0.003300
0.003071 0.003279
0.003070 0.003508
0.003070 0.003577
0.003069 0.003383
0.003068 0.005390
0.003068 0.003881
0.003067 0.004645
0.003065 0.003459
0.003062 0.005384
0.003062 0.003167
0.003062 0.004002
0.003061 0.003309
0.003059 0.006178
0.003058 0.004373
0.003058 0.003444
0.003053 0.004154
0.003052 0.003171
0.003051 0.005300
0.003048 0.005538
0.003048 0.004801
0.003047 0.004426
0.003047 0.003338
0.003047 0.003060
0.003046 0.004502
0.003046 0.003756
0.003046 0.003419
0.003042 0.003094
0.003040 0.003485
0.003039 0.003238
0.003038 0.003817
0.003038 0.003499
0.003036 0.003733
0.003032 0.003266
0.003028 0.004314
0.003024 0.003194
0.003024 0.003439
0.003024 0.005692
0.003024 0.005450
0.003023 0.003579
0.003019 0.005400
0.003016 0.003260
0.003015 0.003031
0.003015 0.003129
0.003002 0.004736
0.003000 0.003009
0.002998 0.003527
0.002997 0.003225
0.002997 0.003795
0.002994 0.003056
0.002992 0.006661
0.002988 0.003675
0.002987 0.003001
0.002986 0.003129
0.002983 0.005896
0.002982 0.003763
0.002981 0.005549
0.002973 0.003583
0.002969 0.004643
0.002968 0.003466
0.002967 0.003731
0.002966 0.004957
0.002964 0.005630
0.002964 0.003784
0.002963 0.004438
0.002963 0.003664
0.002962 0.003298
0.002960 0.003250
0.002959 0.003350
0.002959 0.003202
0.002958 0.004041
0.002954 0.003556
0.002952 0.004454
0.002951 0.003105
0.002945 0.003297
0.002940 0.004326
0.002936 0.003113
0.002936 0.005049
0.002932 0.002965
0.002931 0.004837
0.002930 0.003113
0.002929 0.003182
0.002928 0.003102
0.002927 0.003956
0.002926 0.003829
0.002925 0.003978
0.002924 0.003118
0.002922 0.004723
0.002921 0.005065
0.002921 0.002938
0.002917 0.005335
0.002913 0.003567
0.002912 0.003969
0.002908 0.003297
0.002905 0.003516
0.002904 0.003277
0.002903 0.003144
0.002903 0.004253
0.002902 0.003797
0.002899 0.004418
0.002899 0.003119
0.002898 0.003780
0.002891 0.003680
0.002887 0.004551
0.002886 0.003203
0.002880 0.003272
0.002875 0.003566
0.002875 0.006110
0.002874 0.003402
0.002873 0.003137
0.002871 0.003677
0.002870 0.003771
0.002870 0.002966
0.002857 0.003079
0.002855 0.003307
0.002852 0.003113
0.002851 0.002903
0.002851 0.003839
0.002847 0.003447
0.002847 0.002866
0.002839 0.002940
0.002837 0.003050
0.002836 0.004931
0.002836 0.002948
0.002835 0.003197
0.002834 0.005997
0.002830 0.002887
0.002829 0.006425
0.002825 0.002942
0.002823 0.003344
0.002820 0.006421
0.002817 0.002831
0.002816 0.003312
0.002814 0.002829
0.002812 0.003064
0.002811 0.005095
0.002807 0.002946
0.002804 0.004087
0.002803 0.003057
0.002803 0.003326
0.002801 0.003335
0.002800 0.003589
0.002797 0.002860
0.002795 0.003563
0.002788 0.003412
0.002785 0.003118
0.002783 0.003208
0.002783 0.002816
0.002780 0.003574
0.002776 0.003021
0.002775 0.004270
0.002771 0.004127
0.002769 0.005624
0.002762 0.003349
0.002761 0.002859
0.002759 0.002778
0.002757 0.003478
0.002755 0.002907
0.002741 0.002804
0.002740 0.002840
0.002732 0.003457
0.002729 0.002927
0.002729 0.002765
0.002727 0.003951
0.002727 0.002946
0.002723 0.002743
0.002722 0.003608
0.002715 0.003088
0.002711 0.002904
0.002710 0.005387
0.002708 0.003423
0.002706 0.002710
0.002705 0.003558
0.002704 0.003757
0.002704 0.003734
0.002700 0.003956
0.002694 0.002834
0.002694 0.003140
0.002692 0.002878
0.002692 0.003137
0.002692 0.005581
0.002688 0.002727
0.002687 0.003055
0.002684 0.004485
0.002683 0.003628
0.002674 0.002730
0.002673 0.002679
0.002668 0.003315
0.002666 0.002957
0.002666 0.004506
0.002661 0.003509
0.002655 0.002955
0.002655 0.002871
0.002653 0.003251
0.002653 0.002695
0.002650 0.003733
0.002639 0.002812
0.002639 0.004759
0.002637 0.003045
0.002637 0.003018
0.002634 0.003524
0.002633 0.005644
0.002628 0.003408
0.002625 0.003154
0.002623 0.002893
0.002622 0.002724
0.002620 0.002698
0.002608 0.003952
0.002606 0.003913
0.002603 0.002700
0.002597 0.002627
0.002597 0.003219
0.002595 0.003206
0.002594 0.004244
0.002590 0.002919
0.002582 0.002811
0.002581 0.002807
0.002566 0.003285
0.002564 0.003478
0.002563 0.003296
0.002562 0.002749
0.002557 0.003315
0.002557 0.002772
0.002553 0.004078
0.002551 0.002813
0.002550 0.004515
0.002546 0.002579
0.002545 0.002698
0.002545 0.003215
0.002540 0.002959
0.002539 0.002604
0.002534 0.003042
0.002529 0.002817
0.002526 0.003324
0.002524 0.002552
0.002523 0.002779
0.002519 0.002644
0.002516 0.002901
0.002512 0.004321
0.002510 0.002764
0.002509 0.002905
0.002493 0.002889
0.002490 0.003670
0.002475 0.002771
0.002474 0.002786
0.002473 0.004665
0.002471 0.003583
0.002471 0.003476
0.002469 0.002764
0.002468 0.003084
0.002465 0.002476
0.002461 0.003110
0.002459 0.004051
0.002456 0.002622
0.002456 0.002467
0.002447 0.002623
0.002444 0.003115
0.002441 0.004845
0.002420 0.002445
0.002414 0.003406
0.002414 0.002442
0.002413 0.002497
0.002405 0.002456
0.002397 0.003115
0.002392 0.002546
0.002388 0.002834
0.002388 0.003250
0.002376 0.002948
0.002370 0.002903
0.002360 0.002534
0.002353 0.002465
0.002349 0.002714
0.002345 0.002598
0.002343 0.002524
0.002335 0.002752
0.002335 0.002405
0.002329 0.002679
0.002323 0.002705
0.002322 0.002366
0.002309 0.002406
0.002309 0.002876
0.002297 0.002335
0.002292 0.002675
0.002288 0.002628
0.002287 0.003433
0.002278 0.002564
0.002278 0.002644
0.002277 0.002922
0.002263 0.002413
0.002262 0.002394
0.002246 0.002264
0.002245 0.002403
0.002242 0.002501
0.002236 0.002466
0.002233 0.002322
0.002212 0.002648
0.002212 0.002249
0.002208 0.002275
0.002199 0.002399
0.002194 0.002328
0.002187 0.003320
0.002180 0.002771
0.002180 0.002206
0.002178 0.002270
0.002158 0.002248
0.002154 0.002356
0.002151 0.002302
0.002139 0.002507
0.002137 0.002534
0.002128 0.002210
0.002122 0.002412
0.002106 0.002521
0.002091 0.002478
0.002089 0.002657
0.002082 0.002467
0.002052 0.002284
0.002036 0.002483
0.002031 0.002100
0.002028 0.002279
0.002018 0.002330
0.002007 0.002080
0.001978 0.002019
0.001972 0.002221
0.001962 0.002125
0.001958 0.002331
0.001954 0.002949
0.001945 0.002105
0.001944 0.002110
0.001935 0.002281
0.001930 0.002581
0.001925 0.001962
0.001894 0.002179
0.001892 0.002060
0.001890 0.002155
0.001873 0.002119
0.001865 0.002009
0.001859 0.001981
0.001857 0.001873
0.001843 0.002211
0.001840 0.001914
0.001819 0.002390
0.001804 0.002109
0.001781 0.002045
0.001752 0.001805
0.001747 0.001764
0.001715 0.002425
0.001712 0.001882
0.001703 0.002022
0.001683 0.002062
0.001665 0.001677
0.001662 0.001808
0.001589 0.001763
0.001580 0.001623
0.001530 0.001737
0.001524 0.002163
0.001505 0.001725
0.001407 0.001519
0.001337 0.001476
0.001140 0.001307
0.000876 0.001160
