0.241681 0.388698
0.167294 0.188194
0.096917 0.134243
0.093646 0.094869
0.087127 0.087430
0.084929 0.098335
0.070866 0.072350
0.070681 0.074914
0.070512 0.077796
0.066336 0.085386
0.064255 0.068187
0.063951 0.066553
0.063882 0.078512
0.063867 0.073386
0.062792 0.065305
0.061619 0.080925
0.060533 0.068270
0.059670 0.081776
0.059376 0.062537
0.058917 0.083733
0.057384 0.074353
0.056882 0.077213
0.056657 0.072521
0.056627 0.059729
0.053641 0.068798
0.051881 0.060667
0.049706 0.074859
0.049682 0.060878
0.049444 0.077518
0.047953 0.053744
0.046041 0.059562
0.045693 0.046161
0.045124 0.047596
0.044468 0.047289
0.044386 0.045183
0.044344 0.047640
0.044269 0.053461
0.043902 0.054434
0.043208 0.046480
0.041950 0.045909
0.041892 0.042295
0.041372 0.058851
0.041316 0.042929
0.041046 0.047581
0.040412 0.059947
0.040310 0.058965
0.039921 0.040862
0.039824 0.040057
0.039099 0.051333
0.038461 0.041291
0.037909 0.042557
0.037065 0.063598
0.036809 0.037454
0.036469 0.048066
0.036138 0.037172
0.035678 0.053412
0.035477 0.035556
0.035071 0.039095
0.034755 0.038818
0.034577 0.035050
0.034496 0.039791
0.034415 0.037666
0.033860 0.092886
0.033768 0.033922
0.033710 0.033898
0.033152 0.042280
0.033023 0.034082
0.032826 0.037097
0.032537 0.035139
0.032501 0.037819
0.032439 0.044525
0.031929 0.032258
0.031785 0.034016
0.031720 0.034479
0.031461 0.032727
0.031171 0.039333
0.031169 0.036023
0.030989 0.033737
0.030966 0.033044
0.030894 0.037079
0.030741 0.035441
0.030614 0.033459
0.030611 0.033775
0.030556 0.032581
0.030407 0.038109
0.030285 0.054320
0.030001 0.033896
0.029889 0.047697
0.029741 0.031275
0.029651 0.056818
0.029335 0.036988
0.029297 0.037159
0.029262 0.039464
0.029242 0.036703
0.029217 0.038034
0.029202 0.037507
0.029183 0.037537
0.029158 0.033209
0.028963 0.029752
0.028867 0.031504
0.028848 0.037434
0.028740 0.028921
0.028463 0.041130
0.028249 0.030887
0.028235 0.028690
0.028210 0.028548
0.027787 0.030133
0.027743 0.032137
0.027677 0.029719
0.027403 0.036884
0.027299 0.036695
0.027243 0.034065
0.027090 0.027830
0.026797 0.032807
0.026782 0.030171
0.026624 0.033612
0.026596 0.032051
0.026464 0.035002
0.026221 0.026569
0.026196 0.028593
0.026152 0.029945
0.025913 0.028769
0.025756 0.031270
0.025674 0.037579
0.025495 0.027862
0.025367 0.029664
0.025142 0.025537
0.025076 0.025481
0.024899 0.025857
0.024615 0.038903
0.024600 0.037798
0.024593 0.024650
0.024517 0.025864
0.024498 0.030204
0.024473 0.024743
0.024350 0.025785
0.024329 0.024617
0.024238 0.027622
0.024231 0.026943
0.023922 0.026908
0.023877 0.031373
0.023874 0.026240
0.023863 0.039159
0.023848 0.024480
0.023841 0.025699
0.023746 0.027165
0.023742 0.028052
0.023710 0.025184
0.023623 0.031561
0.023486 0.024886
0.023460 0.025356
0.023210 0.023750
0.023177 0.023254
0.023105 0.023398
0.023050 0.027843
0.022929 0.024343
0.022895 0.023606
0.022849 0.024620
0.022849 0.025969
0.022844 0.025930
0.022827 0.038133
0.022798 0.029537
0.022733 0.023322
0.022664 0.024820
0.022562 0.025090
0.022558 0.027021
0.022403 0.031497
0.022389 0.032477
0.022360 0.024375
0.022114 0.028808
0.022110 0.023434
0.022063 0.027340
0.022034 0.022658
0.022018 0.023159
0.021991 0.031319
0.021974 0.022717
0.021932 0.023371
0.021904 0.033218
0.021892 0.022836
0.021782 0.022391
0.021743 0.045004
0.021705 0.024767
0.021599 0.025922
0.021544 0.025754
0.021482 0.031703
0.021474 0.023263
0.021394 0.025136
0.021379 0.027391
0.021362 0.023287
0.021309 0.025507
0.021184 0.022334
0.021162 0.021321
0.021124 0.025937
0.021110 0.026593
0.021098 0.025788
0.021098 0.021783
0.021064 0.025057
0.021044 0.040285
0.020809 0.035901
0.020737 0.029468
0.020653 0.021104
0.020521 0.032834
0.020307 0.020968
0.020268 0.022876
0.020248 0.021100
0.020191 0.024769
0.020153 0.026628
0.020097 0.024296
0.020091 0.020248
0.020044 0.020321
0.020016 0.020751
0.019961 0.022458
0.019929 0.031477
0.019852 0.021169
0.019770 0.025794
0.019768 0.020550
0.019717 0.033765
0.019623 0.023750
0.019616 0.020228
0.019605 0.038850
0.019580 0.022170
0.019559 0.024682
0.019453 0.029657
0.019439 0.034117
0.019427 0.032683
0.019358 0.019376
0.019339 0.030683
0.019320 0.019987
0.019159 0.026494
0.019150 0.024736
0.019145 0.030919
0.018986 0.025669
0.018984 0.020166
0.018832 0.023979
0.018791 0.019803
0.018772 0.019979
0.018734 0.032963
0.018698 0.019044
0.018690 0.023038
0.018663 0.022534
0.018618 0.019287
0.018592 0.019500
0.018572 0.023401
0.018496 0.022982
0.018483 0.021407
0.018470 0.020540
0.018441 0.026242
0.018386 0.028626
0.018386 0.025437
0.018373 0.022936
0.018311 0.023814
0.018230 0.018696
0.018217 0.021243
0.018206 0.039890
0.018201 0.020066
0.018186 0.019790
0.018177 0.023425
0.018041 0.019709
0.018036 0.019128
0.018016 0.033373
0.018015 0.018994
0.017965 0.019639
0.017902 0.027343
0.017890 0.032818
0.017867 0.019126
0.017848 0.018169
0.017841 0.029867
0.017800 0.018034
0.017757 0.035900
0.017731 0.019460
0.017696 0.018171
0.017688 0.018967
0.017678 0.024136
0.017671 0.025913
0.017662 0.025929
0.017637 0.037970
0.017604 0.023853
0.017564 0.022101
0.017551 0.029534
0.017517 0.031316
0.017509 0.019815
0.017463 0.017562
0.017426 0.019750
0.017422 0.020840
0.017408 0.019721
0.017359 0.019241
0.017349 0.018574
0.017347 0.019159
0.017299 0.017887
0.017271 0.027213
0.017265 0.019833
0.017244 0.017356
0.017180 0.019819
0.017155 0.020818
0.017104 0.028499
0.017099 0.017968
0.017031 0.017919
0.016979 0.020402
0.016962 0.024894
0.016938 0.031308
0.016937 0.021192
0.016898 0.020430
0.016853 0.020199
0.016835 0.019491
0.016835 0.016965
0.016769 0.016797
0.016761 0.018079
0.016735 0.017954
0.016653 0.023028
0.016638 0.017388
0.016567 0.025164
0.016543 0.017103
0.016542 0.017551
0.016496 0.016806
0.016494 0.043713
0.016488 0.016585
0.016472 0.020338
0.016421 0.029430
0.016353 0.017765
0.016194 0.016733
0.016176 0.019310
0.016175 0.026995
0.016169 0.020192
0.016152 0.018056
0.016150 0.016516
0.016144 0.021484
0.016112 0.020377
0.016101 0.016845
0.016053 0.032044
0.016027 0.019050
0.016020 0.017725
0.015997 0.026627
0.015993 0.017113
0.015967 0.018057
0.015901 0.017047
0.015875 0.018169
0.015856 0.017511
0.015777 0.023433
0.015776 0.017614
0.015745 0.016037
0.015738 0.016048
0.015727 0.016669
0.015719 0.023189
0.015703 0.020024
0.015671 0.019403
0.015667 0.016391
0.015661 0.030569
0.015660 0.016514
0.015649 0.019801
0.015605 0.018174
0.015604 0.017062
0.015596 0.015692
0.015579 0.023629
0.015528 0.017569
0.015507 0.020140
0.015482 0.018998
0.015456 0.036355
0.015456 0.019681
0.015451 0.019180
0.015429 0.018523
0.015394 0.018310
0.015388 0.015527
0.015383 0.028898
0.015376 0.015714
0.015359 0.015820
0.015348 0.015406
0.015293 0.018074
0.015270 0.017393
0.015243 0.015558
0.015240 0.015898
0.015240 0.017157
0.015237 0.024616
0.015224 0.016835
0.015203 0.035775
0.015177 0.017964
0.015173 0.015887
0.015166 0.016995
0.015162 0.021227
0.015154 0.019687
0.015144 0.016036
0.015141 0.015582
0.015016 0.017891
0.014995 0.016088
0.014988 0.016048
0.014908 0.014916
0.014902 0.015288
0.014888 0.015823
0.014823 0.015805
0.014800 0.020810
0.014800 0.018308
0.014793 0.016793
0.014791 0.019427
0.014783 0.015306
0.014726 0.016247
0.014715 0.018249
0.014712 0.018587
0.014702 0.015572
0.014678 0.016908
0.014669 0.017897
0.014646 0.018921
0.014633 0.018604
0.014631 0.015434
0.014611 0.018589
0.014610 0.015282
0.014598 0.014600
0.014588 0.015301
0.014552 0.016328
0.014537 0.019558
0.014526 0.015544
0.014525 0.019062
0.014516 0.017668
0.014506 0.014535
0.014501 0.022089
0.014487 0.023755
0.014437 0.016554
0.014433 0.016352
0.014420 0.015747
0.014407 0.018427
0.014348 0.014853
0.014339 0.017347
0.014319 0.023059
0.014287 0.014508
0.014255 0.016605
0.014242 0.014689
0.014241 0.014353
0.014226 0.014522
0.014208 0.021123
0.014201 0.017063
0.014188 0.016128
0.014177 0.015318
0.014161 0.017544
0.014100 0.018660
0.014083 0.021296
0.014069 0.014639
0.014033 0.023550
0.014012 0.021610
0.013993 0.015133
0.013993 0.017562
0.013986 0.019815
0.013964 0.015640
0.013909 0.014685
0.013895 0.017971
0.013879 0.021381
0.013812 0.014566
0.013797 0.014321
0.013793 0.014608
0.013783 0.017649
0.013770 0.020520
0.013746 0.022476
0.013741 0.015262
0.013721 0.014920
0.013710 0.014333
0.013701 0.020362
0.013699 0.017201
0.013683 0.014421
0.013676 0.015265
0.013674 0.013720
0.013672 0.019849
0.013646 0.013660
0.013630 0.016448
0.013598 0.017168
0.013594 0.015778
0.013592 0.015022
0.013576 0.015041
0.013555 0.015758
0.013541 0.014282
0.013482 0.025706
0.013480 0.019681
0.013476 0.013958
0.013468 0.015345
0.013424 0.023703
0.013415 0.018791
0.013393 0.014849
0.013390 0.026778
0.013313 0.013464
0.013306 0.014146
0.013287 0.013890
0.013285 0.016457
0.013265 0.014146
0.013261 0.014763
0.013228 0.032592
0.013223 0.014115
0.013164 0.018094
0.013164 0.013993
0.013159 0.017285
0.013136 0.015769
0.013124 0.013430
0.013106 0.015205
0.013075 0.014548
0.013070 0.019763
0.013030 0.013114
0.013025 0.014686
0.012986 0.013428
0.012959 0.015131
0.012942 0.014492
0.012937 0.018897
0.012937 0.013405
0.012930 0.016973
0.012904 0.013572
0.012888 0.013916
0.012880 0.014870
0.012878 0.019500
0.012876 0.014654
0.012854 0.026781
0.012853 0.013493
0.012845 0.014996
0.012817 0.013237
0.012793 0.013635
0.012786 0.012911
0.012767 0.014217
0.012754 0.016419
0.012740 0.013291
0.012727 0.015044
0.012690 0.026950
0.012687 0.014141
0.012684 0.013244
0.012628 0.017807
0.012598 0.014906
0.012592 0.014048
0.012561 0.014986
0.012533 0.020460
0.012520 0.016548
0.012520 0.012579
0.012516 0.022116
0.012511 0.013042
0.012501 0.019526
0.012501 0.022794
0.012499 0.014044
0.012473 0.012676
0.012454 0.012856
0.012449 0.020278
0.012448 0.014497
0.012413 0.015074
0.012412 0.015394
0.012405 0.018928
0.012402 0.012538
0.012392 0.015228
0.012391 0.016295
0.012380 0.013030
0.012336 0.013044
0.012323 0.013360
0.012296 0.013090
0.012286 0.012975
0.012284 0.012396
0.012282 0.013235
0.012268 0.013668
0.012247 0.013059
0.012243 0.013706
0.012220 0.012255
0.012207 0.012989
0.012198 0.012699
0.012192 0.013596
0.012190 0.016604
0.012143 0.015086
0.012141 0.015147
0.012132 0.013739
0.012105 0.012918
0.012097 0.016146
0.012047 0.012274
0.012045 0.012344
0.012011 0.012964
0.011997 0.021333
0.011995 0.014764
0.011982 0.012209
0.011979 0.014339
0.011972 0.013541
0.011963 0.022219
0.011957 0.027836
0.011939 0.013154
0.011939 0.019088
0.011919 0.013981
0.011913 0.011939
0.011905 0.012245
0.011898 0.015670
0.011886 0.013190
0.011881 0.012474
0.011870 0.012343
0.011866 0.013516
0.011860 0.014949
0.011840 0.013439
0.011833 0.027288
0.011832 0.014198
0.011831 0.016488
0.011827 0.022454
0.011819 0.020554
0.011809 0.015902
0.011783 0.026883
0.011754 0.013588
0.011752 0.014136
0.011741 0.017395
0.011684 0.012481
0.011657 0.016348
0.011642 0.018327
0.011629 0.013365
0.011617 0.013593
0.011615 0.022427
0.011594 0.012403
0.011583 0.012334
0.011576 0.017561
0.011573 0.012925
0.011558 0.017879
0.011527 0.014771
0.011524 0.013053
0.011501 0.014779
0.011482 0.024154
0.011480 0.015512
0.011457 0.013186
0.011448 0.015223
0.011445 0.012289
0.011430 0.011802
0.011420 0.016980
0.011395 0.016799
0.011393 0.011800
0.011383 0.012690
0.011374 0.014889
0.011359 0.011847
0.011352 0.014314
0.011349 0.011758
0.011342 0.012577
0.011312 0.013023
0.011310 0.011875
0.011306 0.015944
0.011292 0.012556
0.011283 0.011395
0.011256 0.022153
0.011239 0.017335
0.011234 0.015784
0.011228 0.011771
0.011208 0.013597
0.011173 0.015757
0.011161 0.012414
0.011157 0.019720
0.011156 0.011408
0.011153 0.011920
0.011131 0.012521
0.011119 0.011554
0.011118 0.011406
0.011115 0.012070
0.011111 0.018802
0.011090 0.011831
0.011087 0.012361
0.011080 0.015289
0.011080 0.014833
0.011075 0.011780
0.011057 0.016900
0.011035 0.013134
0.011024 0.013661
0.011017 0.012192
0.011013 0.013594
0.011004 0.011110
0.011002 0.016689
0.010946 0.012973
0.010912 0.016684
0.010896 0.011892
0.010885 0.014403
0.010883 0.011183
0.010876 0.011252
0.010861 0.017103
0.010852 0.014954
0.010842 0.012816
0.010839 0.021217
0.010839 0.013202
0.010819 0.021849
0.010818 0.012370
0.010798 0.012140
0.010794 0.011535
0.010777 0.014521
0.010769 0.012391
0.010766 0.012986
0.010765 0.016957
0.010756 0.012430
0.010744 0.013134
0.010738 0.012317
0.010725 0.014645
0.010712 0.014051
0.010709 0.011577
0.010697 0.011620
0.010678 0.010680
0.010666 0.011044
0.010659 0.010721
0.010634 0.014781
0.010632 0.012250
0.010621 0.014514
0.010608 0.013411
0.010586 0.011473
0.010554 0.012500
0.010543 0.010740
0.010537 0.012015
0.010528 0.015323
0.010504 0.010523
0.010488 0.013325
0.010469 0.012586
0.010442 0.016007
0.010440 0.014933
0.010437 0.011201
0.010437 0.011794
0.010436 0.016127
0.010416 0.012634
0.010411 0.011955
0.010381 0.012241
0.010373 0.011307
0.010330 0.014479
0.010325 0.012109
0.010322 0.010478
0.010309 0.010669
0.010304 0.011323
0.010303 0.010502
0.010302 0.011438
0.010292 0.011514
0.010275 0.010467
0.010273 0.012489
0.010259 0.014345
0.010247 0.013100
0.010244 0.014628
0.010237 0.010310
0.010229 0.012851
0.010221 0.016074
0.010201 0.010248
0.010190 0.010462
0.010171 0.017689
0.010158 0.011673
0.010158 0.012428
0.010155 0.010338
0.010152 0.011048
0.010150 0.011401
0.010142 0.010602
0.010142 0.016633
0.010140 0.010806
0.010126 0.012054
0.010124 0.011773
0.010114 0.011932
0.010111 0.011956
0.010096 0.011121
0.010091 0.011101
0.010091 0.014738
0.010081 0.010547
0.010079 0.012609
0.010072 0.016027
0.010042 0.014202
0.010039 0.010057
0.010032 0.010109
0.010024 0.010877
0.010015 0.010146
0.010005 0.012665
0.009992 0.011022
0.009983 0.010481
0.009980 0.014411
0.009968 0.014658
0.009960 0.012583
0.009951 0.011341
0.009946 0.010369
0.009910 0.011110
0.009902 0.013724
0.009871 0.010167
0.009861 0.010600
0.009832 0.015315
0.009824 0.011261
0.009822 0.011420
0.009804 0.009932
0.009802 0.012104
0.009787 0.009936
0.009784 0.011871
0.009778 0.010846
0.009776 0.010120
0.009772 0.010299
0.009763 0.010206
0.009728 0.010894
0.009728 0.012286
0.009720 0.010434
0.009702 0.019009
0.009701 0.010822
0.009680 0.014577
0.009679 0.012395
0.009654 0.010364
0.009631 0.010578
0.009622 0.011768
0.009620 0.018575
0.009602 0.015215
0.009595 0.013411
0.009590 0.014396
0.009572 0.022927
0.009561 0.018625
0.009554 0.011790
0.009553 0.011123
0.009544 0.009617
0.009544 0.015250
0.009542 0.016376
0.009534 0.009602
0.009528 0.010057
0.009528 0.010779
0.009525 0.009833
0.009522 0.011148
0.009507 0.010216
0.009503 0.010854
0.009487 0.010565
0.009486 0.011689
0.009486 0.012515
0.009470 0.012164
0.009460 0.010296
0.009457 0.011187
0.009453 0.011969
0.009445 0.013934
0.009428 0.013258
0.009421 0.010453
0.009396 0.012503
0.009396 0.010490
0.009388 0.010358
0.009374 0.009605
0.009367 0.010710
0.009358 0.010665
0.009352 0.012290
0.009332 0.009822
0.009331 0.009500
0.009330 0.013423
0.009325 0.010128
0.009311 0.009377
0.009302 0.016959
0.009293 0.010040
0.009247 0.009479
0.009245 0.011244
0.009242 0.014988
0.009233 0.009973
0.009229 0.009521
0.009214 0.010271
0.009211 0.013985
0.009208 0.010690
0.009200 0.009870
0.009200 0.009786
0.009189 0.009902
0.009183 0.009856
0.009179 0.009794
0.009158 0.010115
0.009150 0.009522
0.009137 0.009880
0.009135 0.009989
0.009135 0.009142
0.009134 0.010181
0.009127 0.012837
0.009123 0.011369
0.009115 0.009266
0.009113 0.009234
0.009088 0.009582
0.009084 0.009431
0.009083 0.012687
0.009059 0.012543
0.009059 0.009530
0.009027 0.014894
0.009024 0.009504
0.009020 0.009057
0.009017 0.009395
0.008995 0.010991
0.008976 0.012345
0.008964 0.008965
0.008943 0.011855
0.008937 0.010481
0.008918 0.009711
0.008907 0.009111
0.008896 0.012668
0.008889 0.018659
0.008880 0.010535
0.008863 0.009001
0.008858 0.015744
0.008852 0.010705
0.008850 0.008896
0.008830 0.011458
0.008822 0.009764
0.008800 0.008965
0.008793 0.019875
0.008791 0.014772
0.008782 0.015843
0.008772 0.008870
0.008761 0.009965
0.008760 0.009265
0.008759 0.017824
0.008747 0.011584
0.008739 0.012662
0.008732 0.009217
0.008732 0.009680
0.008730 0.009088
0.008728 0.011338
0.008720 0.009567
0.008703 0.008906
0.008702 0.010045
0.008702 0.014015
0.008696 0.009524
0.008691 0.009455
0.008685 0.011790
0.008679 0.010096
0.008669 0.009410
0.008668 0.009823
0.008667 0.009985
0.008656 0.008678
0.008649 0.009295
0.008634 0.015298
0.008627 0.009200
0.008615 0.018382
0.008572 0.011846
0.008570 0.010267
0.008558 0.009931
0.008547 0.008939
0.008543 0.010974
0.008523 0.012198
0.008516 0.017098
0.008514 0.010862
0.008505 0.012258
0.008504 0.009971
0.008492 0.015505
0.008490 0.010182
0.008481 0.012799
0.008475 0.009255
0.008464 0.012878
0.008455 0.013946
0.008439 0.009365
0.008436 0.009346
0.008436 0.008998
0.008432 0.010462
0.008423 0.011212
0.008419 0.008841
0.008397 0.009408
0.008397 0.010057
0.008395 0.009843
0.008390 0.009092
0.008382 0.008951
0.008378 0.010311
0.008376 0.009247
0.008369 0.008510
0.008356 0.012488
0.008351 0.008990
0.008346 0.009926
0.008332 0.008676
0.008328 0.009461
0.008315 0.009894
0.008313 0.008757
0.008311 0.013615
0.008307 0.013052
0.008304 0.016846
0.008303 0.012712
0.008276 0.013156
0.008271 0.008549
0.008260 0.009999
0.008253 0.014507
0.008251 0.008893
0.008243 0.008584
0.008242 0.008321
0.008239 0.009024
0.008235 0.008902
0.008232 0.008840
0.008225 0.008476
0.008201 0.008778
0.008197 0.008356
0.008196 0.008762
0.008174 0.009306
0.008169 0.008618
0.008167 0.008806
0.008163 0.012805
0.008161 0.010342
0.008158 0.012068
0.008149 0.008943
0.008145 0.009639
0.008125 0.010502
0.008119 0.012085
0.008118 0.010301
0.008088 0.009002
0.008082 0.008244
0.008080 0.013083
0.008076 0.009117
0.008061 0.012037
0.008045 0.011163
0.008044 0.008656
0.008043 0.008178
0.008043 0.014515
0.008036 0.009119
0.008032 0.014842
0.008026 0.008814
0.008016 0.008350
0.008014 0.010176
0.008012 0.010748
0.008012 0.008659
0.008001 0.008282
0.007997 0.010441
0.007982 0.009223
0.007974 0.008517
0.007969 0.008195
0.007966 0.009166
0.007959 0.009887
0.007959 0.008252
0.007958 0.009350
0.007951 0.010521
0.007947 0.008578
0.007947 0.016872
0.007931 0.010351
0.007931 0.009536
0.007927 0.009426
0.007925 0.008269
0.007905 0.011998
0.007894 0.008049
0.007881 0.008339
0.007876 0.009917
0.007872 0.011148
0.007862 0.009573
0.007862 0.015080
0.007860 0.008388
0.007852 0.008071
0.007849 0.008609
0.007840 0.010097
0.007827 0.008504
0.007782 0.010334
0.007765 0.008102
0.007760 0.009264
0.007760 0.011711
0.007746 0.013033
0.007730 0.009784
0.007729 0.008462
0.007728 0.007814
0.007715 0.011253
0.007709 0.008802
0.007703 0.013371
0.007692 0.008806
0.007687 0.020544
0.007680 0.008263
0.007673 0.008239
0.007669 0.014210
0.007669 0.011606
0.007663 0.009085
0.007661 0.009030
0.007660 0.008123
0.007647 0.012601
0.007643 0.010222
0.007641 0.010026
0.007631 0.010818
0.007627 0.007777
0.007620 0.008181
0.007618 0.008935
0.007610 0.007644
0.007608 0.012137
0.007599 0.008623
0.007589 0.007816
0.007580 0.008826
0.007569 0.009275
0.007559 0.010190
0.007531 0.011903
0.007531 0.008400
0.007530 0.009334
0.007525 0.007768
0.007525 0.009641
0.007502 0.007611
0.007495 0.012320
0.007493 0.009549
0.007492 0.012618
0.007490 0.011584
0.007489 0.012238
0.007466 0.008493
0.007457 0.009072
0.007454 0.009786
0.007453 0.007573
0.007448 0.007953
0.007443 0.007919
0.007441 0.012747
0.007436 0.009333
0.007436 0.009995
0.007414 0.009929
0.007410 0.009248
0.007407 0.008205
0.007405 0.008568
0.007403 0.013660
0.007402 0.007541
0.007397 0.008315
0.007394 0.007699
0.007389 0.008899
0.007383 0.007644
0.007376 0.007487
0.007373 0.009350
0.007372 0.007750
0.007368 0.009840
0.007368 0.008175
0.007367 0.007504
0.007366 0.009753
0.007353 0.015466
0.007351 0.012578
0.007346 0.008001
0.007335 0.010675
0.007324 0.007798
0.007324 0.009646
0.007321 0.009722
0.007307 0.007786
0.007305 0.007510
0.007299 0.007679
0.007296 0.008851
0.007291 0.010119
0.007283 0.010443
0.007260 0.008702
0.007260 0.009072
0.007257 0.007440
0.007255 0.013590
0.007248 0.011834
0.007245 0.007644
0.007238 0.008485
0.007231 0.008464
0.007228 0.008351
0.007225 0.007367
0.007222 0.014598
0.007221 0.009430
0.007221 0.007904
0.007216 0.007230
0.007213 0.009063
0.007198 0.009742
0.007196 0.010161
0.007187 0.008312
0.007182 0.007447
0.007177 0.015497
0.007170 0.007748
0.007161 0.008961
0.007153 0.010371
0.007150 0.008417
0.007144 0.009197
0.007139 0.007286
0.007131 0.007593
0.007129 0.007180
0.007127 0.007365
0.007116 0.009701
0.007106 0.007135
0.007105 0.009515
0.007103 0.007295
0.007070 0.015488
0.007059 0.010385
0.007057 0.007805
0.007056 0.007495
0.007053 0.009803
0.007051 0.007198
0.007047 0.010748
0.007043 0.010616
0.007035 0.007222
0.007033 0.007836
0.007028 0.009417
0.007015 0.011829
0.006997 0.007462
0.006985 0.007210
0.006977 0.007281
0.006971 0.009185
0.006971 0.009084
0.006965 0.009398
0.006965 0.008743
0.006960 0.011190
0.006960 0.008724
0.006956 0.007236
0.006952 0.008194
0.006943 0.007124
0.006943 0.007630
0.006920 0.007425
0.006907 0.007168
0.006907 0.014777
0.006905 0.013563
0.006904 0.007486
0.006898 0.008851
0.006884 0.013050
0.006881 0.007474
0.006867 0.009633
0.006863 0.006937
0.006863 0.010195
0.006855 0.006883
0.006850 0.006906
0.006849 0.006856
0.006847 0.006864
0.006847 0.006861
0.006846 0.006977
0.006845 0.007992
0.006844 0.007409
0.006842 0.007544
0.006841 0.011308
0.006840 0.007908
0.006837 0.007305
0.006836 0.006995
0.006833 0.007866
0.006830 0.012360
0.006829 0.006887
0.006828 0.006903
0.006822 0.007006
0.006819 0.007271
0.006819 0.009283
0.006816 0.012441
0.006816 0.012698
0.006811 0.006940
0.006799 0.007343
0.006794 0.007686
0.006794 0.009376
0.006793 0.007957
0.006793 0.007037
0.006793 0.013160
0.006776 0.007054
0.006772 0.006933
0.006772 0.007565
0.006771 0.009034
0.006770 0.006948
0.006756 0.009458
0.006754 0.015516
0.006746 0.007653
0.006744 0.009173
0.006740 0.011054
0.006702 0.007794
0.006689 0.010405
0.006683 0.007207
0.006676 0.013251
0.006666 0.007026
0.006661 0.007556
0.006653 0.007658
0.006651 0.007404
0.006646 0.007581
0.006642 0.008281
0.006629 0.008831
0.006623 0.010783
0.006617 0.007191
0.006614 0.010471
0.006608 0.012314
0.006598 0.011569
0.006595 0.008053
0.006591 0.006917
0.006587 0.006787
0.006587 0.008397
0.006585 0.007105
0.006585 0.008361
0.006582 0.007243
0.006579 0.008337
0.006573 0.012313
0.006566 0.006774
0.006565 0.007808
0.006559 0.007308
0.006548 0.006914
0.006543 0.006944
0.006542 0.008239
0.006539 0.009530
0.006527 0.007823
0.006525 0.007039
0.006513 0.006947
0.006510 0.006971
0.006510 0.008320
0.006508 0.007398
0.006499 0.006799
0.006498 0.007322
0.006495 0.007613
0.006478 0.009505
0.006477 0.006564
0.006475 0.006726
0.006474 0.006482
0.006470 0.006791
0.006469 0.006742
0.006468 0.008382
0.006461 0.007320
0.006444 0.010772
0.006433 0.006677
0.006427 0.006670
0.006415 0.006498
0.006409 0.007638
0.006404 0.007113
0.006394 0.008752
0.006393 0.006572
0.006391 0.006686
0.006386 0.012264
0.006381 0.008856
0.006379 0.008350
0.006378 0.007703
0.006371 0.011488
0.006368 0.008992
0.006367 0.006604
0.006366 0.008065
0.006362 0.007327
0.006362 0.006578
0.006361 0.006923
0.006357 0.006592
0.006353 0.006449
0.006345 0.006627
0.006343 0.006878
0.006330 0.006336
0.006329 0.006631
0.006329 0.006843
0.006325 0.006418
0.006317 0.011571
0.006317 0.007478
0.006316 0.008635
0.006316 0.008016
0.006315 0.006578
0.006313 0.007878
0.006307 0.010589
0.006306 0.006662
0.006302 0.009178
0.006294 0.011541
0.006270 0.010620
0.006255 0.006427
0.006254 0.007531
0.006252 0.007814
0.006251 0.010017
0.006224 0.007087
0.006220 0.006905
0.006220 0.006562
0.006218 0.006926
0.006210 0.007185
0.006202 0.006616
0.006201 0.006613
0.006190 0.007172
0.006183 0.007086
0.006183 0.007471
0.006182 0.012662
0.006177 0.006331
0.006169 0.010663
0.006167 0.006549
0.006156 0.007739
0.006154 0.006957
0.006153 0.006380
0.006150 0.007660
0.006140 0.006186
0.006126 0.008378
0.006122 0.007090
0.006118 0.006233
0.006110 0.006783
0.006109 0.008961
0.006104 0.006366
0.006095 0.007310
0.006093 0.006626
0.006086 0.008159
0.006080 0.008414
0.006079 0.006380
0.006067 0.006107
0.006065 0.008079
0.006055 0.006068
0.006054 0.006229
0.006053 0.006198
0.006050 0.006095
0.006049 0.013976
0.006048 0.008957
0.006039 0.009215
0.006030 0.006634
0.006027 0.009009
0.006025 0.007182
0.006020 0.006070
0.006019 0.009098
0.006017 0.006569
0.006016 0.007024
0.006008 0.012622
0.006007 0.007680
0.005998 0.006021
0.005958 0.007364
0.005955 0.005977
0.005952 0.006976
0.005942 0.009796
0.005937 0.007663
0.005926 0.006504
0.005926 0.006195
0.005917 0.008679
0.005915 0.008134
0.005912 0.006183
0.005902 0.012376
0.005895 0.006470
0.005893 0.006259
0.005889 0.006436
0.005887 0.006259
0.005887 0.007098
0.005883 0.006681
0.005870 0.008371
0.005868 0.010331
0.005861 0.006051
0.005860 0.015329
0.005858 0.006108
0.005857 0.006571
0.005854 0.006566
0.005854 0.006064
0.005850 0.005856
0.005849 0.005905
0.005843 0.010022
0.005842 0.010077
0.005831 0.006226
0.005828 0.005996
0.005823 0.006963
0.005818 0.006527
0.005815 0.007540
0.005812 0.006337
0.005810 0.005894
0.005803 0.008284
0.005798 0.006496
0.005797 0.007546
0.005795 0.009236
0.005794 0.007917
0.005789 0.007148
0.005788 0.008368
0.005779 0.006157
0.005775 0.005827
0.005770 0.006766
0.005769 0.008698
0.005767 0.007292
0.005765 0.007216
0.005763 0.007082
0.005751 0.006140
0.005745 0.006565
0.005743 0.008755
0.005738 0.009412
0.005736 0.007886
0.005732 0.010989
0.005731 0.006141
0.005729 0.005795
0.005727 0.006762
0.005726 0.005825
0.005715 0.008660
0.005715 0.009398
0.005706 0.012233
0.005703 0.006080
0.005697 0.006508
0.005691 0.009124
0.005690 0.005855
0.005683 0.008919
0.005677 0.006500
0.005674 0.005739
0.005673 0.005811
0.005638 0.007303
0.005623 0.006273
0.005620 0.006020
0.005614 0.005654
0.005606 0.005925
0.005604 0.007159
0.005592 0.006298
0.005591 0.006768
0.005589 0.006061
0.005587 0.010150
0.005586 0.006516
0.005583 0.005755
0.005576 0.010573
0.005543 0.006642
0.005542 0.005819
0.005538 0.006747
0.005533 0.006287
0.005529 0.005561
0.005526 0.005865
0.005517 0.005779
0.005508 0.005570
0.005508 0.005593
0.005504 0.005809
0.005490 0.006256
0.005486 0.009843
0.005478 0.006031
0.005464 0.006693
0.005462 0.010729
0.005458 0.005522
0.005457 0.008871
0.005453 0.008375
0.005452 0.010346
0.005450 0.006065
0.005449 0.005656
0.005441 0.005650
0.005435 0.006364
0.005433 0.008314
0.005431 0.006047
0.005431 0.006749
0.005428 0.005862
0.005426 0.006338
0.005422 0.005886
0.005421 0.005800
0.005411 0.005490
0.005409 0.005455
0.005403 0.006291
0.005403 0.006077
0.005393 0.005524
0.005387 0.005414
0.005385 0.007118
0.005384 0.005460
0.005384 0.006146
0.005383 0.008700
0.005383 0.007192
0.005381 0.005489
0.005374 0.005757
0.005366 0.006255
0.005364 0.006112
0.005357 0.006400
0.005354 0.006752
0.005350 0.007169
0.005349 0.005599
0.005339 0.005646
0.005334 0.005501
0.005328 0.006485
0.005325 0.005839
0.005325 0.005555
0.005314 0.007264
0.005314 0.009429
0.005313 0.006639
0.005307 0.005824
0.005302 0.005800
0.005279 0.006214
0.005278 0.006849
0.005276 0.005962
0.005263 0.005459
0.005259 0.007004
0.005258 0.006873
0.005254 0.005260
0.005252 0.005400
0.005244 0.006219
0.005243 0.006365
0.005234 0.008733
0.005233 0.008415
0.005232 0.007128
0.005226 0.006530
0.005208 0.005999
0.005207 0.005526
0.005207 0.005399
0.005201 0.006636
0.005197 0.005839
0.005194 0.005761
0.005194 0.005366
0.005193 0.005648
0.005171 0.006117
0.005162 0.008005
0.005153 0.007870
0.005152 0.006030
0.005151 0.006052
0.005147 0.008171
0.005142 0.005938
0.005139 0.006057
0.005135 0.005153
0.005130 0.006237
0.005121 0.010689
0.005110 0.005120
0.005110 0.007902
0.005105 0.005178
0.005105 0.005272
0.005100 0.005682
0.005099 0.005237
0.005085 0.005711
0.005084 0.006441
0.005079 0.005184
0.005077 0.006505
0.005077 0.009403
0.005071 0.006226
0.005068 0.005537
0.005062 0.005954
0.005060 0.005690
0.005060 0.005243
0.005056 0.006507
0.005052 0.007352
0.005052 0.005162
0.005046 0.006148
0.005040 0.005096
0.005036 0.005195
0.005036 0.005084
0.005035 0.006081
0.005024 0.005377
0.005021 0.009106
0.005019 0.005371
0.005017 0.005069
0.005010 0.005218
0.005009 0.007049
0.004999 0.006186
0.004998 0.006958
0.004994 0.006529
0.004986 0.006162
0.004983 0.005524
0.004976 0.006400
0.004976 0.006041
0.004971 0.006395
0.004965 0.008414
0.004961 0.004989
0.004960 0.007286
0.004959 0.006408
0.004932 0.005220
0.004930 0.007789
0.004927 0.005235
0.004927 0.007087
0.004919 0.006694
0.004913 0.005737
0.004908 0.004923
0.004903 0.005471
0.004903 0.005106
0.004900 0.005272
0.004897 0.008682
0.004894 0.006165
0.004888 0.012113
0.004878 0.006083
0.004868 0.007007
0.004862 0.006881
0.004861 0.004953
0.004860 0.004911
0.004860 0.005163
0.004856 0.005788
0.004851 0.009197
0.004843 0.007260
0.004841 0.006623
0.004816 0.006584
0.004815 0.004839
0.004815 0.006230
0.004810 0.008430
0.004806 0.006158
0.004805 0.005345
0.004804 0.005170
0.004795 0.005095
0.004792 0.006203
0.004784 0.005966
0.004783 0.004943
0.004781 0.005259
0.004780 0.005635
0.004779 0.009235
0.004779 0.006027
0.004765 0.004858
0.004760 0.004786
0.004750 0.004884
0.004747 0.004753
0.004745 0.005874
0.004734 0.004836
0.004734 0.005028
0.004721 0.006647
0.004720 0.005998
0.004718 0.006384
0.004716 0.005801
0.004713 0.005336
0.004712 0.005230
0.004704 0.005210
0.004697 0.005883
0.004696 0.005687
0.004696 0.005032
0.004695 0.010749
0.004691 0.006720
0.004689 0.004737
0.004682 0.006448
0.004677 0.005817
0.004672 0.005315
0.004670 0.004947
0.004660 0.009146
0.004647 0.005962
0.004647 0.004776
0.004644 0.006871
0.004635 0.006666
0.004632 0.005761
0.004613 0.004774
0.004610 0.005705
0.004609 0.005931
0.004604 0.005782
0.004582 0.005195
0.004580 0.005215
0.004574 0.005904
0.004571 0.008784
0.004568 0.004796
0.004540 0.005656
0.004524 0.007872
0.004519 0.004747
0.004519 0.006916
0.004516 0.007864
0.004513 0.006400
0.004511 0.006196
0.004508 0.005069
0.004506 0.005709
0.004501 0.005153
0.004501 0.006226
0.004501 0.004876
0.004496 0.004514
0.004488 0.004872
0.004481 0.004964
0.004480 0.005465
0.004474 0.004780
0.004472 0.005182
0.004468 0.005291
0.004467 0.005648
0.004461 0.004876
0.004461 0.005254
0.004449 0.004822
0.004444 0.007391
0.004441 0.004575
0.004437 0.006309
0.004434 0.004656
0.004434 0.006621
0.004423 0.005325
0.004421 0.004430
0.004421 0.006707
0.004413 0.006894
0.004409 0.004448
0.004409 0.005179
0.004404 0.007367
0.004402 0.004867
0.004398 0.006669
0.004397 0.005305
0.004393 0.005565
0.004391 0.004927
0.004378 0.008075
0.004363 0.005165
0.004358 0.004801
0.004351 0.008500
0.004346 0.004452
0.004330 0.004556
0.004330 0.005997
0.004326 0.007242
0.004325 0.006400
0.004324 0.006838
0.004313 0.006638
0.004312 0.004920
0.004309 0.004503
0.004308 0.004408
0.004306 0.005513
0.004294 0.007414
0.004292 0.006664
0.004289 0.007967
0.004284 0.005699
0.004276 0.006866
0.004271 0.006148
0.004265 0.004752
0.004265 0.007041
0.004264 0.004308
0.004263 0.005415
0.004252 0.004757
0.004251 0.004718
0.004240 0.005343
0.004239 0.007331
0.004229 0.004922
0.004218 0.004650
0.004213 0.005269
0.004212 0.004514
0.004209 0.004890
0.004205 0.004451
0.004188 0.005949
0.004182 0.005303
0.004178 0.004978
0.004175 0.004474
0.004172 0.004338
0.004171 0.004811
0.004170 0.006237
0.004170 0.004918
0.004159 0.004329
0.004151 0.005513
0.004140 0.004776
0.004137 0.004830
0.004124 0.004270
0.004124 0.004568
0.004099 0.006803
0.004098 0.006959
0.004089 0.005963
0.004073 0.004816
0.004070 0.008486
0.004069 0.005571
0.004063 0.007240
0.004063 0.004941
0.004058 0.004175
0.004057 0.004343
0.004055 0.004714
0.004054 0.004686
0.004051 0.004233
0.004049 0.005624
0.004049 0.006381
0.004045 0.005481
0.004045 0.004619
0.004042 0.006845
0.004039 0.004373
0.004035 0.005729
0.004034 0.005061
0.004031 0.006282
0.004021 0.004204
0.004003 0.004562
0.004001 0.004553
0.003992 0.004880
0.003989 0.004557
0.003987 0.004177
0.003985 0.004699
0.003983 0.008663
0.003977 0.004776
0.003976 0.004148
0.003973 0.005552
0.003971 0.004063
0.003970 0.004632
0.003969 0.007575
0.003965 0.003968
0.003954 0.004015
0.003953 0.004388
0.003946 0.004323
0.003943 0.006721
0.003943 0.004858
0.003943 0.004177
0.003932 0.004599
0.003923 0.008337
0.003921 0.005491
0.003920 0.004570
0.003919 0.003947
0.003918 0.007739
0.003918 0.004480
0.003911 0.005098
0.003906 0.003971
0.003901 0.004385
0.003899 0.005343
0.003894 0.007179
0.003894 0.004633
0.003888 0.009763
0.003867 0.003984
0.003864 0.006183
0.003859 0.004006
0.003858 0.005898
0.003854 0.004106
0.003847 0.004395
0.003847 0.004074
0.003844 0.005037
0.003841 0.004347
0.003841 0.004773
0.003838 0.004441
0.003836 0.004119
0.003823 0.006011
0.003821 0.004721
0.003817 0.003835
0.003807 0.009107
0.003795 0.004519
0.003789 0.005561
0.003789 0.004077
0.003781 0.004550
0.003773 0.004157
0.003773 0.004418
0.003770 0.003997
0.003759 0.004818
0.003754 0.004806
0.003752 0.005305
0.003751 0.003799
0.003742 0.003860
0.003741 0.003878
0.003738 0.006250
0.003731 0.003875
0.003730 0.004176
0.003723 0.005538
0.003718 0.005127
0.003718 0.003858
0.003715 0.003741
0.003715 0.007325
0.003712 0.008541
0.003711 0.003807
0.003710 0.004365
0.003708 0.005644
0.003705 0.004176
0.003701 0.004357
0.003696 0.004545
0.003687 0.003849
0.003687 0.004071
0.003676 0.003852
0.003675 0.003982
0.003670 0.004480
0.003667 0.004444
0.003664 0.003720
0.003664 0.004718
0.003659 0.004166
0.003657 0.003837
0.003649 0.004020
0.003645 0.003675
0.003634 0.004093
0.003633 0.006896
0.003623 0.003867
0.003619 0.003762
0.003613 0.005405
0.003608 0.003873
0.003607 0.007414
0.003605 0.003764
0.003605 0.003856
0.003604 0.005347
0.003604 0.004690
0.003593 0.003659
0.003590 0.004825
0.003563 0.003838
0.003542 0.006073
0.003527 0.007170
0.003518 0.004528
0.003507 0.003729
0.003497 0.005314
0.003497 0.004918
0.003484 0.004064
0.003481 0.003879
0.003478 0.003625
0.003474 0.003800
0.003464 0.004414
0.003454 0.008511
0.003453 0.003648
0.003450 0.003550
0.003445 0.004178
0.003432 0.004420
0.003425 0.003783
0.003423 0.003904
0.003420 0.003578
0.003412 0.004603
0.003412 0.003502
0.003386 0.003896
0.003380 0.004405
0.003375 0.003839
0.003372 0.003785
0.003364 0.004367
0.003362 0.004910
0.003360 0.003432
0.003355 0.003622
0.003351 0.003896
0.003338 0.003912
0.003337 0.004159
0.003335 0.006075
0.003332 0.003491
0.003322 0.003619
0.003321 0.005598
0.003317 0.004239
0.003316 0.007589
0.003294 0.006612
0.003288 0.003839
0.003286 0.004027
0.003280 0.003305
0.003275 0.003944
0.003273 0.003525
0.003268 0.003882
0.003266 0.004799
0.003266 0.003776
0.003239 0.004927
0.003235 0.003557
0.003219 0.003677
0.003216 0.003647
0.003215 0.004694
0.003210 0.004070
0.003204 0.003325
0.003202 0.003708
0.003165 0.003726
0.003154 0.004337
0.003154 0.005059
0.003154 0.003171
0.003147 0.003270
0.003132 0.004397
0.003120 0.003212
0.003114 0.003869
0.003110 0.003360
0.003106 0.003416
0.003100 0.003158
0.003100 0.003153
0.003099 0.003620
0.003087 0.003106
0.003086 0.003161
0.003082 0.004399
0.003075 0.003757
0.003075 0.003312
0.003070 0.003279
0.003065 0.005762
0.003058 0.003787
0.003057 0.006037
0.003043 0.003079
0.003026 0.003193
0.003014 0.003073
0.002969 0.003092
0.002942 0.003975
0.002935 0.003010
0.002921 0.004109
0.002907 0.003218
0.002901 0.003634
0.002892 0.003080
0.002891 0.003352
0.002875 0.003028
0.002874 0.003448
0.002873 0.003130
0.002859 0.003945
0.002833 0.003089
0.002826 0.002884
0.002755 0.003056
0.002754 0.003390
0.002743 0.002786
0.002739 0.003258
0.002737 0.003477
0.002715 0.003079
0.002705 0.003439
0.002642 0.002997
0.002620 0.002838
0.002605 0.002769
0.002604 0.002755
0.002604 0.003137
0.002604 0.003121
0.002589 0.002693
0.002559 0.003339
0.002526 0.002729
0.002495 0.004415
0.002489 0.002662
0.002486 0.003108
0.002437 0.002570
0.002403 0.002800
0.002400 0.002468
0.002376 0.002409
0.002358 0.002834
0.002346 0.002630
0.002264 0.002302
0.002222 0.002337
0.002183 0.002492
0.002132 0.002257
0.002000 0.002337
0.001953 0.002227
0.001742 0.001804
0.001726 0.001936
0.001683 0.001775
0.001650 0.001712
0.001525 0.001590
0.001494 0.001672
0.001484 0.001518
0.001402 0.001539
0.000985 0.000999
