0.955433 0.957991
0.907920 0.998241
0.648489 0.654833
0.618145 0.643547
0.484398 0.489753
0.203897 0.229473
0.202838 0.209576
0.182010 0.184317
0.173487 0.178757
0.161439 0.171281
0.153730 0.156613
0.142824 0.150169
0.140899 0.141738
0.126677 0.130031
0.122313 0.122878
0.119141 0.120901
0.111707 0.114424
0.110722 0.110778
0.103649 0.109686
0.087976 0.088041
0.086233 0.086273
0.080994 0.084786
0.077750 0.080573
0.074666 0.075335
0.069892 0.073048
0.069753 0.069922
0.068601 0.068621
0.068366 0.068657
0.067661 0.068394
0.067631 0.068621
0.066883 0.069541
0.066590 0.066725
0.066408 0.070410
0.066227 0.068691
0.065744 0.076417
0.064114 0.071746
0.063115 0.065676
0.062658 0.064149
0.062528 0.063475
0.061801 0.066036
0.061141 0.062188
0.059464 0.062933
0.058737 0.062675
0.058034 0.061163
0.057727 0.059102
0.057178 0.059484
0.056501 0.057832
0.056414 0.061846
0.055200 0.060641
0.054997 0.056445
0.053061 0.053632
0.052800 0.053945
0.052683 0.054608
0.052142 0.055976
0.052080 0.054190
0.051871 0.055452
0.051357 0.052996
0.051216 0.052187
0.050983 0.051097
0.050220 0.053959
0.049248 0.049305
0.048775 0.048805
0.048474 0.051589
0.048055 0.052547
0.047940 0.050071
0.047392 0.053097
0.047275 0.052667
0.047228 0.049574
0.047088 0.049930
0.046449 0.046699
0.046276 0.046742
0.046147 0.046854
0.044486 0.045367
0.043940 0.046082
0.041104 0.043225
0.039392 0.040201
