0.087736 0.088175
0.085881 0.093918
0.079328 0.101661
0.073465 0.075439
0.072668 0.093501
0.070953 0.078418
0.070827 0.077060
0.070045 0.085384
0.066549 0.120013
0.066175 0.072848
0.065137 0.069972
0.064478 0.100471
0.064210 0.111911
0.063122 0.074334
0.059861 0.072969
0.059290 0.066172
0.058478 0.066781
0.058472 0.060528
0.055488 0.058642
0.055214 0.069888
0.054989 0.056412
0.054371 0.073086
0.053438 0.053846
0.052569 0.056699
0.052468 0.052617
0.052182 0.053752
0.052162 0.053716
0.051839 0.054858
0.051143 0.052474
0.051042 0.058498
0.050663 0.051935
0.049964 0.151556
0.049579 0.052577
0.049222 0.068438
0.049203 0.076793
0.048781 0.055776
0.047658 0.075283
0.047401 0.057592
0.046750 0.051964
0.046489 0.046600
0.046429 0.051648
0.045730 0.053248
0.045561 0.048181
0.045363 0.057219
0.043895 0.054291
0.042465 0.057359
0.041622 0.049543
0.041324 0.044776
0.040692 0.053245
0.039531 0.049877
0.039427 0.040999
0.039328 0.040468
0.038866 0.045908
0.038597 0.041305
0.037870 0.041310
0.037793 0.046242
0.037613 0.041581
0.037566 0.038277
0.036853 0.039099
0.036769 0.037907
0.035639 0.036269
0.035417 0.038912
0.035417 0.038257
0.035333 0.046595
0.035029 0.042229
0.034991 0.035982
0.034624 0.039933
0.034548 0.067094
0.034240 0.034275
0.034030 0.038087
0.033863 0.034462
0.033701 0.041423
0.033623 0.034006
0.033545 0.038906
0.033436 0.034707
0.033056 0.048331
0.032865 0.036956
0.032167 0.033040
0.031992 0.032988
0.031917 0.032459
0.031784 0.032787
0.031743 0.050024
0.031493 0.032482
0.031414 0.031728
0.031391 0.039935
0.031026 0.041504
0.030922 0.037894
0.030551 0.036327
0.030499 0.036437
0.030421 0.036960
0.030402 0.032795
0.030395 0.030418
0.030064 0.035504
0.030019 0.037799
0.029983 0.057101
0.029949 0.030625
0.029877 0.039048
0.029761 0.042676
0.029758 0.037381
0.029417 0.032697
0.029379 0.029653
0.029272 0.037686
0.029192 0.042030
0.029080 0.050549
0.029000 0.038059
0.028968 0.029360
0.028668 0.029213
0.028572 0.039551
0.028539 0.037088
0.028528 0.029242
0.028513 0.030926
0.028389 0.030034
0.028225 0.033139
0.028158 0.031951
0.027996 0.042614
0.027988 0.033225
0.027921 0.032277
0.027874 0.035762
0.027742 0.029271
0.027507 0.031693
0.027423 0.035269
0.027307 0.029932
0.027283 0.028848
0.027238 0.032130
0.027172 0.028869
0.027159 0.028024
0.027155 0.036604
0.026977 0.037892
0.026781 0.030155
0.026719 0.028831
0.026655 0.034184
0.026615 0.029054
0.026520 0.036086
0.026488 0.028342
0.026438 0.026752
0.026426 0.027702
0.026377 0.027888
0.026232 0.028892
0.026202 0.038327
0.026050 0.028308
0.025880 0.038395
0.025737 0.036373
0.025631 0.031119
0.025619 0.030102
0.025594 0.033823
0.025200 0.030453
0.025185 0.025953
0.025178 0.029050
0.025047 0.025097
0.025028 0.026669
0.024866 0.028558
0.024864 0.026712
0.024817 0.030641
0.024802 0.030619
0.024711 0.028799
0.024704 0.038725
0.024625 0.025602
0.024574 0.027355
0.024488 0.038777
0.024379 0.025589
0.024377 0.040471
0.024314 0.024681
0.024248 0.027098
0.024229 0.028977
0.024124 0.031826
0.024015 0.025054
0.023998 0.030287
0.023980 0.027646
0.023975 0.038521
0.023938 0.035432
0.023888 0.025929
0.023874 0.024894
0.023825 0.024431
0.023822 0.038727
0.023802 0.025011
0.023717 0.031494
0.023660 0.037413
0.023653 0.031057
0.023598 0.024611
0.023542 0.024028
0.023506 0.027647
0.023476 0.024048
0.023457 0.024417
0.023166 0.027481
0.023043 0.024484
0.022985 0.026035
0.022941 0.023611
0.022869 0.026933
0.022856 0.027440
0.022848 0.036599
0.022794 0.024670
0.022787 0.050714
0.022749 0.027862
0.022748 0.043252
0.022715 0.025029
0.022638 0.023236
0.022460 0.025700
0.022374 0.024698
0.022350 0.023836
0.022307 0.025972
0.022245 0.024877
0.022217 0.035571
0.022208 0.025027
0.022148 0.025293
0.022071 0.023986
0.021910 0.022781
0.021884 0.028354
0.021838 0.037047
0.021817 0.024627
0.021804 0.030662
0.021796 0.022957
0.021744 0.024837
0.021727 0.028745
0.021713 0.027183
0.021680 0.024947
0.021590 0.024687
0.021541 0.022421
0.021513 0.023123
0.021506 0.042575
0.021420 0.022411
0.021387 0.021910
0.021274 0.021558
0.021211 0.027309
0.021154 0.029622
0.021117 0.024055
0.021017 0.029424
0.020949 0.022149
0.020947 0.023522
0.020940 0.023209
0.020931 0.023942
0.020752 0.021234
0.020729 0.037553
0.020701 0.021147
0.020694 0.028981
0.020690 0.022084
0.020685 0.028159
0.020665 0.024421
0.020658 0.021838
0.020640 0.028864
0.020568 0.023246
0.020556 0.028897
0.020484 0.025220
0.020464 0.022585
0.020384 0.026267
0.020379 0.021207
0.020369 0.023472
0.020228 0.020913
0.020218 0.030696
0.020171 0.027683
0.020168 0.021677
0.020079 0.020728
0.020060 0.021223
0.020044 0.028391
0.020041 0.021351
0.019998 0.028557
0.019997 0.022475
0.019907 0.021003
0.019903 0.020944
0.019854 0.024033
0.019736 0.020677
0.019602 0.023600
0.019539 0.019576
0.019483 0.023119
0.019428 0.022650
0.019420 0.019983
0.019347 0.024965
0.019310 0.021086
0.019214 0.026451
0.019175 0.041887
0.019143 0.028353
0.019135 0.019869
0.019103 0.021541
0.019087 0.019628
0.019068 0.030940
0.019067 0.023992
0.019055 0.021241
0.019030 0.033511
0.018974 0.019009
0.018915 0.022297
0.018713 0.019391
0.018704 0.019112
0.018694 0.023050
0.018691 0.021224
0.018685 0.020975
0.018662 0.019500
0.018648 0.019207
0.018629 0.019010
0.018546 0.020148
0.018511 0.022355
0.018502 0.021911
0.018490 0.024548
0.018485 0.019993
0.018480 0.019123
0.018453 0.018482
0.018373 0.019534
0.018364 0.025121
0.018345 0.018588
0.018305 0.018809
0.018272 0.018686
0.018264 0.022798
0.018249 0.019076
0.018234 0.026109
0.018228 0.019358
0.018201 0.019821
0.018196 0.022664
0.018172 0.019642
0.018153 0.019652
0.018149 0.018875
0.018145 0.018440
0.018143 0.019529
0.018120 0.018916
0.018118 0.019259
0.018110 0.018532
0.018100 0.023298
0.018092 0.027897
0.018034 0.024725
0.017950 0.019892
0.017942 0.027674
0.017929 0.022004
0.017920 0.018349
0.017848 0.019434
0.017845 0.023015
0.017816 0.018697
0.017809 0.025395
0.017784 0.022726
0.017730 0.019298
0.017707 0.022163
0.017704 0.024236
0.017684 0.018598
0.017623 0.021790
0.017616 0.018237
0.017610 0.018758
0.017567 0.023979
0.017550 0.020154
0.017527 0.018804
0.017509 0.023512
0.017498 0.018774
0.017455 0.019097
0.017449 0.023612
0.017415 0.020457
0.017411 0.024029
0.017410 0.018474
0.017394 0.018562
0.017393 0.020076
0.017380 0.018476
0.017359 0.021464
0.017344 0.025201
0.017342 0.018119
0.017300 0.018950
0.017298 0.030150
0.017288 0.021627
0.017264 0.020111
0.017262 0.019342
0.017259 0.019974
0.017215 0.021462
0.017180 0.035505
0.017175 0.018285
0.017169 0.037072
0.017164 0.017402
0.017091 0.019889
0.017068 0.024897
0.017025 0.026880
0.017006 0.023599
0.016989 0.034038
0.016984 0.018407
0.016979 0.018713
0.016976 0.019312
0.016965 0.017420
0.016928 0.025142
0.016927 0.018490
0.016893 0.023817
0.016879 0.022572
0.016877 0.017280
0.016840 0.024831
0.016823 0.031452
0.016806 0.017907
0.016790 0.016924
0.016790 0.020340
0.016768 0.022322
0.016767 0.020846
0.016754 0.017333
0.016752 0.017536
0.016748 0.019999
0.016746 0.026115
0.016706 0.017373
0.016689 0.021760
0.016683 0.016689
0.016683 0.024115
0.016672 0.020189
0.016669 0.020660
0.016666 0.018196
0.016623 0.020278
0.016622 0.018677
0.016612 0.026453
0.016556 0.020871
0.016535 0.018941
0.016511 0.018599
0.016486 0.016960
0.016340 0.017595
0.016312 0.016776
0.016289 0.017153
0.016269 0.016484
0.016243 0.017909
0.016227 0.016924
0.016207 0.022766
0.016200 0.018342
0.016194 0.016309
0.016183 0.026543
0.016177 0.018561
0.016157 0.018744
0.016156 0.017087
0.016134 0.016961
0.016120 0.016360
0.016096 0.024214
0.016063 0.021183
0.016052 0.018972
0.016048 0.021331
0.016046 0.019192
0.016031 0.020693
0.016023 0.035331
0.016022 0.022955
0.016007 0.017617
0.015993 0.016546
0.015988 0.023243
0.015986 0.019585
0.015984 0.015989
0.015948 0.018056
0.015944 0.016823
0.015935 0.018872
0.015933 0.016538
0.015925 0.020936
0.015911 0.022772
0.015867 0.031991
0.015855 0.022137
0.015849 0.018381
0.015765 0.018807
0.015760 0.024259
0.015712 0.021352
0.015687 0.017235
0.015686 0.025705
0.015678 0.015727
0.015655 0.029238
0.015641 0.017986
0.015637 0.021864
0.015618 0.016276
0.015616 0.017012
0.015593 0.017719
0.015589 0.020993
0.015582 0.016234
0.015580 0.016499
0.015560 0.018058
0.015551 0.016538
0.015527 0.016452
0.015514 0.017749
0.015510 0.015910
0.015477 0.018460
0.015477 0.016625
0.015475 0.019208
0.015470 0.016739
0.015470 0.018471
0.015466 0.021183
0.015464 0.016249
0.015459 0.019268
0.015425 0.018598
0.015386 0.024450
0.015383 0.016973
0.015378 0.016604
0.015364 0.015589
0.015339 0.023683
0.015334 0.028138
0.015333 0.017693
0.015328 0.022145
0.015264 0.025932
0.015261 0.019346
0.015261 0.018925
0.015249 0.027859
0.015217 0.018011
0.015202 0.015342
0.015175 0.018775
0.015152 0.019361
0.015146 0.015291
0.015142 0.017722
0.015110 0.021230
0.015101 0.022223
0.015097 0.018672
0.015092 0.015157
0.015085 0.016333
0.015079 0.018104
0.015063 0.017187
0.015055 0.031243
0.015049 0.020566
0.015040 0.017050
0.015040 0.017871
0.015035 0.015301
0.015024 0.015577
0.015018 0.015831
0.015005 0.023435
0.014993 0.021989
0.014962 0.016518
0.014945 0.019377
0.014929 0.015853
0.014915 0.019328
0.014899 0.014963
0.014895 0.018383
0.014894 0.015153
0.014873 0.015462
0.014868 0.023171
0.014865 0.015059
0.014842 0.014880
0.014840 0.028550
0.014833 0.015023
0.014809 0.017666
0.014799 0.017037
0.014797 0.023622
0.014755 0.027074
0.014722 0.015686
0.014716 0.025546
0.014703 0.019872
0.014703 0.022338
0.014703 0.016347
0.014693 0.014818
0.014655 0.015761
0.014643 0.017364
0.014626 0.021674
0.014601 0.015689
0.014588 0.016441
0.014566 0.017314
0.014566 0.017451
0.014564 0.015362
0.014550 0.015103
0.014543 0.015138
0.014519 0.017619
0.014518 0.016469
0.014517 0.015793
0.014516 0.018405
0.014493 0.014534
0.014475 0.020809
0.014453 0.019529
0.014452 0.014872
0.014438 0.015167
0.014420 0.015055
0.014415 0.017314
0.014395 0.014627
0.014390 0.015600
0.014390 0.016497
0.014383 0.014789
0.014372 0.015807
0.014369 0.015688
0.014366 0.016031
0.014345 0.014669
0.014338 0.014637
0.014333 0.014977
0.014333 0.014594
0.014296 0.031616
0.014290 0.019644
0.014284 0.016240
0.014258 0.014469
0.014250 0.017247
0.014247 0.015648
0.014244 0.016722
0.014237 0.020722
0.014232 0.014825
0.014229 0.016155
0.014207 0.014328
0.014198 0.019921
0.014187 0.015247
0.014175 0.015101
0.014170 0.015360
0.014161 0.014248
0.014154 0.016177
0.014153 0.015718
0.014147 0.019614
0.014143 0.017340
0.014128 0.018161
0.014114 0.015953
0.014112 0.019242
0.014105 0.022090
0.014102 0.022696
0.014094 0.022731
0.014049 0.022444
0.014029 0.015249
0.014027 0.014602
0.014026 0.022092
0.014016 0.016848
0.013997 0.014005
0.013995 0.015569
0.013983 0.018034
0.013976 0.015030
0.013964 0.013975
0.013947 0.015517
0.013938 0.018823
0.013923 0.015635
0.013909 0.016387
0.013859 0.015816
0.013837 0.015913
0.013824 0.022840
0.013817 0.027172
0.013803 0.013808
0.013791 0.019833
0.013784 0.015795
0.013775 0.016832
0.013757 0.018457
0.013751 0.019364
0.013744 0.015949
0.013741 0.015056
0.013738 0.015921
0.013702 0.017992
0.013700 0.019567
0.013693 0.023390
0.013688 0.013811
0.013683 0.014255
0.013676 0.016591
0.013674 0.014050
0.013663 0.017631
0.013650 0.016399
0.013649 0.013967
0.013640 0.013672
0.013616 0.015177
0.013611 0.015410
0.013607 0.014615
0.013598 0.014683
0.013589 0.015469
0.013584 0.014276
0.013581 0.014270
0.013571 0.016758
0.013568 0.023815
0.013564 0.013756
0.013561 0.014875
0.013555 0.014461
0.013540 0.015433
0.013532 0.014197
0.013509 0.017476
0.013474 0.014156
0.013457 0.014142
0.013448 0.016331
0.013446 0.015631
0.013445 0.014754
0.013414 0.021643
0.013411 0.014489
0.013399 0.017372
0.013368 0.015778
0.013361 0.025783
0.013360 0.014510
0.013356 0.016141
0.013352 0.016913
0.013330 0.020216
0.013305 0.014568
0.013294 0.013343
0.013287 0.014975
0.013274 0.014061
0.013272 0.014168
0.013272 0.013878
0.013256 0.023177
0.013248 0.013363
0.013239 0.024605
0.013238 0.020462
0.013234 0.017929
0.013223 0.016030
0.013205 0.013413
0.013200 0.016638
0.013193 0.025580
0.013189 0.015759
0.013184 0.025971
0.013183 0.013200
0.013180 0.013398
0.013180 0.015924
0.013177 0.016148
0.013167 0.014456
0.013165 0.015666
0.013161 0.014292
0.013156 0.021078
0.013144 0.014803
0.013135 0.015211
0.013123 0.015676
0.013117 0.019478
0.013110 0.017485
0.013082 0.020048
0.013073 0.014257
0.013071 0.016613
0.013061 0.014373
0.013060 0.017516
0.013050 0.013459
0.013030 0.019306
0.013024 0.013593
0.013023 0.013465
0.013018 0.013608
0.013017 0.019247
0.013014 0.013728
0.013009 0.020477
0.013007 0.017591
0.013004 0.017917
0.012997 0.024610
0.012989 0.016266
0.012985 0.022201
0.012969 0.013057
0.012967 0.016309
0.012962 0.019707
0.012960 0.014310
0.012945 0.014399
0.012940 0.014957
0.012935 0.016723
0.012925 0.026905
0.012921 0.016567
0.012919 0.026180
0.012916 0.014298
0.012915 0.014391
0.012909 0.022254
0.012891 0.014918
0.012883 0.013653
0.012882 0.015000
0.012880 0.023996
0.012868 0.013294
0.012866 0.021024
0.012866 0.015818
0.012859 0.015600
0.012844 0.013708
0.012837 0.014447
0.012825 0.013133
0.012825 0.015877
0.012811 0.012835
0.012809 0.015032
0.012799 0.015456
0.012797 0.020749
0.012780 0.028289
0.012770 0.019398
0.012755 0.013975
0.012754 0.013251
0.012743 0.015692
0.012739 0.015647
0.012732 0.018837
0.012715 0.013221
0.012703 0.014257
0.012696 0.017289
0.012682 0.013775
0.012679 0.016225
0.012670 0.018250
0.012670 0.016851
0.012666 0.013098
0.012661 0.016954
0.012651 0.012904
0.012647 0.013730
0.012646 0.013071
0.012639 0.023744
0.012623 0.014730
0.012592 0.018707
0.012572 0.013828
0.012557 0.013143
0.012556 0.015343
0.012555 0.015861
0.012535 0.012928
0.012527 0.014349
0.012524 0.012600
0.012520 0.016498
0.012517 0.030265
0.012515 0.013482
0.012512 0.015151
0.012510 0.013249
0.012504 0.012669
0.012472 0.013486
0.012472 0.013900
0.012463 0.020291
0.012455 0.015048
0.012453 0.021169
0.012447 0.014987
0.012421 0.013614
0.012400 0.014328
0.012384 0.013539
0.012384 0.019095
0.012370 0.013225
0.012367 0.014264
0.012346 0.017854
0.012341 0.015875
0.012330 0.021591
0.012318 0.013732
0.012310 0.013762
0.012307 0.017161
0.012298 0.012594
0.012291 0.013639
0.012287 0.014958
0.012275 0.021061
0.012273 0.012526
0.012268 0.013808
0.012267 0.027076
0.012256 0.014702
0.012247 0.014309
0.012229 0.012327
0.012208 0.014685
0.012206 0.014108
0.012198 0.016004
0.012197 0.014021
0.012197 0.016463
0.012197 0.017600
0.012196 0.013453
0.012186 0.014628
0.012182 0.012553
0.012154 0.012208
0.012152 0.013227
0.012145 0.012287
0.012143 0.013290
0.012137 0.014120
0.012133 0.014349
0.012133 0.012243
0.012128 0.013879
0.012118 0.012158
0.012115 0.017447
0.012109 0.017555
0.012108 0.016168
0.012094 0.015004
0.012079 0.012506
0.012078 0.014847
0.012076 0.016376
0.012074 0.013652
0.012068 0.014270
0.012068 0.015299
0.012062 0.012862
0.012059 0.014394
0.012055 0.013049
0.012053 0.019737
0.012027 0.014165
0.012026 0.014493
0.012020 0.012567
0.012009 0.013813
0.011995 0.012242
0.011994 0.019400
0.011988 0.013060
0.011988 0.015314
0.011978 0.012300
0.011977 0.012323
0.011975 0.012955
0.011970 0.012230
0.011968 0.018981
0.011965 0.014148
0.011959 0.012014
0.011946 0.016104
0.011944 0.016613
0.011943 0.012730
0.011941 0.026784
0.011938 0.014243
0.011928 0.012472
0.011919 0.015528
0.011919 0.013465
0.011900 0.011901
0.011895 0.012909
0.011891 0.012199
0.011888 0.014225
0.011885 0.013229
0.011874 0.015218
0.011839 0.014280
0.011830 0.025348
0.011810 0.012136
0.011794 0.015951
0.011794 0.012147
0.011792 0.012085
0.011791 0.022743
0.011788 0.012724
0.011777 0.018762
0.011761 0.012053
0.011760 0.019600
0.011760 0.011793
0.011757 0.017411
0.011757 0.015154
0.011752 0.013588
0.011743 0.013664
0.011741 0.012561
0.011739 0.012216
0.011736 0.011941
0.011717 0.014722
0.011705 0.021483
0.011704 0.014117
0.011688 0.014644
0.011686 0.016055
0.011685 0.017374
0.011676 0.014990
0.011672 0.013661
0.011671 0.015165
0.011667 0.012364
0.011665 0.018578
0.011657 0.013689
0.011649 0.013040
0.011620 0.012655
0.011618 0.011631
0.011615 0.012265
0.011614 0.015429
0.011614 0.015373
0.011614 0.012142
0.011609 0.011978
0.011606 0.016869
0.011589 0.011929
0.011589 0.017373
0.011586 0.019921
0.011564 0.012838
0.011551 0.012789
0.011547 0.015330
0.011533 0.015051
0.011531 0.020416
0.011524 0.013812
0.011504 0.020530
0.011500 0.017501
0.011473 0.017910
0.011463 0.013198
0.011463 0.012846
0.011458 0.025044
0.011449 0.011538
0.011449 0.018408
0.011448 0.014852
0.011436 0.015019
0.011424 0.018085
0.011411 0.013474
0.011411 0.020591
0.011407 0.013107
0.011407 0.015179
0.011405 0.012757
0.011403 0.013473
0.011398 0.016094
0.011387 0.014218
0.011378 0.017637
0.011372 0.015425
0.011369 0.011770
0.011352 0.011425
0.011322 0.011467
0.011321 0.016231
0.011302 0.011427
0.011294 0.013616
0.011289 0.020639
0.011286 0.014177
0.011281 0.019529
0.011271 0.018561
0.011267 0.011777
0.011266 0.014570
0.011265 0.016355
0.011254 0.014417
0.011236 0.012601
0.011233 0.011264
0.011225 0.012672
0.011210 0.011737
0.011207 0.015443
0.011205 0.013149
0.011204 0.017941
0.011201 0.013829
0.011200 0.014184
0.011192 0.019355
0.011191 0.017782
0.011190 0.018240
0.011187 0.011914
0.011184 0.013278
0.011184 0.012305
0.011181 0.016525
0.011178 0.011480
0.011178 0.015135
0.011175 0.012829
0.011173 0.014243
0.011171 0.011701
0.011165 0.011670
0.011165 0.025179
0.011164 0.012026
0.011164 0.015568
0.011159 0.015029
0.011155 0.012187
0.011152 0.014101
0.011135 0.013688
0.011121 0.011789
0.011120 0.018720
0.011111 0.011610
0.011106 0.017900
0.011088 0.013775
0.011086 0.012154
0.011075 0.015049
0.011069 0.014305
0.011058 0.017399
0.011054 0.016917
0.011047 0.011786
0.011029 0.014423
0.011027 0.011992
0.011023 0.014774
0.011023 0.011165
0.011022 0.012059
0.011020 0.011603
0.011020 0.011727
0.011014 0.011687
0.011010 0.011868
0.011006 0.012895
0.011002 0.011024
0.010999 0.013576
0.010996 0.011113
0.010996 0.014881
0.010991 0.011092
0.010988 0.015165
0.010970 0.011441
0.010969 0.011491
0.010965 0.018252
0.010961 0.011631
0.010944 0.020445
0.010940 0.015302
0.010939 0.011830
0.010939 0.011793
0.010937 0.027616
0.010935 0.013069
0.010935 0.012356
0.010925 0.011090
0.010864 0.015234
0.010862 0.011003
0.010862 0.018552
0.010854 0.013334
0.010850 0.018904
0.010838 0.015853
0.010833 0.021779
0.010829 0.011413
0.010827 0.014121
0.010824 0.013439
0.010821 0.010998
0.010818 0.012132
0.010793 0.014602
0.010788 0.011948
0.010787 0.012305
0.010785 0.014927
0.010779 0.011737
0.010775 0.011624
0.010765 0.011295
0.010760 0.011306
0.010759 0.015850
0.010759 0.011214
0.010756 0.011423
0.010754 0.011432
0.010749 0.013761
0.010745 0.019211
0.010743 0.011975
0.010738 0.018251
0.010712 0.012227
0.010705 0.013946
0.010699 0.019678
0.010699 0.011011
0.010698 0.016444
0.010683 0.011803
0.010681 0.011657
0.010679 0.015930
0.010678 0.014295
0.010676 0.020306
0.010673 0.011278
0.010650 0.012959
0.010649 0.015417
0.010642 0.012111
0.010640 0.012253
0.010634 0.011058
0.010626 0.012760
0.010622 0.011216
0.010621 0.011194
0.010614 0.016843
0.010613 0.010713
0.010609 0.011767
0.010606 0.011512
0.010603 0.014751
0.010602 0.022960
0.010587 0.014657
0.010581 0.011655
0.010577 0.013051
0.010571 0.013518
0.010569 0.010892
0.010562 0.012409
0.010554 0.015726
0.010552 0.013582
0.010538 0.011222
0.010534 0.013699
0.010532 0.013685
0.010526 0.011516
0.010520 0.010949
0.010511 0.011276
0.010508 0.011104
0.010501 0.010701
0.010487 0.011863
0.010478 0.012428
0.010475 0.012930
0.010473 0.010607
0.010470 0.020040
0.010465 0.012054
0.010464 0.015635
0.010463 0.013224
0.010459 0.010513
0.010454 0.012820
0.010433 0.012034
0.010432 0.014717
0.010431 0.011057
0.010428 0.012232
0.010423 0.017253
0.010421 0.010782
0.010416 0.013592
0.010408 0.011535
0.010406 0.012721
0.010401 0.013342
0.010400 0.010950
0.010389 0.011882
0.010386 0.012605
0.010378 0.016055
0.010372 0.010636
0.010371 0.010388
0.010368 0.014599
0.010366 0.019140
0.010359 0.013485
0.010357 0.011049
0.010352 0.010677
0.010351 0.012550
0.010350 0.012557
0.010341 0.010454
0.010318 0.011369
0.010309 0.017481
0.010307 0.010748
0.010307 0.010543
0.010304 0.010497
0.010301 0.010553
0.010300 0.010851
0.010296 0.011556
0.010293 0.017216
0.010282 0.010720
0.010281 0.014333
0.010279 0.011454
0.010274 0.012929
0.010272 0.010870
0.010257 0.010485
0.010249 0.012741
0.010248 0.011974
0.010246 0.019683
0.010246 0.010390
0.010243 0.018872
0.010231 0.016168
0.010227 0.010292
0.010221 0.012809
0.010217 0.010813
0.010215 0.010918
0.010215 0.017599
0.010195 0.011097
0.010191 0.011797
0.010171 0.011304
0.010171 0.012093
0.010169 0.011573
0.010162 0.011550
0.010145 0.013178
0.010144 0.012119
0.010143 0.011360
0.010131 0.010632
0.010124 0.010989
0.010124 0.016317
0.010113 0.015044
0.010109 0.010920
0.010103 0.015983
0.010101 0.020437
0.010100 0.013607
0.010095 0.015746
0.010085 0.013805
0.010084 0.011445
0.010084 0.013987
0.010082 0.010620
0.010076 0.010397
0.010074 0.015346
0.010070 0.016629
0.010058 0.011148
0.010057 0.010805
0.010056 0.011692
0.010054 0.012083
0.010051 0.012070
0.010049 0.011807
0.010048 0.013389
0.010025 0.010918
0.010024 0.011129
0.010005 0.010078
0.010002 0.015437
0.009998 0.014723
0.009994 0.012238
0.009992 0.010759
0.009986 0.011469
0.009984 0.013722
0.009976 0.012594
0.009975 0.010240
0.009964 0.011889
0.009961 0.010974
0.009958 0.013294
0.009956 0.010479
0.009949 0.011425
0.009941 0.010000
0.009938 0.010444
0.009931 0.010662
0.009931 0.017501
0.009925 0.014371
0.009925 0.015304
0.009923 0.011880
0.009918 0.010687
0.009916 0.011454
0.009906 0.010212
0.009904 0.016074
0.009895 0.011185
0.009892 0.015489
0.009887 0.010600
0.009880 0.010785
0.009880 0.010228
0.009869 0.014798
0.009869 0.018516
0.009860 0.009953
0.009858 0.015931
0.009854 0.012068
0.009837 0.010881
0.009837 0.010237
0.009830 0.010525
0.009827 0.011277
0.009825 0.013346
0.009815 0.012323
0.009812 0.013225
0.009807 0.011069
0.009806 0.011534
0.009802 0.010901
0.009796 0.010123
0.009788 0.016009
0.009785 0.010963
0.009771 0.011548
0.009766 0.009937
0.009757 0.011472
0.009751 0.017239
0.009743 0.011330
0.009723 0.010045
0.009722 0.014967
0.009722 0.010314
0.009718 0.010374
0.009717 0.010316
0.009701 0.010195
0.009701 0.011459
0.009698 0.015632
0.009698 0.010059
0.009697 0.011649
0.009695 0.015517
0.009695 0.013551
0.009692 0.012749
0.009688 0.011280
0.009679 0.009958
0.009674 0.011499
0.009674 0.010728
0.009667 0.015968
0.009666 0.012860
0.009666 0.013555
0.009665 0.010314
0.009650 0.011549
0.009643 0.009974
0.009638 0.016311
0.009636 0.011204
0.009631 0.011599
0.009628 0.009939
0.009625 0.009647
0.009621 0.010030
0.009613 0.016314
0.009610 0.010399
0.009609 0.010141
0.009602 0.010317
0.009602 0.009968
0.009600 0.010377
0.009595 0.010403
0.009591 0.017762
0.009591 0.009951
0.009589 0.009615
0.009584 0.009984
0.009580 0.009635
0.009574 0.011395
0.009560 0.009679
0.009556 0.011019
0.009521 0.013449
0.009517 0.010613
0.009512 0.013879
0.009506 0.009510
0.009501 0.011070
0.009500 0.010750
0.009483 0.009807
0.009476 0.010190
0.009472 0.009830
0.009469 0.009503
0.009468 0.010326
0.009462 0.012309
0.009459 0.012124
0.009457 0.011798
0.009456 0.010362
0.009442 0.011218
0.009439 0.010221
0.009438 0.009459
0.009433 0.011892
0.009421 0.017725
0.009417 0.010790
0.009416 0.011925
0.009404 0.015900
0.009403 0.012665
0.009397 0.013036
0.009393 0.015068
0.009389 0.009808
0.009382 0.012956
0.009381 0.010479
0.009381 0.009449
0.009380 0.009649
0.009369 0.016599
0.009368 0.010699
0.009367 0.009982
0.009364 0.011681
0.009360 0.009407
0.009360 0.011648
0.009358 0.010293
0.009357 0.010262
0.009353 0.009706
0.009353 0.010240
0.009352 0.009845
0.009352 0.011145
0.009351 0.011999
0.009347 0.013496
0.009346 0.017519
0.009339 0.011732
0.009337 0.021919
0.009334 0.012470
0.009322 0.010845
0.009320 0.011624
0.009309 0.009377
0.009307 0.009496
0.009302 0.011321
0.009300 0.018040
0.009300 0.010728
0.009291 0.014330
0.009284 0.011115
0.009273 0.010245
0.009270 0.009877
0.009268 0.012892
0.009266 0.009677
0.009264 0.011387
0.009253 0.013528
0.009252 0.013176
0.009251 0.010326
0.009246 0.010066
0.009244 0.018939
0.009244 0.009401
0.009239 0.014974
0.009236 0.015826
0.009231 0.014037
0.009226 0.010905
0.009223 0.013688
0.009217 0.013663
0.009215 0.009511
0.009214 0.012967
0.009211 0.013166
0.009209 0.013782
0.009207 0.009512
0.009205 0.017331
0.009201 0.012507
0.009198 0.012797
0.009195 0.010879
0.009192 0.009472
0.009191 0.010913
0.009187 0.009969
0.009178 0.010235
0.009174 0.009679
0.009174 0.013408
0.009172 0.014673
0.009163 0.012897
0.009157 0.015817
0.009152 0.009826
0.009148 0.009170
0.009147 0.014418
0.009146 0.010657
0.009142 0.014427
0.009142 0.012452
0.009141 0.010508
0.009140 0.011072
0.009139 0.010304
0.009130 0.012719
0.009122 0.009700
0.009120 0.017547
0.009110 0.009560
0.009106 0.010751
0.009103 0.010628
0.009099 0.011365
0.009095 0.012977
0.009086 0.011305
0.009078 0.012977
0.009076 0.016813
0.009075 0.010003
0.009073 0.009528
0.009063 0.010193
0.009060 0.009706
0.009050 0.017207
0.009035 0.010424
0.009033 0.010854
0.009026 0.010523
0.009017 0.013313
0.009016 0.010339
0.009003 0.009735
0.009001 0.018864
0.008999 0.011667
0.008999 0.010864
0.008990 0.009277
0.008989 0.009489
0.008985 0.009090
0.008981 0.012065
0.008973 0.017921
0.008966 0.009141
0.008964 0.009408
0.008961 0.009201
0.008960 0.009411
0.008958 0.009765
0.008956 0.010888
0.008955 0.009762
0.008953 0.010059
0.008945 0.011894
0.008941 0.009125
0.008940 0.011575
0.008935 0.017084
0.008932 0.011469
0.008924 0.010113
0.008924 0.012708
0.008922 0.018641
0.008920 0.010014
0.008918 0.012842
0.008906 0.014759
0.008905 0.013563
0.008905 0.009939
0.008905 0.010873
0.008904 0.008977
0.008899 0.009931
0.008894 0.008999
0.008894 0.012686
0.008891 0.011420
0.008886 0.009231
0.008881 0.009371
0.008879 0.009929
0.008877 0.009678
0.008869 0.010773
0.008869 0.011680
0.008866 0.017500
0.008856 0.017233
0.008855 0.009407
0.008854 0.008893
0.008851 0.009024
0.008851 0.010851
0.008833 0.010676
0.008832 0.011403
0.008832 0.009805
0.008824 0.008963
0.008823 0.011851
0.008822 0.011752
0.008821 0.009945
0.008811 0.008878
0.008810 0.009452
0.008802 0.010356
0.008799 0.010996
0.008793 0.009002
0.008788 0.009745
0.008786 0.011131
0.008778 0.010906
0.008775 0.010997
0.008775 0.010402
0.008771 0.009212
0.008766 0.009603
0.008765 0.012353
0.008756 0.008819
0.008753 0.012986
0.008752 0.009702
0.008745 0.011990
0.008740 0.009939
0.008737 0.010296
0.008732 0.009017
0.008727 0.009055
0.008723 0.010770
0.008723 0.010953
0.008722 0.012968
0.008720 0.009668
0.008713 0.012699
0.008705 0.010265
0.008694 0.012235
0.008694 0.017741
0.008682 0.010343
0.008682 0.009157
0.008682 0.009286
0.008679 0.008892
0.008677 0.009238
0.008667 0.011402
0.008664 0.013228
0.008660 0.015105
0.008658 0.011748
0.008657 0.010010
0.008656 0.009537
0.008647 0.010269
0.008639 0.010442
0.008639 0.011798
0.008633 0.010413
0.008627 0.011125
0.008625 0.012874
0.008617 0.011772
0.008608 0.008878
0.008594 0.009143
0.008594 0.013651
0.008591 0.009528
0.008590 0.008736
0.008587 0.009310
0.008587 0.011272
0.008584 0.009194
0.008582 0.010788
0.008577 0.008844
0.008570 0.013446
0.008567 0.008751
0.008567 0.013826
0.008565 0.014266
0.008564 0.009020
0.008564 0.012998
0.008557 0.015776
0.008556 0.011234
0.008555 0.012378
0.008553 0.011036
0.008542 0.008549
0.008539 0.009583
0.008538 0.013676
0.008537 0.008932
0.008534 0.011489
0.008528 0.009103
0.008523 0.009110
0.008523 0.009854
0.008509 0.012177
0.008504 0.013067
0.008500 0.009946
0.008495 0.011182
0.008495 0.010991
0.008494 0.009354
0.008493 0.009143
0.008485 0.011029
0.008483 0.009542
0.008474 0.010698
0.008462 0.011827
0.008460 0.009448
0.008450 0.008688
0.008446 0.009810
0.008436 0.008689
0.008428 0.009012
0.008423 0.009648
0.008422 0.008701
0.008418 0.008544
0.008418 0.010510
0.008416 0.009253
0.008399 0.014232
0.008399 0.009013
0.008391 0.010443
0.008389 0.008485
0.008387 0.009251
0.008386 0.017338
0.008379 0.009204
0.008378 0.008776
0.008367 0.009078
0.008353 0.008403
0.008343 0.009633
0.008342 0.008554
0.008340 0.009436
0.008337 0.010868
0.008337 0.008843
0.008330 0.010018
0.008330 0.009224
0.008326 0.010146
0.008323 0.013211
0.008322 0.016928
0.008321 0.009655
0.008317 0.009747
0.008314 0.009251
0.008306 0.009368
0.008299 0.009646
0.008298 0.008339
0.008294 0.010583
0.008290 0.008578
0.008287 0.013495
0.008286 0.008850
0.008285 0.010548
0.008278 0.009132
0.008278 0.009996
0.008266 0.012712
0.008261 0.011068
0.008260 0.012125
0.008259 0.008383
0.008247 0.013031
0.008246 0.009305
0.008246 0.016137
0.008242 0.011542
0.008239 0.009064
0.008238 0.009013
0.008232 0.012974
0.008231 0.012319
0.008230 0.009526
0.008229 0.009224
0.008226 0.008402
0.008221 0.008898
0.008217 0.008413
0.008216 0.011239
0.008212 0.008274
0.008207 0.008841
0.008206 0.010184
0.008202 0.010624
0.008200 0.009623
0.008199 0.011492
0.008198 0.008719
0.008195 0.009317
0.008194 0.008645
0.008191 0.009973
0.008188 0.014964
0.008185 0.008351
0.008182 0.009193
0.008176 0.009114
0.008173 0.010359
0.008169 0.014396
0.008166 0.013931
0.008165 0.011715
0.008165 0.008178
0.008163 0.010463
0.008160 0.010845
0.008155 0.011731
0.008150 0.008782
0.008144 0.010127
0.008142 0.008319
0.008141 0.009648
0.008136 0.009025
0.008135 0.009497
0.008129 0.012896
0.008128 0.009541
0.008122 0.008744
0.008122 0.008543
0.008119 0.010481
0.008118 0.008283
0.008113 0.008729
0.008113 0.008586
0.008106 0.009044
0.008105 0.008331
0.008104 0.012077
0.008102 0.008847
0.008096 0.011291
0.008089 0.009600
0.008088 0.010763
0.008088 0.008150
0.008085 0.008498
0.008083 0.016675
0.008082 0.009029
0.008082 0.008682
0.008081 0.008258
0.008079 0.008590
0.008078 0.008237
0.008076 0.008218
0.008069 0.008958
0.008062 0.011215
0.008054 0.009341
0.008049 0.014991
0.008047 0.018013
0.008047 0.011775
0.008047 0.009016
0.008037 0.009925
0.008030 0.009027
0.008027 0.008736
0.008027 0.014337
0.008026 0.008819
0.008025 0.008750
0.008025 0.012606
0.008024 0.008675
0.008024 0.008908
0.008022 0.009814
0.008018 0.008383
0.008013 0.008099
0.008005 0.008520
0.008004 0.010789
0.008004 0.008507
0.008001 0.008379
0.007998 0.008047
0.007998 0.011000
0.007995 0.009043
0.007990 0.011933
0.007988 0.009259
0.007975 0.014606
0.007969 0.009918
0.007965 0.008692
0.007958 0.008780
0.007957 0.008320
0.007957 0.013520
0.007947 0.011529
0.007944 0.008333
0.007941 0.011847
0.007940 0.011568
0.007939 0.008620
0.007938 0.008947
0.007917 0.007954
0.007917 0.008000
0.007916 0.008773
0.007909 0.010579
0.007908 0.009268
0.007901 0.010117
0.007900 0.009687
0.007899 0.008459
0.007888 0.008121
0.007888 0.007909
0.007874 0.007933
0.007873 0.009590
0.007873 0.009070
0.007857 0.008098
0.007856 0.008074
0.007855 0.009773
0.007851 0.008332
0.007850 0.015404
0.007844 0.011048
0.007835 0.016495
0.007831 0.009322
0.007829 0.008364
0.007816 0.008777
0.007816 0.008863
0.007815 0.008611
0.007798 0.009744
0.007798 0.008852
0.007796 0.013059
0.007795 0.008821
0.007793 0.014670
0.007793 0.013761
0.007792 0.010945
0.007788 0.010448
0.007787 0.008894
0.007780 0.015928
0.007779 0.016316
0.007775 0.009161
0.007773 0.016521
0.007772 0.015544
0.007770 0.011586
0.007767 0.007840
0.007757 0.007854
0.007741 0.010767
0.007739 0.008383
0.007738 0.007985
0.007730 0.016998
0.007722 0.009099
0.007706 0.008507
0.007704 0.014100
0.007698 0.007953
0.007696 0.010793
0.007694 0.010711
0.007693 0.013096
0.007689 0.007895
0.007688 0.008914
0.007685 0.010980
0.007680 0.007952
0.007679 0.008643
0.007678 0.008305
0.007674 0.013358
0.007673 0.007834
0.007667 0.008095
0.007666 0.009724
0.007665 0.008053
0.007653 0.012370
0.007652 0.010517
0.007650 0.007702
0.007644 0.007742
0.007639 0.008282
0.007637 0.008773
0.007632 0.008788
0.007627 0.008351
0.007626 0.007890
0.007624 0.008585
0.007623 0.013591
0.007621 0.007995
0.007620 0.008720
0.007617 0.015453
0.007614 0.008092
0.007612 0.010585
0.007603 0.007655
0.007601 0.010100
0.007598 0.008533
0.007597 0.008174
0.007594 0.008113
0.007594 0.009702
0.007592 0.007654
0.007590 0.009826
0.007589 0.008323
0.007587 0.012436
0.007586 0.009026
0.007581 0.007860
0.007579 0.007873
0.007578 0.008411
0.007576 0.009773
0.007576 0.007736
0.007572 0.008240
0.007571 0.008988
0.007569 0.008062
0.007569 0.009708
0.007567 0.009611
0.007562 0.007976
0.007554 0.011194
0.007553 0.007911
0.007550 0.010907
0.007549 0.007587
0.007543 0.009319
0.007543 0.008574
0.007538 0.011937
0.007538 0.008252
0.007537 0.009035
0.007534 0.010184
0.007532 0.014059
0.007526 0.011842
0.007518 0.011384
0.007516 0.008193
0.007515 0.009993
0.007513 0.008226
0.007512 0.008701
0.007509 0.010150
0.007508 0.010254
0.007508 0.009971
0.007507 0.008028
0.007504 0.009715
0.007493 0.011707
0.007492 0.010955
0.007485 0.013331
0.007483 0.007714
0.007481 0.008860
0.007479 0.018469
0.007478 0.008446
0.007476 0.010383
0.007468 0.009518
0.007449 0.008379
0.007446 0.007637
0.007435 0.007626
0.007429 0.007479
0.007422 0.008452
0.007418 0.007566
0.007416 0.016526
0.007408 0.008049
0.007399 0.008946
0.007397 0.008901
0.007397 0.008971
0.007392 0.008169
0.007391 0.013820
0.007389 0.011799
0.007387 0.009549
0.007382 0.010500
0.007381 0.007965
0.007379 0.012738
0.007378 0.010085
0.007377 0.013851
0.007375 0.010554
0.007368 0.008538
0.007366 0.007492
0.007363 0.007546
0.007361 0.016909
0.007358 0.008158
0.007357 0.008195
0.007355 0.007391
0.007355 0.013394
0.007354 0.011701
0.007352 0.007880
0.007349 0.009163
0.007346 0.008205
0.007344 0.007720
0.007340 0.011878
0.007340 0.010930
0.007335 0.007356
0.007334 0.007375
0.007334 0.008121
0.007326 0.010055
0.007320 0.016158
0.007317 0.008623
0.007309 0.007359
0.007309 0.007657
0.007306 0.009808
0.007282 0.009970
0.007270 0.011102
0.007262 0.012733
0.007260 0.008121
0.007258 0.007453
0.007258 0.007463
0.007245 0.007359
0.007242 0.010899
0.007240 0.007997
0.007238 0.010885
0.007234 0.012930
0.007231 0.013889
0.007229 0.010978
0.007216 0.008021
0.007215 0.007667
0.007215 0.008236
0.007214 0.010636
0.007208 0.008611
0.007207 0.007972
0.007204 0.007965
0.007202 0.010277
0.007194 0.007235
0.007178 0.007553
0.007177 0.007708
0.007173 0.010507
0.007171 0.008833
0.007170 0.010113
0.007163 0.010877
0.007160 0.007792
0.007159 0.009716
0.007158 0.008227
0.007157 0.009950
0.007157 0.008202
0.007156 0.007602
0.007148 0.010730
0.007147 0.012172
0.007146 0.012139
0.007145 0.007282
0.007144 0.011968
0.007140 0.007832
0.007139 0.007396
0.007137 0.008473
0.007130 0.009668
0.007124 0.008001
0.007114 0.007916
0.007111 0.009842
0.007107 0.008009
0.007103 0.009450
0.007099 0.008713
0.007099 0.007314
0.007099 0.007191
0.007096 0.008408
0.007091 0.008156
0.007091 0.015062
0.007087 0.013168
0.007084 0.012468
0.007083 0.009046
0.007082 0.015528
0.007082 0.007103
0.007072 0.013038
0.007072 0.008968
0.007071 0.010646
0.007068 0.012917
0.007068 0.007396
0.007067 0.007372
0.007062 0.008975
0.007062 0.007716
0.007060 0.007227
0.007058 0.007498
0.007056 0.010535
0.007048 0.008912
0.007047 0.009642
0.007047 0.007763
0.007044 0.007632
0.007043 0.010301
0.007039 0.008142
0.007038 0.007859
0.007038 0.007689
0.007031 0.008794
0.007027 0.009702
0.007027 0.007358
0.007023 0.007329
0.007023 0.007025
0.007023 0.009098
0.007019 0.008798
0.007014 0.007291
0.007013 0.007788
0.007011 0.012893
0.007006 0.010879
0.007006 0.010057
0.007005 0.007802
0.007002 0.007932
0.007001 0.013655
0.006991 0.009453
0.006989 0.011999
0.006984 0.007157
0.006983 0.007511
0.006981 0.008096
0.006980 0.009180
0.006968 0.008960
0.006967 0.007110
0.006966 0.010551
0.006955 0.007241
0.006952 0.010508
0.006951 0.010837
0.006940 0.008481
0.006939 0.008422
0.006934 0.011564
0.006929 0.011717
0.006929 0.011365
0.006928 0.008737
0.006927 0.012654
0.006921 0.007256
0.006914 0.007625
0.006913 0.008045
0.006903 0.007102
0.006885 0.012119
0.006885 0.007897
0.006881 0.010284
0.006880 0.007947
0.006880 0.007036
0.006876 0.009892
0.006876 0.007221
0.006873 0.007490
0.006871 0.007432
0.006870 0.007781
0.006870 0.008496
0.006870 0.007327
0.006864 0.007839
0.006863 0.013309
0.006858 0.007350
0.006854 0.009598
0.006849 0.012334
0.006846 0.010503
0.006837 0.007871
0.006837 0.008397
0.006836 0.007495
0.006828 0.009321
0.006826 0.011379
0.006822 0.008453
0.006821 0.010665
0.006814 0.008583
0.006812 0.006842
0.006805 0.011386
0.006805 0.007266
0.006804 0.007125
0.006801 0.008855
0.006793 0.009981
0.006782 0.007205
0.006775 0.008545
0.006771 0.008119
0.006769 0.007918
0.006767 0.007658
0.006759 0.012963
0.006757 0.006856
0.006756 0.007081
0.006752 0.008548
0.006751 0.006775
0.006746 0.008004
0.006744 0.010100
0.006737 0.008936
0.006732 0.011765
0.006731 0.009980
0.006728 0.007048
0.006728 0.007705
0.006715 0.013598
0.006709 0.008236
0.006705 0.008186
0.006702 0.009107
0.006701 0.010988
0.006697 0.007604
0.006696 0.009026
0.006692 0.010979
0.006691 0.011953
0.006684 0.007320
0.006672 0.007017
0.006670 0.007963
0.006668 0.011907
0.006663 0.006741
0.006661 0.006835
0.006658 0.007550
0.006653 0.006875
0.006647 0.007401
0.006643 0.007204
0.006640 0.007923
0.006634 0.006799
0.006628 0.006874
0.006628 0.009661
0.006628 0.010482
0.006615 0.007308
0.006603 0.008729
0.006603 0.007535
0.006601 0.010054
0.006598 0.007677
0.006588 0.010213
0.006586 0.008183
0.006581 0.009271
0.006579 0.009485
0.006577 0.008782
0.006575 0.007466
0.006569 0.006848
0.006568 0.006844
0.006567 0.007664
0.006565 0.009065
0.006563 0.009091
0.006559 0.011011
0.006557 0.008467
0.006555 0.010674
0.006545 0.006945
0.006545 0.009609
0.006542 0.007080
0.006540 0.008061
0.006532 0.006753
0.006530 0.006647
0.006530 0.008006
0.006528 0.006623
0.006527 0.007139
0.006525 0.010965
0.006522 0.007136
0.006520 0.006803
0.006518 0.007262
0.006515 0.012265
0.006515 0.009039
0.006513 0.009084
0.006513 0.012553
0.006510 0.006618
0.006504 0.007665
0.006503 0.007963
0.006503 0.010937
0.006499 0.007037
0.006497 0.007428
0.006497 0.007235
0.006494 0.007571
0.006492 0.007172
0.006490 0.007876
0.006487 0.006579
0.006483 0.010159
0.006481 0.009923
0.006480 0.006559
0.006480 0.007657
0.006476 0.009246
0.006472 0.007750
0.006470 0.008746
0.006468 0.006782
0.006460 0.006862
0.006457 0.007094
0.006456 0.006937
0.006449 0.006927
0.006442 0.008984
0.006442 0.007051
0.006441 0.013630
0.006425 0.010868
0.006420 0.007462
0.006418 0.008996
0.006414 0.006869
0.006411 0.006542
0.006410 0.006696
0.006407 0.007205
0.006400 0.006968
0.006393 0.011460
0.006391 0.008616
0.006386 0.007429
0.006380 0.007653
0.006375 0.009167
0.006372 0.006487
0.006372 0.007264
0.006371 0.009943
0.006370 0.006938
0.006368 0.008740
0.006368 0.007248
0.006365 0.007492
0.006360 0.007602
0.006358 0.007064
0.006358 0.007140
0.006355 0.006456
0.006353 0.012509
0.006351 0.006961
0.006350 0.007817
0.006350 0.006731
0.006349 0.007756
0.006348 0.009044
0.006347 0.006646
0.006341 0.009559
0.006339 0.006375
0.006337 0.008338
0.006333 0.008786
0.006328 0.009866
0.006326 0.007987
0.006322 0.006384
0.006321 0.006500
0.006318 0.007012
0.006315 0.009389
0.006314 0.006332
0.006313 0.009325
0.006311 0.006716
0.006310 0.007922
0.006309 0.012019
0.006308 0.006308
0.006295 0.006866
0.006289 0.013481
0.006288 0.010875
0.006284 0.006382
0.006271 0.006853
0.006270 0.006314
0.006269 0.007483
0.006268 0.010013
0.006267 0.009596
0.006264 0.006337
0.006260 0.007737
0.006254 0.006842
0.006253 0.007257
0.006253 0.007512
0.006251 0.007599
0.006236 0.006342
0.006234 0.008711
0.006232 0.006533
0.006230 0.007244
0.006227 0.006351
0.006221 0.006402
0.006214 0.006554
0.006199 0.007216
0.006192 0.008185
0.006188 0.008210
0.006177 0.006733
0.006175 0.006222
0.006169 0.012926
0.006168 0.011857
0.006168 0.006696
0.006166 0.006668
0.006162 0.006195
0.006161 0.007626
0.006160 0.006445
0.006156 0.007802
0.006153 0.006388
0.006147 0.007254
0.006121 0.007419
0.006116 0.008683
0.006112 0.008406
0.006107 0.006509
0.006107 0.011262
0.006106 0.008226
0.006101 0.006372
0.006099 0.015391
0.006093 0.011096
0.006091 0.009308
0.006090 0.006136
0.006082 0.006448
0.006082 0.008900
0.006080 0.007011
0.006078 0.006195
0.006077 0.007213
0.006075 0.006537
0.006074 0.009721
0.006071 0.009848
0.006069 0.007286
0.006063 0.007666
0.006060 0.007262
0.006054 0.008437
0.006051 0.007002
0.006050 0.006131
0.006042 0.006895
0.006039 0.009388
0.006038 0.006938
0.006033 0.007720
0.006032 0.007236
0.006030 0.006087
0.006027 0.006274
0.006023 0.007864
0.006022 0.006776
0.006019 0.006969
0.006015 0.006864
0.006013 0.006213
0.006010 0.006881
0.006005 0.006033
0.005998 0.006759
0.005997 0.007544
0.005994 0.007340
0.005992 0.008071
0.005988 0.006090
0.005984 0.006394
0.005983 0.006272
0.005979 0.009962
0.005967 0.009439
0.005966 0.006984
0.005963 0.008057
0.005961 0.006478
0.005956 0.006524
0.005950 0.009077
0.005948 0.006534
0.005945 0.006438
0.005942 0.007178
0.005942 0.006313
0.005934 0.007218
0.005930 0.006193
0.005928 0.006571
0.005925 0.007438
0.005916 0.007288
0.005914 0.007983
0.005899 0.007552
0.005892 0.005913
0.005891 0.006092
0.005889 0.007277
0.005889 0.011480
0.005888 0.005974
0.005883 0.010051
0.005880 0.007641
0.005879 0.007188
0.005875 0.007512
0.005868 0.007869
0.005864 0.007626
0.005864 0.006528
0.005858 0.006823
0.005843 0.007739
0.005843 0.007277
0.005843 0.006367
0.005836 0.012387
0.005832 0.006123
0.005830 0.011153
0.005826 0.009669
0.005822 0.006614
0.005821 0.006022
0.005818 0.009555
0.005810 0.007415
0.005808 0.011299
0.005808 0.010099
0.005800 0.007165
0.005792 0.006481
0.005790 0.007619
0.005786 0.008904
0.005778 0.006144
0.005776 0.006942
0.005775 0.006072
0.005774 0.007698
0.005771 0.009218
0.005769 0.006011
0.005769 0.006798
0.005766 0.006076
0.005764 0.006995
0.005762 0.007027
0.005757 0.005851
0.005753 0.008489
0.005747 0.006384
0.005745 0.008486
0.005742 0.005849
0.005736 0.005968
0.005735 0.006209
0.005730 0.007711
0.005729 0.006707
0.005723 0.005766
0.005719 0.008971
0.005717 0.008084
0.005715 0.008072
0.005712 0.005912
0.005712 0.005729
0.005708 0.007452
0.005704 0.009988
0.005696 0.006159
0.005679 0.005813
0.005670 0.009492
0.005669 0.008407
0.005667 0.006612
0.005663 0.005948
0.005658 0.006366
0.005656 0.007282
0.005646 0.006684
0.005638 0.005887
0.005637 0.007572
0.005635 0.007843
0.005632 0.006484
0.005625 0.007448
0.005624 0.006252
0.005621 0.007157
0.005611 0.006379
0.005609 0.006729
0.005602 0.005788
0.005602 0.006689
0.005596 0.008374
0.005592 0.007495
0.005591 0.006434
0.005584 0.005778
0.005580 0.008439
0.005576 0.005997
0.005563 0.007672
0.005560 0.007415
0.005556 0.010647
0.005556 0.006134
0.005555 0.006159
0.005554 0.008013
0.005554 0.007089
0.005553 0.007212
0.005552 0.005788
0.005550 0.007274
0.005548 0.008891
0.005546 0.007488
0.005528 0.006475
0.005527 0.008724
0.005524 0.006400
0.005516 0.006747
0.005516 0.005950
0.005512 0.006294
0.005511 0.007679
0.005508 0.006026
0.005500 0.008236
0.005494 0.010120
0.005488 0.005655
0.005481 0.007355
0.005478 0.006119
0.005471 0.005839
0.005469 0.010309
0.005467 0.005934
0.005465 0.005940
0.005463 0.006883
0.005446 0.005583
0.005435 0.008204
0.005433 0.006525
0.005432 0.006318
0.005423 0.007617
0.005422 0.005625
0.005416 0.005635
0.005415 0.007008
0.005415 0.005747
0.005412 0.006028
0.005406 0.005504
0.005404 0.007971
0.005391 0.007379
0.005387 0.005621
0.005376 0.005447
0.005369 0.005869
0.005364 0.006915
0.005358 0.009926
0.005358 0.005890
0.005358 0.005821
0.005355 0.006228
0.005353 0.010613
0.005349 0.013139
0.005347 0.005411
0.005346 0.005906
0.005346 0.008821
0.005346 0.006065
0.005346 0.005686
0.005345 0.007174
0.005338 0.011623
0.005323 0.006259
0.005320 0.005451
0.005320 0.006305
0.005319 0.006173
0.005316 0.006517
0.005314 0.005810
0.005310 0.005479
0.005309 0.005960
0.005301 0.005672
0.005299 0.006844
0.005287 0.005473
0.005285 0.007646
0.005281 0.010627
0.005281 0.005934
0.005279 0.006140
0.005254 0.007553
0.005251 0.005308
0.005243 0.006793
0.005240 0.005402
0.005230 0.005447
0.005221 0.006087
0.005207 0.006609
0.005199 0.005215
0.005199 0.006924
0.005198 0.006227
0.005196 0.005435
0.005183 0.005854
0.005182 0.005912
0.005170 0.007409
0.005160 0.005485
0.005157 0.005400
0.005154 0.006656
0.005153 0.005528
0.005143 0.005418
0.005130 0.005850
0.005128 0.005879
0.005127 0.006893
0.005124 0.005271
0.005117 0.009137
0.005108 0.007586
0.005108 0.007321
0.005103 0.005299
0.005100 0.005604
0.005100 0.006135
0.005097 0.005542
0.005094 0.008305
0.005087 0.006249
0.005085 0.005179
0.005085 0.006043
0.005084 0.005900
0.005081 0.011006
0.005081 0.006371
0.005079 0.006563
0.005075 0.005787
0.005074 0.007576
0.005074 0.009087
0.005073 0.005409
0.005070 0.007926
0.005070 0.006965
0.005064 0.005427
0.005063 0.006113
0.005057 0.005861
0.005056 0.006225
0.005048 0.005355
0.005047 0.005151
0.005038 0.005081
0.005031 0.005240
0.005027 0.005188
0.005021 0.005945
0.005014 0.005842
0.005005 0.006319
0.004987 0.007650
0.004981 0.007290
0.004974 0.010769
0.004974 0.006966
0.004972 0.007706
0.004968 0.007027
0.004966 0.006629
0.004954 0.006995
0.004950 0.010217
0.004949 0.005051
0.004945 0.005319
0.004945 0.005158
0.004942 0.005865
0.004940 0.006523
0.004932 0.007859
0.004928 0.005637
0.004927 0.006423
0.004918 0.006855
0.004906 0.005361
0.004899 0.004933
0.004898 0.004933
0.004888 0.004932
0.004871 0.004972
0.004865 0.005133
0.004857 0.007426
0.004857 0.005679
0.004855 0.006043
0.004831 0.004908
0.004830 0.008526
0.004828 0.005971
0.004826 0.006305
0.004825 0.005344
0.004819 0.005451
0.004812 0.004858
0.004798 0.004996
0.004794 0.004840
0.004789 0.005527
0.004788 0.006964
0.004783 0.005230
0.004781 0.005236
0.004774 0.007760
0.004770 0.004931
0.004770 0.006291
0.004748 0.004814
0.004738 0.006724
0.004735 0.005036
0.004734 0.005099
0.004728 0.005078
0.004728 0.005249
0.004726 0.004770
0.004721 0.007227
0.004715 0.004751
0.004711 0.005368
0.004702 0.008469
0.004698 0.005625
0.004697 0.005291
0.004696 0.004797
0.004692 0.004756
0.004687 0.007795
0.004686 0.006320
0.004684 0.004830
0.004672 0.008123
0.004671 0.004678
0.004669 0.004958
0.004668 0.008180
0.004668 0.008180
0.004630 0.007211
0.004627 0.005302
0.004624 0.004773
0.004614 0.006911
0.004598 0.005240
0.004598 0.005072
0.004586 0.004860
0.004579 0.004974
0.004576 0.004592
0.004571 0.004782
0.004568 0.005109
0.004556 0.005264
0.004542 0.004604
0.004538 0.005255
0.004527 0.005239
0.004525 0.005004
0.004521 0.005091
0.004521 0.004887
0.004520 0.007346
0.004517 0.004900
0.004508 0.007690
0.004495 0.010539
0.004484 0.005588
0.004483 0.004631
0.004477 0.004624
0.004476 0.004945
0.004475 0.005204
0.004473 0.004591
0.004464 0.005631
0.004452 0.006922
0.004443 0.004885
0.004429 0.004924
0.004418 0.004529
0.004399 0.004572
0.004380 0.010071
0.004376 0.005140
0.004373 0.005155
0.004368 0.004679
0.004353 0.004404
0.004334 0.004890
0.004334 0.005748
0.004332 0.004436
0.004331 0.004420
0.004322 0.004340
0.004320 0.006692
0.004307 0.004498
0.004291 0.004799
0.004288 0.004851
0.004274 0.004563
0.004263 0.005871
0.004259 0.005681
0.004250 0.005074
0.004243 0.004702
0.004236 0.004252
0.004224 0.004250
0.004223 0.004729
0.004213 0.004659
0.004212 0.005110
0.004211 0.004439
0.004206 0.004285
0.004197 0.005131
0.004194 0.004321
0.004178 0.004312
0.004177 0.004497
0.004170 0.004714
0.004148 0.005623
0.004145 0.005266
0.004140 0.007107
0.004132 0.004362
0.004111 0.004673
0.004084 0.004155
0.004073 0.004674
0.004066 0.004966
0.004062 0.004882
0.004055 0.005479
0.004052 0.005025
0.004049 0.004234
0.004048 0.004853
0.004039 0.004110
0.004035 0.004495
0.004022 0.005135
0.004019 0.004364
0.004006 0.004389
0.003993 0.004339
0.003990 0.004416
0.003978 0.005027
0.003976 0.004552
0.003958 0.004330
0.003958 0.004296
0.003951 0.003987
0.003939 0.004433
0.003937 0.004038
0.003928 0.003975
0.003922 0.004806
0.003917 0.004764
0.003897 0.005091
0.003877 0.004010
0.003874 0.004929
0.003873 0.005052
0.003869 0.006240
0.003853 0.003975
0.003845 0.004229
0.003829 0.004234
0.003824 0.004452
0.003823 0.004692
0.003817 0.005878
0.003797 0.003983
0.003796 0.004162
0.003795 0.004522
0.003785 0.003965
0.003782 0.004484
0.003740 0.004000
0.003699 0.004014
0.003697 0.004600
0.003680 0.003954
0.003677 0.003998
0.003668 0.004042
0.003663 0.004204
0.003662 0.004052
0.003662 0.003780
0.003650 0.004194
0.003636 0.005561
0.003624 0.004121
0.003596 0.003756
0.003573 0.006883
0.003566 0.004105
0.003542 0.003759
0.003484 0.003901
0.003479 0.003962
0.003438 0.003919
0.003418 0.004029
0.003380 0.003844
0.003378 0.003383
0.003354 0.005971
0.003344 0.004020
0.003336 0.003555
0.003336 0.003589
0.003335 0.003975
0.003332 0.003653
0.003314 0.003656
0.003266 0.003587
0.003231 0.003714
0.003217 0.003416
0.003201 0.003546
0.003186 0.004078
0.003104 0.003114
0.003080 0.003227
0.003013 0.003116
0.003001 0.003540
0.002985 0.003323
0.002919 0.003118
0.002902 0.002954
0.002836 0.003114
0.002833 0.002918
0.002831 0.003167
0.002808 0.002852
0.002602 0.002991
0.002586 0.002644
0.002568 0.002959
0.002556 0.002978
0.002443 0.002845
0.002420 0.002598
0.002404 0.002852
0.002292 0.002445
0.002237 0.002264
0.002175 0.002473
0.002173 0.002414
0.002044 0.002137
0.001976 0.002386
