0.138141 0.138492
0.130428 0.144187
0.117940 0.120209
0.116879 0.134551
0.108324 0.109800
0.107830 0.110213
0.106536 0.117536
0.106203 0.120375
0.101813 0.109377
0.101295 0.129395
0.099785 0.121314
0.093374 0.117724
0.088363 0.095932
0.083567 0.094779
0.082289 0.086545
0.081672 0.083584
0.081520 0.109365
0.080408 0.097218
0.077714 0.087178
0.074503 0.075993
0.071812 0.072093
0.070984 0.081547
0.069685 0.074181
0.069207 0.101740
0.067556 0.077736
0.065852 0.081462
0.064289 0.068365
0.064162 0.067970
0.064038 0.066949
0.063885 0.064929
0.062610 0.096817
0.061552 0.063667
0.060525 0.089798
0.060454 0.062216
0.058064 0.063126
0.056815 0.066878
0.056067 0.068006
0.052634 0.067723
0.052605 0.053147
0.051874 0.063404
0.051122 0.057716
0.045985 0.070948
0.045796 0.067099
0.043367 0.045887
0.043290 0.046902
0.042826 0.043242
0.042369 0.052627
0.042102 0.060816
0.041988 0.046826
0.041870 0.054124
0.041489 0.046305
0.041293 0.049567
0.040878 0.041652
0.040236 0.041924
0.040159 0.050990
0.039958 0.041506
0.039506 0.070976
0.039458 0.057245
0.038031 0.042326
0.038005 0.050137
0.037294 0.051613
0.037243 0.058946
0.036665 0.047809
0.036207 0.050834
0.036119 0.048803
0.035903 0.042972
0.035677 0.035876
0.035532 0.038207
0.035340 0.040103
0.035093 0.040823
0.034959 0.035056
0.034166 0.043833
0.033816 0.037557
0.033343 0.039549
0.032576 0.058009
0.032464 0.033982
0.032379 0.037639
0.032236 0.034678
0.032073 0.033154
0.032020 0.033693
0.031954 0.045447
0.031611 0.032573
0.031470 0.034909
0.031228 0.038204
0.031204 0.035194
0.030991 0.032175
0.030898 0.031423
0.030686 0.031530
0.030583 0.032315
0.030510 0.032144
0.030473 0.050413
0.030441 0.033484
0.029848 0.038823
0.029654 0.039588
0.029497 0.032286
0.028813 0.030267
0.028793 0.031503
0.028767 0.057181
0.028489 0.037852
0.028160 0.038367
0.027945 0.055148
0.027693 0.032567
0.027682 0.031189
0.027570 0.042089
0.027539 0.041446
0.027400 0.034530
0.027311 0.028809
0.027038 0.036085
0.026941 0.029354
0.026843 0.030883
0.026761 0.027804
0.026748 0.029406
0.026732 0.035872
0.026724 0.027057
0.026531 0.036802
0.026480 0.038191
0.026278 0.026661
0.026267 0.030754
0.026236 0.032015
0.026157 0.035891
0.026027 0.056571
0.025766 0.034728
0.025611 0.045736
0.025585 0.026843
0.025557 0.029720
0.025446 0.032867
0.024942 0.030889
0.024885 0.025041
0.024506 0.025101
0.024129 0.040699
0.024088 0.024500
0.023983 0.025565
0.023879 0.024731
0.023837 0.028658
0.023817 0.026602
0.023794 0.024338
0.023522 0.030277
0.023494 0.023688
0.023406 0.035156
0.023406 0.035276
0.023129 0.025560
0.023099 0.028836
0.023049 0.023638
0.023047 0.040718
0.023004 0.031091
0.022849 0.031111
0.022783 0.022947
0.022748 0.024121
0.022729 0.050252
0.022671 0.035351
0.022639 0.024560
0.022590 0.028589
0.022341 0.028424
0.022286 0.024714
0.022281 0.022363
0.022255 0.027835
0.022223 0.022753
0.022195 0.025045
0.022156 0.028976
0.022094 0.035646
0.021957 0.030824
0.021869 0.023800
0.021847 0.033993
0.021832 0.021916
0.021756 0.022246
0.021640 0.025101
0.021611 0.034877
0.021551 0.022579
0.021508 0.029642
0.021495 0.025991
0.021385 0.025816
0.021335 0.027744
0.021261 0.025996
0.020938 0.035198
0.020918 0.033718
0.020846 0.022386
0.020789 0.021837
0.020685 0.024839
0.020670 0.026077
0.020668 0.022390
0.020643 0.021264
0.020638 0.020696
0.020583 0.021428
0.020449 0.024967
0.020410 0.020551
0.020224 0.022940
0.020199 0.021592
0.020083 0.021506
0.020033 0.023770
0.020029 0.023383
0.019953 0.027683
0.019931 0.025689
0.019895 0.023284
0.019859 0.023981
0.019811 0.021782
0.019740 0.021062
0.019716 0.024389
0.019712 0.020768
0.019522 0.023201
0.019286 0.019387
0.019285 0.019314
0.019249 0.027465
0.019215 0.020851
0.019146 0.020674
0.019058 0.020433
0.019056 0.025237
0.019037 0.021959
0.018902 0.019159
0.018756 0.019971
0.018751 0.030154
0.018616 0.027039
0.018542 0.018599
0.018540 0.023583
0.018530 0.023829
0.018490 0.021259
0.018451 0.019063
0.018406 0.019433
0.018377 0.018422
0.018359 0.021372
0.018358 0.021858
0.018358 0.020272
0.018222 0.020192
0.018209 0.020585
0.018172 0.027349
0.018121 0.023439
0.018077 0.027092
0.018046 0.019113
0.018030 0.020265
0.017981 0.018859
0.017970 0.020430
0.017969 0.024187
0.017938 0.019631
0.017899 0.018908
0.017898 0.018318
0.017852 0.020639
0.017771 0.019237
0.017717 0.019631
0.017710 0.018943
0.017657 0.018993
0.017647 0.028674
0.017625 0.023407
0.017616 0.021491
0.017610 0.018390
0.017469 0.017735
0.017452 0.022816
0.017445 0.018972
0.017362 0.024522
0.017310 0.025347
0.017270 0.030085
0.017267 0.017384
0.017239 0.023841
0.017165 0.018437
0.017087 0.019915
0.017080 0.017973
0.017060 0.021786
0.017023 0.017055
0.017022 0.027273
0.017011 0.021079
0.016965 0.021807
0.016941 0.019034
0.016908 0.027723
0.016795 0.017967
0.016787 0.016841
0.016770 0.019244
0.016760 0.027408
0.016756 0.018524
0.016692 0.023201
0.016678 0.018738
0.016617 0.020784
0.016569 0.016710
0.016546 0.027549
0.016473 0.020925
0.016436 0.020818
0.016430 0.020034
0.016428 0.025273
0.016405 0.022016
0.016370 0.018117
0.016331 0.030175
0.016329 0.030302
0.016291 0.018042
0.016262 0.017495
0.016248 0.020324
0.016239 0.025368
0.016183 0.016553
0.016139 0.023968
0.016106 0.016131
0.016104 0.019181
0.016094 0.018570
0.016089 0.016767
0.016080 0.016273
0.016061 0.017182
0.016004 0.018975
0.015974 0.017716
0.015953 0.016008
0.015948 0.016974
0.015932 0.028124
0.015866 0.022502
0.015850 0.020320
0.015834 0.016878
0.015827 0.016495
0.015815 0.017487
0.015810 0.026229
0.015743 0.016641
0.015712 0.021680
0.015664 0.018316
0.015652 0.016327
0.015630 0.017043
0.015616 0.017201
0.015574 0.016489
0.015536 0.016079
0.015504 0.016012
0.015492 0.017717
0.015455 0.017016
0.015451 0.015785
0.015420 0.021390
0.015415 0.017902
0.015299 0.017514
0.015214 0.032361
0.015214 0.016571
0.015193 0.016366
0.015168 0.016082
0.015151 0.015697
0.015079 0.017314
0.015041 0.015498
0.015020 0.015818
0.015016 0.015121
0.015011 0.015724
0.015000 0.016439
0.014996 0.025256
0.014995 0.017340
0.014989 0.016347
0.014986 0.015590
0.014951 0.017311
0.014942 0.015149
0.014942 0.019178
0.014839 0.015997
0.014812 0.015123
0.014804 0.016331
0.014796 0.015033
0.014777 0.014863
0.014722 0.019878
0.014720 0.015728
0.014710 0.017438
0.014651 0.019889
0.014638 0.023183
0.014615 0.015519
0.014577 0.021188
0.014567 0.029699
0.014538 0.021832
0.014525 0.016020
0.014522 0.015783
0.014484 0.014576
0.014477 0.020012
0.014473 0.016436
0.014439 0.016688
0.014433 0.020486
0.014424 0.016477
0.014423 0.014703
0.014415 0.023921
0.014395 0.017341
0.014362 0.015574
0.014334 0.015532
0.014334 0.025231
0.014298 0.018371
0.014283 0.016162
0.014276 0.015384
0.014250 0.015800
0.014245 0.018662
0.014244 0.028194
0.014233 0.014273
0.014232 0.014380
0.014230 0.026441
0.014220 0.014433
0.014218 0.014810
0.014195 0.018649
0.014158 0.015502
0.014151 0.014586
0.014140 0.015515
0.014109 0.016009
0.014106 0.018893
0.014104 0.014364
0.014101 0.015253
0.014095 0.016247
0.014094 0.016272
0.014081 0.021496
0.014077 0.014295
0.014057 0.017243
0.014026 0.014527
0.014011 0.018960
0.013991 0.014098
0.013933 0.014367
0.013919 0.015848
0.013894 0.017026
0.013892 0.014220
0.013827 0.016672
0.013810 0.013919
0.013789 0.032613
0.013786 0.015082
0.013750 0.014308
0.013749 0.019641
0.013744 0.013787
0.013708 0.016325
0.013707 0.014883
0.013668 0.017200
0.013653 0.016119
0.013644 0.015830
0.013639 0.022483
0.013631 0.013658
0.013628 0.019164
0.013613 0.014576
0.013592 0.013593
0.013572 0.017936
0.013545 0.017930
0.013534 0.020359
0.013514 0.016774
0.013493 0.013669
0.013491 0.017372
0.013453 0.013526
0.013440 0.015879
0.013433 0.014262
0.013361 0.013407
0.013359 0.015721
0.013296 0.017892
0.013277 0.014105
0.013274 0.014091
0.013274 0.013278
0.013249 0.021472
0.013214 0.021802
0.013214 0.015633
0.013206 0.014704
0.013154 0.015376
0.013138 0.024809
0.013105 0.013844
0.013058 0.013967
0.013056 0.019755
0.013038 0.018412
0.013033 0.013095
0.013014 0.013676
0.012994 0.015325
0.012980 0.014365
0.012961 0.015385
0.012950 0.019119
0.012949 0.014185
0.012935 0.015937
0.012918 0.023842
0.012900 0.016990
0.012868 0.013104
0.012822 0.016704
0.012810 0.013140
0.012790 0.013818
0.012763 0.017368
0.012757 0.013279
0.012749 0.015354
0.012725 0.021531
0.012714 0.015015
0.012714 0.014651
0.012712 0.018668
0.012707 0.016835
0.012706 0.013084
0.012695 0.013065
0.012685 0.012709
0.012677 0.013533
0.012644 0.014061
0.012638 0.012754
0.012631 0.013102
0.012622 0.014808
0.012615 0.012791
0.012608 0.012878
0.012601 0.014078
0.012589 0.018948
0.012578 0.018378
0.012576 0.013007
0.012564 0.012702
0.012555 0.012729
0.012524 0.016395
0.012519 0.021093
0.012509 0.012915
0.012498 0.012553
0.012485 0.018431
0.012481 0.012624
0.012453 0.015677
0.012446 0.012831
0.012431 0.013778
0.012421 0.012959
0.012413 0.015410
0.012406 0.018287
0.012391 0.012580
0.012378 0.013194
0.012370 0.014595
0.012355 0.015603
0.012350 0.017038
0.012344 0.015261
0.012340 0.012440
0.012340 0.012394
0.012333 0.014667
0.012330 0.017013
0.012324 0.015701
0.012312 0.014226
0.012278 0.015240
0.012275 0.015069
0.012273 0.023067
0.012272 0.020525
0.012259 0.012602
0.012257 0.012372
0.012239 0.012525
0.012229 0.014536
0.012215 0.018290
0.012209 0.013071
0.012194 0.016174
0.012183 0.012269
0.012170 0.012232
0.012144 0.013024
0.012133 0.012746
0.012128 0.019734
0.012125 0.017963
0.012093 0.013928
0.012092 0.012337
0.012090 0.015543
0.012089 0.014161
0.012088 0.012396
0.012083 0.015318
0.012050 0.013166
0.012035 0.012294
0.012025 0.014944
0.011996 0.014662
0.011995 0.018959
0.011992 0.013884
0.011983 0.012054
0.011981 0.014301
0.011969 0.014039
0.011965 0.013761
0.011960 0.012147
0.011956 0.015423
0.011955 0.015182
0.011954 0.014890
0.011933 0.013125
0.011902 0.013624
0.011900 0.012247
0.011898 0.015783
0.011895 0.012770
0.011891 0.011937
0.011880 0.017020
0.011849 0.013701
0.011848 0.012047
0.011821 0.014152
0.011818 0.012296
0.011806 0.013694
0.011785 0.017656
0.011785 0.013566
0.011749 0.019756
0.011745 0.011889
0.011740 0.013819
0.011728 0.012147
0.011707 0.022313
0.011694 0.012022
0.011657 0.013807
0.011635 0.017782
0.011628 0.012367
0.011597 0.014839
0.011587 0.014297
0.011553 0.011812
0.011536 0.011767
0.011532 0.012915
0.011529 0.018842
0.011519 0.027869
0.011517 0.013112
0.011517 0.011555
0.011494 0.020030
0.011490 0.021498
0.011487 0.013721
0.011484 0.011880
0.011482 0.017719
0.011475 0.011617
0.011464 0.012129
0.011456 0.017738
0.011427 0.014519
0.011424 0.019558
0.011403 0.011653
0.011398 0.014151
0.011388 0.011806
0.011380 0.013045
0.011372 0.013483
0.011362 0.011493
0.011360 0.014748
0.011354 0.011518
0.011344 0.012567
0.011338 0.012603
0.011328 0.012409
0.011327 0.021668
0.011303 0.012398
0.011302 0.014245
0.011296 0.011376
0.011291 0.011374
0.011248 0.013672
0.011219 0.012347
0.011216 0.013320
0.011211 0.012983
0.011197 0.020701
0.011189 0.012895
0.011169 0.012058
0.011163 0.013119
0.011156 0.014067
0.011130 0.011231
0.011124 0.014702
0.011105 0.011602
0.011098 0.014680
0.011095 0.012359
0.011091 0.020650
0.011079 0.014544
0.011075 0.011854
0.011068 0.012773
0.011064 0.013231
0.011055 0.011220
0.011055 0.019057
0.011047 0.012898
0.011043 0.012895
0.011011 0.014799
0.011004 0.011387
0.011002 0.011888
0.010991 0.012146
0.010989 0.016951
0.010988 0.011342
0.010979 0.014983
0.010977 0.011065
0.010965 0.012209
0.010956 0.012086
0.010945 0.012663
0.010943 0.013316
0.010923 0.012167
0.010900 0.013007
0.010896 0.011987
0.010894 0.017204
0.010889 0.018047
0.010885 0.011064
0.010883 0.014386
0.010870 0.011283
0.010869 0.013554
0.010869 0.012985
0.010859 0.010864
0.010841 0.013810
0.010836 0.011588
0.010832 0.011181
0.010832 0.012559
0.010820 0.016655
0.010811 0.011798
0.010795 0.012613
0.010788 0.013705
0.010772 0.015023
0.010754 0.011161
0.010750 0.015732
0.010749 0.014642
0.010748 0.010788
0.010746 0.013539
0.010738 0.011992
0.010732 0.013891
0.010727 0.013043
0.010705 0.012771
0.010696 0.012981
0.010691 0.021187
0.010681 0.011028
0.010674 0.016015
0.010659 0.013360
0.010651 0.016227
0.010650 0.017481
0.010649 0.010884
0.010646 0.014041
0.010642 0.012441
0.010641 0.012622
0.010640 0.010827
0.010621 0.019715
0.010616 0.014435
0.010610 0.022968
0.010608 0.011045
0.010597 0.015781
0.010593 0.011003
0.010590 0.013661
0.010589 0.011183
0.010579 0.011001
0.010577 0.011266
0.010572 0.011310
0.010533 0.011390
0.010529 0.010750
0.010510 0.011130
0.010505 0.013757
0.010501 0.011894
0.010494 0.011135
0.010488 0.021718
0.010472 0.012427
0.010464 0.020798
0.010454 0.016067
0.010444 0.022463
0.010440 0.012548
0.010438 0.010491
0.010427 0.011824
0.010427 0.018973
0.010426 0.011502
0.010407 0.014378
0.010402 0.010446
0.010402 0.011434
0.010398 0.012050
0.010385 0.016256
0.010374 0.014592
0.010371 0.011484
0.010370 0.011020
0.010367 0.010787
0.010347 0.011341
0.010335 0.012753
0.010333 0.013144
0.010321 0.010818
0.010294 0.014339
0.010282 0.011087
0.010274 0.015143
0.010272 0.011111
0.010269 0.021399
0.010257 0.013778
0.010255 0.012143
0.010245 0.010761
0.010223 0.012837
0.010211 0.011897
0.010205 0.011534
0.010201 0.011135
0.010190 0.011649
0.010164 0.010616
0.010157 0.010876
0.010149 0.015112
0.010135 0.011710
0.010125 0.014659
0.010090 0.010296
0.010084 0.011996
0.010081 0.010980
0.010080 0.012457
0.010071 0.011859
0.010070 0.010166
0.010063 0.010339
0.010054 0.017447
0.010054 0.013845
0.010052 0.010476
0.010031 0.010150
0.010028 0.010709
0.010023 0.014714
0.010017 0.014438
0.010010 0.011553
0.010001 0.012909
0.009997 0.010209
0.009962 0.014450
0.009956 0.010220
0.009949 0.016521
0.009940 0.010140
0.009939 0.013119
0.009935 0.016356
0.009893 0.012913
0.009881 0.011946
0.009874 0.010092
0.009840 0.013461
0.009822 0.013798
0.009819 0.011931
0.009818 0.018538
0.009810 0.010123
0.009796 0.009899
0.009790 0.012618
0.009785 0.013192
0.009766 0.010795
0.009752 0.017079
0.009740 0.016158
0.009734 0.010615
0.009726 0.014727
0.009723 0.010214
0.009714 0.011435
0.009705 0.014573
0.009689 0.010588
0.009688 0.010417
0.009676 0.010791
0.009667 0.012083
0.009656 0.009871
0.009647 0.010145
0.009646 0.012283
0.009626 0.009910
0.009621 0.009858
0.009616 0.009901
0.009613 0.012778
0.009607 0.010859
0.009597 0.013802
0.009592 0.012724
0.009572 0.009901
0.009566 0.022687
0.009559 0.010352
0.009555 0.011276
0.009534 0.010978
0.009528 0.012230
0.009527 0.010120
0.009522 0.011140
0.009515 0.009756
0.009514 0.009998
0.009511 0.011716
0.009507 0.010559
0.009498 0.010453
0.009492 0.011087
0.009490 0.016291
0.009489 0.013290
0.009476 0.010484
0.009473 0.017141
0.009467 0.009808
0.009467 0.013130
0.009465 0.010458
0.009464 0.009803
0.009458 0.013895
0.009458 0.017040
0.009442 0.009727
0.009434 0.010404
0.009433 0.013070
0.009424 0.011934
0.009421 0.014511
0.009420 0.013766
0.009406 0.009521
0.009403 0.012201
0.009390 0.009489
0.009386 0.010629
0.009382 0.010992
0.009375 0.012190
0.009367 0.012565
0.009359 0.015325
0.009352 0.016750
0.009338 0.010213
0.009334 0.009849
0.009333 0.011019
0.009324 0.010867
0.009323 0.013207
0.009314 0.013486
0.009314 0.009942
0.009306 0.010267
0.009304 0.019008
0.009281 0.013225
0.009275 0.015365
0.009274 0.010137
0.009273 0.018517
0.009261 0.010533
0.009250 0.012262
0.009246 0.013128
0.009236 0.010176
0.009232 0.010324
0.009231 0.009733
0.009216 0.010995
0.009210 0.010040
0.009209 0.011247
0.009191 0.010121
0.009188 0.018908
0.009188 0.011517
0.009182 0.009402
0.009182 0.009871
0.009173 0.012340
0.009172 0.019542
0.009169 0.011100
0.009168 0.009306
0.009164 0.010525
0.009163 0.009348
0.009152 0.009700
0.009139 0.011624
0.009137 0.011933
0.009131 0.014885
0.009125 0.009270
0.009119 0.013127
0.009117 0.018081
0.009116 0.010068
0.009113 0.011369
0.009097 0.011587
0.009094 0.009810
0.009092 0.010204
0.009090 0.015778
0.009089 0.010519
0.009077 0.010091
0.009077 0.009492
0.009064 0.009565
0.009057 0.009538
0.009052 0.011178
0.009040 0.010017
0.009031 0.015413
0.009023 0.016881
0.009022 0.011440
0.009019 0.009691
0.009011 0.011379
0.008990 0.009199
0.008982 0.009409
0.008972 0.009154
0.008955 0.009775
0.008953 0.015663
0.008949 0.011311
0.008948 0.010485
0.008942 0.009094
0.008939 0.013187
0.008939 0.009678
0.008932 0.009092
0.008914 0.019322
0.008914 0.010505
0.008904 0.009969
0.008900 0.008913
0.008887 0.012644
0.008886 0.011346
0.008886 0.008976
0.008873 0.009670
0.008866 0.012262
0.008864 0.017865
0.008859 0.010909
0.008856 0.012353
0.008853 0.010961
0.008845 0.011796
0.008838 0.010683
0.008828 0.009694
0.008816 0.010247
0.008799 0.010654
0.008782 0.013381
0.008771 0.009263
0.008751 0.019847
0.008751 0.014011
0.008748 0.009342
0.008747 0.010342
0.008742 0.012848
0.008736 0.013442
0.008736 0.011311
0.008729 0.018117
0.008722 0.011698
0.008719 0.009018
0.008701 0.013929
0.008692 0.019136
0.008684 0.012363
0.008681 0.009174
0.008675 0.022570
0.008672 0.016222
0.008667 0.008826
0.008666 0.009070
0.008661 0.014099
0.008661 0.008721
0.008661 0.010000
0.008638 0.009356
0.008634 0.008847
0.008625 0.009341
0.008623 0.011661
0.008621 0.013509
0.008619 0.015232
0.008613 0.012252
0.008604 0.010096
0.008601 0.010479
0.008598 0.008682
0.008594 0.008655
0.008589 0.009292
0.008586 0.008722
0.008585 0.009549
0.008572 0.013560
0.008571 0.009306
0.008571 0.009662
0.008565 0.009119
0.008564 0.009217
0.008561 0.012827
0.008560 0.008930
0.008555 0.011417
0.008553 0.010590
0.008538 0.009443
0.008535 0.012436
0.008534 0.011995
0.008533 0.012021
0.008494 0.009081
0.008485 0.008589
0.008482 0.011365
0.008470 0.009205
0.008468 0.008569
0.008463 0.010184
0.008457 0.014862
0.008455 0.009853
0.008448 0.009951
0.008440 0.008757
0.008425 0.012195
0.008416 0.009921
0.008375 0.014582
0.008373 0.011191
0.008373 0.008906
0.008365 0.010447
0.008357 0.011145
0.008355 0.010717
0.008353 0.008575
0.008348 0.012305
0.008343 0.011194
0.008339 0.008576
0.008337 0.008637
0.008318 0.010220
0.008314 0.011040
0.008313 0.010425
0.008311 0.010961
0.008304 0.008804
0.008294 0.013883
0.008294 0.015944
0.008285 0.010123
0.008285 0.008339
0.008284 0.011511
0.008283 0.010474
0.008283 0.014472
0.008273 0.009436
0.008273 0.008365
0.008233 0.010284
0.008228 0.010664
0.008228 0.009444
0.008224 0.010355
0.008224 0.012842
0.008224 0.009191
0.008222 0.009927
0.008220 0.009552
0.008219 0.009646
0.008209 0.008345
0.008209 0.010601
0.008202 0.010403
0.008201 0.010287
0.008193 0.008872
0.008191 0.009465
0.008190 0.014484
0.008188 0.009361
0.008186 0.017315
0.008185 0.012043
0.008184 0.008604
0.008171 0.011439
0.008169 0.008722
0.008163 0.011510
0.008157 0.009825
0.008154 0.010524
0.008150 0.014939
0.008148 0.009038
0.008142 0.015583
0.008130 0.008891
0.008129 0.011569
0.008122 0.008400
0.008119 0.011058
0.008113 0.008311
0.008113 0.015512
0.008109 0.011048
0.008107 0.009633
0.008087 0.009619
0.008083 0.012899
0.008074 0.014148
0.008071 0.009656
0.008071 0.008463
0.008063 0.008343
0.008062 0.010138
0.008062 0.009722
0.008061 0.008395
0.008061 0.009560
0.008059 0.008413
0.008058 0.010344
0.008057 0.010458
0.008054 0.011010
0.008048 0.010229
0.008041 0.009198
0.008038 0.009715
0.008023 0.009154
0.008023 0.008480
0.008009 0.013492
0.008005 0.008239
0.008003 0.008431
0.007998 0.009528
0.007997 0.008819
0.007996 0.008925
0.007984 0.013880
0.007983 0.010682
0.007976 0.014446
0.007971 0.012396
0.007969 0.009290
0.007965 0.008694
0.007963 0.009354
0.007962 0.011986
0.007951 0.008513
0.007940 0.010282
0.007937 0.012141
0.007919 0.011926
0.007916 0.008335
0.007914 0.009754
0.007902 0.012504
0.007895 0.013796
0.007880 0.009892
0.007879 0.008814
0.007873 0.007926
0.007869 0.009957
0.007860 0.011782
0.007852 0.009753
0.007849 0.012866
0.007834 0.009889
0.007832 0.008778
0.007828 0.011722
0.007817 0.009071
0.007815 0.010568
0.007812 0.008661
0.007811 0.010000
0.007804 0.008290
0.007803 0.008131
0.007798 0.010650
0.007789 0.008668
0.007785 0.010390
0.007752 0.007772
0.007745 0.008125
0.007738 0.008509
0.007734 0.010213
0.007722 0.008246
0.007721 0.008353
0.007720 0.015140
0.007710 0.007906
0.007709 0.009678
0.007704 0.008081
0.007689 0.011438
0.007686 0.008491
0.007684 0.008597
0.007673 0.014921
0.007671 0.010240
0.007661 0.008989
0.007657 0.008450
0.007652 0.007814
0.007647 0.008321
0.007636 0.009191
0.007631 0.008651
0.007630 0.014775
0.007628 0.011250
0.007626 0.008557
0.007623 0.009023
0.007622 0.013081
0.007620 0.008419
0.007618 0.007643
0.007615 0.007812
0.007614 0.008529
0.007604 0.008275
0.007602 0.010868
0.007595 0.013784
0.007595 0.007966
0.007588 0.010752
0.007585 0.008740
0.007583 0.007645
0.007577 0.010246
0.007574 0.009099
0.007568 0.007673
0.007564 0.008261
0.007562 0.013820
0.007560 0.008090
0.007545 0.009019
0.007536 0.008897
0.007529 0.009680
0.007511 0.008337
0.007500 0.009025
0.007498 0.008272
0.007487 0.008009
0.007486 0.013644
0.007481 0.009846
0.007481 0.009063
0.007479 0.007756
0.007477 0.008484
0.007476 0.017640
0.007457 0.010260
0.007453 0.008030
0.007451 0.009075
0.007449 0.008981
0.007436 0.012214
0.007428 0.007455
0.007419 0.015946
0.007416 0.010547
0.007414 0.019938
0.007410 0.007756
0.007400 0.012197
0.007397 0.011629
0.007381 0.007651
0.007370 0.007542
0.007368 0.008876
0.007364 0.010005
0.007357 0.009613
0.007354 0.009042
0.007351 0.008443
0.007351 0.007656
0.007343 0.008651
0.007338 0.009195
0.007337 0.007893
0.007332 0.010086
0.007327 0.011621
0.007325 0.008988
0.007325 0.010013
0.007324 0.009882
0.007304 0.008366
0.007302 0.011247
0.007276 0.007348
0.007257 0.009035
0.007257 0.008395
0.007251 0.010926
0.007237 0.013659
0.007234 0.012203
0.007231 0.007919
0.007226 0.011063
0.007224 0.011923
0.007222 0.013661
0.007221 0.007635
0.007189 0.007655
0.007186 0.007439
0.007178 0.009364
0.007178 0.008848
0.007178 0.014999
0.007171 0.011850
0.007164 0.009309
0.007163 0.010336
0.007160 0.007167
0.007159 0.007828
0.007154 0.009892
0.007147 0.008052
0.007146 0.007731
0.007144 0.008607
0.007137 0.007590
0.007129 0.013756
0.007123 0.007230
0.007121 0.007225
0.007118 0.010073
0.007099 0.007190
0.007094 0.010072
0.007091 0.013674
0.007080 0.007502
0.007070 0.008565
0.007069 0.013069
0.007055 0.009204
0.007052 0.007376
0.007041 0.007210
0.007040 0.009060
0.007040 0.008062
0.007039 0.007164
0.007027 0.010474
0.007025 0.009087
0.007022 0.010092
0.007022 0.007942
0.007014 0.007276
0.007010 0.007592
0.007004 0.009264
0.006998 0.007195
0.006995 0.010453
0.006993 0.007163
0.006992 0.009099
0.006984 0.008557
0.006979 0.007127
0.006978 0.007700
0.006974 0.007762
0.006971 0.008586
0.006966 0.011186
0.006964 0.007300
0.006957 0.007144
0.006949 0.007591
0.006942 0.009662
0.006938 0.010687
0.006934 0.012736
0.006928 0.006955
0.006926 0.009271
0.006923 0.007300
0.006912 0.006989
0.006906 0.007569
0.006888 0.008710
0.006887 0.007365
0.006876 0.012828
0.006871 0.012450
0.006866 0.007969
0.006862 0.010330
0.006855 0.011065
0.006844 0.012508
0.006842 0.007601
0.006838 0.013185
0.006838 0.007942
0.006835 0.008636
0.006821 0.015956
0.006813 0.009086
0.006811 0.011053
0.006809 0.008208
0.006808 0.006978
0.006805 0.008484
0.006786 0.009662
0.006770 0.008649
0.006765 0.010506
0.006764 0.012074
0.006757 0.007394
0.006749 0.007861
0.006745 0.007575
0.006745 0.007133
0.006741 0.009843
0.006739 0.008277
0.006735 0.013845
0.006728 0.006968
0.006727 0.011744
0.006720 0.006835
0.006718 0.012129
0.006717 0.010580
0.006698 0.008176
0.006693 0.007284
0.006693 0.008864
0.006677 0.007418
0.006673 0.006719
0.006661 0.009138
0.006658 0.011064
0.006656 0.008181
0.006649 0.007231
0.006649 0.006680
0.006646 0.012480
0.006625 0.010001
0.006622 0.008571
0.006617 0.006819
0.006597 0.008457
0.006596 0.008402
0.006593 0.007631
0.006591 0.006591
0.006585 0.006744
0.006573 0.007348
0.006567 0.007052
0.006565 0.011642
0.006562 0.006574
0.006560 0.007745
0.006560 0.006800
0.006552 0.007576
0.006547 0.015259
0.006545 0.015954
0.006532 0.006934
0.006531 0.006561
0.006524 0.010106
0.006518 0.012720
0.006514 0.006922
0.006502 0.010015
0.006499 0.006736
0.006495 0.010273
0.006489 0.010125
0.006487 0.007340
0.006487 0.007158
0.006485 0.007513
0.006476 0.010490
0.006472 0.014031
0.006452 0.012823
0.006447 0.007742
0.006446 0.009713
0.006445 0.012079
0.006442 0.007062
0.006442 0.010980
0.006432 0.007600
0.006425 0.011481
0.006422 0.019132
0.006412 0.006577
0.006412 0.008116
0.006400 0.007198
0.006388 0.009062
0.006375 0.010764
0.006373 0.006588
0.006372 0.006768
0.006368 0.007927
0.006368 0.007517
0.006367 0.006404
0.006366 0.006930
0.006360 0.006904
0.006358 0.007048
0.006349 0.007204
0.006349 0.010604
0.006339 0.007144
0.006336 0.006407
0.006330 0.012244
0.006328 0.006879
0.006320 0.011053
0.006316 0.007340
0.006315 0.007546
0.006312 0.007196
0.006308 0.006547
0.006301 0.008131
0.006298 0.008651
0.006294 0.012085
0.006291 0.006656
0.006289 0.006653
0.006289 0.007258
0.006241 0.012308
0.006241 0.014408
0.006238 0.006281
0.006238 0.007638
0.006230 0.007019
0.006229 0.011921
0.006228 0.012345
0.006221 0.007936
0.006219 0.013447
0.006216 0.011420
0.006211 0.007314
0.006206 0.009454
0.006200 0.006496
0.006198 0.012548
0.006195 0.012542
0.006186 0.006718
0.006186 0.006801
0.006174 0.010533
0.006174 0.007340
0.006172 0.006343
0.006159 0.007761
0.006158 0.007094
0.006155 0.006210
0.006155 0.007283
0.006153 0.010735
0.006147 0.007320
0.006138 0.008078
0.006127 0.006734
0.006127 0.006850
0.006123 0.006519
0.006117 0.007363
0.006088 0.007122
0.006076 0.009849
0.006067 0.006770
0.006049 0.006493
0.006041 0.009013
0.006032 0.006482
0.006026 0.006540
0.006001 0.007005
0.006000 0.007297
0.005999 0.010214
0.005990 0.006842
0.005986 0.008595
0.005983 0.006965
0.005980 0.006314
0.005980 0.007515
0.005972 0.006966
0.005969 0.006014
0.005967 0.009388
0.005966 0.008131
0.005964 0.006183
0.005958 0.007039
0.005958 0.006393
0.005950 0.009017
0.005949 0.008040
0.005947 0.008592
0.005947 0.006992
0.005944 0.006921
0.005934 0.006405
0.005924 0.007416
0.005919 0.006536
0.005914 0.006345
0.005913 0.006728
0.005911 0.011932
0.005903 0.007086
0.005879 0.011400
0.005851 0.007495
0.005842 0.006746
0.005833 0.006342
0.005832 0.005970
0.005823 0.008309
0.005812 0.006152
0.005798 0.007523
0.005796 0.014026
0.005794 0.006652
0.005790 0.006300
0.005789 0.006895
0.005772 0.006435
0.005769 0.008309
0.005765 0.007834
0.005760 0.007235
0.005757 0.008705
0.005754 0.006406
0.005739 0.008124
0.005733 0.005978
0.005714 0.007818
0.005710 0.006563
0.005703 0.008999
0.005694 0.006270
0.005694 0.006946
0.005688 0.007356
0.005687 0.012077
0.005685 0.007448
0.005676 0.006025
0.005672 0.006127
0.005670 0.007379
0.005664 0.007262
0.005632 0.005788
0.005605 0.007828
0.005605 0.006861
0.005605 0.006616
0.005597 0.005691
0.005582 0.006301
0.005579 0.006217
0.005573 0.007673
0.005563 0.005902
0.005560 0.006293
0.005536 0.007647
0.005529 0.006172
0.005526 0.005756
0.005521 0.005940
0.005499 0.006349
0.005487 0.005991
0.005478 0.005655
0.005474 0.006146
0.005464 0.007562
0.005462 0.005739
0.005442 0.005923
0.005441 0.006796
0.005429 0.006692
0.005398 0.006009
0.005379 0.006494
0.005370 0.007546
0.005354 0.007384
0.005342 0.005687
0.005330 0.007572
0.005323 0.008336
0.005323 0.006526
0.005310 0.006495
0.005303 0.005927
0.005302 0.006024
0.005293 0.005318
0.005293 0.005821
0.005284 0.007047
0.005260 0.006617
0.005255 0.005979
0.005235 0.005446
0.005234 0.005777
0.005227 0.007751
0.005227 0.005566
0.005215 0.006663
0.005182 0.005437
0.005162 0.006449
0.005148 0.005923
0.005143 0.006629
0.005143 0.006359
0.005140 0.006121
0.005132 0.008466
0.005127 0.005508
0.005119 0.008286
0.005117 0.007085
0.005092 0.006052
0.005088 0.005334
0.005054 0.005157
0.004997 0.005019
0.004997 0.006901
0.004977 0.005539
0.004976 0.006058
0.004967 0.005169
0.004965 0.006486
0.004958 0.005320
0.004948 0.006322
0.004912 0.006687
0.004884 0.005016
0.004852 0.008990
0.004832 0.006203
0.004829 0.006303
0.004817 0.006123
0.004811 0.006048
0.004810 0.005280
0.004803 0.004882
0.004779 0.005782
0.004710 0.005568
0.004701 0.005274
0.004678 0.005344
0.004665 0.005012
0.004639 0.004873
0.004635 0.007280
0.004621 0.005261
0.004576 0.004984
0.004559 0.006996
0.004534 0.004535
0.004521 0.005683
0.004497 0.004982
0.004496 0.006102
0.004479 0.005011
0.004474 0.005078
0.004473 0.005148
0.004453 0.005551
0.004446 0.005318
0.004428 0.004665
0.004380 0.004736
0.004378 0.005311
0.004375 0.004861
0.004372 0.005870
0.004367 0.004612
0.004319 0.004759
0.004286 0.004742
0.004271 0.004281
0.004263 0.005104
0.004187 0.004911
0.004181 0.004423
0.004174 0.005110
0.004174 0.005367
0.004169 0.004948
0.004148 0.004905
0.004108 0.004347
0.004093 0.004371
0.004069 0.004272
0.004060 0.004262
0.004032 0.005480
0.003999 0.004234
0.003836 0.004154
0.003760 0.003835
0.003731 0.003849
0.003717 0.004750
0.003633 0.004011
0.003259 0.003522
