0.355491 0.372511
0.342417 0.418628
0.214517 0.262082
0.210859 0.238204
0.209643 0.231073
0.204084 0.247320
0.196140 0.236112
0.154534 0.188674
0.150450 0.153488
0.141298 0.147500
0.128223 0.134135
0.118566 0.168045
0.115573 0.140210
0.114912 0.115288
0.110688 0.133965
0.103273 0.133080
0.101594 0.106741
0.100727 0.128617
0.093876 0.097413
0.086852 0.108430
0.084148 0.090347
0.077633 0.079606
0.074121 0.079093
0.072669 0.103605
0.071116 0.072232
0.069873 0.096908
0.068776 0.070853
0.067229 0.071135
0.067037 0.069041
0.065719 0.078498
0.065445 0.069600
0.065160 0.066311
0.064167 0.070056
0.062906 0.072140
0.062483 0.065112
0.061887 0.082132
0.061097 0.072493
0.057468 0.066314
0.056243 0.069197
0.056195 0.056994
0.054717 0.066082
0.054612 0.061073
0.052787 0.054053
0.050901 0.055950
0.049920 0.069587
0.049637 0.064199
0.049431 0.053293
0.049019 0.055393
0.047643 0.062809
0.046609 0.068796
0.044761 0.045305
0.043935 0.047379
0.043604 0.049971
0.043594 0.045174
0.043357 0.050754
0.043183 0.051266
0.043149 0.047512
0.043057 0.044109
0.042283 0.046287
0.042199 0.063485
0.041026 0.047008
0.040801 0.051550
0.040517 0.052542
0.040433 0.041852
0.040050 0.041789
0.039933 0.041296
0.039853 0.049119
0.039780 0.064293
0.039649 0.046115
0.039299 0.052857
0.038436 0.059737
0.038378 0.046498
0.038314 0.039212
0.038175 0.038881
0.037877 0.039367
0.037809 0.038522
0.037126 0.044903
0.037077 0.040937
0.036981 0.037776
0.036624 0.041448
0.036547 0.037195
0.036324 0.052663
0.036191 0.039565
0.036012 0.038367
0.035975 0.047678
0.035761 0.045805
0.035577 0.040098
0.035428 0.037357
0.035220 0.035560
0.035131 0.040336
0.034880 0.044985
0.034532 0.039914
0.034435 0.034558
0.034369 0.034908
0.034317 0.034488
0.034243 0.041948
0.034201 0.042541
0.033657 0.053405
0.032761 0.035395
0.032706 0.033434
0.032646 0.034585
0.032519 0.033901
0.032480 0.043081
0.032347 0.035027
0.032266 0.045778
0.032059 0.034717
0.031576 0.050895
0.031344 0.035894
0.031263 0.034520
0.031111 0.040408
0.031081 0.036910
0.030959 0.031468
0.030651 0.048076
0.030616 0.037675
0.030369 0.030546
0.030051 0.034164
0.029432 0.047114
0.029328 0.031808
0.029302 0.043613
0.029292 0.036578
0.029036 0.031002
0.028901 0.029291
0.028317 0.046918
0.028235 0.037332
0.028144 0.028857
0.028112 0.028546
0.028078 0.029485
0.028063 0.028814
0.028009 0.031791
0.027884 0.030202
0.027825 0.027832
0.027816 0.027857
0.027779 0.038417
0.027601 0.028169
0.027474 0.031582
0.027440 0.029788
0.027111 0.028573
0.027094 0.044469
0.026878 0.032783
0.026697 0.029334
0.026539 0.038309
0.026521 0.026621
0.026456 0.032715
0.026175 0.030293
0.026024 0.029782
0.025912 0.033377
0.025895 0.027878
0.025864 0.029939
0.025737 0.027919
0.025701 0.031021
0.025620 0.028866
0.025575 0.027670
0.025447 0.032207
0.025388 0.038998
0.025377 0.025713
0.025346 0.032887
0.025304 0.032385
0.025206 0.029323
0.024953 0.039532
0.024875 0.025677
0.024794 0.029138
0.024672 0.036303
0.024610 0.039002
0.024523 0.054010
0.024415 0.025983
0.024348 0.029168
0.024174 0.031450
0.024116 0.024744
0.024076 0.024444
0.024073 0.026833
0.024014 0.026313
0.023981 0.025130
0.023979 0.034153
0.023953 0.025354
0.023930 0.024681
0.023899 0.026600
0.023824 0.027240
0.023763 0.024767
0.023721 0.024266
0.023718 0.028477
0.023656 0.025750
0.023576 0.023901
0.023561 0.026907
0.023489 0.028201
0.023412 0.040525
0.023350 0.025382
0.023162 0.024204
0.023028 0.023406
0.022999 0.032402
0.022863 0.043250
0.022807 0.025879
0.022799 0.042646
0.022785 0.023199
0.022658 0.030982
0.022617 0.043079
0.022567 0.032167
0.022504 0.029085
0.022494 0.026250
0.022418 0.024081
0.022362 0.024733
0.022239 0.023352
0.022149 0.028910
0.022123 0.028587
0.022094 0.024757
0.021983 0.023509
0.021935 0.022267
0.021917 0.042247
0.021636 0.023084
0.021632 0.029293
0.021524 0.022023
0.021477 0.030471
0.021450 0.035016
0.021360 0.021714
0.021302 0.022217
0.021216 0.021809
0.021095 0.021449
0.021027 0.025120
0.021010 0.021888
0.020823 0.021711
0.020781 0.030662
0.020741 0.022417
0.020698 0.025487
0.020548 0.021028
0.020463 0.023524
0.020423 0.020987
0.020372 0.024492
0.020367 0.025867
0.020255 0.020344
0.020254 0.023475
0.020243 0.021850
0.020209 0.025580
0.020142 0.020180
0.020136 0.020760
0.020133 0.030060
0.020110 0.021449
0.020030 0.031787
0.020018 0.022891
0.019993 0.025957
0.019985 0.025338
0.019946 0.020268
0.019917 0.023352
0.019906 0.020584
0.019898 0.038829
0.019648 0.028829
0.019586 0.022851
0.019418 0.029657
0.019312 0.020220
0.019260 0.022284
0.019246 0.033686
0.019160 0.021844
0.019014 0.033666
0.018919 0.036679
0.018917 0.021330
0.018873 0.025011
0.018741 0.020473
0.018573 0.018605
0.018563 0.018878
0.018552 0.028413
0.018546 0.020999
0.018498 0.036087
0.018491 0.039232
0.018443 0.019289
0.018442 0.021728
0.018436 0.025143
0.018422 0.026905
0.018356 0.018989
0.018323 0.019394
0.018318 0.018604
0.018273 0.018975
0.018265 0.018973
0.018131 0.023063
0.018128 0.019522
0.018104 0.020038
0.018099 0.022188
0.017898 0.019964
0.017880 0.020713
0.017846 0.023674
0.017831 0.025277
0.017788 0.018592
0.017786 0.020691
0.017735 0.020873
0.017629 0.021916
0.017531 0.019429
0.017513 0.017907
0.017495 0.025914
0.017378 0.017387
0.017287 0.031283
0.017227 0.024145
0.017110 0.022555
0.017092 0.020349
0.017035 0.018935
0.017033 0.017036
0.017025 0.019490
0.016992 0.019626
0.016979 0.022541
0.016972 0.022768
0.016949 0.023723
0.016895 0.035426
0.016861 0.017524
0.016818 0.031199
0.016789 0.022818
0.016786 0.016913
0.016769 0.019709
0.016745 0.017733
0.016704 0.022081
0.016669 0.019082
0.016620 0.018444
0.016603 0.018586
0.016432 0.018632
0.016409 0.016769
0.016261 0.018228
0.016233 0.022237
0.016225 0.016233
0.016220 0.018930
0.016180 0.019084
0.016169 0.018760
0.016166 0.017753
0.016146 0.016513
0.016131 0.016754
0.016069 0.018685
0.016060 0.018363
0.016026 0.020031
0.015997 0.017847
0.015994 0.018486
0.015977 0.017468
0.015934 0.021302
0.015928 0.019014
0.015919 0.017714
0.015881 0.017755
0.015845 0.016904
0.015843 0.016553
0.015833 0.017094
0.015825 0.016551
0.015797 0.016676
0.015778 0.016502
0.015775 0.035322
0.015735 0.017768
0.015721 0.018201
0.015696 0.017978
0.015673 0.018128
0.015668 0.015787
0.015634 0.019128
0.015610 0.027186
0.015606 0.022473
0.015594 0.016645
0.015582 0.017407
0.015562 0.019494
0.015505 0.016777
0.015465 0.018078
0.015449 0.022369
0.015445 0.027354
0.015396 0.024089
0.015389 0.018722
0.015366 0.019962
0.015351 0.019847
0.015338 0.015471
0.015309 0.021217
0.015235 0.020904
0.015232 0.017402
0.015228 0.016267
0.015161 0.016655
0.015145 0.019819
0.015097 0.015369
0.015040 0.016806
0.015039 0.022781
0.015034 0.019251
0.015016 0.024478
0.015013 0.016595
0.014980 0.018948
0.014937 0.022866
0.014866 0.016416
0.014822 0.014834
0.014790 0.017390
0.014789 0.017461
0.014757 0.017415
0.014726 0.019693
0.014720 0.019729
0.014717 0.016369
0.014713 0.015529
0.014688 0.015080
0.014681 0.014796
0.014674 0.017324
0.014667 0.015638
0.014637 0.014651
0.014635 0.017211
0.014624 0.026398
0.014596 0.015669
0.014540 0.015829
0.014507 0.035507
0.014503 0.018385
0.014441 0.017166
0.014432 0.024355
0.014427 0.015977
0.014390 0.015427
0.014359 0.016719
0.014333 0.020312
0.014311 0.027525
0.014303 0.017737
0.014290 0.019617
0.014284 0.018158
0.014258 0.016406
0.014251 0.017430
0.014245 0.014421
0.014182 0.014552
0.014169 0.014958
0.014135 0.015570
0.014129 0.021984
0.014128 0.015418
0.014118 0.019418
0.014099 0.017936
0.014086 0.014560
0.014076 0.018841
0.014069 0.020681
0.013968 0.015522
0.013946 0.013963
0.013944 0.016037
0.013913 0.018820
0.013908 0.015347
0.013889 0.034902
0.013878 0.014358
0.013865 0.014233
0.013860 0.018105
0.013828 0.015095
0.013817 0.014539
0.013812 0.016937
0.013804 0.017177
0.013802 0.016736
0.013799 0.013980
0.013798 0.020091
0.013767 0.015000
0.013764 0.016409
0.013747 0.029322
0.013731 0.020310
0.013725 0.016789
0.013704 0.018491
0.013676 0.013754
0.013668 0.018754
0.013665 0.014720
0.013663 0.023324
0.013657 0.016584
0.013641 0.024132
0.013626 0.018488
0.013611 0.014109
0.013608 0.020247
0.013606 0.027837
0.013600 0.019103
0.013592 0.013738
0.013578 0.016510
0.013577 0.014307
0.013549 0.021790
0.013440 0.013673
0.013397 0.021268
0.013382 0.014885
0.013378 0.015241
0.013364 0.013554
0.013337 0.019404
0.013306 0.017893
0.013297 0.013471
0.013294 0.021605
0.013281 0.019448
0.013266 0.014816
0.013258 0.014578
0.013217 0.015402
0.013208 0.015108
0.013201 0.015799
0.013181 0.013909
0.013178 0.014061
0.013174 0.013192
0.013171 0.013726
0.013136 0.013935
0.013133 0.021216
0.013131 0.013577
0.013104 0.014863
0.013067 0.013608
0.013065 0.014569
0.013038 0.013323
0.013021 0.013029
0.013017 0.013029
0.013001 0.014424
0.012994 0.016067
0.012942 0.014172
0.012934 0.016881
0.012922 0.017975
0.012876 0.013353
0.012866 0.017026
0.012847 0.018029
0.012839 0.013467
0.012828 0.014653
0.012815 0.015095
0.012761 0.016836
0.012728 0.013269
0.012725 0.013833
0.012687 0.013399
0.012684 0.012776
0.012627 0.013888
0.012626 0.015938
0.012613 0.014888
0.012598 0.015727
0.012578 0.016592
0.012567 0.014557
0.012531 0.013891
0.012514 0.012655
0.012513 0.029657
0.012507 0.013684
0.012506 0.012830
0.012481 0.014078
0.012476 0.012984
0.012474 0.012706
0.012392 0.024452
0.012366 0.016456
0.012348 0.015313
0.012322 0.014497
0.012310 0.013475
0.012308 0.013368
0.012302 0.016527
0.012280 0.012594
0.012273 0.013151
0.012269 0.024911
0.012260 0.014297
0.012258 0.012783
0.012237 0.013456
0.012229 0.015044
0.012215 0.013042
0.012212 0.015976
0.012174 0.015189
0.012166 0.026005
0.012163 0.016827
0.012162 0.023408
0.012154 0.012286
0.012151 0.012892
0.012145 0.013159
0.012127 0.012641
0.012127 0.015182
0.012112 0.013004
0.012069 0.013257
0.012054 0.021652
0.012049 0.015204
0.012026 0.012230
0.012024 0.015444
0.012013 0.020595
0.011999 0.013918
0.011977 0.012434
0.011974 0.024419
0.011972 0.015537
0.011971 0.013755
0.011965 0.019662
0.011963 0.018130
0.011952 0.013499
0.011948 0.012113
0.011935 0.012448
0.011924 0.015006
0.011924 0.012666
0.011913 0.012354
0.011907 0.016384
0.011895 0.014747
0.011880 0.013219
0.011878 0.011933
0.011852 0.014460
0.011850 0.014976
0.011850 0.012545
0.011845 0.017893
0.011826 0.019708
0.011820 0.017484
0.011819 0.013123
0.011815 0.014827
0.011803 0.013869
0.011800 0.013605
0.011798 0.022493
0.011790 0.015742
0.011776 0.012599
0.011773 0.013587
0.011749 0.012077
0.011724 0.011759
0.011715 0.012405
0.011697 0.012558
0.011673 0.022585
0.011669 0.015617
0.011652 0.012377
0.011638 0.017712
0.011604 0.013384
0.011599 0.015080
0.011595 0.014967
0.011595 0.012954
0.011580 0.014498
0.011563 0.014619
0.011561 0.012318
0.011555 0.012082
0.011552 0.011933
0.011542 0.013067
0.011538 0.014169
0.011518 0.013499
0.011517 0.011519
0.011482 0.014864
0.011480 0.013826
0.011475 0.013784
0.011474 0.019953
0.011445 0.015843
0.011415 0.011829
0.011411 0.025536
0.011405 0.013856
0.011403 0.012899
0.011392 0.011688
0.011390 0.012991
0.011385 0.016463
0.011377 0.021771
0.011355 0.016277
0.011350 0.021057
0.011339 0.015120
0.011338 0.011683
0.011331 0.011431
0.011330 0.011976
0.011301 0.012769
0.011300 0.012800
0.011298 0.014039
0.011268 0.012330
0.011236 0.012152
0.011232 0.011414
0.011202 0.012221
0.011183 0.020378
0.011161 0.012709
0.011157 0.011162
0.011155 0.011549
0.011152 0.016226
0.011140 0.012693
0.011125 0.022491
0.011121 0.012822
0.011117 0.019813
0.011116 0.013077
0.011116 0.012379
0.011102 0.011116
0.011102 0.011439
0.011093 0.015957
0.011085 0.023639
0.011069 0.021596
0.011065 0.013862
0.011065 0.020507
0.011061 0.011998
0.011060 0.013655
0.011050 0.011344
0.011050 0.016102
0.011037 0.011169
0.011024 0.012128
0.011024 0.013062
0.011017 0.013360
0.011003 0.017106
0.010992 0.014484
0.010990 0.013173
0.010984 0.016341
0.010975 0.011777
0.010965 0.011047
0.010953 0.012363
0.010953 0.011221
0.010935 0.011065
0.010926 0.022930
0.010915 0.012175
0.010890 0.013193
0.010883 0.011534
0.010871 0.012654
0.010855 0.010896
0.010847 0.012037
0.010838 0.012468
0.010835 0.014038
0.010835 0.011449
0.010832 0.011183
0.010830 0.012600
0.010825 0.012956
0.010818 0.012937
0.010815 0.021819
0.010797 0.011013
0.010769 0.012493
0.010769 0.017796
0.010767 0.011767
0.010765 0.012054
0.010758 0.010840
0.010754 0.017774
0.010745 0.013017
0.010735 0.013919
0.010734 0.010830
0.010727 0.011164
0.010722 0.015497
0.010706 0.011381
0.010698 0.011578
0.010696 0.014222
0.010693 0.017841
0.010687 0.012197
0.010679 0.014428
0.010678 0.011217
0.010663 0.012141
0.010662 0.010741
0.010655 0.012396
0.010653 0.012557
0.010647 0.011101
0.010643 0.010793
0.010639 0.010905
0.010625 0.012394
0.010621 0.011316
0.010618 0.013897
0.010606 0.012061
0.010597 0.010696
0.010594 0.010669
0.010592 0.010925
0.010585 0.010607
0.010584 0.020052
0.010562 0.013962
0.010546 0.014780
0.010546 0.012417
0.010544 0.011986
0.010535 0.012750
0.010534 0.010696
0.010505 0.011437
0.010495 0.010701
0.010494 0.011907
0.010490 0.011767
0.010488 0.013414
0.010484 0.010735
0.010481 0.016424
0.010460 0.011263
0.010450 0.016618
0.010439 0.012230
0.010436 0.013481
0.010427 0.010683
0.010412 0.012868
0.010400 0.012073
0.010391 0.012151
0.010388 0.010696
0.010374 0.017745
0.010365 0.012734
0.010351 0.013728
0.010349 0.010990
0.010347 0.010581
0.010343 0.013588
0.010343 0.011924
0.010340 0.018086
0.010338 0.010991
0.010337 0.012517
0.010337 0.013017
0.010306 0.011044
0.010294 0.015693
0.010289 0.011966
0.010278 0.014191
0.010271 0.013460
0.010265 0.014370
0.010238 0.011859
0.010233 0.010359
0.010232 0.014028
0.010232 0.014321
0.010232 0.011910
0.010226 0.012029
0.010213 0.012035
0.010210 0.012693
0.010208 0.010944
0.010206 0.010869
0.010204 0.016431
0.010196 0.015336
0.010186 0.015538
0.010179 0.010614
0.010176 0.010902
0.010175 0.015457
0.010158 0.011277
0.010146 0.010446
0.010110 0.011813
0.010110 0.010672
0.010101 0.010695
0.010100 0.010126
0.010092 0.011077
0.010087 0.010850
0.010083 0.016751
0.010081 0.016528
0.010067 0.011761
0.010065 0.018187
0.010062 0.010329
0.010062 0.010935
0.010056 0.012641
0.010055 0.012890
0.010044 0.014245
0.010035 0.011276
0.009992 0.010347
0.009986 0.015583
0.009985 0.010781
0.009970 0.011651
0.009968 0.016372
0.009961 0.010334
0.009957 0.012421
0.009951 0.009964
0.009943 0.010444
0.009941 0.023697
0.009939 0.010380
0.009935 0.009995
0.009932 0.010424
0.009923 0.013467
0.009916 0.010129
0.009903 0.009980
0.009903 0.011406
0.009896 0.018435
0.009895 0.011368
0.009894 0.014996
0.009894 0.011037
0.009893 0.012477
0.009886 0.014321
0.009882 0.010071
0.009880 0.012047
0.009875 0.011868
0.009869 0.010871
0.009869 0.021058
0.009862 0.009962
0.009860 0.010392
0.009836 0.010245
0.009834 0.010919
0.009829 0.012500
0.009823 0.017756
0.009820 0.011017
0.009806 0.010345
0.009795 0.010187
0.009792 0.010333
0.009781 0.010054
0.009773 0.010030
0.009772 0.015621
0.009771 0.009878
0.009759 0.011820
0.009747 0.010337
0.009741 0.018845
0.009740 0.010400
0.009737 0.019122
0.009729 0.011115
0.009724 0.010289
0.009723 0.011125
0.009719 0.011714
0.009712 0.018290
0.009712 0.012354
0.009704 0.014788
0.009694 0.009807
0.009690 0.009969
0.009681 0.015769
0.009671 0.010434
0.009659 0.010509
0.009658 0.011827
0.009650 0.025238
0.009649 0.013183
0.009648 0.009892
0.009647 0.010264
0.009643 0.009924
0.009639 0.012502
0.009631 0.011340
0.009624 0.011674
0.009619 0.016515
0.009615 0.012220
0.009601 0.009726
0.009598 0.010085
0.009594 0.009980
0.009592 0.009654
0.009592 0.011475
0.009590 0.013429
0.009589 0.010384
0.009571 0.011853
0.009570 0.009850
0.009560 0.010424
0.009559 0.010125
0.009558 0.012254
0.009553 0.019381
0.009550 0.011655
0.009533 0.013218
0.009531 0.010162
0.009513 0.009720
0.009508 0.010911
0.009508 0.011774
0.009508 0.010759
0.009499 0.009569
0.009493 0.011182
0.009487 0.013687
0.009478 0.010433
0.009476 0.009491
0.009470 0.012892
0.009465 0.010537
0.009453 0.012253
0.009448 0.010103
0.009445 0.010208
0.009435 0.010679
0.009434 0.010716
0.009428 0.010223
0.009428 0.011837
0.009427 0.013500
0.009422 0.011292
0.009417 0.011426
0.009415 0.010749
0.009409 0.013053
0.009409 0.011507
0.009404 0.010846
0.009402 0.009562
0.009397 0.009735
0.009381 0.015315
0.009375 0.013406
0.009369 0.012578
0.009357 0.010387
0.009354 0.009787
0.009351 0.012789
0.009347 0.009844
0.009343 0.009728
0.009341 0.009458
0.009333 0.009461
0.009333 0.010890
0.009331 0.010159
0.009301 0.010384
0.009297 0.010593
0.009297 0.014287
0.009291 0.009473
0.009290 0.009569
0.009286 0.011286
0.009285 0.009510
0.009276 0.012617
0.009265 0.010341
0.009264 0.011225
0.009257 0.012184
0.009252 0.010305
0.009240 0.010476
0.009237 0.010529
0.009236 0.009430
0.009235 0.011483
0.009224 0.018520
0.009219 0.015952
0.009217 0.010208
0.009211 0.011191
0.009202 0.015015
0.009199 0.010096
0.009198 0.009642
0.009184 0.015288
0.009172 0.012539
0.009167 0.010924
0.009165 0.010760
0.009161 0.011893
0.009159 0.012904
0.009145 0.009591
0.009144 0.010534
0.009139 0.011136
0.009132 0.018607
0.009119 0.011655
0.009118 0.009423
0.009117 0.010145
0.009114 0.012953
0.009113 0.011895
0.009108 0.010595
0.009108 0.010602
0.009107 0.011445
0.009101 0.010840
0.009098 0.011404
0.009094 0.010284
0.009091 0.011187
0.009079 0.010509
0.009068 0.009149
0.009065 0.009506
0.009052 0.010712
0.009049 0.009049
0.009046 0.012821
0.009045 0.010939
0.009043 0.009690
0.009041 0.009842
0.009034 0.009109
0.009032 0.009735
0.009030 0.012636
0.009017 0.010803
0.009013 0.010293
0.009008 0.009557
0.008999 0.009995
0.008997 0.011109
0.008997 0.009865
0.008997 0.011153
0.008993 0.011525
0.008990 0.012254
0.008985 0.009201
0.008982 0.013372
0.008976 0.010463
0.008975 0.010778
0.008969 0.012463
0.008967 0.013886
0.008963 0.009945
0.008940 0.009242
0.008928 0.009525
0.008926 0.011283
0.008926 0.008944
0.008922 0.009954
0.008921 0.009230
0.008915 0.012441
0.008905 0.010160
0.008902 0.013425
0.008891 0.011129
0.008890 0.011804
0.008881 0.019634
0.008881 0.013132
0.008870 0.009247
0.008860 0.010527
0.008858 0.009459
0.008855 0.009069
0.008847 0.009337
0.008842 0.010723
0.008835 0.011947
0.008832 0.009526
0.008829 0.010185
0.008826 0.011575
0.008823 0.010980
0.008823 0.011328
0.008817 0.009840
0.008798 0.008857
0.008793 0.009499
0.008787 0.008850
0.008783 0.009151
0.008778 0.009444
0.008769 0.010017
0.008763 0.010553
0.008751 0.013030
0.008745 0.009174
0.008724 0.009993
0.008722 0.010159
0.008712 0.009019
0.008711 0.009143
0.008705 0.016746
0.008703 0.010516
0.008702 0.011739
0.008695 0.011834
0.008694 0.011172
0.008682 0.011523
0.008679 0.014735
0.008674 0.011638
0.008660 0.009026
0.008659 0.009794
0.008659 0.011462
0.008645 0.010282
0.008645 0.009169
0.008643 0.010202
0.008640 0.009601
0.008634 0.010089
0.008634 0.010350
0.008634 0.011214
0.008626 0.009158
0.008624 0.010020
0.008623 0.009586
0.008621 0.010794
0.008613 0.013480
0.008607 0.008922
0.008606 0.009993
0.008604 0.008703
0.008601 0.010853
0.008594 0.015420
0.008590 0.009213
0.008574 0.009823
0.008574 0.015061
0.008573 0.010107
0.008572 0.011174
0.008570 0.009990
0.008570 0.009430
0.008568 0.008891
0.008565 0.010009
0.008565 0.010779
0.008563 0.011057
0.008559 0.014397
0.008552 0.008761
0.008548 0.008713
0.008544 0.012055
0.008544 0.009941
0.008543 0.015636
0.008539 0.009780
0.008538 0.012519
0.008527 0.008598
0.008522 0.014939
0.008522 0.009499
0.008517 0.009348
0.008517 0.011980
0.008511 0.010148
0.008503 0.008705
0.008502 0.009148
0.008500 0.009314
0.008496 0.012330
0.008494 0.011847
0.008491 0.012375
0.008491 0.010443
0.008471 0.009148
0.008464 0.010296
0.008463 0.015835
0.008462 0.009933
0.008458 0.008849
0.008451 0.008511
0.008448 0.011224
0.008448 0.011172
0.008432 0.011567
0.008427 0.008856
0.008425 0.009186
0.008413 0.013204
0.008411 0.009159
0.008407 0.015819
0.008406 0.010359
0.008397 0.016614
0.008393 0.011909
0.008393 0.013584
0.008390 0.010170
0.008386 0.009011
0.008383 0.008734
0.008383 0.012068
0.008379 0.010090
0.008376 0.008547
0.008370 0.009165
0.008353 0.008909
0.008351 0.009686
0.008350 0.009949
0.008345 0.013093
0.008344 0.009631
0.008344 0.013917
0.008344 0.008579
0.008343 0.013323
0.008343 0.009111
0.008340 0.009103
0.008327 0.009673
0.008327 0.010860
0.008320 0.011131
0.008320 0.009141
0.008319 0.009108
0.008316 0.013479
0.008312 0.009502
0.008312 0.010187
0.008310 0.008955
0.008304 0.008729
0.008301 0.017478
0.008297 0.013419
0.008291 0.009122
0.008283 0.010892
0.008280 0.008716
0.008280 0.009376
0.008278 0.009047
0.008273 0.008612
0.008271 0.010232
0.008269 0.010287
0.008245 0.009659
0.008243 0.009919
0.008234 0.012165
0.008232 0.013681
0.008230 0.009295
0.008223 0.009778
0.008218 0.008435
0.008217 0.008910
0.008215 0.008933
0.008212 0.008680
0.008208 0.009070
0.008208 0.008560
0.008205 0.010036
0.008185 0.008699
0.008175 0.009190
0.008173 0.009056
0.008171 0.008371
0.008170 0.013952
0.008169 0.014648
0.008167 0.018159
0.008160 0.012793
0.008158 0.008545
0.008157 0.008164
0.008155 0.012209
0.008154 0.008526
0.008148 0.009522
0.008146 0.009537
0.008140 0.016732
0.008139 0.013334
0.008132 0.008145
0.008124 0.009622
0.008124 0.009199
0.008121 0.008452
0.008113 0.008712
0.008111 0.011288
0.008110 0.010820
0.008108 0.010667
0.008106 0.011485
0.008097 0.008119
0.008095 0.013838
0.008089 0.009860
0.008086 0.008496
0.008083 0.008714
0.008080 0.010717
0.008079 0.009078
0.008078 0.009297
0.008078 0.009602
0.008077 0.010461
0.008074 0.008507
0.008072 0.008762
0.008072 0.011819
0.008068 0.008140
0.008064 0.011222
0.008060 0.008872
0.008048 0.015569
0.008045 0.008402
0.008044 0.012691
0.008042 0.008837
0.008039 0.015352
0.008036 0.013958
0.008029 0.010190
0.008027 0.008692
0.008015 0.017686
0.008006 0.008584
0.008005 0.012573
0.008002 0.008563
0.008001 0.008002
0.008000 0.008764
0.007995 0.008153
0.007981 0.008322
0.007973 0.009966
0.007972 0.011384
0.007972 0.009788
0.007970 0.009692
0.007968 0.015457
0.007966 0.008652
0.007959 0.008686
0.007957 0.008344
0.007951 0.008526
0.007947 0.009128
0.007941 0.009656
0.007939 0.011687
0.007934 0.010769
0.007931 0.008485
0.007930 0.008626
0.007926 0.008616
0.007918 0.008644
0.007912 0.013088
0.007909 0.008518
0.007909 0.009451
0.007908 0.009782
0.007907 0.008784
0.007906 0.012664
0.007898 0.015594
0.007896 0.008604
0.007883 0.008311
0.007883 0.009112
0.007883 0.008140
0.007881 0.013476
0.007878 0.008644
0.007874 0.012133
0.007871 0.007894
0.007864 0.008334
0.007853 0.009830
0.007853 0.008085
0.007852 0.010251
0.007851 0.009236
0.007848 0.009355
0.007839 0.010757
0.007832 0.008013
0.007826 0.009189
0.007825 0.009058
0.007824 0.010977
0.007820 0.012249
0.007820 0.008608
0.007819 0.011870
0.007811 0.009371
0.007807 0.010071
0.007797 0.008701
0.007794 0.008929
0.007793 0.008502
0.007792 0.010567
0.007787 0.008426
0.007785 0.009069
0.007784 0.008601
0.007780 0.008524
0.007778 0.007853
0.007778 0.015430
0.007771 0.010648
0.007765 0.007950
0.007761 0.009202
0.007757 0.009683
0.007755 0.007860
0.007747 0.008883
0.007746 0.009531
0.007736 0.007750
0.007733 0.008408
0.007732 0.008417
0.007732 0.011872
0.007729 0.008843
0.007725 0.008558
0.007723 0.011522
0.007714 0.008913
0.007713 0.010897
0.007708 0.010168
0.007707 0.011833
0.007703 0.015884
0.007703 0.008963
0.007692 0.009527
0.007691 0.011552
0.007688 0.013682
0.007685 0.013640
0.007680 0.008021
0.007679 0.008194
0.007676 0.008736
0.007675 0.012211
0.007669 0.008286
0.007665 0.007746
0.007664 0.007679
0.007660 0.010314
0.007649 0.007738
0.007645 0.010396
0.007643 0.007790
0.007642 0.011299
0.007641 0.007794
0.007640 0.007869
0.007637 0.008559
0.007635 0.013280
0.007634 0.009491
0.007633 0.011328
0.007629 0.008553
0.007627 0.008310
0.007624 0.013310
0.007623 0.011567
0.007621 0.010027
0.007616 0.008095
0.007615 0.007811
0.007605 0.012513
0.007603 0.007676
0.007599 0.007716
0.007599 0.009282
0.007598 0.010689
0.007597 0.008527
0.007595 0.009072
0.007594 0.011191
0.007594 0.015766
0.007590 0.008456
0.007588 0.011952
0.007586 0.008659
0.007584 0.007803
0.007583 0.009298
0.007582 0.014687
0.007580 0.008001
0.007579 0.009701
0.007578 0.011776
0.007576 0.007671
0.007575 0.011937
0.007575 0.008650
0.007572 0.008110
0.007565 0.010238
0.007563 0.008275
0.007561 0.008140
0.007558 0.009832
0.007552 0.007873
0.007552 0.009911
0.007543 0.010151
0.007542 0.009013
0.007540 0.012466
0.007538 0.007794
0.007536 0.010806
0.007536 0.009320
0.007535 0.008589
0.007534 0.011851
0.007525 0.008261
0.007525 0.013066
0.007523 0.008785
0.007517 0.010463
0.007515 0.009320
0.007511 0.008969
0.007508 0.007670
0.007503 0.008187
0.007500 0.009173
0.007498 0.011447
0.007496 0.010193
0.007494 0.007693
0.007485 0.008795
0.007484 0.008062
0.007481 0.008951
0.007481 0.008359
0.007476 0.008954
0.007475 0.010769
0.007474 0.007502
0.007472 0.012061
0.007470 0.011691
0.007468 0.009177
0.007464 0.007686
0.007461 0.008248
0.007461 0.008102
0.007451 0.008675
0.007451 0.017030
0.007450 0.008388
0.007432 0.008412
0.007432 0.013390
0.007431 0.008499
0.007429 0.007698
0.007428 0.010880
0.007427 0.010201
0.007423 0.013254
0.007422 0.010149
0.007419 0.007857
0.007417 0.010855
0.007413 0.008598
0.007406 0.014290
0.007406 0.009167
0.007403 0.008522
0.007400 0.008006
0.007399 0.011699
0.007394 0.015175
0.007393 0.007919
0.007393 0.008580
0.007391 0.016135
0.007391 0.009731
0.007388 0.012861
0.007386 0.007519
0.007384 0.008191
0.007382 0.007441
0.007378 0.012173
0.007378 0.009267
0.007375 0.009810
0.007374 0.007807
0.007373 0.009151
0.007373 0.013928
0.007371 0.012668
0.007371 0.010637
0.007352 0.008406
0.007351 0.009177
0.007344 0.013964
0.007342 0.010402
0.007340 0.008037
0.007337 0.007859
0.007335 0.011115
0.007332 0.009946
0.007325 0.007349
0.007323 0.008485
0.007322 0.009664
0.007322 0.008660
0.007315 0.010913
0.007313 0.009556
0.007312 0.009552
0.007310 0.008106
0.007304 0.010013
0.007302 0.014250
0.007291 0.008273
0.007289 0.008386
0.007287 0.007699
0.007283 0.014178
0.007279 0.008112
0.007271 0.012533
0.007267 0.007497
0.007267 0.008035
0.007263 0.008460
0.007262 0.014215
0.007261 0.007791
0.007256 0.010009
0.007255 0.007396
0.007249 0.011907
0.007246 0.010662
0.007241 0.011594
0.007238 0.007571
0.007238 0.012699
0.007237 0.007355
0.007228 0.008459
0.007226 0.007951
0.007218 0.013870
0.007207 0.009070
0.007204 0.007231
0.007203 0.012224
0.007202 0.008878
0.007199 0.009480
0.007182 0.007943
0.007169 0.009086
0.007166 0.007734
0.007166 0.008212
0.007164 0.013889
0.007162 0.015644
0.007159 0.014133
0.007155 0.009209
0.007154 0.010094
0.007148 0.007729
0.007144 0.007748
0.007139 0.009544
0.007135 0.009893
0.007128 0.012331
0.007128 0.007638
0.007127 0.009307
0.007122 0.011594
0.007117 0.009272
0.007115 0.008742
0.007112 0.011422
0.007106 0.011983
0.007103 0.012724
0.007103 0.011752
0.007100 0.007971
0.007096 0.011711
0.007093 0.007206
0.007089 0.009704
0.007086 0.014018
0.007084 0.007180
0.007082 0.009513
0.007079 0.009854
0.007068 0.007678
0.007067 0.007273
0.007065 0.009408
0.007061 0.012208
0.007059 0.009023
0.007059 0.007113
0.007049 0.012461
0.007049 0.007560
0.007044 0.007524
0.007038 0.007302
0.007035 0.008471
0.007035 0.010903
0.007034 0.007535
0.007032 0.007465
0.007029 0.007038
0.007025 0.007356
0.007025 0.007831
0.007019 0.008738
0.007016 0.016390
0.007013 0.007599
0.007012 0.007219
0.007011 0.007014
0.007008 0.010072
0.007003 0.007210
0.006995 0.007074
0.006988 0.010358
0.006986 0.013384
0.006986 0.007201
0.006985 0.007421
0.006984 0.007233
0.006983 0.013945
0.006983 0.009752
0.006982 0.010352
0.006979 0.009686
0.006977 0.008152
0.006968 0.007464
0.006965 0.012088
0.006963 0.009917
0.006957 0.014423
0.006951 0.012539
0.006950 0.007972
0.006938 0.007412
0.006938 0.008855
0.006938 0.008056
0.006936 0.007683
0.006934 0.007639
0.006930 0.008317
0.006928 0.009498
0.006922 0.011057
0.006918 0.007564
0.006918 0.008008
0.006913 0.007294
0.006912 0.010176
0.006911 0.014418
0.006911 0.006991
0.006907 0.010084
0.006900 0.009488
0.006894 0.009545
0.006894 0.007275
0.006884 0.009799
0.006884 0.008245
0.006881 0.013084
0.006881 0.013175
0.006879 0.007673
0.006878 0.009933
0.006878 0.007522
0.006871 0.010045
0.006870 0.007754
0.006869 0.007385
0.006865 0.011833
0.006859 0.008568
0.006855 0.011087
0.006853 0.006878
0.006847 0.006864
0.006846 0.008078
0.006845 0.007922
0.006844 0.009344
0.006836 0.009938
0.006835 0.007835
0.006833 0.007322
0.006833 0.007739
0.006831 0.006909
0.006828 0.009981
0.006827 0.008571
0.006822 0.008388
0.006821 0.008297
0.006820 0.007037
0.006817 0.009973
0.006813 0.008578
0.006812 0.008461
0.006810 0.007439
0.006806 0.007565
0.006806 0.008306
0.006802 0.007617
0.006799 0.007567
0.006798 0.011938
0.006797 0.007718
0.006797 0.009064
0.006797 0.008090
0.006796 0.010063
0.006796 0.008126
0.006793 0.007214
0.006789 0.006835
0.006788 0.007288
0.006788 0.008477
0.006782 0.014322
0.006781 0.007560
0.006779 0.007250
0.006778 0.008647
0.006777 0.017665
0.006773 0.006952
0.006772 0.008115
0.006766 0.010422
0.006758 0.012485
0.006758 0.012433
0.006755 0.014928
0.006755 0.007068
0.006753 0.009273
0.006750 0.007023
0.006748 0.007123
0.006743 0.007368
0.006739 0.006826
0.006738 0.008184
0.006730 0.009095
0.006726 0.006850
0.006723 0.009727
0.006721 0.007135
0.006718 0.007215
0.006718 0.008705
0.006716 0.008161
0.006712 0.006846
0.006706 0.008613
0.006691 0.007792
0.006689 0.007253
0.006688 0.008816
0.006685 0.007622
0.006683 0.007285
0.006682 0.008374
0.006681 0.008212
0.006680 0.007404
0.006679 0.006849
0.006679 0.006754
0.006675 0.007939
0.006674 0.007119
0.006672 0.008714
0.006671 0.007781
0.006667 0.007057
0.006665 0.006786
0.006661 0.006902
0.006660 0.011267
0.006656 0.006756
0.006656 0.008686
0.006650 0.007060
0.006648 0.007193
0.006646 0.007747
0.006645 0.006824
0.006635 0.009556
0.006632 0.007305
0.006630 0.007207
0.006630 0.007210
0.006615 0.007086
0.006611 0.009397
0.006610 0.008694
0.006605 0.006699
0.006602 0.007147
0.006601 0.011545
0.006599 0.008847
0.006597 0.006807
0.006596 0.010503
0.006594 0.007713
0.006590 0.006683
0.006590 0.007772
0.006590 0.006903
0.006589 0.006681
0.006587 0.012995
0.006587 0.006680
0.006585 0.007513
0.006580 0.011894
0.006579 0.006617
0.006578 0.009120
0.006577 0.009477
0.006573 0.009047
0.006571 0.010277
0.006565 0.007049
0.006563 0.010103
0.006560 0.007891
0.006550 0.011593
0.006535 0.007085
0.006532 0.006644
0.006531 0.007112
0.006531 0.012899
0.006527 0.006988
0.006521 0.007926
0.006519 0.008237
0.006517 0.006705
0.006516 0.016460
0.006507 0.007113
0.006505 0.010849
0.006504 0.007562
0.006495 0.007803
0.006490 0.008328
0.006486 0.006506
0.006482 0.009134
0.006474 0.007129
0.006471 0.008970
0.006470 0.007284
0.006469 0.006666
0.006463 0.007427
0.006459 0.007830
0.006457 0.006815
0.006456 0.007891
0.006455 0.007440
0.006454 0.009170
0.006453 0.007108
0.006452 0.007314
0.006450 0.007473
0.006443 0.007502
0.006430 0.008673
0.006427 0.007021
0.006426 0.007265
0.006425 0.007122
0.006422 0.011058
0.006420 0.007713
0.006420 0.006559
0.006418 0.007956
0.006414 0.006953
0.006408 0.008290
0.006407 0.007706
0.006405 0.006869
0.006403 0.006442
0.006394 0.007288
0.006390 0.006737
0.006390 0.007503
0.006387 0.012082
0.006387 0.008093
0.006387 0.006899
0.006386 0.006834
0.006385 0.006893
0.006385 0.007632
0.006384 0.006432
0.006384 0.009417
0.006383 0.006835
0.006382 0.009037
0.006381 0.008663
0.006374 0.008170
0.006371 0.010065
0.006370 0.006457
0.006365 0.007232
0.006363 0.006565
0.006360 0.008251
0.006360 0.008680
0.006360 0.007350
0.006355 0.009120
0.006352 0.008170
0.006352 0.007835
0.006350 0.010584
0.006349 0.009397
0.006345 0.010642
0.006345 0.006678
0.006344 0.006684
0.006342 0.009107
0.006342 0.007024
0.006339 0.008105
0.006338 0.008179
0.006338 0.006895
0.006334 0.008597
0.006330 0.006909
0.006328 0.009169
0.006325 0.008618
0.006323 0.007479
0.006323 0.009525
0.006321 0.009783
0.006318 0.006805
0.006317 0.007076
0.006315 0.006933
0.006313 0.011238
0.006309 0.006902
0.006308 0.006605
0.006298 0.009418
0.006297 0.007743
0.006296 0.006864
0.006293 0.007346
0.006293 0.013419
0.006293 0.006599
0.006289 0.011789
0.006288 0.009545
0.006282 0.013145
0.006282 0.006910
0.006277 0.006322
0.006275 0.007628
0.006274 0.006630
0.006270 0.006524
0.006269 0.006411
0.006269 0.007588
0.006269 0.007419
0.006267 0.007335
0.006265 0.007242
0.006263 0.011292
0.006257 0.006359
0.006254 0.008050
0.006254 0.006339
0.006253 0.010425
0.006252 0.007983
0.006250 0.007099
0.006246 0.008917
0.006242 0.013365
0.006241 0.006451
0.006240 0.009553
0.006238 0.006851
0.006236 0.006738
0.006235 0.012931
0.006224 0.008411
0.006217 0.008673
0.006216 0.011250
0.006215 0.007157
0.006214 0.007520
0.006214 0.007248
0.006212 0.006630
0.006208 0.007457
0.006207 0.007493
0.006205 0.008739
0.006204 0.006946
0.006204 0.006262
0.006203 0.006295
0.006202 0.008719
0.006201 0.008873
0.006194 0.006879
0.006194 0.016227
0.006192 0.007472
0.006191 0.007479
0.006189 0.007409
0.006188 0.008987
0.006182 0.010330
0.006173 0.007492
0.006167 0.006651
0.006160 0.007130
0.006159 0.007072
0.006156 0.006399
0.006150 0.010621
0.006148 0.006396
0.006147 0.014619
0.006146 0.007258
0.006139 0.007078
0.006133 0.008401
0.006132 0.009553
0.006130 0.007297
0.006123 0.006658
0.006119 0.011112
0.006116 0.010913
0.006113 0.007177
0.006111 0.006452
0.006106 0.006996
0.006103 0.006775
0.006102 0.008899
0.006102 0.007901
0.006102 0.006722
0.006099 0.008115
0.006095 0.007147
0.006088 0.006357
0.006081 0.011458
0.006078 0.007858
0.006073 0.007697
0.006071 0.007407
0.006069 0.006595
0.006068 0.007241
0.006066 0.006750
0.006061 0.009583
0.006060 0.007537
0.006060 0.006578
0.006060 0.008987
0.006060 0.010026
0.006060 0.007110
0.006060 0.006671
0.006060 0.006317
0.006058 0.008768
0.006053 0.006610
0.006053 0.013721
0.006050 0.006378
0.006050 0.006707
0.006049 0.008895
0.006048 0.008892
0.006048 0.007221
0.006048 0.006629
0.006047 0.008074
0.006045 0.006923
0.006036 0.007094
0.006036 0.008284
0.006032 0.009947
0.006031 0.006275
0.006025 0.006780
0.006023 0.006623
0.006019 0.009867
0.006015 0.006282
0.006015 0.008559
0.006014 0.007586
0.006013 0.006647
0.006007 0.006213
0.005999 0.007544
0.005998 0.011950
0.005997 0.006911
0.005996 0.006496
0.005996 0.007528
0.005988 0.006920
0.005985 0.008237
0.005985 0.006389
0.005984 0.007878
0.005984 0.008710
0.005982 0.007130
0.005976 0.006051
0.005976 0.008523
0.005970 0.009553
0.005969 0.006313
0.005959 0.006075
0.005958 0.009591
0.005955 0.006996
0.005950 0.007195
0.005950 0.007695
0.005938 0.008116
0.005935 0.006139
0.005921 0.007533
0.005920 0.007574
0.005920 0.009594
0.005918 0.006817
0.005918 0.007878
0.005916 0.006211
0.005916 0.006403
0.005914 0.005941
0.005913 0.006124
0.005904 0.007365
0.005903 0.009026
0.005902 0.007008
0.005901 0.009090
0.005900 0.010822
0.005899 0.007086
0.005894 0.006202
0.005885 0.007465
0.005882 0.007499
0.005879 0.009529
0.005875 0.006183
0.005874 0.006064
0.005873 0.006929
0.005868 0.006181
0.005865 0.007037
0.005864 0.007803
0.005861 0.006927
0.005856 0.010957
0.005845 0.007079
0.005845 0.006825
0.005843 0.011364
0.005841 0.006345
0.005840 0.006741
0.005840 0.007136
0.005834 0.012222
0.005833 0.009863
0.005832 0.009546
0.005830 0.005938
0.005829 0.007211
0.005827 0.007794
0.005820 0.011454
0.005818 0.007161
0.005814 0.007251
0.005812 0.007318
0.005801 0.012656
0.005800 0.008550
0.005797 0.006356
0.005795 0.006961
0.005795 0.009948
0.005794 0.009947
0.005794 0.011063
0.005792 0.010227
0.005789 0.006113
0.005787 0.011611
0.005786 0.006598
0.005785 0.006963
0.005784 0.006293
0.005782 0.011474
0.005782 0.005867
0.005779 0.009082
0.005764 0.006853
0.005759 0.010384
0.005757 0.011975
0.005754 0.008231
0.005754 0.005926
0.005754 0.015030
0.005753 0.012332
0.005750 0.006955
0.005749 0.006570
0.005748 0.007854
0.005747 0.005801
0.005745 0.006180
0.005741 0.009544
0.005741 0.008352
0.005740 0.007366
0.005739 0.012861
0.005738 0.007548
0.005732 0.005764
0.005728 0.011977
0.005727 0.008532
0.005721 0.008652
0.005720 0.007527
0.005718 0.011893
0.005718 0.007268
0.005711 0.006294
0.005710 0.011075
0.005708 0.005721
0.005704 0.007094
0.005701 0.005936
0.005699 0.006076
0.005697 0.010064
0.005696 0.007054
0.005694 0.010908
0.005692 0.006307
0.005689 0.008350
0.005688 0.006325
0.005687 0.005964
0.005685 0.007026
0.005683 0.006501
0.005681 0.006252
0.005679 0.008134
0.005670 0.005786
0.005665 0.007037
0.005662 0.009337
0.005659 0.007267
0.005652 0.008929
0.005647 0.010828
0.005642 0.006202
0.005640 0.007096
0.005639 0.008453
0.005639 0.008836
0.005638 0.006249
0.005632 0.010385
0.005628 0.006074
0.005628 0.006353
0.005627 0.005875
0.005626 0.011599
0.005626 0.005679
0.005621 0.009323
0.005621 0.006060
0.005620 0.008870
0.005618 0.006412
0.005612 0.009690
0.005610 0.005777
0.005609 0.005879
0.005608 0.006318
0.005608 0.008449
0.005604 0.006099
0.005603 0.006890
0.005598 0.007192
0.005592 0.007212
0.005586 0.007811
0.005578 0.013108
0.005575 0.007105
0.005570 0.006135
0.005570 0.005691
0.005569 0.011047
0.005567 0.006271
0.005554 0.005601
0.005553 0.005712
0.005553 0.005656
0.005550 0.007112
0.005545 0.008606
0.005542 0.007011
0.005537 0.011193
0.005526 0.005835
0.005524 0.005931
0.005515 0.005548
0.005505 0.007641
0.005504 0.006670
0.005502 0.010476
0.005499 0.006002
0.005499 0.007685
0.005498 0.005563
0.005498 0.006614
0.005495 0.005609
0.005492 0.005871
0.005490 0.005530
0.005489 0.005870
0.005489 0.008270
0.005488 0.011846
0.005487 0.006501
0.005486 0.005918
0.005485 0.006853
0.005485 0.008567
0.005484 0.005638
0.005481 0.005862
0.005481 0.006224
0.005476 0.005478
0.005469 0.007158
0.005460 0.007465
0.005459 0.005477
0.005454 0.007924
0.005450 0.010627
0.005442 0.006345
0.005432 0.005506
0.005427 0.006264
0.005420 0.007684
0.005420 0.008256
0.005411 0.006928
0.005410 0.005855
0.005409 0.005519
0.005407 0.005916
0.005405 0.005632
0.005404 0.006362
0.005403 0.005707
0.005402 0.007900
0.005395 0.005635
0.005394 0.005694
0.005393 0.007454
0.005392 0.007144
0.005392 0.006061
0.005391 0.011509
0.005389 0.009796
0.005389 0.007929
0.005379 0.007162
0.005377 0.005458
0.005376 0.010643
0.005371 0.005405
0.005369 0.006518
0.005363 0.005547
0.005355 0.010765
0.005353 0.009070
0.005352 0.005787
0.005350 0.005886
0.005349 0.006167
0.005349 0.005692
0.005349 0.005523
0.005347 0.008015
0.005345 0.006339
0.005338 0.007119
0.005337 0.005940
0.005336 0.005537
0.005328 0.005626
0.005326 0.007265
0.005321 0.005461
0.005319 0.007179
0.005317 0.008183
0.005313 0.007777
0.005312 0.006659
0.005303 0.006839
0.005296 0.005953
0.005290 0.005579
0.005285 0.007424
0.005281 0.007508
0.005280 0.006337
0.005273 0.005783
0.005269 0.005300
0.005269 0.006387
0.005266 0.006508
0.005265 0.006642
0.005264 0.008072
0.005254 0.005344
0.005252 0.005960
0.005249 0.005262
0.005245 0.005714
0.005236 0.005941
0.005235 0.006886
0.005231 0.005599
0.005231 0.005573
0.005231 0.005658
0.005230 0.007828
0.005227 0.007198
0.005226 0.007397
0.005210 0.006451
0.005207 0.006299
0.005205 0.005924
0.005205 0.007225
0.005200 0.005723
0.005196 0.006510
0.005195 0.006547
0.005193 0.005486
0.005190 0.005428
0.005188 0.006257
0.005186 0.009612
0.005186 0.005455
0.005183 0.005377
0.005178 0.005353
0.005172 0.006212
0.005170 0.007023
0.005164 0.007227
0.005161 0.005963
0.005161 0.007301
0.005159 0.008000
0.005155 0.007014
0.005151 0.005995
0.005149 0.007195
0.005147 0.006182
0.005146 0.005531
0.005145 0.008077
0.005145 0.006088
0.005137 0.007119
0.005133 0.006770
0.005132 0.005284
0.005129 0.005491
0.005114 0.005227
0.005109 0.006424
0.005107 0.012883
0.005106 0.006764
0.005104 0.006168
0.005100 0.005222
0.005096 0.006049
0.005095 0.005354
0.005093 0.005607
0.005092 0.005334
0.005082 0.006704
0.005078 0.006223
0.005076 0.006031
0.005068 0.009296
0.005066 0.005396
0.005065 0.009944
0.005065 0.005573
0.005058 0.005769
0.005057 0.005722
0.005055 0.006431
0.005053 0.006017
0.005050 0.005940
0.005044 0.006876
0.005041 0.005981
0.005038 0.005246
0.005036 0.006182
0.005035 0.005476
0.005035 0.005753
0.005033 0.006898
0.005026 0.007425
0.005019 0.005637
0.005017 0.005017
0.005014 0.006297
0.005009 0.005183
0.005003 0.005534
0.004998 0.005130
0.004994 0.005679
0.004986 0.006680
0.004985 0.006172
0.004982 0.005296
0.004977 0.006980
0.004959 0.005532
0.004954 0.005090
0.004953 0.005429
0.004953 0.008635
0.004952 0.008070
0.004952 0.007433
0.004950 0.005170
0.004949 0.005866
0.004947 0.005400
0.004935 0.006645
0.004930 0.006164
0.004926 0.006723
0.004925 0.005505
0.004922 0.005058
0.004920 0.006658
0.004918 0.005183
0.004917 0.005515
0.004907 0.005604
0.004904 0.005777
0.004903 0.005370
0.004896 0.005654
0.004896 0.004908
0.004890 0.007096
0.004881 0.005347
0.004876 0.004928
0.004870 0.007171
0.004862 0.005013
0.004855 0.004951
0.004849 0.005043
0.004845 0.005034
0.004844 0.005707
0.004844 0.010174
0.004843 0.010248
0.004828 0.004964
0.004819 0.005999
0.004810 0.004975
0.004807 0.005943
0.004807 0.005243
0.004795 0.005317
0.004794 0.006812
0.004791 0.005637
0.004781 0.005933
0.004775 0.008018
0.004770 0.004840
0.004769 0.006073
0.004764 0.009330
0.004762 0.007464
0.004755 0.004900
0.004748 0.005470
0.004747 0.006509
0.004746 0.005347
0.004741 0.006234
0.004740 0.005466
0.004738 0.005684
0.004738 0.004784
0.004725 0.006186
0.004722 0.005347
0.004718 0.005087
0.004713 0.005018
0.004705 0.004860
0.004673 0.006327
0.004664 0.006819
0.004657 0.005711
0.004651 0.004734
0.004645 0.004925
0.004631 0.006138
0.004629 0.005127
0.004624 0.004809
0.004622 0.004680
0.004612 0.005926
0.004608 0.004871
0.004602 0.008293
0.004595 0.004693
0.004588 0.005917
0.004578 0.004631
0.004577 0.005061
0.004572 0.004661
0.004565 0.004884
0.004555 0.007007
0.004543 0.004660
0.004524 0.005673
0.004522 0.006455
0.004514 0.007921
0.004511 0.006350
0.004508 0.004662
0.004505 0.006730
0.004482 0.004909
0.004477 0.005196
0.004475 0.005499
0.004451 0.006935
0.004447 0.005367
0.004438 0.005026
0.004428 0.004807
0.004427 0.005480
0.004426 0.004983
0.004422 0.006113
0.004416 0.005209
0.004416 0.004461
0.004402 0.004689
0.004389 0.004887
0.004386 0.004758
0.004377 0.004477
0.004377 0.005311
0.004373 0.005360
0.004353 0.004798
0.004347 0.005354
0.004345 0.005425
0.004332 0.005248
0.004329 0.004885
0.004325 0.005224
0.004321 0.005033
0.004307 0.005451
0.004293 0.004798
0.004280 0.004824
0.004272 0.004681
0.004268 0.005209
0.004262 0.005022
0.004249 0.004465
0.004236 0.005021
0.004230 0.005020
0.004215 0.004237
0.004210 0.005560
0.004205 0.004969
0.004198 0.004402
0.004191 0.004294
0.004172 0.004788
0.004135 0.004648
0.004132 0.004178
0.004131 0.004180
0.004127 0.005093
0.004094 0.005084
0.004084 0.004385
0.004080 0.004305
0.004077 0.004175
0.004067 0.004712
0.004064 0.006201
0.004034 0.004083
0.004029 0.004724
0.004027 0.004343
0.004024 0.004485
0.004022 0.004094
0.004005 0.004501
0.003988 0.004192
0.003985 0.004533
0.003978 0.004093
0.003977 0.004601
0.003977 0.004240
0.003977 0.004266
0.003955 0.004881
0.003941 0.004524
0.003931 0.004119
0.003927 0.004808
0.003918 0.004585
0.003907 0.004013
0.003898 0.004301
0.003884 0.004497
0.003884 0.006686
0.003867 0.003973
0.003865 0.004538
0.003859 0.004703
0.003840 0.005439
0.003836 0.003913
0.003815 0.004671
0.003783 0.004051
0.003746 0.004032
0.003734 0.003952
0.003709 0.003984
0.003687 0.004205
0.003684 0.003754
0.003671 0.003996
0.003664 0.004133
0.003649 0.003659
0.003604 0.004434
0.003585 0.003795
0.003579 0.004616
0.003538 0.004001
0.003517 0.004017
0.003505 0.003779
0.003498 0.003785
0.003475 0.003480
0.003459 0.003644
0.003443 0.003453
0.003432 0.003516
0.003358 0.003579
0.003344 0.003814
0.003296 0.003351
0.003275 0.003948
0.003255 0.003304
0.003243 0.003280
0.003139 0.003710
0.003138 0.003262
0.003135 0.003896
0.003092 0.003727
0.003076 0.003760
0.003052 0.003623
0.003044 0.003791
0.003028 0.003851
0.003023 0.003659
0.002960 0.003381
0.002936 0.002974
0.002919 0.003051
0.002915 0.002948
0.002913 0.003188
0.002887 0.003353
0.002781 0.003390
0.002756 0.002795
0.002747 0.002762
0.002746 0.002990
0.002533 0.003030
0.002498 0.002499
0.002488 0.002699
0.002448 0.002751
0.002415 0.002727
0.002345 0.002474
0.002338 0.002555
0.002319 0.002687
0.002290 0.002985
0.002237 0.002530
0.002055 0.002283
0.002026 0.002106
0.002004 0.002313
0.001981 0.002213
0.001810 0.002032
0.001606 0.001872
