0.214255 0.284085
0.113095 0.113711
0.104647 0.142491
0.101011 0.152510
0.094216 0.113317
0.089287 0.171750
0.080487 0.151908
0.076279 0.082806
0.073165 0.074732
0.072783 0.114597
0.065448 0.070397
0.063356 0.074734
0.062730 0.088491
0.061738 0.078250
0.061710 0.066825
0.060217 0.062475
0.060120 0.080165
0.057156 0.067825
0.057155 0.061912
0.057039 0.059254
0.056081 0.072945
0.055761 0.058391
0.055539 0.095282
0.055525 0.074243
0.051832 0.063890
0.051213 0.079507
0.050358 0.065465
0.049294 0.055546
0.048545 0.056800
0.048143 0.063274
0.048052 0.048731
0.046450 0.052391
0.045312 0.076801
0.044851 0.079892
0.044098 0.052122
0.043291 0.051294
0.042886 0.062756
0.041277 0.043166
0.040942 0.042232
0.040493 0.043455
0.039862 0.044508
0.039745 0.048548
0.039667 0.041211
0.039404 0.039586
0.038821 0.047955
0.038777 0.050452
0.038482 0.055764
0.038363 0.038619
0.038331 0.048786
0.038092 0.046881
0.038090 0.040465
0.037828 0.039883
0.037274 0.048127
0.037262 0.043276
0.036638 0.037379
0.036567 0.038453
0.036457 0.040698
0.036083 0.036529
0.035982 0.042043
0.034889 0.043955
0.034520 0.054713
0.034438 0.037718
0.034038 0.043444
0.033868 0.055318
0.033508 0.034258
0.033434 0.035907
0.033321 0.038202
0.033278 0.033880
0.033013 0.040355
0.032845 0.045805
0.032831 0.041004
0.032327 0.032447
0.032237 0.032477
0.032208 0.042152
0.031945 0.048073
0.031830 0.034273
0.031769 0.033157
0.031718 0.042801
0.031640 0.033143
0.031468 0.040240
0.030973 0.031707
0.030954 0.032202
0.030766 0.032040
0.030495 0.031267
0.030458 0.031381
0.030278 0.033318
0.030198 0.041870
0.030132 0.030780
0.030046 0.033909
0.029960 0.036861
0.029719 0.032130
0.029710 0.035644
0.029260 0.032988
0.029254 0.032072
0.028814 0.039759
0.028001 0.029773
0.027596 0.031302
0.027447 0.031402
0.027268 0.069456
0.027226 0.035315
0.026951 0.042581
0.026649 0.031826
0.026400 0.032631
0.026338 0.038839
0.026129 0.031617
0.025943 0.026837
0.025774 0.026645
0.025453 0.040129
0.025273 0.025972
0.025156 0.026596
0.024981 0.027242
0.024821 0.032446
0.024770 0.027368
0.024509 0.038651
0.024432 0.027031
0.024278 0.030748
0.024268 0.032713
0.024264 0.025476
0.023899 0.025036
0.023794 0.024437
0.023754 0.026298
0.023661 0.025510
0.023637 0.025140
0.023623 0.026780
0.023304 0.027148
0.023124 0.030734
0.022915 0.026043
0.022857 0.034722
0.022834 0.023993
0.022492 0.026056
0.022480 0.023923
0.022434 0.043661
0.022424 0.040222
0.022354 0.030789
0.022330 0.023179
0.022220 0.024363
0.022190 0.031485
0.022101 0.024136
0.022079 0.027547
0.022066 0.023933
0.022064 0.025226
0.022058 0.023553
0.022034 0.026191
0.022012 0.039712
0.021647 0.023698
0.021604 0.022630
0.021502 0.022651
0.021498 0.025345
0.021320 0.029502
0.021245 0.021941
0.021002 0.026839
0.020967 0.022708
0.020894 0.021463
0.020865 0.022960
0.020835 0.026565
0.020835 0.023957
0.020829 0.020878
0.020781 0.021872
0.020596 0.021625
0.020593 0.023931
0.020439 0.023603
0.020419 0.021979
0.020361 0.025789
0.020167 0.026028
0.020161 0.022886
0.020090 0.021652
0.019933 0.021771
0.019896 0.028692
0.019850 0.022895
0.019686 0.020124
0.019672 0.022708
0.019580 0.028213
0.019471 0.019617
0.019441 0.020988
0.019401 0.025630
0.019385 0.021010
0.019384 0.026256
0.019368 0.028191
0.019228 0.019806
0.019197 0.019597
0.019161 0.020310
0.019144 0.034302
0.019096 0.020368
0.019070 0.020606
0.019047 0.025996
0.018994 0.020353
0.018949 0.020274
0.018913 0.020916
0.018910 0.021250
0.018880 0.023274
0.018874 0.025643
0.018858 0.018910
0.018855 0.019289
0.018797 0.024724
0.018783 0.019851
0.018767 0.030500
0.018701 0.026421
0.018666 0.033236
0.018634 0.020275
0.018601 0.018728
0.018579 0.034111
0.018574 0.018638
0.018558 0.019975
0.018530 0.022045
0.018498 0.019635
0.018497 0.024612
0.018478 0.019848
0.018470 0.020375
0.018447 0.019143
0.018381 0.026208
0.018348 0.019046
0.018345 0.020668
0.018288 0.027368
0.018286 0.021634
0.018142 0.020452
0.018140 0.018588
0.018122 0.018614
0.018077 0.019316
0.018063 0.023585
0.018058 0.018920
0.018013 0.028863
0.017999 0.022800
0.017996 0.025795
0.017987 0.018483
0.017916 0.020933
0.017900 0.018639
0.017847 0.033337
0.017715 0.018777
0.017656 0.023769
0.017648 0.023206
0.017622 0.019686
0.017585 0.020624
0.017575 0.019944
0.017536 0.025421
0.017489 0.020462
0.017363 0.022202
0.017275 0.017514
0.017250 0.020785
0.017247 0.019398
0.017100 0.018581
0.017085 0.019253
0.017068 0.017598
0.017063 0.017261
0.017012 0.018042
0.016950 0.018041
0.016902 0.024280
0.016893 0.019003
0.016865 0.026304
0.016807 0.017096
0.016794 0.020384
0.016792 0.018760
0.016772 0.025970
0.016770 0.016876
0.016760 0.016813
0.016735 0.030026
0.016719 0.019092
0.016677 0.018313
0.016647 0.019447
0.016616 0.026871
0.016594 0.020818
0.016507 0.019519
0.016503 0.016580
0.016380 0.020286
0.016336 0.022231
0.016327 0.020790
0.016241 0.018040
0.016220 0.020155
0.016158 0.030624
0.016141 0.017594
0.016132 0.019762
0.016103 0.019297
0.016034 0.019813
0.015922 0.017136
0.015883 0.018079
0.015863 0.017374
0.015807 0.016811
0.015774 0.016676
0.015770 0.016209
0.015714 0.015942
0.015710 0.015898
0.015614 0.016360
0.015599 0.015909
0.015582 0.020555
0.015572 0.019482
0.015523 0.019201
0.015513 0.018061
0.015490 0.019370
0.015470 0.016425
0.015437 0.016894
0.015434 0.018281
0.015420 0.019203
0.015365 0.018589
0.015360 0.025247
0.015349 0.026554
0.015304 0.015418
0.015273 0.015368
0.015268 0.015880
0.015254 0.015441
0.015234 0.019400
0.015213 0.015854
0.015131 0.015407
0.015120 0.023434
0.015042 0.015130
0.015041 0.015154
0.015022 0.015649
0.015021 0.016473
0.014994 0.016306
0.014961 0.018968
0.014953 0.033579
0.014953 0.019844
0.014936 0.015414
0.014915 0.016031
0.014908 0.016135
0.014892 0.027311
0.014870 0.017012
0.014843 0.019833
0.014826 0.018380
0.014804 0.015056
0.014779 0.017669
0.014737 0.015063
0.014716 0.015490
0.014716 0.020393
0.014716 0.015225
0.014680 0.015132
0.014661 0.015363
0.014648 0.016620
0.014643 0.014817
0.014642 0.014706
0.014619 0.016054
0.014601 0.017207
0.014600 0.017670
0.014575 0.015205
0.014566 0.014831
0.014561 0.019120
0.014542 0.022790
0.014517 0.028323
0.014502 0.016319
0.014502 0.019339
0.014480 0.020799
0.014479 0.015310
0.014472 0.014645
0.014441 0.015383
0.014414 0.016704
0.014409 0.018251
0.014397 0.015806
0.014394 0.015695
0.014333 0.014976
0.014313 0.014890
0.014311 0.015294
0.014299 0.015231
0.014257 0.022151
0.014252 0.014279
0.014243 0.015916
0.014241 0.029799
0.014237 0.014766
0.014236 0.014628
0.014204 0.017102
0.014139 0.024790
0.014127 0.019916
0.014113 0.017147
0.014079 0.020743
0.014075 0.014424
0.014037 0.014547
0.014027 0.014890
0.014005 0.020172
0.013997 0.014927
0.013990 0.015294
0.013978 0.014254
0.013973 0.014714
0.013963 0.017116
0.013939 0.014216
0.013928 0.021504
0.013926 0.015950
0.013923 0.014076
0.013914 0.023416
0.013909 0.017262
0.013888 0.017299
0.013873 0.017153
0.013859 0.018210
0.013823 0.019128
0.013800 0.014336
0.013800 0.015530
0.013799 0.014457
0.013798 0.017144
0.013783 0.027285
0.013765 0.018345
0.013743 0.026803
0.013738 0.014531
0.013736 0.017233
0.013735 0.013744
0.013707 0.017296
0.013700 0.014821
0.013661 0.014001
0.013657 0.019667
0.013657 0.016319
0.013649 0.015484
0.013649 0.014086
0.013645 0.015870
0.013628 0.017829
0.013609 0.016193
0.013589 0.023489
0.013548 0.016964
0.013531 0.014428
0.013523 0.014899
0.013501 0.014394
0.013488 0.021854
0.013478 0.016064
0.013453 0.015441
0.013451 0.013957
0.013448 0.013832
0.013444 0.037881
0.013427 0.016751
0.013391 0.015297
0.013388 0.016131
0.013387 0.016057
0.013387 0.013929
0.013373 0.014636
0.013357 0.015693
0.013356 0.015766
0.013348 0.013967
0.013343 0.017126
0.013317 0.015610
0.013302 0.014694
0.013274 0.014091
0.013268 0.015793
0.013258 0.019813
0.013236 0.018345
0.013214 0.014418
0.013212 0.016141
0.013212 0.013899
0.013208 0.019377
0.013187 0.014222
0.013147 0.013264
0.013137 0.013622
0.013131 0.016279
0.013126 0.014285
0.013103 0.016974
0.013083 0.016903
0.013080 0.016357
0.013080 0.013702
0.013074 0.014897
0.013047 0.014127
0.013023 0.016970
0.013014 0.029755
0.013006 0.015586
0.012996 0.016595
0.012989 0.014191
0.012983 0.024293
0.012966 0.015440
0.012955 0.015969
0.012950 0.012981
0.012929 0.014496
0.012901 0.018856
0.012890 0.021760
0.012887 0.016104
0.012857 0.012892
0.012844 0.015703
0.012840 0.012940
0.012837 0.014334
0.012828 0.019229
0.012813 0.013747
0.012812 0.016116
0.012804 0.016016
0.012794 0.013422
0.012790 0.014209
0.012770 0.016954
0.012752 0.015140
0.012744 0.017605
0.012743 0.013794
0.012737 0.014741
0.012732 0.013262
0.012713 0.013727
0.012711 0.013576
0.012711 0.013887
0.012698 0.013799
0.012691 0.020401
0.012647 0.016126
0.012641 0.013089
0.012614 0.017195
0.012612 0.013177
0.012607 0.016523
0.012603 0.013511
0.012599 0.016660
0.012572 0.017494
0.012566 0.014789
0.012559 0.018067
0.012554 0.012841
0.012551 0.017313
0.012545 0.014901
0.012538 0.013060
0.012515 0.013564
0.012508 0.015467
0.012507 0.020746
0.012497 0.020822
0.012497 0.013528
0.012497 0.012821
0.012485 0.015106
0.012479 0.012573
0.012463 0.014116
0.012461 0.014295
0.012454 0.013478
0.012445 0.013034
0.012442 0.012505
0.012437 0.012593
0.012430 0.019026
0.012428 0.023487
0.012425 0.012614
0.012390 0.013953
0.012384 0.013786
0.012381 0.016932
0.012349 0.013198
0.012326 0.013714
0.012319 0.017226
0.012315 0.013957
0.012304 0.020212
0.012301 0.013073
0.012286 0.014306
0.012279 0.013795
0.012277 0.014691
0.012275 0.014709
0.012274 0.012643
0.012258 0.012423
0.012257 0.015241
0.012247 0.014442
0.012236 0.012838
0.012226 0.014886
0.012219 0.017941
0.012216 0.022062
0.012205 0.013046
0.012203 0.013503
0.012201 0.016022
0.012176 0.012884
0.012155 0.012251
0.012154 0.014038
0.012152 0.013190
0.012123 0.012665
0.012122 0.014717
0.012115 0.012488
0.012093 0.017385
0.012091 0.015533
0.012082 0.012622
0.012075 0.012623
0.012074 0.016642
0.012050 0.016629
0.012038 0.012594
0.012037 0.016986
0.012024 0.014661
0.012020 0.012979
0.012018 0.019578
0.012016 0.013532
0.012008 0.013097
0.012008 0.013428
0.011992 0.016446
0.011977 0.015742
0.011956 0.012479
0.011952 0.021344
0.011952 0.012712
0.011927 0.025098
0.011923 0.013056
0.011875 0.011928
0.011869 0.012748
0.011860 0.016140
0.011852 0.014542
0.011838 0.012330
0.011833 0.015629
0.011794 0.011952
0.011788 0.013442
0.011746 0.018486
0.011744 0.012148
0.011727 0.013984
0.011722 0.019178
0.011718 0.016168
0.011717 0.012046
0.011712 0.013050
0.011698 0.019203
0.011693 0.012106
0.011689 0.013771
0.011683 0.013457
0.011683 0.013069
0.011678 0.015929
0.011678 0.012361
0.011671 0.020182
0.011671 0.014647
0.011660 0.021265
0.011654 0.011772
0.011652 0.011805
0.011648 0.014557
0.011646 0.012418
0.011640 0.022131
0.011630 0.011674
0.011616 0.015577
0.011611 0.011861
0.011605 0.014020
0.011593 0.012093
0.011588 0.014110
0.011587 0.016411
0.011587 0.013833
0.011581 0.014511
0.011579 0.013042
0.011579 0.014314
0.011568 0.014530
0.011549 0.012562
0.011548 0.015487
0.011545 0.018543
0.011533 0.022506
0.011527 0.014489
0.011504 0.011779
0.011489 0.021631
0.011473 0.011656
0.011467 0.012373
0.011464 0.015902
0.011441 0.019732
0.011424 0.016660
0.011423 0.013761
0.011419 0.012372
0.011416 0.012317
0.011414 0.011544
0.011414 0.014085
0.011408 0.020672
0.011402 0.015646
0.011392 0.011607
0.011385 0.012194
0.011384 0.011725
0.011373 0.022556
0.011365 0.012431
0.011329 0.012473
0.011313 0.011323
0.011307 0.012137
0.011301 0.011403
0.011300 0.014541
0.011297 0.012022
0.011295 0.018916
0.011292 0.022309
0.011288 0.011880
0.011283 0.013037
0.011278 0.015318
0.011262 0.011837
0.011262 0.012894
0.011234 0.015812
0.011225 0.015486
0.011221 0.015843
0.011220 0.023458
0.011216 0.012835
0.011209 0.011857
0.011205 0.021230
0.011190 0.012615
0.011187 0.012015
0.011182 0.012515
0.011170 0.012914
0.011166 0.012012
0.011158 0.012591
0.011154 0.011884
0.011154 0.015628
0.011150 0.012487
0.011131 0.013353
0.011103 0.012608
0.011096 0.011278
0.011092 0.011321
0.011085 0.012675
0.011068 0.017315
0.011055 0.014507
0.011042 0.015912
0.011041 0.013362
0.011040 0.012325
0.011034 0.011470
0.011019 0.018306
0.011007 0.012755
0.010990 0.011171
0.010990 0.011033
0.010986 0.011461
0.010983 0.014667
0.010981 0.013371
0.010977 0.018104
0.010971 0.013850
0.010958 0.017121
0.010953 0.014561
0.010944 0.010988
0.010913 0.015027
0.010912 0.011176
0.010899 0.010973
0.010897 0.012085
0.010897 0.011379
0.010895 0.015652
0.010891 0.011461
0.010863 0.010945
0.010853 0.012079
0.010848 0.011769
0.010844 0.014422
0.010839 0.014353
0.010835 0.013235
0.010834 0.013855
0.010822 0.019370
0.010819 0.013810
0.010817 0.011015
0.010814 0.011188
0.010799 0.012811
0.010799 0.012327
0.010788 0.010847
0.010770 0.014225
0.010760 0.015044
0.010750 0.012825
0.010743 0.011411
0.010723 0.011394
0.010723 0.013937
0.010721 0.015822
0.010706 0.012385
0.010705 0.022649
0.010703 0.011836
0.010690 0.012068
0.010689 0.011279
0.010683 0.010769
0.010678 0.017569
0.010663 0.016265
0.010660 0.010911
0.010646 0.016284
0.010643 0.016213
0.010640 0.011176
0.010638 0.014108
0.010622 0.010891
0.010615 0.011393
0.010597 0.010779
0.010595 0.011053
0.010586 0.015794
0.010582 0.012160
0.010578 0.010802
0.010566 0.011925
0.010560 0.015271
0.010559 0.014928
0.010553 0.011228
0.010550 0.016448
0.010544 0.015566
0.010542 0.016000
0.010534 0.014286
0.010524 0.020030
0.010514 0.011778
0.010513 0.014768
0.010499 0.012449
0.010496 0.011501
0.010489 0.011855
0.010486 0.021927
0.010472 0.011790
0.010470 0.012913
0.010465 0.014928
0.010459 0.015246
0.010458 0.018706
0.010456 0.015045
0.010437 0.010487
0.010434 0.010562
0.010422 0.014791
0.010414 0.011196
0.010410 0.013107
0.010382 0.016362
0.010376 0.014037
0.010374 0.012710
0.010363 0.011091
0.010361 0.010928
0.010359 0.014857
0.010350 0.010612
0.010349 0.014221
0.010343 0.012148
0.010331 0.018052
0.010322 0.011727
0.010318 0.014559
0.010310 0.018868
0.010296 0.010451
0.010294 0.011321
0.010292 0.016399
0.010291 0.018606
0.010276 0.017747
0.010268 0.011656
0.010267 0.013185
0.010267 0.012887
0.010257 0.010432
0.010256 0.010591
0.010248 0.018981
0.010243 0.011561
0.010228 0.010815
0.010204 0.022691
0.010203 0.010880
0.010201 0.012861
0.010182 0.010436
0.010180 0.010764
0.010177 0.010629
0.010176 0.020237
0.010175 0.010755
0.010160 0.010413
0.010134 0.017513
0.010124 0.011051
0.010121 0.011234
0.010111 0.016379
0.010109 0.013313
0.010107 0.011037
0.010103 0.010375
0.010103 0.013455
0.010094 0.012131
0.010093 0.011026
0.010089 0.010633
0.010079 0.010603
0.010066 0.017284
0.010061 0.020040
0.010051 0.011824
0.010049 0.017145
0.010048 0.010383
0.010047 0.010232
0.010044 0.011074
0.010011 0.015016
0.010006 0.010814
0.009977 0.010356
0.009962 0.014498
0.009961 0.010373
0.009960 0.016904
0.009957 0.011741
0.009952 0.011775
0.009950 0.010999
0.009944 0.013569
0.009944 0.011362
0.009940 0.011942
0.009935 0.010136
0.009933 0.015113
0.009927 0.010306
0.009919 0.021953
0.009919 0.014517
0.009917 0.010387
0.009909 0.015079
0.009893 0.011828
0.009892 0.012698
0.009880 0.014269
0.009878 0.013560
0.009877 0.013054
0.009875 0.016510
0.009869 0.014584
0.009866 0.009904
0.009860 0.009968
0.009857 0.011317
0.009856 0.010000
0.009847 0.010064
0.009845 0.010685
0.009843 0.011915
0.009832 0.013984
0.009832 0.009943
0.009824 0.010555
0.009822 0.010206
0.009806 0.009953
0.009799 0.011938
0.009797 0.010566
0.009790 0.011106
0.009785 0.011666
0.009777 0.009818
0.009777 0.017093
0.009774 0.009886
0.009767 0.013935
0.009762 0.011652
0.009758 0.010309
0.009747 0.020111
0.009731 0.010290
0.009730 0.010335
0.009729 0.010811
0.009722 0.015737
0.009714 0.011846
0.009712 0.019357
0.009710 0.009981
0.009708 0.009970
0.009708 0.010089
0.009704 0.010015
0.009698 0.014327
0.009696 0.011595
0.009691 0.010920
0.009686 0.011059
0.009656 0.018041
0.009654 0.012539
0.009647 0.019293
0.009646 0.016079
0.009645 0.014494
0.009634 0.009883
0.009631 0.012416
0.009629 0.012212
0.009619 0.011107
0.009607 0.010128
0.009605 0.011218
0.009590 0.011716
0.009583 0.009852
0.009582 0.010071
0.009577 0.009802
0.009565 0.018657
0.009560 0.016357
0.009557 0.010197
0.009555 0.009991
0.009554 0.011925
0.009538 0.010130
0.009533 0.010688
0.009528 0.009754
0.009521 0.011184
0.009519 0.011853
0.009519 0.011590
0.009518 0.013217
0.009517 0.010639
0.009508 0.011114
0.009503 0.010914
0.009498 0.011619
0.009485 0.009801
0.009484 0.013174
0.009482 0.010648
0.009477 0.011309
0.009473 0.011525
0.009467 0.009801
0.009465 0.016072
0.009456 0.011265
0.009456 0.010719
0.009446 0.010823
0.009435 0.015201
0.009435 0.009527
0.009425 0.012134
0.009411 0.009973
0.009409 0.012345
0.009407 0.011356
0.009405 0.010839
0.009402 0.009708
0.009394 0.009966
0.009387 0.010650
0.009386 0.010117
0.009384 0.010028
0.009381 0.009619
0.009380 0.011198
0.009374 0.009385
0.009370 0.017013
0.009364 0.012555
0.009356 0.011736
0.009347 0.010717
0.009346 0.010195
0.009344 0.009622
0.009336 0.009693
0.009328 0.009330
0.009326 0.011513
0.009325 0.010207
0.009324 0.013008
0.009321 0.009330
0.009312 0.009336
0.009293 0.009868
0.009292 0.009915
0.009277 0.012613
0.009275 0.009889
0.009272 0.010291
0.009266 0.009481
0.009265 0.011916
0.009258 0.015783
0.009253 0.019312
0.009252 0.014064
0.009245 0.017795
0.009243 0.010875
0.009242 0.011246
0.009239 0.009262
0.009237 0.010243
0.009236 0.012563
0.009220 0.009763
0.009214 0.014008
0.009213 0.011771
0.009210 0.012332
0.009206 0.009316
0.009201 0.018147
0.009189 0.010002
0.009185 0.009865
0.009180 0.016224
0.009178 0.013361
0.009175 0.011914
0.009173 0.009333
0.009167 0.009877
0.009167 0.009343
0.009160 0.009954
0.009159 0.011474
0.009157 0.010679
0.009150 0.015551
0.009149 0.016408
0.009146 0.016221
0.009146 0.009363
0.009143 0.011444
0.009134 0.009296
0.009126 0.009141
0.009123 0.012827
0.009123 0.019222
0.009118 0.009943
0.009106 0.012578
0.009105 0.009183
0.009101 0.011717
0.009084 0.009521
0.009072 0.016915
0.009070 0.010063
0.009065 0.009762
0.009063 0.013004
0.009039 0.009074
0.009034 0.011781
0.009024 0.010518
0.009024 0.009167
0.009023 0.010145
0.009015 0.011610
0.009008 0.010184
0.009007 0.011118
0.008991 0.012858
0.008984 0.009123
0.008984 0.009069
0.008976 0.010249
0.008972 0.009779
0.008972 0.014056
0.008962 0.009848
0.008961 0.013160
0.008956 0.012420
0.008952 0.010885
0.008952 0.010904
0.008951 0.013542
0.008948 0.014401
0.008939 0.011611
0.008938 0.009709
0.008936 0.009055
0.008932 0.010606
0.008928 0.009445
0.008923 0.010266
0.008918 0.010306
0.008915 0.010986
0.008913 0.010829
0.008909 0.011202
0.008907 0.012226
0.008905 0.009786
0.008900 0.009611
0.008896 0.010000
0.008872 0.010660
0.008868 0.009024
0.008858 0.008887
0.008847 0.010976
0.008845 0.009179
0.008844 0.011931
0.008842 0.011313
0.008834 0.010418
0.008811 0.012798
0.008804 0.011744
0.008797 0.011592
0.008795 0.010989
0.008785 0.010391
0.008784 0.009739
0.008782 0.014184
0.008781 0.010971
0.008774 0.010168
0.008772 0.011357
0.008763 0.011486
0.008757 0.009591
0.008756 0.009091
0.008754 0.008782
0.008750 0.010981
0.008748 0.012054
0.008742 0.008923
0.008741 0.011077
0.008741 0.010855
0.008737 0.010028
0.008736 0.014270
0.008736 0.012058
0.008730 0.010644
0.008710 0.010036
0.008708 0.015584
0.008699 0.014308
0.008685 0.008728
0.008684 0.009728
0.008682 0.008703
0.008674 0.009798
0.008672 0.008934
0.008669 0.012998
0.008657 0.012583
0.008651 0.008961
0.008642 0.010195
0.008635 0.009501
0.008629 0.011560
0.008629 0.012121
0.008623 0.008871
0.008620 0.015126
0.008615 0.011306
0.008612 0.009096
0.008612 0.011334
0.008604 0.013518
0.008601 0.010266
0.008601 0.011317
0.008595 0.009651
0.008595 0.010084
0.008587 0.009184
0.008583 0.013434
0.008582 0.009735
0.008578 0.012083
0.008576 0.009542
0.008565 0.013206
0.008565 0.014122
0.008559 0.008586
0.008557 0.009586
0.008549 0.015699
0.008548 0.009689
0.008531 0.010059
0.008526 0.009479
0.008521 0.015392
0.008514 0.010149
0.008505 0.009884
0.008495 0.011801
0.008492 0.008750
0.008485 0.008847
0.008485 0.014226
0.008484 0.012190
0.008480 0.019731
0.008479 0.009984
0.008478 0.008923
0.008477 0.017002
0.008475 0.010419
0.008472 0.012146
0.008461 0.010538
0.008460 0.014022
0.008458 0.012460
0.008456 0.008698
0.008456 0.010839
0.008454 0.012837
0.008453 0.017483
0.008449 0.013781
0.008447 0.008766
0.008447 0.009645
0.008444 0.011692
0.008434 0.012123
0.008427 0.009446
0.008427 0.009518
0.008419 0.008553
0.008418 0.008698
0.008418 0.008650
0.008415 0.010384
0.008411 0.008926
0.008403 0.008614
0.008403 0.010590
0.008401 0.010180
0.008397 0.010614
0.008390 0.009866
0.008390 0.008890
0.008390 0.010118
0.008380 0.009473
0.008379 0.008999
0.008378 0.009741
0.008374 0.011645
0.008374 0.012797
0.008374 0.018100
0.008363 0.008930
0.008363 0.009083
0.008362 0.008435
0.008352 0.008919
0.008347 0.009658
0.008345 0.012910
0.008340 0.008408
0.008327 0.012039
0.008318 0.009455
0.008300 0.017232
0.008299 0.008387
0.008288 0.008510
0.008284 0.009309
0.008284 0.011066
0.008282 0.008661
0.008282 0.009015
0.008276 0.009625
0.008271 0.008728
0.008267 0.009426
0.008266 0.008645
0.008266 0.012981
0.008262 0.009359
0.008257 0.012414
0.008256 0.009264
0.008240 0.010266
0.008233 0.009327
0.008232 0.009266
0.008230 0.014594
0.008226 0.008673
0.008225 0.009801
0.008224 0.009281
0.008216 0.016667
0.008212 0.008890
0.008203 0.019459
0.008199 0.010626
0.008195 0.014932
0.008192 0.011944
0.008192 0.008781
0.008192 0.009170
0.008191 0.009938
0.008182 0.008446
0.008169 0.011039
0.008167 0.009314
0.008163 0.014854
0.008156 0.008611
0.008155 0.008984
0.008148 0.008382
0.008143 0.011378
0.008135 0.011574
0.008130 0.008747
0.008117 0.012532
0.008108 0.009381
0.008093 0.008403
0.008090 0.008766
0.008085 0.011674
0.008083 0.011759
0.008083 0.008623
0.008079 0.008520
0.008078 0.010778
0.008075 0.010296
0.008074 0.008984
0.008070 0.008744
0.008069 0.008403
0.008067 0.010711
0.008064 0.016410
0.008057 0.008116
0.008056 0.010315
0.008052 0.008968
0.008051 0.009831
0.008046 0.008265
0.008045 0.010604
0.008040 0.008484
0.008039 0.008111
0.008038 0.009527
0.008034 0.008220
0.008030 0.012219
0.008028 0.012393
0.008025 0.016189
0.008019 0.008135
0.007998 0.009685
0.007987 0.008201
0.007985 0.009811
0.007982 0.008823
0.007980 0.012313
0.007972 0.010784
0.007966 0.008609
0.007964 0.018907
0.007957 0.008734
0.007956 0.008185
0.007951 0.008672
0.007950 0.011451
0.007946 0.008745
0.007938 0.013478
0.007936 0.011623
0.007931 0.012226
0.007930 0.014571
0.007929 0.011635
0.007925 0.008597
0.007923 0.014372
0.007923 0.009421
0.007916 0.008531
0.007914 0.008464
0.007913 0.014290
0.007909 0.011144
0.007908 0.008164
0.007904 0.008686
0.007877 0.008349
0.007876 0.010220
0.007870 0.009759
0.007868 0.008437
0.007866 0.009463
0.007860 0.008790
0.007859 0.008972
0.007859 0.009292
0.007849 0.008788
0.007849 0.008424
0.007845 0.009183
0.007844 0.013986
0.007838 0.009303
0.007835 0.009532
0.007835 0.009082
0.007832 0.007969
0.007820 0.010466
0.007814 0.008323
0.007803 0.007873
0.007797 0.008667
0.007795 0.012990
0.007792 0.009550
0.007789 0.011016
0.007786 0.008576
0.007786 0.008981
0.007784 0.009137
0.007775 0.007969
0.007774 0.008598
0.007773 0.009934
0.007767 0.009664
0.007763 0.008358
0.007753 0.009688
0.007749 0.008141
0.007738 0.008574
0.007728 0.013468
0.007720 0.014071
0.007712 0.008940
0.007712 0.011104
0.007707 0.008676
0.007705 0.008081
0.007704 0.010763
0.007697 0.009254
0.007697 0.014122
0.007693 0.010592
0.007686 0.008061
0.007684 0.008345
0.007683 0.015729
0.007681 0.007902
0.007679 0.008286
0.007677 0.010653
0.007672 0.009408
0.007671 0.008771
0.007667 0.008651
0.007659 0.008854
0.007657 0.013255
0.007650 0.007973
0.007649 0.008634
0.007647 0.008817
0.007643 0.010606
0.007640 0.008384
0.007637 0.009678
0.007628 0.012157
0.007626 0.012763
0.007624 0.014266
0.007615 0.007688
0.007613 0.007637
0.007612 0.009354
0.007608 0.011508
0.007608 0.009596
0.007603 0.009367
0.007601 0.007779
0.007601 0.008770
0.007601 0.007851
0.007600 0.008544
0.007590 0.008984
0.007582 0.008009
0.007574 0.009625
0.007570 0.011999
0.007564 0.007905
0.007563 0.012838
0.007562 0.008813
0.007553 0.007790
0.007549 0.008625
0.007548 0.009385
0.007546 0.009479
0.007543 0.010614
0.007538 0.008545
0.007538 0.009163
0.007536 0.008005
0.007531 0.008381
0.007530 0.009263
0.007528 0.008527
0.007526 0.016290
0.007519 0.007612
0.007516 0.009292
0.007515 0.008716
0.007513 0.011953
0.007511 0.007550
0.007501 0.007658
0.007500 0.007791
0.007491 0.007652
0.007490 0.010062
0.007484 0.007929
0.007480 0.007614
0.007479 0.007787
0.007472 0.007662
0.007471 0.009614
0.007470 0.007607
0.007470 0.008373
0.007467 0.008624
0.007465 0.015157
0.007462 0.011327
0.007460 0.007599
0.007459 0.010354
0.007456 0.008149
0.007453 0.009639
0.007449 0.007645
0.007447 0.009681
0.007446 0.017346
0.007444 0.011016
0.007438 0.008675
0.007435 0.009808
0.007433 0.011020
0.007432 0.008115
0.007416 0.008823
0.007413 0.008613
0.007413 0.008952
0.007412 0.009576
0.007412 0.008394
0.007410 0.010957
0.007401 0.007794
0.007400 0.009545
0.007396 0.009834
0.007396 0.009831
0.007391 0.008131
0.007387 0.010166
0.007384 0.010760
0.007384 0.007680
0.007382 0.007952
0.007380 0.007688
0.007379 0.007986
0.007376 0.008163
0.007372 0.013252
0.007371 0.008022
0.007370 0.008726
0.007369 0.013232
0.007368 0.017177
0.007361 0.008072
0.007361 0.009250
0.007359 0.018908
0.007352 0.010652
0.007345 0.009024
0.007342 0.007547
0.007341 0.008055
0.007341 0.007977
0.007334 0.009582
0.007334 0.007747
0.007333 0.011727
0.007328 0.007943
0.007327 0.007757
0.007325 0.007504
0.007308 0.010071
0.007307 0.008410
0.007305 0.007838
0.007305 0.008490
0.007302 0.014432
0.007297 0.008074
0.007296 0.014927
0.007291 0.008300
0.007277 0.012205
0.007273 0.011297
0.007267 0.008793
0.007265 0.010816
0.007265 0.010615
0.007262 0.014226
0.007260 0.009406
0.007254 0.007684
0.007252 0.011663
0.007249 0.007975
0.007245 0.013352
0.007244 0.011007
0.007241 0.016086
0.007240 0.007367
0.007237 0.010559
0.007237 0.007584
0.007237 0.007882
0.007236 0.009083
0.007233 0.008653
0.007224 0.008099
0.007221 0.010280
0.007219 0.009110
0.007218 0.007651
0.007214 0.008993
0.007209 0.007528
0.007208 0.007832
0.007203 0.008612
0.007202 0.007269
0.007199 0.010338
0.007194 0.010801
0.007191 0.008777
0.007190 0.008238
0.007185 0.007509
0.007185 0.008660
0.007181 0.008738
0.007180 0.007636
0.007173 0.007767
0.007168 0.007870
0.007166 0.007626
0.007158 0.011504
0.007153 0.007383
0.007148 0.008776
0.007147 0.007205
0.007147 0.007325
0.007141 0.008054
0.007141 0.007631
0.007138 0.007967
0.007137 0.013044
0.007134 0.010235
0.007131 0.010527
0.007126 0.009857
0.007124 0.008201
0.007119 0.007234
0.007119 0.007945
0.007115 0.007301
0.007109 0.007228
0.007105 0.007790
0.007105 0.009797
0.007105 0.010129
0.007095 0.011266
0.007092 0.009684
0.007087 0.009021
0.007080 0.007326
0.007076 0.007131
0.007065 0.015652
0.007064 0.008922
0.007062 0.009814
0.007059 0.009386
0.007053 0.007301
0.007049 0.011482
0.007047 0.011275
0.007046 0.014401
0.007035 0.012487
0.007035 0.007137
0.007029 0.007260
0.007027 0.010842
0.007022 0.007056
0.007022 0.007148
0.007017 0.015191
0.007015 0.009356
0.007010 0.007861
0.007009 0.007368
0.007006 0.008959
0.007006 0.007458
0.007003 0.007333
0.006988 0.007912
0.006984 0.007363
0.006978 0.008336
0.006963 0.007000
0.006961 0.010745
0.006959 0.008336
0.006953 0.007616
0.006950 0.007983
0.006949 0.008473
0.006942 0.012232
0.006939 0.015427
0.006931 0.008980
0.006925 0.008909
0.006919 0.009665
0.006914 0.007411
0.006914 0.015922
0.006914 0.007177
0.006913 0.008998
0.006908 0.010060
0.006903 0.010001
0.006898 0.007155
0.006897 0.009552
0.006895 0.008535
0.006886 0.009261
0.006883 0.007818
0.006877 0.007399
0.006877 0.007592
0.006871 0.009077
0.006867 0.008452
0.006865 0.007543
0.006864 0.011635
0.006851 0.008928
0.006846 0.007625
0.006846 0.013514
0.006842 0.008039
0.006840 0.010665
0.006839 0.007051
0.006832 0.011138
0.006830 0.008052
0.006824 0.007175
0.006820 0.008677
0.006813 0.009195
0.006808 0.007082
0.006806 0.007977
0.006803 0.007076
0.006796 0.008841
0.006796 0.014029
0.006794 0.008624
0.006788 0.008050
0.006786 0.007510
0.006781 0.009062
0.006778 0.006863
0.006775 0.008646
0.006763 0.008738
0.006761 0.006954
0.006759 0.012230
0.006757 0.007725
0.006757 0.008358
0.006757 0.011173
0.006753 0.007503
0.006752 0.007194
0.006751 0.007147
0.006745 0.008495
0.006744 0.007085
0.006743 0.011259
0.006742 0.008678
0.006735 0.007154
0.006734 0.007076
0.006732 0.010021
0.006730 0.009269
0.006722 0.007343
0.006720 0.007686
0.006716 0.007205
0.006716 0.009228
0.006715 0.009157
0.006713 0.008468
0.006710 0.007583
0.006698 0.007765
0.006696 0.009129
0.006695 0.007391
0.006686 0.012269
0.006680 0.017592
0.006679 0.010420
0.006676 0.007043
0.006672 0.007237
0.006667 0.008557
0.006665 0.008989
0.006662 0.007679
0.006661 0.008358
0.006659 0.006863
0.006657 0.006738
0.006655 0.006739
0.006654 0.006744
0.006651 0.014101
0.006651 0.006839
0.006649 0.007341
0.006642 0.007369
0.006638 0.007759
0.006637 0.009273
0.006633 0.006686
0.006631 0.012426
0.006628 0.007289
0.006626 0.009735
0.006626 0.006857
0.006622 0.007350
0.006621 0.007898
0.006621 0.008356
0.006620 0.008698
0.006618 0.006971
0.006609 0.006789
0.006607 0.008555
0.006602 0.013517
0.006598 0.007561
0.006597 0.010514
0.006593 0.010083
0.006590 0.007355
0.006585 0.011895
0.006584 0.006684
0.006583 0.015531
0.006581 0.006702
0.006580 0.007059
0.006573 0.007062
0.006570 0.007473
0.006565 0.007509
0.006561 0.007532
0.006561 0.010088
0.006561 0.007754
0.006557 0.009615
0.006555 0.007582
0.006553 0.007960
0.006551 0.008031
0.006550 0.006624
0.006547 0.007057
0.006540 0.007207
0.006536 0.015316
0.006535 0.007325
0.006518 0.006724
0.006517 0.008421
0.006513 0.009093
0.006513 0.011131
0.006512 0.007669
0.006504 0.007128
0.006496 0.011386
0.006494 0.006597
0.006493 0.007746
0.006491 0.008621
0.006486 0.009746
0.006485 0.006557
0.006483 0.007662
0.006481 0.006732
0.006479 0.008809
0.006477 0.010453
0.006469 0.006964
0.006465 0.007886
0.006461 0.010846
0.006460 0.007025
0.006457 0.008144
0.006456 0.008567
0.006456 0.006582
0.006455 0.009249
0.006446 0.014438
0.006446 0.007759
0.006439 0.007693
0.006427 0.006815
0.006419 0.009161
0.006414 0.007173
0.006412 0.007145
0.006410 0.006662
0.006408 0.006535
0.006402 0.006791
0.006398 0.008143
0.006396 0.007001
0.006386 0.006804
0.006386 0.008025
0.006372 0.007751
0.006369 0.009096
0.006369 0.007370
0.006367 0.010581
0.006365 0.006435
0.006363 0.006513
0.006362 0.006618
0.006360 0.008580
0.006359 0.011475
0.006352 0.008447
0.006351 0.006916
0.006345 0.006664
0.006340 0.008945
0.006337 0.006664
0.006333 0.012166
0.006332 0.007747
0.006327 0.007993
0.006323 0.011490
0.006319 0.006486
0.006316 0.008935
0.006315 0.008879
0.006315 0.006470
0.006312 0.006618
0.006312 0.007829
0.006301 0.006407
0.006300 0.006553
0.006295 0.009724
0.006294 0.006785
0.006293 0.006808
0.006290 0.008174
0.006284 0.007615
0.006282 0.010320
0.006278 0.010835
0.006277 0.008535
0.006275 0.009140
0.006269 0.009066
0.006267 0.007244
0.006264 0.006371
0.006262 0.006473
0.006259 0.006833
0.006257 0.006612
0.006247 0.012165
0.006247 0.008058
0.006240 0.013336
0.006240 0.012056
0.006239 0.007446
0.006237 0.010092
0.006232 0.007361
0.006231 0.008457
0.006228 0.006941
0.006221 0.007302
0.006219 0.010757
0.006214 0.008702
0.006214 0.007343
0.006207 0.009540
0.006207 0.006522
0.006207 0.006819
0.006202 0.008188
0.006199 0.007033
0.006192 0.006296
0.006192 0.006819
0.006192 0.008120
0.006191 0.007416
0.006190 0.007772
0.006188 0.006648
0.006187 0.006595
0.006187 0.008173
0.006184 0.006935
0.006182 0.006725
0.006180 0.006185
0.006175 0.008117
0.006175 0.008446
0.006171 0.012083
0.006168 0.008925
0.006167 0.008733
0.006165 0.006573
0.006164 0.008636
0.006164 0.006974
0.006161 0.009166
0.006159 0.007347
0.006156 0.006284
0.006154 0.006360
0.006147 0.010480
0.006138 0.007699
0.006135 0.009836
0.006134 0.006606
0.006128 0.006789
0.006127 0.007265
0.006126 0.007007
0.006124 0.007499
0.006123 0.007116
0.006120 0.012858
0.006119 0.008720
0.006117 0.006488
0.006111 0.008441
0.006109 0.007623
0.006102 0.007308
0.006100 0.006304
0.006095 0.008816
0.006091 0.007307
0.006090 0.006322
0.006089 0.009277
0.006083 0.009068
0.006080 0.008660
0.006079 0.006175
0.006078 0.006644
0.006073 0.008294
0.006073 0.006214
0.006073 0.008266
0.006069 0.010354
0.006068 0.007473
0.006068 0.006408
0.006067 0.006174
0.006063 0.007470
0.006059 0.010638
0.006055 0.010993
0.006053 0.007925
0.006053 0.006340
0.006048 0.010444
0.006048 0.009078
0.006046 0.008269
0.006045 0.006465
0.006044 0.008760
0.006044 0.006060
0.006043 0.008053
0.006042 0.007025
0.006041 0.007182
0.006039 0.011854
0.006036 0.006695
0.006031 0.006211
0.006030 0.006488
0.006029 0.007204
0.006027 0.006102
0.006027 0.006608
0.006014 0.010935
0.006013 0.010562
0.006012 0.006099
0.006011 0.011502
0.006008 0.007487
0.006006 0.009046
0.006003 0.006666
0.006003 0.009806
0.006000 0.006542
0.005999 0.012345
0.005995 0.011128
0.005994 0.008853
0.005992 0.006375
0.005991 0.006572
0.005986 0.007344
0.005983 0.006662
0.005976 0.006876
0.005976 0.008877
0.005972 0.007702
0.005968 0.011428
0.005968 0.006416
0.005967 0.007163
0.005963 0.005972
0.005960 0.015155
0.005954 0.008282
0.005951 0.007033
0.005950 0.006554
0.005942 0.010404
0.005940 0.009801
0.005939 0.006569
0.005938 0.008465
0.005933 0.008794
0.005933 0.006014
0.005932 0.005988
0.005932 0.008536
0.005918 0.008886
0.005916 0.010540
0.005914 0.006511
0.005909 0.008163
0.005907 0.008313
0.005899 0.007085
0.005898 0.006974
0.005895 0.008681
0.005893 0.008453
0.005893 0.009860
0.005884 0.014518
0.005882 0.008545
0.005881 0.006482
0.005879 0.007360
0.005879 0.006725
0.005878 0.005944
0.005877 0.006516
0.005877 0.011461
0.005870 0.006432
0.005870 0.012086
0.005858 0.007215
0.005854 0.006345
0.005852 0.009219
0.005850 0.009442
0.005849 0.013116
0.005847 0.008777
0.005847 0.006001
0.005846 0.011768
0.005845 0.006550
0.005837 0.006647
0.005837 0.006274
0.005834 0.005971
0.005823 0.007596
0.005817 0.013832
0.005817 0.005967
0.005815 0.011686
0.005814 0.007397
0.005810 0.008440
0.005809 0.008382
0.005804 0.008370
0.005801 0.007903
0.005800 0.007259
0.005798 0.009189
0.005794 0.005938
0.005786 0.006278
0.005785 0.011157
0.005784 0.006912
0.005781 0.007426
0.005781 0.013156
0.005773 0.008368
0.005757 0.006544
0.005756 0.005998
0.005755 0.006155
0.005749 0.007389
0.005748 0.011453
0.005747 0.006297
0.005747 0.006480
0.005741 0.006516
0.005739 0.005900
0.005734 0.007943
0.005732 0.005809
0.005731 0.008479
0.005729 0.005754
0.005728 0.008954
0.005728 0.007629
0.005720 0.009017
0.005709 0.007359
0.005708 0.011622
0.005705 0.010807
0.005705 0.005776
0.005701 0.006513
0.005698 0.006482
0.005695 0.006344
0.005693 0.005719
0.005692 0.007282
0.005691 0.006679
0.005691 0.009785
0.005686 0.006026
0.005684 0.006012
0.005682 0.008757
0.005681 0.008249
0.005680 0.008090
0.005680 0.009990
0.005678 0.006436
0.005672 0.007156
0.005670 0.005830
0.005669 0.005873
0.005669 0.006099
0.005665 0.006613
0.005663 0.012273
0.005660 0.009738
0.005656 0.006312
0.005650 0.006065
0.005648 0.009904
0.005641 0.006261
0.005640 0.005641
0.005635 0.006327
0.005633 0.010375
0.005633 0.007290
0.005620 0.006553
0.005620 0.008416
0.005618 0.010394
0.005618 0.005695
0.005617 0.008540
0.005614 0.007074
0.005610 0.006215
0.005602 0.006284
0.005600 0.005676
0.005600 0.009398
0.005596 0.007607
0.005591 0.006872
0.005586 0.010656
0.005584 0.009370
0.005578 0.006254
0.005577 0.006511
0.005575 0.005710
0.005550 0.005988
0.005547 0.007225
0.005547 0.010785
0.005545 0.005679
0.005544 0.007875
0.005544 0.005617
0.005543 0.006531
0.005542 0.005722
0.005540 0.005658
0.005535 0.007240
0.005531 0.005626
0.005527 0.008297
0.005516 0.006114
0.005513 0.009260
0.005512 0.005887
0.005509 0.006178
0.005508 0.007906
0.005507 0.006910
0.005507 0.005794
0.005506 0.006312
0.005506 0.006471
0.005504 0.005799
0.005501 0.005834
0.005498 0.006438
0.005495 0.010614
0.005492 0.006244
0.005491 0.008317
0.005491 0.005752
0.005490 0.007313
0.005489 0.007889
0.005487 0.008770
0.005487 0.008558
0.005477 0.006043
0.005474 0.006422
0.005474 0.009484
0.005469 0.009391
0.005459 0.005662
0.005455 0.006059
0.005447 0.006138
0.005445 0.005679
0.005436 0.005494
0.005426 0.005431
0.005413 0.006560
0.005412 0.006472
0.005411 0.008501
0.005400 0.009371
0.005399 0.005768
0.005397 0.005548
0.005395 0.005694
0.005393 0.009408
0.005392 0.006041
0.005392 0.005745
0.005382 0.005494
0.005381 0.009115
0.005379 0.005734
0.005378 0.006161
0.005374 0.006754
0.005372 0.005951
0.005371 0.005551
0.005371 0.008834
0.005369 0.008598
0.005368 0.006283
0.005349 0.008856
0.005345 0.010659
0.005338 0.005847
0.005336 0.009805
0.005334 0.005580
0.005329 0.005464
0.005324 0.005673
0.005323 0.006844
0.005318 0.005606
0.005317 0.005477
0.005314 0.005938
0.005309 0.005765
0.005307 0.006309
0.005306 0.006955
0.005306 0.006370
0.005302 0.006963
0.005296 0.006204
0.005296 0.005966
0.005286 0.006943
0.005284 0.005857
0.005281 0.005877
0.005280 0.005448
0.005278 0.009474
0.005276 0.006203
0.005275 0.005695
0.005270 0.010056
0.005268 0.007270
0.005264 0.008259
0.005257 0.006113
0.005256 0.006436
0.005250 0.007450
0.005243 0.005522
0.005231 0.005454
0.005228 0.005646
0.005221 0.005311
0.005207 0.005991
0.005204 0.011803
0.005200 0.006081
0.005197 0.006227
0.005195 0.007443
0.005193 0.005438
0.005192 0.006066
0.005188 0.005459
0.005185 0.009227
0.005177 0.005892
0.005170 0.007849
0.005166 0.005276
0.005161 0.008031
0.005152 0.006410
0.005150 0.006965
0.005149 0.005277
0.005149 0.006914
0.005144 0.006507
0.005139 0.005625
0.005137 0.006120
0.005137 0.006819
0.005133 0.005257
0.005123 0.007417
0.005108 0.005746
0.005107 0.006247
0.005104 0.005521
0.005097 0.006685
0.005088 0.006400
0.005082 0.005929
0.005082 0.005267
0.005079 0.006008
0.005072 0.006816
0.005060 0.006086
0.005054 0.010331
0.005052 0.006188
0.005047 0.005680
0.005047 0.009106
0.005044 0.005175
0.005043 0.006194
0.005039 0.005712
0.005039 0.005922
0.005032 0.007041
0.005026 0.006503
0.005025 0.005371
0.005022 0.005304
0.005020 0.005996
0.005019 0.006374
0.005015 0.013263
0.005007 0.005927
0.005006 0.012204
0.005006 0.005675
0.004992 0.006225
0.004990 0.005631
0.004986 0.007157
0.004978 0.008051
0.004975 0.005894
0.004972 0.007002
0.004969 0.005187
0.004964 0.007957
0.004963 0.007000
0.004960 0.006273
0.004959 0.005895
0.004953 0.005526
0.004944 0.006067
0.004942 0.005472
0.004928 0.006194
0.004924 0.005508
0.004915 0.005113
0.004910 0.005207
0.004909 0.005447
0.004908 0.007352
0.004907 0.006974
0.004901 0.005561
0.004900 0.004914
0.004895 0.008057
0.004894 0.008128
0.004887 0.005141
0.004874 0.006345
0.004874 0.007651
0.004870 0.008570
0.004860 0.005474
0.004856 0.007530
0.004854 0.005968
0.004854 0.007239
0.004853 0.005459
0.004851 0.004999
0.004850 0.007078
0.004850 0.005089
0.004849 0.005008
0.004847 0.005866
0.004845 0.005326
0.004842 0.010653
0.004837 0.005198
0.004832 0.006003
0.004827 0.005100
0.004826 0.005558
0.004819 0.006373
0.004808 0.005149
0.004804 0.006118
0.004795 0.005353
0.004790 0.004932
0.004788 0.004926
0.004772 0.004833
0.004759 0.005139
0.004757 0.005318
0.004755 0.005058
0.004749 0.004937
0.004745 0.004792
0.004745 0.008785
0.004744 0.005302
0.004743 0.009488
0.004739 0.008702
0.004735 0.007655
0.004734 0.005544
0.004731 0.005081
0.004731 0.006320
0.004729 0.004768
0.004724 0.009028
0.004721 0.004858
0.004721 0.006529
0.004715 0.006523
0.004709 0.006212
0.004700 0.006318
0.004699 0.005309
0.004691 0.007216
0.004684 0.007133
0.004677 0.005709
0.004673 0.004748
0.004673 0.005770
0.004671 0.005369
0.004664 0.004827
0.004646 0.008077
0.004638 0.005188
0.004633 0.005694
0.004625 0.008933
0.004619 0.004782
0.004617 0.004901
0.004614 0.004735
0.004610 0.006048
0.004608 0.006048
0.004603 0.005334
0.004598 0.009194
0.004596 0.004857
0.004596 0.008383
0.004592 0.004817
0.004579 0.008715
0.004566 0.006120
0.004558 0.005195
0.004557 0.004851
0.004544 0.010756
0.004542 0.004760
0.004541 0.004798
0.004533 0.005072
0.004531 0.004545
0.004530 0.005401
0.004526 0.005904
0.004526 0.004621
0.004526 0.007895
0.004522 0.005796
0.004517 0.004818
0.004515 0.007450
0.004511 0.004768
0.004508 0.006324
0.004507 0.008204
0.004503 0.004782
0.004497 0.005413
0.004496 0.007460
0.004486 0.004603
0.004473 0.005191
0.004471 0.004621
0.004468 0.005500
0.004467 0.008202
0.004460 0.005554
0.004456 0.005280
0.004449 0.006026
0.004446 0.004929
0.004445 0.006046
0.004440 0.006674
0.004436 0.005527
0.004424 0.006806
0.004423 0.005697
0.004421 0.004490
0.004419 0.004468
0.004413 0.004525
0.004411 0.005613
0.004410 0.005744
0.004407 0.005643
0.004405 0.004946
0.004403 0.005021
0.004401 0.005254
0.004394 0.004564
0.004386 0.004510
0.004371 0.004733
0.004371 0.004381
0.004359 0.006593
0.004357 0.004404
0.004355 0.004383
0.004351 0.008843
0.004351 0.004646
0.004346 0.005385
0.004344 0.004795
0.004343 0.004464
0.004341 0.007695
0.004340 0.005363
0.004338 0.006271
0.004333 0.005919
0.004333 0.006105
0.004296 0.004704
0.004295 0.004757
0.004291 0.005034
0.004284 0.004593
0.004279 0.005676
0.004276 0.005154
0.004263 0.004425
0.004261 0.005290
0.004261 0.004677
0.004260 0.004658
0.004257 0.004875
0.004253 0.005402
0.004244 0.005560
0.004231 0.004374
0.004227 0.004660
0.004215 0.004345
0.004186 0.004423
0.004179 0.004729
0.004173 0.005691
0.004171 0.004625
0.004171 0.005796
0.004170 0.005975
0.004168 0.007636
0.004156 0.004688
0.004149 0.004202
0.004133 0.004324
0.004100 0.006433
0.004082 0.004183
0.004078 0.004891
0.004074 0.004316
0.004072 0.004322
0.004060 0.004590
0.004059 0.004193
0.004048 0.004176
0.004046 0.004382
0.004040 0.004432
0.004039 0.004245
0.004038 0.004745
0.004037 0.004164
0.004009 0.004655
0.004005 0.004258
0.003998 0.004126
0.003980 0.004869
0.003971 0.004235
0.003966 0.004650
0.003955 0.004480
0.003953 0.003971
0.003945 0.005005
0.003930 0.004284
0.003926 0.004468
0.003925 0.004254
0.003914 0.004442
0.003912 0.004293
0.003898 0.004052
0.003895 0.005017
0.003895 0.005064
0.003885 0.004800
0.003884 0.004487
0.003870 0.004125
0.003847 0.004114
0.003840 0.004029
0.003836 0.004468
0.003794 0.008358
0.003793 0.004731
0.003774 0.004018
0.003774 0.005320
0.003759 0.004460
0.003756 0.003884
0.003743 0.003905
0.003737 0.004270
0.003731 0.004807
0.003727 0.004306
0.003694 0.003799
0.003685 0.004209
0.003660 0.005024
0.003615 0.003729
0.003546 0.003984
0.003534 0.004509
0.003512 0.003629
0.003506 0.004524
0.003498 0.004375
0.003490 0.003735
0.003486 0.003846
0.003484 0.004536
0.003482 0.004066
0.003473 0.003634
0.003461 0.003735
0.003457 0.004282
0.003444 0.003668
0.003440 0.003633
0.003439 0.003728
0.003426 0.003754
0.003425 0.003924
0.003423 0.005535
0.003422 0.003816
0.003398 0.005533
0.003371 0.003513
0.003366 0.003567
0.003364 0.004181
0.003360 0.003674
0.003338 0.003767
0.003337 0.003393
0.003322 0.003360
0.003306 0.003610
0.003304 0.003710
0.003300 0.003461
0.003272 0.003321
0.003253 0.003563
0.003243 0.003403
0.003240 0.003433
0.003220 0.003246
0.003186 0.003457
0.003151 0.003230
0.003150 0.003264
0.003147 0.003964
0.003101 0.003637
0.003080 0.003214
0.003079 0.003498
0.003009 0.003048
0.002988 0.003262
0.002968 0.003159
0.002967 0.003345
0.002961 0.003536
0.002910 0.003221
0.002823 0.002863
0.002813 0.003859
0.002690 0.003516
0.002685 0.003132
0.002603 0.003052
0.002474 0.002656
0.002472 0.002525
0.002448 0.002606
0.002287 0.002444
0.002251 0.002306
0.002058 0.002527
0.001915 0.002342
0.001738 0.001821
0.001578 0.001712
0.001524 0.001651
0.001099 0.001319
