0.154369 0.185461
0.143460 0.225780
0.122588 0.143251
0.116226 0.120168
0.106413 0.140303
0.100490 0.109932
0.086388 0.093883
0.079624 0.107896
0.077477 0.077801
0.077374 0.095137
0.070803 0.106550
0.066714 0.073037
0.064188 0.067927
0.060458 0.063896
0.057947 0.064973
0.057728 0.058691
0.053366 0.076822
0.051071 0.054468
0.051037 0.055695
0.050381 0.062587
0.050261 0.063127
0.049736 0.073022
0.049715 0.060696
0.048497 0.051332
0.048050 0.057114
0.047958 0.061535
0.047366 0.065236
0.046410 0.051872
0.045563 0.053130
0.045424 0.066373
0.045106 0.045193
0.044626 0.051266
0.044623 0.048534
0.044570 0.063724
0.044321 0.062231
0.043606 0.049186
0.043229 0.043742
0.042585 0.045622
0.042211 0.066278
0.041565 0.045660
0.041493 0.042484
0.041433 0.042331
0.040376 0.049115
0.039993 0.050698
0.039948 0.040844
0.038838 0.044031
0.038830 0.044918
0.038234 0.050813
0.038035 0.045761
0.037910 0.039531
0.037675 0.038025
0.037111 0.041512
0.036674 0.041152
0.036554 0.039409
0.036422 0.039778
0.036203 0.048424
0.036059 0.038299
0.035982 0.036549
0.035919 0.040700
0.035808 0.040799
0.035458 0.041605
0.035456 0.048744
0.035279 0.058189
0.035256 0.037734
0.034877 0.039257
0.034718 0.045433
0.034381 0.045841
0.034297 0.042115
0.034255 0.039113
0.034219 0.036348
0.034059 0.038924
0.033973 0.042341
0.033735 0.034400
0.033674 0.040427
0.033498 0.060847
0.033343 0.036776
0.033284 0.043490
0.033232 0.034100
0.033179 0.037735
0.033155 0.040531
0.032817 0.038568
0.032607 0.073643
0.032564 0.038255
0.032460 0.043465
0.031607 0.036594
0.031399 0.045020
0.031085 0.051825
0.031081 0.034743
0.030987 0.034308
0.030933 0.032009
0.030394 0.035343
0.030371 0.030793
0.030145 0.034683
0.029976 0.038701
0.029955 0.056883
0.029600 0.039794
0.029563 0.035692
0.029518 0.035053
0.029423 0.032073
0.029322 0.029396
0.028991 0.056228
0.028845 0.031580
0.028724 0.032551
0.028699 0.034643
0.028685 0.040121
0.028262 0.030270
0.028222 0.039633
0.027743 0.027856
0.027493 0.037401
0.027425 0.031599
0.027170 0.032492
0.027156 0.037744
0.026986 0.029317
0.026647 0.042232
0.026610 0.029933
0.026412 0.029434
0.026354 0.032181
0.026164 0.026582
0.026107 0.028440
0.025945 0.037885
0.025911 0.028147
0.025772 0.032767
0.025740 0.031216
0.025410 0.030548
0.025370 0.027913
0.025282 0.033070
0.025131 0.026665
0.025061 0.041452
0.024971 0.026700
0.024718 0.032425
0.024567 0.029551
0.024458 0.034857
0.024452 0.026816
0.024418 0.025677
0.024413 0.028787
0.024398 0.039720
0.024327 0.028594
0.024205 0.029238
0.024191 0.030997
0.024081 0.027047
0.024019 0.025270
0.023726 0.025964
0.023700 0.025948
0.023681 0.030977
0.023624 0.041682
0.023441 0.024708
0.023377 0.025859
0.023253 0.028717
0.023246 0.028353
0.023195 0.031644
0.023000 0.030850
0.022949 0.024207
0.022735 0.035876
0.022630 0.023469
0.022578 0.055537
0.022534 0.027965
0.022438 0.024791
0.022337 0.028762
0.022302 0.022398
0.022070 0.025113
0.022056 0.029055
0.021904 0.026467
0.021859 0.027893
0.021848 0.027887
0.021783 0.042546
0.021694 0.025735
0.021683 0.021830
0.021553 0.030208
0.021543 0.025685
0.021429 0.022784
0.021342 0.031938
0.021241 0.021936
0.021159 0.021939
0.021157 0.028669
0.020994 0.026091
0.020828 0.046495
0.020552 0.029027
0.020533 0.020636
0.020521 0.043797
0.020425 0.020643
0.020382 0.020964
0.020265 0.022678
0.020256 0.025284
0.020181 0.021090
0.020120 0.020399
0.020020 0.030228
0.019955 0.021445
0.019832 0.020973
0.019794 0.021467
0.019615 0.024323
0.019580 0.022694
0.019544 0.026292
0.019398 0.022172
0.019390 0.020061
0.019249 0.019678
0.019232 0.020040
0.019194 0.022274
0.019180 0.023213
0.019151 0.022439
0.019149 0.019193
0.018908 0.025187
0.018614 0.020979
0.018600 0.018991
0.018583 0.020089
0.018579 0.019518
0.018550 0.021998
0.018541 0.019047
0.018538 0.023902
0.018421 0.018856
0.018379 0.018427
0.018327 0.021603
0.018282 0.020657
0.018190 0.019384
0.018173 0.022124
0.018157 0.026207
0.018117 0.022415
0.018096 0.033021
0.017919 0.018820
0.017793 0.019365
0.017728 0.018323
0.017646 0.017722
0.017641 0.022541
0.017596 0.019558
0.017593 0.028731
0.017554 0.018171
0.017551 0.021409
0.017545 0.019122
0.017501 0.021403
0.017388 0.019336
0.017340 0.025649
0.017212 0.017793
0.017137 0.017356
0.017126 0.029920
0.017073 0.020885
0.017071 0.019083
0.017045 0.023804
0.017005 0.019587
0.016974 0.018830
0.016929 0.019309
0.016911 0.023561
0.016880 0.019612
0.016764 0.017469
0.016669 0.017093
0.016625 0.021260
0.016566 0.021237
0.016557 0.018886
0.016492 0.019629
0.016437 0.017190
0.016412 0.022871
0.016411 0.016525
0.016365 0.017188
0.016353 0.026109
0.016334 0.021131
0.016188 0.018982
0.016171 0.016598
0.016122 0.019679
0.016054 0.018052
0.016041 0.017705
0.015988 0.016809
0.015980 0.016637
0.015907 0.016718
0.015808 0.018320
0.015801 0.021005
0.015786 0.016807
0.015784 0.016666
0.015777 0.016488
0.015757 0.020045
0.015716 0.025584
0.015649 0.025915
0.015618 0.017158
0.015515 0.016685
0.015404 0.015405
0.015388 0.018166
0.015342 0.018311
0.015309 0.023202
0.015289 0.017634
0.015209 0.015869
0.015204 0.016309
0.015194 0.015350
0.015139 0.025273
0.015103 0.024010
0.015089 0.015216
0.015078 0.016430
0.015061 0.019313
0.015001 0.016572
0.014983 0.018837
0.014976 0.021644
0.014973 0.016442
0.014968 0.016869
0.014964 0.016057
0.014920 0.017201
0.014901 0.016262
0.014898 0.018744
0.014762 0.017193
0.014738 0.028628
0.014694 0.014881
0.014636 0.026832
0.014633 0.023866
0.014604 0.018201
0.014579 0.020016
0.014553 0.015617
0.014545 0.019072
0.014535 0.016486
0.014408 0.016447
0.014332 0.015860
0.014298 0.016377
0.014281 0.018416
0.014274 0.014632
0.014221 0.024459
0.014168 0.016161
0.014148 0.016758
0.014084 0.017028
0.014027 0.016253
0.014024 0.014997
0.013912 0.014780
0.013896 0.016417
0.013520 0.016185
0.013475 0.018895
0.013436 0.016563
0.013410 0.016498
0.013373 0.014415
0.013364 0.017297
0.013350 0.015783
0.013338 0.015624
0.013299 0.015506
0.013294 0.019967
0.013294 0.013818
0.013268 0.023841
0.013252 0.015188
0.013207 0.013425
0.013181 0.016051
0.013136 0.014632
0.013121 0.016341
0.013120 0.013288
0.013118 0.015418
0.013111 0.014003
0.013102 0.015276
0.013088 0.020161
0.013069 0.016248
0.013026 0.018375
0.012988 0.014519
0.012956 0.015581
0.012924 0.013660
0.012911 0.016055
0.012890 0.017189
0.012855 0.017606
0.012819 0.019086
0.012796 0.025528
0.012780 0.014508
0.012770 0.013576
0.012750 0.025000
0.012685 0.013950
0.012684 0.013701
0.012615 0.019618
0.012563 0.014072
0.012558 0.019680
0.012494 0.018053
0.012489 0.013257
0.012456 0.014281
0.012439 0.020414
0.012402 0.020323
0.012397 0.019519
0.012389 0.012481
0.012333 0.015270
0.012256 0.012842
0.012226 0.019095
0.012210 0.017409
0.012209 0.019663
0.012172 0.020966
0.012150 0.018078
0.012143 0.014401
0.012141 0.014939
0.012124 0.013010
0.012096 0.014074
0.012087 0.020028
0.012056 0.016292
0.012055 0.014950
0.012001 0.013191
0.011900 0.018747
0.011837 0.015877
0.011775 0.016247
0.011745 0.012385
0.011743 0.016550
0.011725 0.014531
0.011699 0.012820
0.011649 0.016021
0.011639 0.014214
0.011638 0.013122
0.011615 0.017801
0.011607 0.016993
0.011601 0.015437
0.011582 0.018588
0.011577 0.011648
0.011571 0.014601
0.011539 0.018823
0.011528 0.018438
0.011517 0.012136
0.011458 0.011576
0.011451 0.012553
0.011385 0.019043
0.011360 0.011719
0.011347 0.011713
0.011228 0.023304
0.011215 0.011719
0.011210 0.021453
0.011163 0.013832
0.011162 0.013285
0.011160 0.012386
0.011149 0.012112
0.011112 0.011235
0.011109 0.011607
0.011087 0.011717
0.011068 0.011372
0.011056 0.012098
0.011039 0.012920
0.011033 0.018227
0.011010 0.011074
0.010958 0.011753
0.010948 0.012531
0.010933 0.013542
0.010888 0.020047
0.010812 0.016523
0.010800 0.011497
0.010780 0.016557
0.010780 0.011630
0.010739 0.013244
0.010736 0.022451
0.010709 0.011644
0.010646 0.011784
0.010635 0.011170
0.010623 0.011371
0.010582 0.010840
0.010580 0.011117
0.010563 0.011180
0.010557 0.010802
0.010527 0.011924
0.010524 0.011391
0.010518 0.019284
0.010506 0.015265
0.010506 0.012962
0.010449 0.012719
0.010419 0.012490
0.010400 0.010812
0.010384 0.010731
0.010341 0.011238
0.010330 0.010935
0.010321 0.010677
0.010301 0.012808
0.010293 0.011876
0.010277 0.013465
0.010260 0.016747
0.010259 0.010782
0.010237 0.017247
0.010234 0.013566
0.010198 0.010646
0.010159 0.014777
0.010151 0.012026
0.010150 0.010447
0.010144 0.011856
0.010141 0.017257
0.010093 0.017545
0.010091 0.010729
0.010064 0.012803
0.010045 0.010368
0.010023 0.012983
0.010003 0.010285
0.009975 0.012125
0.009969 0.010524
0.009956 0.010744
0.009893 0.013229
0.009876 0.011793
0.009849 0.014598
0.009841 0.013085
0.009835 0.012339
0.009834 0.013107
0.009825 0.010396
0.009810 0.009819
0.009808 0.011498
0.009768 0.013751
0.009753 0.010303
0.009733 0.010225
0.009700 0.009749
0.009686 0.011742
0.009676 0.013779
0.009629 0.010423
0.009595 0.010713
0.009589 0.010079
0.009544 0.010545
0.009534 0.010466
0.009516 0.010045
0.009490 0.015997
0.009464 0.016230
0.009463 0.010643
0.009433 0.013898
0.009412 0.013622
0.009409 0.010266
0.009374 0.009398
0.009372 0.010430
0.009362 0.010435
0.009357 0.013386
0.009354 0.011084
0.009352 0.010453
0.009347 0.013003
0.009324 0.011267
0.009315 0.018003
0.009315 0.010799
0.009311 0.010960
0.009304 0.011515
0.009301 0.012436
0.009288 0.010732
0.009267 0.013654
0.009247 0.010081
0.009235 0.015646
0.009233 0.010784
0.009230 0.010459
0.009211 0.009257
0.009189 0.014377
0.009181 0.010001
0.009129 0.010005
0.009120 0.014216
0.009104 0.011256
0.009092 0.009778
0.009092 0.010054
0.009089 0.011277
0.009088 0.011132
0.009063 0.009514
0.009060 0.010186
0.009059 0.009388
0.009049 0.009234
0.009000 0.012888
0.009000 0.012435
0.008969 0.010418
0.008964 0.009779
0.008960 0.009816
0.008924 0.009371
0.008915 0.011288
0.008910 0.011663
0.008902 0.018767
0.008895 0.009702
0.008861 0.011377
0.008854 0.011869
0.008850 0.012916
0.008848 0.010171
0.008846 0.012618
0.008843 0.009168
0.008841 0.010302
0.008818 0.009412
0.008814 0.009243
0.008770 0.011198
0.008770 0.013723
0.008765 0.009332
0.008765 0.019820
0.008755 0.011100
0.008737 0.015978
0.008734 0.010853
0.008725 0.009373
0.008711 0.008934
0.008697 0.014503
0.008694 0.009548
0.008690 0.017698
0.008661 0.019213
0.008625 0.008850
0.008617 0.016618
0.008614 0.008972
0.008596 0.010221
0.008575 0.010340
0.008574 0.012424
0.008559 0.009327
0.008539 0.015203
0.008498 0.008637
0.008494 0.009197
0.008489 0.009790
0.008476 0.010880
0.008473 0.008762
0.008440 0.011231
0.008434 0.011778
0.008426 0.008533
0.008394 0.012503
0.008387 0.010038
0.008382 0.008831
0.008378 0.010726
0.008362 0.012410
0.008356 0.010086
0.008351 0.016690
0.008351 0.010624
0.008333 0.010460
0.008327 0.009410
0.008312 0.015184
0.008310 0.012931
0.008309 0.009051
0.008275 0.011163
0.008260 0.008709
0.008253 0.012540
0.008237 0.012363
0.008212 0.010420
0.008176 0.011025
0.008162 0.009801
0.008130 0.008237
0.008129 0.008583
0.008105 0.008954
0.008088 0.009039
0.008082 0.009898
0.008044 0.008365
0.008043 0.008837
0.007998 0.009720
0.007982 0.012587
0.007965 0.008238
0.007962 0.015218
0.007958 0.009487
0.007951 0.011313
0.007942 0.008920
0.007934 0.009923
0.007915 0.009104
0.007913 0.009240
0.007828 0.009820
0.007825 0.007871
0.007817 0.007855
0.007813 0.010833
0.007782 0.008877
0.007773 0.014110
0.007763 0.009890
0.007758 0.009202
0.007756 0.009456
0.007756 0.012775
0.007756 0.008431
0.007754 0.007871
0.007745 0.007855
0.007659 0.013492
0.007655 0.007669
0.007650 0.008465
0.007645 0.008082
0.007630 0.009353
0.007627 0.008352
0.007614 0.007873
0.007595 0.013098
0.007585 0.009433
0.007583 0.010767
0.007582 0.008166
0.007580 0.009415
0.007563 0.007604
0.007560 0.010051
0.007548 0.010708
0.007540 0.010312
0.007539 0.011885
0.007529 0.007857
0.007528 0.010785
0.007521 0.012637
0.007510 0.007915
0.007498 0.014166
0.007495 0.008498
0.007441 0.007771
0.007440 0.008758
0.007435 0.010170
0.007434 0.009044
0.007429 0.009743
0.007419 0.008123
0.007413 0.010117
0.007411 0.008830
0.007349 0.008451
0.007348 0.008110
0.007348 0.008947
0.007345 0.007412
0.007333 0.008028
0.007316 0.008487
0.007314 0.009135
0.007297 0.012557
0.007289 0.010061
0.007266 0.009103
0.007246 0.010098
0.007244 0.008208
0.007230 0.008759
0.007200 0.007457
0.007195 0.007441
0.007185 0.007883
0.007178 0.013767
0.007163 0.010050
0.007156 0.007279
0.007099 0.007656
0.007097 0.007243
0.007088 0.010075
0.007069 0.007364
0.007068 0.007175
0.007051 0.008187
0.007046 0.015729
0.007032 0.007603
0.007030 0.007441
0.006967 0.008049
0.006961 0.007504
0.006948 0.008388
0.006915 0.009148
0.006913 0.007198
0.006913 0.007649
0.006913 0.008442
0.006913 0.012545
0.006912 0.008459
0.006895 0.008304
0.006891 0.008308
0.006890 0.008680
0.006888 0.007404
0.006878 0.007553
0.006866 0.010986
0.006843 0.007375
0.006839 0.010855
0.006810 0.007362
0.006803 0.007184
0.006800 0.007246
0.006785 0.010104
0.006783 0.012058
0.006780 0.007275
0.006771 0.008221
0.006767 0.007023
0.006750 0.007558
0.006743 0.007017
0.006741 0.011804
0.006726 0.012585
0.006721 0.009025
0.006695 0.006920
0.006693 0.006771
0.006682 0.007753
0.006668 0.008120
0.006667 0.009755
0.006664 0.008835
0.006654 0.008925
0.006650 0.007848
0.006621 0.006719
0.006603 0.009290
0.006574 0.014330
0.006550 0.006909
0.006542 0.009676
0.006535 0.007653
0.006523 0.007525
0.006499 0.007280
0.006489 0.008119
0.006483 0.007819
0.006463 0.008555
0.006463 0.008392
0.006460 0.006490
0.006449 0.007025
0.006446 0.007496
0.006439 0.006616
0.006439 0.006888
0.006437 0.010559
0.006436 0.006641
0.006436 0.007316
0.006429 0.007317
0.006429 0.006525
0.006387 0.006704
0.006357 0.007240
0.006339 0.006557
0.006335 0.009712
0.006332 0.011626
0.006326 0.012529
0.006325 0.010286
0.006323 0.006522
0.006271 0.006872
0.006261 0.010508
0.006259 0.007576
0.006254 0.007661
0.006253 0.007241
0.006226 0.008515
0.006204 0.007228
0.006204 0.006340
0.006195 0.010151
0.006180 0.006982
0.006166 0.006945
0.006147 0.006476
0.006140 0.009057
0.006135 0.007922
0.006134 0.006504
0.006134 0.006452
0.006133 0.008256
0.006132 0.007178
0.006128 0.007527
0.006128 0.007523
0.006121 0.007762
0.006113 0.006350
0.006111 0.006743
0.006107 0.006851
0.006104 0.008321
0.006087 0.007154
0.006078 0.006444
0.006068 0.007673
0.006067 0.008070
0.006066 0.013578
0.006061 0.006174
0.006060 0.009762
0.006033 0.006274
0.006031 0.011290
0.006027 0.006505
0.005995 0.006111
0.005980 0.010752
0.005979 0.006480
0.005975 0.006736
0.005969 0.007552
0.005955 0.007834
0.005954 0.007323
0.005953 0.006080
0.005933 0.006759
0.005932 0.006228
0.005925 0.007622
0.005917 0.006852
0.005910 0.006952
0.005907 0.012161
0.005905 0.006553
0.005882 0.007281
0.005855 0.005949
0.005854 0.008667
0.005830 0.013571
0.005816 0.006174
0.005810 0.007314
0.005804 0.007060
0.005779 0.006361
0.005770 0.006511
0.005767 0.010787
0.005762 0.007428
0.005757 0.008772
0.005749 0.006134
0.005749 0.006259
0.005736 0.006138
0.005708 0.007324
0.005648 0.006492
0.005644 0.009212
0.005639 0.007704
0.005623 0.006029
0.005586 0.006709
0.005583 0.007065
0.005579 0.005884
0.005571 0.005885
0.005568 0.005928
0.005567 0.007256
0.005558 0.012217
0.005555 0.006034
0.005541 0.005860
0.005515 0.008040
0.005514 0.006055
0.005502 0.005727
0.005470 0.007619
0.005468 0.006231
0.005437 0.006813
0.005428 0.009881
0.005404 0.005813
0.005377 0.007720
0.005351 0.010391
0.005350 0.006572
0.005333 0.010773
0.005291 0.008461
0.005271 0.005346
0.005228 0.007090
0.005219 0.005746
0.005215 0.006615
0.005211 0.005892
0.005201 0.009150
0.005169 0.006283
0.005161 0.007839
0.005161 0.005434
0.005151 0.006077
0.005091 0.006104
0.004995 0.005062
0.004990 0.005594
0.004990 0.006785
0.004978 0.006171
0.004951 0.006458
0.004943 0.005038
0.004884 0.005217
0.004882 0.006068
0.004853 0.005183
0.004845 0.005801
0.004826 0.006548
0.004826 0.006437
0.004805 0.005696
0.004796 0.005246
0.004759 0.010398
0.004757 0.005717
0.004733 0.006868
0.004704 0.005175
0.004675 0.004797
0.004671 0.005060
0.004661 0.004996
0.004646 0.004885
0.004625 0.006585
0.004605 0.004640
0.004569 0.004878
0.004559 0.005379
0.004537 0.006152
0.004532 0.005610
0.004403 0.007147
0.004385 0.005324
0.004342 0.005616
0.004320 0.004444
0.004291 0.004854
0.004272 0.005418
0.004262 0.004327
0.004196 0.007052
0.004155 0.006741
0.004140 0.006084
0.004137 0.004759
0.004122 0.004294
0.004035 0.005383
0.004013 0.004728
0.003949 0.004033
0.003938 0.004824
0.003822 0.003947
0.003782 0.003871
0.003706 0.004388
0.003702 0.003770
0.003668 0.004003
0.003641 0.004069
0.003626 0.004065
0.003618 0.003784
0.003576 0.003877
0.003305 0.003430
0.003134 0.003602
0.003093 0.003106
0.003035 0.003101
0.002865 0.003031
0.002525 0.002934
