0.413333 0.424576
0.241801 0.261994
0.221643 0.240265
0.162502 0.184048
0.130834 0.151500
0.125827 0.151332
0.115887 0.120667
0.097186 0.105834
0.095440 0.096119
0.091556 0.101472
0.087840 0.128758
0.087316 0.102111
0.086231 0.096043
0.083371 0.106307
0.079587 0.096726
0.077217 0.085730
0.073688 0.073985
0.072717 0.073612
0.069577 0.070308
0.068994 0.071616
0.066946 0.069444
0.065236 0.079176
0.063541 0.082487
0.063417 0.063612
0.062155 0.073827
0.061315 0.066518
0.059472 0.068732
0.058428 0.083321
0.058147 0.077573
0.057746 0.079603
0.057682 0.070830
0.057485 0.059432
0.056174 0.056835
0.056144 0.060437
0.055276 0.068289
0.054469 0.076381
0.054289 0.056518
0.053114 0.076321
0.052847 0.057657
0.052091 0.053528
0.050831 0.051158
0.050499 0.052110
0.050310 0.070281
0.050232 0.075574
0.048814 0.050990
0.048811 0.086617
0.048043 0.048898
0.047280 0.060339
0.046746 0.051871
0.046561 0.052020
0.046533 0.071897
0.046433 0.047248
0.045587 0.051233
0.043618 0.059028
0.043607 0.058390
0.043484 0.048363
0.042320 0.057342
0.042162 0.043015
0.042019 0.042910
0.041934 0.060731
0.041423 0.077473
0.041327 0.052171
0.040889 0.052209
0.040603 0.046662
0.040068 0.049229
0.040045 0.043169
0.039864 0.045020
0.039652 0.053824
0.039525 0.049029
0.039351 0.061694
0.039188 0.042760
0.039157 0.065274
0.038754 0.055584
0.038385 0.045600
0.038134 0.042782
0.037891 0.041887
0.037880 0.044452
0.037877 0.039662
0.037570 0.041861
0.036892 0.038093
0.036386 0.040175
0.036386 0.037920
0.036093 0.043296
0.036024 0.041064
0.035628 0.039524
0.035317 0.035399
0.035254 0.049353
0.034355 0.034730
0.033865 0.036958
0.033789 0.035340
0.033546 0.039604
0.033345 0.033493
0.033004 0.064454
0.032626 0.036818
0.032538 0.041177
0.032386 0.040705
0.031819 0.033609
0.031578 0.033258
0.031508 0.040443
0.031370 0.036249
0.031321 0.034922
0.031164 0.034835
0.031091 0.037976
0.030525 0.033760
0.030465 0.043878
0.030387 0.040221
0.030252 0.030259
0.030191 0.052291
0.030161 0.036940
0.029967 0.035688
0.029689 0.031069
0.029536 0.030089
0.029408 0.030368
0.029331 0.036774
0.029325 0.032408
0.029239 0.033703
0.029212 0.030474
0.029162 0.038640
0.029143 0.032077
0.029119 0.033574
0.028918 0.037729
0.028737 0.033207
0.028673 0.035360
0.028639 0.028666
0.028585 0.029278
0.028552 0.036025
0.028454 0.029194
0.028123 0.033239
0.027958 0.032965
0.027883 0.027906
0.027796 0.031846
0.027710 0.042742
0.027297 0.029015
0.027134 0.034952
0.026961 0.043550
0.026915 0.034299
0.026910 0.033541
0.026836 0.031243
0.026820 0.028655
0.026816 0.034370
0.026761 0.028055
0.026671 0.027547
0.026650 0.033913
0.026475 0.031248
0.026463 0.035744
0.026436 0.037238
0.026249 0.030841
0.026228 0.043925
0.026113 0.026306
0.025913 0.034914
0.025910 0.035328
0.025892 0.026542
0.025578 0.026261
0.025527 0.025795
0.025311 0.031348
0.025260 0.037259
0.025098 0.042281
0.025094 0.027308
0.024979 0.031722
0.024876 0.029541
0.024833 0.043089
0.024710 0.034784
0.024612 0.027450
0.024510 0.027557
0.024510 0.034405
0.024431 0.034423
0.024407 0.025669
0.024278 0.039641
0.024227 0.024898
0.023903 0.029846
0.023835 0.024614
0.023797 0.027369
0.023787 0.029275
0.023750 0.028841
0.023715 0.028509
0.023593 0.032535
0.023517 0.028086
0.023502 0.024993
0.023309 0.024326
0.023249 0.032848
0.023235 0.025707
0.023060 0.027890
0.023058 0.028210
0.023028 0.024937
0.023020 0.025237
0.022980 0.031223
0.022963 0.025739
0.022927 0.038837
0.022909 0.026757
0.022868 0.032827
0.022777 0.024100
0.022748 0.029677
0.022604 0.024198
0.022586 0.025569
0.022522 0.054879
0.022448 0.028553
0.022404 0.023574
0.022366 0.034773
0.022324 0.024383
0.022319 0.023101
0.022133 0.024928
0.022107 0.039531
0.022106 0.023114
0.022087 0.030270
0.022080 0.033657
0.022056 0.022124
0.022030 0.041055
0.022002 0.024488
0.021971 0.022478
0.021933 0.025320
0.021899 0.028383
0.021871 0.029439
0.021843 0.024685
0.021796 0.029101
0.021782 0.032972
0.021753 0.022981
0.021717 0.030522
0.021678 0.027292
0.021643 0.024501
0.021475 0.021570
0.021421 0.022167
0.021396 0.022746
0.021354 0.035824
0.021327 0.032722
0.021260 0.021341
0.021243 0.021250
0.021233 0.029842
0.021220 0.021476
0.021216 0.021852
0.021178 0.025566
0.021165 0.030714
0.021104 0.023374
0.021093 0.025371
0.021062 0.033644
0.021051 0.021918
0.021048 0.026684
0.020972 0.026741
0.020961 0.021022
0.020877 0.033511
0.020849 0.020954
0.020842 0.024505
0.020749 0.029503
0.020748 0.027536
0.020725 0.030995
0.020707 0.022496
0.020693 0.023285
0.020673 0.022565
0.020639 0.040973
0.020629 0.022755
0.020622 0.020882
0.020618 0.021488
0.020609 0.022602
0.020568 0.020647
0.020381 0.021040
0.020339 0.024370
0.020300 0.027431
0.020243 0.024035
0.020191 0.023938
0.020188 0.035482
0.020128 0.023520
0.020123 0.028362
0.020104 0.020578
0.020089 0.035531
0.020087 0.020827
0.020037 0.020898
0.019980 0.024709
0.019932 0.022441
0.019846 0.031716
0.019780 0.022338
0.019753 0.025901
0.019749 0.032687
0.019693 0.020769
0.019669 0.020889
0.019655 0.022297
0.019569 0.020395
0.019530 0.022822
0.019444 0.021469
0.019441 0.026057
0.019424 0.027151
0.019409 0.033901
0.019396 0.032751
0.019386 0.019708
0.019382 0.028464
0.019380 0.027230
0.019377 0.024343
0.019361 0.023179
0.019355 0.019648
0.019304 0.024683
0.019298 0.019904
0.019277 0.025428
0.019272 0.022160
0.019225 0.023069
0.019200 0.027803
0.019177 0.020405
0.019175 0.019360
0.019169 0.021578
0.019124 0.020751
0.019117 0.021693
0.019062 0.021218
0.019056 0.025479
0.019036 0.023409
0.019001 0.029173
0.018987 0.021013
0.018979 0.019984
0.018966 0.028180
0.018956 0.023794
0.018924 0.019085
0.018912 0.020045
0.018842 0.019819
0.018829 0.021838
0.018753 0.019957
0.018678 0.021560
0.018657 0.032727
0.018654 0.019937
0.018646 0.031322
0.018611 0.021952
0.018570 0.020659
0.018541 0.021069
0.018540 0.018831
0.018537 0.024930
0.018499 0.024049
0.018422 0.018669
0.018415 0.023227
0.018375 0.020362
0.018342 0.021052
0.018330 0.018483
0.018325 0.026779
0.018300 0.019465
0.018289 0.018842
0.018289 0.022606
0.018280 0.023612
0.018266 0.026698
0.018242 0.018675
0.018236 0.023598
0.018174 0.020006
0.018049 0.029598
0.018027 0.022200
0.018012 0.018473
0.018008 0.021000
0.017980 0.018239
0.017945 0.020551
0.017825 0.020334
0.017816 0.019020
0.017813 0.017875
0.017790 0.023001
0.017778 0.019376
0.017777 0.036498
0.017757 0.018164
0.017737 0.029598
0.017720 0.024861
0.017701 0.019602
0.017657 0.019953
0.017642 0.018100
0.017639 0.018597
0.017625 0.021476
0.017615 0.022414
0.017556 0.019622
0.017528 0.020224
0.017524 0.028107
0.017519 0.025822
0.017518 0.019060
0.017430 0.021096
0.017410 0.019861
0.017379 0.019439
0.017346 0.025743
0.017326 0.028785
0.017268 0.024123
0.017255 0.017589
0.017238 0.020473
0.017213 0.020435
0.017210 0.019418
0.017201 0.018140
0.017197 0.019121
0.017166 0.020074
0.017151 0.017788
0.017089 0.019711
0.017051 0.019016
0.017044 0.025588
0.017023 0.018293
0.016994 0.026713
0.016940 0.019425
0.016935 0.031546
0.016934 0.021772
0.016886 0.022286
0.016877 0.020900
0.016872 0.018977
0.016836 0.019124
0.016828 0.023120
0.016804 0.020828
0.016768 0.022174
0.016749 0.020155
0.016738 0.020445
0.016711 0.017395
0.016692 0.031852
0.016677 0.027746
0.016667 0.019808
0.016652 0.017062
0.016628 0.018990
0.016624 0.016942
0.016623 0.019763
0.016554 0.023056
0.016552 0.021337
0.016539 0.017900
0.016524 0.021839
0.016522 0.024687
0.016502 0.017560
0.016478 0.016525
0.016476 0.026715
0.016462 0.017974
0.016459 0.017676
0.016441 0.025730
0.016382 0.018855
0.016378 0.020421
0.016372 0.026637
0.016359 0.018006
0.016343 0.018115
0.016331 0.019204
0.016320 0.023453
0.016246 0.025462
0.016239 0.030380
0.016234 0.022032
0.016196 0.020061
0.016141 0.017104
0.016135 0.018102
0.016116 0.019442
0.016116 0.017147
0.016114 0.025145
0.016100 0.028053
0.016087 0.021831
0.016079 0.018955
0.015985 0.016349
0.015944 0.020572
0.015933 0.015946
0.015921 0.016863
0.015909 0.016993
0.015903 0.016803
0.015867 0.016820
0.015844 0.017379
0.015841 0.016179
0.015804 0.017562
0.015802 0.016175
0.015799 0.028171
0.015766 0.016744
0.015757 0.016441
0.015750 0.016927
0.015741 0.022221
0.015739 0.022935
0.015729 0.017183
0.015723 0.021022
0.015703 0.023286
0.015700 0.026929
0.015699 0.017095
0.015681 0.018272
0.015676 0.017030
0.015673 0.016540
0.015669 0.016164
0.015665 0.028515
0.015618 0.025623
0.015613 0.016097
0.015557 0.016157
0.015555 0.015742
0.015545 0.016065
0.015503 0.016270
0.015497 0.018391
0.015496 0.020205
0.015482 0.017057
0.015464 0.021231
0.015454 0.017017
0.015437 0.015666
0.015433 0.021544
0.015424 0.018186
0.015353 0.017674
0.015343 0.016137
0.015319 0.016990
0.015314 0.015709
0.015257 0.016592
0.015184 0.015537
0.015179 0.020522
0.015149 0.015977
0.015145 0.017092
0.015114 0.018836
0.015109 0.016907
0.015089 0.022052
0.015040 0.015636
0.014986 0.017738
0.014967 0.017393
0.014910 0.017079
0.014909 0.015974
0.014908 0.015277
0.014888 0.018812
0.014885 0.018694
0.014885 0.016927
0.014883 0.021913
0.014876 0.017138
0.014857 0.016366
0.014842 0.020104
0.014838 0.017165
0.014829 0.015041
0.014785 0.017777
0.014738 0.019229
0.014735 0.016467
0.014734 0.021582
0.014710 0.016437
0.014701 0.016227
0.014701 0.015942
0.014700 0.019916
0.014699 0.016152
0.014668 0.015368
0.014635 0.016315
0.014633 0.023395
0.014619 0.015745
0.014599 0.021092
0.014595 0.018429
0.014525 0.019820
0.014494 0.016338
0.014453 0.014892
0.014428 0.025679
0.014420 0.014811
0.014410 0.016002
0.014406 0.024784
0.014384 0.014615
0.014363 0.016269
0.014350 0.030348
0.014320 0.014384
0.014316 0.014769
0.014316 0.017536
0.014291 0.023462
0.014238 0.015655
0.014234 0.015900
0.014231 0.014501
0.014214 0.015220
0.014194 0.021465
0.014190 0.016250
0.014178 0.017734
0.014147 0.014156
0.014147 0.016219
0.014146 0.015278
0.014142 0.026818
0.014114 0.016888
0.014097 0.015521
0.014070 0.015483
0.014065 0.014193
0.014055 0.014487
0.014032 0.016365
0.014029 0.022179
0.014012 0.014878
0.014010 0.016009
0.014004 0.014280
0.013995 0.023338
0.013933 0.014035
0.013932 0.014444
0.013926 0.014602
0.013917 0.014825
0.013893 0.016692
0.013885 0.014514
0.013852 0.016705
0.013801 0.037256
0.013801 0.016433
0.013789 0.017783
0.013786 0.018172
0.013785 0.014418
0.013778 0.014776
0.013758 0.017257
0.013752 0.015345
0.013750 0.014408
0.013745 0.015489
0.013708 0.019089
0.013703 0.016218
0.013673 0.015673
0.013667 0.014320
0.013646 0.016292
0.013646 0.013821
0.013633 0.017155
0.013632 0.017494
0.013621 0.020800
0.013618 0.017962
0.013595 0.017425
0.013576 0.016564
0.013571 0.013596
0.013551 0.014465
0.013543 0.013576
0.013529 0.022481
0.013460 0.013553
0.013458 0.014231
0.013454 0.015238
0.013446 0.022402
0.013422 0.013512
0.013418 0.017591
0.013411 0.014904
0.013396 0.019969
0.013393 0.015850
0.013387 0.013411
0.013366 0.014101
0.013341 0.014039
0.013298 0.014722
0.013287 0.015310
0.013286 0.017120
0.013285 0.018812
0.013277 0.024377
0.013245 0.016125
0.013223 0.018002
0.013216 0.016043
0.013208 0.015736
0.013207 0.016080
0.013203 0.021148
0.013202 0.022865
0.013201 0.021691
0.013175 0.014256
0.013163 0.018017
0.013145 0.014698
0.013132 0.013274
0.013128 0.014507
0.013127 0.014778
0.013108 0.013343
0.013096 0.015154
0.013094 0.014502
0.013092 0.020613
0.013086 0.015741
0.013058 0.013484
0.013004 0.014349
0.013002 0.016970
0.012977 0.014373
0.012974 0.018836
0.012939 0.021759
0.012909 0.013508
0.012901 0.014975
0.012889 0.018696
0.012886 0.017101
0.012879 0.014480
0.012853 0.014073
0.012842 0.021498
0.012815 0.015182
0.012815 0.015465
0.012807 0.014740
0.012800 0.022416
0.012793 0.015047
0.012771 0.013168
0.012767 0.017059
0.012739 0.017627
0.012720 0.013319
0.012714 0.023375
0.012702 0.023313
0.012694 0.016787
0.012692 0.016147
0.012682 0.015740
0.012675 0.016266
0.012671 0.012769
0.012641 0.018555
0.012638 0.016586
0.012636 0.013668
0.012636 0.019938
0.012620 0.016156
0.012614 0.015967
0.012611 0.025567
0.012606 0.015780
0.012596 0.018824
0.012593 0.014381
0.012586 0.013696
0.012581 0.013235
0.012546 0.019946
0.012543 0.014376
0.012523 0.014540
0.012522 0.017804
0.012518 0.013500
0.012506 0.019258
0.012501 0.018253
0.012476 0.013775
0.012459 0.013694
0.012458 0.012739
0.012448 0.014723
0.012384 0.013132
0.012380 0.012761
0.012377 0.012580
0.012368 0.016110
0.012361 0.012880
0.012335 0.012680
0.012325 0.014137
0.012325 0.016583
0.012324 0.013140
0.012304 0.013370
0.012301 0.012367
0.012256 0.025380
0.012214 0.013062
0.012206 0.012505
0.012203 0.013862
0.012196 0.016044
0.012196 0.014460
0.012195 0.012279
0.012195 0.014679
0.012181 0.017291
0.012165 0.012366
0.012146 0.018374
0.012131 0.013524
0.012128 0.016526
0.012119 0.012854
0.012118 0.018287
0.012103 0.019919
0.012091 0.013149
0.012090 0.017253
0.012088 0.019799
0.012087 0.018184
0.012083 0.012349
0.012080 0.012380
0.012078 0.012134
0.012060 0.012732
0.012025 0.012073
0.012014 0.014210
0.012001 0.025363
0.011996 0.012671
0.011988 0.013414
0.011988 0.012154
0.011980 0.012598
0.011966 0.015529
0.011964 0.020511
0.011963 0.015102
0.011961 0.018430
0.011952 0.013023
0.011949 0.013432
0.011940 0.012441
0.011939 0.014792
0.011936 0.012339
0.011934 0.012757
0.011930 0.017449
0.011908 0.014165
0.011906 0.014402
0.011897 0.014235
0.011878 0.012265
0.011874 0.013747
0.011858 0.022486
0.011858 0.012519
0.011856 0.012335
0.011852 0.025248
0.011833 0.014848
0.011814 0.022999
0.011806 0.023490
0.011802 0.013836
0.011790 0.014161
0.011782 0.025157
0.011782 0.014679
0.011768 0.012008
0.011762 0.020992
0.011758 0.012582
0.011755 0.013433
0.011665 0.012086
0.011657 0.012348
0.011649 0.013193
0.011637 0.017328
0.011636 0.014509
0.011633 0.015734
0.011621 0.012083
0.011619 0.011645
0.011616 0.015929
0.011598 0.018534
0.011582 0.015119
0.011579 0.012090
0.011579 0.012661
0.011564 0.014203
0.011550 0.012363
0.011541 0.020147
0.011538 0.013434
0.011538 0.012517
0.011529 0.011661
0.011492 0.012856
0.011484 0.020170
0.011468 0.012232
0.011457 0.012883
0.011457 0.014276
0.011450 0.011794
0.011446 0.013853
0.011443 0.014405
0.011431 0.011800
0.011426 0.015318
0.011425 0.012768
0.011417 0.021116
0.011386 0.011614
0.011381 0.011890
0.011370 0.015555
0.011370 0.016122
0.011369 0.012382
0.011342 0.012462
0.011335 0.012990
0.011315 0.017471
0.011306 0.012596
0.011305 0.013019
0.011303 0.011369
0.011293 0.018819
0.011293 0.012353
0.011277 0.011660
0.011276 0.011536
0.011269 0.011906
0.011265 0.011731
0.011263 0.012191
0.011256 0.016929
0.011247 0.016930
0.011230 0.013943
0.011222 0.011565
0.011221 0.013850
0.011219 0.014284
0.011210 0.016428
0.011174 0.013368
0.011170 0.011321
0.011169 0.014226
0.011162 0.013882
0.011139 0.011859
0.011138 0.023610
0.011122 0.017342
0.011122 0.018688
0.011116 0.016004
0.011115 0.012326
0.011110 0.016960
0.011105 0.013232
0.011104 0.011585
0.011102 0.013008
0.011100 0.016874
0.011079 0.011820
0.011062 0.012427
0.011057 0.012955
0.011056 0.011660
0.011041 0.011498
0.011022 0.016852
0.011013 0.017239
0.011011 0.013170
0.011008 0.013124
0.011005 0.016773
0.010993 0.017354
0.010986 0.017535
0.010985 0.013072
0.010973 0.015619
0.010947 0.014003
0.010938 0.011018
0.010931 0.012195
0.010930 0.011656
0.010927 0.011142
0.010911 0.010925
0.010907 0.011734
0.010902 0.013470
0.010901 0.012893
0.010900 0.018108
0.010874 0.021583
0.010852 0.011160
0.010851 0.010917
0.010849 0.013147
0.010836 0.015614
0.010829 0.012865
0.010821 0.011348
0.010816 0.012542
0.010777 0.014553
0.010760 0.013961
0.010755 0.010899
0.010754 0.011710
0.010747 0.018011
0.010742 0.015388
0.010740 0.012072
0.010719 0.013496
0.010715 0.014450
0.010711 0.017144
0.010711 0.011823
0.010695 0.011124
0.010692 0.011338
0.010691 0.011066
0.010686 0.011373
0.010674 0.010852
0.010667 0.010845
0.010658 0.012256
0.010657 0.012888
0.010649 0.010671
0.010636 0.012307
0.010629 0.010644
0.010628 0.011723
0.010626 0.016545
0.010607 0.016274
0.010602 0.011955
0.010598 0.010921
0.010598 0.011655
0.010585 0.012819
0.010582 0.010910
0.010577 0.019548
0.010561 0.023975
0.010560 0.012809
0.010548 0.011821
0.010548 0.011583
0.010541 0.024848
0.010538 0.016608
0.010534 0.012879
0.010528 0.011867
0.010524 0.010565
0.010521 0.018676
0.010520 0.010964
0.010492 0.011065
0.010463 0.011345
0.010387 0.016915
0.010385 0.010927
0.010371 0.011252
0.010368 0.012096
0.010364 0.019012
0.010321 0.010458
0.010314 0.012256
0.010312 0.020388
0.010310 0.011300
0.010310 0.018596
0.010296 0.020438
0.010290 0.012189
0.010279 0.011130
0.010275 0.014327
0.010267 0.012283
0.010266 0.010348
0.010249 0.011015
0.010248 0.014612
0.010241 0.014928
0.010239 0.011734
0.010236 0.012160
0.010232 0.010842
0.010223 0.010431
0.010222 0.010493
0.010212 0.010497
0.010207 0.012039
0.010205 0.012854
0.010204 0.010446
0.010195 0.014684
0.010193 0.010490
0.010171 0.013885
0.010164 0.012673
0.010141 0.015287
0.010139 0.010868
0.010127 0.010860
0.010124 0.016772
0.010103 0.013602
0.010099 0.016074
0.010096 0.014574
0.010096 0.010872
0.010087 0.011250
0.010082 0.014905
0.010076 0.010332
0.010065 0.010657
0.010059 0.012904
0.010059 0.016991
0.010045 0.010863
0.010045 0.010550
0.010044 0.011400
0.010029 0.010390
0.010028 0.010860
0.010017 0.010731
0.009987 0.010217
0.009985 0.011605
0.009964 0.014093
0.009960 0.010498
0.009956 0.011089
0.009956 0.015296
0.009954 0.011420
0.009951 0.011984
0.009948 0.012655
0.009938 0.012416
0.009937 0.011406
0.009932 0.013583
0.009930 0.016097
0.009917 0.010952
0.009914 0.010011
0.009913 0.010832
0.009900 0.011018
0.009898 0.013094
0.009894 0.010892
0.009890 0.010773
0.009890 0.013384
0.009881 0.011273
0.009880 0.011794
0.009869 0.010220
0.009863 0.011867
0.009857 0.012703
0.009853 0.011588
0.009849 0.010558
0.009846 0.010485
0.009831 0.013002
0.009821 0.012397
0.009818 0.014998
0.009802 0.013805
0.009797 0.012451
0.009795 0.012943
0.009760 0.011737
0.009755 0.018343
0.009750 0.011965
0.009747 0.013985
0.009743 0.014379
0.009736 0.010547
0.009736 0.009851
0.009730 0.018153
0.009718 0.013611
0.009715 0.010648
0.009710 0.013533
0.009709 0.011166
0.009705 0.009811
0.009702 0.010645
0.009696 0.009784
0.009693 0.009997
0.009692 0.013754
0.009681 0.010089
0.009668 0.010187
0.009668 0.014449
0.009666 0.013138
0.009657 0.012884
0.009655 0.010765
0.009652 0.011160
0.009648 0.013652
0.009647 0.020296
0.009647 0.009800
0.009645 0.009905
0.009643 0.010281
0.009643 0.010850
0.009641 0.010239
0.009633 0.010507
0.009621 0.012942
0.009619 0.014663
0.009615 0.010379
0.009612 0.010165
0.009610 0.010503
0.009609 0.016256
0.009595 0.016251
0.009592 0.015147
0.009589 0.019297
0.009580 0.012970
0.009571 0.013998
0.009569 0.011674
0.009568 0.009899
0.009548 0.010078
0.009540 0.009564
0.009531 0.009995
0.009527 0.011826
0.009514 0.014998
0.009510 0.010337
0.009509 0.015049
0.009503 0.011921
0.009499 0.010900
0.009497 0.013164
0.009496 0.017135
0.009496 0.010350
0.009495 0.011362
0.009491 0.009525
0.009490 0.011451
0.009488 0.011034
0.009487 0.009644
0.009463 0.009948
0.009454 0.025091
0.009449 0.012980
0.009435 0.014396
0.009415 0.010846
0.009400 0.013635
0.009381 0.011099
0.009373 0.012021
0.009370 0.012621
0.009366 0.012243
0.009358 0.009572
0.009358 0.010152
0.009358 0.010315
0.009356 0.011021
0.009350 0.010305
0.009348 0.010728
0.009345 0.010194
0.009343 0.009499
0.009336 0.009959
0.009335 0.011325
0.009334 0.022773
0.009311 0.010023
0.009306 0.013847
0.009302 0.010011
0.009296 0.010426
0.009292 0.010849
0.009291 0.012161
0.009290 0.009417
0.009287 0.009335
0.009279 0.015181
0.009269 0.011666
0.009268 0.012441
0.009266 0.013182
0.009264 0.010614
0.009260 0.010654
0.009259 0.010616
0.009248 0.010316
0.009239 0.013027
0.009238 0.009958
0.009235 0.009387
0.009224 0.010830
0.009223 0.010396
0.009221 0.009574
0.009220 0.009541
0.009207 0.012741
0.009201 0.010634
0.009193 0.010291
0.009177 0.009769
0.009177 0.010284
0.009175 0.013525
0.009171 0.014085
0.009170 0.011419
0.009159 0.009842
0.009149 0.018067
0.009146 0.017846
0.009144 0.009422
0.009135 0.009463
0.009133 0.011069
0.009117 0.011084
0.009116 0.011260
0.009113 0.009657
0.009109 0.009340
0.009091 0.011391
0.009087 0.010336
0.009083 0.010678
0.009082 0.010760
0.009080 0.010352
0.009078 0.010215
0.009077 0.010233
0.009077 0.009613
0.009062 0.012631
0.009060 0.010168
0.009059 0.013574
0.009053 0.009439
0.009053 0.010180
0.009048 0.010673
0.009046 0.012543
0.009045 0.013680
0.009034 0.017431
0.009033 0.009999
0.009031 0.009224
0.009004 0.015741
0.008995 0.016086
0.008993 0.011757
0.008981 0.009597
0.008979 0.010451
0.008979 0.009818
0.008976 0.010583
0.008972 0.010281
0.008967 0.009413
0.008964 0.012789
0.008963 0.009717
0.008961 0.010543
0.008959 0.010708
0.008954 0.009998
0.008949 0.009580
0.008941 0.009435
0.008929 0.013295
0.008928 0.012884
0.008927 0.009197
0.008926 0.012304
0.008926 0.010730
0.008917 0.009465
0.008915 0.010752
0.008904 0.009212
0.008902 0.010453
0.008901 0.009129
0.008899 0.010539
0.008895 0.009748
0.008892 0.009526
0.008889 0.010347
0.008880 0.010873
0.008868 0.013112
0.008866 0.011014
0.008862 0.012470
0.008852 0.009429
0.008847 0.010650
0.008843 0.012913
0.008842 0.014345
0.008825 0.009369
0.008822 0.014399
0.008817 0.009811
0.008815 0.009320
0.008814 0.011172
0.008793 0.010094
0.008793 0.019239
0.008792 0.012203
0.008788 0.013604
0.008785 0.010606
0.008769 0.009014
0.008761 0.009770
0.008760 0.009398
0.008757 0.011052
0.008754 0.009798
0.008754 0.016381
0.008753 0.012892
0.008753 0.009039
0.008750 0.009620
0.008750 0.009414
0.008748 0.010903
0.008747 0.009857
0.008747 0.010529
0.008742 0.012456
0.008735 0.010200
0.008723 0.009799
0.008722 0.008900
0.008722 0.010749
0.008720 0.009009
0.008708 0.009384
0.008700 0.009634
0.008690 0.008899
0.008690 0.010540
0.008685 0.009845
0.008672 0.008877
0.008672 0.011641
0.008666 0.008721
0.008666 0.008960
0.008665 0.010096
0.008663 0.010586
0.008659 0.010325
0.008658 0.012502
0.008655 0.013009
0.008654 0.010225
0.008651 0.008762
0.008648 0.014895
0.008646 0.011430
0.008638 0.011441
0.008635 0.010657
0.008635 0.015547
0.008635 0.012255
0.008633 0.008905
0.008628 0.009745
0.008628 0.009984
0.008626 0.012272
0.008618 0.016495
0.008616 0.009000
0.008604 0.011766
0.008599 0.010876
0.008597 0.010927
0.008589 0.008653
0.008588 0.013463
0.008583 0.008815
0.008576 0.013207
0.008575 0.011492
0.008569 0.009478
0.008566 0.010748
0.008559 0.013073
0.008558 0.016858
0.008554 0.009489
0.008550 0.009951
0.008550 0.010273
0.008533 0.008852
0.008531 0.010556
0.008531 0.013518
0.008516 0.010992
0.008514 0.010037
0.008512 0.009172
0.008505 0.024195
0.008504 0.008747
0.008497 0.010201
0.008496 0.010840
0.008489 0.018996
0.008486 0.010044
0.008486 0.009089
0.008482 0.010662
0.008481 0.013523
0.008477 0.008517
0.008473 0.008843
0.008471 0.010560
0.008467 0.008496
0.008465 0.010555
0.008464 0.008634
0.008461 0.011191
0.008453 0.010542
0.008449 0.009497
0.008445 0.010424
0.008444 0.009237
0.008442 0.010167
0.008440 0.010194
0.008436 0.010356
0.008435 0.008674
0.008433 0.010477
0.008429 0.012110
0.008427 0.015156
0.008425 0.010416
0.008425 0.008499
0.008421 0.011332
0.008418 0.008840
0.008416 0.015461
0.008413 0.010172
0.008408 0.010112
0.008406 0.008769
0.008402 0.008949
0.008398 0.010791
0.008397 0.008787
0.008396 0.008960
0.008386 0.009515
0.008374 0.013048
0.008374 0.011770
0.008373 0.017530
0.008365 0.013183
0.008357 0.011795
0.008347 0.011769
0.008347 0.011213
0.008338 0.008701
0.008336 0.009213
0.008334 0.009774
0.008329 0.009515
0.008319 0.009480
0.008318 0.009163
0.008312 0.009357
0.008303 0.013678
0.008303 0.014507
0.008299 0.008856
0.008295 0.019394
0.008285 0.010462
0.008280 0.011363
0.008277 0.008720
0.008273 0.011449
0.008272 0.010058
0.008265 0.009345
0.008265 0.013182
0.008260 0.012963
0.008259 0.010350
0.008258 0.008460
0.008254 0.010000
0.008253 0.014133
0.008251 0.009921
0.008244 0.010531
0.008224 0.015452
0.008219 0.010779
0.008213 0.010959
0.008206 0.011929
0.008205 0.009677
0.008205 0.011870
0.008205 0.008463
0.008202 0.010617
0.008195 0.009011
0.008188 0.008726
0.008185 0.008519
0.008174 0.008629
0.008172 0.009061
0.008166 0.012026
0.008163 0.008164
0.008158 0.009070
0.008141 0.009940
0.008138 0.008419
0.008135 0.010292
0.008121 0.009331
0.008115 0.010383
0.008113 0.015551
0.008108 0.008148
0.008101 0.008482
0.008101 0.010228
0.008099 0.010531
0.008088 0.009923
0.008086 0.008871
0.008079 0.013184
0.008078 0.011145
0.008072 0.009184
0.008070 0.009180
0.008064 0.010151
0.008059 0.017123
0.008059 0.009438
0.008055 0.008152
0.008054 0.011688
0.008054 0.009427
0.008027 0.008512
0.008026 0.016932
0.008022 0.008300
0.008022 0.009073
0.008017 0.009012
0.008012 0.010675
0.008011 0.008788
0.008008 0.010181
0.008008 0.008722
0.008006 0.008342
0.008000 0.014565
0.007993 0.008410
0.007993 0.014379
0.007988 0.008332
0.007987 0.008310
0.007987 0.009739
0.007987 0.011290
0.007981 0.013159
0.007981 0.008902
0.007981 0.013355
0.007976 0.008806
0.007975 0.010207
0.007974 0.010512
0.007954 0.012542
0.007953 0.010097
0.007951 0.010774
0.007949 0.008983
0.007949 0.009970
0.007947 0.008042
0.007942 0.012395
0.007941 0.008213
0.007928 0.009429
0.007927 0.009104
0.007925 0.008224
0.007919 0.011682
0.007915 0.014140
0.007911 0.008087
0.007911 0.011209
0.007900 0.009376
0.007900 0.012777
0.007898 0.014186
0.007896 0.009686
0.007896 0.007923
0.007893 0.010029
0.007888 0.008099
0.007881 0.011915
0.007877 0.010157
0.007852 0.013251
0.007847 0.009286
0.007841 0.009828
0.007830 0.009132
0.007830 0.008546
0.007825 0.009064
0.007825 0.009583
0.007820 0.008406
0.007819 0.008643
0.007817 0.010179
0.007816 0.008065
0.007812 0.008065
0.007811 0.013864
0.007799 0.007879
0.007793 0.008086
0.007787 0.009546
0.007782 0.008716
0.007781 0.009866
0.007779 0.012256
0.007779 0.008104
0.007777 0.008025
0.007777 0.010905
0.007776 0.011377
0.007776 0.015852
0.007772 0.010164
0.007767 0.020980
0.007762 0.011735
0.007760 0.012146
0.007755 0.009115
0.007754 0.009163
0.007751 0.009705
0.007750 0.014362
0.007750 0.010336
0.007749 0.009792
0.007749 0.007878
0.007747 0.013190
0.007743 0.015474
0.007741 0.010628
0.007739 0.013349
0.007734 0.008097
0.007731 0.008602
0.007720 0.020426
0.007718 0.009721
0.007706 0.009334
0.007699 0.008436
0.007692 0.014278
0.007690 0.011509
0.007685 0.010736
0.007682 0.008269
0.007677 0.007758
0.007677 0.008327
0.007676 0.016874
0.007663 0.009151
0.007660 0.010978
0.007658 0.009085
0.007657 0.009866
0.007641 0.009220
0.007636 0.010380
0.007633 0.011472
0.007633 0.009383
0.007628 0.009000
0.007628 0.008755
0.007624 0.007837
0.007624 0.013943
0.007620 0.012632
0.007612 0.007628
0.007609 0.007856
0.007607 0.009527
0.007605 0.008158
0.007592 0.008410
0.007586 0.008173
0.007584 0.009462
0.007581 0.014763
0.007574 0.007783
0.007567 0.007579
0.007558 0.007694
0.007557 0.009934
0.007551 0.008035
0.007547 0.007676
0.007546 0.007804
0.007539 0.008799
0.007528 0.008249
0.007519 0.007598
0.007518 0.007973
0.007512 0.008283
0.007512 0.007993
0.007503 0.007695
0.007501 0.012222
0.007500 0.010482
0.007495 0.008811
0.007494 0.008348
0.007491 0.008958
0.007484 0.010259
0.007481 0.015509
0.007479 0.008216
0.007478 0.007705
0.007477 0.010291
0.007475 0.010026
0.007440 0.008949
0.007439 0.009561
0.007427 0.008525
0.007426 0.007542
0.007424 0.011599
0.007424 0.008737
0.007423 0.009799
0.007421 0.011267
0.007415 0.007697
0.007410 0.009571
0.007407 0.009268
0.007387 0.008149
0.007375 0.008425
0.007370 0.007806
0.007368 0.008458
0.007359 0.007624
0.007358 0.008187
0.007355 0.007813
0.007352 0.008796
0.007352 0.010449
0.007350 0.007821
0.007350 0.010155
0.007349 0.009120
0.007344 0.009849
0.007328 0.019228
0.007327 0.008129
0.007327 0.007474
0.007326 0.007330
0.007325 0.007898
0.007316 0.007743
0.007313 0.008350
0.007308 0.013185
0.007305 0.010204
0.007304 0.013474
0.007301 0.007679
0.007297 0.010831
0.007296 0.015233
0.007296 0.011144
0.007293 0.007775
0.007284 0.007827
0.007279 0.010621
0.007270 0.008133
0.007259 0.007334
0.007254 0.007452
0.007249 0.010573
0.007243 0.008536
0.007237 0.008364
0.007233 0.012927
0.007228 0.007544
0.007227 0.008166
0.007227 0.007761
0.007224 0.012701
0.007219 0.007567
0.007217 0.008304
0.007201 0.007802
0.007201 0.007281
0.007197 0.010522
0.007196 0.007491
0.007195 0.007738
0.007186 0.008768
0.007184 0.008664
0.007180 0.008962
0.007179 0.008722
0.007175 0.007762
0.007173 0.015988
0.007162 0.007396
0.007157 0.010984
0.007153 0.009640
0.007150 0.010368
0.007148 0.012589
0.007146 0.011023
0.007145 0.008165
0.007140 0.007411
0.007140 0.008824
0.007139 0.007293
0.007137 0.010909
0.007134 0.010841
0.007130 0.010449
0.007127 0.015695
0.007126 0.007926
0.007125 0.009045
0.007117 0.008404
0.007112 0.008649
0.007106 0.008262
0.007104 0.008869
0.007098 0.007262
0.007097 0.008372
0.007093 0.007664
0.007091 0.007156
0.007083 0.007400
0.007081 0.008503
0.007078 0.008079
0.007076 0.007348
0.007076 0.007467
0.007075 0.010808
0.007069 0.012543
0.007066 0.007706
0.007065 0.010841
0.007060 0.010795
0.007059 0.008732
0.007056 0.008288
0.007053 0.008989
0.007053 0.012604
0.007052 0.007106
0.007048 0.008620
0.007046 0.012016
0.007046 0.008002
0.007040 0.008527
0.007039 0.007380
0.007036 0.007440
0.007034 0.007907
0.007032 0.007625
0.007028 0.009047
0.007028 0.009949
0.007028 0.007963
0.007025 0.007158
0.007022 0.008899
0.007020 0.011165
0.007015 0.008312
0.007011 0.007261
0.007006 0.011898
0.007003 0.010827
0.007002 0.008533
0.006998 0.013768
0.006997 0.007128
0.006996 0.008251
0.006995 0.011751
0.006994 0.008984
0.006994 0.009811
0.006990 0.013930
0.006990 0.007373
0.006989 0.012281
0.006982 0.007204
0.006978 0.007792
0.006976 0.011754
0.006976 0.010925
0.006975 0.007907
0.006971 0.007698
0.006969 0.007576
0.006965 0.008519
0.006965 0.010962
0.006963 0.008287
0.006963 0.007895
0.006962 0.007479
0.006960 0.014644
0.006954 0.007076
0.006954 0.008236
0.006951 0.007919
0.006951 0.009978
0.006950 0.008474
0.006942 0.008889
0.006939 0.008501
0.006936 0.007349
0.006936 0.008102
0.006932 0.006966
0.006931 0.016742
0.006930 0.009612
0.006930 0.008052
0.006927 0.008640
0.006927 0.007188
0.006926 0.007235
0.006923 0.007140
0.006918 0.008387
0.006916 0.014715
0.006914 0.016445
0.006911 0.007910
0.006906 0.007042
0.006901 0.011399
0.006901 0.007755
0.006894 0.007477
0.006891 0.007291
0.006891 0.010244
0.006887 0.007572
0.006882 0.009991
0.006881 0.007119
0.006880 0.007024
0.006879 0.007065
0.006876 0.008425
0.006876 0.010368
0.006868 0.008296
0.006867 0.012815
0.006866 0.010236
0.006866 0.009845
0.006865 0.008085
0.006863 0.006872
0.006861 0.008061
0.006859 0.007520
0.006858 0.007413
0.006856 0.008647
0.006856 0.009021
0.006855 0.007474
0.006853 0.010055
0.006846 0.008169
0.006840 0.008221
0.006832 0.009516
0.006832 0.008211
0.006828 0.006948
0.006828 0.008292
0.006827 0.008172
0.006824 0.009287
0.006818 0.011086
0.006816 0.007493
0.006812 0.017028
0.006805 0.007449
0.006805 0.007406
0.006800 0.011559
0.006797 0.009575
0.006794 0.007046
0.006792 0.011837
0.006792 0.007625
0.006790 0.009772
0.006790 0.010068
0.006784 0.007503
0.006780 0.008542
0.006770 0.007665
0.006769 0.007041
0.006756 0.008492
0.006755 0.008275
0.006748 0.009633
0.006745 0.014641
0.006745 0.011498
0.006743 0.006845
0.006741 0.007908
0.006741 0.009494
0.006740 0.012084
0.006738 0.010056
0.006734 0.009369
0.006730 0.007217
0.006726 0.013801
0.006725 0.006965
0.006714 0.008113
0.006704 0.011307
0.006704 0.007681
0.006701 0.009982
0.006697 0.010316
0.006695 0.008611
0.006692 0.010774
0.006682 0.006724
0.006682 0.011416
0.006681 0.007199
0.006676 0.006734
0.006673 0.011852
0.006669 0.011277
0.006665 0.009319
0.006664 0.006888
0.006653 0.007002
0.006643 0.006902
0.006643 0.006861
0.006638 0.007624
0.006627 0.008085
0.006623 0.006930
0.006618 0.009548
0.006613 0.007138
0.006612 0.007329
0.006611 0.006683
0.006609 0.009556
0.006606 0.006911
0.006597 0.008405
0.006593 0.008287
0.006580 0.006772
0.006574 0.009826
0.006574 0.009001
0.006569 0.007852
0.006569 0.009139
0.006563 0.012275
0.006561 0.006907
0.006560 0.008065
0.006558 0.008909
0.006557 0.006654
0.006554 0.007723
0.006548 0.010438
0.006542 0.009433
0.006542 0.007266
0.006541 0.007065
0.006541 0.008719
0.006535 0.007077
0.006531 0.006579
0.006519 0.008505
0.006519 0.006928
0.006518 0.006746
0.006503 0.006550
0.006501 0.006739
0.006497 0.008518
0.006497 0.014455
0.006493 0.007441
0.006493 0.008180
0.006490 0.012959
0.006484 0.009543
0.006483 0.010053
0.006480 0.008484
0.006479 0.009810
0.006477 0.006760
0.006477 0.009617
0.006472 0.010609
0.006472 0.006527
0.006466 0.007772
0.006462 0.007639
0.006455 0.007506
0.006455 0.011441
0.006453 0.012223
0.006451 0.007521
0.006448 0.008152
0.006446 0.008691
0.006435 0.007531
0.006433 0.007528
0.006427 0.007182
0.006415 0.009683
0.006412 0.013996
0.006407 0.010093
0.006405 0.010764
0.006405 0.010801
0.006402 0.009028
0.006400 0.006624
0.006395 0.006591
0.006393 0.009491
0.006391 0.006395
0.006390 0.006439
0.006386 0.006788
0.006385 0.006710
0.006384 0.006562
0.006383 0.008762
0.006383 0.007010
0.006381 0.007695
0.006378 0.008461
0.006376 0.006856
0.006372 0.010922
0.006371 0.007855
0.006365 0.007337
0.006363 0.006888
0.006362 0.007277
0.006355 0.012870
0.006355 0.009185
0.006352 0.012029
0.006342 0.007613
0.006338 0.008411
0.006336 0.006524
0.006336 0.010917
0.006335 0.006781
0.006315 0.008659
0.006310 0.006514
0.006310 0.010292
0.006306 0.010375
0.006302 0.008496
0.006300 0.006735
0.006295 0.006331
0.006292 0.010773
0.006291 0.015948
0.006286 0.007038
0.006283 0.006405
0.006278 0.007106
0.006275 0.013511
0.006274 0.012179
0.006272 0.006430
0.006260 0.006733
0.006260 0.008629
0.006259 0.008198
0.006251 0.007405
0.006237 0.008549
0.006236 0.007456
0.006235 0.006806
0.006225 0.006545
0.006205 0.006704
0.006203 0.006867
0.006199 0.009460
0.006198 0.007803
0.006193 0.007924
0.006190 0.008728
0.006184 0.007087
0.006182 0.010429
0.006182 0.007432
0.006179 0.006554
0.006179 0.008824
0.006176 0.007962
0.006175 0.006411
0.006169 0.006479
0.006164 0.008368
0.006162 0.010000
0.006156 0.007676
0.006156 0.007545
0.006153 0.011219
0.006151 0.006798
0.006149 0.008288
0.006146 0.006818
0.006144 0.010502
0.006144 0.007551
0.006136 0.009305
0.006128 0.008792
0.006123 0.010655
0.006115 0.009966
0.006114 0.011252
0.006103 0.006634
0.006101 0.006789
0.006097 0.010337
0.006096 0.006813
0.006095 0.007783
0.006090 0.007169
0.006089 0.006270
0.006083 0.006631
0.006079 0.008123
0.006075 0.009689
0.006067 0.008502
0.006064 0.007863
0.006055 0.006316
0.006050 0.007400
0.006047 0.007570
0.006046 0.010483
0.006038 0.007403
0.006032 0.008480
0.006025 0.009524
0.006021 0.006409
0.006012 0.009790
0.006006 0.008919
0.005997 0.009605
0.005995 0.007457
0.005993 0.008590
0.005988 0.006097
0.005988 0.006363
0.005987 0.006857
0.005974 0.007283
0.005973 0.012165
0.005970 0.008006
0.005960 0.007448
0.005960 0.009451
0.005960 0.006333
0.005952 0.006921
0.005948 0.006123
0.005946 0.006097
0.005945 0.006204
0.005941 0.007572
0.005938 0.006482
0.005925 0.009804
0.005921 0.008268
0.005920 0.006452
0.005920 0.008155
0.005919 0.006368
0.005915 0.006360
0.005914 0.006323
0.005913 0.007442
0.005912 0.008016
0.005910 0.009128
0.005910 0.008322
0.005910 0.006028
0.005906 0.007077
0.005905 0.006392
0.005901 0.009434
0.005900 0.007800
0.005900 0.008047
0.005898 0.007691
0.005896 0.007460
0.005888 0.006427
0.005884 0.007449
0.005884 0.009241
0.005883 0.007006
0.005875 0.007582
0.005875 0.013526
0.005873 0.007261
0.005872 0.006658
0.005872 0.006411
0.005867 0.006459
0.005864 0.006314
0.005853 0.008946
0.005852 0.005942
0.005840 0.006040
0.005839 0.006855
0.005837 0.007100
0.005836 0.005838
0.005836 0.006695
0.005835 0.012450
0.005834 0.006938
0.005833 0.005991
0.005830 0.006407
0.005827 0.011205
0.005826 0.008192
0.005825 0.008192
0.005816 0.005848
0.005810 0.011823
0.005804 0.007381
0.005799 0.007834
0.005797 0.009696
0.005796 0.005826
0.005782 0.005907
0.005779 0.009401
0.005779 0.011841
0.005776 0.012692
0.005774 0.005890
0.005767 0.005957
0.005758 0.009676
0.005753 0.006767
0.005750 0.012644
0.005749 0.006870
0.005738 0.010257
0.005737 0.012845
0.005717 0.006269
0.005716 0.005987
0.005714 0.008187
0.005712 0.006099
0.005711 0.006224
0.005709 0.006488
0.005707 0.011272
0.005707 0.007623
0.005701 0.008408
0.005693 0.007123
0.005692 0.006364
0.005682 0.005846
0.005669 0.005719
0.005669 0.006193
0.005667 0.006315
0.005657 0.009567
0.005656 0.006182
0.005649 0.006879
0.005642 0.007682
0.005639 0.006653
0.005633 0.006204
0.005625 0.005896
0.005612 0.010075
0.005612 0.013602
0.005606 0.006277
0.005604 0.011682
0.005601 0.013945
0.005600 0.005692
0.005597 0.005724
0.005595 0.007449
0.005579 0.007508
0.005576 0.008596
0.005572 0.005762
0.005568 0.006573
0.005567 0.005902
0.005564 0.008418
0.005556 0.008972
0.005555 0.006653
0.005549 0.005645
0.005548 0.006649
0.005548 0.006179
0.005544 0.008777
0.005537 0.006012
0.005523 0.006023
0.005519 0.006641
0.005503 0.005773
0.005503 0.009358
0.005502 0.005621
0.005498 0.005640
0.005491 0.007422
0.005487 0.007158
0.005486 0.006443
0.005483 0.014320
0.005480 0.005811
0.005479 0.006185
0.005475 0.007508
0.005464 0.006261
0.005461 0.006166
0.005460 0.005894
0.005452 0.005518
0.005451 0.006672
0.005451 0.007767
0.005448 0.005519
0.005442 0.006745
0.005437 0.006793
0.005432 0.011636
0.005427 0.006836
0.005427 0.007117
0.005415 0.006207
0.005415 0.005624
0.005412 0.008127
0.005412 0.006481
0.005409 0.006408
0.005398 0.005704
0.005398 0.007841
0.005393 0.005457
0.005392 0.006246
0.005388 0.006415
0.005379 0.006223
0.005373 0.005383
0.005371 0.006698
0.005359 0.008387
0.005353 0.006168
0.005343 0.006469
0.005337 0.005426
0.005334 0.006760
0.005328 0.005900
0.005326 0.005602
0.005321 0.005449
0.005319 0.007746
0.005318 0.005471
0.005315 0.006778
0.005315 0.007676
0.005314 0.006338
0.005314 0.005559
0.005308 0.005986
0.005297 0.006290
0.005293 0.005834
0.005292 0.006447
0.005286 0.008211
0.005285 0.005496
0.005274 0.006180
0.005270 0.005594
0.005265 0.007017
0.005264 0.005522
0.005263 0.005367
0.005262 0.009626
0.005262 0.005387
0.005260 0.007300
0.005260 0.005703
0.005260 0.005682
0.005258 0.007363
0.005257 0.005260
0.005239 0.006239
0.005238 0.010051
0.005230 0.006173
0.005227 0.005962
0.005225 0.007923
0.005223 0.007106
0.005201 0.005427
0.005183 0.009552
0.005183 0.007466
0.005166 0.010984
0.005164 0.005184
0.005145 0.009735
0.005143 0.007734
0.005141 0.007185
0.005140 0.005892
0.005138 0.005609
0.005120 0.007635
0.005117 0.005747
0.005117 0.005764
0.005114 0.005536
0.005109 0.005292
0.005101 0.007075
0.005086 0.005183
0.005083 0.005206
0.005059 0.005954
0.005055 0.005618
0.005051 0.005666
0.005047 0.006838
0.005040 0.009796
0.005034 0.006912
0.005030 0.005151
0.005024 0.010080
0.005016 0.005746
0.005014 0.005231
0.005000 0.007016
0.004999 0.007414
0.004998 0.005490
0.004993 0.008179
0.004991 0.005578
0.004991 0.007197
0.004983 0.008571
0.004981 0.006979
0.004978 0.005557
0.004977 0.005912
0.004967 0.006634
0.004949 0.005754
0.004944 0.005008
0.004933 0.008490
0.004932 0.005190
0.004931 0.005070
0.004919 0.006453
0.004917 0.005053
0.004915 0.005970
0.004907 0.008539
0.004902 0.005041
0.004896 0.004911
0.004891 0.007293
0.004882 0.006522
0.004875 0.008878
0.004863 0.005229
0.004858 0.005479
0.004858 0.005225
0.004845 0.004925
0.004836 0.005698
0.004827 0.006265
0.004823 0.004907
0.004819 0.005806
0.004801 0.005047
0.004784 0.005143
0.004780 0.004975
0.004777 0.005414
0.004774 0.005958
0.004771 0.006007
0.004770 0.005315
0.004768 0.005195
0.004765 0.005126
0.004756 0.005017
0.004751 0.005115
0.004750 0.005628
0.004747 0.005334
0.004743 0.005853
0.004741 0.005953
0.004740 0.005855
0.004731 0.005416
0.004729 0.005348
0.004725 0.005294
0.004719 0.005240
0.004714 0.008731
0.004711 0.006519
0.004701 0.005291
0.004697 0.007074
0.004678 0.007620
0.004678 0.004988
0.004673 0.006689
0.004661 0.004734
0.004661 0.005216
0.004659 0.005278
0.004652 0.005621
0.004650 0.005235
0.004647 0.004958
0.004647 0.005604
0.004641 0.005990
0.004640 0.005073
0.004637 0.004733
0.004637 0.005351
0.004636 0.007080
0.004630 0.007757
0.004607 0.004798
0.004606 0.005230
0.004589 0.005215
0.004585 0.007139
0.004583 0.005115
0.004572 0.004757
0.004566 0.007309
0.004563 0.006165
0.004563 0.004794
0.004559 0.004667
0.004550 0.004967
0.004548 0.005100
0.004542 0.004829
0.004541 0.004882
0.004531 0.004832
0.004527 0.008636
0.004522 0.006585
0.004514 0.004932
0.004504 0.005059
0.004498 0.005872
0.004498 0.006733
0.004474 0.005287
0.004471 0.004810
0.004470 0.005697
0.004469 0.004621
0.004466 0.006401
0.004460 0.004809
0.004459 0.004802
0.004457 0.004996
0.004448 0.004955
0.004440 0.005865
0.004373 0.006622
0.004365 0.005544
0.004354 0.005940
0.004353 0.004798
0.004352 0.006118
0.004352 0.004594
0.004324 0.004623
0.004312 0.005813
0.004312 0.005070
0.004304 0.004507
0.004304 0.004982
0.004285 0.004702
0.004285 0.004479
0.004284 0.004465
0.004271 0.004853
0.004265 0.004466
0.004263 0.006032
0.004253 0.005532
0.004222 0.005894
0.004217 0.004392
0.004214 0.008749
0.004208 0.004564
0.004176 0.004813
0.004172 0.004290
0.004166 0.004581
0.004156 0.004183
0.004143 0.005577
0.004142 0.004827
0.004094 0.004239
0.004088 0.005065
0.004063 0.004585
0.004056 0.004157
0.004052 0.004235
0.004047 0.004178
0.004029 0.004269
0.004012 0.004609
0.004007 0.005108
0.003974 0.004309
0.003950 0.004461
0.003943 0.004194
0.003936 0.004775
0.003911 0.004214
0.003909 0.004828
0.003902 0.003996
0.003879 0.004521
0.003879 0.004257
0.003869 0.004060
0.003844 0.004040
0.003840 0.004942
0.003819 0.003910
0.003794 0.006362
0.003744 0.004846
0.003734 0.004115
0.003733 0.004378
0.003710 0.003993
0.003706 0.004049
0.003704 0.004638
0.003700 0.004537
0.003700 0.003799
0.003699 0.004801
0.003698 0.004089
0.003619 0.004155
0.003602 0.005069
0.003598 0.003939
0.003546 0.004208
0.003544 0.003748
0.003512 0.003566
0.003459 0.003471
0.003450 0.003906
0.003433 0.003935
0.003401 0.005982
0.003354 0.003357
0.003318 0.003485
0.003301 0.003591
0.003265 0.004174
0.003258 0.003472
0.003206 0.005275
0.003205 0.003715
0.003188 0.004039
0.003159 0.003807
0.003152 0.003401
0.003095 0.003548
0.003047 0.003142
0.002936 0.003365
0.002927 0.003296
0.002917 0.003063
0.002747 0.003290
0.002676 0.002688
0.002664 0.002687
0.002635 0.002825
0.002490 0.002592
0.002462 0.002659
0.002238 0.002240
0.002105 0.002135
0.001965 0.001976
0.001853 0.002040
0.001653 0.001654
