0.198518 0.203661
0.144486 0.147820
0.119414 0.121471
0.108195 0.116756
0.088313 0.130844
0.082779 0.094765
0.072490 0.075861
0.071110 0.072172
0.070129 0.070568
0.070106 0.070144
0.070106 0.071220
0.070102 0.082882
0.069915 0.069962
0.069842 0.069978
0.069814 0.070517
0.069785 0.069987
0.069783 0.069863
0.069775 0.069962
0.069769 0.070035
0.069765 0.070392
0.069763 0.070241
0.068580 0.071593
0.068398 0.072457
0.067797 0.077573
0.065355 0.106112
0.064439 0.118266
0.061902 0.079189
0.058586 0.102304
0.058253 0.068573
0.057456 0.057460
0.056911 0.063741
0.056512 0.058869
0.054884 0.063491
0.053328 0.072570
0.052678 0.054563
0.052296 0.052324
0.051169 0.059748
0.049148 0.072670
0.048853 0.051595
0.048650 0.053784
0.048458 0.064773
0.048435 0.048652
0.047227 0.049620
0.046516 0.048129
0.045812 0.053940
0.045586 0.073792
0.045250 0.051072
0.044728 0.046829
0.044536 0.047889
0.044106 0.045005
0.043709 0.062755
0.043460 0.046728
0.043339 0.045781
0.043329 0.045753
0.043205 0.069846
0.042149 0.048775
0.041617 0.041857
0.041585 0.043250
0.041527 0.073484
0.040447 0.046332
0.039917 0.044699
0.039860 0.040320
0.039846 0.040927
0.038270 0.041374
0.038012 0.038492
0.037024 0.037238
0.036161 0.036292
0.035702 0.037574
0.035592 0.037422
0.035590 0.036893
0.035577 0.040914
0.035525 0.039959
0.035523 0.040877
0.035471 0.041718
0.035041 0.036855
0.035017 0.035138
0.034787 0.054160
0.034729 0.036807
0.034726 0.036517
0.034701 0.036771
0.034671 0.038292
0.034663 0.036395
0.034644 0.038353
0.034214 0.035564
0.034123 0.037007
0.033963 0.033972
0.033857 0.034386
0.033725 0.034440
0.033713 0.043516
0.033712 0.034502
0.033633 0.033701
0.033623 0.036890
0.033617 0.037019
0.033616 0.034943
0.033615 0.035967
0.033615 0.040131
0.033615 0.037801
0.033593 0.043130
0.033525 0.034016
0.033509 0.051645
0.033223 0.036698
0.033167 0.035600
0.033148 0.034154
0.033143 0.033156
0.033061 0.033863
0.033026 0.045024
0.032912 0.034231
0.032845 0.065664
0.032793 0.043587
0.032703 0.035846
0.032702 0.034180
0.032674 0.033879
0.032510 0.042643
0.032485 0.034047
0.032374 0.034354
0.032312 0.035698
0.031881 0.032622
0.031485 0.034679
0.031468 0.032109
0.031455 0.032386
0.031382 0.032054
0.031376 0.033623
0.031360 0.033904
0.031340 0.031401
0.031333 0.031390
0.031317 0.032532
0.031286 0.037014
0.031280 0.033754
0.031269 0.031990
0.031268 0.031508
0.031260 0.032467
0.031259 0.037371
0.031022 0.031982
0.030523 0.044576
0.030521 0.035942
0.030321 0.031513
0.029916 0.033251
0.029914 0.031031
0.029697 0.039637
0.029674 0.032964
0.029638 0.029670
0.029534 0.036515
0.029449 0.062402
0.029089 0.029713
0.028781 0.033552
0.028729 0.029995
0.028548 0.028550
0.028508 0.033869
0.028437 0.036862
0.028337 0.041879
0.028153 0.029846
0.028096 0.033449
0.027950 0.037846
0.027886 0.044133
0.027569 0.041733
0.027559 0.042042
0.027504 0.028784
0.027471 0.031684
0.027421 0.031526
0.027417 0.030304
0.027235 0.030745
0.027158 0.030715
0.027001 0.030708
0.026914 0.036489
0.026869 0.028293
0.026731 0.048933
0.026362 0.029011
0.025875 0.028881
0.025792 0.038384
0.025759 0.027131
0.025740 0.027611
0.024904 0.048429
0.024831 0.029051
0.024763 0.046902
0.024729 0.025093
0.024667 0.027471
0.024581 0.046280
0.024552 0.024588
0.024546 0.028218
0.024532 0.028431
0.024532 0.026762
0.024301 0.025238
0.024263 0.026947
0.024253 0.026584
0.024173 0.046907
0.024099 0.024555
0.023934 0.030046
0.023914 0.026651
0.023843 0.023915
0.023838 0.034597
0.023832 0.029253
0.023750 0.024985
0.023628 0.044493
0.023558 0.025090
0.023390 0.024038
0.023263 0.025953
0.023172 0.025662
0.023148 0.023390
0.023090 0.026610
0.023086 0.026683
0.023027 0.023704
0.023018 0.023147
0.022975 0.025415
0.022947 0.030501
0.022941 0.030374
0.022929 0.024304
0.022924 0.025525
0.022882 0.024793
0.022731 0.023721
0.022609 0.032701
0.022414 0.022559
0.022329 0.022367
0.022282 0.023192
0.022212 0.025231
0.022196 0.024071
0.022091 0.022420
0.022050 0.032744
0.022016 0.025130
0.021996 0.025605
0.021944 0.029118
0.021882 0.027005
0.021858 0.035822
0.021826 0.021842
0.021708 0.029446
0.021685 0.022120
0.021633 0.025828
0.021629 0.022278
0.021628 0.027344
0.021411 0.031171
0.021301 0.021576
0.021201 0.023753
0.021160 0.022048
0.021158 0.031148
0.021136 0.025487
0.020964 0.028408
0.020917 0.022214
0.020846 0.022917
0.020820 0.026503
0.020812 0.033857
0.020804 0.021309
0.020792 0.025823
0.020727 0.025786
0.020579 0.022470
0.020555 0.023592
0.020525 0.020595
0.020509 0.024889
0.020506 0.021981
0.020421 0.029029
0.020363 0.021039
0.020355 0.021319
0.020337 0.043508
0.020321 0.027171
0.020292 0.031072
0.020285 0.023562
0.020245 0.030550
0.020238 0.022440
0.020230 0.021729
0.020208 0.020632
0.020206 0.021465
0.020201 0.024171
0.020174 0.020590
0.020161 0.025603
0.020151 0.021041
0.020087 0.020559
0.019990 0.022886
0.019939 0.023869
0.019917 0.026723
0.019893 0.020606
0.019873 0.020524
0.019850 0.030329
0.019798 0.021525
0.019717 0.019773
0.019652 0.020247
0.019563 0.020712
0.019550 0.030732
0.019537 0.021577
0.019529 0.042215
0.019515 0.021511
0.019458 0.020235
0.019383 0.020129
0.019363 0.024513
0.019350 0.022849
0.019248 0.023832
0.019240 0.019728
0.019229 0.022830
0.019201 0.022677
0.019176 0.026374
0.019158 0.025408
0.019142 0.026198
0.019103 0.022256
0.019073 0.019284
0.019052 0.024658
0.018972 0.021072
0.018934 0.021781
0.018925 0.026086
0.018918 0.030471
0.018909 0.027070
0.018856 0.020562
0.018835 0.019722
0.018834 0.031820
0.018725 0.025451
0.018723 0.029288
0.018718 0.019503
0.018707 0.019499
0.018703 0.020881
0.018683 0.033440
0.018680 0.025339
0.018677 0.025693
0.018675 0.020152
0.018645 0.019680
0.018640 0.021107
0.018574 0.019435
0.018545 0.027810
0.018421 0.019525
0.018391 0.019712
0.018386 0.026939
0.018375 0.018808
0.018313 0.018763
0.018213 0.022051
0.018192 0.020362
0.018138 0.018269
0.018131 0.019834
0.018121 0.022038
0.018099 0.018989
0.018098 0.019229
0.018020 0.019542
0.018004 0.022071
0.017989 0.019897
0.017904 0.017961
0.017894 0.023337
0.017843 0.018100
0.017828 0.018133
0.017811 0.018377
0.017810 0.021335
0.017759 0.019278
0.017757 0.021551
0.017714 0.018546
0.017676 0.019777
0.017674 0.018024
0.017672 0.018833
0.017657 0.026883
0.017643 0.019668
0.017641 0.018296
0.017635 0.017749
0.017624 0.017669
0.017551 0.020897
0.017528 0.017667
0.017525 0.023748
0.017504 0.025156
0.017470 0.023740
0.017462 0.031912
0.017428 0.020776
0.017417 0.024013
0.017371 0.020282
0.017359 0.017658
0.017342 0.018312
0.017336 0.019032
0.017327 0.018804
0.017300 0.024872
0.017290 0.019662
0.017284 0.033363
0.017203 0.017441
0.017199 0.020560
0.017190 0.033527
0.017186 0.020689
0.017155 0.018660
0.017131 0.017251
0.017121 0.017942
0.017091 0.019559
0.017084 0.020332
0.017076 0.017960
0.017070 0.018073
0.017051 0.017568
0.017021 0.017700
0.017012 0.017024
0.017004 0.017291
0.016990 0.018582
0.016977 0.028885
0.016965 0.024978
0.016952 0.027380
0.016942 0.026139
0.016939 0.017349
0.016937 0.019123
0.016883 0.018494
0.016874 0.025067
0.016863 0.018387
0.016824 0.020727
0.016820 0.016950
0.016759 0.026598
0.016732 0.020037
0.016728 0.017669
0.016696 0.017390
0.016695 0.017033
0.016694 0.021463
0.016685 0.022460
0.016630 0.019108
0.016586 0.021654
0.016581 0.017186
0.016538 0.020284
0.016527 0.018729
0.016503 0.017754
0.016477 0.019261
0.016451 0.019016
0.016377 0.019978
0.016361 0.018126
0.016350 0.017759
0.016323 0.033569
0.016304 0.027056
0.016237 0.019398
0.016173 0.021610
0.016150 0.023754
0.016146 0.035984
0.016144 0.024224
0.016113 0.035159
0.016095 0.017235
0.016087 0.017258
0.016082 0.020765
0.016035 0.025481
0.016028 0.017443
0.016028 0.016138
0.016019 0.016519
0.016008 0.017133
0.015994 0.018197
0.015964 0.033833
0.015955 0.017327
0.015937 0.021969
0.015908 0.018898
0.015885 0.018158
0.015872 0.015891
0.015864 0.018309
0.015855 0.018051
0.015834 0.016571
0.015832 0.016434
0.015728 0.016063
0.015717 0.016047
0.015702 0.016672
0.015697 0.020236
0.015681 0.023054
0.015674 0.030924
0.015655 0.022297
0.015636 0.032062
0.015597 0.015699
0.015581 0.016524
0.015577 0.019454
0.015566 0.015645
0.015558 0.028908
0.015555 0.020808
0.015540 0.030795
0.015525 0.026989
0.015512 0.018999
0.015458 0.019318
0.015457 0.026962
0.015441 0.018568
0.015428 0.025333
0.015424 0.022744
0.015367 0.021081
0.015365 0.016664
0.015342 0.015399
0.015327 0.020967
0.015303 0.021088
0.015287 0.015467
0.015280 0.016027
0.015278 0.016304
0.015261 0.019919
0.015197 0.015914
0.015149 0.015953
0.015118 0.015467
0.015095 0.016273
0.015075 0.024145
0.015066 0.016014
0.015020 0.015496
0.015020 0.018106
0.015005 0.022754
0.014997 0.021395
0.014990 0.018348
0.014958 0.026756
0.014952 0.018296
0.014947 0.015645
0.014921 0.016081
0.014918 0.020241
0.014892 0.019747
0.014884 0.014954
0.014883 0.016091
0.014879 0.015207
0.014861 0.015671
0.014853 0.015579
0.014821 0.015192
0.014814 0.016693
0.014810 0.018337
0.014809 0.015741
0.014804 0.014885
0.014802 0.017877
0.014793 0.016518
0.014776 0.014949
0.014775 0.020127
0.014771 0.017331
0.014770 0.024002
0.014766 0.014824
0.014765 0.022423
0.014749 0.015984
0.014744 0.017003
0.014731 0.016263
0.014727 0.014995
0.014721 0.016471
0.014694 0.014751
0.014682 0.015155
0.014655 0.014753
0.014652 0.015307
0.014605 0.018954
0.014589 0.016667
0.014571 0.017259
0.014568 0.015532
0.014557 0.014993
0.014549 0.015160
0.014534 0.021068
0.014530 0.014900
0.014526 0.015993
0.014525 0.017344
0.014515 0.017304
0.014500 0.014795
0.014495 0.024781
0.014447 0.023908
0.014436 0.021920
0.014432 0.014449
0.014425 0.016912
0.014402 0.014951
0.014395 0.015392
0.014313 0.021474
0.014301 0.015452
0.014295 0.024018
0.014253 0.016146
0.014252 0.023915
0.014252 0.017263
0.014239 0.020918
0.014234 0.018717
0.014213 0.024953
0.014212 0.019828
0.014204 0.014653
0.014202 0.014507
0.014185 0.014366
0.014178 0.014312
0.014141 0.015246
0.014137 0.014780
0.014069 0.024276
0.014063 0.014619
0.014056 0.014241
0.014050 0.014154
0.014042 0.020799
0.014039 0.014983
0.014031 0.015548
0.014030 0.017665
0.014006 0.016646
0.014005 0.020124
0.014002 0.024677
0.013983 0.016530
0.013982 0.024535
0.013955 0.019473
0.013948 0.021874
0.013941 0.015594
0.013930 0.014466
0.013912 0.017466
0.013895 0.017104
0.013892 0.014729
0.013853 0.015237
0.013847 0.015483
0.013827 0.014400
0.013827 0.014737
0.013826 0.016779
0.013825 0.016588
0.013808 0.014084
0.013805 0.017583
0.013804 0.014286
0.013785 0.023310
0.013777 0.017476
0.013771 0.015125
0.013757 0.014359
0.013714 0.022086
0.013713 0.015115
0.013709 0.015079
0.013700 0.020783
0.013692 0.015867
0.013687 0.021679
0.013686 0.018393
0.013681 0.015330
0.013669 0.030600
0.013653 0.015332
0.013644 0.013768
0.013639 0.013757
0.013633 0.017460
0.013617 0.019150
0.013606 0.013645
0.013599 0.013996
0.013580 0.018472
0.013562 0.015799
0.013557 0.017996
0.013554 0.013626
0.013539 0.016004
0.013495 0.015538
0.013475 0.015168
0.013456 0.021680
0.013448 0.014767
0.013447 0.014823
0.013440 0.015357
0.013430 0.017570
0.013414 0.015766
0.013390 0.014258
0.013371 0.013478
0.013371 0.014757
0.013365 0.023135
0.013361 0.017884
0.013344 0.016144
0.013340 0.015682
0.013335 0.013393
0.013271 0.013554
0.013268 0.013749
0.013260 0.014467
0.013240 0.016237
0.013218 0.013469
0.013212 0.018776
0.013201 0.013920
0.013198 0.013856
0.013189 0.016942
0.013182 0.014911
0.013173 0.013412
0.013166 0.022078
0.013130 0.020908
0.013130 0.017456
0.013122 0.014160
0.013119 0.013709
0.013115 0.014940
0.013111 0.014125
0.013106 0.017930
0.013097 0.013891
0.013086 0.014828
0.013083 0.028108
0.013083 0.023972
0.013077 0.017095
0.013077 0.013640
0.013076 0.013364
0.013072 0.014197
0.013061 0.016945
0.013052 0.013248
0.013047 0.014011
0.013046 0.016872
0.013026 0.013247
0.013024 0.023558
0.013017 0.016218
0.013015 0.018352
0.013014 0.013967
0.013003 0.015601
0.012999 0.017198
0.012998 0.017541
0.012991 0.016612
0.012972 0.017226
0.012969 0.015302
0.012955 0.014055
0.012929 0.014145
0.012927 0.013438
0.012924 0.014412
0.012922 0.022939
0.012921 0.013354
0.012921 0.014701
0.012903 0.014036
0.012903 0.019809
0.012897 0.028631
0.012884 0.018479
0.012882 0.015483
0.012873 0.014068
0.012833 0.015036
0.012830 0.013186
0.012828 0.012898
0.012826 0.013152
0.012823 0.014891
0.012804 0.032511
0.012801 0.012812
0.012795 0.013962
0.012786 0.012903
0.012771 0.014252
0.012760 0.014973
0.012755 0.016006
0.012751 0.013362
0.012751 0.012893
0.012749 0.014597
0.012747 0.013168
0.012741 0.016436
0.012708 0.013770
0.012705 0.031763
0.012684 0.012889
0.012675 0.013077
0.012638 0.014863
0.012634 0.012810
0.012622 0.019394
0.012620 0.017863
0.012620 0.016734
0.012618 0.013508
0.012611 0.012913
0.012602 0.013647
0.012598 0.015249
0.012579 0.012895
0.012573 0.018049
0.012561 0.017531
0.012547 0.020529
0.012536 0.015351
0.012527 0.015462
0.012525 0.014555
0.012519 0.013247
0.012490 0.012579
0.012490 0.016190
0.012482 0.012645
0.012475 0.013256
0.012470 0.013637
0.012455 0.026300
0.012454 0.023984
0.012453 0.013414
0.012450 0.014818
0.012426 0.012721
0.012404 0.019084
0.012399 0.018306
0.012385 0.014750
0.012376 0.015610
0.012370 0.012791
0.012341 0.016878
0.012330 0.012909
0.012321 0.014815
0.012311 0.016921
0.012293 0.015253
0.012292 0.012435
0.012290 0.013794
0.012284 0.015627
0.012282 0.016848
0.012282 0.012371
0.012267 0.013490
0.012266 0.012722
0.012256 0.016752
0.012240 0.013124
0.012239 0.013945
0.012234 0.014328
0.012229 0.012984
0.012206 0.012413
0.012203 0.023173
0.012198 0.012422
0.012182 0.013224
0.012172 0.013141
0.012162 0.014742
0.012161 0.013236
0.012160 0.013139
0.012154 0.019729
0.012146 0.018038
0.012122 0.027535
0.012078 0.019784
0.012062 0.019285
0.012046 0.019307
0.012040 0.017396
0.012034 0.012146
0.012024 0.012421
0.012024 0.012243
0.012018 0.012116
0.011999 0.018049
0.011968 0.012576
0.011964 0.013100
0.011960 0.011987
0.011945 0.013549
0.011943 0.017434
0.011936 0.021018
0.011932 0.012244
0.011932 0.013329
0.011906 0.012780
0.011904 0.012603
0.011898 0.012111
0.011896 0.012649
0.011895 0.012937
0.011895 0.017477
0.011891 0.014527
0.011891 0.012145
0.011887 0.012251
0.011876 0.035434
0.011853 0.016241
0.011851 0.014848
0.011843 0.012060
0.011840 0.017418
0.011832 0.012400
0.011827 0.013529
0.011826 0.022349
0.011823 0.012877
0.011811 0.012214
0.011805 0.012387
0.011794 0.016524
0.011774 0.024839
0.011770 0.013890
0.011762 0.012352
0.011760 0.013039
0.011755 0.012746
0.011755 0.012817
0.011738 0.013972
0.011731 0.013326
0.011726 0.012851
0.011711 0.011822
0.011709 0.014776
0.011693 0.011961
0.011692 0.015897
0.011690 0.011692
0.011668 0.011918
0.011665 0.017288
0.011664 0.012531
0.011652 0.016435
0.011637 0.014499
0.011636 0.012293
0.011607 0.015291
0.011603 0.012744
0.011594 0.018300
0.011590 0.011739
0.011587 0.011682
0.011586 0.014380
0.011580 0.012055
0.011565 0.011890
0.011559 0.020091
0.011557 0.013709
0.011537 0.013343
0.011532 0.012624
0.011528 0.012024
0.011524 0.013614
0.011519 0.012115
0.011500 0.011624
0.011495 0.014234
0.011488 0.011537
0.011485 0.015772
0.011464 0.011473
0.011460 0.012288
0.011453 0.012856
0.011452 0.012001
0.011450 0.013428
0.011444 0.013662
0.011443 0.011535
0.011438 0.015031
0.011437 0.011672
0.011416 0.014160
0.011413 0.017208
0.011405 0.021796
0.011403 0.016139
0.011403 0.012687
0.011393 0.012222
0.011389 0.015401
0.011378 0.013734
0.011376 0.021329
0.011372 0.011882
0.011368 0.011890
0.011367 0.018743
0.011366 0.011457
0.011358 0.011650
0.011347 0.017342
0.011346 0.014328
0.011341 0.012845
0.011340 0.020462
0.011336 0.012913
0.011327 0.017258
0.011322 0.012419
0.011320 0.022946
0.011317 0.016073
0.011305 0.017600
0.011289 0.013428
0.011284 0.011419
0.011280 0.012147
0.011276 0.016861
0.011272 0.014727
0.011264 0.011439
0.011255 0.011418
0.011244 0.013035
0.011240 0.011489
0.011237 0.028469
0.011195 0.013452
0.011191 0.016524
0.011190 0.012335
0.011189 0.012411
0.011181 0.015599
0.011179 0.015168
0.011178 0.012701
0.011172 0.012588
0.011170 0.011372
0.011162 0.012463
0.011160 0.012751
0.011158 0.012030
0.011153 0.022433
0.011147 0.015723
0.011130 0.011828
0.011124 0.013482
0.011119 0.015023
0.011116 0.011307
0.011108 0.011645
0.011095 0.015527
0.011090 0.011427
0.011087 0.014193
0.011084 0.012168
0.011051 0.011178
0.011045 0.011292
0.011043 0.012350
0.011043 0.014016
0.011039 0.011401
0.011023 0.014959
0.011010 0.012871
0.011007 0.013137
0.010989 0.016038
0.010987 0.014696
0.010951 0.012690
0.010951 0.013738
0.010947 0.011865
0.010942 0.014813
0.010937 0.011025
0.010934 0.011450
0.010931 0.012092
0.010920 0.010976
0.010898 0.013993
0.010896 0.012534
0.010888 0.015400
0.010888 0.015689
0.010885 0.012354
0.010884 0.011140
0.010883 0.014309
0.010881 0.012828
0.010878 0.012548
0.010875 0.012279
0.010856 0.011776
0.010854 0.013133
0.010852 0.017848
0.010851 0.012801
0.010835 0.014337
0.010830 0.021793
0.010808 0.025558
0.010805 0.011335
0.010798 0.011012
0.010797 0.010824
0.010796 0.017448
0.010794 0.014380
0.010790 0.029885
0.010788 0.011295
0.010787 0.013712
0.010784 0.012647
0.010779 0.014371
0.010778 0.021211
0.010773 0.010842
0.010760 0.014336
0.010728 0.010735
0.010726 0.012532
0.010723 0.011030
0.010720 0.012414
0.010720 0.010728
0.010719 0.011132
0.010716 0.011393
0.010715 0.011923
0.010707 0.014693
0.010702 0.011020
0.010684 0.011369
0.010684 0.010874
0.010681 0.015936
0.010661 0.021340
0.010657 0.011285
0.010653 0.013253
0.010633 0.011218
0.010617 0.019404
0.010610 0.011351
0.010607 0.017647
0.010604 0.017192
0.010600 0.010788
0.010599 0.017369
0.010597 0.013165
0.010595 0.011121
0.010590 0.015064
0.010581 0.022994
0.010575 0.012463
0.010570 0.011406
0.010570 0.020360
0.010558 0.013239
0.010556 0.014064
0.010545 0.015504
0.010532 0.016621
0.010532 0.010626
0.010531 0.013598
0.010508 0.015432
0.010500 0.017656
0.010493 0.010893
0.010487 0.010698
0.010481 0.013004
0.010451 0.011315
0.010445 0.011423
0.010443 0.011161
0.010437 0.010550
0.010424 0.011525
0.010397 0.011391
0.010397 0.011819
0.010390 0.016779
0.010390 0.011679
0.010387 0.011026
0.010387 0.019933
0.010385 0.018465
0.010381 0.020386
0.010380 0.010582
0.010376 0.012413
0.010375 0.015355
0.010375 0.016978
0.010374 0.013100
0.010365 0.014094
0.010358 0.013185
0.010352 0.013530
0.010311 0.011530
0.010307 0.010971
0.010299 0.010405
0.010297 0.014363
0.010295 0.014678
0.010293 0.020023
0.010276 0.013651
0.010273 0.017758
0.010267 0.013995
0.010261 0.011490
0.010258 0.012725
0.010256 0.013363
0.010252 0.013281
0.010242 0.012110
0.010238 0.013220
0.010234 0.011784
0.010233 0.011132
0.010231 0.010664
0.010229 0.010350
0.010224 0.014686
0.010223 0.015368
0.010213 0.016433
0.010206 0.016686
0.010202 0.010813
0.010200 0.015194
0.010199 0.011813
0.010196 0.013339
0.010187 0.013521
0.010177 0.015923
0.010177 0.018475
0.010172 0.012754
0.010164 0.013557
0.010162 0.010951
0.010161 0.013845
0.010161 0.010663
0.010149 0.010267
0.010149 0.013086
0.010141 0.013536
0.010127 0.011398
0.010124 0.010692
0.010124 0.015070
0.010121 0.010737
0.010120 0.010125
0.010116 0.010799
0.010103 0.010409
0.010099 0.010573
0.010097 0.011385
0.010093 0.010172
0.010081 0.021930
0.010068 0.018725
0.010058 0.010480
0.010048 0.010205
0.010047 0.011900
0.010045 0.011570
0.010042 0.014119
0.010042 0.010098
0.010041 0.011538
0.010038 0.011041
0.010038 0.013355
0.010036 0.010966
0.010033 0.016682
0.010030 0.010237
0.010019 0.015780
0.010010 0.011119
0.010008 0.019286
0.010006 0.010273
0.010005 0.010326
0.009997 0.020436
0.009996 0.013760
0.009991 0.015722
0.009980 0.010103
0.009978 0.009990
0.009976 0.010689
0.009970 0.011675
0.009967 0.010086
0.009957 0.011705
0.009934 0.009941
0.009920 0.014639
0.009917 0.013307
0.009899 0.014692
0.009897 0.014040
0.009896 0.010041
0.009895 0.010469
0.009893 0.009934
0.009880 0.012876
0.009868 0.017841
0.009852 0.010019
0.009850 0.010322
0.009845 0.011656
0.009832 0.010466
0.009831 0.010371
0.009825 0.014545
0.009819 0.009863
0.009814 0.011135
0.009812 0.013518
0.009812 0.015192
0.009807 0.012310
0.009800 0.014362
0.009797 0.011971
0.009793 0.010349
0.009787 0.010152
0.009786 0.013659
0.009786 0.011660
0.009779 0.021147
0.009755 0.011910
0.009753 0.010133
0.009747 0.010946
0.009740 0.010235
0.009736 0.013274
0.009735 0.020961
0.009729 0.009867
0.009726 0.013951
0.009721 0.012546
0.009717 0.017111
0.009694 0.014508
0.009691 0.011298
0.009688 0.011192
0.009674 0.017382
0.009666 0.017666
0.009658 0.011974
0.009657 0.012730
0.009643 0.011862
0.009632 0.012276
0.009625 0.010171
0.009622 0.011520
0.009617 0.012498
0.009613 0.011796
0.009598 0.009741
0.009598 0.012158
0.009592 0.017866
0.009587 0.009950
0.009576 0.014903
0.009575 0.010477
0.009574 0.020899
0.009569 0.010537
0.009559 0.010200
0.009554 0.017424
0.009538 0.015410
0.009521 0.018129
0.009519 0.012387
0.009514 0.016976
0.009508 0.009711
0.009507 0.009883
0.009476 0.010216
0.009475 0.011812
0.009463 0.010765
0.009463 0.010303
0.009459 0.009954
0.009455 0.010401
0.009451 0.011466
0.009445 0.012617
0.009439 0.013512
0.009430 0.010912
0.009429 0.010968
0.009418 0.010950
0.009415 0.013588
0.009410 0.010874
0.009407 0.014235
0.009404 0.014581
0.009395 0.009978
0.009384 0.011407
0.009383 0.014006
0.009380 0.015380
0.009380 0.013474
0.009378 0.014406
0.009365 0.010019
0.009362 0.009478
0.009355 0.014456
0.009350 0.011188
0.009346 0.009777
0.009344 0.010270
0.009338 0.009725
0.009335 0.014200
0.009334 0.010039
0.009324 0.015252
0.009318 0.014877
0.009315 0.009649
0.009312 0.011651
0.009306 0.009733
0.009302 0.013455
0.009297 0.011634
0.009296 0.014562
0.009294 0.010891
0.009294 0.017383
0.009289 0.011204
0.009289 0.011866
0.009284 0.010737
0.009265 0.010845
0.009264 0.010002
0.009262 0.010011
0.009254 0.013060
0.009250 0.011250
0.009248 0.011546
0.009245 0.013871
0.009243 0.021660
0.009236 0.010145
0.009220 0.012112
0.009206 0.010445
0.009205 0.009386
0.009199 0.023738
0.009195 0.010114
0.009192 0.009675
0.009187 0.009191
0.009174 0.021028
0.009169 0.011902
0.009161 0.010809
0.009159 0.018309
0.009154 0.009272
0.009147 0.010637
0.009125 0.010838
0.009122 0.014908
0.009120 0.009929
0.009100 0.011424
0.009089 0.013536
0.009089 0.012317
0.009086 0.013896
0.009076 0.012509
0.009074 0.011440
0.009069 0.010705
0.009066 0.021440
0.009061 0.009805
0.009054 0.009181
0.009054 0.011708
0.009048 0.010735
0.009048 0.009140
0.009046 0.009413
0.009044 0.009564
0.009027 0.009067
0.009025 0.015076
0.009025 0.009149
0.009024 0.011603
0.009020 0.009773
0.009017 0.009302
0.009013 0.011591
0.009000 0.009901
0.008994 0.009640
0.008992 0.018809
0.008986 0.011223
0.008979 0.009866
0.008977 0.009718
0.008971 0.012142
0.008955 0.011745
0.008933 0.009003
0.008931 0.013752
0.008919 0.009082
0.008910 0.016576
0.008910 0.009205
0.008907 0.010389
0.008906 0.019190
0.008903 0.010814
0.008885 0.011146
0.008873 0.009269
0.008863 0.012809
0.008861 0.008963
0.008845 0.010538
0.008842 0.011709
0.008841 0.011771
0.008841 0.010987
0.008840 0.009878
0.008829 0.013174
0.008820 0.008910
0.008815 0.019832
0.008803 0.017986
0.008797 0.016662
0.008789 0.009870
0.008784 0.015026
0.008771 0.008951
0.008760 0.011739
0.008752 0.009586
0.008751 0.009792
0.008750 0.008856
0.008749 0.009406
0.008738 0.009345
0.008737 0.015641
0.008732 0.018318
0.008731 0.010097
0.008725 0.010336
0.008721 0.009123
0.008708 0.011735
0.008705 0.009426
0.008704 0.016094
0.008704 0.009406
0.008704 0.017796
0.008692 0.008916
0.008679 0.012803
0.008674 0.019774
0.008673 0.008752
0.008661 0.014775
0.008658 0.009142
0.008657 0.014346
0.008649 0.020712
0.008639 0.019074
0.008636 0.008887
0.008634 0.009438
0.008631 0.021296
0.008623 0.018752
0.008613 0.014672
0.008608 0.009210
0.008603 0.014977
0.008601 0.012960
0.008594 0.010735
0.008580 0.009755
0.008578 0.009990
0.008577 0.010331
0.008574 0.011287
0.008570 0.008693
0.008565 0.013032
0.008560 0.011832
0.008552 0.009218
0.008547 0.009914
0.008536 0.009982
0.008527 0.011714
0.008525 0.008679
0.008523 0.014936
0.008519 0.018264
0.008513 0.015391
0.008508 0.012863
0.008501 0.009742
0.008498 0.013824
0.008496 0.012247
0.008488 0.018793
0.008482 0.010384
0.008482 0.013004
0.008475 0.010657
0.008468 0.008494
0.008455 0.014024
0.008452 0.010276
0.008449 0.008590
0.008439 0.009145
0.008437 0.008632
0.008426 0.008472
0.008417 0.014203
0.008414 0.010786
0.008409 0.008584
0.008408 0.016781
0.008408 0.017639
0.008401 0.009646
0.008400 0.008691
0.008399 0.013211
0.008395 0.009109
0.008385 0.012096
0.008385 0.008961
0.008379 0.014585
0.008371 0.009901
0.008370 0.012118
0.008353 0.020645
0.008320 0.009735
0.008313 0.008817
0.008305 0.008573
0.008302 0.008480
0.008299 0.008769
0.008295 0.010291
0.008284 0.009654
0.008263 0.010073
0.008257 0.009596
0.008245 0.012446
0.008241 0.008608
0.008235 0.008725
0.008234 0.015114
0.008216 0.010272
0.008206 0.008276
0.008205 0.009716
0.008205 0.011226
0.008201 0.009042
0.008201 0.015117
0.008200 0.008443
0.008197 0.009794
0.008196 0.009451
0.008179 0.009260
0.008176 0.008388
0.008156 0.012995
0.008146 0.008387
0.008142 0.008466
0.008141 0.012705
0.008134 0.013933
0.008128 0.011105
0.008108 0.010286
0.008107 0.008215
0.008105 0.010488
0.008105 0.009125
0.008095 0.008271
0.008086 0.016423
0.008080 0.015618
0.008071 0.011041
0.008069 0.008988
0.008060 0.008573
0.008048 0.009134
0.008037 0.009298
0.008037 0.008145
0.008035 0.008731
0.008027 0.010500
0.008025 0.009706
0.008022 0.008552
0.008007 0.021282
0.007987 0.014460
0.007983 0.008431
0.007982 0.009702
0.007977 0.010063
0.007976 0.008806
0.007976 0.008538
0.007967 0.009289
0.007963 0.009932
0.007962 0.017260
0.007959 0.013423
0.007958 0.008815
0.007937 0.010792
0.007935 0.009907
0.007935 0.008856
0.007928 0.017116
0.007924 0.011219
0.007922 0.009042
0.007921 0.008177
0.007914 0.010112
0.007913 0.010731
0.007911 0.011324
0.007905 0.010388
0.007903 0.009527
0.007883 0.008323
0.007878 0.009301
0.007877 0.010947
0.007866 0.011817
0.007864 0.009290
0.007859 0.007921
0.007844 0.008103
0.007841 0.010966
0.007841 0.010568
0.007836 0.009671
0.007823 0.010726
0.007815 0.010912
0.007814 0.016819
0.007813 0.007920
0.007807 0.010298
0.007803 0.008195
0.007785 0.009042
0.007781 0.008273
0.007767 0.008798
0.007764 0.017079
0.007753 0.008945
0.007751 0.011739
0.007750 0.008256
0.007728 0.008335
0.007710 0.008815
0.007705 0.008207
0.007705 0.009486
0.007697 0.010261
0.007665 0.008520
0.007656 0.008841
0.007650 0.009551
0.007645 0.008122
0.007645 0.009015
0.007644 0.008946
0.007634 0.007860
0.007632 0.008726
0.007615 0.007663
0.007604 0.016046
0.007600 0.008336
0.007599 0.008998
0.007594 0.008778
0.007591 0.007880
0.007572 0.013650
0.007569 0.007591
0.007562 0.007762
0.007560 0.013882
0.007557 0.009180
0.007553 0.008775
0.007545 0.011020
0.007540 0.010256
0.007539 0.008020
0.007538 0.008043
0.007533 0.008982
0.007532 0.007819
0.007523 0.008976
0.007519 0.009312
0.007515 0.009397
0.007495 0.007704
0.007488 0.010462
0.007483 0.008037
0.007470 0.008326
0.007454 0.009496
0.007450 0.007647
0.007447 0.008123
0.007445 0.015737
0.007427 0.010707
0.007420 0.009447
0.007416 0.011648
0.007412 0.008759
0.007411 0.007805
0.007411 0.007820
0.007397 0.007826
0.007396 0.009345
0.007391 0.007516
0.007386 0.007701
0.007363 0.008269
0.007362 0.015381
0.007353 0.009418
0.007350 0.007442
0.007342 0.009603
0.007339 0.011059
0.007328 0.008060
0.007322 0.007531
0.007317 0.012370
0.007314 0.007811
0.007306 0.007367
0.007299 0.007362
0.007288 0.007671
0.007282 0.008696
0.007254 0.007372
0.007252 0.009664
0.007251 0.007305
0.007216 0.010263
0.007211 0.009444
0.007196 0.007315
0.007190 0.008544
0.007187 0.007436
0.007175 0.010159
0.007173 0.007930
0.007162 0.007523
0.007158 0.008736
0.007149 0.008459
0.007119 0.008268
0.007118 0.007574
0.007113 0.007472
0.007110 0.008996
0.007103 0.009669
0.007100 0.008845
0.007096 0.008603
0.007077 0.007684
0.007075 0.010400
0.007073 0.007711
0.007069 0.008327
0.007066 0.008629
0.007060 0.007307
0.007059 0.011183
0.007059 0.013499
0.007056 0.008354
0.007054 0.008560
0.007041 0.010706
0.007022 0.014188
0.007012 0.009772
0.007003 0.011764
0.007002 0.007549
0.006997 0.007993
0.006982 0.007046
0.006951 0.007286
0.006948 0.007137
0.006947 0.007029
0.006946 0.008085
0.006941 0.007468
0.006937 0.007843
0.006935 0.009447
0.006930 0.007397
0.006898 0.007209
0.006885 0.007821
0.006880 0.007776
0.006874 0.009176
0.006869 0.007052
0.006845 0.007568
0.006841 0.007213
0.006835 0.009735
0.006818 0.007994
0.006814 0.010246
0.006789 0.008406
0.006789 0.010427
0.006784 0.012048
0.006762 0.007285
0.006755 0.007733
0.006751 0.014084
0.006723 0.006949
0.006716 0.006874
0.006715 0.007219
0.006714 0.006875
0.006712 0.006823
0.006708 0.007653
0.006703 0.006801
0.006702 0.006876
0.006701 0.007187
0.006700 0.007426
0.006697 0.007469
0.006682 0.006758
0.006681 0.006914
0.006677 0.006710
0.006670 0.006892
0.006670 0.008152
0.006646 0.013934
0.006641 0.008304
0.006628 0.007223
0.006626 0.013663
0.006626 0.006909
0.006622 0.007803
0.006617 0.007373
0.006609 0.007697
0.006608 0.006728
0.006604 0.006961
0.006598 0.006681
0.006594 0.007203
0.006593 0.009739
0.006590 0.007259
0.006589 0.006679
0.006585 0.007398
0.006582 0.007803
0.006578 0.006631
0.006563 0.006586
0.006562 0.006609
0.006546 0.006791
0.006545 0.010273
0.006529 0.009930
0.006526 0.006664
0.006522 0.009576
0.006516 0.007054
0.006513 0.008136
0.006504 0.006710
0.006503 0.007394
0.006503 0.006817
0.006498 0.006781
0.006491 0.009053
0.006486 0.014748
0.006485 0.006525
0.006469 0.008017
0.006468 0.006476
0.006463 0.006546
0.006462 0.014848
0.006456 0.007360
0.006456 0.009125
0.006455 0.007166
0.006452 0.006782
0.006441 0.007203
0.006441 0.006533
0.006434 0.009808
0.006422 0.011853
0.006390 0.007933
0.006389 0.006419
0.006385 0.007252
0.006384 0.007497
0.006370 0.009118
0.006340 0.007295
0.006340 0.008587
0.006339 0.006855
0.006338 0.007663
0.006334 0.010845
0.006319 0.006818
0.006313 0.006957
0.006312 0.009214
0.006311 0.006518
0.006301 0.006733
0.006295 0.006636
0.006280 0.008243
0.006279 0.007509
0.006266 0.006623
0.006255 0.008137
0.006240 0.007924
0.006229 0.008774
0.006229 0.006738
0.006226 0.006515
0.006223 0.007550
0.006217 0.008017
0.006199 0.006694
0.006195 0.007582
0.006175 0.006495
0.006162 0.007545
0.006141 0.006161
0.006110 0.008208
0.006109 0.006909
0.006091 0.006339
0.006088 0.007066
0.006069 0.006480
0.006069 0.006954
0.006068 0.007717
0.006058 0.007244
0.006037 0.006532
0.006025 0.006437
0.006006 0.007233
0.005987 0.006210
0.005966 0.010163
0.005961 0.006539
0.005955 0.006023
0.005953 0.006032
0.005942 0.010824
0.005942 0.006448
0.005934 0.005980
0.005925 0.006154
0.005923 0.007799
0.005909 0.012816
0.005909 0.007219
0.005905 0.007078
0.005896 0.007191
0.005895 0.006150
0.005881 0.009932
0.005866 0.006136
0.005842 0.005880
0.005825 0.011084
0.005820 0.008797
0.005817 0.008920
0.005811 0.007446
0.005781 0.007907
0.005777 0.006784
0.005777 0.005836
0.005772 0.006333
0.005769 0.009278
0.005759 0.014744
0.005753 0.006116
0.005741 0.005750
0.005728 0.008841
0.005710 0.006319
0.005709 0.010685
0.005700 0.005751
0.005694 0.006979
0.005670 0.008716
0.005664 0.007708
0.005634 0.007504
0.005627 0.007007
0.005626 0.005764
0.005620 0.007491
0.005555 0.010887
0.005552 0.006217
0.005537 0.008145
0.005536 0.005837
0.005534 0.006578
0.005500 0.006002
0.005500 0.005500
0.005493 0.006284
0.005467 0.005517
0.005467 0.006812
0.005463 0.005870
0.005414 0.008164
0.005410 0.006490
0.005406 0.005745
0.005379 0.005481
0.005376 0.005666
0.005371 0.005468
0.005359 0.005777
0.005351 0.005404
0.005345 0.005485
0.005336 0.006915
0.005296 0.005564
0.005288 0.005381
0.005278 0.005562
0.005274 0.007111
0.005271 0.005880
0.005250 0.005720
0.005246 0.006896
0.005241 0.005452
0.005223 0.007236
0.005204 0.005519
0.005193 0.013260
0.005192 0.006696
0.005190 0.005499
0.005157 0.005284
0.005150 0.005595
0.005142 0.005499
0.005128 0.005556
0.005117 0.005890
0.005116 0.005199
0.005111 0.006004
0.005110 0.006923
0.005098 0.005821
0.005067 0.007979
0.005061 0.006384
0.005047 0.005488
0.005042 0.005750
0.005023 0.005090
0.004978 0.005316
0.004978 0.005416
0.004973 0.005480
0.004969 0.005037
0.004968 0.005201
0.004966 0.007347
0.004948 0.005760
0.004943 0.005296
0.004938 0.008734
0.004937 0.005881
0.004912 0.005318
0.004863 0.005248
0.004789 0.005089
0.004783 0.005027
0.004758 0.005097
0.004707 0.004832
0.004703 0.005392
0.004684 0.005241
0.004656 0.006257
0.004655 0.006396
0.004631 0.006379
0.004594 0.007081
0.004577 0.005607
0.004567 0.005293
0.004564 0.007411
0.004536 0.006604
0.004526 0.004681
0.004522 0.004941
0.004491 0.004946
0.004477 0.004709
0.004473 0.004608
0.004445 0.004893
0.004444 0.005847
0.004433 0.004613
0.004427 0.004853
0.004413 0.005732
0.004372 0.005029
0.004323 0.004944
0.004317 0.005651
0.004310 0.004628
0.004272 0.004901
0.004249 0.004407
0.004242 0.004338
0.004241 0.004601
0.004235 0.006057
0.004232 0.004381
0.004220 0.004860
0.004210 0.004439
0.004195 0.005068
0.004192 0.004714
0.004188 0.006572
0.004174 0.004222
0.004128 0.004175
0.004086 0.004654
0.004068 0.006045
0.004036 0.004444
0.004009 0.004785
0.003945 0.005428
0.003938 0.004634
0.003935 0.004046
0.003843 0.003975
0.003840 0.004831
0.003840 0.003941
0.003809 0.004305
0.003797 0.003864
0.003795 0.004195
0.003793 0.003920
0.003788 0.004370
0.003745 0.004026
0.003732 0.003996
0.003730 0.004053
0.003728 0.003947
0.003700 0.003782
0.003646 0.004080
0.003564 0.005140
0.003550 0.003924
0.003533 0.005447
0.003532 0.003692
0.003496 0.003517
0.003452 0.004348
0.003445 0.003589
0.003383 0.004409
0.003381 0.003398
0.003334 0.005059
0.003310 0.003370
0.003300 0.003507
0.003285 0.003797
0.003242 0.003362
0.003194 0.003977
0.003166 0.003183
0.003160 0.003474
0.002968 0.003150
0.002942 0.003335
0.002916 0.003059
0.002817 0.003073
0.002662 0.002772
0.002659 0.002727
0.002427 0.002430
0.002420 0.002832
0.002363 0.002373
0.002361 0.002905
0.002177 0.002297
0.002148 0.002463
0.002145 0.002151
0.002139 0.002158
