0.268833 0.269830
0.192514 0.204996
0.152975 0.156800
0.136430 0.145009
0.136031 0.136189
0.135071 0.153746
0.134355 0.143255
0.128551 0.129069
0.116814 0.193504
0.115291 0.115513
0.102743 0.135251
0.096921 0.097126
0.094654 0.101228
0.094231 0.094321
0.093464 0.102532
0.088080 0.094042
0.086503 0.100291
0.086446 0.111951
0.083677 0.094069
0.080402 0.089521
0.076775 0.079997
0.075976 0.108711
0.075448 0.123117
0.074918 0.080786
0.074737 0.076753
0.074515 0.074850
0.073155 0.119293
0.072426 0.144641
0.070718 0.082619
0.070589 0.079322
0.070146 0.073755
0.069320 0.074139
0.068977 0.079807
0.068422 0.075214
0.068384 0.120321
0.067955 0.072926
0.067694 0.069717
0.067244 0.085210
0.065784 0.068239
0.064897 0.075554
0.063789 0.069971
0.062761 0.075544
0.059742 0.074999
0.058299 0.102964
0.056618 0.073880
0.056091 0.064401
0.054967 0.055583
0.052978 0.081189
0.052857 0.062363
0.052296 0.063124
0.052156 0.078722
0.052066 0.084750
0.051872 0.053313
0.051622 0.058552
0.051333 0.052617
0.050952 0.051915
0.050705 0.072978
0.050200 0.090110
0.049897 0.060568
0.049136 0.060115
0.049007 0.052906
0.048488 0.061732
0.048467 0.049366
0.048374 0.061071
0.047788 0.051018
0.047440 0.048070
0.046877 0.063148
0.045444 0.057557
0.044620 0.050323
0.044464 0.046427
0.044221 0.110286
0.044151 0.058532
0.043821 0.044256
0.043793 0.048515
0.043785 0.057060
0.043548 0.049221
0.043502 0.044176
0.043085 0.052765
0.042862 0.045815
0.042833 0.049308
0.042724 0.045019
0.042662 0.050934
0.042596 0.043740
0.042504 0.054231
0.042356 0.048917
0.042268 0.053982
0.041732 0.051649
0.041614 0.054786
0.041511 0.062188
0.041490 0.045875
0.041431 0.043636
0.041219 0.054011
0.040978 0.049970
0.040680 0.051201
0.040635 0.050087
0.039821 0.043899
0.039059 0.045485
0.038805 0.047866
0.038514 0.043002
0.038483 0.053198
0.038459 0.041795
0.038397 0.040654
0.038116 0.040884
0.038087 0.038724
0.037625 0.038158
0.037362 0.054321
0.037094 0.052287
0.036884 0.051602
0.036542 0.042823
0.036462 0.040974
0.036445 0.052038
0.036419 0.038937
0.036337 0.041049
0.036063 0.041091
0.036017 0.038349
0.035445 0.038537
0.035309 0.038151
0.035196 0.038039
0.035163 0.037995
0.035045 0.045125
0.034766 0.043103
0.034671 0.034781
0.034595 0.056488
0.034340 0.043232
0.034092 0.034127
0.033837 0.038570
0.033680 0.039047
0.033640 0.037155
0.033592 0.037918
0.033242 0.067222
0.032887 0.049984
0.032736 0.037073
0.032646 0.037709
0.032357 0.036532
0.032083 0.043648
0.031917 0.032142
0.031874 0.037810
0.031828 0.056350
0.031816 0.035300
0.031609 0.040523
0.031528 0.032013
0.031355 0.035510
0.031304 0.036659
0.031154 0.037416
0.030371 0.055625
0.030234 0.036839
0.029935 0.034104
0.029633 0.030321
0.029571 0.038231
0.029566 0.032643
0.029299 0.042242
0.029297 0.031750
0.029189 0.040745
0.029161 0.035741
0.029093 0.035531
0.029002 0.035009
0.028934 0.035480
0.028774 0.038696
0.028522 0.034613
0.028150 0.029020
0.028080 0.028524
0.027967 0.038854
0.027824 0.028990
0.027716 0.028578
0.027480 0.046374
0.027416 0.027423
0.027267 0.041054
0.026991 0.043423
0.026976 0.034274
0.026782 0.032782
0.026709 0.031347
0.026600 0.050143
0.026561 0.032385
0.026483 0.028455
0.026416 0.056616
0.026277 0.029447
0.026215 0.026322
0.026035 0.026801
0.025990 0.027742
0.025922 0.026010
0.025805 0.027432
0.025634 0.029030
0.025606 0.049523
0.025517 0.044306
0.025400 0.031522
0.025075 0.028774
0.025011 0.033097
0.024898 0.040658
0.024757 0.035497
0.024447 0.027693
0.024423 0.027268
0.024221 0.043268
0.024177 0.032378
0.024157 0.052284
0.024152 0.024668
0.023899 0.026971
0.023881 0.026092
0.023732 0.053973
0.023599 0.030360
0.023512 0.026342
0.023479 0.030396
0.023453 0.029467
0.023306 0.028135
0.023185 0.026135
0.023084 0.023649
0.022848 0.023503
0.022650 0.030986
0.022601 0.027705
0.022390 0.023630
0.022029 0.024059
0.022002 0.022003
0.021992 0.022240
0.021910 0.025374
0.021875 0.023414
0.021730 0.028830
0.021720 0.022159
0.021707 0.041077
0.021636 0.023972
0.021617 0.023966
0.021395 0.024085
0.021310 0.023205
0.021227 0.025167
0.021182 0.023486
0.021089 0.024188
0.020945 0.026557
0.020904 0.024994
0.020834 0.022934
0.020784 0.020982
0.020598 0.028623
0.020596 0.023879
0.020521 0.020937
0.020486 0.028629
0.020474 0.023939
0.020380 0.022947
0.020311 0.024014
0.020309 0.028401
0.020114 0.023331
0.019978 0.020262
0.019684 0.028104
0.019577 0.020750
0.019500 0.022872
0.019272 0.025490
0.019259 0.020121
0.019160 0.020312
0.019017 0.019880
0.018929 0.019433
0.018852 0.020332
0.018847 0.023915
0.018780 0.025649
0.018345 0.025310
0.018221 0.018479
0.018161 0.030762
0.018114 0.021315
0.018080 0.018835
0.017966 0.019168
0.017906 0.018568
0.017873 0.019300
0.017820 0.017954
0.017785 0.021353
0.017679 0.028479
0.017622 0.028520
0.017591 0.032408
0.017573 0.017606
0.017497 0.020603
0.017340 0.020298
0.017321 0.017405
0.017319 0.019197
0.017224 0.018740
0.017181 0.018536
0.017121 0.027406
0.017063 0.022730
0.016951 0.018608
0.016916 0.031460
0.016763 0.019800
0.016615 0.022700
0.016607 0.019358
0.016584 0.022253
0.016469 0.017017
0.016442 0.019045
0.016318 0.018117
0.016189 0.018585
0.016115 0.034471
0.016018 0.020258
0.015946 0.019901
0.015857 0.019237
0.015786 0.016576
0.015669 0.024506
0.015564 0.017696
0.015556 0.018742
0.015444 0.024618
0.015432 0.016249
0.015417 0.019164
0.015407 0.016841
0.015375 0.019645
0.015374 0.015423
0.015308 0.016458
0.015244 0.016104
0.015240 0.017630
0.015167 0.021892
0.015068 0.019272
0.014955 0.019682
0.014903 0.014931
0.014896 0.026079
0.014889 0.026057
0.014865 0.022335
0.014844 0.016070
0.014834 0.015795
0.014640 0.015118
0.014495 0.014600
0.014414 0.017690
0.014280 0.015850
0.014279 0.020756
0.013906 0.020363
0.013876 0.018294
0.013736 0.014159
0.013550 0.020881
0.013514 0.018224
0.013411 0.016403
0.013392 0.013399
0.013390 0.014476
0.013370 0.015591
0.013351 0.015460
0.013313 0.014101
0.013273 0.013864
0.013198 0.013302
0.013180 0.013774
0.013178 0.015315
0.013167 0.013322
0.013157 0.015373
0.013003 0.013146
0.012967 0.013076
0.012854 0.013774
0.012840 0.017054
0.012801 0.017868
0.012796 0.014589
0.012749 0.014258
0.012652 0.026753
0.012594 0.018345
0.012588 0.012991
0.012573 0.014206
0.012533 0.015057
0.012515 0.013754
0.012474 0.014800
0.012467 0.014432
0.012455 0.015132
0.012374 0.013051
0.012361 0.012762
0.012337 0.012861
0.012308 0.015088
0.012277 0.013042
0.012271 0.015448
0.012268 0.012442
0.012214 0.015207
0.012211 0.016434
0.012162 0.013906
0.012138 0.014817
0.012115 0.012167
0.012109 0.013156
0.012056 0.014175
0.012020 0.014881
0.012012 0.012205
0.011887 0.012832
0.011880 0.012541
0.011816 0.012373
0.011772 0.012930
0.011710 0.013671
0.011698 0.019317
0.011644 0.016790
0.011592 0.012289
0.011532 0.011570
0.011516 0.013009
0.011492 0.014171
0.011424 0.011914
0.011395 0.013824
0.011386 0.012991
0.011354 0.016192
0.011350 0.011582
0.011349 0.013201
0.011347 0.013776
0.011311 0.011359
0.011263 0.011790
0.011253 0.018797
0.011232 0.012222
0.011212 0.016025
0.011210 0.018126
0.011183 0.023563
0.011181 0.012019
0.011174 0.012279
0.011167 0.011879
0.011164 0.013444
0.011163 0.012015
0.011122 0.018198
0.011121 0.011972
0.011117 0.024783
0.011090 0.011187
0.011073 0.011798
0.011061 0.011269
0.011055 0.019220
0.011011 0.014378
0.010926 0.012755
0.010887 0.011309
0.010876 0.017205
0.010837 0.017414
0.010826 0.016326
0.010806 0.013551
0.010789 0.013150
0.010743 0.012557
0.010670 0.016367
0.010641 0.011410
0.010640 0.018234
0.010632 0.010799
0.010627 0.011707
0.010626 0.019620
0.010617 0.012719
0.010605 0.011283
0.010596 0.011068
0.010573 0.011495
0.010567 0.011123
0.010551 0.013029
0.010493 0.011968
0.010489 0.013262
0.010478 0.013257
0.010427 0.011221
0.010411 0.016792
0.010400 0.010461
0.010388 0.010920
0.010387 0.010710
0.010355 0.012718
0.010353 0.017061
0.010314 0.011498
0.010311 0.014987
0.010275 0.011567
0.010270 0.014419
0.010263 0.010492
0.010255 0.011382
0.010250 0.010951
0.010230 0.013359
0.010222 0.010478
0.010217 0.010843
0.010199 0.010421
0.010199 0.012480
0.010198 0.011141
0.010176 0.015415
0.010140 0.012813
0.010093 0.014382
0.010084 0.016015
0.010084 0.014298
0.010080 0.011310
0.010074 0.010663
0.010055 0.012558
0.010044 0.010421
0.010011 0.010628
0.009994 0.011106
0.009986 0.010158
0.009982 0.014573
0.009969 0.011808
0.009927 0.010908
0.009926 0.012314
0.009876 0.011649
0.009850 0.010634
0.009798 0.011573
0.009769 0.010772
0.009752 0.012455
0.009747 0.011121
0.009736 0.012575
0.009723 0.009943
0.009721 0.010733
0.009699 0.009752
0.009698 0.009747
0.009681 0.010803
0.009678 0.011068
0.009673 0.010326
0.009667 0.012699
0.009653 0.012505
0.009642 0.010801
0.009640 0.012167
0.009634 0.010555
0.009606 0.014591
0.009557 0.009886
0.009539 0.009837
0.009513 0.015405
0.009506 0.009774
0.009501 0.011525
0.009494 0.017891
0.009487 0.014094
0.009432 0.012923
0.009423 0.010059
0.009417 0.009424
0.009413 0.014303
0.009395 0.016613
0.009386 0.016998
0.009382 0.011035
0.009379 0.013189
0.009357 0.015518
0.009339 0.011326
0.009338 0.013323
0.009326 0.010802
0.009302 0.011771
0.009256 0.010198
0.009255 0.009416
0.009237 0.011206
0.009212 0.009448
0.009190 0.017208
0.009186 0.009342
0.009170 0.009888
0.009139 0.017586
0.009139 0.010593
0.009137 0.009475
0.009103 0.009437
0.009076 0.014365
0.009047 0.009192
0.009042 0.009242
0.009034 0.009382
0.009020 0.009352
0.008991 0.009218
0.008991 0.011603
0.008989 0.012116
0.008954 0.015336
0.008941 0.009341
0.008913 0.014177
0.008889 0.009327
0.008888 0.012381
0.008843 0.008992
0.008837 0.009778
0.008829 0.009607
0.008813 0.008920
0.008799 0.009627
0.008796 0.010453
0.008792 0.009809
0.008792 0.009201
0.008772 0.008893
0.008744 0.011103
0.008743 0.011835
0.008722 0.008765
0.008714 0.009918
0.008678 0.015295
0.008677 0.009624
0.008649 0.010117
0.008643 0.010274
0.008639 0.011776
0.008622 0.013410
0.008576 0.009906
0.008563 0.010138
0.008555 0.009418
0.008540 0.011115
0.008533 0.014575
0.008530 0.009034
0.008489 0.009320
0.008483 0.016136
0.008483 0.009120
0.008481 0.013171
0.008478 0.009346
0.008451 0.008824
0.008430 0.008805
0.008390 0.010445
0.008382 0.012117
0.008360 0.011028
0.008334 0.008936
0.008316 0.008390
0.008309 0.010822
0.008293 0.008504
0.008272 0.009221
0.008265 0.010263
0.008256 0.018225
0.008240 0.008757
0.008232 0.008438
0.008180 0.011502
0.008177 0.009945
0.008165 0.008737
0.008155 0.009427
0.008145 0.011172
0.008129 0.012565
0.008113 0.009155
0.008111 0.009505
0.008083 0.010309
0.008081 0.008880
0.008069 0.008208
0.008067 0.008653
0.008056 0.009699
0.008033 0.010973
0.008024 0.011522
0.008022 0.008266
0.008017 0.008159
0.007989 0.009527
0.007982 0.010791
0.007968 0.010114
0.007952 0.012691
0.007937 0.008818
0.007930 0.008318
0.007929 0.009457
0.007916 0.010157
0.007906 0.009098
0.007905 0.009280
0.007900 0.012672
0.007882 0.008990
0.007878 0.009341
0.007874 0.009810
0.007870 0.008925
0.007845 0.008091
0.007845 0.009818
0.007831 0.009815
0.007828 0.013296
0.007812 0.012771
0.007807 0.008428
0.007796 0.011691
0.007792 0.008938
0.007783 0.008170
0.007783 0.010855
0.007775 0.008584
0.007752 0.012255
0.007745 0.008101
0.007732 0.009342
0.007727 0.008388
0.007711 0.009134
0.007699 0.008078
0.007681 0.013752
0.007676 0.007696
0.007674 0.010630
0.007666 0.009021
0.007654 0.010078
0.007644 0.009801
0.007637 0.010510
0.007635 0.013013
0.007628 0.008132
0.007613 0.008234
0.007612 0.007869
0.007588 0.008416
0.007583 0.007600
0.007577 0.012260
0.007561 0.009269
0.007548 0.007972
0.007509 0.008859
0.007492 0.008742
0.007488 0.007626
0.007468 0.009399
0.007461 0.013144
0.007456 0.009875
0.007450 0.010025
0.007448 0.009094
0.007445 0.007948
0.007445 0.011593
0.007438 0.009941
0.007429 0.008858
0.007403 0.007452
0.007379 0.011225
0.007357 0.010118
0.007330 0.008132
0.007325 0.007608
0.007318 0.007940
0.007318 0.011787
0.007310 0.009691
0.007310 0.007608
0.007306 0.009494
0.007304 0.007410
0.007274 0.008861
0.007273 0.009863
0.007259 0.007439
0.007258 0.008167
0.007250 0.008201
0.007247 0.011863
0.007231 0.010503
0.007223 0.011919
0.007222 0.008045
0.007221 0.008969
0.007215 0.007321
0.007204 0.009171
0.007203 0.007343
0.007200 0.010908
0.007195 0.009315
0.007194 0.008132
0.007186 0.008164
0.007166 0.007221
0.007158 0.010850
0.007154 0.007742
0.007148 0.008176
0.007142 0.010983
0.007138 0.007731
0.007110 0.007787
0.007097 0.007297
0.007096 0.007190
0.007093 0.008612
0.007093 0.009106
0.007092 0.010437
0.007080 0.007618
0.007060 0.007207
0.007059 0.009732
0.007057 0.015085
0.007055 0.011173
0.007048 0.007228
0.007038 0.007238
0.007015 0.007137
0.007010 0.008281
0.007004 0.007662
0.006994 0.008670
0.006992 0.007039
0.006990 0.008334
0.006988 0.007511
0.006974 0.007969
0.006966 0.006987
0.006958 0.007604
0.006948 0.010203
0.006937 0.007760
0.006914 0.012296
0.006913 0.007567
0.006910 0.009070
0.006908 0.007968
0.006905 0.007028
0.006904 0.007129
0.006896 0.007245
0.006881 0.012883
0.006876 0.006897
0.006874 0.007599
0.006860 0.007836
0.006857 0.007541
0.006854 0.007259
0.006850 0.007617
0.006840 0.010382
0.006840 0.009801
0.006834 0.011788
0.006833 0.007465
0.006831 0.011349
0.006830 0.009229
0.006826 0.007526
0.006824 0.007427
0.006809 0.007295
0.006794 0.008985
0.006790 0.012614
0.006787 0.010152
0.006782 0.008431
0.006781 0.006861
0.006775 0.008446
0.006771 0.007147
0.006769 0.007462
0.006765 0.006877
0.006762 0.008810
0.006761 0.007442
0.006745 0.007270
0.006745 0.006756
0.006741 0.009486
0.006733 0.006840
0.006728 0.010085
0.006724 0.007641
0.006721 0.007494
0.006720 0.010727
0.006720 0.006816
0.006720 0.009068
0.006700 0.007526
0.006689 0.007661
0.006663 0.006947
0.006661 0.007726
0.006651 0.007261
0.006643 0.007188
0.006637 0.007253
0.006632 0.009480
0.006632 0.011122
0.006631 0.008517
0.006629 0.010632
0.006617 0.011566
0.006610 0.011365
0.006605 0.013066
0.006603 0.007463
0.006602 0.006743
0.006600 0.011845
0.006597 0.009776
0.006587 0.011836
0.006585 0.015187
0.006577 0.008834
0.006575 0.007230
0.006559 0.008018
0.006556 0.007038
0.006554 0.006687
0.006551 0.006804
0.006551 0.010574
0.006535 0.012077
0.006521 0.008560
0.006513 0.007734
0.006498 0.006661
0.006489 0.006771
0.006486 0.007185
0.006485 0.008752
0.006483 0.008486
0.006483 0.006865
0.006482 0.010908
0.006481 0.006938
0.006478 0.007726
0.006478 0.007080
0.006476 0.006618
0.006465 0.006600
0.006465 0.006558
0.006461 0.008150
0.006459 0.007401
0.006455 0.009153
0.006451 0.007460
0.006449 0.007624
0.006446 0.006725
0.006444 0.007597
0.006444 0.011513
0.006439 0.008389
0.006433 0.006740
0.006430 0.007590
0.006428 0.013863
0.006420 0.007147
0.006419 0.006517
0.006418 0.008666
0.006415 0.007985
0.006412 0.006473
0.006405 0.007797
0.006396 0.006500
0.006392 0.008461
0.006377 0.009557
0.006373 0.006849
0.006368 0.006454
0.006365 0.007325
0.006351 0.006574
0.006350 0.007145
0.006344 0.011421
0.006336 0.008029
0.006334 0.010308
0.006318 0.007061
0.006293 0.006420
0.006287 0.010183
0.006284 0.007125
0.006281 0.011211
0.006281 0.007608
0.006280 0.008295
0.006262 0.006489
0.006257 0.007277
0.006256 0.007989
0.006246 0.008424
0.006243 0.006954
0.006240 0.007382
0.006240 0.007178
0.006233 0.007483
0.006221 0.006742
0.006221 0.006327
0.006218 0.010945
0.006210 0.006593
0.006209 0.006653
0.006208 0.006255
0.006208 0.007163
0.006208 0.006336
0.006203 0.006609
0.006193 0.008134
0.006189 0.006772
0.006182 0.008308
0.006179 0.006947
0.006179 0.008056
0.006175 0.006442
0.006173 0.008791
0.006168 0.006313
0.006153 0.006646
0.006150 0.009574
0.006150 0.006389
0.006147 0.006992
0.006144 0.007707
0.006138 0.006897
0.006136 0.006278
0.006136 0.006390
0.006131 0.011082
0.006118 0.006260
0.006115 0.006587
0.006115 0.010452
0.006097 0.006423
0.006091 0.007774
0.006090 0.006337
0.006079 0.007227
0.006075 0.007986
0.006067 0.008079
0.006043 0.011457
0.006040 0.006580
0.006028 0.006126
0.006020 0.006169
0.005997 0.006633
0.005993 0.015541
0.005987 0.006269
0.005979 0.007609
0.005972 0.011649
0.005962 0.006685
0.005956 0.010647
0.005956 0.006270
0.005943 0.006574
0.005939 0.005942
0.005935 0.007833
0.005926 0.007225
0.005917 0.011918
0.005913 0.010996
0.005911 0.006403
0.005907 0.010977
0.005906 0.006167
0.005857 0.005921
0.005856 0.009682
0.005853 0.005902
0.005851 0.008084
0.005844 0.006060
0.005838 0.006153
0.005827 0.006853
0.005826 0.009168
0.005821 0.006175
0.005819 0.010537
0.005818 0.007220
0.005817 0.007305
0.005816 0.006863
0.005813 0.005895
0.005810 0.006233
0.005808 0.007715
0.005808 0.008254
0.005803 0.006863
0.005800 0.006216
0.005799 0.006078
0.005798 0.006753
0.005792 0.006949
0.005785 0.005816
0.005779 0.009501
0.005777 0.005980
0.005772 0.007047
0.005771 0.005931
0.005768 0.007066
0.005766 0.009327
0.005763 0.007056
0.005760 0.008838
0.005757 0.006222
0.005747 0.009010
0.005744 0.010709
0.005744 0.006622
0.005738 0.007948
0.005734 0.006989
0.005727 0.011138
0.005726 0.011312
0.005723 0.011505
0.005719 0.013371
0.005714 0.010992
0.005697 0.007592
0.005697 0.006760
0.005683 0.006668
0.005682 0.005992
0.005680 0.010311
0.005675 0.008975
0.005673 0.006079
0.005673 0.005716
0.005668 0.007403
0.005667 0.009789
0.005664 0.006597
0.005661 0.007071
0.005655 0.007761
0.005652 0.006489
0.005646 0.006661
0.005638 0.008508
0.005635 0.006258
0.005633 0.007163
0.005627 0.009361
0.005623 0.006887
0.005619 0.011264
0.005615 0.007749
0.005605 0.006691
0.005604 0.005858
0.005603 0.005665
0.005600 0.006821
0.005599 0.006357
0.005598 0.006822
0.005598 0.006400
0.005597 0.005854
0.005591 0.005657
0.005589 0.005643
0.005588 0.006205
0.005584 0.006629
0.005582 0.006968
0.005579 0.005883
0.005577 0.006965
0.005573 0.005701
0.005563 0.007548
0.005561 0.009385
0.005561 0.008912
0.005560 0.010657
0.005542 0.005618
0.005542 0.005747
0.005540 0.005750
0.005533 0.005639
0.005524 0.005670
0.005523 0.009839
0.005521 0.005642
0.005511 0.011244
0.005499 0.006367
0.005491 0.005534
0.005487 0.006378
0.005483 0.006226
0.005483 0.005793
0.005478 0.006730
0.005474 0.006101
0.005473 0.006282
0.005471 0.006548
0.005470 0.005592
0.005462 0.006511
0.005456 0.005902
0.005453 0.006638
0.005446 0.005450
0.005445 0.005572
0.005443 0.005651
0.005438 0.007199
0.005429 0.005539
0.005428 0.008996
0.005428 0.005881
0.005427 0.005654
0.005420 0.007454
0.005408 0.005474
0.005406 0.005497
0.005403 0.005995
0.005399 0.009002
0.005398 0.008457
0.005388 0.005482
0.005387 0.007295
0.005386 0.006792
0.005385 0.006148
0.005383 0.006206
0.005376 0.007574
0.005373 0.005619
0.005363 0.006117
0.005360 0.006260
0.005352 0.006814
0.005350 0.006963
0.005348 0.005979
0.005338 0.006624
0.005336 0.005792
0.005335 0.005396
0.005333 0.006882
0.005333 0.007765
0.005332 0.006079
0.005331 0.008733
0.005331 0.006175
0.005327 0.006267
0.005323 0.005394
0.005318 0.006606
0.005312 0.005902
0.005311 0.013213
0.005310 0.006411
0.005308 0.005350
0.005306 0.006305
0.005300 0.005848
0.005299 0.007195
0.005292 0.005702
0.005291 0.010390
0.005283 0.007176
0.005278 0.006684
0.005276 0.005520
0.005272 0.007445
0.005272 0.007748
0.005271 0.005996
0.005271 0.005302
0.005271 0.006291
0.005269 0.005832
0.005265 0.006156
0.005262 0.005288
0.005260 0.007253
0.005251 0.007372
0.005250 0.007860
0.005246 0.007761
0.005240 0.009419
0.005238 0.009118
0.005237 0.006814
0.005236 0.007381
0.005234 0.005806
0.005225 0.007631
0.005225 0.005370
0.005224 0.008643
0.005224 0.006171
0.005223 0.008579
0.005220 0.005665
0.005220 0.005535
0.005215 0.008342
0.005214 0.005407
0.005214 0.008149
0.005210 0.005773
0.005209 0.007739
0.005206 0.005795
0.005200 0.005692
0.005196 0.007334
0.005191 0.006735
0.005189 0.005493
0.005186 0.005753
0.005185 0.007172
0.005176 0.006739
0.005173 0.005232
0.005170 0.005430
0.005168 0.005739
0.005163 0.005410
0.005162 0.007997
0.005160 0.008239
0.005154 0.005314
0.005148 0.005961
0.005146 0.007050
0.005143 0.005599
0.005142 0.005729
0.005139 0.009106
0.005136 0.007116
0.005134 0.006166
0.005132 0.007014
0.005116 0.005159
0.005108 0.006460
0.005094 0.005263
0.005092 0.007125
0.005091 0.005094
0.005089 0.007947
0.005086 0.005152
0.005086 0.006068
0.005085 0.010544
0.005083 0.006010
0.005083 0.006000
0.005078 0.007488
0.005076 0.006416
0.005073 0.007813
0.005069 0.005184
0.005067 0.005162
0.005065 0.005803
0.005059 0.005161
0.005046 0.005382
0.005043 0.005235
0.005035 0.005363
0.005020 0.006438
0.005020 0.005433
0.005006 0.005722
0.005005 0.007780
0.005002 0.007775
0.005001 0.005502
0.004999 0.005276
0.004998 0.005269
0.004998 0.005110
0.004996 0.008496
0.004988 0.005564
0.004981 0.005703
0.004980 0.006160
0.004979 0.005981
0.004979 0.005358
0.004979 0.007507
0.004977 0.007928
0.004977 0.006513
0.004970 0.006574
0.004958 0.005772
0.004958 0.007115
0.004955 0.005840
0.004942 0.008626
0.004931 0.005816
0.004925 0.005465
0.004920 0.005522
0.004917 0.005754
0.004910 0.005739
0.004899 0.005578
0.004898 0.005773
0.004895 0.006436
0.004885 0.007160
0.004880 0.005507
0.004878 0.005021
0.004877 0.007790
0.004867 0.006707
0.004862 0.005048
0.004861 0.008610
0.004860 0.006047
0.004850 0.005370
0.004842 0.004972
0.004842 0.007980
0.004840 0.005964
0.004840 0.005060
0.004836 0.004911
0.004833 0.005217
0.004829 0.005053
0.004829 0.007171
0.004829 0.008510
0.004829 0.008054
0.004824 0.004879
0.004820 0.005348
0.004819 0.005168
0.004818 0.005281
0.004817 0.005006
0.004817 0.005665
0.004816 0.005852
0.004815 0.005274
0.004810 0.005265
0.004809 0.006513
0.004801 0.005044
0.004798 0.007113
0.004792 0.005204
0.004791 0.005190
0.004787 0.009140
0.004786 0.005033
0.004784 0.005478
0.004781 0.006488
0.004780 0.007056
0.004779 0.004982
0.004767 0.006573
0.004766 0.005205
0.004765 0.007200
0.004757 0.005846
0.004747 0.008914
0.004747 0.005351
0.004740 0.004860
0.004735 0.005113
0.004735 0.006609
0.004729 0.005153
0.004729 0.005510
0.004718 0.006246
0.004717 0.008059
0.004714 0.004845
0.004714 0.005731
0.004712 0.004807
0.004702 0.007337
0.004694 0.007752
0.004688 0.005593
0.004687 0.005754
0.004682 0.005170
0.004676 0.004909
0.004672 0.006764
0.004671 0.007186
0.004669 0.005165
0.004667 0.007719
0.004666 0.006852
0.004665 0.005188
0.004663 0.005103
0.004661 0.008112
0.004660 0.005696
0.004660 0.007046
0.004655 0.005319
0.004654 0.005110
0.004638 0.006052
0.004637 0.005816
0.004637 0.004752
0.004633 0.010278
0.004631 0.004719
0.004629 0.005245
0.004628 0.004703
0.004625 0.005170
0.004624 0.004971
0.004621 0.005161
0.004618 0.004652
0.004618 0.010155
0.004608 0.004703
0.004605 0.005200
0.004602 0.004967
0.004596 0.004670
0.004593 0.004668
0.004592 0.005120
0.004589 0.005614
0.004588 0.005192
0.004587 0.006376
0.004586 0.005407
0.004583 0.010234
0.004581 0.008457
0.004579 0.004625
0.004579 0.007061
0.004578 0.006622
0.004577 0.004817
0.004576 0.008878
0.004574 0.005857
0.004571 0.007193
0.004568 0.004613
0.004567 0.005584
0.004566 0.006948
0.004565 0.005622
0.004564 0.004758
0.004559 0.006952
0.004559 0.005089
0.004559 0.005293
0.004556 0.004914
0.004556 0.006814
0.004546 0.005108
0.004545 0.006129
0.004541 0.006371
0.004539 0.004880
0.004539 0.004625
0.004535 0.005301
0.004535 0.008255
0.004534 0.005565
0.004534 0.004883
0.004525 0.005618
0.004525 0.005739
0.004519 0.005122
0.004517 0.005697
0.004515 0.004593
0.004512 0.004850
0.004511 0.004745
0.004506 0.004618
0.004506 0.006423
0.004504 0.010029
0.004499 0.004988
0.004499 0.005572
0.004493 0.005525
0.004490 0.004615
0.004489 0.006102
0.004488 0.006086
0.004488 0.004701
0.004486 0.004731
0.004485 0.004497
0.004481 0.004794
0.004479 0.006204
0.004476 0.005587
0.004476 0.004812
0.004473 0.004991
0.004473 0.004917
0.004470 0.004883
0.004466 0.005187
0.004466 0.006050
0.004465 0.005166
0.004465 0.004871
0.004463 0.004957
0.004460 0.005589
0.004455 0.005736
0.004452 0.004514
0.004451 0.004751
0.004449 0.005829
0.004448 0.006704
0.004441 0.005613
0.004434 0.005704
0.004433 0.004802
0.004428 0.008822
0.004428 0.004774
0.004425 0.004837
0.004424 0.008575
0.004420 0.004540
0.004420 0.004439
0.004420 0.005069
0.004419 0.004701
0.004416 0.005234
0.004416 0.006015
0.004415 0.004561
0.004411 0.004516
0.004408 0.005453
0.004406 0.005247
0.004406 0.004759
0.004404 0.004712
0.004398 0.008208
0.004398 0.004560
0.004397 0.005058
0.004393 0.005910
0.004392 0.005505
0.004382 0.007804
0.004378 0.008013
0.004377 0.007407
0.004376 0.005371
0.004373 0.006029
0.004373 0.006587
0.004365 0.005715
0.004364 0.004404
0.004364 0.004855
0.004361 0.004397
0.004359 0.005931
0.004354 0.005817
0.004346 0.004686
0.004346 0.007621
0.004345 0.004612
0.004341 0.004457
0.004336 0.004569
0.004333 0.005472
0.004331 0.007720
0.004326 0.004550
0.004324 0.004443
0.004323 0.005378
0.004322 0.004839
0.004317 0.004355
0.004317 0.006850
0.004317 0.006016
0.004311 0.004993
0.004308 0.004357
0.004305 0.004700
0.004298 0.005130
0.004294 0.005782
0.004294 0.005668
0.004294 0.004715
0.004293 0.004439
0.004288 0.005648
0.004282 0.006462
0.004277 0.005064
0.004274 0.004361
0.004274 0.004747
0.004273 0.009345
0.004268 0.005319
0.004267 0.005730
0.004267 0.006320
0.004267 0.004549
0.004266 0.005010
0.004262 0.004618
0.004258 0.004281
0.004257 0.004398
0.004255 0.006363
0.004253 0.005078
0.004251 0.004463
0.004249 0.008525
0.004244 0.005050
0.004242 0.005879
0.004241 0.005062
0.004233 0.004788
0.004231 0.004285
0.004230 0.006539
0.004230 0.004928
0.004227 0.004358
0.004227 0.004872
0.004217 0.004320
0.004216 0.004333
0.004215 0.005299
0.004212 0.004423
0.004212 0.005685
0.004208 0.007600
0.004207 0.004534
0.004206 0.005062
0.004206 0.004251
0.004205 0.004443
0.004204 0.007949
0.004201 0.004348
0.004199 0.006776
0.004199 0.004233
0.004197 0.005685
0.004194 0.007924
0.004192 0.005101
0.004189 0.005213
0.004188 0.006611
0.004188 0.004625
0.004180 0.004357
0.004177 0.004729
0.004177 0.004191
0.004177 0.005879
0.004169 0.005431
0.004166 0.004382
0.004162 0.005083
0.004159 0.006027
0.004157 0.004909
0.004156 0.004585
0.004153 0.004201
0.004153 0.004876
0.004152 0.005324
0.004146 0.004239
0.004144 0.008695
0.004139 0.005187
0.004138 0.005555
0.004135 0.005587
0.004133 0.005733
0.004126 0.004441
0.004125 0.004995
0.004124 0.004247
0.004123 0.006548
0.004123 0.004451
0.004121 0.004991
0.004120 0.004575
0.004118 0.007418
0.004115 0.004958
0.004112 0.004298
0.004110 0.007403
0.004100 0.004188
0.004098 0.004643
0.004095 0.004190
0.004092 0.004205
0.004089 0.004503
0.004086 0.006411
0.004086 0.004123
0.004085 0.004354
0.004085 0.004370
0.004082 0.004747
0.004081 0.004097
0.004076 0.005649
0.004075 0.007284
0.004073 0.004414
0.004069 0.004320
0.004067 0.004920
0.004064 0.004407
0.004062 0.010053
0.004058 0.005678
0.004055 0.006162
0.004051 0.005443
0.004051 0.004637
0.004047 0.004882
0.004047 0.004930
0.004045 0.004825
0.004035 0.005365
0.004033 0.004900
0.004032 0.004301
0.004030 0.004451
0.004024 0.004211
0.004023 0.005401
0.004023 0.004673
0.004020 0.004857
0.004012 0.005358
0.004010 0.004569
0.004008 0.004646
0.004005 0.004930
0.004002 0.005052
0.003998 0.005830
0.003993 0.004463
0.003991 0.004753
0.003989 0.004337
0.003985 0.004350
0.003985 0.004168
0.003983 0.004143
0.003979 0.004446
0.003977 0.004183
0.003977 0.004369
0.003976 0.004606
0.003974 0.004050
0.003973 0.004567
0.003968 0.006226
0.003967 0.005280
0.003967 0.004634
0.003967 0.004102
0.003967 0.004313
0.003966 0.005381
0.003962 0.004259
0.003958 0.005671
0.003956 0.010025
0.003955 0.005749
0.003954 0.004096
0.003953 0.006657
0.003953 0.004667
0.003953 0.004184
0.003947 0.004202
0.003947 0.003959
0.003944 0.004605
0.003942 0.004888
0.003941 0.004223
0.003940 0.004212
0.003936 0.005566
0.003934 0.004170
0.003929 0.003985
0.003926 0.004747
0.003923 0.004134
0.003923 0.003990
0.003920 0.005172
0.003918 0.004411
0.003916 0.003990
0.003915 0.003935
0.003913 0.004237
0.003910 0.004305
0.003909 0.004835
0.003906 0.004370
0.003906 0.003980
0.003899 0.009964
0.003898 0.004415
0.003897 0.006176
0.003895 0.003908
0.003894 0.003934
0.003888 0.005377
0.003887 0.004607
0.003882 0.005140
0.003877 0.004104
0.003877 0.005343
0.003875 0.004808
0.003873 0.004938
0.003872 0.007487
0.003872 0.004156
0.003866 0.004045
0.003866 0.003985
0.003864 0.003919
0.003861 0.004862
0.003856 0.003891
0.003852 0.004344
0.003849 0.004407
0.003848 0.004478
0.003847 0.004136
0.003845 0.004155
0.003837 0.004647
0.003837 0.005542
0.003831 0.004483
0.003830 0.003888
0.003828 0.005697
0.003827 0.003883
0.003822 0.003935
0.003822 0.006791
0.003822 0.004548
0.003821 0.004231
0.003819 0.006437
0.003816 0.003932
0.003809 0.004959
0.003808 0.003810
0.003807 0.005184
0.003807 0.004133
0.003806 0.003893
0.003805 0.004945
0.003803 0.005173
0.003802 0.006166
0.003802 0.004077
0.003800 0.004481
0.003800 0.005573
0.003795 0.004168
0.003795 0.003859
0.003795 0.004587
0.003791 0.007917
0.003791 0.004143
0.003790 0.005887
0.003790 0.004274
0.003789 0.003966
0.003788 0.004226
0.003787 0.004941
0.003786 0.004753
0.003785 0.005179
0.003784 0.004020
0.003783 0.003938
0.003781 0.004804
0.003780 0.004142
0.003779 0.004018
0.003774 0.003983
0.003766 0.004081
0.003762 0.005889
0.003760 0.003934
0.003760 0.004486
0.003757 0.003873
0.003757 0.004616
0.003756 0.004823
0.003756 0.008627
0.003755 0.005584
0.003752 0.006723
0.003751 0.003939
0.003748 0.004038
0.003748 0.004619
0.003746 0.004462
0.003746 0.005093
0.003743 0.005518
0.003743 0.004010
0.003742 0.007657
0.003739 0.004129
0.003739 0.004263
0.003738 0.004343
0.003738 0.005467
0.003737 0.006641
0.003737 0.005985
0.003736 0.004655
0.003734 0.003887
0.003734 0.004699
0.003728 0.005073
0.003726 0.004422
0.003722 0.004002
0.003718 0.007084
0.003713 0.003787
0.003711 0.007394
0.003710 0.004031
0.003709 0.004568
0.003705 0.004885
0.003704 0.004711
0.003703 0.004144
0.003703 0.003777
0.003701 0.004690
0.003700 0.004233
0.003699 0.004683
0.003695 0.003815
0.003694 0.004006
0.003692 0.004790
0.003692 0.006413
0.003690 0.004953
0.003689 0.003781
0.003688 0.004584
0.003685 0.004397
0.003683 0.003818
0.003679 0.007720
0.003678 0.004155
0.003677 0.003888
0.003677 0.008147
0.003676 0.003694
0.003676 0.004117
0.003675 0.004760
0.003673 0.006037
0.003670 0.005857
0.003669 0.004035
0.003668 0.004914
0.003665 0.005640
0.003661 0.004274
0.003660 0.004585
0.003660 0.005514
0.003655 0.003702
0.003653 0.005517
0.003651 0.004793
0.003649 0.004710
0.003649 0.004153
0.003648 0.005866
0.003647 0.004859
0.003646 0.006054
0.003645 0.003986
0.003639 0.003888
0.003636 0.003921
0.003634 0.006293
0.003634 0.003735
0.003632 0.003763
0.003631 0.005526
0.003627 0.006667
0.003622 0.003828
0.003620 0.003685
0.003616 0.004421
0.003614 0.004000
0.003614 0.004172
0.003613 0.004428
0.003612 0.003904
0.003610 0.004257
0.003608 0.004145
0.003608 0.003670
0.003602 0.003738
0.003601 0.004623
0.003601 0.004506
0.003599 0.004101
0.003599 0.006518
0.003598 0.003815
0.003597 0.003882
0.003595 0.007720
0.003589 0.003969
0.003589 0.003781
0.003587 0.005081
0.003584 0.004232
0.003582 0.006374
0.003578 0.005246
0.003577 0.005708
0.003576 0.004728
0.003575 0.003649
0.003575 0.004396
0.003575 0.004439
0.003572 0.004849
0.003571 0.003572
0.003570 0.006038
0.003569 0.006891
0.003568 0.004210
0.003566 0.003847
0.003565 0.004915
0.003561 0.005412
0.003559 0.004416
0.003558 0.003578
0.003557 0.003776
0.003557 0.006119
0.003556 0.005048
0.003555 0.004686
0.003553 0.004918
0.003552 0.004755
0.003551 0.003779
0.003551 0.003854
0.003547 0.003685
0.003544 0.004548
0.003544 0.004189
0.003543 0.006209
0.003542 0.004378
0.003539 0.003757
0.003539 0.003713
0.003534 0.004385
0.003534 0.007056
0.003532 0.003800
0.003530 0.005194
0.003530 0.005150
0.003530 0.003644
0.003529 0.003590
0.003529 0.003740
0.003527 0.003996
0.003526 0.005505
0.003526 0.003685
0.003524 0.006468
0.003524 0.008110
0.003523 0.004610
0.003522 0.004413
0.003517 0.004888
0.003515 0.007237
0.003515 0.004572
0.003512 0.003879
0.003510 0.005644
0.003510 0.004695
0.003506 0.005698
0.003505 0.005083
0.003503 0.003643
0.003496 0.004072
0.003496 0.005327
0.003495 0.003581
0.003492 0.003981
0.003487 0.003767
0.003483 0.003758
0.003481 0.005813
0.003477 0.003497
0.003477 0.003875
0.003477 0.004340
0.003476 0.006111
0.003476 0.003677
0.003473 0.003802
0.003472 0.003812
0.003471 0.004415
0.003461 0.003915
0.003460 0.004805
0.003459 0.005100
0.003449 0.007840
0.003449 0.004078
0.003449 0.004436
0.003447 0.006618
0.003446 0.003452
0.003442 0.003948
0.003442 0.003759
0.003440 0.003704
0.003439 0.005194
0.003438 0.006548
0.003432 0.003477
0.003429 0.006284
0.003425 0.003432
0.003425 0.003660
0.003424 0.003927
0.003424 0.008024
0.003420 0.003639
0.003417 0.003476
0.003416 0.005245
0.003415 0.005988
0.003413 0.004011
0.003412 0.003579
0.003411 0.004652
0.003410 0.004103
0.003410 0.003810
0.003409 0.004035
0.003408 0.005339
0.003407 0.006892
0.003406 0.003612
0.003399 0.003786
0.003399 0.003905
0.003398 0.003849
0.003397 0.003574
0.003395 0.003610
0.003391 0.003524
0.003390 0.003947
0.003388 0.003646
0.003383 0.003527
0.003378 0.007274
0.003378 0.005789
0.003374 0.003969
0.003371 0.004821
0.003370 0.003936
0.003364 0.003519
0.003363 0.005099
0.003363 0.003537
0.003360 0.004008
0.003355 0.003653
0.003354 0.003360
0.003350 0.003468
0.003350 0.004755
0.003348 0.003629
0.003346 0.005478
0.003342 0.006051
0.003339 0.003688
0.003338 0.004966
0.003338 0.004513
0.003338 0.005172
0.003336 0.003530
0.003335 0.004748
0.003335 0.007364
0.003334 0.004506
0.003331 0.004098
0.003330 0.003583
0.003328 0.007147
0.003322 0.004322
0.003322 0.003553
0.003319 0.003623
0.003317 0.003462
0.003316 0.003608
0.003316 0.004949
0.003314 0.005503
0.003313 0.004227
0.003309 0.003813
0.003300 0.004970
0.003298 0.003640
0.003297 0.006644
0.003289 0.004339
0.003285 0.003324
0.003285 0.005195
0.003284 0.005706
0.003284 0.004164
0.003282 0.003746
0.003280 0.006294
0.003279 0.003912
0.003274 0.003755
0.003272 0.003841
0.003266 0.003336
0.003265 0.003368
0.003265 0.003962
0.003263 0.003446
0.003258 0.006177
0.003258 0.005133
0.003257 0.003479
0.003256 0.003418
0.003255 0.003826
0.003254 0.003704
0.003251 0.003473
0.003251 0.004189
0.003249 0.005628
0.003247 0.003866
0.003247 0.004490
0.003241 0.006337
0.003238 0.003503
0.003234 0.005109
0.003234 0.003686
0.003232 0.004807
0.003231 0.003897
0.003228 0.004034
0.003223 0.003406
0.003223 0.003526
0.003219 0.006295
0.003217 0.005025
0.003216 0.005324
0.003211 0.008287
0.003209 0.003218
0.003200 0.003535
0.003198 0.004520
0.003198 0.003306
0.003196 0.004106
0.003194 0.004097
0.003189 0.004288
0.003187 0.003458
0.003186 0.003998
0.003186 0.003374
0.003185 0.003966
0.003184 0.003237
0.003184 0.003508
0.003182 0.004952
0.003181 0.005454
0.003180 0.003209
0.003179 0.003619
0.003178 0.003560
0.003174 0.003990
0.003169 0.003659
0.003169 0.003376
0.003169 0.003456
0.003168 0.003334
0.003167 0.004542
0.003165 0.005447
0.003164 0.004528
0.003161 0.004695
0.003161 0.004975
0.003157 0.005719
0.003154 0.004870
0.003153 0.003219
0.003150 0.006104
0.003150 0.005561
0.003147 0.003622
0.003145 0.007313
0.003145 0.003946
0.003145 0.004326
0.003144 0.003210
0.003141 0.003317
0.003137 0.005016
0.003136 0.003347
0.003136 0.005761
0.003134 0.003925
0.003133 0.004361
0.003132 0.003795
0.003132 0.006301
0.003129 0.004081
0.003128 0.003991
0.003124 0.003782
0.003123 0.003428
0.003121 0.004418
0.003120 0.004775
0.003116 0.004757
0.003115 0.003397
0.003111 0.004005
0.003111 0.003229
0.003108 0.003379
0.003108 0.003268
0.003108 0.003287
0.003107 0.008519
0.003104 0.008313
0.003103 0.003399
0.003101 0.004686
0.003099 0.003995
0.003098 0.004736
0.003098 0.003807
0.003096 0.004222
0.003095 0.003416
0.003095 0.004897
0.003094 0.004279
0.003094 0.003415
0.003092 0.003151
0.003091 0.003355
0.003088 0.003423
0.003087 0.004061
0.003085 0.004788
0.003083 0.004672
0.003079 0.003343
0.003079 0.003739
0.003075 0.003152
0.003071 0.003167
0.003070 0.005452
0.003068 0.003289
0.003065 0.003448
0.003065 0.003111
0.003063 0.007121
0.003062 0.003619
0.003062 0.006118
0.003061 0.004974
0.003056 0.003064
0.003054 0.003089
0.003052 0.003187
0.003051 0.005822
0.003047 0.003194
0.003046 0.003999
0.003046 0.005058
0.003045 0.003539
0.003043 0.003270
0.003042 0.003084
0.003040 0.005753
0.003039 0.003477
0.003038 0.003632
0.003036 0.003298
0.003029 0.003492
0.003029 0.003360
0.003029 0.004299
0.003027 0.003724
0.003024 0.003094
0.003024 0.005488
0.003024 0.003658
0.003023 0.004531
0.003021 0.003240
0.003015 0.003819
0.003013 0.006786
0.003010 0.005232
0.003010 0.003107
0.003006 0.003167
0.003006 0.003896
0.003005 0.003175
0.003002 0.003447
0.003001 0.003474
0.002999 0.003106
0.002996 0.003719
0.002990 0.003587
0.002990 0.003191
0.002985 0.003495
0.002984 0.003502
0.002982 0.003552
0.002978 0.003033
0.002975 0.003883
0.002975 0.006756
0.002974 0.003363
0.002972 0.003905
0.002972 0.003658
0.002970 0.003085
0.002970 0.004401
0.002966 0.003325
0.002962 0.003060
0.002955 0.003474
0.002954 0.003248
0.002953 0.003067
0.002952 0.003119
0.002950 0.003170
0.002944 0.003470
0.002935 0.002984
0.002934 0.002955
0.002933 0.003031
0.002932 0.006102
0.002931 0.004192
0.002931 0.003802
0.002925 0.004924
0.002925 0.003056
0.002924 0.004486
0.002921 0.004241
0.002921 0.003351
0.002920 0.003432
0.002919 0.003385
0.002919 0.005542
0.002918 0.005511
0.002917 0.003364
0.002911 0.003362
0.002908 0.003244
0.002908 0.003117
0.002902 0.002914
0.002902 0.003008
0.002902 0.005456
0.002901 0.003766
0.002900 0.004395
0.002896 0.002945
0.002895 0.005073
0.002891 0.005405
0.002890 0.004779
0.002888 0.003850
0.002887 0.003725
0.002882 0.003662
0.002882 0.002936
0.002868 0.003279
0.002865 0.002970
0.002864 0.002882
0.002863 0.003384
0.002858 0.004352
0.002857 0.003424
0.002853 0.003265
0.002850 0.004062
0.002841 0.002944
0.002840 0.003899
0.002839 0.005887
0.002835 0.003065
0.002825 0.006009
0.002821 0.002833
0.002815 0.003328
0.002810 0.003063
0.002810 0.005570
0.002808 0.004802
0.002807 0.004257
0.002806 0.004071
0.002793 0.004832
0.002793 0.003977
0.002793 0.003250
0.002793 0.002837
0.002789 0.002948
0.002785 0.006573
0.002785 0.006155
0.002785 0.003602
0.002785 0.003125
0.002782 0.003057
0.002780 0.004290
0.002776 0.003600
0.002775 0.003367
0.002770 0.003507
0.002770 0.002851
0.002767 0.002843
0.002767 0.002846
0.002767 0.004343
0.002764 0.003664
0.002764 0.003240
0.002763 0.003498
0.002761 0.003090
0.002760 0.004185
0.002755 0.005039
0.002755 0.003344
0.002755 0.003236
0.002754 0.002902
0.002753 0.003214
0.002753 0.003265
0.002752 0.002860
0.002751 0.002814
0.002751 0.005143
0.002749 0.003414
0.002747 0.003448
0.002745 0.003355
0.002736 0.004922
0.002733 0.002768
0.002732 0.005233
0.002728 0.003000
0.002728 0.005817
0.002724 0.002772
0.002716 0.004354
0.002715 0.002850
0.002714 0.004797
0.002705 0.002964
0.002704 0.003631
0.002704 0.002914
0.002700 0.003313
0.002697 0.003112
0.002696 0.004361
0.002695 0.002921
0.002694 0.002918
0.002694 0.003165
0.002693 0.005697
0.002693 0.006517
0.002690 0.003298
0.002686 0.002774
0.002685 0.003458
0.002684 0.002757
0.002676 0.002707
0.002672 0.002703
0.002670 0.004504
0.002669 0.004631
0.002669 0.003195
0.002668 0.004557
0.002663 0.004788
0.002659 0.003295
0.002652 0.002855
0.002652 0.003438
0.002648 0.002660
0.002644 0.002727
0.002638 0.003360
0.002632 0.002989
0.002627 0.002885
0.002618 0.003238
0.002609 0.005058
0.002607 0.003448
0.002606 0.002638
0.002606 0.002715
0.002606 0.003012
0.002605 0.002621
0.002602 0.003292
0.002601 0.003759
0.002601 0.004287
0.002601 0.002735
0.002599 0.002763
0.002599 0.003591
0.002596 0.002719
0.002590 0.003298
0.002589 0.002820
0.002581 0.004448
0.002581 0.003086
0.002577 0.002936
0.002573 0.002972
0.002570 0.003373
0.002568 0.003752
0.002566 0.002923
0.002559 0.004481
0.002557 0.003875
0.002556 0.003206
0.002554 0.003006
0.002553 0.003516
0.002552 0.002655
0.002549 0.002904
0.002546 0.002919
0.002544 0.002808
0.002541 0.003077
0.002535 0.004510
0.002534 0.002887
0.002531 0.002813
0.002523 0.003584
0.002521 0.002946
0.002520 0.002556
0.002519 0.003087
0.002515 0.002520
0.002513 0.002868
0.002510 0.002624
0.002508 0.003685
0.002503 0.003295
0.002501 0.002590
0.002500 0.003040
0.002500 0.003041
0.002498 0.002654
0.002495 0.002663
0.002480 0.005347
0.002476 0.003230
0.002475 0.003914
0.002463 0.002502
0.002462 0.003527
0.002461 0.002737
0.002460 0.002600
0.002459 0.002926
0.002458 0.002959
0.002457 0.002867
0.002456 0.003037
0.002445 0.003227
0.002442 0.002501
0.002442 0.002603
0.002440 0.002831
0.002438 0.002646
0.002438 0.003645
0.002435 0.002593
0.002435 0.002865
0.002434 0.003831
0.002432 0.002854
0.002423 0.002933
0.002416 0.002604
0.002415 0.002554
0.002399 0.003591
0.002392 0.002466
0.002384 0.003068
0.002382 0.002785
0.002377 0.002379
0.002372 0.002869
0.002370 0.002724
0.002369 0.002964
0.002367 0.003474
0.002365 0.002431
0.002357 0.003673
0.002348 0.002375
0.002340 0.002475
0.002329 0.002833
0.002325 0.002444
0.002323 0.002921
0.002320 0.002802
0.002317 0.002326
0.002302 0.002335
0.002302 0.002514
0.002298 0.004418
0.002287 0.002928
0.002286 0.002475
0.002281 0.002286
0.002276 0.002577
0.002274 0.002687
0.002274 0.002607
0.002272 0.002738
0.002267 0.003687
0.002253 0.002464
0.002250 0.002363
0.002248 0.002334
0.002246 0.003210
0.002241 0.002387
0.002231 0.002762
0.002221 0.003357
0.002219 0.002599
0.002213 0.002229
0.002206 0.002447
0.002204 0.002825
0.002171 0.003136
0.002168 0.002224
0.002165 0.002170
0.002164 0.002310
0.002154 0.002725
0.002147 0.002258
0.002142 0.002550
0.002139 0.002681
0.002134 0.002240
0.002132 0.003721
0.002130 0.003293
0.002122 0.002288
0.002115 0.002126
0.002113 0.002254
0.002091 0.002119
0.002086 0.002164
0.002068 0.002353
0.002049 0.002715
0.002045 0.002892
0.002044 0.002159
0.002042 0.002404
0.002041 0.002371
0.002026 0.002264
0.002005 0.002086
0.001999 0.002159
0.001995 0.002395
0.001989 0.001995
0.001980 0.002188
0.001958 0.002250
0.001936 0.002896
0.001933 0.002201
0.001921 0.001955
0.001903 0.001991
0.001897 0.002269
0.001897 0.001946
0.001896 0.002353
0.001891 0.001975
0.001887 0.002165
0.001886 0.002435
0.001880 0.001888
0.001871 0.001881
0.001869 0.003014
0.001851 0.002726
0.001843 0.001933
0.001817 0.002531
0.001807 0.001996
0.001762 0.002037
0.001748 0.001769
0.001736 0.001829
0.001731 0.001851
0.001730 0.002194
0.001718 0.001781
0.001703 0.001878
0.001698 0.001978
0.001645 0.001758
0.001618 0.001910
0.001572 0.001643
0.001531 0.001609
0.001491 0.001984
0.001471 0.001571
0.001391 0.001408
0.001391 0.001647
0.001313 0.001472
0.001231 0.001591
0.001176 0.001295
