0.173326 0.187408
0.153078 0.170943
0.148084 0.192282
0.120669 0.129594
0.114540 0.118018
0.107785 0.143456
0.107192 0.112736
0.097759 0.101597
0.097641 0.114298
0.097245 0.110797
0.093196 0.095710
0.090143 0.091228
0.089778 0.093266
0.087796 0.099864
0.085073 0.119405
0.083869 0.097270
0.082486 0.092046
0.075290 0.082479
0.073853 0.085932
0.072141 0.076647
0.070464 0.090907
0.068528 0.085980
0.066928 0.153294
0.066923 0.095683
0.066559 0.074491
0.066184 0.077622
0.066149 0.098671
0.066031 0.068742
0.065950 0.074823
0.065155 0.065946
0.062128 0.071629
0.061587 0.062550
0.060707 0.099153
0.060459 0.063778
0.059732 0.064574
0.059131 0.059393
0.058943 0.060855
0.058932 0.064044
0.058682 0.058824
0.058618 0.060264
0.058174 0.073343
0.057360 0.063074
0.055774 0.064640
0.055511 0.082026
0.054057 0.094639
0.053976 0.063291
0.052792 0.081661
0.052270 0.070637
0.052247 0.066017
0.051896 0.068037
0.051108 0.057551
0.051019 0.091065
0.050640 0.060681
0.050267 0.050869
0.050257 0.054811
0.050141 0.061607
0.049929 0.059651
0.049012 0.063281
0.048832 0.049463
0.048643 0.057400
0.047887 0.057163
0.047776 0.049882
0.047314 0.054226
0.046490 0.074914
0.046319 0.047712
0.045548 0.078867
0.045170 0.084421
0.044971 0.050924
0.044680 0.060082
0.044515 0.064522
0.044306 0.047486
0.044242 0.056370
0.044204 0.052911
0.043643 0.072736
0.043344 0.047753
0.043085 0.044993
0.042923 0.062082
0.042704 0.051783
0.041897 0.093775
0.041622 0.050973
0.041483 0.043680
0.041473 0.041488
0.041218 0.041992
0.041045 0.044873
0.040989 0.054154
0.040876 0.049561
0.040536 0.059621
0.040414 0.040873
0.039920 0.041010
0.039789 0.075950
0.039238 0.039926
0.038912 0.050647
0.038676 0.039556
0.037989 0.040346
0.037632 0.041106
0.037347 0.038314
0.037337 0.052872
0.037327 0.037712
0.037214 0.039258
0.037198 0.038220
0.036170 0.062448
0.035305 0.036217
0.034950 0.040525
0.034838 0.035412
0.034815 0.047568
0.034766 0.044972
0.034719 0.039867
0.034612 0.042590
0.034503 0.060749
0.034085 0.034950
0.033993 0.056046
0.033959 0.036465
0.033167 0.044786
0.033035 0.036346
0.033004 0.033869
0.032914 0.050069
0.032858 0.036080
0.032515 0.064843
0.032474 0.035066
0.032305 0.043467
0.032300 0.036175
0.031982 0.039440
0.031960 0.037412
0.031693 0.032315
0.031489 0.032357
0.031424 0.080686
0.031423 0.037082
0.031184 0.032931
0.030871 0.031432
0.030803 0.037910
0.030535 0.037768
0.030350 0.034849
0.030267 0.035901
0.030254 0.032462
0.029865 0.031522
0.029549 0.033754
0.028819 0.067121
0.028741 0.029803
0.028472 0.044668
0.028450 0.039986
0.028434 0.040852
0.028422 0.029379
0.028274 0.028717
0.028220 0.032432
0.027680 0.030094
0.027331 0.027866
0.027324 0.046085
0.027209 0.027997
0.027186 0.043533
0.027120 0.033015
0.027080 0.029277
0.026975 0.034116
0.026895 0.030654
0.026883 0.042080
0.026755 0.029473
0.026700 0.030670
0.026689 0.027000
0.026615 0.049380
0.026582 0.027429
0.026363 0.028587
0.026269 0.030078
0.026263 0.033599
0.026110 0.028199
0.026044 0.026810
0.025976 0.034288
0.025849 0.029999
0.025727 0.026725
0.025358 0.034312
0.025141 0.026543
0.025013 0.025480
0.024901 0.028314
0.024866 0.024941
0.024788 0.025933
0.024617 0.029667
0.024565 0.026922
0.024533 0.031704
0.024477 0.033170
0.024415 0.024849
0.024400 0.029171
0.024234 0.025356
0.024076 0.026060
0.023986 0.047054
0.023924 0.032297
0.023912 0.024611
0.023838 0.024748
0.023729 0.030223
0.023616 0.024831
0.023592 0.024067
0.023302 0.031688
0.023087 0.024904
0.022951 0.024270
0.022899 0.024722
0.022838 0.030245
0.022820 0.032052
0.022815 0.031941
0.022803 0.024784
0.022736 0.026344
0.022721 0.023238
0.022684 0.029102
0.022662 0.025516
0.022661 0.026620
0.022611 0.057377
0.022587 0.037344
0.022581 0.022851
0.022519 0.024687
0.022498 0.023151
0.022478 0.028037
0.022393 0.025049
0.022200 0.024594
0.022162 0.027346
0.022134 0.034276
0.022108 0.027629
0.022063 0.028700
0.021793 0.022993
0.021778 0.025788
0.021760 0.028149
0.021622 0.021880
0.021605 0.025941
0.021595 0.022280
0.021466 0.021711
0.021342 0.026418
0.021323 0.027179
0.021224 0.029870
0.021222 0.027685
0.020981 0.025480
0.020927 0.022528
0.020922 0.022150
0.020845 0.025431
0.020815 0.022718
0.020757 0.027530
0.020671 0.023932
0.020581 0.030444
0.020547 0.022778
0.020545 0.021570
0.020544 0.029557
0.020543 0.038749
0.020443 0.021031
0.020413 0.032666
0.020322 0.028601
0.020218 0.022292
0.020209 0.022551
0.020166 0.021076
0.020096 0.020407
0.020076 0.024104
0.020027 0.023547
0.020019 0.020829
0.020015 0.020455
0.019908 0.029515
0.019879 0.028631
0.019772 0.022672
0.019613 0.019924
0.019519 0.019975
0.019239 0.020041
0.019234 0.021426
0.019206 0.019385
0.019187 0.023791
0.018993 0.032911
0.018921 0.031819
0.018823 0.025356
0.018710 0.051003
0.018621 0.020730
0.018605 0.025329
0.018600 0.019239
0.018563 0.025403
0.018561 0.020527
0.018457 0.019190
0.018390 0.026192
0.018384 0.018754
0.018342 0.019244
0.018285 0.023886
0.018182 0.024149
0.017972 0.027293
0.017931 0.019039
0.017927 0.028376
0.017862 0.027160
0.017845 0.018410
0.017782 0.018066
0.017611 0.019304
0.017577 0.020789
0.017557 0.024961
0.017494 0.032335
0.017274 0.019727
0.017237 0.021463
0.017185 0.019867
0.017092 0.018286
0.016991 0.029838
0.016977 0.018208
0.016969 0.018929
0.016910 0.020179
0.016899 0.031322
0.016866 0.018713
0.016848 0.020453
0.016815 0.017456
0.016814 0.017693
0.016755 0.017719
0.016753 0.017565
0.016667 0.025278
0.016578 0.016954
0.016480 0.024574
0.016467 0.017830
0.016306 0.016500
0.016304 0.016997
0.016253 0.017698
0.016134 0.016844
0.016116 0.016299
0.016060 0.017739
0.016050 0.018101
0.015874 0.030241
0.015836 0.016026
0.015759 0.018324
0.015648 0.022879
0.015593 0.018014
0.015588 0.018477
0.015510 0.016539
0.015406 0.016668
0.015326 0.023980
0.015323 0.017051
0.015316 0.017425
0.015297 0.021457
0.015260 0.015686
0.015165 0.016002
0.015146 0.028302
0.015094 0.016913
0.014988 0.017353
0.014894 0.019059
0.014860 0.017031
0.014849 0.016811
0.014844 0.015287
0.014822 0.014882
0.014821 0.015286
0.014810 0.016358
0.014802 0.016646
0.014650 0.021876
0.014625 0.021196
0.014618 0.020322
0.014608 0.017581
0.014603 0.024553
0.014497 0.018306
0.014483 0.014978
0.014389 0.017882
0.014349 0.015001
0.014328 0.016763
0.014306 0.022792
0.014302 0.015034
0.014248 0.014878
0.014160 0.018783
0.014118 0.014362
0.014036 0.015755
0.013887 0.020605
0.013813 0.014586
0.013784 0.016245
0.013734 0.016452
0.013733 0.014336
0.013708 0.015704
0.013589 0.015189
0.013556 0.013794
0.013535 0.015882
0.013249 0.016496
0.013208 0.015062
0.013096 0.014556
0.013064 0.014282
0.013059 0.013925
0.013057 0.023720
0.013053 0.027324
0.013052 0.014302
0.013033 0.015359
0.013027 0.018134
0.012906 0.016143
0.012898 0.017782
0.012750 0.015792
0.012677 0.016194
0.012577 0.012641
0.012570 0.016375
0.012550 0.012716
0.012479 0.017175
0.012445 0.017017
0.012435 0.014903
0.012424 0.014050
0.012405 0.018276
0.012401 0.014581
0.012392 0.016240
0.012384 0.012778
0.012342 0.012673
0.012215 0.012881
0.012155 0.018546
0.012142 0.019922
0.012137 0.012380
0.012136 0.013300
0.012132 0.013836
0.012092 0.012507
0.012088 0.019859
0.012066 0.013421
0.012011 0.014446
0.011953 0.013172
0.011893 0.015391
0.011870 0.012899
0.011852 0.015161
0.011826 0.014532
0.011810 0.017266
0.011800 0.012949
0.011800 0.013290
0.011782 0.012605
0.011750 0.021299
0.011575 0.012541
0.011547 0.012448
0.011513 0.013222
0.011424 0.012836
0.011406 0.019550
0.011353 0.011557
0.011332 0.017278
0.011329 0.012059
0.011318 0.014013
0.011308 0.021251
0.011289 0.012200
0.011249 0.013701
0.011219 0.011936
0.011160 0.013217
0.011145 0.015552
0.011050 0.012004
0.011026 0.011701
0.010981 0.013508
0.010882 0.010971
0.010879 0.011368
0.010878 0.015389
0.010868 0.021296
0.010848 0.011212
0.010846 0.011459
0.010806 0.011543
0.010773 0.010824
0.010745 0.012617
0.010715 0.013288
0.010712 0.011776
0.010706 0.012551
0.010654 0.010837
0.010635 0.012952
0.010600 0.013918
0.010588 0.010867
0.010587 0.013094
0.010571 0.011234
0.010565 0.011188
0.010552 0.016404
0.010530 0.010551
0.010501 0.011110
0.010487 0.012296
0.010484 0.017092
0.010466 0.016280
0.010442 0.011663
0.010441 0.014010
0.010440 0.010976
0.010439 0.013112
0.010390 0.010907
0.010332 0.023183
0.010332 0.010846
0.010321 0.012960
0.010272 0.010652
0.010113 0.011537
0.010082 0.012298
0.010073 0.012880
0.010065 0.017100
0.010043 0.010821
0.010038 0.021370
0.010037 0.010065
0.009920 0.010036
0.009860 0.010469
0.009844 0.010527
0.009799 0.011722
0.009784 0.010922
0.009758 0.015332
0.009657 0.009855
0.009617 0.014245
0.009533 0.013114
0.009489 0.009938
0.009481 0.010128
0.009479 0.010990
0.009476 0.009672
0.009464 0.022680
0.009438 0.009485
0.009418 0.010504
0.009401 0.013759
0.009370 0.014730
0.009366 0.014264
0.009352 0.010043
0.009335 0.009386
0.009311 0.009876
0.009275 0.014827
0.009266 0.009300
0.009248 0.010518
0.009231 0.009554
0.009221 0.011216
0.009207 0.009491
0.009181 0.009565
0.009171 0.011715
0.009139 0.009375
0.009139 0.010889
0.009132 0.012040
0.009117 0.012528
0.009010 0.010729
0.008998 0.010907
0.008953 0.014193
0.008923 0.011025
0.008897 0.012848
0.008888 0.010094
0.008886 0.008946
0.008876 0.010284
0.008846 0.008861
0.008831 0.009483
0.008823 0.009682
0.008819 0.016158
0.008808 0.009308
0.008803 0.009828
0.008793 0.009106
0.008792 0.011174
0.008767 0.014441
0.008742 0.009161
0.008735 0.011240
0.008679 0.008708
0.008676 0.011633
0.008653 0.009417
0.008640 0.011532
0.008638 0.008884
0.008634 0.009188
0.008612 0.011591
0.008606 0.013635
0.008605 0.009060
0.008580 0.008698
0.008563 0.008651
0.008530 0.008884
0.008525 0.009548
0.008508 0.011260
0.008442 0.011153
0.008395 0.015514
0.008385 0.010237
0.008375 0.009299
0.008366 0.012890
0.008341 0.009830
0.008328 0.009578
0.008319 0.011359
0.008314 0.008893
0.008306 0.008345
0.008301 0.009067
0.008301 0.015103
0.008290 0.014512
0.008275 0.008310
0.008257 0.008805
0.008239 0.009449
0.008236 0.011186
0.008228 0.009850
0.008205 0.011836
0.008199 0.013765
0.008191 0.009282
0.008172 0.008728
0.008169 0.010663
0.008160 0.009584
0.008151 0.008845
0.008149 0.010891
0.008146 0.010949
0.008136 0.011808
0.008124 0.009676
0.008110 0.008576
0.008105 0.009022
0.008096 0.009376
0.008095 0.008781
0.008069 0.008199
0.008052 0.011499
0.008033 0.008143
0.008021 0.008425
0.008000 0.008218
0.007983 0.008428
0.007948 0.009180
0.007904 0.008738
0.007898 0.008333
0.007884 0.014810
0.007855 0.008377
0.007840 0.008388
0.007822 0.011898
0.007818 0.013261
0.007818 0.007969
0.007789 0.008319
0.007788 0.013543
0.007785 0.012315
0.007767 0.017554
0.007711 0.008924
0.007704 0.007782
0.007699 0.009452
0.007694 0.012382
0.007664 0.007892
0.007662 0.008195
0.007636 0.009313
0.007635 0.014837
0.007613 0.007671
0.007605 0.008245
0.007603 0.007995
0.007574 0.008426
0.007570 0.007603
0.007561 0.012358
0.007554 0.009048
0.007544 0.011357
0.007543 0.008103
0.007538 0.009156
0.007535 0.011493
0.007535 0.009758
0.007534 0.008081
0.007523 0.008240
0.007506 0.008184
0.007495 0.010595
0.007491 0.010965
0.007465 0.011366
0.007465 0.007475
0.007457 0.012393
0.007441 0.008281
0.007437 0.008462
0.007428 0.007840
0.007387 0.007893
0.007368 0.007728
0.007357 0.007556
0.007352 0.007505
0.007322 0.008184
0.007320 0.008025
0.007318 0.007719
0.007299 0.008697
0.007297 0.008427
0.007292 0.009200
0.007256 0.011309
0.007242 0.010785
0.007230 0.007393
0.007226 0.007482
0.007209 0.010477
0.007207 0.007368
0.007197 0.007843
0.007182 0.008242
0.007173 0.008858
0.007164 0.007305
0.007142 0.007928
0.007135 0.009858
0.007133 0.008092
0.007108 0.014216
0.007085 0.007482
0.007078 0.007675
0.007069 0.010133
0.007039 0.007331
0.007027 0.007840
0.007011 0.007045
0.006994 0.010537
0.006986 0.007512
0.006977 0.007046
0.006951 0.007093
0.006920 0.012380
0.006911 0.006964
0.006908 0.007217
0.006890 0.007750
0.006888 0.007811
0.006880 0.007833
0.006877 0.010042
0.006860 0.015381
0.006859 0.011350
0.006854 0.008396
0.006813 0.007065
0.006803 0.011117
0.006800 0.006883
0.006791 0.008023
0.006786 0.007442
0.006784 0.007118
0.006777 0.008093
0.006772 0.010543
0.006759 0.011007
0.006726 0.007987
0.006720 0.008392
0.006713 0.006759
0.006709 0.006824
0.006669 0.007101
0.006660 0.009384
0.006659 0.006973
0.006647 0.010821
0.006647 0.006811
0.006637 0.007061
0.006628 0.007354
0.006617 0.007273
0.006616 0.007261
0.006615 0.007523
0.006611 0.007998
0.006610 0.008423
0.006587 0.007878
0.006576 0.007510
0.006571 0.006740
0.006569 0.010016
0.006559 0.007664
0.006550 0.008251
0.006550 0.006845
0.006550 0.007920
0.006543 0.011080
0.006543 0.006883
0.006538 0.007461
0.006528 0.006674
0.006521 0.006626
0.006519 0.008373
0.006515 0.008343
0.006505 0.007800
0.006503 0.010815
0.006495 0.006985
0.006491 0.007658
0.006481 0.008043
0.006464 0.009861
0.006454 0.006460
0.006451 0.010091
0.006442 0.008426
0.006441 0.007436
0.006436 0.006833
0.006414 0.008427
0.006396 0.007551
0.006390 0.008797
0.006383 0.009194
0.006382 0.006408
0.006368 0.006949
0.006347 0.008436
0.006323 0.007520
0.006323 0.006799
0.006316 0.006380
0.006308 0.006536
0.006300 0.007199
0.006295 0.006365
0.006289 0.006480
0.006287 0.006401
0.006277 0.009852
0.006274 0.009243
0.006258 0.006367
0.006252 0.007242
0.006224 0.008302
0.006223 0.006854
0.006221 0.006251
0.006218 0.012041
0.006184 0.007194
0.006180 0.011441
0.006171 0.006328
0.006167 0.009654
0.006167 0.009417
0.006164 0.007451
0.006152 0.006371
0.006142 0.007319
0.006139 0.006284
0.006137 0.006669
0.006123 0.007636
0.006117 0.010835
0.006117 0.007150
0.006112 0.006257
0.006102 0.006722
0.006099 0.009656
0.006096 0.006957
0.006095 0.007124
0.006093 0.009237
0.006092 0.006783
0.006088 0.008840
0.006082 0.009087
0.006075 0.006875
0.006070 0.006817
0.006051 0.006683
0.006030 0.007664
0.006029 0.006783
0.006020 0.006960
0.006013 0.006169
0.006008 0.006199
0.006007 0.008417
0.005998 0.007914
0.005993 0.006396
0.005967 0.008603
0.005964 0.007931
0.005961 0.010145
0.005940 0.006161
0.005931 0.006532
0.005927 0.006133
0.005912 0.006184
0.005908 0.006214
0.005904 0.008065
0.005887 0.010906
0.005875 0.008072
0.005863 0.009888
0.005863 0.006396
0.005853 0.006713
0.005851 0.006994
0.005851 0.006076
0.005851 0.006264
0.005851 0.007216
0.005834 0.008200
0.005825 0.006083
0.005825 0.005843
0.005817 0.007483
0.005811 0.006615
0.005807 0.007914
0.005806 0.007694
0.005803 0.006041
0.005801 0.006093
0.005786 0.008800
0.005782 0.008291
0.005776 0.011211
0.005771 0.007196
0.005764 0.006840
0.005759 0.008242
0.005755 0.005817
0.005749 0.008378
0.005744 0.009128
0.005742 0.005956
0.005740 0.006100
0.005739 0.006505
0.005731 0.007553
0.005727 0.005773
0.005700 0.006140
0.005694 0.006320
0.005677 0.005980
0.005672 0.007686
0.005665 0.005730
0.005659 0.006525
0.005658 0.006009
0.005654 0.006013
0.005650 0.006141
0.005643 0.005912
0.005641 0.007540
0.005606 0.005987
0.005604 0.007922
0.005601 0.006533
0.005594 0.006132
0.005594 0.005788
0.005582 0.005957
0.005544 0.006960
0.005519 0.005824
0.005510 0.009667
0.005509 0.006645
0.005505 0.006601
0.005503 0.008519
0.005499 0.005564
0.005495 0.009137
0.005494 0.005737
0.005490 0.008664
0.005488 0.006141
0.005485 0.005712
0.005480 0.006636
0.005471 0.005558
0.005470 0.006242
0.005462 0.005632
0.005457 0.005567
0.005453 0.005607
0.005447 0.007813
0.005442 0.007319
0.005442 0.008824
0.005438 0.006291
0.005432 0.006529
0.005428 0.005953
0.005408 0.006488
0.005407 0.006781
0.005405 0.005580
0.005392 0.006618
0.005382 0.008395
0.005358 0.005803
0.005355 0.009897
0.005354 0.007656
0.005353 0.007455
0.005352 0.006692
0.005333 0.009455
0.005318 0.005686
0.005314 0.005945
0.005310 0.008498
0.005309 0.005752
0.005308 0.007237
0.005301 0.005433
0.005299 0.005352
0.005285 0.005878
0.005264 0.006038
0.005251 0.005456
0.005245 0.005640
0.005242 0.007455
0.005213 0.005427
0.005203 0.007723
0.005196 0.006196
0.005195 0.006269
0.005189 0.006506
0.005176 0.006331
0.005173 0.005604
0.005163 0.005295
0.005153 0.006274
0.005152 0.006450
0.005142 0.006170
0.005138 0.005985
0.005138 0.009775
0.005123 0.005947
0.005116 0.005973
0.005113 0.007484
0.005111 0.006714
0.005097 0.007628
0.005088 0.009151
0.005083 0.006334
0.005076 0.006262
0.005066 0.009012
0.005064 0.005397
0.005062 0.005836
0.005046 0.008757
0.005039 0.005938
0.005034 0.009243
0.005029 0.005641
0.005027 0.007126
0.005026 0.005264
0.005018 0.006905
0.005016 0.005165
0.005005 0.006767
0.004997 0.005300
0.004997 0.006205
0.004997 0.006472
0.004992 0.010013
0.004988 0.008315
0.004979 0.005187
0.004978 0.006733
0.004978 0.006712
0.004974 0.005442
0.004973 0.005192
0.004973 0.006164
0.004971 0.005050
0.004970 0.009363
0.004969 0.006098
0.004968 0.007070
0.004965 0.005187
0.004965 0.005316
0.004952 0.005809
0.004948 0.011459
0.004945 0.006965
0.004933 0.005538
0.004924 0.006134
0.004922 0.006592
0.004916 0.004993
0.004916 0.005550
0.004915 0.005040
0.004915 0.005174
0.004913 0.005225
0.004909 0.005736
0.004906 0.005018
0.004905 0.006242
0.004903 0.009118
0.004903 0.005969
0.004899 0.005850
0.004897 0.004906
0.004884 0.007285
0.004884 0.005371
0.004883 0.004917
0.004867 0.006288
0.004861 0.006658
0.004854 0.006132
0.004854 0.005302
0.004851 0.005171
0.004844 0.006076
0.004843 0.004856
0.004839 0.007069
0.004835 0.004898
0.004834 0.008957
0.004834 0.006309
0.004831 0.007159
0.004829 0.006529
0.004828 0.004916
0.004824 0.006050
0.004819 0.005936
0.004816 0.007386
0.004813 0.005989
0.004803 0.006638
0.004802 0.008595
0.004799 0.005348
0.004790 0.006487
0.004783 0.006359
0.004778 0.006327
0.004777 0.007111
0.004775 0.005557
0.004768 0.004875
0.004757 0.004773
0.004749 0.006234
0.004741 0.005122
0.004736 0.005015
0.004729 0.005353
0.004725 0.004946
0.004720 0.004746
0.004714 0.005150
0.004714 0.005770
0.004712 0.005533
0.004709 0.006286
0.004705 0.007307
0.004697 0.005929
0.004695 0.004906
0.004695 0.006052
0.004694 0.005883
0.004693 0.005054
0.004690 0.007830
0.004688 0.005184
0.004688 0.004925
0.004687 0.005080
0.004679 0.004715
0.004673 0.005843
0.004672 0.005320
0.004661 0.006791
0.004660 0.004997
0.004660 0.005293
0.004654 0.005324
0.004651 0.004936
0.004635 0.005616
0.004632 0.004885
0.004631 0.004847
0.004631 0.005674
0.004630 0.004880
0.004623 0.006425
0.004618 0.005042
0.004613 0.005309
0.004608 0.005217
0.004600 0.007056
0.004598 0.005590
0.004595 0.005758
0.004586 0.005138
0.004580 0.009719
0.004576 0.005038
0.004572 0.005368
0.004565 0.004844
0.004564 0.004735
0.004550 0.005034
0.004550 0.004974
0.004541 0.006163
0.004538 0.008244
0.004529 0.004696
0.004528 0.006050
0.004524 0.004894
0.004520 0.004733
0.004513 0.004962
0.004510 0.005358
0.004506 0.004996
0.004505 0.004661
0.004503 0.004584
0.004501 0.004643
0.004494 0.004617
0.004490 0.004734
0.004488 0.006364
0.004487 0.004614
0.004486 0.004639
0.004486 0.004893
0.004483 0.004507
0.004483 0.005386
0.004479 0.007843
0.004476 0.007518
0.004469 0.006839
0.004468 0.004671
0.004464 0.004610
0.004461 0.005735
0.004460 0.007021
0.004458 0.008908
0.004452 0.005139
0.004443 0.004881
0.004440 0.005682
0.004437 0.005478
0.004432 0.005420
0.004429 0.004965
0.004428 0.005225
0.004421 0.004892
0.004415 0.005204
0.004414 0.004957
0.004410 0.004942
0.004406 0.005636
0.004401 0.004445
0.004401 0.004533
0.004399 0.004918
0.004393 0.004460
0.004392 0.005780
0.004385 0.004496
0.004383 0.004487
0.004383 0.006594
0.004375 0.004814
0.004370 0.004749
0.004369 0.004627
0.004367 0.004479
0.004363 0.006132
0.004363 0.007237
0.004360 0.005969
0.004360 0.004849
0.004358 0.005221
0.004358 0.004469
0.004356 0.004726
0.004353 0.004795
0.004351 0.004838
0.004348 0.006526
0.004345 0.005310
0.004344 0.006820
0.004343 0.005819
0.004339 0.004725
0.004335 0.006765
0.004332 0.005414
0.004331 0.004922
0.004330 0.004554
0.004328 0.004563
0.004322 0.007764
0.004321 0.005074
0.004314 0.005113
0.004305 0.004365
0.004302 0.004375
0.004300 0.005680
0.004298 0.004395
0.004298 0.005909
0.004295 0.005472
0.004295 0.005916
0.004293 0.005355
0.004292 0.005008
0.004290 0.005852
0.004290 0.004623
0.004286 0.005012
0.004281 0.004290
0.004279 0.004306
0.004278 0.004835
0.004277 0.004527
0.004277 0.006248
0.004274 0.004500
0.004257 0.004393
0.004257 0.004586
0.004255 0.004672
0.004252 0.006735
0.004252 0.004903
0.004251 0.004705
0.004249 0.004319
0.004245 0.007126
0.004245 0.004270
0.004244 0.005095
0.004240 0.005666
0.004239 0.004387
0.004235 0.005504
0.004234 0.005206
0.004232 0.006679
0.004229 0.008098
0.004224 0.007307
0.004223 0.004584
0.004222 0.007277
0.004219 0.004942
0.004216 0.006956
0.004209 0.004489
0.004208 0.004215
0.004203 0.004839
0.004202 0.004251
0.004197 0.007399
0.004197 0.005334
0.004195 0.005123
0.004195 0.004727
0.004194 0.008338
0.004193 0.004590
0.004189 0.004884
0.004189 0.004997
0.004189 0.004278
0.004188 0.005615
0.004187 0.004399
0.004187 0.005400
0.004185 0.004625
0.004179 0.004235
0.004174 0.004277
0.004173 0.005263
0.004173 0.004832
0.004169 0.004350
0.004166 0.004635
0.004165 0.005950
0.004158 0.004699
0.004153 0.004355
0.004152 0.006697
0.004152 0.004168
0.004149 0.005086
0.004148 0.005760
0.004143 0.004239
0.004143 0.005179
0.004142 0.005119
0.004140 0.006194
0.004135 0.004242
0.004134 0.004642
0.004131 0.004963
0.004127 0.006784
0.004126 0.004538
0.004121 0.006050
0.004121 0.004632
0.004119 0.004536
0.004119 0.004602
0.004118 0.006726
0.004118 0.004535
0.004118 0.004265
0.004114 0.005541
0.004111 0.004692
0.004110 0.004419
0.004102 0.004437
0.004100 0.004298
0.004099 0.004305
0.004099 0.004637
0.004096 0.004763
0.004095 0.006393
0.004093 0.004168
0.004089 0.004234
0.004088 0.005516
0.004088 0.004300
0.004084 0.004768
0.004079 0.004199
0.004074 0.007211
0.004074 0.004385
0.004062 0.004062
0.004062 0.004341
0.004061 0.004581
0.004060 0.005863
0.004055 0.005978
0.004050 0.004995
0.004049 0.004505
0.004048 0.004294
0.004047 0.006327
0.004044 0.005168
0.004042 0.005028
0.004042 0.005295
0.004037 0.004201
0.004037 0.004467
0.004034 0.005924
0.004033 0.004727
0.004033 0.004687
0.004030 0.005982
0.004028 0.004181
0.004027 0.004410
0.004023 0.004317
0.004023 0.004880
0.004021 0.005311
0.004018 0.004048
0.004016 0.004157
0.004014 0.004352
0.004013 0.005459
0.004013 0.004186
0.004010 0.005231
0.004010 0.004168
0.004007 0.005414
0.003996 0.006017
0.003996 0.006801
0.003995 0.005065
0.003993 0.004588
0.003992 0.005925
0.003992 0.004635
0.003989 0.004453
0.003986 0.004090
0.003985 0.004714
0.003983 0.004137
0.003978 0.006307
0.003968 0.007363
0.003968 0.004432
0.003964 0.004641
0.003949 0.006434
0.003947 0.004852
0.003947 0.005458
0.003945 0.004120
0.003944 0.005720
0.003943 0.004016
0.003940 0.004484
0.003938 0.004220
0.003936 0.009196
0.003936 0.005661
0.003929 0.005310
0.003926 0.004271
0.003922 0.003979
0.003920 0.004270
0.003918 0.004026
0.003918 0.004421
0.003917 0.005936
0.003917 0.004752
0.003914 0.005573
0.003913 0.005481
0.003903 0.005145
0.003903 0.004388
0.003902 0.006213
0.003899 0.004376
0.003880 0.004245
0.003878 0.007354
0.003877 0.004374
0.003872 0.004148
0.003872 0.003923
0.003871 0.004204
0.003870 0.006508
0.003870 0.006877
0.003863 0.006910
0.003861 0.005070
0.003859 0.003933
0.003856 0.004686
0.003854 0.005607
0.003850 0.005209
0.003849 0.004262
0.003842 0.005517
0.003841 0.005144
0.003841 0.006557
0.003838 0.005530
0.003837 0.004708
0.003836 0.005044
0.003835 0.008219
0.003834 0.005710
0.003834 0.005237
0.003833 0.003944
0.003832 0.004016
0.003831 0.004632
0.003826 0.005299
0.003823 0.004569
0.003823 0.004362
0.003823 0.003847
0.003821 0.006183
0.003815 0.004373
0.003813 0.004623
0.003810 0.003950
0.003808 0.003976
0.003808 0.005732
0.003806 0.003975
0.003806 0.004444
0.003805 0.003880
0.003805 0.004606
0.003805 0.003865
0.003802 0.004083
0.003799 0.004011
0.003796 0.005290
0.003795 0.004479
0.003794 0.005609
0.003793 0.004380
0.003791 0.005215
0.003788 0.008212
0.003786 0.004530
0.003784 0.005692
0.003782 0.007788
0.003781 0.003826
0.003779 0.005463
0.003777 0.005250
0.003774 0.004001
0.003774 0.005066
0.003765 0.006561
0.003765 0.003956
0.003763 0.004840
0.003763 0.004122
0.003762 0.005130
0.003762 0.003808
0.003761 0.007368
0.003757 0.004310
0.003757 0.004228
0.003754 0.005266
0.003751 0.003904
0.003749 0.004632
0.003749 0.004083
0.003747 0.005615
0.003746 0.003848
0.003740 0.004398
0.003735 0.006568
0.003732 0.003743
0.003731 0.003790
0.003727 0.004577
0.003722 0.004278
0.003722 0.003731
0.003719 0.005067
0.003718 0.004181
0.003717 0.004851
0.003712 0.004511
0.003711 0.004283
0.003706 0.004010
0.003700 0.004256
0.003699 0.003973
0.003697 0.004801
0.003690 0.004400
0.003689 0.004313
0.003687 0.008863
0.003686 0.006073
0.003682 0.004333
0.003679 0.004469
0.003678 0.004022
0.003677 0.004112
0.003677 0.004050
0.003675 0.004358
0.003675 0.003840
0.003671 0.004081
0.003671 0.006127
0.003670 0.003699
0.003665 0.005385
0.003665 0.004545
0.003665 0.003771
0.003664 0.003886
0.003663 0.004836
0.003663 0.004210
0.003662 0.003762
0.003660 0.004470
0.003660 0.004247
0.003658 0.003709
0.003658 0.003812
0.003658 0.003930
0.003657 0.005249
0.003651 0.004346
0.003646 0.003761
0.003646 0.003737
0.003646 0.003797
0.003645 0.003830
0.003643 0.003766
0.003639 0.003723
0.003639 0.003972
0.003638 0.004054
0.003638 0.006272
0.003637 0.004394
0.003636 0.004287
0.003635 0.003720
0.003634 0.004110
0.003632 0.003927
0.003632 0.005991
0.003629 0.004786
0.003626 0.004511
0.003625 0.003894
0.003623 0.003715
0.003617 0.004317
0.003617 0.003893
0.003613 0.004439
0.003611 0.003893
0.003611 0.003639
0.003609 0.003747
0.003608 0.003785
0.003608 0.006175
0.003607 0.003767
0.003607 0.003872
0.003605 0.008178
0.003601 0.004884
0.003593 0.006675
0.003591 0.005025
0.003590 0.005874
0.003589 0.004471
0.003588 0.005381
0.003587 0.004648
0.003587 0.004050
0.003587 0.003834
0.003585 0.004374
0.003576 0.004127
0.003575 0.003593
0.003572 0.003773
0.003572 0.003795
0.003569 0.004335
0.003568 0.005782
0.003561 0.004457
0.003561 0.004514
0.003561 0.003586
0.003559 0.003709
0.003551 0.005155
0.003550 0.003893
0.003550 0.003759
0.003550 0.005199
0.003546 0.003581
0.003545 0.004130
0.003544 0.003639
0.003537 0.004252
0.003535 0.003848
0.003532 0.005018
0.003531 0.003889
0.003531 0.004281
0.003531 0.003844
0.003527 0.005692
0.003521 0.003963
0.003521 0.004111
0.003518 0.004410
0.003514 0.005097
0.003513 0.004672
0.003510 0.003529
0.003509 0.003728
0.003508 0.003881
0.003506 0.006533
0.003504 0.006049
0.003492 0.006432
0.003492 0.004478
0.003491 0.004103
0.003487 0.005424
0.003485 0.003818
0.003485 0.004990
0.003485 0.004706
0.003482 0.004032
0.003480 0.003621
0.003480 0.003756
0.003479 0.003778
0.003473 0.003891
0.003469 0.005809
0.003468 0.003741
0.003466 0.004407
0.003466 0.003600
0.003466 0.004085
0.003465 0.003606
0.003464 0.003535
0.003463 0.005004
0.003463 0.004767
0.003463 0.003766
0.003462 0.005590
0.003462 0.003778
0.003460 0.005285
0.003459 0.004761
0.003455 0.005107
0.003452 0.006166
0.003452 0.003572
0.003451 0.005436
0.003447 0.003558
0.003446 0.005389
0.003442 0.003707
0.003441 0.005590
0.003440 0.003802
0.003438 0.005285
0.003435 0.003515
0.003435 0.003796
0.003433 0.004283
0.003432 0.005797
0.003429 0.004795
0.003428 0.003452
0.003423 0.006990
0.003423 0.003444
0.003419 0.003422
0.003419 0.003536
0.003418 0.003578
0.003418 0.003657
0.003417 0.004967
0.003416 0.005120
0.003416 0.004559
0.003413 0.003465
0.003404 0.003691
0.003403 0.004349
0.003400 0.004284
0.003398 0.004590
0.003398 0.004084
0.003397 0.004298
0.003395 0.003816
0.003391 0.004168
0.003391 0.004740
0.003390 0.004255
0.003388 0.006539
0.003386 0.003541
0.003384 0.005340
0.003383 0.004903
0.003383 0.003947
0.003382 0.004643
0.003380 0.006780
0.003378 0.004469
0.003376 0.004951
0.003376 0.003736
0.003374 0.003993
0.003374 0.004540
0.003374 0.004251
0.003373 0.004859
0.003372 0.003604
0.003370 0.003414
0.003367 0.004834
0.003365 0.005584
0.003364 0.004460
0.003363 0.003770
0.003362 0.003459
0.003359 0.005421
0.003358 0.003966
0.003355 0.004428
0.003348 0.003551
0.003346 0.004222
0.003345 0.003921
0.003345 0.003965
0.003344 0.003964
0.003339 0.004814
0.003337 0.005619
0.003336 0.003426
0.003335 0.004024
0.003335 0.003954
0.003334 0.004530
0.003334 0.005323
0.003334 0.004153
0.003333 0.004909
0.003332 0.004399
0.003332 0.003615
0.003332 0.003405
0.003330 0.005725
0.003329 0.005948
0.003327 0.005712
0.003325 0.005577
0.003325 0.003801
0.003325 0.004427
0.003318 0.004091
0.003315 0.004702
0.003314 0.004004
0.003312 0.004275
0.003310 0.003833
0.003304 0.005868
0.003303 0.005711
0.003301 0.004141
0.003301 0.006143
0.003299 0.005603
0.003298 0.007795
0.003298 0.004886
0.003297 0.003457
0.003296 0.003521
0.003295 0.004042
0.003294 0.003818
0.003292 0.003420
0.003291 0.004355
0.003288 0.004006
0.003288 0.006444
0.003285 0.006507
0.003284 0.003304
0.003282 0.003674
0.003281 0.003403
0.003280 0.003792
0.003276 0.004301
0.003275 0.003917
0.003271 0.003942
0.003267 0.004722
0.003264 0.003282
0.003261 0.005193
0.003261 0.003351
0.003257 0.003339
0.003257 0.003444
0.003255 0.003491
0.003253 0.003366
0.003252 0.003629
0.003249 0.004324
0.003247 0.007861
0.003247 0.004411
0.003246 0.003332
0.003243 0.005980
0.003241 0.003386
0.003239 0.003371
0.003237 0.005033
0.003236 0.003969
0.003235 0.004277
0.003234 0.003348
0.003234 0.003537
0.003233 0.003383
0.003233 0.003969
0.003233 0.004325
0.003232 0.003807
0.003231 0.003462
0.003231 0.003643
0.003230 0.004054
0.003227 0.004942
0.003226 0.005001
0.003226 0.003468
0.003222 0.003324
0.003220 0.003367
0.003219 0.003673
0.003215 0.003441
0.003213 0.004044
0.003212 0.003797
0.003211 0.004654
0.003210 0.004735
0.003207 0.004044
0.003207 0.004780
0.003206 0.003295
0.003205 0.003496
0.003205 0.004193
0.003201 0.004186
0.003200 0.004132
0.003198 0.005222
0.003198 0.003599
0.003196 0.005230
0.003194 0.003953
0.003192 0.003858
0.003188 0.003826
0.003187 0.004307
0.003183 0.004164
0.003183 0.003340
0.003182 0.006945
0.003180 0.003778
0.003180 0.003479
0.003179 0.003941
0.003179 0.003295
0.003177 0.003460
0.003176 0.006766
0.003176 0.003837
0.003175 0.003556
0.003175 0.003235
0.003174 0.003833
0.003174 0.003544
0.003174 0.004596
0.003174 0.004503
0.003173 0.003416
0.003173 0.003386
0.003169 0.003744
0.003169 0.003424
0.003168 0.004184
0.003167 0.003277
0.003165 0.004109
0.003165 0.003527
0.003164 0.004057
0.003164 0.003296
0.003163 0.003541
0.003162 0.003752
0.003161 0.003182
0.003161 0.004648
0.003154 0.006580
0.003154 0.003513
0.003154 0.005956
0.003151 0.003609
0.003151 0.004112
0.003144 0.004696
0.003144 0.003328
0.003142 0.004618
0.003142 0.003365
0.003141 0.005326
0.003140 0.004783
0.003138 0.004079
0.003136 0.003762
0.003136 0.003139
0.003135 0.003312
0.003135 0.003343
0.003133 0.004444
0.003133 0.004661
0.003132 0.004660
0.003132 0.003891
0.003131 0.003206
0.003130 0.003413
0.003129 0.003401
0.003125 0.005704
0.003123 0.004408
0.003120 0.003202
0.003119 0.003984
0.003117 0.003275
0.003117 0.003363
0.003112 0.005514
0.003110 0.006728
0.003109 0.003536
0.003108 0.003351
0.003103 0.003593
0.003101 0.003995
0.003100 0.003875
0.003100 0.004817
0.003098 0.003361
0.003098 0.006935
0.003097 0.004988
0.003096 0.003306
0.003091 0.004928
0.003089 0.003253
0.003088 0.005104
0.003088 0.003190
0.003087 0.003662
0.003085 0.003151
0.003085 0.003996
0.003085 0.004036
0.003083 0.004433
0.003082 0.003863
0.003079 0.003154
0.003078 0.004061
0.003078 0.004215
0.003078 0.003122
0.003073 0.003691
0.003072 0.003299
0.003067 0.003497
0.003065 0.004397
0.003063 0.005207
0.003058 0.003411
0.003057 0.005323
0.003055 0.003608
0.003054 0.003639
0.003053 0.004093
0.003052 0.004764
0.003052 0.004404
0.003049 0.004514
0.003049 0.004490
0.003049 0.005377
0.003047 0.003983
0.003046 0.003085
0.003045 0.003179
0.003041 0.003131
0.003040 0.005661
0.003039 0.003613
0.003035 0.005608
0.003033 0.003423
0.003032 0.004233
0.003032 0.003577
0.003031 0.003365
0.003030 0.004471
0.003029 0.003126
0.003027 0.003308
0.003025 0.007830
0.003022 0.003432
0.003022 0.003623
0.003022 0.003415
0.003019 0.003127
0.003019 0.004036
0.003019 0.003228
0.003017 0.003658
0.003015 0.003139
0.003014 0.004017
0.003014 0.003226
0.003014 0.004182
0.003014 0.004516
0.003013 0.006440
0.003013 0.003050
0.003012 0.003295
0.003012 0.003520
0.003005 0.003317
0.003005 0.003771
0.003002 0.003263
0.002994 0.003796
0.002992 0.003161
0.002990 0.003796
0.002988 0.004631
0.002986 0.003486
0.002981 0.003767
0.002980 0.004664
0.002979 0.004231
0.002978 0.003315
0.002978 0.003089
0.002976 0.003432
0.002976 0.003017
0.002974 0.003580
0.002972 0.003409
0.002971 0.004559
0.002969 0.003394
0.002967 0.003430
0.002965 0.003510
0.002963 0.006926
0.002960 0.004182
0.002960 0.005891
0.002955 0.002965
0.002954 0.003129
0.002952 0.004862
0.002950 0.003012
0.002950 0.003057
0.002949 0.003400
0.002947 0.003344
0.002945 0.003132
0.002944 0.004917
0.002941 0.005156
0.002941 0.003590
0.002939 0.003339
0.002939 0.003886
0.002938 0.003679
0.002938 0.003465
0.002931 0.003008
0.002929 0.003204
0.002928 0.006010
0.002920 0.003524
0.002918 0.005278
0.002915 0.003204
0.002914 0.003184
0.002913 0.004808
0.002913 0.003631
0.002911 0.005943
0.002910 0.004692
0.002909 0.003527
0.002908 0.004998
0.002905 0.003368
0.002902 0.004077
0.002900 0.003753
0.002898 0.005652
0.002897 0.003452
0.002897 0.004934
0.002897 0.002975
0.002895 0.004332
0.002894 0.003146
0.002890 0.006772
0.002885 0.006923
0.002883 0.003627
0.002883 0.003917
0.002881 0.003236
0.002880 0.003092
0.002878 0.003012
0.002875 0.004682
0.002874 0.004950
0.002874 0.003403
0.002874 0.003124
0.002871 0.002873
0.002871 0.003492
0.002868 0.003885
0.002865 0.003195
0.002865 0.003714
0.002864 0.003708
0.002864 0.003277
0.002861 0.003007
0.002858 0.004669
0.002857 0.004356
0.002857 0.002910
0.002857 0.005395
0.002856 0.003337
0.002855 0.003127
0.002854 0.005108
0.002853 0.002931
0.002852 0.003239
0.002852 0.003199
0.002851 0.005065
0.002850 0.003720
0.002849 0.002873
0.002848 0.004798
0.002846 0.002869
0.002844 0.005931
0.002844 0.003014
0.002844 0.002907
0.002843 0.002966
0.002841 0.003398
0.002841 0.002945
0.002839 0.003394
0.002838 0.003385
0.002835 0.003945
0.002835 0.002925
0.002834 0.004283
0.002833 0.006248
0.002833 0.005448
0.002833 0.003444
0.002833 0.003174
0.002831 0.005839
0.002830 0.004631
0.002830 0.005710
0.002829 0.002952
0.002828 0.005283
0.002827 0.004449
0.002825 0.004406
0.002824 0.003547
0.002820 0.002933
0.002820 0.003217
0.002820 0.004983
0.002818 0.003906
0.002816 0.004606
0.002809 0.003120
0.002801 0.003951
0.002801 0.005079
0.002799 0.004769
0.002797 0.003343
0.002796 0.004284
0.002795 0.003077
0.002794 0.003020
0.002793 0.002801
0.002792 0.003874
0.002790 0.005207
0.002787 0.003386
0.002784 0.002832
0.002782 0.005945
0.002781 0.003353
0.002776 0.004133
0.002776 0.002969
0.002775 0.003487
0.002774 0.003020
0.002773 0.004292
0.002770 0.002951
0.002764 0.002998
0.002763 0.002953
0.002763 0.005306
0.002754 0.004255
0.002751 0.002773
0.002750 0.003059
0.002749 0.002795
0.002748 0.003022
0.002748 0.002881
0.002747 0.003178
0.002746 0.003920
0.002745 0.003683
0.002742 0.003955
0.002741 0.002989
0.002739 0.005602
0.002739 0.004096
0.002738 0.003735
0.002737 0.003625
0.002735 0.002976
0.002732 0.002821
0.002732 0.003126
0.002732 0.007177
0.002730 0.005947
0.002727 0.002738
0.002723 0.003221
0.002720 0.004012
0.002720 0.005239
0.002719 0.004640
0.002717 0.003658
0.002717 0.004775
0.002716 0.003529
0.002713 0.002900
0.002711 0.003511
0.002710 0.004089
0.002705 0.004043
0.002704 0.003251
0.002702 0.005285
0.002702 0.002906
0.002701 0.003510
0.002699 0.003202
0.002694 0.003847
0.002693 0.002982
0.002693 0.004349
0.002692 0.003413
0.002689 0.003649
0.002689 0.003170
0.002687 0.004146
0.002679 0.002811
0.002674 0.002893
0.002674 0.002757
0.002674 0.003063
0.002671 0.003398
0.002670 0.003493
0.002668 0.002780
0.002668 0.005626
0.002668 0.003088
0.002667 0.002942
0.002658 0.003180
0.002656 0.003074
0.002655 0.003638
0.002654 0.003404
0.002654 0.002680
0.002651 0.003685
0.002651 0.003934
0.002648 0.003439
0.002645 0.002929
0.002644 0.003933
0.002644 0.003323
0.002643 0.003598
0.002643 0.003944
0.002642 0.002650
0.002641 0.004425
0.002639 0.002683
0.002638 0.002880
0.002637 0.003466
0.002636 0.003309
0.002634 0.003049
0.002634 0.003722
0.002633 0.002686
0.002632 0.003707
0.002630 0.002655
0.002628 0.005122
0.002627 0.002748
0.002625 0.003003
0.002623 0.002758
0.002619 0.003096
0.002618 0.002676
0.002617 0.002875
0.002614 0.002653
0.002609 0.003774
0.002608 0.004514
0.002607 0.002834
0.002606 0.004975
0.002605 0.003750
0.002604 0.003895
0.002603 0.002644
0.002601 0.004646
0.002599 0.002869
0.002595 0.002599
0.002592 0.002809
0.002588 0.004411
0.002587 0.002652
0.002585 0.003055
0.002584 0.003996
0.002584 0.002659
0.002579 0.002782
0.002579 0.003765
0.002578 0.004159
0.002576 0.003218
0.002575 0.003514
0.002575 0.003630
0.002574 0.003192
0.002574 0.006191
0.002571 0.002999
0.002565 0.004675
0.002564 0.002815
0.002562 0.004222
0.002557 0.002749
0.002557 0.002920
0.002551 0.002608
0.002551 0.002734
0.002550 0.002740
0.002548 0.003535
0.002548 0.002996
0.002548 0.003706
0.002548 0.003353
0.002547 0.002953
0.002545 0.002746
0.002540 0.002545
0.002538 0.002875
0.002535 0.004740
0.002535 0.004213
0.002532 0.002989
0.002531 0.004555
0.002529 0.002889
0.002529 0.003928
0.002529 0.002869
0.002524 0.002608
0.002519 0.002577
0.002519 0.003267
0.002517 0.002788
0.002514 0.003381
0.002514 0.003022
0.002512 0.002913
0.002510 0.002666
0.002510 0.002928
0.002509 0.003354
0.002503 0.002708
0.002501 0.002768
0.002499 0.002511
0.002498 0.002616
0.002496 0.003568
0.002491 0.004103
0.002490 0.003829
0.002484 0.003526
0.002483 0.002700
0.002483 0.005579
0.002483 0.003358
0.002479 0.003459
0.002477 0.002793
0.002474 0.003366
0.002474 0.004169
0.002470 0.002831
0.002468 0.003696
0.002467 0.002583
0.002463 0.003083
0.002462 0.002848
0.002462 0.002592
0.002462 0.002677
0.002462 0.002488
0.002461 0.002832
0.002461 0.003832
0.002460 0.003512
0.002459 0.002471
0.002458 0.002762
0.002457 0.003038
0.002454 0.002873
0.002454 0.003562
0.002453 0.002574
0.002451 0.003935
0.002449 0.003654
0.002449 0.002746
0.002449 0.002467
0.002447 0.002809
0.002447 0.002661
0.002441 0.003330
0.002440 0.002883
0.002440 0.002521
0.002438 0.003494
0.002438 0.002457
0.002435 0.003017
0.002434 0.003725
0.002432 0.002794
0.002431 0.003042
0.002429 0.003245
0.002423 0.002527
0.002421 0.002530
0.002421 0.004302
0.002420 0.003564
0.002418 0.002432
0.002417 0.003995
0.002417 0.002500
0.002416 0.003601
0.002414 0.002944
0.002408 0.004141
0.002407 0.002425
0.002406 0.004661
0.002402 0.002585
0.002399 0.003077
0.002397 0.002718
0.002395 0.004067
0.002394 0.002439
0.002392 0.002780
0.002391 0.002654
0.002391 0.003325
0.002389 0.002427
0.002388 0.002453
0.002388 0.004629
0.002386 0.002869
0.002383 0.002421
0.002383 0.002565
0.002381 0.002507
0.002380 0.002703
0.002379 0.002626
0.002376 0.003106
0.002376 0.002526
0.002369 0.004234
0.002368 0.003866
0.002368 0.003054
0.002368 0.002722
0.002366 0.002521
0.002362 0.002425
0.002360 0.002586
0.002359 0.002641
0.002357 0.003382
0.002357 0.005051
0.002356 0.003010
0.002351 0.002438
0.002344 0.003443
0.002342 0.002675
0.002341 0.002484
0.002341 0.002392
0.002336 0.002845
0.002334 0.002583
0.002333 0.003539
0.002333 0.002702
0.002330 0.002377
0.002330 0.002415
0.002328 0.003998
0.002328 0.002469
0.002328 0.002825
0.002325 0.002342
0.002325 0.002364
0.002323 0.002446
0.002322 0.005421
0.002322 0.002696
0.002320 0.003316
0.002320 0.003394
0.002319 0.002879
0.002318 0.002488
0.002318 0.002380
0.002317 0.004974
0.002317 0.002470
0.002316 0.002744
0.002314 0.002609
0.002312 0.002551
0.002312 0.002677
0.002312 0.002454
0.002312 0.002672
0.002308 0.003612
0.002307 0.003090
0.002305 0.002734
0.002305 0.002615
0.002305 0.003176
0.002299 0.002447
0.002299 0.003136
0.002297 0.002467
0.002294 0.002809
0.002286 0.002751
0.002279 0.002504
0.002273 0.003499
0.002271 0.003216
0.002268 0.002498
0.002266 0.003557
0.002265 0.002270
0.002265 0.003166
0.002262 0.002364
0.002262 0.002445
0.002261 0.003932
0.002258 0.002319
0.002248 0.002282
0.002241 0.003060
0.002240 0.002976
0.002238 0.002492
0.002233 0.002777
0.002232 0.002701
0.002226 0.002954
0.002223 0.003819
0.002221 0.005337
0.002206 0.002318
0.002201 0.002790
0.002198 0.002619
0.002196 0.002366
0.002194 0.002223
0.002194 0.004278
0.002191 0.002359
0.002183 0.002366
0.002182 0.002476
0.002177 0.002561
0.002170 0.003719
0.002165 0.002375
0.002160 0.003077
0.002159 0.002716
0.002153 0.002272
0.002152 0.002207
0.002151 0.003155
0.002147 0.002363
0.002141 0.002230
0.002141 0.002750
0.002140 0.002536
0.002139 0.002540
0.002136 0.002228
0.002135 0.002169
0.002134 0.002367
0.002134 0.002316
0.002128 0.002500
0.002127 0.002453
0.002122 0.002728
0.002120 0.002158
0.002120 0.003807
0.002116 0.002659
0.002115 0.002286
0.002115 0.002657
0.002108 0.002532
0.002101 0.002158
0.002095 0.002685
0.002090 0.002095
0.002090 0.002127
0.002089 0.002587
0.002087 0.002392
0.002086 0.002214
0.002083 0.002546
0.002080 0.002874
0.002079 0.002270
0.002077 0.002315
0.002076 0.002334
0.002068 0.002092
0.002061 0.002457
0.002058 0.002960
0.002057 0.002302
0.002056 0.002383
0.002046 0.002500
0.002044 0.003074
0.002034 0.002062
0.002028 0.002210
0.002027 0.002088
0.002026 0.002199
0.002025 0.002400
0.002023 0.002629
0.002022 0.002099
0.002017 0.002072
0.002008 0.002578
0.002000 0.002072
0.001995 0.002375
0.001983 0.002274
0.001959 0.002848
0.001958 0.003111
0.001950 0.002321
0.001947 0.001947
0.001945 0.002027
0.001939 0.003625
0.001935 0.003119
0.001928 0.002004
0.001926 0.002141
0.001919 0.002019
0.001918 0.002295
0.001916 0.001987
0.001914 0.002406
0.001906 0.002190
0.001900 0.003523
0.001899 0.002241
0.001897 0.002072
0.001895 0.001923
0.001893 0.002515
0.001893 0.002118
0.001889 0.002176
0.001878 0.002653
0.001875 0.001986
0.001865 0.002132
0.001854 0.002032
0.001843 0.002093
0.001841 0.002549
0.001841 0.002145
0.001830 0.001892
0.001822 0.001954
0.001820 0.001872
0.001818 0.002151
0.001817 0.002223
0.001803 0.001905
0.001794 0.001864
0.001788 0.002379
0.001785 0.002377
0.001785 0.001880
0.001780 0.001941
0.001765 0.002188
0.001742 0.001828
0.001742 0.001759
0.001739 0.002024
0.001733 0.002460
0.001722 0.001767
0.001710 0.002334
0.001708 0.002082
0.001693 0.002473
0.001668 0.001706
0.001663 0.002177
0.001629 0.001829
0.001615 0.001703
0.001610 0.002009
0.001606 0.001855
0.001603 0.001742
0.001552 0.001595
0.001546 0.001638
0.001541 0.001559
0.001519 0.001619
0.001507 0.001661
0.001504 0.001620
0.001494 0.001650
0.001487 0.001685
0.001471 0.001589
0.001465 0.001469
0.001450 0.001494
0.001420 0.001433
0.001413 0.001478
0.001349 0.001409
0.001244 0.001474
0.001207 0.001590
0.001194 0.001363
0.001165 0.001239
0.001163 0.001347
0.001132 0.001340
0.001129 0.001152
0.001111 0.001235
0.001091 0.001103
0.001051 0.001211
0.001023 0.001141
0.001012 0.001041
0.001002 0.001083
0.000864 0.000969
0.000851 0.001059
0.000626 0.000694
