0.091690 0.106979
0.088258 0.103347
0.087633 0.138936
0.084249 0.121001
0.081341 0.088368
0.080083 0.091742
0.080068 0.098921
0.078869 0.084143
0.071140 0.071586
0.070675 0.073408
0.067554 0.112906
0.067111 0.073116
0.064038 0.094273
0.062644 0.083106
0.060225 0.060835
0.060042 0.061264
0.058924 0.060228
0.058805 0.058989
0.056970 0.057059
0.056015 0.103655
0.055576 0.072063
0.055457 0.058570
0.055424 0.062192
0.055375 0.056163
0.054989 0.063440
0.054913 0.074099
0.054845 0.057224
0.053273 0.055554
0.052961 0.063206
0.052700 0.055364
0.052485 0.087119
0.051239 0.051508
0.049906 0.090332
0.048807 0.064455
0.048317 0.089160
0.047932 0.062715
0.047413 0.079636
0.046734 0.048435
0.045235 0.064743
0.045037 0.046277
0.044955 0.047042
0.044064 0.048196
0.043903 0.045964
0.043770 0.044526
0.043200 0.062827
0.042798 0.044791
0.042783 0.056614
0.041705 0.042393
0.041489 0.047498
0.041437 0.057688
0.039778 0.041378
0.039184 0.040224
0.038538 0.042803
0.038421 0.044302
0.037798 0.053930
0.037675 0.041999
0.037029 0.037848
0.036971 0.038957
0.036712 0.041548
0.036625 0.039140
0.036511 0.038936
0.036102 0.069203
0.035966 0.043402
0.035846 0.046355
0.035837 0.038736
0.035708 0.038453
0.035429 0.039329
0.035379 0.040406
0.035113 0.036047
0.035010 0.037750
0.034977 0.035526
0.034904 0.037786
0.034742 0.045038
0.034716 0.040575
0.034547 0.040318
0.034405 0.036064
0.033822 0.049113
0.033303 0.059359
0.033298 0.038519
0.033268 0.035850
0.033116 0.036812
0.033087 0.034250
0.033014 0.038464
0.032930 0.043616
0.032767 0.045574
0.032696 0.049701
0.032581 0.041482
0.032466 0.050343
0.032387 0.033592
0.032028 0.039128
0.031988 0.033015
0.031920 0.035290
0.031743 0.035276
0.031520 0.033425
0.031345 0.042547
0.031306 0.033936
0.031190 0.032780
0.031176 0.034017
0.031116 0.041723
0.030681 0.038756
0.030486 0.033478
0.030457 0.055407
0.030393 0.033241
0.030281 0.037419
0.030203 0.032942
0.030118 0.043300
0.029827 0.044628
0.029751 0.040373
0.029581 0.030555
0.029558 0.037736
0.029401 0.031221
0.029173 0.038533
0.029019 0.029144
0.028958 0.031805
0.028938 0.032057
0.028918 0.028939
0.028854 0.038901
0.028818 0.030627
0.028723 0.030795
0.028612 0.030739
0.028590 0.029939
0.028583 0.030943
0.028293 0.034777
0.028212 0.031465
0.028038 0.055957
0.027875 0.029045
0.027864 0.036454
0.027847 0.043713
0.027757 0.033298
0.027450 0.029015
0.027449 0.034632
0.027439 0.037680
0.027405 0.029629
0.027347 0.027553
0.027090 0.031312
0.026980 0.027439
0.026852 0.026976
0.026838 0.040244
0.026591 0.031404
0.026081 0.038012
0.026008 0.027049
0.025861 0.029469
0.025749 0.026111
0.025714 0.029363
0.025576 0.039939
0.025528 0.035733
0.025494 0.047462
0.025432 0.026114
0.025417 0.026104
0.025215 0.026095
0.025185 0.026798
0.025139 0.026071
0.024966 0.026178
0.024958 0.025116
0.024913 0.028150
0.024877 0.029695
0.024875 0.025413
0.024857 0.033315
0.024814 0.037928
0.024782 0.033067
0.024768 0.028574
0.024716 0.030513
0.024693 0.035500
0.024540 0.027406
0.024424 0.028564
0.024239 0.029898
0.024195 0.027393
0.023984 0.026317
0.023897 0.033257
0.023878 0.030475
0.023877 0.024205
0.023809 0.027526
0.023777 0.026587
0.023724 0.030424
0.023693 0.033546
0.023635 0.033196
0.023546 0.024104
0.023508 0.027545
0.023481 0.028598
0.023415 0.030392
0.023355 0.027122
0.023346 0.024912
0.023320 0.027314
0.023300 0.043378
0.023024 0.053284
0.023021 0.023192
0.022925 0.024261
0.022872 0.024552
0.022735 0.028307
0.022720 0.022890
0.022613 0.023247
0.022574 0.036553
0.022522 0.022715
0.022440 0.026479
0.022391 0.026205
0.022304 0.024479
0.022262 0.022394
0.022123 0.027902
0.022105 0.023242
0.022013 0.022809
0.021973 0.028604
0.021973 0.028218
0.021964 0.022257
0.021807 0.024260
0.021792 0.026510
0.021779 0.021880
0.021756 0.027604
0.021743 0.023160
0.021576 0.033978
0.021561 0.026239
0.021514 0.027615
0.021496 0.024679
0.021489 0.021633
0.021458 0.027074
0.021394 0.025374
0.021378 0.024085
0.021350 0.022753
0.021259 0.024808
0.021217 0.025397
0.021110 0.024671
0.021105 0.025493
0.021058 0.022031
0.021019 0.023110
0.020980 0.026459
0.020866 0.028846
0.020833 0.021763
0.020785 0.028909
0.020516 0.026823
0.020418 0.024327
0.020333 0.021010
0.020302 0.024288
0.020271 0.023045
0.020164 0.023585
0.020159 0.024245
0.020109 0.020733
0.020061 0.022957
0.020039 0.027375
0.020036 0.022901
0.019931 0.021859
0.019886 0.020653
0.019861 0.020442
0.019840 0.025947
0.019764 0.021240
0.019718 0.024323
0.019713 0.031516
0.019711 0.020693
0.019698 0.020507
0.019674 0.023133
0.019673 0.019993
0.019622 0.020183
0.019592 0.021169
0.019561 0.025142
0.019528 0.019822
0.019469 0.034317
0.019465 0.025686
0.019444 0.025580
0.019444 0.019766
0.019400 0.027108
0.019394 0.020334
0.019385 0.019943
0.019371 0.020393
0.019206 0.022318
0.019185 0.021817
0.019160 0.022713
0.019130 0.020728
0.019121 0.019632
0.019058 0.024990
0.019052 0.033236
0.019043 0.021141
0.019033 0.019362
0.019004 0.020780
0.018994 0.022118
0.018994 0.021721
0.018978 0.021444
0.018967 0.032190
0.018902 0.021713
0.018895 0.030839
0.018889 0.019049
0.018811 0.022732
0.018782 0.022889
0.018762 0.018919
0.018582 0.023135
0.018543 0.023746
0.018398 0.021372
0.018358 0.023050
0.018324 0.024226
0.018211 0.018677
0.018173 0.018739
0.018030 0.019818
0.017929 0.023445
0.017921 0.018166
0.017911 0.018256
0.017909 0.019124
0.017850 0.024617
0.017849 0.030445
0.017824 0.034964
0.017735 0.025240
0.017717 0.022424
0.017627 0.020361
0.017587 0.021756
0.017531 0.018580
0.017513 0.026205
0.017507 0.018086
0.017453 0.022808
0.017402 0.024101
0.017390 0.022439
0.017375 0.028980
0.017328 0.017629
0.017321 0.023898
0.017321 0.026754
0.017299 0.022338
0.017247 0.018007
0.017124 0.017795
0.017112 0.019887
0.017107 0.017345
0.017101 0.029178
0.017063 0.021774
0.017057 0.019159
0.016978 0.017967
0.016970 0.018180
0.016947 0.018366
0.016837 0.017275
0.016831 0.021201
0.016614 0.017086
0.016612 0.019940
0.016570 0.019348
0.016566 0.045665
0.016559 0.018302
0.016526 0.018484
0.016511 0.026701
0.016476 0.016720
0.016447 0.017971
0.016422 0.020381
0.016398 0.020128
0.016339 0.016581
0.016336 0.017137
0.016281 0.023198
0.016269 0.016371
0.016259 0.017122
0.016232 0.024589
0.016207 0.017908
0.016189 0.026462
0.016145 0.018874
0.016106 0.017527
0.016101 0.016557
0.016016 0.021124
0.016011 0.019141
0.015983 0.025793
0.015964 0.016664
0.015944 0.018401
0.015920 0.018521
0.015907 0.017033
0.015904 0.016063
0.015885 0.017300
0.015845 0.022723
0.015844 0.018996
0.015838 0.020426
0.015806 0.022271
0.015775 0.021123
0.015735 0.015819
0.015706 0.018576
0.015700 0.024928
0.015670 0.015969
0.015654 0.028412
0.015644 0.026159
0.015630 0.015936
0.015575 0.017092
0.015560 0.025842
0.015535 0.027763
0.015528 0.015539
0.015519 0.015535
0.015500 0.023232
0.015500 0.016008
0.015491 0.020292
0.015482 0.015898
0.015411 0.016497
0.015368 0.016800
0.015367 0.023595
0.015336 0.015419
0.015240 0.019539
0.015230 0.015929
0.015104 0.015293
0.015095 0.017498
0.015086 0.016834
0.015079 0.015857
0.015075 0.024809
0.015073 0.021061
0.015048 0.018994
0.015044 0.017824
0.015024 0.018031
0.015017 0.015638
0.014989 0.015760
0.014958 0.028704
0.014851 0.014867
0.014811 0.016607
0.014803 0.020181
0.014750 0.021037
0.014748 0.015798
0.014666 0.017947
0.014651 0.024868
0.014643 0.016699
0.014614 0.019602
0.014589 0.020307
0.014574 0.019090
0.014556 0.016601
0.014549 0.017612
0.014475 0.026818
0.014453 0.016835
0.014403 0.016495
0.014397 0.017272
0.014396 0.015892
0.014364 0.015692
0.014361 0.016015
0.014347 0.015472
0.014294 0.035453
0.014286 0.015986
0.014270 0.015157
0.014265 0.014981
0.014264 0.015388
0.014259 0.020537
0.014252 0.017398
0.014235 0.021605
0.014225 0.015862
0.014187 0.018141
0.014139 0.015069
0.014136 0.015769
0.014108 0.017057
0.014074 0.014945
0.014041 0.014617
0.013987 0.023356
0.013963 0.014265
0.013945 0.014145
0.013928 0.014373
0.013878 0.015372
0.013873 0.029825
0.013859 0.014096
0.013837 0.016722
0.013832 0.014442
0.013832 0.024001
0.013828 0.014215
0.013808 0.018524
0.013794 0.014039
0.013780 0.022899
0.013766 0.014043
0.013766 0.015273
0.013746 0.013893
0.013727 0.018446
0.013722 0.013828
0.013706 0.014904
0.013693 0.013845
0.013679 0.017557
0.013617 0.017208
0.013594 0.014407
0.013591 0.015540
0.013549 0.018922
0.013519 0.014327
0.013505 0.013590
0.013462 0.013690
0.013449 0.014077
0.013435 0.015371
0.013408 0.014085
0.013408 0.013726
0.013404 0.015617
0.013388 0.016092
0.013363 0.021198
0.013356 0.014313
0.013335 0.013474
0.013289 0.014916
0.013283 0.013525
0.013249 0.015807
0.013193 0.018294
0.013174 0.018486
0.013140 0.021388
0.013122 0.016921
0.013088 0.014071
0.013085 0.015557
0.013065 0.015800
0.013045 0.014055
0.013041 0.013073
0.013027 0.023933
0.013022 0.014334
0.013016 0.017512
0.013010 0.013673
0.012995 0.017923
0.012984 0.015103
0.012935 0.014202
0.012934 0.012994
0.012934 0.014941
0.012927 0.014572
0.012875 0.016754
0.012875 0.012965
0.012866 0.014792
0.012862 0.014112
0.012839 0.018584
0.012834 0.019780
0.012829 0.016743
0.012828 0.016166
0.012821 0.015961
0.012793 0.014021
0.012761 0.014001
0.012752 0.014693
0.012750 0.015505
0.012747 0.016277
0.012691 0.016233
0.012671 0.017602
0.012671 0.013870
0.012670 0.015287
0.012666 0.013556
0.012643 0.018730
0.012631 0.016155
0.012622 0.018712
0.012621 0.014922
0.012553 0.015485
0.012523 0.015282
0.012507 0.013022
0.012503 0.018147
0.012494 0.013785
0.012489 0.018220
0.012427 0.016644
0.012380 0.012823
0.012368 0.012503
0.012346 0.018241
0.012333 0.012510
0.012330 0.015043
0.012324 0.017753
0.012318 0.012815
0.012318 0.014625
0.012291 0.017318
0.012280 0.012431
0.012261 0.012545
0.012258 0.013154
0.012240 0.014126
0.012240 0.012293
0.012238 0.013258
0.012223 0.012691
0.012209 0.018370
0.012187 0.013720
0.012151 0.012496
0.012149 0.012691
0.012148 0.014686
0.012141 0.017769
0.012129 0.018192
0.012128 0.025778
0.012110 0.012824
0.012106 0.012519
0.012090 0.012528
0.012063 0.030933
0.012044 0.013540
0.012016 0.014151
0.011992 0.015305
0.011973 0.020168
0.011967 0.014262
0.011940 0.011981
0.011939 0.013012
0.011936 0.012196
0.011934 0.020252
0.011932 0.012024
0.011921 0.013747
0.011910 0.012668
0.011901 0.012746
0.011888 0.020730
0.011875 0.014065
0.011857 0.012880
0.011856 0.020975
0.011832 0.012636
0.011825 0.022870
0.011813 0.012210
0.011804 0.014433
0.011788 0.012403
0.011776 0.014241
0.011768 0.012611
0.011745 0.012855
0.011694 0.015122
0.011673 0.012760
0.011664 0.014086
0.011645 0.011948
0.011642 0.012628
0.011633 0.013480
0.011628 0.019030
0.011620 0.011980
0.011616 0.011928
0.011602 0.015183
0.011574 0.015850
0.011574 0.013002
0.011518 0.013866
0.011517 0.016240
0.011494 0.012736
0.011494 0.013393
0.011468 0.011902
0.011449 0.013501
0.011447 0.013569
0.011440 0.011910
0.011437 0.012632
0.011422 0.018953
0.011415 0.012193
0.011396 0.015587
0.011390 0.011742
0.011379 0.015972
0.011370 0.012445
0.011367 0.014675
0.011355 0.011666
0.011353 0.011761
0.011348 0.012006
0.011332 0.012813
0.011327 0.013736
0.011325 0.020671
0.011323 0.013922
0.011315 0.011365
0.011313 0.011900
0.011277 0.015466
0.011276 0.011717
0.011276 0.011948
0.011265 0.011580
0.011255 0.017297
0.011246 0.011788
0.011241 0.011442
0.011241 0.011905
0.011241 0.016008
0.011215 0.011486
0.011213 0.012144
0.011206 0.011327
0.011203 0.013921
0.011182 0.019175
0.011179 0.013276
0.011143 0.013758
0.011139 0.012513
0.011135 0.013235
0.011133 0.013389
0.011122 0.019369
0.011120 0.011346
0.011120 0.011959
0.011113 0.014762
0.011109 0.020958
0.011089 0.013518
0.011087 0.011359
0.011070 0.011299
0.011036 0.011556
0.011032 0.017496
0.011030 0.016840
0.011028 0.015151
0.011025 0.013116
0.011008 0.011023
0.010998 0.011054
0.010995 0.013149
0.010978 0.012225
0.010978 0.013312
0.010974 0.013483
0.010972 0.011341
0.010927 0.034471
0.010922 0.019362
0.010914 0.011970
0.010912 0.011114
0.010899 0.012763
0.010898 0.011732
0.010893 0.014307
0.010881 0.011714
0.010857 0.015535
0.010836 0.020870
0.010835 0.011825
0.010833 0.012194
0.010812 0.012035
0.010811 0.011634
0.010807 0.012346
0.010791 0.015211
0.010790 0.012130
0.010763 0.015639
0.010762 0.012104
0.010747 0.010868
0.010704 0.015063
0.010689 0.015813
0.010688 0.013059
0.010677 0.011565
0.010671 0.010948
0.010653 0.011035
0.010650 0.012257
0.010648 0.011058
0.010646 0.010767
0.010632 0.010676
0.010595 0.012099
0.010588 0.020573
0.010587 0.013106
0.010585 0.010793
0.010582 0.010985
0.010575 0.011848
0.010565 0.011924
0.010562 0.010804
0.010553 0.012123
0.010539 0.011313
0.010537 0.011093
0.010536 0.011720
0.010516 0.012860
0.010507 0.015641
0.010506 0.013427
0.010504 0.011035
0.010483 0.011108
0.010480 0.011992
0.010449 0.012166
0.010437 0.010724
0.010427 0.011393
0.010424 0.011269
0.010420 0.016425
0.010411 0.014776
0.010400 0.026884
0.010397 0.011105
0.010396 0.013709
0.010390 0.011391
0.010382 0.014996
0.010371 0.011025
0.010344 0.010852
0.010342 0.020980
0.010336 0.022223
0.010334 0.010617
0.010304 0.013672
0.010297 0.011143
0.010296 0.013866
0.010271 0.017812
0.010260 0.011336
0.010254 0.012374
0.010228 0.010318
0.010215 0.010329
0.010209 0.014404
0.010204 0.015693
0.010201 0.012012
0.010181 0.012151
0.010169 0.012394
0.010169 0.016983
0.010168 0.010595
0.010147 0.011416
0.010145 0.011913
0.010140 0.011799
0.010139 0.010406
0.010139 0.012513
0.010128 0.013183
0.010106 0.014409
0.010091 0.010762
0.010070 0.011175
0.010055 0.010999
0.010050 0.011976
0.010047 0.010862
0.010043 0.013487
0.010039 0.012126
0.010038 0.010134
0.010028 0.012983
0.010020 0.010215
0.010018 0.014421
0.010006 0.017180
0.010004 0.010912
0.009996 0.010832
0.009994 0.010025
0.009984 0.012196
0.009982 0.013880
0.009974 0.014485
0.009973 0.010923
0.009966 0.010848
0.009961 0.013867
0.009960 0.012174
0.009948 0.010353
0.009916 0.012656
0.009912 0.014250
0.009896 0.010886
0.009876 0.015264
0.009872 0.010219
0.009868 0.012345
0.009847 0.013340
0.009842 0.009887
0.009839 0.010981
0.009829 0.019880
0.009821 0.009896
0.009806 0.010201
0.009797 0.010588
0.009796 0.010504
0.009784 0.015238
0.009780 0.012277
0.009766 0.014526
0.009762 0.012967
0.009740 0.011797
0.009736 0.015538
0.009725 0.017369
0.009723 0.012755
0.009716 0.010086
0.009712 0.013029
0.009708 0.012745
0.009704 0.011654
0.009699 0.010593
0.009683 0.016022
0.009664 0.010444
0.009656 0.012214
0.009639 0.012140
0.009617 0.012352
0.009612 0.010327
0.009611 0.010267
0.009605 0.009901
0.009585 0.010540
0.009584 0.019426
0.009584 0.010050
0.009580 0.010679
0.009578 0.009693
0.009576 0.009981
0.009575 0.012655
0.009552 0.010135
0.009550 0.011452
0.009549 0.012955
0.009544 0.016549
0.009538 0.012034
0.009536 0.010604
0.009531 0.013744
0.009527 0.013205
0.009496 0.011805
0.009482 0.009583
0.009471 0.009491
0.009448 0.009467
0.009446 0.011752
0.009433 0.009509
0.009426 0.009896
0.009422 0.009714
0.009410 0.019036
0.009400 0.013956
0.009389 0.010848
0.009386 0.011501
0.009385 0.009390
0.009383 0.010115
0.009375 0.017481
0.009370 0.010285
0.009366 0.010751
0.009330 0.010405
0.009325 0.017051
0.009320 0.024743
0.009313 0.010369
0.009313 0.010307
0.009306 0.013526
0.009297 0.011177
0.009295 0.009530
0.009280 0.013379
0.009279 0.013343
0.009278 0.011550
0.009269 0.011402
0.009266 0.014023
0.009258 0.009460
0.009254 0.012029
0.009225 0.009247
0.009219 0.009241
0.009216 0.013502
0.009212 0.012170
0.009208 0.014474
0.009207 0.009689
0.009201 0.012513
0.009195 0.013585
0.009190 0.010560
0.009178 0.009807
0.009174 0.009756
0.009172 0.009240
0.009164 0.014414
0.009161 0.014578
0.009160 0.012071
0.009142 0.014421
0.009125 0.010058
0.009123 0.009381
0.009120 0.009765
0.009117 0.009557
0.009115 0.009633
0.009113 0.013726
0.009088 0.012761
0.009079 0.017674
0.009075 0.012387
0.009065 0.009754
0.009061 0.011355
0.009052 0.009204
0.009037 0.011230
0.009025 0.009493
0.009023 0.009086
0.009013 0.015425
0.009003 0.010718
0.009002 0.009734
0.008997 0.010472
0.008984 0.010685
0.008961 0.008997
0.008956 0.009065
0.008956 0.009671
0.008944 0.009636
0.008941 0.010522
0.008937 0.009038
0.008930 0.010593
0.008915 0.009294
0.008888 0.011279
0.008887 0.012286
0.008881 0.009132
0.008868 0.010660
0.008853 0.009040
0.008852 0.017237
0.008841 0.009020
0.008838 0.009422
0.008833 0.009209
0.008832 0.009227
0.008816 0.012298
0.008797 0.009931
0.008779 0.009280
0.008774 0.009013
0.008768 0.008852
0.008765 0.009278
0.008760 0.010828
0.008756 0.013875
0.008747 0.020001
0.008744 0.011192
0.008720 0.010908
0.008717 0.010887
0.008715 0.008852
0.008708 0.009320
0.008705 0.009432
0.008699 0.013316
0.008694 0.008857
0.008682 0.009268
0.008675 0.008937
0.008645 0.009081
0.008637 0.011076
0.008620 0.008636
0.008604 0.009519
0.008603 0.010408
0.008593 0.009330
0.008587 0.015452
0.008585 0.008939
0.008581 0.008646
0.008577 0.008577
0.008577 0.009880
0.008565 0.008788
0.008563 0.010467
0.008562 0.009406
0.008560 0.009019
0.008554 0.009185
0.008554 0.012559
0.008546 0.011694
0.008540 0.011714
0.008538 0.010400
0.008529 0.016085
0.008511 0.008763
0.008505 0.008534
0.008504 0.008966
0.008495 0.009563
0.008495 0.008863
0.008473 0.012128
0.008471 0.008705
0.008464 0.010146
0.008464 0.010575
0.008463 0.010294
0.008462 0.009548
0.008444 0.009235
0.008423 0.009081
0.008418 0.009574
0.008417 0.013778
0.008413 0.011149
0.008407 0.013319
0.008404 0.008618
0.008401 0.008530
0.008381 0.008488
0.008350 0.009174
0.008340 0.011036
0.008338 0.013155
0.008333 0.010582
0.008324 0.009627
0.008306 0.013133
0.008296 0.012833
0.008287 0.010724
0.008277 0.011185
0.008271 0.017617
0.008260 0.010110
0.008252 0.019202
0.008229 0.010410
0.008206 0.008414
0.008194 0.019406
0.008186 0.009663
0.008182 0.009177
0.008174 0.010181
0.008171 0.012100
0.008168 0.014448
0.008166 0.011618
0.008162 0.009964
0.008160 0.011592
0.008155 0.017180
0.008143 0.010534
0.008134 0.008986
0.008124 0.010490
0.008123 0.010805
0.008122 0.009851
0.008116 0.013924
0.008098 0.011700
0.008097 0.014570
0.008092 0.008899
0.008092 0.008869
0.008088 0.009253
0.008087 0.010116
0.008085 0.009180
0.008083 0.016252
0.008083 0.016805
0.008072 0.008150
0.008065 0.008326
0.008054 0.008730
0.008050 0.008736
0.008041 0.008548
0.008022 0.008217
0.008010 0.011769
0.008008 0.011116
0.008001 0.016827
0.007994 0.008538
0.007980 0.010046
0.007973 0.008474
0.007967 0.008663
0.007953 0.008028
0.007948 0.016858
0.007948 0.009751
0.007943 0.008229
0.007941 0.009238
0.007929 0.007985
0.007927 0.009117
0.007925 0.010209
0.007922 0.008487
0.007917 0.008032
0.007915 0.009701
0.007914 0.011134
0.007907 0.008220
0.007898 0.020194
0.007888 0.007900
0.007888 0.008551
0.007887 0.010387
0.007886 0.011446
0.007885 0.010371
0.007884 0.008400
0.007873 0.009305
0.007864 0.014529
0.007860 0.011271
0.007853 0.009130
0.007827 0.008850
0.007818 0.008479
0.007817 0.007926
0.007816 0.008379
0.007815 0.008174
0.007803 0.008259
0.007793 0.007889
0.007789 0.007789
0.007787 0.008460
0.007783 0.018313
0.007779 0.008538
0.007777 0.013121
0.007777 0.016409
0.007775 0.008607
0.007763 0.009349
0.007741 0.010934
0.007738 0.012317
0.007719 0.008691
0.007713 0.009643
0.007712 0.011539
0.007710 0.007887
0.007706 0.012648
0.007705 0.010035
0.007689 0.016938
0.007686 0.007787
0.007681 0.010357
0.007676 0.008082
0.007673 0.010306
0.007673 0.007861
0.007662 0.010981
0.007660 0.008185
0.007657 0.009985
0.007642 0.011249
0.007637 0.008072
0.007632 0.008650
0.007626 0.008787
0.007621 0.009674
0.007619 0.008044
0.007602 0.009561
0.007599 0.007629
0.007595 0.013634
0.007593 0.008127
0.007558 0.011765
0.007541 0.007599
0.007523 0.010938
0.007521 0.010724
0.007521 0.009592
0.007519 0.009529
0.007515 0.013173
0.007509 0.008842
0.007504 0.007617
0.007499 0.011675
0.007496 0.012377
0.007488 0.016761
0.007481 0.014017
0.007476 0.007762
0.007470 0.009195
0.007463 0.011803
0.007457 0.009680
0.007454 0.015616
0.007429 0.007497
0.007424 0.008608
0.007423 0.008099
0.007414 0.007610
0.007413 0.007730
0.007413 0.009323
0.007408 0.009200
0.007402 0.014170
0.007399 0.010754
0.007391 0.008561
0.007379 0.008447
0.007364 0.010831
0.007363 0.008061
0.007359 0.007396
0.007354 0.008544
0.007348 0.008152
0.007342 0.007520
0.007337 0.009026
0.007334 0.008992
0.007334 0.007632
0.007326 0.007409
0.007324 0.008366
0.007324 0.007404
0.007321 0.009405
0.007321 0.019225
0.007306 0.008496
0.007300 0.009203
0.007299 0.007441
0.007292 0.007444
0.007292 0.008952
0.007283 0.007480
0.007273 0.007512
0.007263 0.009044
0.007258 0.007966
0.007254 0.011560
0.007254 0.008215
0.007251 0.007253
0.007246 0.007538
0.007236 0.008879
0.007234 0.010188
0.007229 0.007537
0.007221 0.009513
0.007219 0.007250
0.007205 0.012081
0.007196 0.008565
0.007193 0.010031
0.007189 0.008945
0.007177 0.007282
0.007167 0.007225
0.007160 0.012743
0.007152 0.007330
0.007146 0.010109
0.007130 0.008205
0.007130 0.007285
0.007129 0.007267
0.007128 0.010457
0.007126 0.007443
0.007125 0.012753
0.007122 0.007536
0.007110 0.009286
0.007107 0.011049
0.007105 0.007310
0.007100 0.007397
0.007096 0.007600
0.007088 0.009381
0.007084 0.009748
0.007080 0.007574
0.007068 0.011155
0.007063 0.007831
0.007058 0.008490
0.007052 0.007067
0.007048 0.007182
0.007038 0.012527
0.007038 0.014368
0.007030 0.007329
0.007028 0.010213
0.007024 0.007577
0.007021 0.007300
0.007017 0.008882
0.007005 0.007245
0.007004 0.010056
0.007001 0.009859
0.006996 0.013692
0.006987 0.007699
0.006986 0.014896
0.006983 0.007392
0.006977 0.008191
0.006974 0.007311
0.006969 0.007922
0.006968 0.007573
0.006968 0.009906
0.006961 0.007641
0.006958 0.007713
0.006953 0.014656
0.006949 0.008358
0.006945 0.007046
0.006943 0.008057
0.006942 0.007082
0.006940 0.008628
0.006939 0.012727
0.006938 0.007899
0.006923 0.007940
0.006922 0.007976
0.006916 0.010688
0.006912 0.008292
0.006912 0.011627
0.006910 0.007176
0.006907 0.007156
0.006902 0.007066
0.006902 0.007452
0.006894 0.007543
0.006892 0.007827
0.006891 0.010379
0.006884 0.007205
0.006875 0.007613
0.006866 0.007798
0.006866 0.010533
0.006864 0.008725
0.006851 0.007362
0.006848 0.008549
0.006848 0.007660
0.006831 0.007885
0.006821 0.008858
0.006820 0.008526
0.006813 0.008277
0.006813 0.009760
0.006810 0.007871
0.006804 0.007518
0.006801 0.009921
0.006794 0.007281
0.006793 0.007290
0.006789 0.013448
0.006784 0.010834
0.006780 0.009435
0.006771 0.009329
0.006764 0.007721
0.006763 0.007254
0.006763 0.007223
0.006761 0.007401
0.006757 0.007061
0.006736 0.007709
0.006734 0.007426
0.006732 0.007506
0.006715 0.007451
0.006713 0.008743
0.006707 0.006833
0.006696 0.007683
0.006695 0.006964
0.006693 0.007232
0.006692 0.012928
0.006689 0.007747
0.006687 0.007150
0.006686 0.007130
0.006679 0.007167
0.006675 0.008721
0.006672 0.006993
0.006653 0.007653
0.006652 0.012188
0.006637 0.007968
0.006636 0.007068
0.006635 0.011249
0.006618 0.007080
0.006617 0.006703
0.006603 0.006904
0.006586 0.009988
0.006582 0.006959
0.006579 0.008825
0.006570 0.006594
0.006563 0.007228
0.006544 0.009073
0.006540 0.007182
0.006538 0.007765
0.006533 0.006899
0.006525 0.006546
0.006507 0.007100
0.006498 0.006632
0.006488 0.009521
0.006486 0.008056
0.006484 0.007509
0.006482 0.007076
0.006482 0.009481
0.006477 0.007698
0.006476 0.011863
0.006471 0.006483
0.006466 0.007156
0.006457 0.011150
0.006457 0.007505
0.006455 0.011856
0.006451 0.006992
0.006450 0.009489
0.006444 0.011121
0.006443 0.007693
0.006426 0.008822
0.006408 0.012474
0.006408 0.009853
0.006407 0.008602
0.006396 0.008780
0.006394 0.009151
0.006385 0.008709
0.006380 0.006448
0.006380 0.007841
0.006379 0.006685
0.006379 0.010317
0.006377 0.011310
0.006371 0.009232
0.006359 0.007587
0.006351 0.007034
0.006344 0.011299
0.006338 0.006364
0.006335 0.007235
0.006318 0.010735
0.006317 0.007676
0.006312 0.007440
0.006289 0.007391
0.006268 0.007491
0.006262 0.006429
0.006255 0.007756
0.006246 0.012787
0.006237 0.006253
0.006218 0.006916
0.006208 0.007112
0.006201 0.006548
0.006200 0.006221
0.006199 0.006852
0.006192 0.007186
0.006187 0.006556
0.006180 0.006231
0.006175 0.007994
0.006164 0.007442
0.006162 0.007979
0.006159 0.008446
0.006155 0.006224
0.006151 0.006790
0.006148 0.007111
0.006144 0.006535
0.006139 0.009193
0.006138 0.007186
0.006132 0.006237
0.006127 0.009102
0.006111 0.007089
0.006081 0.009267
0.006070 0.006579
0.006068 0.006141
0.006067 0.011951
0.006065 0.006537
0.006052 0.006302
0.006051 0.006849
0.006051 0.007305
0.006047 0.006197
0.006042 0.007465
0.006017 0.007683
0.006013 0.008585
0.006007 0.010463
0.006003 0.006210
0.006001 0.007198
0.005997 0.006771
0.005994 0.007309
0.005994 0.011456
0.005992 0.008076
0.005969 0.006344
0.005965 0.007201
0.005963 0.008684
0.005947 0.008442
0.005947 0.006326
0.005946 0.006971
0.005940 0.008244
0.005938 0.006373
0.005922 0.006410
0.005915 0.006343
0.005908 0.007693
0.005905 0.006100
0.005902 0.009600
0.005884 0.011089
0.005871 0.008615
0.005869 0.008206
0.005863 0.008133
0.005840 0.009826
0.005835 0.006641
0.005835 0.006210
0.005835 0.006817
0.005832 0.007855
0.005823 0.009019
0.005819 0.007109
0.005818 0.009850
0.005812 0.006202
0.005810 0.006158
0.005809 0.005967
0.005804 0.010061
0.005803 0.008337
0.005801 0.006149
0.005797 0.009670
0.005777 0.010488
0.005777 0.006178
0.005753 0.005947
0.005745 0.012849
0.005741 0.009094
0.005737 0.006335
0.005734 0.011801
0.005724 0.006757
0.005713 0.006622
0.005713 0.006086
0.005711 0.007469
0.005704 0.012804
0.005699 0.007281
0.005681 0.009553
0.005664 0.007938
0.005660 0.009019
0.005656 0.007828
0.005654 0.006247
0.005653 0.006637
0.005650 0.006198
0.005633 0.005947
0.005632 0.006144
0.005613 0.006682
0.005612 0.007087
0.005594 0.006998
0.005590 0.006493
0.005588 0.005603
0.005564 0.010149
0.005549 0.005657
0.005545 0.005775
0.005542 0.005553
0.005518 0.013329
0.005516 0.005758
0.005492 0.008175
0.005479 0.006059
0.005479 0.007340
0.005471 0.005644
0.005465 0.007250
0.005459 0.005609
0.005427 0.005694
0.005426 0.006163
0.005425 0.005830
0.005414 0.005684
0.005403 0.005658
0.005397 0.006012
0.005390 0.006848
0.005387 0.005737
0.005386 0.006994
0.005384 0.005979
0.005380 0.007589
0.005377 0.005880
0.005374 0.007857
0.005372 0.005457
0.005351 0.005757
0.005348 0.008454
0.005347 0.010097
0.005335 0.005601
0.005331 0.006006
0.005325 0.006296
0.005311 0.006723
0.005311 0.009474
0.005308 0.005514
0.005299 0.006305
0.005286 0.005625
0.005277 0.005519
0.005274 0.007536
0.005270 0.005273
0.005268 0.005316
0.005267 0.006896
0.005258 0.007345
0.005254 0.006519
0.005237 0.007704
0.005195 0.005541
0.005193 0.005338
0.005187 0.010167
0.005181 0.005457
0.005179 0.006179
0.005176 0.005202
0.005169 0.006536
0.005162 0.005519
0.005161 0.010949
0.005158 0.005196
0.005152 0.010292
0.005145 0.005153
0.005144 0.006317
0.005133 0.007250
0.005114 0.007622
0.005112 0.010444
0.005111 0.009348
0.005078 0.007427
0.005059 0.005111
0.005055 0.005918
0.005040 0.005246
0.005039 0.005374
0.005036 0.009208
0.005031 0.005169
0.005028 0.005046
0.005012 0.005146
0.004998 0.005395
0.004986 0.005615
0.004984 0.005058
0.004984 0.005075
0.004980 0.007917
0.004980 0.005293
0.004960 0.005365
0.004959 0.005217
0.004950 0.005588
0.004947 0.007786
0.004943 0.007144
0.004912 0.005171
0.004908 0.005674
0.004885 0.005530
0.004879 0.005166
0.004857 0.008643
0.004855 0.006754
0.004851 0.007887
0.004843 0.006225
0.004832 0.005085
0.004832 0.005353
0.004823 0.005087
0.004823 0.005241
0.004822 0.005945
0.004816 0.006082
0.004812 0.005351
0.004806 0.005349
0.004789 0.005413
0.004775 0.005705
0.004770 0.006025
0.004766 0.006919
0.004763 0.006452
0.004763 0.004816
0.004755 0.004912
0.004733 0.010886
0.004720 0.005508
0.004719 0.005460
0.004715 0.005077
0.004699 0.004761
0.004699 0.005308
0.004699 0.005284
0.004678 0.004733
0.004673 0.006083
0.004644 0.005277
0.004643 0.005468
0.004641 0.004859
0.004616 0.008293
0.004609 0.006456
0.004603 0.006789
0.004596 0.004658
0.004586 0.004720
0.004582 0.006559
0.004581 0.005727
0.004577 0.005165
0.004551 0.005278
0.004549 0.004752
0.004541 0.006383
0.004517 0.005052
0.004516 0.004749
0.004505 0.007441
0.004500 0.006824
0.004497 0.004585
0.004496 0.007269
0.004483 0.005013
0.004439 0.004677
0.004436 0.007124
0.004423 0.007969
0.004421 0.004584
0.004410 0.006191
0.004404 0.005423
0.004392 0.004758
0.004391 0.006409
0.004353 0.009178
0.004350 0.004675
0.004348 0.004435
0.004325 0.004617
0.004316 0.008777
0.004315 0.004344
0.004312 0.004428
0.004305 0.006613
0.004296 0.004892
0.004275 0.004338
0.004273 0.009484
0.004260 0.005271
0.004251 0.004378
0.004235 0.005661
0.004229 0.005120
0.004217 0.004250
0.004213 0.004499
0.004210 0.006985
0.004207 0.008676
0.004201 0.009368
0.004195 0.007571
0.004189 0.006830
0.004177 0.006831
0.004168 0.004569
0.004165 0.006962
0.004160 0.005021
0.004148 0.005351
0.004143 0.004635
0.004141 0.004456
0.004124 0.004226
0.004120 0.007596
0.004115 0.004235
0.004108 0.005830
0.004106 0.004115
0.004106 0.004134
0.004104 0.004609
0.004102 0.004531
0.004076 0.004343
0.004074 0.004795
0.004061 0.009337
0.004050 0.007892
0.004045 0.004863
0.004017 0.008344
0.004016 0.010531
0.004013 0.006080
0.003992 0.004171
0.003990 0.004863
0.003987 0.004073
0.003986 0.009510
0.003971 0.004799
0.003959 0.004036
0.003957 0.004015
0.003952 0.004224
0.003946 0.004288
0.003946 0.006636
0.003944 0.005393
0.003936 0.004977
0.003935 0.004594
0.003933 0.007212
0.003933 0.009649
0.003900 0.005116
0.003897 0.003999
0.003893 0.005076
0.003888 0.005244
0.003865 0.004376
0.003836 0.004253
0.003829 0.006123
0.003829 0.006317
0.003827 0.004626
0.003823 0.004358
0.003821 0.004252
0.003791 0.004226
0.003785 0.003826
0.003759 0.004148
0.003751 0.009435
0.003720 0.003788
0.003710 0.003814
0.003700 0.006249
0.003675 0.004949
0.003669 0.004743
0.003668 0.003874
0.003666 0.006669
0.003665 0.003763
0.003661 0.003771
0.003658 0.003727
0.003639 0.004170
0.003634 0.004192
0.003618 0.004100
0.003605 0.003923
0.003592 0.004097
0.003589 0.003833
0.003588 0.004391
0.003569 0.003629
0.003569 0.004583
0.003560 0.003945
0.003544 0.004213
0.003537 0.003564
0.003527 0.004012
0.003516 0.006680
0.003507 0.004154
0.003500 0.003986
0.003498 0.003543
0.003487 0.004326
0.003484 0.005151
0.003483 0.003641
0.003451 0.003617
0.003441 0.003520
0.003440 0.003819
0.003431 0.003918
0.003425 0.003501
0.003398 0.003883
0.003389 0.005243
0.003388 0.003452
0.003350 0.003406
0.003342 0.004161
0.003338 0.003400
0.003332 0.003505
0.003326 0.003880
0.003326 0.003331
0.003323 0.003574
0.003314 0.004548
0.003308 0.004458
0.003305 0.003659
0.003301 0.003372
0.003294 0.004164
0.003275 0.003396
0.003266 0.003350
0.003246 0.003989
0.003195 0.003466
0.003186 0.003402
0.003148 0.004425
0.003122 0.003278
0.003111 0.003820
0.003107 0.003572
0.003094 0.003101
0.003053 0.003083
0.003021 0.003810
0.003013 0.003115
0.003012 0.003575
0.003009 0.003470
0.002976 0.003236
0.002968 0.003377
0.002929 0.003345
0.002928 0.003715
0.002913 0.002928
0.002885 0.003410
0.002844 0.002881
0.002827 0.003466
0.002759 0.002940
0.002710 0.002897
0.002705 0.002760
0.002661 0.002963
0.002657 0.002828
0.002637 0.002881
0.002619 0.002712
0.002583 0.003148
0.002532 0.002698
0.002494 0.002610
0.002481 0.002580
0.002449 0.002551
0.002449 0.002737
0.002426 0.002480
0.002409 0.002504
0.002376 0.002814
0.002363 0.002403
0.002338 0.002542
0.002325 0.002587
0.002323 0.003078
0.002290 0.002534
0.002051 0.002451
0.002041 0.002373
0.002002 0.002097
0.001923 0.001964
0.001912 0.002043
0.001791 0.002089
0.001679 0.002110
0.001351 0.001377
