0.289690 0.296909
0.279458 0.320997
0.245959 0.249315
0.245683 0.248361
0.230607 0.240309
0.199829 0.203004
0.173568 0.179903
0.144719 0.149783
0.136909 0.179520
0.127997 0.132223
0.108549 0.126908
0.106226 0.108821
0.094742 0.127237
0.083394 0.121268
0.080975 0.088691
0.080251 0.085472
0.080099 0.090289
0.077364 0.111328
0.076877 0.091273
0.074465 0.082752
0.072870 0.073428
0.071688 0.080249
0.071555 0.079230
0.070840 0.071550
0.067606 0.078091
0.066123 0.066643
0.065935 0.068523
0.064582 0.073440
0.063839 0.084332
0.062676 0.086318
0.060836 0.061650
0.060625 0.088678
0.060160 0.068196
0.059884 0.060689
0.059499 0.084009
0.059460 0.070285
0.057940 0.094662
0.057580 0.070088
0.057014 0.073829
0.056928 0.059458
0.056845 0.071956
0.054444 0.059596
0.054189 0.078170
0.052394 0.054262
0.051692 0.053357
0.051400 0.060572
0.047710 0.058738
0.047631 0.062353
0.046678 0.059992
0.046112 0.053789
0.045903 0.062660
0.045678 0.047538
0.044896 0.045048
0.044813 0.047402
0.043838 0.045909
0.043179 0.056916
0.043112 0.054267
0.042880 0.046281
0.042762 0.045872
0.042144 0.046594
0.041972 0.057566
0.041306 0.046525
0.041231 0.051583
0.040565 0.041683
0.039874 0.042510
0.039002 0.043249
0.038843 0.043024
0.038833 0.051863
0.037643 0.045212
0.037099 0.058731
0.036954 0.066475
0.036936 0.037067
0.036765 0.057341
0.036085 0.047940
0.035042 0.035727
0.035030 0.036361
0.035028 0.048246
0.034584 0.039821
0.033762 0.037001
0.033742 0.047531
0.033591 0.035750
0.032869 0.042944
0.032465 0.049433
0.032359 0.040050
0.031629 0.032188
0.031491 0.032045
0.031343 0.032143
0.030766 0.037477
0.030527 0.037145
0.030494 0.032345
0.030295 0.034917
0.030125 0.030195
0.029569 0.035162
0.029535 0.033974
0.029373 0.042399
0.029332 0.029828
0.029083 0.041292
0.028328 0.035865
0.028207 0.037052
0.028003 0.029684
0.027890 0.029044
0.027835 0.030964
0.027529 0.030257
0.026774 0.047390
0.026610 0.029015
0.026494 0.029195
0.026353 0.028964
0.026277 0.033299
0.026104 0.029357
0.025449 0.029219
0.025344 0.032635
0.025249 0.034100
0.025184 0.028993
0.025088 0.030235
0.025047 0.025552
0.024748 0.025902
0.024733 0.028485
0.024696 0.025612
0.024693 0.026043
0.024654 0.032288
0.024592 0.044174
0.024343 0.024346
0.024231 0.026288
0.024217 0.031834
0.024199 0.038776
0.024074 0.028390
0.024023 0.037874
0.024010 0.024125
0.023893 0.025429
0.023828 0.031978
0.023768 0.030774
0.023731 0.024291
0.023693 0.024360
0.023659 0.024314
0.023620 0.041932
0.023589 0.030475
0.023589 0.054988
0.023561 0.028773
0.023530 0.030915
0.023519 0.026955
0.023414 0.034166
0.023382 0.024832
0.023378 0.026669
0.023185 0.023575
0.023137 0.034439
0.023016 0.045862
0.022791 0.024591
0.022740 0.024482
0.022690 0.026852
0.022578 0.023524
0.022441 0.023265
0.022368 0.027231
0.022366 0.025142
0.022332 0.034714
0.022232 0.028357
0.022229 0.025863
0.022213 0.027835
0.022192 0.027699
0.022100 0.022832
0.022090 0.027255
0.022041 0.026029
0.022015 0.033470
0.021971 0.030580
0.021656 0.022786
0.021643 0.022577
0.021564 0.024885
0.021505 0.033468
0.021058 0.034447
0.020949 0.021996
0.020774 0.036702
0.020611 0.025510
0.020480 0.022505
0.020410 0.024155
0.020065 0.022700
0.020048 0.021669
0.019989 0.025250
0.019900 0.031302
0.019891 0.024886
0.019845 0.021547
0.019822 0.021204
0.019808 0.022041
0.019758 0.031713
0.019703 0.029197
0.019620 0.020679
0.019599 0.028510
0.019590 0.021184
0.019571 0.022967
0.019387 0.019758
0.019335 0.021755
0.019301 0.026347
0.019279 0.022442
0.019263 0.020298
0.019230 0.021617
0.019214 0.032441
0.019159 0.021944
0.018892 0.019112
0.018801 0.020496
0.018788 0.043012
0.018714 0.021023
0.018617 0.018627
0.018547 0.019056
0.018474 0.020190
0.018449 0.023289
0.018401 0.025724
0.018352 0.019673
0.018315 0.020021
0.018254 0.023155
0.018195 0.021345
0.018178 0.019683
0.018055 0.019521
0.018051 0.018854
0.017941 0.023278
0.017930 0.022720
0.017864 0.026286
0.017848 0.018330
0.017846 0.025758
0.017810 0.018064
0.017803 0.036412
0.017788 0.019081
0.017747 0.019077
0.017623 0.020556
0.017595 0.031094
0.017581 0.034005
0.017579 0.019473
0.017519 0.034353
0.017501 0.021214
0.017489 0.017645
0.017486 0.022990
0.017344 0.023115
0.017343 0.019145
0.017307 0.018118
0.017195 0.017683
0.017146 0.019568
0.017118 0.017792
0.017095 0.025382
0.017032 0.017839
0.016931 0.017579
0.016899 0.022018
0.016890 0.016982
0.016849 0.024324
0.016848 0.017060
0.016704 0.018830
0.016691 0.018744
0.016669 0.017032
0.016642 0.023746
0.016614 0.027366
0.016611 0.033648
0.016610 0.019511
0.016529 0.016740
0.016452 0.018333
0.016415 0.018015
0.016402 0.023007
0.016349 0.016534
0.016299 0.019233
0.016243 0.017229
0.016214 0.016561
0.016198 0.016517
0.016137 0.022213
0.016032 0.016221
0.016022 0.020487
0.015945 0.016166
0.015935 0.019777
0.015907 0.016322
0.015877 0.029108
0.015832 0.017024
0.015811 0.019019
0.015793 0.021226
0.015788 0.016327
0.015724 0.016477
0.015682 0.016453
0.015636 0.018969
0.015632 0.016258
0.015632 0.018334
0.015593 0.015834
0.015454 0.019836
0.015420 0.015432
0.015392 0.015827
0.015387 0.017276
0.015378 0.016616
0.015358 0.023294
0.015286 0.015370
0.015264 0.015355
0.015158 0.018454
0.015134 0.027777
0.015134 0.015786
0.015040 0.015137
0.015016 0.018189
0.014986 0.017388
0.014972 0.018517
0.014948 0.017727
0.014934 0.015120
0.014921 0.019367
0.014913 0.016916
0.014899 0.019892
0.014897 0.015127
0.014894 0.015808
0.014879 0.018109
0.014847 0.016650
0.014832 0.016497
0.014824 0.019943
0.014781 0.019672
0.014731 0.021614
0.014728 0.016494
0.014727 0.020776
0.014724 0.015277
0.014715 0.014891
0.014692 0.014806
0.014672 0.016769
0.014635 0.017099
0.014619 0.014824
0.014615 0.014761
0.014576 0.015211
0.014562 0.016591
0.014559 0.025709
0.014554 0.014920
0.014523 0.014655
0.014511 0.016936
0.014490 0.015480
0.014490 0.014815
0.014483 0.015362
0.014410 0.015135
0.014402 0.019540
0.014360 0.017502
0.014351 0.021251
0.014334 0.015679
0.014328 0.027687
0.014274 0.015338
0.014264 0.022605
0.014244 0.014889
0.014244 0.026710
0.014202 0.026278
0.014182 0.023212
0.014125 0.017947
0.014115 0.018986
0.014115 0.033967
0.014108 0.014168
0.014081 0.016256
0.014052 0.015744
0.014003 0.016842
0.013994 0.016624
0.013958 0.014189
0.013931 0.027538
0.013929 0.014036
0.013923 0.014872
0.013869 0.020698
0.013865 0.014058
0.013857 0.014674
0.013857 0.016821
0.013832 0.020875
0.013809 0.014765
0.013778 0.023217
0.013764 0.024233
0.013757 0.024310
0.013696 0.016014
0.013674 0.015109
0.013625 0.030535
0.013536 0.014907
0.013531 0.015194
0.013493 0.013556
0.013454 0.017249
0.013451 0.015202
0.013400 0.016456
0.013379 0.014381
0.013378 0.015506
0.013354 0.014093
0.013323 0.015838
0.013312 0.020975
0.013281 0.021442
0.013276 0.013631
0.013275 0.014724
0.013255 0.015111
0.013251 0.020624
0.013235 0.019057
0.013204 0.020018
0.013169 0.023762
0.013168 0.013456
0.013140 0.013999
0.013132 0.013336
0.013131 0.018297
0.013126 0.015193
0.013122 0.019958
0.013117 0.014125
0.013111 0.014538
0.013050 0.015601
0.013050 0.013653
0.013022 0.016201
0.013016 0.013698
0.013005 0.013226
0.012980 0.014723
0.012967 0.013069
0.012962 0.014179
0.012959 0.016450
0.012838 0.020468
0.012835 0.014837
0.012824 0.016179
0.012799 0.027463
0.012784 0.014628
0.012762 0.013827
0.012753 0.015465
0.012749 0.014468
0.012741 0.015013
0.012736 0.013697
0.012701 0.013123
0.012685 0.017237
0.012683 0.014393
0.012672 0.022271
0.012671 0.016616
0.012658 0.015875
0.012657 0.015027
0.012630 0.017285
0.012624 0.014914
0.012593 0.026331
0.012576 0.016004
0.012567 0.021927
0.012548 0.014619
0.012525 0.012867
0.012525 0.013166
0.012524 0.013093
0.012495 0.015764
0.012457 0.023894
0.012447 0.014181
0.012442 0.012555
0.012429 0.019586
0.012428 0.016923
0.012426 0.016863
0.012425 0.016600
0.012409 0.015611
0.012399 0.013376
0.012378 0.012806
0.012376 0.013493
0.012372 0.015745
0.012358 0.017106
0.012340 0.016536
0.012333 0.012727
0.012329 0.016626
0.012311 0.021581
0.012286 0.012945
0.012241 0.012475
0.012236 0.014521
0.012218 0.013156
0.012206 0.012761
0.012204 0.018509
0.012200 0.013274
0.012200 0.015530
0.012200 0.014845
0.012183 0.016014
0.012178 0.012738
0.012171 0.014143
0.012129 0.016850
0.012128 0.014001
0.012112 0.016261
0.012105 0.012635
0.012093 0.012420
0.012086 0.012722
0.012075 0.014979
0.012059 0.012539
0.012038 0.012514
0.012036 0.013283
0.012031 0.022122
0.012020 0.015237
0.012007 0.012990
0.011997 0.017497
0.011955 0.012993
0.011942 0.013413
0.011941 0.014600
0.011932 0.013424
0.011918 0.012138
0.011892 0.012636
0.011885 0.012370
0.011848 0.021313
0.011833 0.012505
0.011821 0.014953
0.011817 0.013218
0.011795 0.014847
0.011785 0.012356
0.011780 0.018088
0.011776 0.012577
0.011756 0.017410
0.011751 0.012365
0.011722 0.015169
0.011698 0.012373
0.011685 0.014783
0.011661 0.020889
0.011660 0.012019
0.011646 0.011759
0.011642 0.014641
0.011640 0.019914
0.011592 0.016551
0.011586 0.016662
0.011583 0.014202
0.011540 0.012102
0.011536 0.014401
0.011534 0.013340
0.011530 0.013472
0.011525 0.014315
0.011472 0.011481
0.011470 0.014100
0.011465 0.011999
0.011464 0.016501
0.011445 0.012326
0.011442 0.012628
0.011432 0.012616
0.011405 0.015649
0.011389 0.014733
0.011381 0.012207
0.011376 0.014007
0.011362 0.013246
0.011356 0.012446
0.011300 0.015116
0.011258 0.011363
0.011251 0.012405
0.011250 0.015363
0.011240 0.016074
0.011203 0.011529
0.011200 0.015243
0.011194 0.017932
0.011181 0.012185
0.011139 0.018251
0.011133 0.012227
0.011126 0.013693
0.011116 0.016491
0.011115 0.014079
0.011108 0.011467
0.011103 0.011105
0.011102 0.011471
0.011093 0.011684
0.011083 0.013422
0.011066 0.011309
0.011050 0.012937
0.011025 0.011561
0.011017 0.011874
0.010989 0.012346
0.010986 0.012437
0.010981 0.017204
0.010975 0.013606
0.010956 0.012452
0.010943 0.011452
0.010940 0.011564
0.010939 0.011887
0.010927 0.012424
0.010925 0.017555
0.010909 0.016708
0.010892 0.011210
0.010859 0.010951
0.010851 0.012690
0.010850 0.016415
0.010849 0.011466
0.010844 0.012886
0.010842 0.012036
0.010829 0.014201
0.010824 0.011117
0.010817 0.011166
0.010817 0.010889
0.010812 0.021935
0.010780 0.011077
0.010772 0.013157
0.010765 0.011247
0.010757 0.011781
0.010699 0.011052
0.010697 0.015122
0.010693 0.012255
0.010681 0.010889
0.010679 0.012478
0.010669 0.011097
0.010648 0.012084
0.010647 0.012752
0.010643 0.013746
0.010630 0.011686
0.010625 0.010722
0.010612 0.013174
0.010564 0.010576
0.010564 0.013682
0.010556 0.011168
0.010551 0.011905
0.010551 0.011554
0.010537 0.011846
0.010532 0.015550
0.010531 0.011194
0.010528 0.011371
0.010493 0.013794
0.010487 0.016825
0.010473 0.010811
0.010469 0.010619
0.010448 0.013250
0.010430 0.017127
0.010426 0.011234
0.010407 0.015116
0.010406 0.010688
0.010395 0.012174
0.010385 0.010936
0.010384 0.010395
0.010382 0.011045
0.010373 0.013944
0.010373 0.012753
0.010362 0.011757
0.010360 0.012582
0.010355 0.010796
0.010343 0.015320
0.010339 0.011483
0.010334 0.011360
0.010323 0.014431
0.010323 0.011223
0.010309 0.010878
0.010300 0.014805
0.010295 0.012461
0.010288 0.010799
0.010281 0.010743
0.010271 0.010336
0.010271 0.012029
0.010268 0.011808
0.010265 0.011010
0.010257 0.011226
0.010245 0.011785
0.010243 0.013115
0.010240 0.010628
0.010237 0.018186
0.010230 0.010302
0.010223 0.012543
0.010217 0.010440
0.010216 0.013214
0.010209 0.019967
0.010185 0.014867
0.010183 0.011512
0.010178 0.012058
0.010176 0.010178
0.010149 0.010409
0.010141 0.015922
0.010138 0.010441
0.010130 0.010471
0.010119 0.013988
0.010117 0.012449
0.010112 0.010993
0.010099 0.013586
0.010094 0.012138
0.010081 0.012603
0.010079 0.011809
0.010076 0.018101
0.010072 0.011222
0.010066 0.010747
0.010066 0.010329
0.010065 0.012472
0.010057 0.011380
0.010055 0.018911
0.010045 0.011950
0.010036 0.019514
0.010020 0.011620
0.010015 0.010261
0.009985 0.010032
0.009982 0.010418
0.009979 0.011516
0.009977 0.012774
0.009958 0.013143
0.009952 0.010308
0.009950 0.011613
0.009947 0.020127
0.009902 0.009946
0.009876 0.013346
0.009839 0.011394
0.009819 0.010521
0.009804 0.009920
0.009802 0.010572
0.009796 0.016023
0.009792 0.012016
0.009782 0.011908
0.009773 0.010601
0.009766 0.011553
0.009760 0.011815
0.009758 0.011975
0.009756 0.010279
0.009746 0.009801
0.009740 0.016739
0.009737 0.010536
0.009735 0.009909
0.009731 0.014424
0.009728 0.011994
0.009728 0.009983
0.009721 0.009725
0.009717 0.011599
0.009709 0.018131
0.009695 0.010381
0.009695 0.010629
0.009694 0.010223
0.009673 0.011595
0.009669 0.015959
0.009658 0.014221
0.009647 0.014154
0.009638 0.009666
0.009638 0.009768
0.009634 0.013257
0.009632 0.012292
0.009629 0.009687
0.009627 0.011114
0.009622 0.010204
0.009621 0.009828
0.009607 0.009788
0.009606 0.009837
0.009566 0.011704
0.009559 0.012988
0.009551 0.010347
0.009546 0.010045
0.009515 0.012784
0.009512 0.010175
0.009499 0.011760
0.009490 0.009516
0.009484 0.012422
0.009483 0.012688
0.009459 0.012489
0.009455 0.010276
0.009450 0.009684
0.009443 0.009532
0.009443 0.016338
0.009426 0.010560
0.009425 0.013115
0.009406 0.010008
0.009391 0.014358
0.009390 0.011277
0.009388 0.009645
0.009387 0.010065
0.009386 0.011951
0.009357 0.013605
0.009354 0.009477
0.009353 0.010644
0.009345 0.013293
0.009321 0.010861
0.009321 0.009479
0.009316 0.010427
0.009307 0.011685
0.009293 0.009322
0.009291 0.014267
0.009290 0.009481
0.009277 0.009717
0.009273 0.015781
0.009266 0.010095
0.009261 0.011049
0.009258 0.009683
0.009241 0.011220
0.009230 0.009753
0.009229 0.013204
0.009219 0.011513
0.009210 0.010029
0.009207 0.019936
0.009206 0.009215
0.009202 0.013029
0.009199 0.010456
0.009181 0.011240
0.009176 0.009619
0.009168 0.012244
0.009168 0.011121
0.009163 0.009272
0.009146 0.010269
0.009133 0.010155
0.009130 0.010752
0.009128 0.010267
0.009122 0.009375
0.009121 0.010632
0.009113 0.009390
0.009108 0.010832
0.009107 0.010704
0.009078 0.010558
0.009075 0.012445
0.009068 0.010686
0.009067 0.009381
0.009058 0.009651
0.009057 0.009686
0.009055 0.012724
0.009050 0.009209
0.009041 0.010514
0.009033 0.011204
0.009008 0.011703
0.009007 0.010598
0.009001 0.011607
0.009001 0.009899
0.008999 0.009353
0.008996 0.011505
0.008991 0.010438
0.008975 0.009406
0.008972 0.010434
0.008968 0.009888
0.008966 0.012358
0.008939 0.009800
0.008935 0.009372
0.008925 0.013229
0.008924 0.009796
0.008923 0.009196
0.008914 0.010382
0.008904 0.010418
0.008891 0.011490
0.008889 0.009178
0.008887 0.008964
0.008887 0.012873
0.008884 0.009798
0.008883 0.008977
0.008883 0.009204
0.008882 0.010156
0.008880 0.014022
0.008874 0.018009
0.008872 0.012651
0.008863 0.019263
0.008863 0.009537
0.008856 0.010016
0.008837 0.011191
0.008831 0.010276
0.008816 0.009660
0.008816 0.009224
0.008814 0.009042
0.008807 0.010347
0.008804 0.009084
0.008803 0.009172
0.008801 0.010329
0.008799 0.013476
0.008796 0.009813
0.008794 0.009778
0.008792 0.009140
0.008788 0.011988
0.008785 0.008996
0.008783 0.010514
0.008781 0.012097
0.008779 0.009770
0.008777 0.009636
0.008770 0.009741
0.008768 0.009577
0.008754 0.010508
0.008738 0.012743
0.008736 0.012488
0.008730 0.009551
0.008728 0.009766
0.008727 0.011103
0.008722 0.012623
0.008704 0.010909
0.008704 0.012963
0.008700 0.011890
0.008697 0.010492
0.008685 0.010020
0.008675 0.014086
0.008671 0.009058
0.008659 0.009478
0.008651 0.011281
0.008649 0.008664
0.008648 0.010892
0.008641 0.009423
0.008640 0.009003
0.008635 0.009906
0.008634 0.010027
0.008628 0.008761
0.008623 0.009445
0.008613 0.009338
0.008610 0.013842
0.008609 0.008753
0.008597 0.010687
0.008597 0.012716
0.008594 0.010495
0.008590 0.009848
0.008589 0.008702
0.008575 0.008798
0.008574 0.008795
0.008574 0.009184
0.008573 0.009420
0.008565 0.009380
0.008565 0.010304
0.008563 0.009147
0.008562 0.008779
0.008550 0.008576
0.008539 0.010669
0.008525 0.011275
0.008519 0.011841
0.008511 0.013183
0.008507 0.016675
0.008507 0.008523
0.008486 0.008963
0.008482 0.008663
0.008462 0.012647
0.008460 0.009408
0.008457 0.009153
0.008436 0.009579
0.008436 0.010603
0.008434 0.011828
0.008431 0.009727
0.008425 0.008671
0.008423 0.008582
0.008423 0.014337
0.008414 0.010670
0.008410 0.009357
0.008397 0.008808
0.008391 0.008630
0.008391 0.012173
0.008388 0.011049
0.008388 0.008841
0.008378 0.010219
0.008377 0.008500
0.008376 0.011174
0.008370 0.013622
0.008368 0.009248
0.008359 0.013124
0.008355 0.009668
0.008353 0.011311
0.008352 0.009519
0.008351 0.009339
0.008350 0.009246
0.008344 0.012544
0.008337 0.008481
0.008329 0.008843
0.008321 0.009040
0.008321 0.013141
0.008318 0.008903
0.008313 0.008701
0.008292 0.016595
0.008282 0.013192
0.008281 0.011307
0.008270 0.008408
0.008266 0.008300
0.008263 0.010406
0.008257 0.008427
0.008254 0.008856
0.008252 0.012710
0.008245 0.012736
0.008235 0.008554
0.008233 0.010842
0.008225 0.008951
0.008221 0.009069
0.008217 0.008237
0.008212 0.009197
0.008206 0.009044
0.008203 0.009178
0.008201 0.010823
0.008198 0.012960
0.008196 0.009402
0.008193 0.010247
0.008193 0.013386
0.008188 0.009569
0.008187 0.010348
0.008185 0.014466
0.008176 0.008289
0.008173 0.009641
0.008173 0.011633
0.008166 0.008229
0.008157 0.013214
0.008155 0.009054
0.008153 0.011656
0.008142 0.010879
0.008134 0.013900
0.008132 0.008211
0.008132 0.008404
0.008120 0.010948
0.008119 0.009439
0.008111 0.009102
0.008108 0.009283
0.008105 0.010989
0.008103 0.008330
0.008098 0.014857
0.008098 0.008433
0.008094 0.009787
0.008093 0.009433
0.008082 0.008167
0.008081 0.013095
0.008075 0.008179
0.008068 0.008441
0.008064 0.009332
0.008062 0.016791
0.008062 0.010418
0.008058 0.009800
0.008053 0.009923
0.008052 0.008796
0.008051 0.008674
0.008044 0.013588
0.008037 0.008573
0.008035 0.009470
0.008034 0.008850
0.008033 0.008057
0.008019 0.008564
0.008018 0.012106
0.007995 0.009520
0.007994 0.008991
0.007993 0.008904
0.007987 0.010226
0.007981 0.008706
0.007980 0.008059
0.007976 0.010016
0.007975 0.010618
0.007974 0.008590
0.007969 0.009099
0.007967 0.009541
0.007965 0.008785
0.007961 0.014364
0.007959 0.010697
0.007958 0.011541
0.007955 0.008604
0.007955 0.008393
0.007944 0.007959
0.007931 0.008079
0.007921 0.008519
0.007919 0.017205
0.007917 0.008051
0.007912 0.009261
0.007909 0.007952
0.007903 0.008871
0.007903 0.008792
0.007899 0.008348
0.007896 0.013644
0.007895 0.015680
0.007893 0.008154
0.007889 0.008034
0.007875 0.008463
0.007874 0.013671
0.007872 0.011134
0.007871 0.009751
0.007868 0.008031
0.007867 0.013138
0.007866 0.013804
0.007865 0.010111
0.007862 0.013046
0.007855 0.010180
0.007854 0.009605
0.007851 0.008354
0.007848 0.008104
0.007844 0.007912
0.007825 0.008853
0.007804 0.010485
0.007798 0.015965
0.007793 0.018095
0.007788 0.008190
0.007787 0.010333
0.007782 0.009679
0.007774 0.012254
0.007774 0.008432
0.007774 0.013044
0.007766 0.010454
0.007760 0.008250
0.007755 0.008511
0.007754 0.010148
0.007754 0.007926
0.007745 0.008215
0.007737 0.009097
0.007737 0.007910
0.007736 0.010114
0.007733 0.008420
0.007730 0.010936
0.007729 0.009910
0.007726 0.010262
0.007725 0.010913
0.007723 0.008156
0.007723 0.008982
0.007720 0.009766
0.007718 0.013120
0.007715 0.009522
0.007714 0.009262
0.007705 0.010294
0.007703 0.009803
0.007703 0.010427
0.007699 0.010240
0.007697 0.007746
0.007695 0.007828
0.007690 0.014310
0.007685 0.008324
0.007677 0.011992
0.007677 0.010802
0.007669 0.009164
0.007666 0.009252
0.007665 0.010005
0.007664 0.012150
0.007663 0.007971
0.007657 0.008268
0.007656 0.013222
0.007647 0.008681
0.007647 0.011959
0.007641 0.008422
0.007639 0.009659
0.007637 0.007938
0.007634 0.008122
0.007623 0.008280
0.007617 0.014932
0.007616 0.014002
0.007611 0.008020
0.007611 0.009322
0.007608 0.008688
0.007606 0.010009
0.007606 0.009972
0.007602 0.008224
0.007593 0.009433
0.007590 0.008639
0.007588 0.015801
0.007584 0.009185
0.007577 0.014242
0.007575 0.009200
0.007575 0.008054
0.007571 0.008316
0.007569 0.008115
0.007564 0.011359
0.007560 0.007859
0.007558 0.007800
0.007556 0.007940
0.007552 0.009686
0.007549 0.007593
0.007548 0.007747
0.007545 0.011391
0.007543 0.009865
0.007539 0.008405
0.007537 0.014193
0.007536 0.010027
0.007532 0.007606
0.007525 0.013800
0.007523 0.009494
0.007523 0.007544
0.007521 0.011724
0.007521 0.008991
0.007519 0.011460
0.007518 0.008523
0.007517 0.009350
0.007511 0.009440
0.007509 0.009379
0.007495 0.008587
0.007485 0.008317
0.007481 0.012548
0.007475 0.009067
0.007474 0.007495
0.007472 0.007612
0.007467 0.008288
0.007463 0.011013
0.007462 0.008884
0.007450 0.008116
0.007440 0.014360
0.007438 0.009257
0.007436 0.008796
0.007433 0.008704
0.007428 0.007471
0.007414 0.009955
0.007414 0.009325
0.007414 0.009544
0.007413 0.009046
0.007413 0.012375
0.007412 0.010545
0.007409 0.008132
0.007408 0.014591
0.007399 0.007893
0.007399 0.011706
0.007390 0.008044
0.007384 0.008196
0.007383 0.007792
0.007381 0.012040
0.007378 0.011077
0.007374 0.008070
0.007364 0.009207
0.007359 0.011482
0.007358 0.007748
0.007355 0.007904
0.007354 0.008932
0.007350 0.009645
0.007346 0.012141
0.007343 0.013470
0.007342 0.012755
0.007334 0.007953
0.007325 0.007634
0.007321 0.008772
0.007312 0.013274
0.007309 0.010792
0.007299 0.007767
0.007297 0.007307
0.007296 0.009302
0.007291 0.008197
0.007287 0.008588
0.007286 0.014488
0.007282 0.009726
0.007280 0.007839
0.007277 0.008358
0.007276 0.007369
0.007276 0.007828
0.007272 0.008249
0.007262 0.008764
0.007258 0.008114
0.007258 0.009981
0.007257 0.010908
0.007257 0.008567
0.007256 0.007690
0.007240 0.007956
0.007239 0.008312
0.007236 0.009231
0.007235 0.009192
0.007235 0.008470
0.007227 0.007826
0.007226 0.009441
0.007226 0.009205
0.007225 0.011847
0.007224 0.007234
0.007219 0.008037
0.007216 0.007498
0.007208 0.008228
0.007203 0.007504
0.007202 0.011154
0.007198 0.007298
0.007195 0.007271
0.007193 0.010448
0.007190 0.014675
0.007180 0.007707
0.007168 0.010988
0.007167 0.007171
0.007165 0.007188
0.007163 0.007186
0.007160 0.007986
0.007159 0.007980
0.007155 0.007942
0.007147 0.008095
0.007142 0.009294
0.007139 0.011071
0.007138 0.008762
0.007132 0.007416
0.007126 0.007139
0.007120 0.009552
0.007118 0.007145
0.007117 0.011743
0.007117 0.009452
0.007091 0.008581
0.007085 0.007762
0.007084 0.007674
0.007084 0.009667
0.007082 0.010835
0.007082 0.007642
0.007077 0.013985
0.007076 0.007246
0.007076 0.010156
0.007075 0.007779
0.007059 0.007222
0.007058 0.008039
0.007057 0.010987
0.007053 0.009490
0.007051 0.009371
0.007043 0.014641
0.007042 0.007336
0.007039 0.016047
0.007038 0.007536
0.007036 0.007222
0.007035 0.014375
0.007029 0.011506
0.007026 0.007542
0.007021 0.012324
0.007018 0.007528
0.007010 0.010225
0.006999 0.007596
0.006999 0.008032
0.006998 0.009722
0.006991 0.016874
0.006973 0.008884
0.006973 0.009275
0.006972 0.007050
0.006972 0.016635
0.006969 0.009370
0.006965 0.010111
0.006961 0.009938
0.006959 0.007111
0.006955 0.013756
0.006955 0.008259
0.006951 0.012882
0.006946 0.007871
0.006944 0.014816
0.006943 0.013096
0.006940 0.007227
0.006936 0.007766
0.006935 0.008017
0.006934 0.007641
0.006930 0.007566
0.006929 0.009617
0.006928 0.007452
0.006927 0.010427
0.006919 0.009425
0.006903 0.007305
0.006900 0.006937
0.006895 0.008211
0.006895 0.007286
0.006882 0.007933
0.006878 0.011294
0.006876 0.008675
0.006876 0.011238
0.006874 0.007466
0.006872 0.008636
0.006859 0.007199
0.006859 0.009377
0.006852 0.007100
0.006852 0.009579
0.006851 0.006908
0.006849 0.007616
0.006835 0.007948
0.006809 0.007182
0.006805 0.007132
0.006803 0.007442
0.006802 0.014844
0.006801 0.006946
0.006788 0.013604
0.006784 0.010986
0.006780 0.012218
0.006776 0.006803
0.006769 0.010883
0.006763 0.007622
0.006761 0.007024
0.006760 0.008146
0.006760 0.008406
0.006759 0.008686
0.006757 0.008418
0.006755 0.007260
0.006754 0.007270
0.006753 0.008120
0.006751 0.007093
0.006749 0.009116
0.006744 0.011399
0.006742 0.010797
0.006734 0.009675
0.006727 0.010011
0.006727 0.008660
0.006723 0.008046
0.006720 0.006860
0.006717 0.010149
0.006712 0.008085
0.006708 0.007919
0.006705 0.011481
0.006705 0.006710
0.006704 0.008064
0.006700 0.016121
0.006697 0.009030
0.006688 0.007896
0.006686 0.010579
0.006672 0.008671
0.006668 0.009269
0.006660 0.009453
0.006655 0.010880
0.006654 0.007248
0.006653 0.012169
0.006647 0.008223
0.006645 0.007712
0.006644 0.008135
0.006643 0.009583
0.006627 0.007656
0.006627 0.008967
0.006620 0.009110
0.006611 0.010734
0.006610 0.009063
0.006607 0.008111
0.006607 0.007178
0.006607 0.007789
0.006600 0.007723
0.006597 0.010918
0.006595 0.006920
0.006593 0.014591
0.006591 0.006937
0.006589 0.009312
0.006581 0.007271
0.006577 0.008535
0.006574 0.006653
0.006572 0.006948
0.006572 0.008571
0.006567 0.006968
0.006560 0.007285
0.006549 0.006862
0.006546 0.007582
0.006544 0.009302
0.006536 0.011727
0.006536 0.009518
0.006514 0.008233
0.006514 0.007985
0.006514 0.007063
0.006511 0.007690
0.006510 0.007573
0.006510 0.006961
0.006506 0.008151
0.006500 0.018491
0.006500 0.008614
0.006494 0.006617
0.006492 0.007110
0.006487 0.006670
0.006482 0.007059
0.006479 0.006679
0.006473 0.009991
0.006466 0.007478
0.006463 0.008026
0.006462 0.008068
0.006460 0.007209
0.006456 0.007273
0.006452 0.006822
0.006450 0.006697
0.006449 0.010716
0.006447 0.006486
0.006445 0.008651
0.006435 0.011936
0.006433 0.006909
0.006430 0.010530
0.006429 0.007089
0.006422 0.010269
0.006421 0.008150
0.006420 0.007090
0.006418 0.008306
0.006416 0.008430
0.006410 0.007451
0.006409 0.007442
0.006404 0.007353
0.006395 0.009980
0.006388 0.007002
0.006383 0.007234
0.006383 0.006590
0.006360 0.006418
0.006359 0.006419
0.006356 0.006555
0.006352 0.008519
0.006352 0.007234
0.006351 0.008043
0.006348 0.006519
0.006346 0.006909
0.006344 0.006451
0.006343 0.006379
0.006341 0.007120
0.006338 0.007384
0.006337 0.006939
0.006332 0.009018
0.006330 0.007318
0.006327 0.006928
0.006324 0.009195
0.006319 0.007604
0.006316 0.011046
0.006314 0.009674
0.006308 0.007229
0.006307 0.009505
0.006302 0.012895
0.006296 0.011643
0.006293 0.009412
0.006292 0.006760
0.006291 0.007675
0.006285 0.006367
0.006284 0.009133
0.006281 0.006837
0.006280 0.009350
0.006275 0.006531
0.006271 0.009010
0.006270 0.008065
0.006269 0.009047
0.006267 0.006592
0.006262 0.008353
0.006260 0.006485
0.006256 0.008542
0.006255 0.008179
0.006255 0.008248
0.006254 0.011682
0.006253 0.009786
0.006247 0.006570
0.006242 0.006316
0.006238 0.006491
0.006233 0.007332
0.006227 0.007738
0.006226 0.006452
0.006217 0.014829
0.006216 0.007646
0.006210 0.011635
0.006209 0.011447
0.006207 0.007078
0.006204 0.006298
0.006203 0.012848
0.006200 0.006480
0.006197 0.009079
0.006196 0.007905
0.006193 0.008330
0.006188 0.006624
0.006185 0.008182
0.006183 0.006516
0.006182 0.006400
0.006178 0.010018
0.006174 0.007877
0.006174 0.006357
0.006169 0.009362
0.006167 0.009108
0.006163 0.006716
0.006155 0.008331
0.006155 0.008933
0.006154 0.009611
0.006153 0.009646
0.006145 0.010281
0.006144 0.006182
0.006136 0.006764
0.006130 0.009183
0.006125 0.006765
0.006124 0.013417
0.006118 0.010549
0.006118 0.007185
0.006117 0.007240
0.006116 0.011192
0.006116 0.012292
0.006111 0.006222
0.006100 0.007157
0.006092 0.008758
0.006089 0.006648
0.006081 0.006235
0.006071 0.006147
0.006071 0.009625
0.006070 0.014113
0.006068 0.006096
0.006066 0.009465
0.006065 0.009993
0.006061 0.009766
0.006049 0.006178
0.006041 0.008737
0.006041 0.006936
0.006040 0.008014
0.006039 0.009617
0.006038 0.006094
0.006036 0.010964
0.006035 0.008015
0.006035 0.009616
0.006029 0.006081
0.006027 0.006276
0.006023 0.006936
0.006023 0.010040
0.006015 0.008165
0.006014 0.006360
0.006012 0.006379
0.006003 0.006020
0.006002 0.007000
0.006002 0.006207
0.006002 0.006843
0.005997 0.008636
0.005990 0.007475
0.005989 0.006303
0.005987 0.009825
0.005984 0.006867
0.005978 0.006108
0.005970 0.007562
0.005968 0.006789
0.005967 0.008720
0.005966 0.006128
0.005958 0.006959
0.005957 0.007558
0.005956 0.006514
0.005954 0.007520
0.005944 0.006211
0.005942 0.006897
0.005939 0.007953
0.005937 0.007915
0.005934 0.009188
0.005925 0.007727
0.005923 0.009971
0.005921 0.006795
0.005916 0.006340
0.005916 0.010778
0.005915 0.008766
0.005914 0.007707
0.005909 0.009078
0.005908 0.007058
0.005904 0.006613
0.005899 0.014396
0.005896 0.009693
0.005889 0.006300
0.005886 0.012804
0.005879 0.006240
0.005878 0.007012
0.005873 0.006679
0.005869 0.006762
0.005868 0.010613
0.005865 0.006932
0.005864 0.006064
0.005862 0.006931
0.005862 0.006510
0.005861 0.006814
0.005857 0.006924
0.005853 0.009357
0.005851 0.007220
0.005846 0.007380
0.005839 0.007059
0.005834 0.006203
0.005828 0.006063
0.005827 0.005900
0.005823 0.006066
0.005821 0.007654
0.005818 0.006036
0.005813 0.012206
0.005812 0.006169
0.005797 0.007518
0.005795 0.006229
0.005794 0.009483
0.005792 0.008481
0.005791 0.006522
0.005785 0.006855
0.005784 0.006414
0.005783 0.008490
0.005781 0.006025
0.005757 0.009568
0.005757 0.016172
0.005755 0.006345
0.005753 0.008114
0.005735 0.012058
0.005733 0.008600
0.005729 0.006294
0.005722 0.007320
0.005715 0.006113
0.005715 0.009154
0.005708 0.006210
0.005705 0.009525
0.005705 0.007529
0.005704 0.006725
0.005702 0.006747
0.005701 0.006092
0.005699 0.005742
0.005695 0.006324
0.005692 0.007263
0.005689 0.005985
0.005688 0.006216
0.005684 0.006720
0.005678 0.011033
0.005672 0.005843
0.005671 0.005993
0.005667 0.008300
0.005662 0.006583
0.005660 0.006657
0.005657 0.005818
0.005653 0.006418
0.005645 0.007396
0.005644 0.006233
0.005638 0.008787
0.005635 0.006450
0.005635 0.006218
0.005634 0.006817
0.005630 0.006103
0.005627 0.008547
0.005627 0.006183
0.005625 0.006563
0.005625 0.006196
0.005625 0.006391
0.005624 0.010917
0.005619 0.006806
0.005616 0.006139
0.005616 0.007856
0.005611 0.005980
0.005610 0.006526
0.005608 0.010177
0.005606 0.006943
0.005603 0.007494
0.005602 0.006536
0.005598 0.009591
0.005598 0.005644
0.005595 0.007816
0.005593 0.012216
0.005590 0.007011
0.005583 0.008543
0.005582 0.007453
0.005581 0.006214
0.005572 0.006131
0.005570 0.006199
0.005567 0.007137
0.005559 0.008384
0.005553 0.008777
0.005552 0.007071
0.005551 0.005827
0.005550 0.007289
0.005546 0.008899
0.005545 0.006575
0.005542 0.009334
0.005538 0.006603
0.005536 0.007774
0.005535 0.006623
0.005528 0.006637
0.005528 0.011492
0.005523 0.005857
0.005520 0.007958
0.005515 0.006023
0.005513 0.010406
0.005511 0.005633
0.005509 0.006725
0.005498 0.008704
0.005495 0.008301
0.005494 0.010625
0.005493 0.009932
0.005489 0.014746
0.005480 0.005692
0.005479 0.010717
0.005477 0.007839
0.005477 0.006491
0.005477 0.005756
0.005474 0.008744
0.005474 0.006790
0.005471 0.006049
0.005468 0.008787
0.005462 0.009381
0.005460 0.007571
0.005457 0.005547
0.005457 0.005646
0.005455 0.005953
0.005447 0.005500
0.005431 0.005465
0.005428 0.007087
0.005427 0.009862
0.005423 0.007714
0.005421 0.009866
0.005420 0.007796
0.005416 0.005564
0.005416 0.005692
0.005415 0.005580
0.005412 0.005557
0.005407 0.005961
0.005402 0.005980
0.005402 0.009546
0.005397 0.007895
0.005394 0.005437
0.005389 0.007810
0.005381 0.009572
0.005377 0.006766
0.005356 0.005468
0.005354 0.005672
0.005349 0.006721
0.005339 0.011196
0.005336 0.005848
0.005335 0.008231
0.005331 0.005884
0.005319 0.006237
0.005306 0.011688
0.005304 0.016036
0.005292 0.005537
0.005287 0.010485
0.005287 0.005477
0.005285 0.007273
0.005282 0.005397
0.005281 0.012562
0.005279 0.005955
0.005269 0.006029
0.005267 0.005690
0.005266 0.006983
0.005265 0.006886
0.005265 0.013623
0.005260 0.006824
0.005260 0.005317
0.005259 0.005486
0.005254 0.007056
0.005231 0.011099
0.005231 0.006667
0.005225 0.008523
0.005225 0.005611
0.005218 0.007559
0.005214 0.005436
0.005206 0.011445
0.005204 0.005553
0.005203 0.010813
0.005200 0.005390
0.005195 0.005829
0.005193 0.005686
0.005191 0.008077
0.005181 0.005231
0.005180 0.007083
0.005176 0.007615
0.005174 0.015531
0.005173 0.007145
0.005172 0.007995
0.005159 0.005383
0.005156 0.009026
0.005156 0.013598
0.005156 0.007518
0.005154 0.005974
0.005153 0.005365
0.005150 0.008832
0.005148 0.006218
0.005148 0.005264
0.005147 0.005816
0.005146 0.005759
0.005144 0.005982
0.005144 0.005960
0.005140 0.005642
0.005139 0.008836
0.005132 0.010017
0.005130 0.005866
0.005118 0.005691
0.005114 0.005149
0.005111 0.006652
0.005111 0.005203
0.005111 0.006599
0.005099 0.008239
0.005093 0.005213
0.005085 0.005685
0.005080 0.007360
0.005079 0.005155
0.005078 0.006516
0.005077 0.005322
0.005063 0.005154
0.005060 0.005467
0.005054 0.009581
0.005051 0.006622
0.005039 0.005371
0.005038 0.008367
0.005032 0.005578
0.005018 0.005358
0.005018 0.005342
0.005007 0.007949
0.004998 0.005935
0.004989 0.009881
0.004988 0.005773
0.004987 0.006255
0.004982 0.008957
0.004974 0.006561
0.004973 0.006207
0.004970 0.005853
0.004968 0.005810
0.004961 0.004979
0.004958 0.005565
0.004953 0.005296
0.004953 0.005345
0.004951 0.006432
0.004946 0.006610
0.004942 0.005260
0.004940 0.005010
0.004933 0.005033
0.004933 0.008653
0.004931 0.005258
0.004930 0.005381
0.004929 0.005246
0.004924 0.005469
0.004915 0.006167
0.004915 0.005249
0.004903 0.005170
0.004901 0.006027
0.004900 0.007436
0.004895 0.006181
0.004893 0.006733
0.004885 0.007219
0.004883 0.008587
0.004883 0.005038
0.004869 0.005097
0.004868 0.006688
0.004867 0.011094
0.004867 0.006421
0.004856 0.005205
0.004856 0.005333
0.004855 0.005035
0.004854 0.005070
0.004840 0.006326
0.004829 0.007553
0.004812 0.005993
0.004808 0.004955
0.004804 0.006811
0.004791 0.004830
0.004790 0.005264
0.004783 0.006932
0.004777 0.005358
0.004776 0.005695
0.004772 0.004808
0.004771 0.004811
0.004769 0.004897
0.004769 0.008310
0.004759 0.006346
0.004751 0.005305
0.004750 0.004843
0.004742 0.008869
0.004740 0.006545
0.004727 0.005473
0.004725 0.005320
0.004723 0.006015
0.004714 0.005736
0.004706 0.005368
0.004697 0.005376
0.004696 0.007485
0.004689 0.005241
0.004667 0.006200
0.004659 0.004878
0.004655 0.005156
0.004648 0.004756
0.004641 0.005175
0.004638 0.005016
0.004638 0.007226
0.004637 0.006302
0.004632 0.004800
0.004621 0.007329
0.004619 0.004808
0.004611 0.004612
0.004608 0.010809
0.004597 0.006349
0.004592 0.004768
0.004579 0.005732
0.004545 0.004829
0.004542 0.005079
0.004536 0.004716
0.004534 0.006909
0.004533 0.005097
0.004528 0.005697
0.004520 0.007278
0.004515 0.004847
0.004513 0.006354
0.004509 0.004541
0.004500 0.008257
0.004496 0.006010
0.004477 0.004610
0.004466 0.005044
0.004465 0.004511
0.004458 0.004625
0.004456 0.004692
0.004453 0.004906
0.004451 0.005507
0.004447 0.005851
0.004435 0.005042
0.004428 0.004584
0.004427 0.005980
0.004425 0.005145
0.004424 0.004463
0.004423 0.005393
0.004420 0.004472
0.004417 0.006319
0.004416 0.005593
0.004415 0.004477
0.004413 0.004416
0.004413 0.005420
0.004411 0.005254
0.004409 0.005498
0.004406 0.005456
0.004390 0.005116
0.004389 0.004540
0.004385 0.007084
0.004383 0.004846
0.004376 0.008351
0.004375 0.006049
0.004368 0.004927
0.004355 0.004648
0.004355 0.005930
0.004353 0.004394
0.004338 0.004754
0.004333 0.005091
0.004331 0.004658
0.004327 0.004944
0.004314 0.005095
0.004301 0.008188
0.004295 0.005365
0.004288 0.004675
0.004285 0.004365
0.004284 0.004399
0.004273 0.005344
0.004251 0.005579
0.004243 0.005095
0.004229 0.004777
0.004219 0.004979
0.004215 0.004449
0.004213 0.004214
0.004208 0.005306
0.004185 0.004469
0.004184 0.006694
0.004182 0.005316
0.004170 0.004986
0.004142 0.004792
0.004139 0.004690
0.004138 0.004829
0.004136 0.006417
0.004128 0.005492
0.004120 0.006387
0.004096 0.005314
0.004082 0.005184
0.004080 0.004942
0.004073 0.004464
0.004071 0.004107
0.004071 0.004285
0.004057 0.005376
0.004051 0.004057
0.004051 0.004849
0.004048 0.004790
0.004047 0.004393
0.004026 0.005788
0.004007 0.004658
0.003998 0.004165
0.003988 0.004332
0.003982 0.004901
0.003970 0.004198
0.003968 0.003991
0.003938 0.004589
0.003931 0.003941
0.003926 0.005180
0.003925 0.004855
0.003896 0.004069
0.003892 0.004381
0.003890 0.005104
0.003875 0.005648
0.003867 0.003963
0.003863 0.004030
0.003801 0.005233
0.003779 0.004872
0.003778 0.004026
0.003773 0.003827
0.003752 0.003793
0.003730 0.003777
0.003728 0.003980
0.003728 0.004048
0.003728 0.005006
0.003726 0.004898
0.003708 0.003994
0.003708 0.003841
0.003705 0.003942
0.003697 0.003710
0.003695 0.003814
0.003679 0.003752
0.003657 0.003977
0.003644 0.003883
0.003637 0.005730
0.003624 0.003995
0.003610 0.005457
0.003605 0.004143
0.003604 0.003653
0.003599 0.003722
0.003581 0.004593
0.003573 0.003899
0.003573 0.003679
0.003541 0.003610
0.003536 0.003604
0.003518 0.007403
0.003515 0.005201
0.003502 0.004210
0.003492 0.007775
0.003482 0.003483
0.003460 0.003689
0.003456 0.003908
0.003452 0.003663
0.003450 0.003987
0.003449 0.004655
0.003446 0.004307
0.003397 0.003587
0.003382 0.003724
0.003378 0.003429
0.003362 0.004241
0.003354 0.003821
0.003330 0.003999
0.003295 0.004208
0.003282 0.003867
0.003222 0.003251
0.003156 0.004030
0.003136 0.003487
0.003132 0.003528
0.003053 0.003566
0.003043 0.003339
0.002987 0.003150
0.002952 0.003857
0.002918 0.003388
0.002901 0.003139
0.002879 0.002888
0.002872 0.003305
0.002859 0.002967
0.002823 0.002951
0.002783 0.003283
0.002753 0.002884
0.002751 0.003232
0.002694 0.003134
0.002646 0.002666
0.002553 0.002570
0.002359 0.002714
0.002317 0.002556
0.002228 0.002238
0.001986 0.002071
0.001957 0.002030
0.001802 0.001827
0.001556 0.001828
0.001385 0.001598
