0.151847 0.155396
0.150016 0.170381
0.093528 0.106533
0.089053 0.090093
0.088301 0.109067
0.080097 0.095967
0.079111 0.079631
0.077645 0.077923
0.077348 0.085865
0.074439 0.091494
0.073454 0.078292
0.069360 0.090773
0.068628 0.080130
0.067678 0.084309
0.064975 0.072681
0.064466 0.074852
0.064316 0.080179
0.062463 0.074133
0.061984 0.090104
0.061900 0.083354
0.060251 0.089953
0.059518 0.064376
0.058547 0.064674
0.057745 0.064895
0.057153 0.100104
0.055820 0.058599
0.055627 0.058398
0.054720 0.060728
0.053609 0.077774
0.053538 0.053784
0.053321 0.053392
0.053211 0.069589
0.052420 0.055451
0.052310 0.061808
0.051926 0.054818
0.050581 0.051589
0.049885 0.055336
0.049660 0.050035
0.049565 0.080649
0.049480 0.074777
0.049475 0.053842
0.048777 0.054525
0.048685 0.049506
0.047556 0.081264
0.047552 0.058294
0.046725 0.058902
0.046643 0.047585
0.045947 0.056075
0.045128 0.071322
0.044968 0.060615
0.044463 0.050197
0.044436 0.063537
0.044428 0.058351
0.044353 0.059621
0.044207 0.045996
0.044205 0.052848
0.043814 0.045058
0.043579 0.049216
0.043511 0.051965
0.043137 0.045429
0.043105 0.058076
0.042939 0.049677
0.042759 0.047967
0.042641 0.045575
0.042590 0.044801
0.042503 0.043901
0.042179 0.049721
0.042167 0.046265
0.042161 0.044392
0.042104 0.066437
0.041801 0.057098
0.041786 0.063704
0.041613 0.042022
0.041517 0.043094
0.041516 0.043703
0.041353 0.041803
0.041251 0.049740
0.040666 0.044972
0.040571 0.040696
0.040335 0.042139
0.040312 0.040643
0.040259 0.042803
0.040054 0.050904
0.039728 0.040609
0.039452 0.044426
0.039451 0.044501
0.038869 0.050073
0.038353 0.047948
0.038280 0.043790
0.038260 0.056825
0.037599 0.049141
0.037537 0.037672
0.036925 0.043420
0.036784 0.039578
0.036747 0.045708
0.036634 0.039048
0.036366 0.042370
0.036108 0.041186
0.036037 0.046618
0.035812 0.047436
0.035674 0.035887
0.035527 0.040150
0.035482 0.050879
0.035161 0.047016
0.035118 0.039545
0.034615 0.035888
0.034380 0.035763
0.034172 0.036963
0.033869 0.035482
0.033836 0.034091
0.033610 0.043650
0.033415 0.036082
0.033252 0.044412
0.033134 0.049690
0.033104 0.039918
0.032971 0.034637
0.032797 0.036554
0.032574 0.033593
0.031650 0.036736
0.031540 0.035112
0.031096 0.034554
0.031048 0.033503
0.030845 0.032259
0.030844 0.052403
0.030493 0.032040
0.030147 0.032733
0.030095 0.031329
0.029901 0.038927
0.029701 0.031566
0.029506 0.034208
0.029377 0.033912
0.029366 0.033910
0.029310 0.029956
0.029305 0.037111
0.029255 0.032130
0.029058 0.030036
0.028915 0.030776
0.028908 0.040237
0.028798 0.034456
0.028701 0.029976
0.028679 0.033702
0.028495 0.032754
0.028492 0.045027
0.028340 0.040262
0.028337 0.034632
0.028273 0.028948
0.028271 0.031418
0.028254 0.031149
0.027824 0.050842
0.027727 0.028222
0.027723 0.028061
0.027641 0.035612
0.027626 0.028972
0.027575 0.029366
0.027444 0.030543
0.027440 0.044087
0.027372 0.027831
0.026841 0.030274
0.026724 0.032806
0.026653 0.027950
0.026578 0.028214
0.026433 0.027213
0.026404 0.026614
0.026340 0.035598
0.026311 0.040543
0.026030 0.028892
0.025984 0.045109
0.025912 0.026424
0.025881 0.027837
0.025789 0.028691
0.025680 0.041684
0.025676 0.034140
0.025635 0.027764
0.025521 0.029892
0.025484 0.027236
0.025406 0.030620
0.025302 0.026889
0.025286 0.029331
0.025259 0.026670
0.025179 0.032603
0.025158 0.031198
0.025087 0.026725
0.025060 0.026867
0.024992 0.026278
0.024985 0.040325
0.024841 0.028443
0.024817 0.039745
0.024529 0.025538
0.024485 0.029465
0.024426 0.025052
0.024367 0.029080
0.024227 0.033029
0.024123 0.024701
0.024096 0.038542
0.023898 0.037175
0.023829 0.023969
0.023701 0.035795
0.023680 0.033799
0.023591 0.028545
0.023573 0.023855
0.023415 0.033968
0.023350 0.026873
0.023295 0.034392
0.023034 0.023157
0.023002 0.028045
0.022871 0.023405
0.022817 0.025841
0.022779 0.023994
0.022611 0.023905
0.022558 0.025617
0.022549 0.026604
0.022525 0.022629
0.022503 0.022712
0.022476 0.030084
0.022280 0.029982
0.022255 0.023479
0.022211 0.025044
0.022064 0.023539
0.022006 0.036292
0.022001 0.034402
0.021992 0.022260
0.021948 0.024568
0.021848 0.026706
0.021777 0.022477
0.021700 0.022186
0.021633 0.022450
0.021596 0.023533
0.021526 0.022554
0.021521 0.035023
0.021356 0.026280
0.021335 0.022239
0.021302 0.022364
0.021208 0.026403
0.021206 0.023387
0.021191 0.025905
0.021179 0.028587
0.021175 0.025986
0.021126 0.030142
0.021116 0.035972
0.021096 0.023638
0.021087 0.026265
0.021017 0.029265
0.021009 0.022516
0.020949 0.024041
0.020944 0.024180
0.020944 0.027196
0.020926 0.033148
0.020873 0.023886
0.020753 0.023612
0.020720 0.020768
0.020689 0.023662
0.020649 0.020729
0.020619 0.021884
0.020493 0.020494
0.020427 0.031563
0.020247 0.021292
0.020227 0.024931
0.020219 0.021662
0.020213 0.021421
0.020143 0.028053
0.020110 0.023986
0.020064 0.023510
0.020041 0.021471
0.020015 0.029591
0.019999 0.022890
0.019945 0.036505
0.019935 0.029726
0.019863 0.021807
0.019793 0.026989
0.019763 0.030325
0.019742 0.022463
0.019675 0.019898
0.019624 0.025935
0.019594 0.026080
0.019584 0.029756
0.019566 0.027186
0.019558 0.026162
0.019484 0.021136
0.019429 0.019790
0.019417 0.020934
0.019413 0.019632
0.019375 0.020364
0.019352 0.022395
0.019332 0.030246
0.019297 0.025302
0.019275 0.023410
0.019264 0.021002
0.019256 0.019468
0.019209 0.022877
0.019172 0.024053
0.019113 0.026346
0.019082 0.019439
0.019029 0.021166
0.019013 0.021196
0.018976 0.019529
0.018972 0.019153
0.018945 0.019270
0.018942 0.025819
0.018923 0.028185
0.018923 0.024333
0.018918 0.026324
0.018909 0.019625
0.018856 0.020815
0.018849 0.019279
0.018840 0.021819
0.018835 0.019033
0.018831 0.021457
0.018831 0.028967
0.018816 0.019186
0.018814 0.024393
0.018768 0.019746
0.018712 0.020513
0.018692 0.026031
0.018669 0.020460
0.018664 0.027642
0.018635 0.027318
0.018606 0.022597
0.018590 0.026118
0.018563 0.020463
0.018562 0.023800
0.018496 0.025388
0.018383 0.020355
0.018367 0.018476
0.018361 0.019782
0.018300 0.019009
0.018271 0.020155
0.018256 0.018790
0.018228 0.020003
0.018189 0.020288
0.018168 0.026469
0.018118 0.022680
0.018117 0.018396
0.018113 0.032521
0.018087 0.020779
0.018055 0.023609
0.018011 0.030853
0.017990 0.020984
0.017953 0.019348
0.017947 0.025991
0.017921 0.017983
0.017896 0.017953
0.017855 0.024691
0.017848 0.026836
0.017847 0.018200
0.017844 0.018560
0.017830 0.021022
0.017780 0.023966
0.017731 0.028192
0.017720 0.021053
0.017715 0.018771
0.017701 0.020009
0.017657 0.025466
0.017647 0.025036
0.017622 0.019561
0.017601 0.019217
0.017546 0.025345
0.017491 0.018208
0.017465 0.023281
0.017462 0.033404
0.017415 0.021717
0.017398 0.017624
0.017389 0.018476
0.017306 0.021297
0.017302 0.017481
0.017300 0.024623
0.017287 0.022188
0.017285 0.019339
0.017229 0.021787
0.017217 0.017709
0.017205 0.019344
0.017146 0.023434
0.017141 0.017452
0.017129 0.034420
0.017109 0.023368
0.017091 0.020666
0.017056 0.025589
0.017050 0.017754
0.017049 0.024165
0.017023 0.020429
0.017006 0.031422
0.017000 0.017775
0.016993 0.018129
0.016991 0.017101
0.016983 0.020008
0.016962 0.020590
0.016960 0.017291
0.016953 0.019623
0.016946 0.017436
0.016923 0.022146
0.016788 0.019257
0.016773 0.016998
0.016758 0.017829
0.016732 0.017949
0.016706 0.017643
0.016702 0.021186
0.016692 0.017957
0.016686 0.017670
0.016655 0.019249
0.016638 0.025085
0.016613 0.018236
0.016559 0.020489
0.016559 0.016797
0.016553 0.017136
0.016514 0.016857
0.016506 0.027631
0.016500 0.031981
0.016491 0.025293
0.016490 0.019661
0.016489 0.038108
0.016435 0.017514
0.016435 0.020660
0.016409 0.017248
0.016376 0.017251
0.016372 0.026756
0.016356 0.026810
0.016349 0.032184
0.016266 0.020510
0.016262 0.023132
0.016240 0.023393
0.016182 0.019551
0.016169 0.021156
0.016161 0.017419
0.016131 0.022931
0.016120 0.020130
0.016080 0.017304
0.016069 0.022154
0.016063 0.017086
0.016043 0.019564
0.016038 0.032033
0.016034 0.021513
0.016009 0.024313
0.015999 0.018527
0.015995 0.021509
0.015975 0.019986
0.015972 0.016326
0.015962 0.021624
0.015933 0.020985
0.015921 0.021012
0.015885 0.016896
0.015870 0.017266
0.015864 0.016102
0.015860 0.015931
0.015826 0.016827
0.015825 0.016459
0.015823 0.015944
0.015810 0.016343
0.015791 0.019675
0.015765 0.018861
0.015747 0.016033
0.015734 0.027434
0.015733 0.017151
0.015695 0.017189
0.015688 0.016135
0.015685 0.022375
0.015676 0.036975
0.015676 0.016340
0.015649 0.017174
0.015645 0.015831
0.015641 0.019400
0.015638 0.017349
0.015624 0.016006
0.015586 0.016369
0.015555 0.017086
0.015551 0.015891
0.015533 0.017254
0.015511 0.023652
0.015509 0.015627
0.015502 0.022831
0.015499 0.018364
0.015451 0.016865
0.015449 0.017833
0.015449 0.017530
0.015405 0.015572
0.015335 0.016038
0.015322 0.018063
0.015316 0.016518
0.015312 0.016625
0.015270 0.025165
0.015250 0.016649
0.015249 0.015918
0.015164 0.016165
0.015080 0.019788
0.015075 0.016236
0.015065 0.017276
0.015065 0.016499
0.015049 0.022182
0.015036 0.015189
0.015030 0.019510
0.015029 0.017826
0.015027 0.019623
0.015013 0.015702
0.015006 0.015357
0.014964 0.016656
0.014960 0.015305
0.014955 0.017356
0.014952 0.016780
0.014949 0.017665
0.014945 0.024264
0.014938 0.027164
0.014932 0.025972
0.014907 0.016739
0.014907 0.028892
0.014895 0.016503
0.014889 0.015502
0.014864 0.015620
0.014863 0.024038
0.014810 0.015204
0.014804 0.023989
0.014796 0.015142
0.014796 0.023814
0.014773 0.015006
0.014757 0.015188
0.014754 0.021281
0.014746 0.016523
0.014701 0.016328
0.014701 0.019612
0.014698 0.021157
0.014685 0.021257
0.014669 0.020793
0.014657 0.021122
0.014647 0.020958
0.014644 0.014954
0.014634 0.016255
0.014626 0.018219
0.014623 0.018784
0.014597 0.018801
0.014595 0.015187
0.014587 0.022368
0.014574 0.027694
0.014574 0.015669
0.014525 0.016821
0.014522 0.016809
0.014517 0.016901
0.014515 0.028543
0.014511 0.023015
0.014488 0.015295
0.014473 0.015171
0.014465 0.014838
0.014448 0.018026
0.014442 0.016515
0.014416 0.014970
0.014395 0.016052
0.014386 0.015710
0.014376 0.017272
0.014363 0.019869
0.014330 0.019148
0.014327 0.023148
0.014303 0.020550
0.014294 0.016702
0.014279 0.015104
0.014277 0.014590
0.014267 0.018784
0.014241 0.016330
0.014222 0.014389
0.014214 0.016745
0.014203 0.022381
0.014197 0.015832
0.014186 0.015935
0.014180 0.015687
0.014172 0.014412
0.014160 0.014323
0.014137 0.017170
0.014082 0.024823
0.014055 0.017949
0.014053 0.015707
0.014049 0.014714
0.014043 0.015429
0.014040 0.014185
0.014001 0.015862
0.013992 0.017386
0.013979 0.014207
0.013955 0.018008
0.013905 0.018117
0.013899 0.025327
0.013888 0.014145
0.013876 0.017363
0.013868 0.016886
0.013858 0.018450
0.013844 0.014587
0.013830 0.015056
0.013825 0.014508
0.013795 0.017001
0.013793 0.023116
0.013754 0.013924
0.013740 0.015324
0.013722 0.014319
0.013716 0.017063
0.013707 0.014373
0.013690 0.016275
0.013688 0.018424
0.013681 0.019703
0.013676 0.014923
0.013667 0.014441
0.013663 0.014139
0.013642 0.015034
0.013590 0.014835
0.013568 0.017687
0.013566 0.015352
0.013561 0.013822
0.013559 0.016467
0.013559 0.016892
0.013555 0.015158
0.013545 0.016285
0.013531 0.017025
0.013528 0.018296
0.013526 0.013558
0.013525 0.017823
0.013465 0.027507
0.013456 0.022820
0.013438 0.015242
0.013435 0.018381
0.013411 0.013411
0.013398 0.015388
0.013379 0.025453
0.013377 0.016139
0.013364 0.014523
0.013364 0.022512
0.013362 0.014535
0.013359 0.013774
0.013352 0.013785
0.013348 0.021206
0.013335 0.019444
0.013334 0.019959
0.013332 0.014106
0.013307 0.017785
0.013297 0.015274
0.013287 0.014276
0.013256 0.022380
0.013223 0.017713
0.013222 0.017673
0.013206 0.016071
0.013183 0.018032
0.013171 0.013420
0.013142 0.018428
0.013135 0.017064
0.013114 0.015416
0.013112 0.013466
0.013088 0.014498
0.013087 0.013264
0.013082 0.014393
0.013080 0.013493
0.013072 0.021493
0.013063 0.013825
0.013054 0.013381
0.013047 0.014226
0.013046 0.013783
0.013028 0.015314
0.013027 0.023516
0.013018 0.014604
0.013000 0.013716
0.012995 0.027554
0.012987 0.017632
0.012983 0.017769
0.012967 0.014098
0.012966 0.013199
0.012963 0.023646
0.012953 0.028953
0.012952 0.015152
0.012945 0.013848
0.012944 0.013094
0.012930 0.016056
0.012919 0.013033
0.012918 0.013053
0.012906 0.014532
0.012905 0.014072
0.012892 0.013095
0.012885 0.023390
0.012877 0.017802
0.012863 0.014364
0.012859 0.012998
0.012832 0.013098
0.012831 0.017152
0.012826 0.013498
0.012822 0.023418
0.012815 0.017592
0.012812 0.016507
0.012808 0.012963
0.012791 0.019459
0.012774 0.012868
0.012754 0.015199
0.012751 0.021226
0.012742 0.014332
0.012721 0.012814
0.012717 0.025156
0.012696 0.024116
0.012685 0.012895
0.012683 0.013036
0.012670 0.017909
0.012648 0.025139
0.012641 0.021496
0.012638 0.014684
0.012617 0.012806
0.012608 0.019503
0.012603 0.016257
0.012569 0.018173
0.012562 0.024024
0.012547 0.018322
0.012536 0.013034
0.012531 0.023214
0.012507 0.013650
0.012506 0.013403
0.012505 0.012596
0.012499 0.016001
0.012498 0.012546
0.012486 0.013165
0.012483 0.014949
0.012469 0.016041
0.012467 0.013976
0.012466 0.013783
0.012459 0.013510
0.012452 0.015477
0.012426 0.022115
0.012419 0.012641
0.012408 0.013770
0.012401 0.016189
0.012395 0.020485
0.012387 0.020160
0.012354 0.019003
0.012352 0.016832
0.012326 0.019805
0.012308 0.016421
0.012303 0.015374
0.012301 0.012748
0.012280 0.012691
0.012280 0.012675
0.012279 0.012389
0.012275 0.028407
0.012267 0.021593
0.012263 0.018947
0.012260 0.012401
0.012259 0.013594
0.012241 0.015349
0.012229 0.013186
0.012216 0.021542
0.012214 0.014973
0.012204 0.013850
0.012193 0.018030
0.012191 0.013819
0.012190 0.020742
0.012188 0.015678
0.012186 0.022827
0.012176 0.014159
0.012165 0.015108
0.012161 0.012714
0.012125 0.019866
0.012102 0.012189
0.012094 0.012225
0.012071 0.030071
0.012071 0.012226
0.012069 0.012531
0.012065 0.013786
0.012060 0.012219
0.012057 0.013615
0.012057 0.012945
0.012049 0.012988
0.012049 0.013306
0.012046 0.021203
0.012041 0.012308
0.012041 0.017543
0.012027 0.015336
0.012024 0.013137
0.012015 0.014706
0.012008 0.016795
0.012008 0.013421
0.012005 0.017790
0.011989 0.012269
0.011987 0.014151
0.011981 0.013727
0.011969 0.020207
0.011963 0.013757
0.011954 0.014267
0.011950 0.012964
0.011944 0.016441
0.011913 0.011935
0.011902 0.012688
0.011898 0.012207
0.011897 0.018112
0.011893 0.012859
0.011869 0.012014
0.011868 0.027817
0.011835 0.017132
0.011832 0.015454
0.011830 0.012747
0.011825 0.012517
0.011815 0.012294
0.011811 0.013222
0.011809 0.013585
0.011801 0.021597
0.011799 0.016158
0.011799 0.012341
0.011795 0.013178
0.011784 0.018589
0.011783 0.012245
0.011775 0.023545
0.011773 0.012217
0.011772 0.014954
0.011762 0.013394
0.011755 0.017522
0.011741 0.012136
0.011724 0.016329
0.011722 0.013497
0.011713 0.017890
0.011707 0.016631
0.011707 0.018255
0.011703 0.015969
0.011698 0.013986
0.011689 0.014069
0.011688 0.012941
0.011675 0.015418
0.011668 0.019727
0.011647 0.011869
0.011639 0.017258
0.011612 0.013524
0.011610 0.013730
0.011609 0.019182
0.011605 0.020730
0.011602 0.015445
0.011597 0.014465
0.011594 0.015224
0.011590 0.014179
0.011590 0.014656
0.011574 0.017412
0.011566 0.012028
0.011563 0.015974
0.011563 0.013366
0.011561 0.012166
0.011555 0.012348
0.011552 0.015640
0.011547 0.013596
0.011521 0.012161
0.011513 0.012568
0.011503 0.013569
0.011491 0.012836
0.011473 0.017182
0.011458 0.011888
0.011434 0.016276
0.011425 0.012916
0.011423 0.015464
0.011420 0.016242
0.011401 0.015795
0.011394 0.019020
0.011367 0.019357
0.011365 0.012005
0.011364 0.016375
0.011354 0.012864
0.011350 0.015205
0.011327 0.011593
0.011318 0.011849
0.011313 0.012081
0.011306 0.013384
0.011296 0.013933
0.011294 0.021187
0.011290 0.013547
0.011290 0.011644
0.011288 0.012145
0.011285 0.011868
0.011243 0.016895
0.011207 0.011551
0.011204 0.011799
0.011201 0.011265
0.011200 0.013590
0.011193 0.011978
0.011187 0.012659
0.011186 0.012501
0.011166 0.012159
0.011160 0.013685
0.011144 0.016087
0.011140 0.013541
0.011133 0.012121
0.011124 0.012187
0.011115 0.013902
0.011093 0.012448
0.011089 0.013536
0.011070 0.012058
0.011068 0.013732
0.011064 0.011506
0.011052 0.016164
0.011041 0.012700
0.011036 0.021365
0.011006 0.011394
0.010997 0.012921
0.010993 0.012699
0.010983 0.011448
0.010967 0.011669
0.010960 0.011228
0.010952 0.011812
0.010940 0.015071
0.010938 0.015970
0.010935 0.013096
0.010934 0.011865
0.010931 0.013821
0.010911 0.016683
0.010904 0.012929
0.010895 0.013858
0.010888 0.013505
0.010867 0.023532
0.010864 0.012645
0.010864 0.010889
0.010863 0.011318
0.010858 0.012399
0.010846 0.011572
0.010844 0.011260
0.010844 0.010889
0.010834 0.013914
0.010825 0.014398
0.010825 0.010944
0.010815 0.014499
0.010806 0.013787
0.010803 0.011015
0.010795 0.014935
0.010791 0.016646
0.010782 0.013611
0.010778 0.013001
0.010778 0.015895
0.010754 0.012525
0.010753 0.011461
0.010744 0.021360
0.010743 0.010986
0.010706 0.013948
0.010703 0.010935
0.010703 0.024256
0.010694 0.010955
0.010687 0.018357
0.010664 0.012951
0.010659 0.011821
0.010656 0.011825
0.010650 0.012739
0.010648 0.019433
0.010648 0.014468
0.010647 0.020160
0.010633 0.011684
0.010629 0.020384
0.010620 0.010980
0.010614 0.010835
0.010612 0.012358
0.010607 0.011547
0.010604 0.014475
0.010603 0.011067
0.010588 0.011835
0.010585 0.014806
0.010584 0.011851
0.010578 0.019332
0.010570 0.012277
0.010568 0.015398
0.010561 0.010644
0.010545 0.011621
0.010506 0.013016
0.010504 0.013294
0.010493 0.011061
0.010490 0.012056
0.010469 0.013825
0.010444 0.017020
0.010435 0.011068
0.010431 0.010616
0.010426 0.010865
0.010425 0.020037
0.010421 0.010590
0.010421 0.016726
0.010420 0.014905
0.010420 0.012157
0.010409 0.010805
0.010401 0.011027
0.010401 0.010694
0.010397 0.010402
0.010370 0.011546
0.010358 0.011278
0.010336 0.020150
0.010323 0.010592
0.010318 0.012112
0.010313 0.016800
0.010309 0.010556
0.010290 0.010593
0.010284 0.010770
0.010281 0.010561
0.010274 0.015381
0.010266 0.013725
0.010257 0.013787
0.010257 0.012196
0.010250 0.011032
0.010240 0.012848
0.010229 0.014732
0.010209 0.010610
0.010207 0.011123
0.010201 0.011226
0.010197 0.013522
0.010196 0.011484
0.010181 0.011863
0.010165 0.010776
0.010163 0.011142
0.010161 0.013092
0.010153 0.011653
0.010148 0.013971
0.010144 0.015660
0.010134 0.016927
0.010121 0.018332
0.010120 0.013761
0.010120 0.019648
0.010114 0.012139
0.010111 0.015999
0.010107 0.010747
0.010105 0.012646
0.010099 0.012760
0.010085 0.015888
0.010081 0.013942
0.010075 0.013395
0.010072 0.017163
0.010059 0.012580
0.010057 0.012057
0.010055 0.010405
0.010053 0.010914
0.010049 0.010845
0.010047 0.012936
0.010038 0.012663
0.010028 0.012783
0.010026 0.010872
0.010023 0.012695
0.010022 0.010079
0.010021 0.011595
0.010014 0.010925
0.009996 0.011576
0.009993 0.012499
0.009990 0.017127
0.009979 0.012270
0.009975 0.013805
0.009960 0.013120
0.009959 0.011126
0.009956 0.013606
0.009953 0.011511
0.009941 0.011622
0.009931 0.016243
0.009930 0.011186
0.009929 0.014037
0.009927 0.011243
0.009914 0.013158
0.009905 0.011852
0.009902 0.010468
0.009901 0.010186
0.009896 0.017027
0.009896 0.011329
0.009892 0.011167
0.009880 0.010754
0.009862 0.010056
0.009861 0.012212
0.009858 0.010756
0.009840 0.014525
0.009838 0.011712
0.009836 0.020983
0.009835 0.021648
0.009829 0.014964
0.009829 0.011051
0.009827 0.011403
0.009824 0.010773
0.009821 0.010738
0.009795 0.012171
0.009779 0.014743
0.009775 0.010603
0.009771 0.015505
0.009762 0.010083
0.009762 0.012373
0.009758 0.010064
0.009754 0.010544
0.009741 0.016294
0.009736 0.014414
0.009736 0.012311
0.009722 0.011227
0.009721 0.018995
0.009710 0.011345
0.009707 0.009747
0.009705 0.014966
0.009690 0.011457
0.009685 0.013914
0.009681 0.009714
0.009660 0.015581
0.009658 0.010291
0.009622 0.015929
0.009613 0.010232
0.009607 0.010775
0.009579 0.010074
0.009576 0.013971
0.009569 0.009607
0.009566 0.010281
0.009557 0.020640
0.009555 0.014530
0.009550 0.009565
0.009544 0.009767
0.009543 0.010567
0.009542 0.010043
0.009535 0.009537
0.009534 0.009936
0.009533 0.011020
0.009525 0.014565
0.009523 0.010221
0.009514 0.010004
0.009510 0.009665
0.009503 0.019964
0.009493 0.011166
0.009489 0.012414
0.009482 0.011793
0.009479 0.010040
0.009477 0.012249
0.009471 0.011576
0.009464 0.019123
0.009463 0.009849
0.009460 0.011128
0.009452 0.010852
0.009428 0.010115
0.009426 0.010055
0.009415 0.011299
0.009410 0.011243
0.009405 0.012989
0.009401 0.009839
0.009398 0.010240
0.009396 0.015764
0.009378 0.013631
0.009377 0.010638
0.009375 0.010147
0.009372 0.010818
0.009365 0.015667
0.009362 0.010675
0.009360 0.014150
0.009359 0.014483
0.009358 0.010329
0.009354 0.010100
0.009354 0.010255
0.009352 0.009776
0.009351 0.010304
0.009346 0.010332
0.009345 0.009586
0.009342 0.010739
0.009334 0.020697
0.009326 0.010889
0.009321 0.010895
0.009319 0.012679
0.009316 0.009648
0.009310 0.009349
0.009306 0.010623
0.009293 0.009340
0.009276 0.009602
0.009273 0.010917
0.009272 0.010608
0.009234 0.012538
0.009228 0.009984
0.009228 0.017058
0.009227 0.009976
0.009221 0.009321
0.009214 0.010352
0.009211 0.009684
0.009210 0.011349
0.009210 0.009456
0.009198 0.009563
0.009196 0.011819
0.009182 0.012391
0.009180 0.012154
0.009178 0.010508
0.009172 0.010070
0.009164 0.011560
0.009161 0.011587
0.009161 0.010842
0.009146 0.009736
0.009146 0.015134
0.009134 0.009560
0.009118 0.009708
0.009107 0.010406
0.009092 0.014097
0.009089 0.015688
0.009086 0.010161
0.009085 0.012613
0.009068 0.013290
0.009066 0.011475
0.009064 0.012330
0.009036 0.011151
0.009031 0.012889
0.009030 0.011935
0.009029 0.009062
0.009009 0.011076
0.008982 0.009333
0.008977 0.009371
0.008947 0.015649
0.008939 0.009505
0.008936 0.012135
0.008923 0.014867
0.008920 0.020664
0.008914 0.009137
0.008902 0.009802
0.008894 0.012131
0.008892 0.012333
0.008892 0.009269
0.008888 0.012082
0.008886 0.009890
0.008881 0.009039
0.008880 0.009776
0.008879 0.008969
0.008878 0.009494
0.008875 0.021616
0.008870 0.011537
0.008860 0.012817
0.008856 0.011116
0.008856 0.008977
0.008836 0.011043
0.008832 0.009419
0.008828 0.010862
0.008828 0.009851
0.008828 0.009956
0.008818 0.012316
0.008816 0.009490
0.008808 0.011871
0.008808 0.009382
0.008807 0.010706
0.008800 0.016115
0.008791 0.015745
0.008791 0.013555
0.008776 0.009671
0.008774 0.010479
0.008770 0.008944
0.008764 0.009282
0.008757 0.010304
0.008757 0.008849
0.008748 0.009428
0.008744 0.015829
0.008742 0.010936
0.008741 0.009753
0.008736 0.010155
0.008732 0.009088
0.008729 0.008737
0.008715 0.011317
0.008714 0.012361
0.008708 0.011636
0.008707 0.016091
0.008706 0.013998
0.008698 0.011461
0.008694 0.008981
0.008693 0.009405
0.008670 0.009907
0.008668 0.008706
0.008661 0.017869
0.008645 0.017943
0.008640 0.009047
0.008639 0.014346
0.008625 0.012254
0.008624 0.011040
0.008623 0.009702
0.008621 0.009027
0.008621 0.008702
0.008594 0.016387
0.008593 0.008909
0.008587 0.008887
0.008586 0.008660
0.008577 0.009549
0.008576 0.008690
0.008569 0.014363
0.008566 0.009308
0.008564 0.011369
0.008562 0.010916
0.008562 0.009820
0.008547 0.008926
0.008543 0.009238
0.008538 0.008918
0.008536 0.013207
0.008515 0.010758
0.008509 0.008623
0.008509 0.012257
0.008504 0.009207
0.008504 0.009004
0.008502 0.010334
0.008500 0.012974
0.008495 0.019923
0.008488 0.008490
0.008484 0.010461
0.008472 0.008971
0.008467 0.012842
0.008458 0.014682
0.008457 0.012449
0.008455 0.012912
0.008453 0.009713
0.008452 0.009017
0.008449 0.011734
0.008442 0.010865
0.008442 0.009518
0.008441 0.010916
0.008426 0.009350
0.008421 0.011218
0.008413 0.008861
0.008407 0.008880
0.008406 0.009383
0.008403 0.008458
0.008382 0.009535
0.008377 0.008782
0.008368 0.010239
0.008366 0.009932
0.008363 0.010068
0.008357 0.008685
0.008346 0.020037
0.008342 0.008374
0.008341 0.010515
0.008326 0.012244
0.008325 0.010241
0.008320 0.011395
0.008319 0.008573
0.008311 0.013300
0.008310 0.008666
0.008310 0.008711
0.008304 0.008769
0.008299 0.011040
0.008286 0.008395
0.008285 0.008988
0.008268 0.009226
0.008264 0.011300
0.008255 0.009634
0.008250 0.010017
0.008246 0.009816
0.008243 0.010103
0.008242 0.010256
0.008239 0.012201
0.008236 0.008997
0.008236 0.008709
0.008227 0.008398
0.008227 0.008919
0.008222 0.008789
0.008221 0.011010
0.008214 0.011373
0.008200 0.012554
0.008197 0.009244
0.008189 0.009994
0.008183 0.011461
0.008181 0.008677
0.008178 0.008245
0.008178 0.008345
0.008177 0.008725
0.008171 0.008910
0.008165 0.009689
0.008162 0.011558
0.008161 0.010208
0.008161 0.011874
0.008156 0.008193
0.008143 0.008302
0.008142 0.010266
0.008142 0.008515
0.008139 0.010015
0.008138 0.011410
0.008133 0.008136
0.008132 0.009341
0.008122 0.014072
0.008121 0.011566
0.008120 0.008496
0.008118 0.017380
0.008118 0.009362
0.008113 0.012037
0.008113 0.012506
0.008105 0.011561
0.008100 0.010757
0.008095 0.010990
0.008094 0.010328
0.008092 0.009343
0.008079 0.009716
0.008079 0.009615
0.008078 0.009733
0.008065 0.009579
0.008064 0.008533
0.008061 0.010480
0.008061 0.008948
0.008059 0.009529
0.008043 0.010472
0.008043 0.008367
0.008022 0.011152
0.008013 0.008422
0.008013 0.008746
0.008000 0.010519
0.007999 0.009992
0.007999 0.009974
0.007995 0.008608
0.007989 0.012136
0.007986 0.011010
0.007983 0.010701
0.007980 0.016263
0.007972 0.011879
0.007967 0.010384
0.007966 0.011713
0.007963 0.008806
0.007959 0.010814
0.007957 0.008995
0.007955 0.009245
0.007955 0.010927
0.007954 0.008129
0.007948 0.013910
0.007946 0.009622
0.007944 0.008206
0.007936 0.008945
0.007936 0.008684
0.007932 0.008254
0.007932 0.010845
0.007916 0.009320
0.007916 0.008126
0.007908 0.008235
0.007906 0.017655
0.007900 0.008879
0.007898 0.008167
0.007895 0.011324
0.007891 0.009073
0.007890 0.008159
0.007888 0.008162
0.007885 0.018112
0.007884 0.007944
0.007884 0.014800
0.007883 0.010216
0.007883 0.009969
0.007879 0.010871
0.007866 0.010218
0.007862 0.015555
0.007862 0.014025
0.007848 0.009303
0.007848 0.009159
0.007841 0.008008
0.007841 0.008805
0.007840 0.011250
0.007836 0.009407
0.007834 0.008131
0.007831 0.008492
0.007823 0.012593
0.007816 0.011550
0.007813 0.011427
0.007810 0.008662
0.007806 0.008731
0.007805 0.008900
0.007804 0.009477
0.007798 0.008565
0.007796 0.007911
0.007795 0.011237
0.007795 0.009138
0.007788 0.009963
0.007787 0.008094
0.007787 0.010504
0.007781 0.009907
0.007774 0.008786
0.007772 0.010687
0.007771 0.008058
0.007769 0.008454
0.007768 0.007929
0.007763 0.008120
0.007759 0.008049
0.007755 0.008556
0.007753 0.009388
0.007752 0.012545
0.007749 0.011186
0.007748 0.008985
0.007747 0.007964
0.007747 0.007768
0.007736 0.010044
0.007733 0.008294
0.007719 0.012543
0.007716 0.009497
0.007713 0.010142
0.007707 0.009692
0.007705 0.011416
0.007705 0.013013
0.007695 0.008460
0.007692 0.011496
0.007691 0.007815
0.007687 0.009468
0.007674 0.011001
0.007673 0.009694
0.007669 0.016658
0.007668 0.009595
0.007664 0.007925
0.007661 0.009930
0.007660 0.010821
0.007657 0.008236
0.007652 0.015388
0.007650 0.007697
0.007647 0.009258
0.007645 0.015410
0.007636 0.010731
0.007634 0.010331
0.007605 0.008078
0.007602 0.010223
0.007599 0.008500
0.007596 0.012466
0.007592 0.013745
0.007589 0.007978
0.007589 0.008202
0.007588 0.011075
0.007586 0.009483
0.007580 0.010242
0.007579 0.007680
0.007578 0.007587
0.007577 0.010757
0.007573 0.007935
0.007573 0.012074
0.007572 0.007739
0.007555 0.008490
0.007554 0.008471
0.007550 0.009865
0.007549 0.009124
0.007546 0.007566
0.007544 0.008420
0.007541 0.007567
0.007540 0.008271
0.007539 0.008355
0.007538 0.009151
0.007525 0.009640
0.007523 0.012362
0.007516 0.007555
0.007514 0.008207
0.007514 0.013320
0.007513 0.008510
0.007506 0.007893
0.007498 0.009074
0.007498 0.012799
0.007497 0.007815
0.007497 0.007674
0.007496 0.011176
0.007489 0.007606
0.007485 0.013646
0.007483 0.007704
0.007480 0.007643
0.007479 0.008006
0.007477 0.014589
0.007471 0.008966
0.007468 0.009205
0.007464 0.008260
0.007454 0.010390
0.007451 0.008191
0.007444 0.008503
0.007437 0.007858
0.007437 0.007931
0.007436 0.007735
0.007433 0.011000
0.007432 0.008537
0.007429 0.007537
0.007423 0.008941
0.007422 0.008588
0.007419 0.007684
0.007418 0.009746
0.007415 0.013066
0.007413 0.007501
0.007409 0.007623
0.007408 0.008926
0.007403 0.008011
0.007400 0.008909
0.007400 0.008773
0.007399 0.007748
0.007397 0.008523
0.007394 0.018642
0.007389 0.007806
0.007385 0.008189
0.007385 0.011352
0.007371 0.007732
0.007367 0.008192
0.007365 0.016619
0.007359 0.011315
0.007358 0.014309
0.007358 0.007427
0.007358 0.012611
0.007358 0.007983
0.007355 0.009829
0.007354 0.007716
0.007352 0.008824
0.007351 0.007722
0.007349 0.010061
0.007345 0.008603
0.007338 0.007970
0.007337 0.007402
0.007336 0.010092
0.007334 0.008193
0.007332 0.010772
0.007325 0.007737
0.007324 0.009968
0.007324 0.007584
0.007324 0.009977
0.007322 0.011993
0.007318 0.007729
0.007317 0.007643
0.007316 0.007694
0.007314 0.010468
0.007306 0.007478
0.007301 0.015271
0.007300 0.007477
0.007287 0.008190
0.007287 0.009982
0.007286 0.009015
0.007280 0.007349
0.007273 0.011253
0.007270 0.010447
0.007267 0.008288
0.007262 0.010791
0.007255 0.008366
0.007250 0.007476
0.007250 0.010027
0.007240 0.008793
0.007238 0.010392
0.007235 0.008512
0.007234 0.009504
0.007223 0.009597
0.007222 0.008131
0.007219 0.011634
0.007217 0.007753
0.007213 0.007789
0.007206 0.007901
0.007191 0.013954
0.007183 0.008422
0.007182 0.010724
0.007182 0.007775
0.007176 0.007361
0.007175 0.007743
0.007174 0.007828
0.007174 0.012057
0.007172 0.007514
0.007172 0.007682
0.007172 0.007662
0.007168 0.009718
0.007164 0.011767
0.007163 0.011537
0.007160 0.008022
0.007152 0.009746
0.007146 0.018743
0.007142 0.007853
0.007141 0.007210
0.007138 0.007370
0.007137 0.007282
0.007135 0.008751
0.007135 0.007464
0.007131 0.008349
0.007127 0.007555
0.007117 0.007687
0.007115 0.008102
0.007112 0.009426
0.007103 0.007152
0.007087 0.011012
0.007081 0.009045
0.007074 0.009627
0.007065 0.007474
0.007063 0.012514
0.007062 0.007082
0.007056 0.012375
0.007053 0.007532
0.007046 0.008705
0.007042 0.008175
0.007039 0.008419
0.007039 0.010658
0.007032 0.008062
0.007026 0.009731
0.007022 0.009564
0.007018 0.009708
0.007016 0.007465
0.007008 0.007169
0.007008 0.008650
0.007005 0.007715
0.007003 0.008551
0.006991 0.009404
0.006990 0.009540
0.006988 0.008230
0.006976 0.007076
0.006974 0.008276
0.006972 0.008095
0.006971 0.012256
0.006965 0.008369
0.006959 0.007750
0.006952 0.007236
0.006952 0.006980
0.006950 0.007394
0.006942 0.012880
0.006936 0.007682
0.006934 0.009725
0.006932 0.007135
0.006931 0.013721
0.006922 0.007005
0.006919 0.006975
0.006914 0.007212
0.006910 0.010987
0.006907 0.007183
0.006907 0.012654
0.006905 0.012887
0.006904 0.012740
0.006901 0.008579
0.006899 0.007352
0.006887 0.008808
0.006872 0.016094
0.006871 0.007078
0.006868 0.008157
0.006866 0.007847
0.006859 0.007584
0.006851 0.008216
0.006849 0.006871
0.006848 0.017158
0.006848 0.011236
0.006845 0.008447
0.006840 0.006907
0.006834 0.011074
0.006824 0.007245
0.006824 0.007892
0.006820 0.007440
0.006815 0.007022
0.006813 0.007186
0.006809 0.008301
0.006796 0.010898
0.006784 0.008496
0.006781 0.007340
0.006781 0.008001
0.006781 0.007326
0.006778 0.008085
0.006768 0.010613
0.006764 0.007916
0.006759 0.007896
0.006759 0.010269
0.006757 0.013326
0.006755 0.006845
0.006750 0.007777
0.006749 0.010488
0.006746 0.013034
0.006745 0.008288
0.006744 0.009316
0.006738 0.008317
0.006728 0.008274
0.006728 0.010142
0.006708 0.014535
0.006704 0.007431
0.006698 0.007766
0.006697 0.007316
0.006695 0.009434
0.006694 0.009532
0.006689 0.010543
0.006688 0.008442
0.006686 0.006831
0.006683 0.011423
0.006679 0.007157
0.006677 0.007026
0.006675 0.007511
0.006672 0.008420
0.006669 0.007024
0.006664 0.007155
0.006662 0.006756
0.006662 0.008221
0.006660 0.007445
0.006658 0.006695
0.006655 0.009647
0.006653 0.007087
0.006652 0.011259
0.006649 0.008336
0.006649 0.010751
0.006646 0.006810
0.006643 0.006979
0.006639 0.010910
0.006632 0.009285
0.006627 0.009319
0.006626 0.006854
0.006624 0.006689
0.006623 0.010179
0.006622 0.009918
0.006621 0.008382
0.006621 0.007257
0.006617 0.007500
0.006615 0.009467
0.006610 0.007938
0.006596 0.007299
0.006591 0.006703
0.006590 0.006948
0.006574 0.008839
0.006573 0.007430
0.006564 0.007842
0.006558 0.006607
0.006558 0.007238
0.006556 0.006579
0.006555 0.013221
0.006554 0.008068
0.006553 0.006725
0.006547 0.015524
0.006546 0.006622
0.006543 0.007026
0.006541 0.006625
0.006538 0.009766
0.006536 0.007328
0.006535 0.007927
0.006533 0.007803
0.006517 0.008255
0.006512 0.006522
0.006508 0.009436
0.006504 0.007134
0.006504 0.007143
0.006499 0.008521
0.006497 0.008292
0.006497 0.007502
0.006496 0.007086
0.006489 0.007456
0.006487 0.006709
0.006485 0.008601
0.006483 0.006837
0.006481 0.007861
0.006476 0.009880
0.006475 0.007499
0.006475 0.008423
0.006473 0.011095
0.006467 0.009664
0.006466 0.007448
0.006465 0.007079
0.006459 0.007409
0.006457 0.007421
0.006453 0.007965
0.006450 0.008527
0.006439 0.007498
0.006436 0.006515
0.006430 0.007832
0.006428 0.008769
0.006424 0.008166
0.006423 0.011178
0.006423 0.015599
0.006418 0.007983
0.006417 0.006803
0.006410 0.006604
0.006408 0.006634
0.006408 0.008942
0.006401 0.007949
0.006400 0.006765
0.006397 0.009901
0.006388 0.006408
0.006387 0.010357
0.006385 0.008515
0.006385 0.006497
0.006384 0.006710
0.006379 0.006969
0.006379 0.006729
0.006377 0.009809
0.006368 0.006409
0.006367 0.006580
0.006363 0.006379
0.006359 0.007043
0.006358 0.010286
0.006357 0.007214
0.006355 0.006710
0.006351 0.007002
0.006350 0.010489
0.006349 0.006754
0.006339 0.006424
0.006337 0.006726
0.006336 0.008513
0.006331 0.007225
0.006330 0.006724
0.006319 0.006897
0.006314 0.006405
0.006308 0.007322
0.006302 0.006875
0.006301 0.010786
0.006299 0.007382
0.006297 0.007826
0.006297 0.007784
0.006295 0.011834
0.006295 0.011191
0.006292 0.007751
0.006284 0.006704
0.006266 0.007418
0.006261 0.009502
0.006259 0.006320
0.006259 0.008659
0.006258 0.006984
0.006252 0.008078
0.006251 0.006749
0.006243 0.009488
0.006240 0.011873
0.006239 0.011982
0.006222 0.006999
0.006214 0.006639
0.006213 0.007116
0.006210 0.010085
0.006209 0.006983
0.006208 0.010587
0.006202 0.011912
0.006201 0.006838
0.006198 0.008371
0.006197 0.006830
0.006195 0.008818
0.006195 0.008888
0.006189 0.007175
0.006186 0.008085
0.006181 0.006387
0.006174 0.008295
0.006172 0.006241
0.006170 0.007159
0.006170 0.008577
0.006168 0.007552
0.006162 0.010284
0.006160 0.006658
0.006158 0.006944
0.006156 0.006648
0.006155 0.006553
0.006154 0.006300
0.006148 0.006237
0.006146 0.007906
0.006142 0.012772
0.006141 0.006767
0.006140 0.008801
0.006137 0.008188
0.006135 0.008126
0.006134 0.009265
0.006133 0.006851
0.006133 0.008422
0.006129 0.009933
0.006126 0.006755
0.006124 0.010350
0.006121 0.007491
0.006117 0.008122
0.006110 0.006800
0.006109 0.009039
0.006109 0.009242
0.006108 0.006297
0.006102 0.008420
0.006101 0.007280
0.006100 0.006398
0.006093 0.008015
0.006088 0.008166
0.006087 0.009156
0.006085 0.013461
0.006083 0.008367
0.006081 0.006231
0.006077 0.006372
0.006077 0.006961
0.006077 0.013085
0.006065 0.007973
0.006058 0.008097
0.006049 0.007991
0.006048 0.006229
0.006045 0.006755
0.006045 0.006326
0.006040 0.008271
0.006038 0.010770
0.006037 0.008482
0.006036 0.008075
0.006035 0.007327
0.006030 0.007537
0.006028 0.009017
0.006023 0.009517
0.006018 0.011586
0.006010 0.006022
0.006000 0.006056
0.005999 0.006393
0.005988 0.012163
0.005985 0.007848
0.005981 0.006313
0.005980 0.006128
0.005974 0.008417
0.005970 0.007300
0.005968 0.007516
0.005965 0.007106
0.005961 0.007839
0.005960 0.008142
0.005959 0.007485
0.005953 0.008401
0.005951 0.012900
0.005944 0.009659
0.005926 0.007423
0.005925 0.006792
0.005924 0.008346
0.005915 0.010914
0.005900 0.006320
0.005898 0.008134
0.005896 0.006390
0.005893 0.005951
0.005887 0.007044
0.005886 0.006458
0.005881 0.007343
0.005880 0.010981
0.005878 0.006028
0.005871 0.006491
0.005867 0.007645
0.005859 0.010243
0.005857 0.007050
0.005851 0.007660
0.005847 0.006265
0.005840 0.008117
0.005839 0.010052
0.005839 0.007153
0.005837 0.009222
0.005835 0.006124
0.005831 0.006645
0.005829 0.006109
0.005825 0.006911
0.005823 0.009094
0.005820 0.012680
0.005820 0.006632
0.005820 0.010885
0.005817 0.009694
0.005815 0.006041
0.005812 0.005835
0.005811 0.007176
0.005806 0.006568
0.005804 0.006280
0.005796 0.010231
0.005792 0.006776
0.005791 0.005974
0.005790 0.006434
0.005781 0.006121
0.005780 0.007684
0.005773 0.006730
0.005769 0.008625
0.005768 0.006763
0.005765 0.006973
0.005755 0.010923
0.005753 0.006385
0.005746 0.011380
0.005744 0.006099
0.005741 0.012294
0.005739 0.005969
0.005734 0.010709
0.005732 0.007430
0.005722 0.007969
0.005720 0.007793
0.005719 0.005863
0.005717 0.005933
0.005710 0.007648
0.005707 0.006544
0.005700 0.006362
0.005694 0.012830
0.005691 0.006152
0.005690 0.007442
0.005690 0.007864
0.005682 0.006009
0.005672 0.008058
0.005664 0.008486
0.005660 0.011232
0.005658 0.008861
0.005648 0.008568
0.005638 0.006024
0.005626 0.011166
0.005626 0.010847
0.005620 0.006191
0.005618 0.006035
0.005614 0.006084
0.005613 0.005691
0.005610 0.005627
0.005608 0.008260
0.005606 0.006335
0.005598 0.006863
0.005585 0.006930
0.005582 0.006188
0.005580 0.009393
0.005578 0.006348
0.005576 0.005727
0.005573 0.006861
0.005563 0.005612
0.005551 0.009698
0.005549 0.011516
0.005544 0.009566
0.005535 0.006966
0.005531 0.005893
0.005506 0.006139
0.005504 0.005870
0.005490 0.006178
0.005489 0.005730
0.005487 0.007025
0.005481 0.006386
0.005481 0.006816
0.005481 0.006939
0.005479 0.006457
0.005477 0.006057
0.005474 0.009809
0.005463 0.006719
0.005462 0.006726
0.005460 0.009596
0.005455 0.010934
0.005452 0.008326
0.005447 0.006074
0.005446 0.006244
0.005445 0.006169
0.005444 0.006798
0.005442 0.006916
0.005440 0.005678
0.005438 0.008733
0.005435 0.011180
0.005426 0.008078
0.005426 0.005796
0.005418 0.005781
0.005415 0.005726
0.005412 0.005778
0.005407 0.006332
0.005406 0.006029
0.005401 0.005678
0.005399 0.007595
0.005399 0.008598
0.005395 0.006392
0.005393 0.010078
0.005388 0.005873
0.005373 0.005875
0.005364 0.006126
0.005361 0.006985
0.005360 0.006930
0.005358 0.005889
0.005354 0.007032
0.005353 0.006332
0.005339 0.006251
0.005336 0.006668
0.005334 0.008378
0.005328 0.005451
0.005325 0.006758
0.005317 0.011011
0.005317 0.005653
0.005315 0.007767
0.005305 0.009678
0.005287 0.006287
0.005281 0.005848
0.005279 0.005303
0.005267 0.007308
0.005261 0.010016
0.005260 0.009226
0.005260 0.005473
0.005250 0.005310
0.005246 0.006009
0.005239 0.008325
0.005237 0.005795
0.005222 0.006766
0.005219 0.009860
0.005216 0.015459
0.005213 0.006316
0.005212 0.009312
0.005211 0.005814
0.005208 0.005249
0.005208 0.011209
0.005200 0.005924
0.005192 0.005665
0.005191 0.008138
0.005188 0.005208
0.005187 0.005613
0.005183 0.007169
0.005177 0.005452
0.005175 0.006673
0.005171 0.005466
0.005167 0.006211
0.005164 0.010142
0.005160 0.005872
0.005141 0.006428
0.005127 0.005188
0.005116 0.008127
0.005115 0.005415
0.005105 0.006684
0.005095 0.005699
0.005093 0.007052
0.005091 0.006580
0.005077 0.005286
0.005069 0.006910
0.005069 0.005278
0.005061 0.008252
0.005055 0.006558
0.005045 0.007755
0.005043 0.005705
0.005038 0.005122
0.005010 0.008380
0.005010 0.005180
0.005006 0.007587
0.005004 0.006219
0.004998 0.005494
0.004995 0.007744
0.004984 0.005217
0.004980 0.006018
0.004979 0.005652
0.004972 0.007320
0.004968 0.005404
0.004967 0.007053
0.004967 0.005403
0.004963 0.004985
0.004963 0.005902
0.004961 0.005632
0.004949 0.008372
0.004948 0.006931
0.004945 0.006292
0.004936 0.005059
0.004934 0.006725
0.004930 0.006103
0.004921 0.005319
0.004921 0.005052
0.004915 0.007895
0.004891 0.006359
0.004878 0.005725
0.004863 0.007858
0.004862 0.005596
0.004861 0.005079
0.004860 0.004951
0.004860 0.007438
0.004856 0.009450
0.004855 0.011167
0.004847 0.005918
0.004835 0.006434
0.004829 0.005084
0.004829 0.005532
0.004828 0.007159
0.004816 0.004987
0.004814 0.007876
0.004809 0.008992
0.004808 0.008471
0.004806 0.005070
0.004799 0.005546
0.004776 0.004927
0.004771 0.007324
0.004768 0.005733
0.004751 0.007260
0.004748 0.004769
0.004737 0.004751
0.004732 0.004881
0.004730 0.005249
0.004730 0.005290
0.004724 0.005310
0.004721 0.004964
0.004714 0.005053
0.004704 0.004773
0.004695 0.006161
0.004678 0.005650
0.004677 0.004755
0.004664 0.008944
0.004653 0.007266
0.004651 0.005328
0.004638 0.005598
0.004634 0.004909
0.004630 0.007279
0.004630 0.007087
0.004628 0.006929
0.004607 0.005696
0.004601 0.005944
0.004594 0.008137
0.004594 0.004754
0.004590 0.005821
0.004588 0.006077
0.004588 0.007527
0.004588 0.005280
0.004574 0.004646
0.004563 0.005091
0.004559 0.005184
0.004547 0.005888
0.004539 0.004780
0.004538 0.006396
0.004522 0.004810
0.004517 0.004729
0.004495 0.005099
0.004485 0.005761
0.004469 0.004971
0.004444 0.006629
0.004439 0.005488
0.004437 0.004659
0.004433 0.006276
0.004433 0.004572
0.004431 0.004508
0.004430 0.005758
0.004405 0.004613
0.004399 0.005034
0.004389 0.004564
0.004366 0.004761
0.004365 0.006189
0.004364 0.005880
0.004358 0.008708
0.004349 0.004446
0.004346 0.004391
0.004338 0.004432
0.004327 0.005188
0.004325 0.004456
0.004310 0.006063
0.004291 0.004620
0.004286 0.004734
0.004276 0.004560
0.004269 0.004684
0.004266 0.004543
0.004255 0.005987
0.004251 0.004592
0.004247 0.005212
0.004221 0.004955
0.004220 0.004312
0.004220 0.004642
0.004219 0.005009
0.004197 0.006865
0.004177 0.004685
0.004168 0.004495
0.004158 0.004551
0.004152 0.005026
0.004141 0.004238
0.004139 0.005474
0.004133 0.005548
0.004126 0.004391
0.004109 0.005253
0.004097 0.005504
0.004048 0.004343
0.004039 0.006617
0.004024 0.004984
0.004017 0.004432
0.004016 0.005203
0.004012 0.004080
0.003988 0.004626
0.003961 0.004745
0.003960 0.004284
0.003924 0.004171
0.003922 0.005404
0.003913 0.004269
0.003910 0.004125
0.003897 0.004865
0.003883 0.004615
0.003873 0.003958
0.003869 0.004045
0.003797 0.004858
0.003797 0.004084
0.003782 0.003944
0.003767 0.004725
0.003751 0.003900
0.003749 0.003862
0.003743 0.003872
0.003741 0.005247
0.003736 0.004056
0.003717 0.004506
0.003708 0.004072
0.003702 0.004323
0.003696 0.003748
0.003689 0.003828
0.003679 0.004396
0.003642 0.004003
0.003637 0.004640
0.003600 0.005002
0.003553 0.004262
0.003536 0.005049
0.003517 0.003616
0.003510 0.003665
0.003501 0.004187
0.003486 0.003814
0.003468 0.003662
0.003443 0.003710
0.003433 0.003622
0.003430 0.003643
0.003425 0.003738
0.003418 0.003436
0.003406 0.003711
0.003342 0.003430
0.003336 0.003349
0.003334 0.003456
0.003334 0.003429
0.003330 0.003779
0.003310 0.003416
0.003302 0.003571
0.003291 0.003322
0.003256 0.004592
0.003225 0.003741
0.003200 0.003683
0.003180 0.003999
0.003105 0.003688
0.003091 0.003117
0.003085 0.003994
0.003059 0.003086
0.003009 0.003872
0.003008 0.003365
0.002986 0.004870
0.002951 0.003002
0.002913 0.002972
0.002873 0.003104
0.002831 0.003366
0.002797 0.002875
0.002796 0.002889
0.002795 0.002803
0.002785 0.002834
0.002767 0.002861
0.002698 0.002727
0.002665 0.003210
0.002620 0.002740
0.002596 0.002813
0.002469 0.002557
0.002457 0.002897
0.002404 0.002706
0.002200 0.002369
0.001551 0.001638
