0.197085 0.199411
0.129445 0.144988
0.123914 0.140084
0.107916 0.112469
0.107047 0.120150
0.102048 0.129381
0.098418 0.121904
0.098177 0.124570
0.094945 0.102373
0.084424 0.095247
0.083951 0.096444
0.083143 0.089468
0.075411 0.079874
0.075298 0.096524
0.074607 0.192081
0.071984 0.095289
0.069693 0.072415
0.069264 0.070849
0.069091 0.077865
0.064736 0.092914
0.063795 0.070803
0.061384 0.064003
0.060716 0.070670
0.059476 0.061121
0.059365 0.064315
0.057963 0.062532
0.056606 0.056635
0.055963 0.068310
0.054110 0.060318
0.053200 0.054875
0.051207 0.066987
0.051200 0.058016
0.051012 0.051042
0.050052 0.051682
0.049893 0.056691
0.049850 0.072530
0.049596 0.049812
0.049161 0.064248
0.048066 0.060706
0.047286 0.049768
0.047123 0.051073
0.046578 0.052550
0.046373 0.046664
0.046139 0.046159
0.045316 0.048455
0.044545 0.046655
0.044397 0.047163
0.044329 0.049174
0.044048 0.045771
0.043792 0.077367
0.042232 0.059333
0.041953 0.043563
0.041695 0.042839
0.041670 0.047173
0.041662 0.051172
0.041348 0.051601
0.040804 0.051137
0.040742 0.054509
0.040504 0.053218
0.040489 0.048071
0.040300 0.042095
0.040268 0.041270
0.040156 0.040855
0.039538 0.040943
0.038980 0.065297
0.038680 0.051932
0.038612 0.052763
0.038387 0.058811
0.038197 0.042863
0.038086 0.042344
0.038011 0.043432
0.037950 0.038494
0.037746 0.063325
0.037677 0.039965
0.037669 0.038159
0.037290 0.053494
0.037044 0.037663
0.036635 0.037215
0.036154 0.051172
0.035789 0.038867
0.035678 0.042884
0.035552 0.037778
0.035526 0.041272
0.035008 0.044958
0.034678 0.042038
0.034481 0.041292
0.034477 0.068745
0.034385 0.040736
0.034134 0.037861
0.033978 0.036306
0.033794 0.038490
0.033668 0.052715
0.033655 0.035619
0.033565 0.033748
0.033404 0.038999
0.033332 0.037189
0.033202 0.033472
0.033182 0.033266
0.033158 0.040481
0.032816 0.033574
0.032685 0.037605
0.032374 0.034981
0.032371 0.033766
0.032352 0.034880
0.032246 0.045686
0.032023 0.038859
0.032001 0.038176
0.031851 0.047130
0.031748 0.032343
0.031744 0.038655
0.031640 0.045337
0.031622 0.036034
0.031410 0.034290
0.031409 0.036162
0.031062 0.049850
0.030706 0.034275
0.030589 0.031442
0.030281 0.034955
0.030099 0.046633
0.030095 0.035688
0.029792 0.030976
0.029590 0.031951
0.029094 0.036356
0.028943 0.033050
0.028808 0.037273
0.028758 0.032304
0.028557 0.031462
0.028418 0.028621
0.028268 0.028291
0.028262 0.031633
0.027885 0.045826
0.027883 0.038550
0.027880 0.040097
0.027763 0.030117
0.027631 0.028652
0.027443 0.029786
0.027272 0.027761
0.027194 0.033138
0.027193 0.046109
0.027163 0.029801
0.027151 0.036623
0.027143 0.033819
0.027107 0.038645
0.026935 0.027007
0.026874 0.027545
0.026858 0.027128
0.026852 0.029483
0.026577 0.036264
0.026532 0.031861
0.026517 0.028931
0.026508 0.026770
0.026495 0.039911
0.026374 0.034662
0.026147 0.031274
0.026083 0.028219
0.026055 0.035303
0.025908 0.026554
0.025895 0.048158
0.025766 0.042511
0.025747 0.027115
0.025679 0.036504
0.025645 0.026086
0.025609 0.035132
0.025588 0.027397
0.025455 0.027165
0.025265 0.031733
0.025261 0.027305
0.025238 0.031414
0.025191 0.026656
0.024845 0.025903
0.024800 0.030111
0.024573 0.041004
0.024557 0.028503
0.024540 0.034155
0.024504 0.033022
0.024484 0.024769
0.024386 0.029584
0.024309 0.024747
0.024303 0.028007
0.024185 0.040029
0.024116 0.029121
0.024033 0.028400
0.024000 0.028627
0.023926 0.043094
0.023816 0.024726
0.023792 0.026397
0.023701 0.031445
0.023625 0.032183
0.023448 0.038902
0.023349 0.042078
0.023346 0.023998
0.023250 0.024695
0.023202 0.025220
0.023190 0.025205
0.023160 0.026450
0.023074 0.025574
0.023067 0.032253
0.023055 0.023612
0.023050 0.029243
0.022959 0.028066
0.022937 0.027059
0.022914 0.032027
0.022888 0.023041
0.022783 0.037183
0.022753 0.023302
0.022683 0.022916
0.022666 0.024658
0.022640 0.024681
0.022547 0.024225
0.022536 0.032885
0.022503 0.023074
0.022466 0.028143
0.022443 0.027287
0.022376 0.024806
0.022296 0.024646
0.022247 0.023558
0.022225 0.038573
0.022206 0.025671
0.022178 0.029855
0.022173 0.024301
0.022137 0.025101
0.022068 0.022744
0.022065 0.023736
0.022038 0.022184
0.021939 0.025470
0.021819 0.030684
0.021813 0.031599
0.021779 0.026370
0.021772 0.022810
0.021760 0.027457
0.021722 0.035140
0.021656 0.022559
0.021638 0.022626
0.021605 0.023401
0.021483 0.023624
0.021455 0.024681
0.021423 0.022093
0.021327 0.025631
0.021223 0.033590
0.021200 0.022452
0.021169 0.024888
0.021154 0.027625
0.021066 0.022959
0.021066 0.025983
0.020935 0.026671
0.020894 0.025761
0.020883 0.027017
0.020850 0.023076
0.020840 0.033217
0.020803 0.030743
0.020793 0.025511
0.020765 0.021967
0.020731 0.023328
0.020701 0.022848
0.020622 0.028921
0.020573 0.021078
0.020550 0.028713
0.020540 0.023235
0.020528 0.021580
0.020473 0.029616
0.020369 0.022079
0.020339 0.030902
0.020236 0.035223
0.020217 0.021387
0.020186 0.021036
0.020149 0.023289
0.020051 0.021764
0.020014 0.020779
0.020002 0.021798
0.019980 0.022489
0.019946 0.034000
0.019900 0.023491
0.019885 0.023208
0.019874 0.020076
0.019865 0.023702
0.019848 0.025064
0.019797 0.032490
0.019744 0.022506
0.019683 0.022029
0.019599 0.030548
0.019581 0.021128
0.019567 0.020005
0.019564 0.027662
0.019413 0.028593
0.019403 0.024825
0.019355 0.027526
0.019354 0.020385
0.019330 0.020035
0.019320 0.025868
0.019259 0.019788
0.019228 0.019301
0.019227 0.025960
0.019181 0.020774
0.019155 0.024010
0.019099 0.025155
0.019072 0.020346
0.019018 0.022701
0.018922 0.026060
0.018911 0.020456
0.018887 0.019089
0.018871 0.019235
0.018860 0.020153
0.018810 0.024441
0.018788 0.018930
0.018770 0.019288
0.018750 0.025812
0.018719 0.019796
0.018709 0.020435
0.018596 0.020799
0.018548 0.023276
0.018543 0.023553
0.018487 0.021664
0.018464 0.018489
0.018424 0.025121
0.018417 0.021655
0.018410 0.026756
0.018402 0.021597
0.018402 0.020732
0.018391 0.019335
0.018389 0.020616
0.018346 0.025618
0.018285 0.018558
0.018244 0.023492
0.018176 0.018590
0.018176 0.018673
0.018160 0.032594
0.018116 0.019483
0.018106 0.018963
0.018106 0.025359
0.018099 0.018444
0.018061 0.031914
0.018040 0.021487
0.018031 0.018488
0.017989 0.018832
0.017971 0.026328
0.017938 0.019691
0.017864 0.028465
0.017840 0.018269
0.017816 0.024946
0.017806 0.024096
0.017751 0.023843
0.017745 0.017772
0.017717 0.019735
0.017707 0.027927
0.017696 0.018529
0.017688 0.019037
0.017667 0.030437
0.017558 0.018334
0.017546 0.018488
0.017541 0.018790
0.017522 0.019716
0.017518 0.024152
0.017507 0.017758
0.017476 0.032624
0.017435 0.018180
0.017342 0.025390
0.017336 0.031286
0.017333 0.020899
0.017303 0.017888
0.017294 0.020985
0.017259 0.017979
0.017238 0.018936
0.017227 0.022058
0.017225 0.020847
0.017221 0.019801
0.017189 0.028440
0.017184 0.024354
0.017180 0.020871
0.017136 0.023338
0.017127 0.018858
0.017089 0.017925
0.017071 0.019453
0.017062 0.028370
0.017017 0.021490
0.016983 0.024396
0.016981 0.019115
0.016927 0.018650
0.016913 0.037095
0.016904 0.024082
0.016898 0.018953
0.016860 0.032897
0.016814 0.026161
0.016797 0.018760
0.016755 0.031671
0.016730 0.016814
0.016695 0.025005
0.016679 0.020115
0.016659 0.024897
0.016659 0.018346
0.016616 0.018285
0.016585 0.017206
0.016579 0.018388
0.016558 0.017015
0.016537 0.026209
0.016532 0.019744
0.016530 0.018161
0.016524 0.017097
0.016510 0.019969
0.016504 0.019115
0.016491 0.020410
0.016403 0.016935
0.016372 0.019752
0.016341 0.020549
0.016328 0.018455
0.016318 0.029484
0.016302 0.019142
0.016294 0.017897
0.016291 0.018613
0.016267 0.024787
0.016261 0.026022
0.016223 0.018010
0.016220 0.021356
0.016213 0.019343
0.016195 0.023289
0.016191 0.017332
0.016180 0.017485
0.016038 0.024141
0.016032 0.020363
0.016026 0.016185
0.016019 0.020059
0.015995 0.017354
0.015954 0.020895
0.015928 0.016679
0.015916 0.017356
0.015898 0.016325
0.015897 0.016820
0.015893 0.021373
0.015866 0.016576
0.015848 0.023157
0.015819 0.019798
0.015805 0.016900
0.015756 0.016340
0.015753 0.017680
0.015745 0.018080
0.015730 0.046628
0.015712 0.020874
0.015703 0.015732
0.015699 0.018515
0.015697 0.023260
0.015684 0.017854
0.015672 0.017702
0.015655 0.019715
0.015653 0.018320
0.015610 0.020242
0.015598 0.017688
0.015558 0.019495
0.015550 0.016304
0.015549 0.032647
0.015538 0.021132
0.015536 0.023169
0.015500 0.018102
0.015471 0.020361
0.015455 0.016128
0.015453 0.015890
0.015453 0.018884
0.015449 0.018112
0.015433 0.016340
0.015420 0.019307
0.015408 0.015612
0.015397 0.026860
0.015388 0.018881
0.015345 0.024561
0.015344 0.018028
0.015342 0.015815
0.015336 0.021116
0.015296 0.020465
0.015283 0.026306
0.015283 0.027166
0.015282 0.020738
0.015281 0.015841
0.015256 0.018676
0.015249 0.015620
0.015242 0.023707
0.015235 0.015581
0.015203 0.020511
0.015194 0.023250
0.015147 0.016073
0.015137 0.021631
0.015099 0.017672
0.015068 0.024965
0.015036 0.016224
0.014973 0.017392
0.014971 0.015105
0.014947 0.017687
0.014917 0.015855
0.014895 0.023919
0.014889 0.016844
0.014839 0.016768
0.014794 0.020277
0.014787 0.020109
0.014770 0.015802
0.014733 0.024943
0.014705 0.016962
0.014704 0.023814
0.014677 0.015391
0.014649 0.015660
0.014648 0.025828
0.014618 0.020425
0.014576 0.027958
0.014575 0.017437
0.014565 0.015575
0.014561 0.015577
0.014542 0.015338
0.014539 0.030316
0.014526 0.017680
0.014509 0.015531
0.014502 0.016590
0.014501 0.015386
0.014495 0.015344
0.014483 0.014913
0.014450 0.018271
0.014445 0.015071
0.014423 0.014998
0.014412 0.016008
0.014398 0.017508
0.014378 0.015673
0.014372 0.014946
0.014367 0.016337
0.014352 0.016507
0.014338 0.016644
0.014323 0.014877
0.014321 0.019900
0.014314 0.022163
0.014289 0.015623
0.014272 0.014279
0.014271 0.022668
0.014246 0.014484
0.014239 0.021833
0.014234 0.019377
0.014224 0.029175
0.014210 0.014997
0.014160 0.014178
0.014152 0.022666
0.014146 0.016839
0.014137 0.015520
0.014123 0.018492
0.014117 0.014403
0.014110 0.017794
0.014081 0.024999
0.014076 0.027365
0.014037 0.016203
0.014025 0.016819
0.014009 0.028787
0.014004 0.015418
0.013998 0.014725
0.013966 0.018691
0.013960 0.015593
0.013951 0.014703
0.013942 0.014435
0.013941 0.028327
0.013930 0.029364
0.013918 0.014068
0.013910 0.016177
0.013905 0.017111
0.013904 0.014156
0.013894 0.025576
0.013890 0.016023
0.013843 0.018297
0.013837 0.014522
0.013835 0.014612
0.013833 0.019027
0.013823 0.015795
0.013822 0.022857
0.013772 0.013848
0.013765 0.014964
0.013756 0.014511
0.013746 0.017203
0.013731 0.014621
0.013731 0.018363
0.013721 0.021212
0.013716 0.015938
0.013707 0.017383
0.013702 0.022280
0.013680 0.014031
0.013674 0.014156
0.013657 0.017626
0.013634 0.013802
0.013628 0.015846
0.013627 0.017904
0.013609 0.015518
0.013606 0.016362
0.013590 0.018904
0.013566 0.015461
0.013508 0.019518
0.013500 0.031468
0.013490 0.014315
0.013486 0.013861
0.013480 0.017027
0.013445 0.013900
0.013424 0.020586
0.013394 0.014926
0.013368 0.013408
0.013364 0.014091
0.013362 0.013534
0.013352 0.014876
0.013310 0.018449
0.013308 0.019784
0.013306 0.022949
0.013292 0.019742
0.013279 0.016109
0.013277 0.014105
0.013275 0.013689
0.013264 0.017479
0.013251 0.013505
0.013210 0.014444
0.013182 0.015687
0.013177 0.024210
0.013153 0.033131
0.013133 0.014745
0.013130 0.016836
0.013124 0.013571
0.013111 0.013934
0.013108 0.017270
0.013082 0.013480
0.013081 0.013442
0.013046 0.014747
0.013044 0.025542
0.013037 0.019493
0.013017 0.018964
0.012995 0.018249
0.012988 0.020446
0.012983 0.016443
0.012956 0.019820
0.012948 0.016054
0.012943 0.014413
0.012933 0.016602
0.012920 0.013172
0.012917 0.016904
0.012909 0.014375
0.012898 0.014827
0.012880 0.013131
0.012866 0.013551
0.012859 0.013118
0.012856 0.013216
0.012855 0.018201
0.012825 0.014698
0.012791 0.015283
0.012762 0.014798
0.012757 0.012789
0.012753 0.013681
0.012753 0.017150
0.012732 0.015339
0.012727 0.027208
0.012720 0.020326
0.012686 0.013468
0.012680 0.012725
0.012638 0.013528
0.012637 0.013732
0.012603 0.015688
0.012599 0.012743
0.012561 0.015742
0.012556 0.015137
0.012555 0.014905
0.012553 0.013420
0.012515 0.016100
0.012475 0.019622
0.012475 0.015721
0.012472 0.017800
0.012450 0.015234
0.012436 0.014244
0.012421 0.013169
0.012420 0.012471
0.012414 0.014088
0.012374 0.015437
0.012331 0.012539
0.012318 0.021885
0.012314 0.013059
0.012313 0.012738
0.012310 0.013554
0.012290 0.013083
0.012289 0.012670
0.012261 0.012516
0.012226 0.013309
0.012213 0.013839
0.012178 0.023730
0.012176 0.013285
0.012170 0.021308
0.012148 0.013708
0.012136 0.012397
0.012136 0.013646
0.012125 0.012515
0.012112 0.012667
0.012107 0.012472
0.012101 0.022840
0.012096 0.013319
0.012092 0.014919
0.012055 0.012861
0.012054 0.012179
0.012046 0.015839
0.012043 0.014106
0.012036 0.020188
0.012033 0.012966
0.012014 0.024423
0.011995 0.014877
0.011984 0.013076
0.011953 0.018308
0.011940 0.012340
0.011925 0.018212
0.011881 0.013833
0.011877 0.012701
0.011866 0.012130
0.011862 0.012284
0.011847 0.012204
0.011839 0.013205
0.011833 0.016232
0.011829 0.019831
0.011826 0.016452
0.011824 0.012438
0.011818 0.021590
0.011808 0.011844
0.011784 0.018231
0.011770 0.012118
0.011764 0.012484
0.011748 0.013942
0.011747 0.015688
0.011747 0.011875
0.011727 0.013201
0.011697 0.026117
0.011692 0.015934
0.011665 0.015740
0.011615 0.013821
0.011604 0.011788
0.011566 0.014677
0.011516 0.012370
0.011507 0.012676
0.011504 0.014595
0.011500 0.014722
0.011499 0.019481
0.011499 0.011766
0.011494 0.011751
0.011489 0.011580
0.011489 0.026216
0.011473 0.011803
0.011468 0.012905
0.011466 0.012791
0.011461 0.012063
0.011458 0.011592
0.011447 0.014990
0.011429 0.013848
0.011427 0.013556
0.011419 0.012872
0.011413 0.012473
0.011399 0.012492
0.011388 0.013716
0.011381 0.012647
0.011375 0.011600
0.011369 0.015438
0.011365 0.012249
0.011363 0.011906
0.011359 0.012106
0.011355 0.013211
0.011341 0.011898
0.011313 0.012966
0.011311 0.013004
0.011308 0.011791
0.011264 0.015706
0.011257 0.012179
0.011255 0.015653
0.011255 0.011877
0.011185 0.011450
0.011170 0.011480
0.011164 0.013179
0.011161 0.014327
0.011155 0.014385
0.011151 0.012269
0.011148 0.011826
0.011140 0.011612
0.011133 0.018474
0.011119 0.013133
0.011106 0.019950
0.011102 0.012295
0.011099 0.017418
0.011096 0.011621
0.011088 0.011568
0.011044 0.016938
0.011041 0.013274
0.011040 0.011284
0.011033 0.012732
0.011031 0.011957
0.011029 0.011426
0.011023 0.011641
0.011009 0.012910
0.010994 0.011269
0.010984 0.012060
0.010977 0.011727
0.010962 0.012729
0.010954 0.012190
0.010944 0.012867
0.010941 0.013170
0.010936 0.013983
0.010929 0.013860
0.010928 0.012033
0.010919 0.012050
0.010904 0.013839
0.010898 0.014266
0.010880 0.013023
0.010877 0.017947
0.010872 0.011425
0.010837 0.016162
0.010836 0.014350
0.010833 0.012595
0.010829 0.011926
0.010816 0.010964
0.010813 0.011181
0.010813 0.017028
0.010813 0.013929
0.010805 0.014861
0.010801 0.013464
0.010801 0.011372
0.010795 0.011662
0.010790 0.017103
0.010789 0.014652
0.010786 0.014097
0.010778 0.015371
0.010768 0.011895
0.010764 0.011725
0.010761 0.016282
0.010759 0.011931
0.010721 0.011694
0.010714 0.011273
0.010702 0.011968
0.010698 0.011040
0.010693 0.015749
0.010682 0.015791
0.010665 0.013020
0.010658 0.013264
0.010654 0.011712
0.010640 0.011739
0.010636 0.010712
0.010618 0.011507
0.010614 0.011724
0.010610 0.011296
0.010600 0.012273
0.010599 0.011902
0.010569 0.011269
0.010564 0.012241
0.010556 0.011313
0.010553 0.010560
0.010547 0.011657
0.010539 0.012746
0.010534 0.010892
0.010534 0.010885
0.010529 0.010805
0.010521 0.015286
0.010519 0.014969
0.010514 0.011802
0.010500 0.011633
0.010496 0.013037
0.010494 0.011266
0.010487 0.024925
0.010481 0.017377
0.010470 0.011804
0.010441 0.013017
0.010438 0.010478
0.010430 0.015030
0.010429 0.010863
0.010416 0.011651
0.010414 0.016180
0.010414 0.011987
0.010404 0.012238
0.010404 0.016040
0.010388 0.014774
0.010387 0.013615
0.010385 0.011744
0.010384 0.010475
0.010382 0.011863
0.010378 0.011144
0.010372 0.010415
0.010364 0.011806
0.010351 0.015309
0.010348 0.010961
0.010344 0.014103
0.010342 0.010424
0.010332 0.010434
0.010312 0.014338
0.010304 0.013621
0.010304 0.011128
0.010303 0.011174
0.010301 0.019428
0.010290 0.012387
0.010288 0.013115
0.010286 0.010700
0.010284 0.017884
0.010280 0.012720
0.010275 0.016310
0.010275 0.012407
0.010274 0.011479
0.010264 0.010674
0.010261 0.014546
0.010249 0.010797
0.010249 0.010663
0.010249 0.011240
0.010248 0.017135
0.010237 0.010798
0.010237 0.010656
0.010232 0.011375
0.010228 0.010350
0.010227 0.010780
0.010224 0.011902
0.010217 0.010383
0.010216 0.012454
0.010214 0.012134
0.010214 0.017896
0.010206 0.010306
0.010205 0.012214
0.010198 0.012610
0.010194 0.014856
0.010187 0.011911
0.010186 0.010394
0.010168 0.010892
0.010162 0.013696
0.010157 0.011551
0.010153 0.013408
0.010148 0.010726
0.010143 0.010639
0.010118 0.013654
0.010113 0.011407
0.010111 0.011507
0.010108 0.016156
0.010108 0.013294
0.010094 0.015260
0.010093 0.012428
0.010083 0.017569
0.010058 0.011016
0.010051 0.010798
0.010049 0.010749
0.010039 0.010163
0.010030 0.010569
0.010010 0.013399
0.009995 0.011369
0.009995 0.010177
0.009977 0.010474
0.009975 0.010228
0.009954 0.013523
0.009938 0.011324
0.009935 0.010980
0.009920 0.010395
0.009911 0.010140
0.009909 0.014750
0.009897 0.010799
0.009896 0.021012
0.009895 0.011496
0.009894 0.017812
0.009888 0.010575
0.009885 0.012485
0.009880 0.017787
0.009879 0.014305
0.009871 0.012251
0.009869 0.010545
0.009867 0.012994
0.009837 0.012224
0.009833 0.014930
0.009832 0.011271
0.009825 0.009990
0.009798 0.010733
0.009796 0.011020
0.009789 0.010072
0.009766 0.011595
0.009764 0.011135
0.009759 0.013689
0.009755 0.010933
0.009753 0.011478
0.009723 0.017422
0.009717 0.019342
0.009715 0.010679
0.009704 0.009945
0.009703 0.012701
0.009697 0.013149
0.009690 0.010028
0.009678 0.010580
0.009677 0.013974
0.009669 0.012719
0.009669 0.010332
0.009669 0.011507
0.009666 0.009819
0.009665 0.011322
0.009661 0.018734
0.009659 0.009915
0.009641 0.011013
0.009640 0.010204
0.009637 0.010543
0.009629 0.011791
0.009626 0.011903
0.009624 0.019054
0.009623 0.010088
0.009620 0.010097
0.009617 0.012248
0.009613 0.010294
0.009612 0.022495
0.009596 0.010297
0.009594 0.011581
0.009594 0.011098
0.009589 0.011538
0.009582 0.011240
0.009581 0.014977
0.009571 0.012587
0.009569 0.010328
0.009568 0.010671
0.009558 0.012930
0.009552 0.015759
0.009550 0.009981
0.009541 0.011241
0.009536 0.021604
0.009525 0.010238
0.009517 0.012671
0.009510 0.016729
0.009509 0.010815
0.009500 0.010881
0.009499 0.009823
0.009497 0.014563
0.009494 0.013452
0.009484 0.012893
0.009483 0.010717
0.009467 0.015308
0.009452 0.010814
0.009438 0.013185
0.009427 0.013151
0.009426 0.010483
0.009424 0.009531
0.009420 0.011994
0.009403 0.013836
0.009392 0.009629
0.009386 0.012809
0.009385 0.009901
0.009385 0.010577
0.009356 0.011875
0.009353 0.011059
0.009345 0.010069
0.009340 0.018559
0.009340 0.010029
0.009331 0.010092
0.009330 0.013408
0.009329 0.011268
0.009322 0.009641
0.009319 0.009933
0.009316 0.018966
0.009314 0.011494
0.009299 0.011351
0.009292 0.012991
0.009291 0.009469
0.009283 0.014051
0.009281 0.009663
0.009279 0.011845
0.009259 0.012093
0.009256 0.011156
0.009254 0.010410
0.009245 0.009422
0.009244 0.009757
0.009241 0.016347
0.009221 0.011973
0.009218 0.010983
0.009211 0.014291
0.009206 0.018828
0.009205 0.014856
0.009204 0.010251
0.009187 0.011150
0.009185 0.010102
0.009180 0.010116
0.009179 0.014054
0.009165 0.009471
0.009153 0.013873
0.009148 0.011622
0.009143 0.009508
0.009136 0.012720
0.009135 0.010033
0.009135 0.009303
0.009132 0.009384
0.009131 0.009876
0.009126 0.009355
0.009125 0.009460
0.009115 0.009116
0.009114 0.009407
0.009114 0.012128
0.009110 0.011249
0.009109 0.011109
0.009099 0.011808
0.009086 0.010020
0.009081 0.011979
0.009075 0.011075
0.009070 0.011321
0.009066 0.009134
0.009050 0.013473
0.009039 0.011859
0.009038 0.009677
0.009036 0.009781
0.009034 0.009345
0.009030 0.010079
0.009029 0.009812
0.009025 0.010741
0.009024 0.010907
0.009021 0.011643
0.008995 0.009071
0.008989 0.010500
0.008948 0.010883
0.008944 0.009815
0.008940 0.013857
0.008937 0.010619
0.008937 0.011917
0.008935 0.009669
0.008931 0.009598
0.008926 0.009722
0.008919 0.009344
0.008917 0.009064
0.008911 0.022213
0.008901 0.011038
0.008895 0.009743
0.008893 0.011021
0.008886 0.009725
0.008882 0.009562
0.008879 0.009926
0.008875 0.011764
0.008852 0.008973
0.008852 0.010221
0.008846 0.015572
0.008844 0.010351
0.008842 0.011327
0.008834 0.009093
0.008825 0.009826
0.008820 0.010207
0.008814 0.012732
0.008812 0.011835
0.008811 0.009169
0.008796 0.009531
0.008767 0.009204
0.008764 0.008897
0.008759 0.009255
0.008743 0.008805
0.008738 0.015949
0.008735 0.011386
0.008733 0.009976
0.008713 0.010708
0.008713 0.011542
0.008713 0.009026
0.008710 0.011309
0.008707 0.008903
0.008704 0.012117
0.008695 0.012883
0.008684 0.009295
0.008678 0.009266
0.008672 0.014101
0.008667 0.012183
0.008666 0.009186
0.008658 0.009470
0.008646 0.009312
0.008641 0.011083
0.008635 0.008701
0.008633 0.010538
0.008631 0.009233
0.008619 0.008719
0.008618 0.008699
0.008611 0.012119
0.008608 0.010626
0.008600 0.018559
0.008597 0.019382
0.008596 0.011088
0.008594 0.009107
0.008594 0.009871
0.008593 0.009382
0.008582 0.009782
0.008575 0.011827
0.008569 0.008757
0.008558 0.009703
0.008551 0.009474
0.008543 0.008817
0.008536 0.013775
0.008530 0.008825
0.008529 0.010287
0.008529 0.009282
0.008526 0.008926
0.008491 0.012135
0.008488 0.009645
0.008483 0.010379
0.008482 0.009180
0.008482 0.010191
0.008479 0.009782
0.008479 0.008530
0.008475 0.008919
0.008473 0.011168
0.008468 0.012352
0.008459 0.009549
0.008453 0.014332
0.008440 0.010930
0.008436 0.010751
0.008435 0.008719
0.008422 0.008674
0.008401 0.011254
0.008399 0.009629
0.008395 0.010543
0.008391 0.009490
0.008388 0.012578
0.008386 0.008719
0.008385 0.009798
0.008366 0.010316
0.008364 0.011275
0.008363 0.008548
0.008361 0.012154
0.008351 0.008453
0.008349 0.010206
0.008341 0.008728
0.008335 0.010556
0.008324 0.012305
0.008322 0.009055
0.008316 0.010012
0.008312 0.008685
0.008311 0.008823
0.008310 0.009385
0.008294 0.008697
0.008287 0.012035
0.008286 0.010881
0.008283 0.008870
0.008282 0.011040
0.008280 0.012199
0.008280 0.009853
0.008276 0.011523
0.008275 0.012632
0.008265 0.008780
0.008259 0.009000
0.008248 0.008632
0.008246 0.008407
0.008234 0.008294
0.008231 0.014905
0.008223 0.008389
0.008222 0.008814
0.008208 0.010344
0.008197 0.008836
0.008178 0.012900
0.008175 0.009015
0.008152 0.009910
0.008121 0.010070
0.008119 0.009305
0.008116 0.016803
0.008114 0.009661
0.008113 0.010521
0.008107 0.014054
0.008104 0.008484
0.008097 0.010282
0.008089 0.010675
0.008087 0.008473
0.008075 0.010057
0.008060 0.008711
0.008051 0.008840
0.008049 0.008888
0.008049 0.009168
0.008047 0.009200
0.008047 0.008621
0.008043 0.008482
0.008033 0.013318
0.008033 0.008848
0.008031 0.008665
0.008028 0.008908
0.008017 0.008157
0.008015 0.016070
0.008014 0.008744
0.008014 0.010516
0.008006 0.011356
0.008005 0.008514
0.008000 0.013258
0.007990 0.008182
0.007986 0.008703
0.007982 0.009066
0.007981 0.008937
0.007981 0.010152
0.007977 0.008218
0.007973 0.012058
0.007972 0.008291
0.007971 0.008054
0.007969 0.007997
0.007958 0.009716
0.007955 0.008702
0.007950 0.009542
0.007949 0.010943
0.007947 0.008044
0.007945 0.008368
0.007942 0.008165
0.007931 0.008324
0.007925 0.009492
0.007915 0.008341
0.007914 0.009168
0.007914 0.007962
0.007912 0.008256
0.007905 0.008539
0.007902 0.015472
0.007900 0.009240
0.007895 0.009572
0.007894 0.012564
0.007889 0.008150
0.007884 0.008406
0.007881 0.009887
0.007881 0.008478
0.007877 0.007954
0.007870 0.016505
0.007864 0.010345
0.007855 0.013574
0.007850 0.009315
0.007850 0.008799
0.007850 0.008761
0.007845 0.008542
0.007837 0.008547
0.007835 0.009769
0.007834 0.014229
0.007833 0.010152
0.007832 0.014631
0.007831 0.008875
0.007831 0.007905
0.007829 0.007912
0.007828 0.015459
0.007828 0.007862
0.007827 0.011033
0.007817 0.008764
0.007816 0.010738
0.007811 0.008055
0.007808 0.008699
0.007804 0.008981
0.007801 0.008912
0.007796 0.007843
0.007784 0.008236
0.007783 0.008722
0.007779 0.010470
0.007776 0.007913
0.007774 0.008489
0.007772 0.012503
0.007771 0.014833
0.007771 0.008745
0.007768 0.007937
0.007758 0.008650
0.007754 0.010544
0.007751 0.015219
0.007750 0.008017
0.007747 0.009294
0.007745 0.015742
0.007737 0.008908
0.007734 0.009864
0.007725 0.009193
0.007720 0.007753
0.007718 0.015536
0.007717 0.008056
0.007716 0.008718
0.007715 0.008136
0.007714 0.008472
0.007714 0.009520
0.007711 0.007737
0.007708 0.008123
0.007708 0.008918
0.007704 0.007708
0.007699 0.007977
0.007696 0.009433
0.007694 0.009747
0.007689 0.011173
0.007680 0.009220
0.007679 0.008826
0.007675 0.008243
0.007669 0.010400
0.007668 0.007783
0.007658 0.009488
0.007646 0.008126
0.007641 0.008864
0.007636 0.009094
0.007635 0.009268
0.007633 0.008061
0.007631 0.008136
0.007628 0.008360
0.007624 0.009203
0.007624 0.007630
0.007618 0.012086
0.007616 0.011228
0.007606 0.007867
0.007601 0.007905
0.007598 0.012461
0.007596 0.007826
0.007595 0.008362
0.007593 0.007620
0.007590 0.008086
0.007585 0.016099
0.007574 0.011610
0.007573 0.012585
0.007573 0.008913
0.007566 0.008478
0.007564 0.009777
0.007562 0.011223
0.007558 0.007911
0.007558 0.009990
0.007557 0.009405
0.007557 0.008072
0.007555 0.007634
0.007553 0.008002
0.007538 0.008200
0.007537 0.008997
0.007534 0.009722
0.007530 0.009006
0.007522 0.008425
0.007518 0.010730
0.007516 0.007715
0.007506 0.009578
0.007504 0.008438
0.007501 0.007695
0.007492 0.013915
0.007490 0.009989
0.007485 0.010221
0.007484 0.007524
0.007483 0.008570
0.007470 0.008643
0.007463 0.009306
0.007462 0.009374
0.007454 0.008805
0.007453 0.008072
0.007446 0.007571
0.007442 0.013990
0.007440 0.008510
0.007440 0.011292
0.007439 0.009253
0.007434 0.012804
0.007433 0.009052
0.007430 0.008822
0.007427 0.007678
0.007427 0.010292
0.007420 0.009796
0.007420 0.008156
0.007419 0.008519
0.007419 0.011448
0.007416 0.011007
0.007412 0.012873
0.007411 0.010297
0.007407 0.010577
0.007402 0.011343
0.007396 0.007974
0.007391 0.007538
0.007383 0.009157
0.007380 0.011624
0.007379 0.010367
0.007379 0.007748
0.007375 0.010828
0.007373 0.007522
0.007370 0.008193
0.007369 0.008863
0.007368 0.008537
0.007364 0.007927
0.007361 0.007658
0.007356 0.008485
0.007352 0.008525
0.007342 0.009789
0.007332 0.019019
0.007330 0.007888
0.007329 0.009670
0.007321 0.011185
0.007318 0.008993
0.007316 0.009792
0.007306 0.009137
0.007301 0.010844
0.007298 0.007915
0.007298 0.008090
0.007291 0.007585
0.007290 0.007566
0.007284 0.011300
0.007280 0.010754
0.007275 0.008910
0.007274 0.007453
0.007272 0.007859
0.007271 0.010317
0.007270 0.007545
0.007268 0.011389
0.007264 0.007759
0.007264 0.007658
0.007259 0.007805
0.007251 0.007549
0.007251 0.008309
0.007246 0.012341
0.007246 0.012517
0.007245 0.008832
0.007242 0.008978
0.007242 0.007330
0.007242 0.011831
0.007239 0.007423
0.007239 0.008253
0.007233 0.008055
0.007227 0.008559
0.007226 0.008578
0.007221 0.011394
0.007216 0.008750
0.007212 0.016141
0.007199 0.007521
0.007198 0.007756
0.007196 0.009643
0.007187 0.010736
0.007183 0.009127
0.007181 0.008565
0.007176 0.010487
0.007173 0.009970
0.007171 0.007752
0.007167 0.009831
0.007160 0.007710
0.007160 0.008645
0.007157 0.008422
0.007152 0.011521
0.007151 0.008950
0.007148 0.007810
0.007142 0.008601
0.007140 0.007467
0.007137 0.009331
0.007134 0.008713
0.007134 0.010554
0.007128 0.010988
0.007128 0.010335
0.007126 0.012299
0.007114 0.010409
0.007109 0.009198
0.007099 0.013297
0.007099 0.008873
0.007089 0.011868
0.007088 0.015509
0.007084 0.007432
0.007083 0.009030
0.007080 0.009390
0.007078 0.007835
0.007073 0.007929
0.007071 0.012432
0.007068 0.010000
0.007068 0.007228
0.007065 0.007673
0.007061 0.007284
0.007056 0.007079
0.007056 0.007355
0.007054 0.008000
0.007047 0.007312
0.007036 0.012795
0.007035 0.008104
0.007031 0.011489
0.007031 0.007539
0.007023 0.009884
0.007012 0.008440
0.007005 0.008746
0.007001 0.007174
0.006995 0.010790
0.006993 0.007389
0.006992 0.007516
0.006990 0.007442
0.006988 0.007426
0.006987 0.011238
0.006985 0.009063
0.006985 0.007388
0.006983 0.008743
0.006983 0.007546
0.006982 0.007208
0.006974 0.007927
0.006973 0.008161
0.006971 0.007921
0.006969 0.009045
0.006969 0.013600
0.006966 0.008811
0.006959 0.009488
0.006957 0.007627
0.006957 0.010623
0.006954 0.007371
0.006949 0.008682
0.006949 0.007627
0.006943 0.007004
0.006939 0.008102
0.006937 0.011356
0.006935 0.009020
0.006932 0.007630
0.006930 0.008267
0.006929 0.007304
0.006923 0.011253
0.006922 0.007642
0.006920 0.008749
0.006920 0.009126
0.006918 0.010259
0.006900 0.011420
0.006899 0.009187
0.006887 0.007043
0.006883 0.010262
0.006879 0.010812
0.006878 0.006965
0.006872 0.007358
0.006871 0.007992
0.006869 0.007302
0.006867 0.008072
0.006864 0.012560
0.006864 0.007606
0.006860 0.008111
0.006857 0.007592
0.006856 0.006884
0.006855 0.008180
0.006853 0.007095
0.006853 0.007356
0.006843 0.008361
0.006835 0.006908
0.006829 0.008183
0.006828 0.009017
0.006825 0.008388
0.006819 0.007770
0.006819 0.007658
0.006817 0.008098
0.006816 0.008162
0.006811 0.007137
0.006808 0.006990
0.006806 0.012396
0.006803 0.008221
0.006802 0.008908
0.006802 0.010955
0.006793 0.008514
0.006786 0.007560
0.006783 0.006847
0.006782 0.008236
0.006781 0.011680
0.006781 0.009179
0.006777 0.007030
0.006774 0.008832
0.006771 0.008272
0.006770 0.006838
0.006770 0.007827
0.006768 0.010301
0.006767 0.009488
0.006764 0.007064
0.006764 0.006988
0.006762 0.007685
0.006755 0.007496
0.006754 0.008045
0.006753 0.013932
0.006746 0.009098
0.006738 0.010432
0.006738 0.007511
0.006731 0.006862
0.006731 0.007583
0.006723 0.013237
0.006721 0.008658
0.006721 0.011098
0.006714 0.007183
0.006711 0.009319
0.006710 0.007680
0.006709 0.013758
0.006707 0.008406
0.006700 0.007122
0.006698 0.007069
0.006698 0.009478
0.006695 0.007350
0.006695 0.009096
0.006685 0.014043
0.006685 0.006920
0.006681 0.006945
0.006680 0.009579
0.006678 0.007979
0.006676 0.010213
0.006674 0.007215
0.006673 0.006789
0.006668 0.007195
0.006663 0.007374
0.006658 0.007017
0.006657 0.006887
0.006653 0.008817
0.006649 0.007003
0.006649 0.007357
0.006647 0.008547
0.006644 0.006924
0.006633 0.009412
0.006626 0.009736
0.006619 0.007478
0.006618 0.007527
0.006616 0.007460
0.006610 0.008788
0.006609 0.007979
0.006608 0.008081
0.006608 0.007286
0.006608 0.009830
0.006605 0.009615
0.006600 0.009678
0.006599 0.007323
0.006592 0.010497
0.006590 0.008174
0.006588 0.007852
0.006587 0.006943
0.006584 0.008238
0.006580 0.008357
0.006578 0.007011
0.006576 0.013876
0.006574 0.008275
0.006574 0.007782
0.006573 0.007401
0.006569 0.008487
0.006568 0.006609
0.006568 0.009580
0.006562 0.013074
0.006557 0.008151
0.006556 0.008186
0.006556 0.008004
0.006546 0.006936
0.006537 0.008016
0.006537 0.006946
0.006531 0.009229
0.006530 0.007914
0.006528 0.006543
0.006525 0.007766
0.006523 0.007002
0.006522 0.006844
0.006515 0.007014
0.006514 0.008252
0.006514 0.011999
0.006508 0.007267
0.006505 0.008339
0.006504 0.007637
0.006502 0.009879
0.006496 0.011384
0.006494 0.006944
0.006492 0.007055
0.006490 0.007449
0.006489 0.006536
0.006481 0.009843
0.006481 0.009224
0.006475 0.007771
0.006473 0.008011
0.006473 0.009309
0.006470 0.009231
0.006468 0.007802
0.006463 0.006501
0.006456 0.007797
0.006449 0.007691
0.006446 0.007638
0.006445 0.009305
0.006444 0.010900
0.006441 0.007176
0.006437 0.010979
0.006435 0.006841
0.006433 0.014075
0.006427 0.008129
0.006426 0.006560
0.006422 0.009388
0.006420 0.007936
0.006420 0.012032
0.006419 0.012434
0.006415 0.014155
0.006414 0.013053
0.006410 0.006595
0.006407 0.007977
0.006404 0.006447
0.006399 0.006447
0.006398 0.007689
0.006392 0.008410
0.006392 0.008985
0.006382 0.008862
0.006380 0.008581
0.006377 0.010664
0.006372 0.009572
0.006370 0.009788
0.006364 0.009766
0.006360 0.007017
0.006359 0.006856
0.006357 0.006915
0.006355 0.006536
0.006354 0.007162
0.006352 0.007573
0.006347 0.009246
0.006347 0.010013
0.006346 0.006587
0.006341 0.011781
0.006338 0.006762
0.006336 0.006556
0.006334 0.009779
0.006334 0.007088
0.006333 0.011413
0.006333 0.007162
0.006329 0.007572
0.006323 0.006983
0.006323 0.009226
0.006321 0.007905
0.006316 0.006342
0.006316 0.006599
0.006312 0.006962
0.006309 0.006837
0.006306 0.006860
0.006303 0.008906
0.006302 0.006315
0.006295 0.007109
0.006294 0.009964
0.006291 0.009012
0.006279 0.006935
0.006278 0.007477
0.006278 0.008289
0.006277 0.006290
0.006270 0.006869
0.006270 0.007016
0.006268 0.006351
0.006268 0.006594
0.006263 0.007787
0.006263 0.006289
0.006262 0.006512
0.006261 0.008948
0.006258 0.012178
0.006258 0.006476
0.006256 0.013683
0.006254 0.007581
0.006253 0.006535
0.006253 0.008281
0.006252 0.007571
0.006249 0.007317
0.006248 0.006272
0.006245 0.008243
0.006244 0.008017
0.006243 0.007938
0.006242 0.010651
0.006242 0.008034
0.006242 0.008319
0.006241 0.006470
0.006238 0.007139
0.006230 0.007651
0.006229 0.006974
0.006229 0.006379
0.006227 0.007397
0.006223 0.006588
0.006220 0.006652
0.006218 0.007024
0.006217 0.008853
0.006215 0.009134
0.006215 0.006590
0.006213 0.007185
0.006211 0.007426
0.006207 0.010616
0.006201 0.006460
0.006200 0.006479
0.006197 0.010709
0.006196 0.008721
0.006194 0.007250
0.006194 0.006754
0.006190 0.007994
0.006188 0.007612
0.006185 0.006873
0.006185 0.006457
0.006184 0.006856
0.006182 0.011001
0.006181 0.007607
0.006180 0.007929
0.006180 0.013456
0.006179 0.006343
0.006179 0.007453
0.006175 0.006988
0.006172 0.006257
0.006170 0.011009
0.006170 0.007072
0.006169 0.008278
0.006167 0.010796
0.006163 0.008373
0.006160 0.006712
0.006160 0.006316
0.006155 0.006630
0.006155 0.008410
0.006149 0.007702
0.006145 0.006736
0.006143 0.011298
0.006140 0.007427
0.006140 0.006189
0.006140 0.009274
0.006139 0.006532
0.006138 0.006845
0.006137 0.010228
0.006131 0.008504
0.006130 0.010639
0.006128 0.008121
0.006127 0.007190
0.006122 0.008114
0.006121 0.009961
0.006118 0.007484
0.006117 0.010468
0.006117 0.006363
0.006116 0.006666
0.006110 0.007864
0.006108 0.009207
0.006101 0.008335
0.006099 0.007488
0.006097 0.015016
0.006096 0.006523
0.006088 0.006671
0.006084 0.007360
0.006082 0.006248
0.006079 0.006469
0.006077 0.006130
0.006076 0.008210
0.006075 0.006905
0.006067 0.006125
0.006066 0.014808
0.006066 0.007111
0.006065 0.011171
0.006064 0.007942
0.006060 0.006640
0.006058 0.008741
0.006058 0.008015
0.006056 0.008103
0.006056 0.008155
0.006055 0.007039
0.006043 0.010388
0.006031 0.006645
0.006030 0.012436
0.006027 0.011239
0.006017 0.011360
0.006016 0.006173
0.006015 0.007792
0.006013 0.008584
0.006009 0.007575
0.006009 0.012381
0.006009 0.006660
0.006008 0.009945
0.006008 0.008389
0.006005 0.007854
0.006002 0.006779
0.006002 0.006078
0.006001 0.006919
0.006001 0.007696
0.006000 0.006780
0.005998 0.008657
0.005995 0.007086
0.005993 0.008718
0.005991 0.006296
0.005990 0.006397
0.005987 0.005989
0.005984 0.007698
0.005982 0.006063
0.005982 0.008704
0.005979 0.006681
0.005970 0.008789
0.005970 0.010452
0.005969 0.010970
0.005964 0.010195
0.005962 0.006770
0.005962 0.006506
0.005962 0.007564
0.005959 0.006285
0.005959 0.006193
0.005957 0.011624
0.005952 0.006060
0.005950 0.011401
0.005949 0.008195
0.005948 0.007974
0.005947 0.006603
0.005942 0.006905
0.005941 0.006540
0.005941 0.011564
0.005937 0.007356
0.005934 0.007567
0.005931 0.006811
0.005923 0.007275
0.005923 0.008227
0.005919 0.009432
0.005919 0.008151
0.005918 0.008571
0.005913 0.007818
0.005908 0.012666
0.005907 0.006802
0.005902 0.007378
0.005898 0.009908
0.005896 0.007307
0.005893 0.006409
0.005891 0.006245
0.005890 0.008734
0.005890 0.007230
0.005885 0.007184
0.005884 0.007807
0.005883 0.005918
0.005876 0.006602
0.005875 0.006374
0.005871 0.006312
0.005869 0.005872
0.005867 0.009044
0.005866 0.006297
0.005862 0.007329
0.005861 0.006218
0.005858 0.012244
0.005858 0.006399
0.005857 0.006731
0.005856 0.006261
0.005854 0.007745
0.005847 0.006153
0.005847 0.006709
0.005846 0.007839
0.005846 0.006146
0.005841 0.008202
0.005838 0.007649
0.005835 0.006236
0.005835 0.005967
0.005835 0.006219
0.005833 0.007405
0.005833 0.007693
0.005832 0.006030
0.005831 0.006941
0.005821 0.008196
0.005821 0.006109
0.005818 0.006163
0.005814 0.006618
0.005809 0.012745
0.005809 0.006059
0.005808 0.007533
0.005808 0.008615
0.005806 0.007089
0.005805 0.013422
0.005805 0.007865
0.005802 0.012333
0.005800 0.006528
0.005800 0.007686
0.005796 0.008243
0.005792 0.011544
0.005791 0.007657
0.005789 0.006989
0.005787 0.006483
0.005784 0.005985
0.005779 0.008761
0.005777 0.006579
0.005775 0.006400
0.005769 0.008546
0.005763 0.007047
0.005760 0.007336
0.005759 0.005964
0.005758 0.008187
0.005746 0.005765
0.005744 0.009113
0.005742 0.009230
0.005738 0.006883
0.005735 0.006208
0.005733 0.006402
0.005733 0.009398
0.005730 0.006067
0.005728 0.005897
0.005728 0.007159
0.005724 0.011828
0.005724 0.009303
0.005721 0.006484
0.005720 0.005993
0.005718 0.007008
0.005707 0.005927
0.005701 0.008733
0.005698 0.006955
0.005697 0.005806
0.005696 0.005706
0.005693 0.005846
0.005693 0.005893
0.005688 0.007763
0.005686 0.006359
0.005682 0.005943
0.005676 0.006052
0.005674 0.010745
0.005669 0.007077
0.005659 0.007605
0.005658 0.006719
0.005658 0.006212
0.005657 0.006753
0.005653 0.005718
0.005646 0.008195
0.005641 0.006012
0.005640 0.006703
0.005633 0.007364
0.005621 0.007172
0.005618 0.007907
0.005618 0.007418
0.005618 0.005797
0.005615 0.006943
0.005615 0.007368
0.005615 0.007182
0.005614 0.005855
0.005614 0.009520
0.005613 0.006794
0.005607 0.008340
0.005607 0.008311
0.005605 0.005699
0.005604 0.009283
0.005604 0.007032
0.005596 0.005883
0.005594 0.006673
0.005593 0.008807
0.005591 0.008507
0.005590 0.007536
0.005590 0.013447
0.005585 0.005966
0.005584 0.005678
0.005584 0.006195
0.005584 0.010883
0.005583 0.005628
0.005583 0.010223
0.005578 0.006816
0.005577 0.006138
0.005575 0.011120
0.005575 0.008314
0.005574 0.005640
0.005569 0.007499
0.005564 0.006613
0.005564 0.006517
0.005563 0.008343
0.005548 0.008711
0.005546 0.006982
0.005545 0.009320
0.005545 0.005872
0.005545 0.007904
0.005545 0.010067
0.005544 0.006405
0.005541 0.005842
0.005541 0.006231
0.005539 0.005910
0.005538 0.006087
0.005537 0.008959
0.005535 0.009108
0.005533 0.005656
0.005533 0.010857
0.005531 0.005830
0.005528 0.006135
0.005528 0.005619
0.005526 0.008901
0.005523 0.005851
0.005521 0.010378
0.005521 0.006393
0.005520 0.007202
0.005517 0.011514
0.005512 0.006709
0.005510 0.005918
0.005508 0.008315
0.005506 0.006974
0.005504 0.006149
0.005503 0.007670
0.005499 0.009619
0.005495 0.005633
0.005494 0.007383
0.005491 0.005585
0.005490 0.007212
0.005489 0.007821
0.005489 0.006912
0.005487 0.010492
0.005486 0.005681
0.005485 0.007905
0.005484 0.005797
0.005484 0.006574
0.005483 0.005756
0.005480 0.006278
0.005479 0.007230
0.005478 0.012265
0.005477 0.006318
0.005476 0.010082
0.005470 0.006033
0.005469 0.006091
0.005469 0.006725
0.005465 0.007279
0.005464 0.007343
0.005464 0.007154
0.005461 0.006696
0.005459 0.006751
0.005458 0.008767
0.005453 0.006984
0.005453 0.005518
0.005450 0.005484
0.005444 0.008885
0.005440 0.009361
0.005438 0.005448
0.005435 0.010993
0.005434 0.005683
0.005434 0.005720
0.005432 0.006421
0.005432 0.005923
0.005432 0.008439
0.005431 0.011747
0.005427 0.005758
0.005422 0.007000
0.005417 0.006341
0.005414 0.005568
0.005413 0.009080
0.005410 0.005918
0.005408 0.006752
0.005405 0.005548
0.005400 0.011929
0.005396 0.006316
0.005384 0.006224
0.005379 0.005838
0.005377 0.006879
0.005377 0.005760
0.005376 0.005420
0.005375 0.007918
0.005375 0.007675
0.005374 0.005481
0.005373 0.005524
0.005373 0.006208
0.005373 0.007562
0.005373 0.009548
0.005368 0.006987
0.005351 0.014542
0.005348 0.006289
0.005346 0.005583
0.005345 0.005616
0.005344 0.007340
0.005344 0.005365
0.005343 0.007249
0.005338 0.006009
0.005337 0.007197
0.005337 0.005842
0.005335 0.005703
0.005334 0.005845
0.005334 0.007084
0.005332 0.005384
0.005332 0.008751
0.005330 0.011938
0.005329 0.008225
0.005328 0.006268
0.005323 0.007598
0.005322 0.005706
0.005321 0.006210
0.005317 0.010243
0.005317 0.007479
0.005317 0.005991
0.005311 0.005316
0.005310 0.007020
0.005308 0.007845
0.005304 0.006481
0.005302 0.005677
0.005300 0.006054
0.005294 0.006395
0.005293 0.008030
0.005286 0.006928
0.005285 0.005336
0.005282 0.009192
0.005273 0.007117
0.005272 0.007489
0.005269 0.005280
0.005266 0.006860
0.005266 0.007679
0.005265 0.005539
0.005260 0.005403
0.005259 0.006698
0.005259 0.005774
0.005256 0.006062
0.005248 0.010904
0.005247 0.008078
0.005246 0.007781
0.005243 0.009408
0.005242 0.008216
0.005239 0.008352
0.005237 0.006211
0.005234 0.007111
0.005232 0.006091
0.005230 0.005429
0.005226 0.007336
0.005223 0.008751
0.005223 0.007069
0.005222 0.006019
0.005217 0.006475
0.005214 0.006528
0.005208 0.008270
0.005207 0.005218
0.005205 0.006901
0.005202 0.011630
0.005201 0.010025
0.005199 0.005827
0.005196 0.006853
0.005196 0.006858
0.005195 0.005672
0.005194 0.008047
0.005190 0.005222
0.005189 0.009185
0.005187 0.010879
0.005187 0.006062
0.005186 0.009745
0.005181 0.009816
0.005178 0.011270
0.005178 0.005447
0.005177 0.007313
0.005169 0.006660
0.005167 0.005247
0.005164 0.013267
0.005164 0.006137
0.005160 0.006333
0.005159 0.006627
0.005157 0.005742
0.005156 0.006204
0.005155 0.005712
0.005154 0.010161
0.005154 0.007605
0.005148 0.006932
0.005147 0.005704
0.005147 0.005332
0.005146 0.007067
0.005145 0.009845
0.005145 0.005509
0.005144 0.009514
0.005142 0.005799
0.005134 0.006146
0.005134 0.007441
0.005131 0.012270
0.005127 0.007367
0.005124 0.007681
0.005124 0.005177
0.005123 0.006604
0.005122 0.013065
0.005121 0.005184
0.005121 0.010360
0.005116 0.005776
0.005114 0.006316
0.005111 0.010543
0.005107 0.005750
0.005101 0.005412
0.005096 0.009751
0.005095 0.008659
0.005094 0.008629
0.005093 0.007013
0.005092 0.008097
0.005091 0.005131
0.005088 0.008267
0.005087 0.006034
0.005079 0.006988
0.005078 0.006278
0.005075 0.007005
0.005073 0.006249
0.005070 0.005414
0.005070 0.006118
0.005068 0.005075
0.005066 0.006213
0.005065 0.005563
0.005060 0.006225
0.005059 0.006173
0.005059 0.009158
0.005057 0.005160
0.005057 0.006617
0.005057 0.007569
0.005056 0.009114
0.005050 0.011600
0.005047 0.005991
0.005032 0.005584
0.005025 0.005078
0.005018 0.008211
0.005013 0.005185
0.005011 0.005036
0.005007 0.006727
0.005001 0.007386
0.005000 0.006521
0.005000 0.010496
0.004998 0.006333
0.004997 0.005856
0.004997 0.005011
0.004995 0.007341
0.004994 0.008042
0.004992 0.005450
0.004984 0.005033
0.004980 0.008245
0.004978 0.008670
0.004970 0.006695
0.004968 0.006483
0.004964 0.007998
0.004963 0.010926
0.004962 0.005030
0.004953 0.005585
0.004952 0.005547
0.004951 0.007810
0.004948 0.009044
0.004947 0.005388
0.004945 0.005270
0.004943 0.006466
0.004935 0.005671
0.004933 0.005062
0.004925 0.006685
0.004924 0.004929
0.004923 0.004976
0.004921 0.005421
0.004911 0.005001
0.004904 0.005125
0.004900 0.006171
0.004900 0.005978
0.004897 0.007509
0.004896 0.005288
0.004896 0.005669
0.004889 0.008182
0.004887 0.005747
0.004886 0.006030
0.004882 0.009955
0.004877 0.006000
0.004876 0.007918
0.004864 0.006157
0.004863 0.005551
0.004860 0.005968
0.004853 0.005068
0.004850 0.006137
0.004847 0.006605
0.004837 0.005418
0.004836 0.005179
0.004835 0.004951
0.004834 0.005454
0.004833 0.005381
0.004832 0.005019
0.004826 0.005168
0.004825 0.005363
0.004825 0.005803
0.004824 0.008261
0.004813 0.005990
0.004809 0.005665
0.004808 0.004921
0.004807 0.008855
0.004806 0.005880
0.004805 0.005234
0.004791 0.007508
0.004790 0.006108
0.004787 0.005722
0.004782 0.004999
0.004780 0.004810
0.004780 0.007556
0.004771 0.004981
0.004760 0.005999
0.004756 0.004892
0.004756 0.010817
0.004756 0.007424
0.004747 0.007957
0.004743 0.005123
0.004735 0.004939
0.004735 0.005002
0.004730 0.005367
0.004729 0.005559
0.004728 0.004976
0.004728 0.005208
0.004725 0.006646
0.004719 0.006526
0.004694 0.005106
0.004693 0.004866
0.004689 0.004808
0.004688 0.005865
0.004683 0.005208
0.004680 0.007167
0.004674 0.004750
0.004673 0.005061
0.004672 0.006654
0.004658 0.005444
0.004656 0.004692
0.004654 0.005380
0.004654 0.004711
0.004653 0.010772
0.004649 0.006233
0.004649 0.006517
0.004647 0.006536
0.004647 0.006560
0.004645 0.005833
0.004644 0.011019
0.004640 0.006512
0.004640 0.004641
0.004638 0.005417
0.004632 0.004873
0.004631 0.005978
0.004628 0.006959
0.004625 0.007202
0.004622 0.005628
0.004614 0.004902
0.004612 0.004964
0.004610 0.004716
0.004601 0.007120
0.004592 0.007502
0.004591 0.005191
0.004588 0.004837
0.004579 0.004746
0.004575 0.006971
0.004575 0.008657
0.004575 0.009412
0.004572 0.005647
0.004572 0.005748
0.004571 0.004835
0.004562 0.006575
0.004553 0.005513
0.004551 0.004578
0.004551 0.007115
0.004535 0.006042
0.004535 0.006039
0.004530 0.006402
0.004527 0.006579
0.004523 0.005399
0.004520 0.005604
0.004519 0.005752
0.004509 0.006015
0.004506 0.005985
0.004492 0.006450
0.004487 0.004986
0.004484 0.005460
0.004481 0.005503
0.004478 0.004995
0.004474 0.004556
0.004470 0.007166
0.004466 0.005550
0.004462 0.006899
0.004462 0.004547
0.004456 0.004559
0.004454 0.004971
0.004445 0.004576
0.004437 0.004729
0.004434 0.006138
0.004426 0.006680
0.004419 0.004665
0.004417 0.005287
0.004401 0.006213
0.004398 0.005380
0.004396 0.005461
0.004395 0.005789
0.004393 0.004974
0.004376 0.010493
0.004374 0.006165
0.004371 0.004521
0.004369 0.005557
0.004365 0.004685
0.004364 0.004532
0.004363 0.005625
0.004363 0.004647
0.004362 0.005243
0.004360 0.004576
0.004355 0.005266
0.004354 0.004458
0.004351 0.004390
0.004337 0.004744
0.004333 0.004812
0.004333 0.006148
0.004329 0.005594
0.004320 0.007230
0.004312 0.004703
0.004310 0.005199
0.004293 0.007977
0.004286 0.006125
0.004284 0.005006
0.004284 0.004555
0.004282 0.004664
0.004281 0.004890
0.004261 0.004512
0.004253 0.005152
0.004209 0.006805
0.004208 0.005344
0.004199 0.004305
0.004198 0.004840
0.004197 0.006541
0.004193 0.004510
0.004191 0.004579
0.004190 0.004582
0.004178 0.004310
0.004173 0.005298
0.004170 0.004474
0.004166 0.004418
0.004165 0.004324
0.004151 0.004549
0.004137 0.004947
0.004137 0.004436
0.004136 0.004725
0.004134 0.004722
0.004131 0.004272
0.004123 0.004358
0.004119 0.005298
0.004112 0.004285
0.004104 0.007487
0.004102 0.004647
0.004101 0.004138
0.004101 0.008547
0.004100 0.004321
0.004099 0.004761
0.004097 0.004240
0.004092 0.006335
0.004091 0.005702
0.004082 0.007891
0.004081 0.005718
0.004065 0.005417
0.004063 0.005930
0.004059 0.004254
0.004043 0.004719
0.004038 0.004105
0.004031 0.004686
0.004021 0.006099
0.004020 0.004824
0.004007 0.005226
0.004006 0.004641
0.004004 0.004119
0.003999 0.004462
0.003995 0.005732
0.003994 0.005387
0.003992 0.004540
0.003991 0.004577
0.003987 0.005448
0.003978 0.005029
0.003974 0.004311
0.003960 0.004710
0.003957 0.005606
0.003949 0.007227
0.003938 0.004110
0.003936 0.004619
0.003923 0.004237
0.003916 0.006267
0.003909 0.003929
0.003908 0.004850
0.003896 0.004377
0.003893 0.004711
0.003891 0.004670
0.003888 0.004522
0.003885 0.004530
0.003878 0.004392
0.003875 0.004242
0.003874 0.003990
0.003873 0.005763
0.003868 0.005144
0.003868 0.004427
0.003853 0.004031
0.003830 0.003902
0.003824 0.004968
0.003822 0.006231
0.003811 0.004392
0.003807 0.006142
0.003796 0.003940
0.003780 0.003807
0.003778 0.003854
0.003776 0.004490
0.003759 0.005023
0.003755 0.003885
0.003752 0.004313
0.003748 0.004703
0.003745 0.003879
0.003741 0.004021
0.003733 0.003826
0.003726 0.004341
0.003723 0.004107
0.003721 0.004613
0.003719 0.004301
0.003716 0.003896
0.003712 0.004282
0.003711 0.003800
0.003706 0.004884
0.003706 0.003716
0.003692 0.004029
0.003690 0.004958
0.003681 0.003878
0.003654 0.003689
0.003645 0.004490
0.003642 0.004394
0.003638 0.004229
0.003627 0.003912
0.003605 0.003879
0.003589 0.003799
0.003586 0.005006
0.003580 0.004953
0.003573 0.003905
0.003561 0.004193
0.003558 0.004218
0.003546 0.004157
0.003522 0.004097
0.003521 0.003579
0.003520 0.004228
0.003512 0.005563
0.003503 0.003750
0.003491 0.004459
0.003482 0.003844
0.003465 0.003573
0.003456 0.003514
0.003428 0.003795
0.003423 0.004156
0.003410 0.003544
0.003404 0.003693
0.003396 0.003945
0.003394 0.003406
0.003354 0.003670
0.003343 0.003875
0.003322 0.004234
0.003316 0.004397
0.003296 0.004461
0.003292 0.003713
0.003283 0.003739
0.003262 0.004844
0.003244 0.003558
0.003235 0.003850
0.003226 0.003980
0.003220 0.003668
0.003203 0.003232
0.003188 0.003564
0.003185 0.003614
0.003175 0.003483
0.003151 0.003153
0.003149 0.003995
0.003143 0.004687
0.003107 0.003577
0.003105 0.004357
0.003056 0.004311
0.003029 0.003285
0.003028 0.003505
0.003019 0.003105
0.003018 0.003047
0.003016 0.003354
0.002981 0.003370
0.002980 0.003104
0.002898 0.003109
0.002859 0.002876
0.002851 0.003274
0.002817 0.002825
0.002750 0.003420
0.002735 0.002912
0.002721 0.002755
0.002641 0.003714
0.002633 0.002649
0.002619 0.002680
0.002612 0.003083
0.002604 0.002625
0.002517 0.003192
0.002507 0.003138
0.002501 0.002550
0.002491 0.002516
0.002477 0.003051
0.002459 0.002643
0.002439 0.002862
0.002394 0.002727
0.002389 0.002629
0.002171 0.002426
0.001725 0.001823
0.001715 0.001964
