0.291415 0.293570
0.242263 0.265460
0.217570 0.224672
0.208494 0.224712
0.183132 0.188425
0.151429 0.231445
0.143191 0.157669
0.132596 0.144341
0.116658 0.131074
0.114679 0.122693
0.111384 0.163320
0.108494 0.245383
0.101197 0.147618
0.101065 0.101139
0.096931 0.098720
0.090306 0.130965
0.081981 0.084073
0.080177 0.091023
0.078738 0.080861
0.078407 0.079416
0.072145 0.080687
0.070703 0.071749
0.069554 0.077911
0.067391 0.075978
0.066032 0.071912
0.065479 0.083318
0.065231 0.077086
0.060933 0.062997
0.059861 0.061036
0.058988 0.070978
0.058909 0.063586
0.057948 0.073034
0.057497 0.065624
0.057267 0.066248
0.056518 0.058157
0.056117 0.066355
0.054837 0.056213
0.052521 0.052781
0.052238 0.052676
0.051513 0.055749
0.051441 0.073275
0.051050 0.051279
0.050425 0.067317
0.050160 0.058640
0.050084 0.054070
0.049909 0.051456
0.049781 0.062238
0.047566 0.050895
0.045076 0.057765
0.044567 0.045389
0.043746 0.045250
0.043597 0.045679
0.042848 0.043524
0.042788 0.047130
0.042327 0.046654
0.041544 0.043888
0.041074 0.044703
0.040948 0.062837
0.040745 0.041075
0.040339 0.041449
0.039130 0.040761
0.038790 0.048073
0.038697 0.043318
0.038270 0.040640
0.038221 0.047488
0.037962 0.047787
0.037644 0.042558
0.036736 0.053150
0.036524 0.037143
0.036482 0.040389
0.035587 0.037383
0.035315 0.037822
0.035245 0.053030
0.034952 0.039375
0.034943 0.043556
0.034713 0.041618
0.034618 0.049606
0.034474 0.048290
0.034348 0.037412
0.034038 0.044509
0.033908 0.037694
0.033785 0.051242
0.033758 0.034346
0.033481 0.040615
0.033391 0.047007
0.033304 0.049090
0.032619 0.036216
0.032544 0.059479
0.032442 0.036924
0.032391 0.041716
0.032378 0.039103
0.032294 0.036088
0.032107 0.042847
0.032052 0.032409
0.031898 0.042720
0.031451 0.036700
0.031347 0.033084
0.031328 0.034528
0.031230 0.033500
0.031020 0.032441
0.030983 0.035187
0.030861 0.043628
0.030844 0.035698
0.030267 0.059232
0.030113 0.070865
0.029661 0.045282
0.029531 0.063722
0.029493 0.039042
0.029317 0.037690
0.029202 0.033518
0.028946 0.036285
0.028908 0.035730
0.028285 0.029242
0.028216 0.035985
0.028070 0.031986
0.028039 0.036051
0.027941 0.033518
0.027939 0.035887
0.027794 0.028113
0.027786 0.028127
0.027758 0.027911
0.027710 0.027774
0.027539 0.033640
0.027405 0.056784
0.027266 0.028760
0.027031 0.028992
0.026880 0.030991
0.026778 0.040071
0.026694 0.028836
0.026658 0.036940
0.026637 0.027982
0.026387 0.029319
0.026292 0.030262
0.026255 0.028256
0.026225 0.027964
0.025962 0.032163
0.025538 0.055964
0.025470 0.033879
0.025361 0.031051
0.025329 0.025488
0.025281 0.029076
0.025237 0.026537
0.025225 0.030995
0.025161 0.031414
0.025109 0.027413
0.024863 0.025231
0.024644 0.027212
0.024472 0.028543
0.024464 0.044552
0.024382 0.026750
0.024161 0.026172
0.024153 0.024734
0.024102 0.027571
0.024048 0.025859
0.023972 0.030855
0.023777 0.024154
0.023753 0.026406
0.023701 0.026211
0.023697 0.024159
0.023690 0.028393
0.023669 0.031559
0.023637 0.026730
0.023623 0.031250
0.023600 0.026355
0.023487 0.025979
0.023303 0.024561
0.022975 0.025845
0.022942 0.025568
0.022899 0.023559
0.022825 0.026383
0.022704 0.026732
0.022613 0.025787
0.022579 0.027881
0.022571 0.022998
0.022530 0.024335
0.022418 0.022802
0.022305 0.034637
0.022209 0.022689
0.022038 0.022500
0.021915 0.029519
0.021855 0.042278
0.021660 0.027643
0.021623 0.029236
0.021471 0.023729
0.021282 0.026880
0.021261 0.023969
0.021091 0.023182
0.021073 0.023856
0.021060 0.027060
0.021055 0.023745
0.020945 0.022814
0.020862 0.024932
0.020757 0.026647
0.020731 0.039366
0.020655 0.033146
0.020637 0.022939
0.020617 0.031506
0.020590 0.029252
0.020514 0.026755
0.020506 0.022392
0.020503 0.031980
0.020500 0.034672
0.020416 0.022930
0.020336 0.036284
0.020264 0.026798
0.020244 0.022877
0.020220 0.031103
0.020213 0.030206
0.020189 0.034039
0.020147 0.023833
0.020125 0.020906
0.019999 0.026443
0.019953 0.029176
0.019878 0.030800
0.019878 0.020002
0.019809 0.026690
0.019612 0.020698
0.019538 0.029290
0.019430 0.025977
0.019314 0.030175
0.019224 0.025617
0.019216 0.020611
0.019215 0.022343
0.019070 0.025671
0.018788 0.027590
0.018754 0.020275
0.018626 0.027665
0.018597 0.019418
0.018499 0.020565
0.018344 0.019742
0.018265 0.018582
0.018000 0.033478
0.017923 0.019840
0.017777 0.018165
0.017685 0.019158
0.017664 0.021575
0.017552 0.018005
0.017545 0.018409
0.017495 0.021468
0.017456 0.022967
0.017411 0.019616
0.017405 0.021028
0.017337 0.022728
0.017299 0.023744
0.017294 0.019998
0.017257 0.018319
0.017155 0.022442
0.017121 0.020222
0.017006 0.021994
0.016976 0.019293
0.016577 0.018787
0.016494 0.023943
0.016426 0.018041
0.016394 0.017329
0.016350 0.021572
0.016285 0.027920
0.016114 0.016300
0.016094 0.016204
0.016041 0.016225
0.015936 0.017999
0.015894 0.025006
0.015851 0.025920
0.015850 0.018336
0.015802 0.016112
0.015607 0.017231
0.015589 0.018805
0.015586 0.021913
0.015527 0.015573
0.015392 0.015580
0.015364 0.018624
0.015340 0.026548
0.015219 0.015771
0.015118 0.019314
0.014966 0.019298
0.014926 0.015216
0.014874 0.025254
0.014850 0.025513
0.014834 0.021188
0.014830 0.015399
0.014807 0.015237
0.014776 0.018231
0.014772 0.015289
0.014651 0.015098
0.014597 0.017406
0.014568 0.016317
0.014559 0.014915
0.014510 0.014610
0.014492 0.022893
0.014484 0.016620
0.014463 0.016386
0.014453 0.016951
0.014423 0.021575
0.014394 0.021955
0.014197 0.014545
0.014143 0.015665
0.014140 0.020575
0.014117 0.020584
0.014115 0.014222
0.014073 0.015869
0.014060 0.015473
0.014050 0.014661
0.014013 0.014572
0.013982 0.015253
0.013976 0.018020
0.013940 0.014977
0.013921 0.016988
0.013917 0.014694
0.013911 0.015627
0.013905 0.014373
0.013892 0.013976
0.013885 0.015588
0.013845 0.017490
0.013832 0.015990
0.013792 0.017849
0.013635 0.016692
0.013539 0.014888
0.013424 0.016914
0.013393 0.014680
0.013387 0.013643
0.013342 0.013780
0.013339 0.013450
0.013320 0.014908
0.013303 0.018809
0.013273 0.014214
0.013229 0.013622
0.013181 0.016332
0.013162 0.013717
0.013010 0.017323
0.013009 0.017062
0.012850 0.013206
0.012844 0.013855
0.012804 0.012810
0.012754 0.018609
0.012709 0.013364
0.012692 0.013354
0.012689 0.013260
0.012683 0.014320
0.012680 0.016162
0.012672 0.018204
0.012577 0.016167
0.012547 0.016470
0.012505 0.012586
0.012477 0.013017
0.012385 0.013566
0.012338 0.016156
0.012312 0.015219
0.012312 0.013910
0.012301 0.013501
0.012212 0.012737
0.012101 0.013521
0.012088 0.016295
0.012055 0.012242
0.012038 0.012902
0.011995 0.017917
0.011963 0.014031
0.011893 0.014707
0.011830 0.013912
0.011829 0.017046
0.011829 0.012085
0.011829 0.015369
0.011718 0.014074
0.011717 0.015496
0.011690 0.013166
0.011660 0.012173
0.011651 0.017253
0.011564 0.024361
0.011517 0.013044
0.011509 0.011958
0.011489 0.013012
0.011454 0.011963
0.011442 0.012970
0.011422 0.015378
0.011346 0.012787
0.011329 0.016001
0.011302 0.011476
0.011269 0.011584
0.011262 0.012122
0.011260 0.011698
0.011251 0.012391
0.011226 0.012585
0.011211 0.011722
0.011203 0.011328
0.011196 0.012321
0.011150 0.011944
0.011146 0.011220
0.011074 0.011472
0.011073 0.011375
0.011070 0.017943
0.011062 0.013923
0.011051 0.012480
0.011047 0.018059
0.011039 0.015623
0.011035 0.011096
0.011031 0.011753
0.010994 0.014949
0.010991 0.013443
0.010984 0.011371
0.010984 0.011032
0.010929 0.013333
0.010906 0.011633
0.010867 0.020543
0.010866 0.013928
0.010859 0.011971
0.010810 0.013047
0.010795 0.019025
0.010789 0.013833
0.010770 0.020720
0.010765 0.013213
0.010761 0.011678
0.010734 0.011288
0.010718 0.011613
0.010716 0.011329
0.010706 0.017213
0.010680 0.010895
0.010644 0.012291
0.010643 0.021521
0.010631 0.010880
0.010625 0.010732
0.010602 0.011817
0.010591 0.012496
0.010581 0.016933
0.010579 0.013650
0.010575 0.014462
0.010560 0.010759
0.010518 0.020221
0.010518 0.010932
0.010499 0.014160
0.010468 0.010945
0.010423 0.010982
0.010413 0.011840
0.010411 0.012514
0.010377 0.014115
0.010370 0.010877
0.010357 0.015760
0.010348 0.011814
0.010337 0.014737
0.010236 0.011586
0.010230 0.010302
0.010222 0.011329
0.010121 0.010165
0.010117 0.011779
0.010113 0.012034
0.010089 0.013605
0.010089 0.017085
0.010071 0.011082
0.010054 0.011316
0.010034 0.013140
0.010011 0.010087
0.009981 0.015970
0.009955 0.010640
0.009931 0.010516
0.009924 0.016685
0.009850 0.010058
0.009849 0.010155
0.009839 0.013408
0.009799 0.011359
0.009782 0.010636
0.009753 0.012150
0.009707 0.009876
0.009637 0.012514
0.009610 0.011275
0.009534 0.011799
0.009520 0.011679
0.009515 0.010010
0.009491 0.012659
0.009479 0.009727
0.009462 0.012495
0.009460 0.011222
0.009445 0.019521
0.009419 0.009776
0.009362 0.012879
0.009324 0.009388
0.009264 0.012842
0.009220 0.013326
0.009213 0.009310
0.009197 0.009797
0.009180 0.010631
0.009161 0.015107
0.009142 0.009169
0.009122 0.010143
0.009089 0.010300
0.009079 0.009681
0.009046 0.009108
0.009044 0.016336
0.009019 0.011955
0.009005 0.010282
0.008984 0.009475
0.008977 0.009357
0.008942 0.014286
0.008916 0.012599
0.008907 0.009536
0.008887 0.011654
0.008887 0.014422
0.008882 0.009523
0.008861 0.011836
0.008860 0.009261
0.008855 0.009609
0.008853 0.010490
0.008850 0.011413
0.008845 0.011486
0.008824 0.010657
0.008810 0.008978
0.008808 0.009468
0.008775 0.011447
0.008760 0.010025
0.008754 0.010913
0.008749 0.018562
0.008685 0.011015
0.008648 0.010038
0.008647 0.012332
0.008625 0.010827
0.008597 0.010703
0.008597 0.009285
0.008581 0.016231
0.008565 0.008969
0.008540 0.012360
0.008538 0.009041
0.008537 0.008895
0.008535 0.009532
0.008513 0.012703
0.008511 0.009206
0.008504 0.013864
0.008501 0.008520
0.008491 0.014219
0.008482 0.009145
0.008476 0.008714
0.008449 0.008924
0.008439 0.010252
0.008420 0.008750
0.008407 0.011770
0.008397 0.008410
0.008367 0.010548
0.008311 0.008693
0.008310 0.008421
0.008281 0.009834
0.008277 0.008712
0.008218 0.010633
0.008215 0.008629
0.008198 0.009139
0.008198 0.008231
0.008197 0.008741
0.008187 0.008775
0.008176 0.008195
0.008171 0.011624
0.008166 0.012055
0.008141 0.012280
0.008139 0.013633
0.008135 0.010231
0.008118 0.008944
0.008050 0.008770
0.008042 0.011910
0.008007 0.012641
0.007976 0.008089
0.007974 0.011480
0.007938 0.008845
0.007918 0.009159
0.007888 0.010731
0.007859 0.008398
0.007816 0.007885
0.007799 0.008284
0.007773 0.008278
0.007755 0.008878
0.007726 0.013072
0.007719 0.008225
0.007680 0.008895
0.007678 0.011916
0.007674 0.009077
0.007651 0.012637
0.007640 0.007854
0.007623 0.009242
0.007620 0.007773
0.007578 0.012462
0.007575 0.008299
0.007564 0.010250
0.007547 0.009342
0.007531 0.007763
0.007530 0.008123
0.007520 0.009786
0.007516 0.008693
0.007493 0.008071
0.007487 0.009726
0.007469 0.008874
0.007456 0.008097
0.007438 0.008654
0.007419 0.011956
0.007418 0.008078
0.007396 0.008672
0.007385 0.007618
0.007366 0.007990
0.007360 0.009265
0.007352 0.007643
0.007348 0.007961
0.007342 0.010182
0.007336 0.009183
0.007327 0.009005
0.007299 0.007315
0.007294 0.007343
0.007293 0.012332
0.007270 0.007614
0.007260 0.010769
0.007254 0.008041
0.007249 0.009979
0.007245 0.008239
0.007245 0.010445
0.007219 0.007834
0.007212 0.014177
0.007182 0.011416
0.007180 0.008311
0.007162 0.009526
0.007154 0.007788
0.007140 0.007734
0.007132 0.007282
0.007129 0.007519
0.007094 0.007525
0.007085 0.012453
0.007075 0.007087
0.007072 0.007560
0.007066 0.007878
0.007058 0.008522
0.007057 0.008614
0.007053 0.007451
0.007021 0.007063
0.007020 0.007773
0.007020 0.007974
0.007008 0.008219
0.007007 0.007288
0.007005 0.009922
0.007001 0.012357
0.006991 0.008065
0.006983 0.007814
0.006982 0.008418
0.006964 0.007701
0.006933 0.007533
0.006932 0.006941
0.006931 0.010967
0.006926 0.007581
0.006921 0.009449
0.006902 0.007048
0.006891 0.007536
0.006886 0.009659
0.006872 0.009199
0.006870 0.009318
0.006867 0.008052
0.006838 0.007204
0.006830 0.014525
0.006826 0.008589
0.006826 0.007320
0.006825 0.008286
0.006814 0.007413
0.006807 0.006917
0.006799 0.008207
0.006777 0.007152
0.006772 0.009437
0.006771 0.008879
0.006756 0.006937
0.006743 0.008656
0.006739 0.007479
0.006730 0.008915
0.006728 0.008129
0.006727 0.010125
0.006725 0.007694
0.006702 0.006979
0.006700 0.006853
0.006690 0.008632
0.006686 0.010497
0.006682 0.007864
0.006674 0.009890
0.006674 0.006853
0.006672 0.011417
0.006660 0.008849
0.006660 0.008093
0.006659 0.007089
0.006650 0.008136
0.006642 0.006935
0.006637 0.007327
0.006634 0.008167
0.006631 0.008402
0.006628 0.006885
0.006628 0.009375
0.006612 0.007676
0.006603 0.008852
0.006594 0.009634
0.006585 0.008103
0.006569 0.007041
0.006567 0.010138
0.006566 0.007854
0.006562 0.009983
0.006557 0.010674
0.006554 0.006808
0.006554 0.006808
0.006551 0.006763
0.006543 0.006865
0.006537 0.006553
0.006537 0.012933
0.006524 0.008665
0.006522 0.006962
0.006513 0.007517
0.006499 0.006575
0.006497 0.008070
0.006483 0.007340
0.006481 0.006921
0.006478 0.006591
0.006472 0.006677
0.006472 0.008435
0.006470 0.009161
0.006453 0.007795
0.006447 0.006548
0.006426 0.009784
0.006422 0.006608
0.006409 0.006538
0.006391 0.010458
0.006374 0.006585
0.006371 0.006485
0.006362 0.009592
0.006360 0.008295
0.006347 0.009636
0.006339 0.010527
0.006325 0.006615
0.006316 0.008227
0.006313 0.009728
0.006311 0.006367
0.006300 0.006324
0.006296 0.009285
0.006289 0.007148
0.006278 0.008532
0.006277 0.009021
0.006270 0.011035
0.006268 0.007915
0.006251 0.007220
0.006247 0.007116
0.006232 0.007884
0.006231 0.006817
0.006226 0.006418
0.006217 0.006517
0.006216 0.008926
0.006215 0.006237
0.006199 0.007115
0.006197 0.006216
0.006193 0.006220
0.006192 0.007625
0.006188 0.007159
0.006179 0.006862
0.006177 0.006854
0.006174 0.006496
0.006165 0.006714
0.006161 0.008819
0.006140 0.008100
0.006139 0.007041
0.006133 0.008536
0.006123 0.008363
0.006122 0.008484
0.006121 0.006375
0.006117 0.008827
0.006117 0.006905
0.006105 0.011873
0.006103 0.008226
0.006097 0.006954
0.006080 0.009957
0.006080 0.010069
0.006077 0.006852
0.006076 0.006846
0.006075 0.006316
0.006069 0.008510
0.006028 0.006140
0.006019 0.008467
0.006015 0.006107
0.006010 0.008297
0.005999 0.007718
0.005999 0.006316
0.005963 0.012185
0.005963 0.007371
0.005958 0.008475
0.005943 0.007240
0.005936 0.009257
0.005929 0.008747
0.005924 0.007307
0.005919 0.007081
0.005885 0.006915
0.005874 0.007080
0.005874 0.007222
0.005864 0.005896
0.005859 0.006164
0.005858 0.006785
0.005854 0.006346
0.005842 0.008846
0.005841 0.006731
0.005838 0.005991
0.005824 0.006073
0.005815 0.005955
0.005812 0.009118
0.005809 0.008565
0.005797 0.007222
0.005797 0.006581
0.005795 0.006041
0.005782 0.005876
0.005779 0.006801
0.005773 0.006974
0.005770 0.006537
0.005768 0.006841
0.005763 0.006301
0.005762 0.005780
0.005759 0.006336
0.005752 0.005922
0.005751 0.007699
0.005748 0.007584
0.005746 0.005804
0.005746 0.005914
0.005745 0.007246
0.005739 0.006023
0.005737 0.007944
0.005734 0.006051
0.005719 0.005876
0.005710 0.009010
0.005705 0.005938
0.005701 0.006935
0.005699 0.006453
0.005695 0.006764
0.005692 0.007138
0.005692 0.008092
0.005689 0.006207
0.005688 0.006550
0.005686 0.006477
0.005674 0.009861
0.005672 0.007976
0.005660 0.007234
0.005652 0.007224
0.005650 0.006198
0.005646 0.008590
0.005641 0.005990
0.005639 0.005654
0.005639 0.006092
0.005635 0.007174
0.005625 0.005849
0.005619 0.006640
0.005611 0.005627
0.005606 0.005738
0.005603 0.006654
0.005603 0.009970
0.005599 0.006595
0.005592 0.005734
0.005591 0.007738
0.005591 0.009033
0.005589 0.006325
0.005579 0.008087
0.005574 0.006042
0.005572 0.005945
0.005568 0.006479
0.005566 0.006622
0.005563 0.008239
0.005540 0.005597
0.005535 0.008176
0.005532 0.006451
0.005518 0.005923
0.005513 0.005660
0.005512 0.006477
0.005498 0.005934
0.005494 0.009667
0.005493 0.007285
0.005492 0.006455
0.005488 0.012980
0.005483 0.005932
0.005480 0.005492
0.005470 0.005560
0.005467 0.005972
0.005465 0.007510
0.005463 0.008463
0.005462 0.005906
0.005449 0.010560
0.005448 0.006692
0.005443 0.006564
0.005429 0.005701
0.005417 0.007660
0.005415 0.005727
0.005413 0.006003
0.005411 0.005593
0.005411 0.007009
0.005410 0.008239
0.005402 0.007492
0.005400 0.005452
0.005396 0.006236
0.005395 0.005605
0.005392 0.005469
0.005392 0.006137
0.005389 0.006109
0.005387 0.006398
0.005387 0.006497
0.005384 0.007536
0.005382 0.006718
0.005382 0.006666
0.005379 0.006187
0.005376 0.005821
0.005374 0.005869
0.005373 0.006310
0.005355 0.010961
0.005348 0.012493
0.005339 0.005896
0.005338 0.008533
0.005333 0.007751
0.005328 0.008603
0.005327 0.005532
0.005325 0.005487
0.005322 0.005361
0.005321 0.006798
0.005320 0.005675
0.005313 0.006511
0.005281 0.005849
0.005280 0.007467
0.005277 0.005716
0.005276 0.006712
0.005266 0.006408
0.005264 0.006497
0.005262 0.006232
0.005254 0.005462
0.005248 0.006872
0.005245 0.008044
0.005240 0.005535
0.005232 0.008340
0.005230 0.005249
0.005215 0.010113
0.005215 0.008046
0.005213 0.006009
0.005212 0.005255
0.005211 0.006057
0.005208 0.005580
0.005208 0.005392
0.005203 0.005873
0.005202 0.005756
0.005202 0.007952
0.005198 0.005421
0.005197 0.005395
0.005184 0.006124
0.005180 0.005242
0.005179 0.008337
0.005177 0.005210
0.005176 0.006080
0.005176 0.007974
0.005175 0.005415
0.005174 0.011275
0.005170 0.005373
0.005166 0.005345
0.005164 0.005458
0.005149 0.006072
0.005146 0.006411
0.005137 0.008568
0.005135 0.005926
0.005132 0.005764
0.005130 0.006377
0.005129 0.007166
0.005126 0.005367
0.005126 0.005309
0.005126 0.006951
0.005122 0.005555
0.005117 0.006034
0.005113 0.005534
0.005107 0.005360
0.005101 0.008206
0.005100 0.006324
0.005099 0.005840
0.005093 0.005237
0.005087 0.015039
0.005076 0.008777
0.005076 0.005133
0.005072 0.006374
0.005069 0.005404
0.005064 0.008139
0.005060 0.005973
0.005057 0.005102
0.005057 0.005790
0.005042 0.006043
0.005042 0.006967
0.005040 0.008555
0.005034 0.006080
0.005034 0.006070
0.005034 0.005598
0.005028 0.006016
0.005025 0.005992
0.005020 0.008411
0.005016 0.005019
0.005013 0.005042
0.005009 0.006483
0.005005 0.007223
0.005004 0.007166
0.005002 0.005136
0.004996 0.007277
0.004992 0.005039
0.004992 0.007073
0.004990 0.005369
0.004986 0.005820
0.004984 0.005220
0.004982 0.005958
0.004974 0.005884
0.004971 0.005726
0.004967 0.005030
0.004958 0.005008
0.004955 0.005508
0.004955 0.011033
0.004953 0.005137
0.004952 0.005051
0.004949 0.009684
0.004948 0.005724
0.004939 0.005734
0.004930 0.008361
0.004930 0.005714
0.004928 0.009354
0.004928 0.006357
0.004928 0.010986
0.004928 0.006521
0.004922 0.007567
0.004922 0.004948
0.004920 0.005333
0.004914 0.004923
0.004912 0.006006
0.004906 0.005148
0.004902 0.005587
0.004902 0.006897
0.004901 0.006212
0.004901 0.006209
0.004901 0.005628
0.004898 0.006679
0.004896 0.005111
0.004896 0.005224
0.004895 0.005642
0.004894 0.005705
0.004889 0.009612
0.004885 0.005177
0.004877 0.005214
0.004870 0.006670
0.004868 0.005042
0.004867 0.004916
0.004860 0.004978
0.004857 0.011100
0.004850 0.007318
0.004849 0.005324
0.004846 0.005152
0.004845 0.005665
0.004842 0.006836
0.004841 0.004853
0.004841 0.006310
0.004839 0.005000
0.004834 0.006383
0.004834 0.009958
0.004833 0.005275
0.004831 0.006009
0.004831 0.006082
0.004829 0.005138
0.004828 0.010936
0.004826 0.007684
0.004819 0.005159
0.004805 0.005807
0.004805 0.008484
0.004799 0.005918
0.004791 0.005525
0.004786 0.006876
0.004785 0.005847
0.004784 0.005069
0.004783 0.005319
0.004781 0.005319
0.004779 0.005016
0.004779 0.005398
0.004779 0.005224
0.004777 0.005091
0.004775 0.005235
0.004775 0.005321
0.004773 0.005020
0.004770 0.005444
0.004770 0.005079
0.004768 0.007298
0.004767 0.006249
0.004766 0.005448
0.004765 0.006540
0.004760 0.006031
0.004759 0.005037
0.004757 0.005105
0.004756 0.005729
0.004754 0.004816
0.004752 0.006970
0.004750 0.005501
0.004746 0.005739
0.004741 0.005072
0.004740 0.004817
0.004738 0.005688
0.004736 0.007822
0.004735 0.004883
0.004735 0.005908
0.004735 0.004933
0.004734 0.006778
0.004722 0.005339
0.004719 0.005354
0.004719 0.005646
0.004712 0.006200
0.004701 0.005131
0.004701 0.007978
0.004697 0.005605
0.004695 0.006418
0.004693 0.004851
0.004693 0.004850
0.004690 0.005287
0.004687 0.005511
0.004684 0.005594
0.004684 0.004984
0.004683 0.006366
0.004683 0.004923
0.004680 0.004725
0.004668 0.006220
0.004667 0.005038
0.004663 0.005094
0.004661 0.006344
0.004654 0.005372
0.004652 0.004730
0.004651 0.005840
0.004650 0.004917
0.004650 0.006920
0.004649 0.005648
0.004648 0.004746
0.004642 0.007412
0.004635 0.005171
0.004632 0.006506
0.004628 0.005120
0.004627 0.005400
0.004623 0.004886
0.004621 0.008948
0.004616 0.006920
0.004615 0.007612
0.004614 0.005952
0.004611 0.006086
0.004611 0.006426
0.004608 0.004794
0.004607 0.004666
0.004606 0.006573
0.004605 0.005979
0.004602 0.004711
0.004593 0.007243
0.004590 0.004980
0.004587 0.005703
0.004584 0.005444
0.004583 0.005263
0.004577 0.005098
0.004574 0.005754
0.004570 0.005804
0.004568 0.007049
0.004563 0.005480
0.004562 0.005318
0.004561 0.005633
0.004560 0.005877
0.004557 0.005009
0.004553 0.005175
0.004552 0.005663
0.004547 0.004651
0.004547 0.006952
0.004543 0.006087
0.004543 0.004627
0.004539 0.005132
0.004539 0.007463
0.004534 0.004911
0.004530 0.004647
0.004529 0.006221
0.004525 0.004973
0.004525 0.005888
0.004525 0.008845
0.004518 0.008764
0.004518 0.005993
0.004518 0.004694
0.004513 0.007435
0.004512 0.005876
0.004511 0.006818
0.004509 0.006464
0.004509 0.005073
0.004508 0.006036
0.004508 0.004774
0.004508 0.005032
0.004507 0.008494
0.004506 0.005064
0.004506 0.004703
0.004505 0.005423
0.004504 0.006352
0.004502 0.005722
0.004501 0.005634
0.004500 0.004578
0.004500 0.005583
0.004493 0.005991
0.004489 0.005149
0.004485 0.006599
0.004472 0.007485
0.004464 0.005317
0.004461 0.004582
0.004459 0.005024
0.004458 0.005099
0.004458 0.005105
0.004456 0.005516
0.004444 0.006233
0.004444 0.004773
0.004443 0.004447
0.004431 0.005920
0.004430 0.006571
0.004429 0.004715
0.004428 0.005257
0.004426 0.005561
0.004403 0.004598
0.004402 0.006546
0.004402 0.004957
0.004396 0.006140
0.004395 0.004748
0.004394 0.007132
0.004390 0.004682
0.004385 0.005042
0.004382 0.005772
0.004380 0.005395
0.004380 0.007012
0.004376 0.006242
0.004364 0.004449
0.004361 0.005925
0.004360 0.010025
0.004358 0.004696
0.004354 0.007062
0.004347 0.004915
0.004345 0.006089
0.004344 0.004467
0.004341 0.009208
0.004340 0.005843
0.004335 0.005487
0.004331 0.005491
0.004330 0.005011
0.004329 0.004681
0.004327 0.005511
0.004323 0.006860
0.004322 0.004528
0.004322 0.006555
0.004314 0.006128
0.004313 0.004503
0.004312 0.004742
0.004311 0.006629
0.004309 0.004363
0.004307 0.006986
0.004305 0.004694
0.004304 0.006164
0.004300 0.005251
0.004296 0.005581
0.004296 0.004739
0.004295 0.006553
0.004294 0.005755
0.004294 0.004765
0.004291 0.008216
0.004290 0.004313
0.004288 0.004806
0.004285 0.004937
0.004283 0.004599
0.004283 0.004369
0.004275 0.004615
0.004274 0.005351
0.004274 0.004655
0.004272 0.006145
0.004268 0.004994
0.004268 0.005016
0.004263 0.008456
0.004263 0.004951
0.004260 0.004375
0.004259 0.004570
0.004258 0.006833
0.004257 0.005418
0.004255 0.005459
0.004254 0.004545
0.004254 0.007264
0.004254 0.006175
0.004252 0.004339
0.004251 0.006692
0.004251 0.004874
0.004250 0.005730
0.004248 0.004625
0.004247 0.005116
0.004243 0.004384
0.004243 0.004548
0.004240 0.007514
0.004238 0.006372
0.004237 0.006182
0.004233 0.005931
0.004226 0.006502
0.004222 0.005607
0.004222 0.005942
0.004221 0.005495
0.004221 0.004337
0.004218 0.004856
0.004217 0.004387
0.004213 0.004688
0.004211 0.004952
0.004211 0.004773
0.004209 0.004281
0.004208 0.008077
0.004205 0.004277
0.004205 0.004391
0.004203 0.006128
0.004201 0.005240
0.004200 0.004299
0.004194 0.004288
0.004193 0.004291
0.004190 0.005006
0.004190 0.004291
0.004189 0.004750
0.004184 0.005733
0.004181 0.004943
0.004177 0.005827
0.004177 0.004560
0.004176 0.004539
0.004169 0.004831
0.004164 0.004919
0.004163 0.004822
0.004158 0.004613
0.004142 0.004645
0.004142 0.006274
0.004139 0.004242
0.004136 0.005133
0.004130 0.005063
0.004128 0.004447
0.004117 0.004414
0.004116 0.004753
0.004114 0.006829
0.004114 0.004158
0.004113 0.006492
0.004110 0.006048
0.004108 0.004952
0.004105 0.004213
0.004103 0.005652
0.004102 0.005122
0.004099 0.004294
0.004096 0.004462
0.004093 0.004421
0.004091 0.004257
0.004090 0.004103
0.004090 0.004224
0.004083 0.004173
0.004081 0.004384
0.004078 0.004477
0.004077 0.004788
0.004076 0.004332
0.004074 0.007805
0.004072 0.005039
0.004071 0.004384
0.004070 0.004569
0.004066 0.004887
0.004061 0.004239
0.004054 0.004341
0.004052 0.004482
0.004051 0.004133
0.004050 0.004173
0.004048 0.005390
0.004044 0.005065
0.004041 0.009878
0.004037 0.006681
0.004037 0.005231
0.004035 0.005178
0.004033 0.004104
0.004033 0.004383
0.004031 0.004266
0.004029 0.006546
0.004028 0.004772
0.004025 0.005072
0.004021 0.004101
0.004020 0.005998
0.004017 0.004541
0.004017 0.007119
0.004017 0.008672
0.004013 0.004568
0.004011 0.004545
0.004009 0.004096
0.004008 0.009281
0.004001 0.004732
0.004000 0.004531
0.003998 0.004054
0.003995 0.004021
0.003989 0.004774
0.003984 0.004589
0.003981 0.005876
0.003978 0.004350
0.003978 0.005527
0.003976 0.005296
0.003973 0.005024
0.003973 0.005039
0.003973 0.006462
0.003972 0.004749
0.003968 0.004317
0.003967 0.005033
0.003966 0.005009
0.003964 0.005283
0.003964 0.005777
0.003963 0.004932
0.003961 0.006473
0.003961 0.004142
0.003959 0.004436
0.003958 0.005227
0.003953 0.004184
0.003951 0.004416
0.003948 0.004900
0.003948 0.005792
0.003947 0.004360
0.003942 0.006517
0.003940 0.004804
0.003939 0.005763
0.003939 0.005334
0.003939 0.004345
0.003936 0.005738
0.003934 0.004702
0.003933 0.004067
0.003928 0.006007
0.003928 0.005119
0.003921 0.004261
0.003916 0.005569
0.003911 0.006745
0.003910 0.005542
0.003908 0.005076
0.003907 0.004622
0.003904 0.005600
0.003904 0.005721
0.003901 0.004580
0.003900 0.004516
0.003900 0.004679
0.003898 0.004156
0.003898 0.004647
0.003895 0.005785
0.003894 0.004574
0.003891 0.004234
0.003890 0.004479
0.003888 0.003914
0.003887 0.003967
0.003886 0.006911
0.003880 0.004532
0.003875 0.004518
0.003874 0.004655
0.003870 0.005442
0.003869 0.005815
0.003869 0.004110
0.003866 0.004277
0.003864 0.006726
0.003860 0.004457
0.003858 0.004474
0.003855 0.004762
0.003853 0.004037
0.003850 0.006565
0.003850 0.004308
0.003849 0.004147
0.003849 0.004194
0.003847 0.004467
0.003846 0.003905
0.003843 0.004436
0.003843 0.004259
0.003840 0.004041
0.003838 0.008442
0.003837 0.003927
0.003836 0.004886
0.003834 0.003891
0.003833 0.003950
0.003833 0.004129
0.003832 0.005478
0.003831 0.007268
0.003828 0.004020
0.003824 0.003953
0.003823 0.004618
0.003821 0.004416
0.003819 0.003845
0.003816 0.005184
0.003811 0.004941
0.003810 0.004459
0.003810 0.006104
0.003808 0.004022
0.003807 0.003839
0.003803 0.004962
0.003803 0.008508
0.003802 0.004629
0.003799 0.004446
0.003799 0.005049
0.003798 0.005051
0.003796 0.004600
0.003793 0.004047
0.003793 0.004233
0.003789 0.005713
0.003787 0.004149
0.003786 0.004117
0.003784 0.004480
0.003781 0.003891
0.003779 0.004014
0.003778 0.003846
0.003775 0.004825
0.003770 0.003772
0.003767 0.004776
0.003764 0.003910
0.003758 0.004324
0.003757 0.004722
0.003748 0.003771
0.003748 0.004144
0.003747 0.004527
0.003744 0.004064
0.003742 0.004586
0.003740 0.004800
0.003740 0.006225
0.003740 0.004649
0.003739 0.004505
0.003738 0.003926
0.003737 0.004748
0.003735 0.005308
0.003734 0.006655
0.003734 0.005156
0.003732 0.005204
0.003730 0.005577
0.003729 0.004255
0.003722 0.003913
0.003721 0.008225
0.003720 0.004342
0.003719 0.003787
0.003708 0.003758
0.003706 0.004103
0.003704 0.004995
0.003704 0.004449
0.003703 0.004736
0.003703 0.003744
0.003701 0.004786
0.003701 0.003954
0.003695 0.005827
0.003693 0.007196
0.003693 0.005074
0.003693 0.003737
0.003691 0.004704
0.003691 0.007443
0.003686 0.004449
0.003685 0.006417
0.003681 0.004208
0.003680 0.003960
0.003679 0.003742
0.003675 0.003971
0.003673 0.007588
0.003673 0.003824
0.003672 0.003791
0.003668 0.005995
0.003667 0.009438
0.003667 0.004387
0.003665 0.006912
0.003662 0.004120
0.003661 0.005547
0.003659 0.003805
0.003658 0.004678
0.003657 0.004284
0.003655 0.003761
0.003654 0.005859
0.003654 0.003985
0.003645 0.004202
0.003643 0.005720
0.003642 0.004562
0.003641 0.004233
0.003640 0.004037
0.003638 0.004505
0.003638 0.004898
0.003631 0.004430
0.003630 0.004445
0.003628 0.004997
0.003626 0.003882
0.003623 0.003933
0.003618 0.003847
0.003614 0.004087
0.003612 0.005699
0.003611 0.003911
0.003610 0.004011
0.003609 0.004722
0.003608 0.005476
0.003606 0.006057
0.003602 0.004005
0.003595 0.003823
0.003595 0.004169
0.003595 0.003602
0.003595 0.005280
0.003592 0.004250
0.003588 0.006712
0.003587 0.005208
0.003586 0.005382
0.003585 0.004931
0.003585 0.004110
0.003584 0.006052
0.003582 0.004101
0.003581 0.005379
0.003578 0.003885
0.003575 0.003667
0.003575 0.003657
0.003570 0.005013
0.003568 0.007032
0.003566 0.004173
0.003566 0.004525
0.003566 0.003986
0.003564 0.003567
0.003563 0.005520
0.003561 0.004365
0.003558 0.004602
0.003556 0.005638
0.003555 0.003594
0.003554 0.004208
0.003554 0.004518
0.003552 0.003583
0.003551 0.005324
0.003551 0.003932
0.003550 0.006306
0.003546 0.004368
0.003545 0.003654
0.003541 0.004001
0.003540 0.004973
0.003539 0.007785
0.003536 0.003771
0.003536 0.004307
0.003535 0.004768
0.003534 0.003986
0.003534 0.008447
0.003533 0.004156
0.003531 0.003911
0.003530 0.003721
0.003530 0.006901
0.003530 0.003825
0.003527 0.006898
0.003526 0.003811
0.003525 0.003765
0.003525 0.003609
0.003522 0.003775
0.003520 0.003962
0.003519 0.003964
0.003518 0.004279
0.003518 0.003721
0.003517 0.003630
0.003516 0.004069
0.003514 0.005587
0.003512 0.005074
0.003511 0.003812
0.003511 0.003729
0.003505 0.006068
0.003503 0.003575
0.003501 0.006181
0.003497 0.003531
0.003497 0.005366
0.003496 0.005892
0.003490 0.004035
0.003490 0.003656
0.003490 0.003610
0.003487 0.003751
0.003485 0.005876
0.003484 0.005346
0.003483 0.003706
0.003483 0.004486
0.003480 0.003985
0.003479 0.003820
0.003479 0.006431
0.003478 0.004098
0.003476 0.003680
0.003475 0.004864
0.003473 0.004449
0.003470 0.004130
0.003466 0.004154
0.003466 0.006492
0.003466 0.003814
0.003464 0.005473
0.003463 0.005141
0.003463 0.006266
0.003462 0.004660
0.003462 0.004824
0.003458 0.003694
0.003458 0.003951
0.003458 0.005415
0.003452 0.004185
0.003451 0.005428
0.003448 0.003619
0.003446 0.005772
0.003444 0.003605
0.003443 0.005663
0.003442 0.004035
0.003442 0.005840
0.003437 0.004898
0.003435 0.005060
0.003435 0.003776
0.003434 0.004466
0.003432 0.003860
0.003431 0.003918
0.003431 0.003553
0.003430 0.004544
0.003428 0.003770
0.003426 0.003431
0.003425 0.004220
0.003420 0.005002
0.003419 0.007080
0.003418 0.003462
0.003416 0.003592
0.003415 0.004139
0.003414 0.005618
0.003412 0.004669
0.003408 0.003555
0.003407 0.004895
0.003406 0.003884
0.003403 0.003767
0.003401 0.006288
0.003401 0.004723
0.003400 0.007630
0.003399 0.003921
0.003399 0.006864
0.003396 0.004444
0.003395 0.005923
0.003395 0.004508
0.003395 0.006683
0.003394 0.007829
0.003394 0.004232
0.003393 0.004255
0.003392 0.007749
0.003391 0.006743
0.003387 0.003392
0.003387 0.006154
0.003386 0.003512
0.003381 0.005835
0.003379 0.003620
0.003377 0.006079
0.003375 0.004255
0.003373 0.003414
0.003373 0.005222
0.003371 0.005237
0.003371 0.003507
0.003370 0.004036
0.003369 0.004198
0.003364 0.004769
0.003361 0.006324
0.003359 0.003612
0.003351 0.004513
0.003348 0.004230
0.003346 0.003395
0.003344 0.005124
0.003340 0.003999
0.003340 0.003750
0.003336 0.004057
0.003332 0.006722
0.003331 0.003528
0.003331 0.006271
0.003329 0.003402
0.003328 0.007168
0.003326 0.003509
0.003324 0.007744
0.003319 0.003404
0.003318 0.005720
0.003313 0.004744
0.003311 0.003729
0.003305 0.003401
0.003305 0.003591
0.003303 0.005619
0.003301 0.003701
0.003300 0.003950
0.003300 0.004060
0.003294 0.005244
0.003292 0.003680
0.003286 0.004118
0.003282 0.004678
0.003277 0.003483
0.003275 0.004039
0.003275 0.003954
0.003275 0.006703
0.003273 0.003419
0.003264 0.004563
0.003264 0.004460
0.003263 0.007403
0.003263 0.003297
0.003260 0.004794
0.003260 0.004178
0.003254 0.003611
0.003247 0.003320
0.003245 0.003875
0.003245 0.003543
0.003244 0.005724
0.003242 0.005051
0.003240 0.004415
0.003239 0.004107
0.003238 0.003993
0.003235 0.003398
0.003231 0.004094
0.003231 0.005451
0.003230 0.004064
0.003227 0.003494
0.003225 0.003427
0.003223 0.003545
0.003222 0.004368
0.003219 0.006949
0.003218 0.003249
0.003215 0.004204
0.003215 0.004935
0.003213 0.005972
0.003212 0.003324
0.003210 0.004953
0.003210 0.003373
0.003209 0.003395
0.003204 0.004141
0.003201 0.005674
0.003197 0.004527
0.003196 0.004070
0.003196 0.003807
0.003194 0.003569
0.003190 0.003775
0.003190 0.003712
0.003187 0.003483
0.003187 0.004218
0.003182 0.003232
0.003181 0.003557
0.003180 0.003587
0.003179 0.004012
0.003177 0.003621
0.003176 0.004563
0.003173 0.003228
0.003173 0.006341
0.003171 0.005068
0.003171 0.003279
0.003168 0.003214
0.003167 0.004283
0.003167 0.004669
0.003165 0.003870
0.003165 0.004382
0.003165 0.004062
0.003164 0.005617
0.003162 0.003376
0.003161 0.003273
0.003160 0.004323
0.003155 0.003299
0.003155 0.005641
0.003153 0.004422
0.003152 0.004343
0.003152 0.003709
0.003148 0.006887
0.003146 0.003904
0.003144 0.003518
0.003143 0.004810
0.003143 0.004258
0.003143 0.007123
0.003141 0.004035
0.003139 0.003738
0.003138 0.003411
0.003137 0.003762
0.003133 0.003373
0.003133 0.003506
0.003131 0.004249
0.003130 0.003131
0.003130 0.004468
0.003127 0.006479
0.003126 0.004648
0.003125 0.004346
0.003125 0.003255
0.003124 0.006804
0.003117 0.003129
0.003114 0.003313
0.003114 0.005238
0.003113 0.003262
0.003111 0.004052
0.003109 0.003591
0.003106 0.005774
0.003106 0.003880
0.003105 0.005261
0.003102 0.003846
0.003100 0.008007
0.003100 0.003553
0.003098 0.006420
0.003095 0.005950
0.003094 0.004339
0.003094 0.003097
0.003094 0.003754
0.003091 0.003540
0.003086 0.004671
0.003086 0.004345
0.003084 0.006450
0.003077 0.003515
0.003074 0.003157
0.003073 0.004893
0.003070 0.005492
0.003069 0.004245
0.003069 0.004323
0.003068 0.005643
0.003067 0.003216
0.003065 0.003365
0.003065 0.003100
0.003063 0.003217
0.003055 0.003689
0.003054 0.003132
0.003054 0.003305
0.003053 0.003833
0.003051 0.004377
0.003048 0.003603
0.003048 0.004191
0.003045 0.003139
0.003042 0.004399
0.003042 0.005260
0.003040 0.003271
0.003038 0.003589
0.003038 0.003662
0.003036 0.003074
0.003035 0.003062
0.003035 0.003274
0.003032 0.003770
0.003031 0.003068
0.003031 0.004766
0.003026 0.004094
0.003023 0.003672
0.003019 0.003818
0.003017 0.003342
0.003012 0.003052
0.003012 0.003743
0.003008 0.004715
0.003005 0.006616
0.003005 0.006021
0.003004 0.003707
0.003004 0.003069
0.003001 0.005272
0.003000 0.003228
0.002999 0.003141
0.002998 0.003070
0.002998 0.003509
0.002997 0.003231
0.002995 0.006652
0.002994 0.005242
0.002989 0.003331
0.002988 0.003795
0.002983 0.003643
0.002981 0.004749
0.002980 0.005025
0.002977 0.003032
0.002976 0.003185
0.002976 0.003993
0.002974 0.003049
0.002971 0.002977
0.002968 0.002989
0.002968 0.003219
0.002963 0.003144
0.002963 0.003145
0.002962 0.003211
0.002962 0.003350
0.002956 0.006418
0.002954 0.003264
0.002949 0.003529
0.002946 0.003017
0.002941 0.003762
0.002940 0.003262
0.002940 0.003613
0.002939 0.003492
0.002929 0.003732
0.002928 0.003185
0.002928 0.005032
0.002925 0.003487
0.002923 0.003399
0.002921 0.003225
0.002920 0.004120
0.002917 0.003117
0.002915 0.003404
0.002912 0.003666
0.002908 0.004087
0.002908 0.002980
0.002905 0.004282
0.002901 0.002909
0.002900 0.003041
0.002898 0.003346
0.002898 0.003565
0.002897 0.003008
0.002897 0.003376
0.002895 0.004762
0.002893 0.004526
0.002891 0.003539
0.002889 0.003000
0.002886 0.004330
0.002886 0.003003
0.002884 0.003368
0.002878 0.002938
0.002878 0.003556
0.002876 0.003518
0.002875 0.003001
0.002869 0.002869
0.002868 0.005249
0.002865 0.003756
0.002861 0.004743
0.002859 0.002868
0.002859 0.005810
0.002857 0.003050
0.002855 0.004771
0.002855 0.004323
0.002855 0.003865
0.002850 0.003105
0.002846 0.003702
0.002845 0.002986
0.002845 0.003071
0.002845 0.003244
0.002837 0.003334
0.002837 0.005151
0.002833 0.003342
0.002833 0.004084
0.002828 0.003413
0.002828 0.003503
0.002827 0.003153
0.002825 0.003056
0.002822 0.003800
0.002821 0.003961
0.002818 0.003442
0.002816 0.003439
0.002816 0.003616
0.002814 0.005304
0.002812 0.004337
0.002810 0.003068
0.002810 0.003855
0.002806 0.004412
0.002806 0.002955
0.002805 0.004481
0.002805 0.003497
0.002804 0.003136
0.002804 0.003425
0.002800 0.002885
0.002797 0.003585
0.002795 0.003817
0.002794 0.003293
0.002792 0.002801
0.002790 0.002826
0.002789 0.003180
0.002788 0.002811
0.002786 0.005649
0.002785 0.003002
0.002783 0.002810
0.002781 0.003966
0.002779 0.004238
0.002775 0.003199
0.002775 0.003751
0.002775 0.004079
0.002771 0.005778
0.002770 0.004680
0.002767 0.003482
0.002765 0.003034
0.002761 0.003600
0.002759 0.003954
0.002759 0.003255
0.002750 0.004062
0.002748 0.003061
0.002742 0.003686
0.002742 0.004807
0.002738 0.002874
0.002737 0.002850
0.002737 0.004189
0.002733 0.003314
0.002733 0.002913
0.002731 0.003708
0.002729 0.002813
0.002728 0.003096
0.002726 0.003416
0.002726 0.003034
0.002724 0.004964
0.002723 0.006023
0.002712 0.003476
0.002708 0.003103
0.002700 0.003156
0.002698 0.002790
0.002691 0.005523
0.002691 0.003526
0.002690 0.003131
0.002685 0.003109
0.002679 0.003057
0.002670 0.003235
0.002668 0.002751
0.002665 0.002812
0.002663 0.005953
0.002661 0.003421
0.002661 0.003035
0.002649 0.002715
0.002648 0.003321
0.002646 0.002882
0.002645 0.004029
0.002645 0.003842
0.002642 0.004205
0.002642 0.002722
0.002638 0.004402
0.002631 0.005156
0.002630 0.002822
0.002628 0.003310
0.002627 0.003604
0.002625 0.002919
0.002624 0.002823
0.002624 0.002716
0.002623 0.003212
0.002613 0.002713
0.002613 0.003094
0.002611 0.003178
0.002608 0.004046
0.002608 0.003972
0.002600 0.003194
0.002598 0.003715
0.002596 0.002888
0.002594 0.002606
0.002582 0.003872
0.002567 0.002938
0.002564 0.003366
0.002564 0.002589
0.002556 0.003389
0.002554 0.002961
0.002550 0.002741
0.002548 0.002768
0.002546 0.002687
0.002541 0.002894
0.002535 0.003490
0.002530 0.003187
0.002529 0.003076
0.002528 0.004065
0.002524 0.002862
0.002524 0.002643
0.002520 0.002690
0.002517 0.003689
0.002513 0.004463
0.002509 0.003509
0.002505 0.002795
0.002505 0.003384
0.002504 0.002611
0.002503 0.003629
0.002502 0.003297
0.002493 0.002563
0.002493 0.003052
0.002490 0.004283
0.002489 0.002894
0.002474 0.002859
0.002474 0.004080
0.002474 0.004124
0.002471 0.002628
0.002471 0.003296
0.002471 0.003224
0.002460 0.002495
0.002454 0.003971
0.002445 0.003077
0.002441 0.002961
0.002436 0.002995
0.002436 0.002484
0.002434 0.003126
0.002431 0.002740
0.002428 0.002501
0.002421 0.002432
0.002420 0.004092
0.002420 0.003010
0.002404 0.003109
0.002394 0.002596
0.002391 0.005169
0.002389 0.002445
0.002380 0.002906
0.002380 0.002443
0.002379 0.002433
0.002375 0.002443
0.002365 0.002796
0.002363 0.003227
0.002362 0.003134
0.002362 0.002599
0.002356 0.002668
0.002351 0.002576
0.002342 0.002527
0.002340 0.002921
0.002339 0.003887
0.002331 0.002388
0.002325 0.002673
0.002321 0.002336
0.002313 0.002431
0.002310 0.002464
0.002300 0.002782
0.002285 0.002945
0.002282 0.002369
0.002281 0.002299
0.002271 0.002948
0.002262 0.003720
0.002250 0.002545
0.002249 0.002323
0.002246 0.002398
0.002246 0.002562
0.002238 0.002945
0.002238 0.002291
0.002232 0.002311
0.002230 0.002314
0.002223 0.002434
0.002208 0.002305
0.002205 0.002250
0.002203 0.002335
0.002197 0.002306
0.002194 0.002219
0.002192 0.002256
0.002191 0.002290
0.002187 0.002311
0.002187 0.002406
0.002184 0.002825
0.002177 0.002214
0.002175 0.002377
0.002173 0.002388
0.002171 0.002740
0.002161 0.002355
0.002154 0.002547
0.002153 0.002430
0.002142 0.002831
0.002140 0.002184
0.002135 0.002222
0.002131 0.002766
0.002123 0.002441
0.002092 0.002172
0.002088 0.002262
0.002085 0.002200
0.002081 0.002547
0.002067 0.002798
0.002066 0.002141
0.002049 0.002346
0.002043 0.002094
0.002033 0.002069
0.002016 0.002588
0.001986 0.002443
0.001979 0.002035
0.001978 0.002281
0.001968 0.002131
0.001961 0.002185
0.001957 0.002223
0.001953 0.002213
0.001938 0.002811
0.001932 0.002206
0.001927 0.002054
0.001925 0.002333
0.001912 0.002168
0.001906 0.002630
0.001903 0.002358
0.001897 0.002466
0.001856 0.002446
0.001852 0.001908
0.001847 0.002267
0.001847 0.001900
0.001834 0.002080
0.001833 0.002869
0.001831 0.001834
0.001828 0.002164
0.001827 0.001953
0.001798 0.001910
0.001778 0.001864
0.001777 0.001777
0.001760 0.001775
0.001740 0.002115
0.001732 0.001801
0.001728 0.002085
0.001715 0.001883
0.001710 0.002053
0.001695 0.001857
0.001676 0.001763
0.001669 0.001827
0.001651 0.001733
0.001637 0.001681
0.001621 0.001908
0.001620 0.001801
0.001618 0.001647
0.001606 0.001946
0.001597 0.001673
0.001566 0.001637
0.001535 0.001667
0.001504 0.001826
0.001484 0.001576
0.001482 0.001633
0.001478 0.001498
0.001464 0.001618
0.001431 0.001432
0.001380 0.001495
0.001354 0.001403
0.001255 0.001448
0.001136 0.001340
0.001023 0.001144
0.001012 0.001042
