0.382857 0.415141
0.139219 0.141082
0.127052 0.131170
0.113483 0.150250
0.113086 0.143572
0.112289 0.162709
0.100024 0.103278
0.098163 0.173159
0.097352 0.110287
0.096532 0.111527
0.088654 0.094790
0.084541 0.084752
0.082210 0.090651
0.079369 0.082419
0.078715 0.101587
0.077741 0.077850
0.076726 0.098592
0.074692 0.089914
0.074535 0.090834
0.073656 0.075134
0.065653 0.069550
0.065357 0.097868
0.065141 0.092457
0.062581 0.069663
0.062483 0.065384
0.062435 0.065284
0.060112 0.074229
0.059107 0.062898
0.058254 0.066937
0.058159 0.070195
0.056410 0.057556
0.055826 0.061345
0.055790 0.064339
0.055477 0.055543
0.055454 0.069519
0.054241 0.080594
0.054050 0.067554
0.051991 0.067468
0.051279 0.051355
0.051022 0.051561
0.050846 0.051358
0.050615 0.064904
0.049998 0.051014
0.049106 0.050656
0.048024 0.070416
0.047800 0.080446
0.047705 0.056284
0.047488 0.102922
0.046941 0.053339
0.046278 0.051497
0.045331 0.058435
0.044776 0.063795
0.044316 0.060163
0.043794 0.048946
0.043622 0.055868
0.043467 0.056221
0.043069 0.043192
0.043025 0.045598
0.043007 0.047958
0.042140 0.061775
0.041419 0.087190
0.040532 0.048564
0.040192 0.041079
0.039120 0.043269
0.039036 0.039826
0.038675 0.044345
0.038417 0.051004
0.037433 0.051785
0.037179 0.047107
0.036628 0.038380
0.036278 0.036711
0.035747 0.039776
0.035318 0.043969
0.034986 0.044090
0.034668 0.035069
0.034554 0.049611
0.034504 0.058201
0.034378 0.044170
0.033787 0.034179
0.033594 0.036031
0.033515 0.045043
0.033488 0.046233
0.033364 0.037083
0.032934 0.038584
0.032667 0.035553
0.032238 0.045507
0.032187 0.033233
0.032108 0.050228
0.031951 0.036548
0.031630 0.039884
0.031335 0.035665
0.031261 0.033889
0.031113 0.041631
0.031022 0.039026
0.030987 0.047699
0.030778 0.034770
0.030016 0.035604
0.029834 0.034803
0.029334 0.033229
0.029103 0.033583
0.029006 0.031104
0.028882 0.029831
0.028757 0.032505
0.028578 0.031516
0.028449 0.028669
0.028371 0.030396
0.028026 0.031171
0.028016 0.044765
0.027819 0.031237
0.027631 0.037792
0.027508 0.030342
0.027370 0.031435
0.027186 0.027213
0.026966 0.027950
0.026892 0.037226
0.026838 0.031497
0.026543 0.028500
0.026529 0.028085
0.026478 0.027337
0.026383 0.034476
0.026311 0.040259
0.026254 0.028382
0.026220 0.027206
0.026133 0.034476
0.026127 0.030410
0.025790 0.025827
0.025781 0.029553
0.025777 0.029560
0.025759 0.040774
0.025691 0.027377
0.025651 0.028658
0.025512 0.026315
0.025340 0.046861
0.025259 0.032856
0.025214 0.039659
0.025201 0.063415
0.025196 0.025393
0.025151 0.040817
0.025071 0.030068
0.024716 0.025717
0.024668 0.026117
0.024634 0.026953
0.024601 0.024947
0.024319 0.026289
0.024208 0.027038
0.024039 0.027740
0.024008 0.047171
0.023934 0.024252
0.023857 0.024701
0.023834 0.031670
0.023829 0.026083
0.023792 0.028078
0.023703 0.025199
0.023609 0.023689
0.023572 0.024482
0.023562 0.037944
0.023557 0.023777
0.023436 0.037296
0.023363 0.027763
0.023320 0.028940
0.023309 0.026577
0.023263 0.027220
0.023232 0.045929
0.023038 0.026472
0.022922 0.026324
0.022759 0.040824
0.022753 0.024114
0.022688 0.022870
0.022675 0.023331
0.022660 0.026467
0.022656 0.023689
0.022612 0.023462
0.022586 0.024484
0.022485 0.027508
0.022452 0.024022
0.022406 0.023018
0.022396 0.022644
0.022383 0.025210
0.022339 0.023232
0.022264 0.024662
0.022257 0.023661
0.022158 0.038935
0.022054 0.022134
0.021876 0.022943
0.021836 0.024443
0.021832 0.022867
0.021785 0.028058
0.021776 0.024039
0.021735 0.036732
0.021672 0.023164
0.021637 0.021679
0.021621 0.024590
0.021616 0.025129
0.021566 0.024024
0.021558 0.028833
0.021513 0.022111
0.021491 0.023048
0.021440 0.027226
0.021390 0.027072
0.021216 0.022894
0.020877 0.038241
0.020874 0.026091
0.020774 0.021000
0.020764 0.020971
0.020760 0.023143
0.020587 0.021515
0.020515 0.029774
0.020452 0.023873
0.020437 0.021955
0.020389 0.034426
0.020303 0.022324
0.020300 0.038507
0.020154 0.029324
0.020151 0.027410
0.020145 0.022408
0.020136 0.021288
0.020076 0.031443
0.020032 0.022487
0.020022 0.021208
0.019987 0.029224
0.019909 0.021110
0.019880 0.020093
0.019764 0.025590
0.019741 0.024382
0.019732 0.020835
0.019693 0.023206
0.019666 0.023535
0.019630 0.019842
0.019629 0.021275
0.019605 0.026609
0.019588 0.027307
0.019583 0.021540
0.019573 0.022429
0.019546 0.019723
0.019504 0.023455
0.019481 0.023413
0.019477 0.020729
0.019411 0.022184
0.019386 0.020354
0.019379 0.024840
0.019308 0.032258
0.019272 0.025169
0.019229 0.025382
0.019185 0.024919
0.019033 0.021001
0.018951 0.019372
0.018913 0.034325
0.018839 0.020534
0.018813 0.019354
0.018758 0.019644
0.018670 0.029102
0.018662 0.019651
0.018639 0.021683
0.018630 0.029326
0.018613 0.019074
0.018610 0.018842
0.018556 0.030651
0.018555 0.031010
0.018468 0.019025
0.018453 0.020149
0.018303 0.022494
0.018225 0.019800
0.018179 0.026910
0.018161 0.030910
0.018156 0.018173
0.018155 0.024082
0.018133 0.023522
0.018099 0.024841
0.018061 0.031134
0.017976 0.024079
0.017951 0.018769
0.017641 0.026797
0.017601 0.021811
0.017561 0.017845
0.017487 0.022650
0.017451 0.018188
0.017451 0.017785
0.017443 0.026958
0.017441 0.021205
0.017421 0.027511
0.017371 0.032241
0.017338 0.017636
0.017315 0.017438
0.017309 0.025716
0.017298 0.018659
0.017283 0.017531
0.017281 0.020927
0.017252 0.019072
0.017249 0.022573
0.017168 0.018889
0.017055 0.017749
0.017042 0.020709
0.017001 0.018629
0.016957 0.021743
0.016950 0.024811
0.016943 0.041972
0.016920 0.026288
0.016914 0.017034
0.016905 0.017020
0.016902 0.030019
0.016901 0.017295
0.016803 0.017219
0.016742 0.017775
0.016701 0.017721
0.016663 0.018541
0.016649 0.039520
0.016641 0.017480
0.016640 0.022139
0.016598 0.029320
0.016568 0.023156
0.016506 0.018891
0.016381 0.016602
0.016329 0.018964
0.016296 0.020031
0.016291 0.016375
0.016183 0.017494
0.016173 0.016478
0.016170 0.016343
0.016081 0.016448
0.015943 0.017723
0.015880 0.027306
0.015867 0.023205
0.015859 0.025875
0.015843 0.016293
0.015789 0.017686
0.015770 0.019228
0.015765 0.017190
0.015750 0.016628
0.015743 0.017044
0.015731 0.016589
0.015720 0.016315
0.015717 0.015923
0.015712 0.023754
0.015666 0.020840
0.015651 0.019187
0.015643 0.018152
0.015634 0.020676
0.015611 0.016126
0.015583 0.022940
0.015541 0.015546
0.015492 0.023519
0.015487 0.018328
0.015364 0.017005
0.015335 0.015709
0.015277 0.016145
0.015265 0.016578
0.015258 0.021857
0.015215 0.024301
0.015202 0.025745
0.015179 0.017703
0.015035 0.015851
0.015011 0.017016
0.015001 0.015198
0.014984 0.017501
0.014970 0.015447
0.014935 0.016264
0.014913 0.021781
0.014895 0.016331
0.014872 0.015014
0.014746 0.022181
0.014706 0.016479
0.014691 0.017680
0.014691 0.017276
0.014674 0.016380
0.014655 0.015155
0.014647 0.014739
0.014639 0.023538
0.014622 0.023038
0.014497 0.021322
0.014430 0.016331
0.014370 0.015267
0.014333 0.017936
0.014311 0.016165
0.014298 0.019349
0.014294 0.018018
0.014279 0.018844
0.014273 0.016758
0.014258 0.017354
0.014237 0.014341
0.014156 0.022392
0.014134 0.014262
0.014098 0.018446
0.014078 0.017712
0.014028 0.022165
0.014027 0.014177
0.013999 0.014994
0.013979 0.015027
0.013945 0.015755
0.013944 0.017414
0.013891 0.014625
0.013726 0.015846
0.013709 0.025878
0.013669 0.013862
0.013664 0.019386
0.013615 0.013693
0.013614 0.017948
0.013531 0.019919
0.013519 0.016047
0.013477 0.014717
0.013470 0.014120
0.013421 0.018472
0.013351 0.013381
0.013251 0.013503
0.013243 0.015015
0.013237 0.014169
0.013193 0.015604
0.013169 0.021622
0.013139 0.020268
0.013129 0.018978
0.013111 0.015196
0.013028 0.015936
0.013010 0.013144
0.012988 0.023129
0.012917 0.023801
0.012884 0.015335
0.012826 0.012945
0.012763 0.019614
0.012739 0.012739
0.012679 0.016409
0.012672 0.013574
0.012668 0.014944
0.012588 0.016799
0.012568 0.013395
0.012471 0.016363
0.012454 0.012959
0.012450 0.013551
0.012416 0.012591
0.012390 0.012613
0.012358 0.013270
0.012321 0.012554
0.012291 0.012652
0.012283 0.015174
0.012245 0.013650
0.012239 0.021182
0.012236 0.013582
0.012227 0.020681
0.012225 0.016847
0.012148 0.014801
0.012130 0.015640
0.012121 0.012724
0.012051 0.014782
0.012039 0.016163
0.012029 0.012958
0.012027 0.012306
0.012005 0.012561
0.012004 0.012086
0.011973 0.012146
0.011963 0.018315
0.011962 0.012800
0.011961 0.015438
0.011957 0.012503
0.011956 0.012312
0.011955 0.014400
0.011945 0.013936
0.011944 0.012201
0.011917 0.016366
0.011912 0.013181
0.011902 0.026583
0.011854 0.013153
0.011840 0.013691
0.011839 0.017527
0.011809 0.016221
0.011801 0.015423
0.011793 0.013175
0.011787 0.012026
0.011773 0.013412
0.011722 0.016942
0.011687 0.011715
0.011677 0.012896
0.011671 0.028860
0.011637 0.014304
0.011594 0.012197
0.011578 0.013129
0.011562 0.032280
0.011562 0.015117
0.011557 0.014967
0.011528 0.012897
0.011501 0.013139
0.011500 0.012585
0.011421 0.014033
0.011421 0.011609
0.011400 0.015403
0.011400 0.020650
0.011400 0.015404
0.011320 0.015998
0.011308 0.012702
0.011250 0.011769
0.011236 0.011876
0.011210 0.011641
0.011180 0.014920
0.011175 0.014112
0.011171 0.011236
0.011093 0.014980
0.011072 0.011583
0.011055 0.014422
0.011029 0.014323
0.011004 0.016852
0.010978 0.011516
0.010975 0.011327
0.010934 0.011885
0.010894 0.014061
0.010894 0.012732
0.010891 0.012612
0.010884 0.013107
0.010879 0.011346
0.010820 0.011865
0.010820 0.011943
0.010786 0.011784
0.010744 0.010891
0.010703 0.013356
0.010699 0.013579
0.010699 0.011496
0.010602 0.018085
0.010596 0.014305
0.010531 0.010558
0.010468 0.010606
0.010464 0.013734
0.010463 0.010743
0.010421 0.012330
0.010401 0.014361
0.010375 0.011065
0.010371 0.012029
0.010363 0.010451
0.010344 0.010367
0.010303 0.013230
0.010247 0.010807
0.010233 0.018708
0.010232 0.012370
0.010214 0.010641
0.010205 0.011181
0.010136 0.010721
0.010123 0.012122
0.010122 0.013077
0.010103 0.010245
0.010099 0.010558
0.010087 0.010535
0.010052 0.010395
0.010037 0.012129
0.010015 0.012677
0.010014 0.010600
0.010008 0.010097
0.009998 0.010295
0.009974 0.010640
0.009946 0.014833
0.009888 0.010924
0.009852 0.012431
0.009826 0.010130
0.009807 0.009917
0.009801 0.010106
0.009790 0.010166
0.009744 0.012432
0.009717 0.012429
0.009700 0.012050
0.009697 0.011531
0.009673 0.010342
0.009595 0.010255
0.009592 0.012121
0.009566 0.011331
0.009565 0.017436
0.009527 0.011108
0.009485 0.009834
0.009479 0.009876
0.009456 0.009851
0.009441 0.010463
0.009437 0.011594
0.009406 0.013696
0.009371 0.013239
0.009371 0.013766
0.009370 0.013097
0.009362 0.014466
0.009347 0.014812
0.009341 0.011836
0.009328 0.015804
0.009322 0.013320
0.009307 0.013679
0.009291 0.009785
0.009289 0.009905
0.009258 0.009372
0.009240 0.010215
0.009223 0.010936
0.009222 0.009862
0.009160 0.011353
0.009158 0.011550
0.009157 0.011276
0.009157 0.010737
0.009146 0.011059
0.009106 0.009229
0.009104 0.009402
0.009070 0.009154
0.009042 0.010494
0.009009 0.011473
0.008997 0.011449
0.008983 0.009422
0.008971 0.015602
0.008933 0.011866
0.008931 0.009122
0.008918 0.011260
0.008893 0.009551
0.008891 0.009572
0.008885 0.013119
0.008882 0.009127
0.008871 0.010972
0.008835 0.012448
0.008830 0.010235
0.008813 0.013534
0.008807 0.010875
0.008799 0.009099
0.008787 0.012786
0.008775 0.009543
0.008701 0.008744
0.008697 0.010704
0.008673 0.009186
0.008658 0.008839
0.008637 0.009724
0.008628 0.009284
0.008619 0.009346
0.008597 0.012286
0.008560 0.022172
0.008510 0.010623
0.008492 0.010568
0.008477 0.012911
0.008456 0.009004
0.008453 0.010066
0.008449 0.009057
0.008445 0.013279
0.008439 0.008770
0.008423 0.010564
0.008389 0.008604
0.008376 0.008412
0.008368 0.015651
0.008329 0.011426
0.008326 0.014155
0.008323 0.013067
0.008323 0.010449
0.008282 0.012608
0.008281 0.008660
0.008278 0.008538
0.008277 0.008964
0.008264 0.013273
0.008226 0.010249
0.008221 0.008282
0.008177 0.008209
0.008177 0.009043
0.008163 0.010292
0.008148 0.010129
0.008095 0.008977
0.008078 0.008403
0.008050 0.008231
0.008038 0.009751
0.008034 0.008168
0.008020 0.012014
0.008018 0.010774
0.008017 0.015697
0.007997 0.009241
0.007980 0.009973
0.007956 0.008644
0.007916 0.008506
0.007905 0.009103
0.007881 0.008182
0.007871 0.008368
0.007867 0.009069
0.007856 0.010206
0.007850 0.010362
0.007839 0.012153
0.007821 0.007834
0.007820 0.010589
0.007798 0.009182
0.007787 0.008978
0.007771 0.007798
0.007754 0.009168
0.007751 0.008188
0.007734 0.007938
0.007726 0.007754
0.007719 0.012290
0.007708 0.009023
0.007685 0.007750
0.007663 0.007754
0.007641 0.008814
0.007617 0.008299
0.007617 0.009174
0.007617 0.010366
0.007612 0.007704
0.007605 0.010434
0.007591 0.008647
0.007556 0.008096
0.007555 0.007595
0.007554 0.012430
0.007546 0.008755
0.007537 0.009981
0.007535 0.007634
0.007517 0.008448
0.007482 0.009323
0.007481 0.008018
0.007460 0.007521
0.007460 0.007960
0.007446 0.014288
0.007437 0.010450
0.007428 0.008219
0.007395 0.010096
0.007363 0.011293
0.007356 0.008094
0.007354 0.012992
0.007350 0.007806
0.007334 0.007513
0.007332 0.009298
0.007318 0.009384
0.007315 0.007464
0.007293 0.007775
0.007287 0.008572
0.007285 0.012620
0.007267 0.008152
0.007241 0.009648
0.007236 0.008960
0.007206 0.009010
0.007205 0.010605
0.007204 0.010578
0.007184 0.007812
0.007180 0.008322
0.007157 0.007372
0.007156 0.007905
0.007146 0.010100
0.007138 0.010175
0.007128 0.009205
0.007116 0.007324
0.007094 0.007143
0.007086 0.008126
0.007084 0.009265
0.007062 0.007536
0.007062 0.007785
0.007059 0.007717
0.007043 0.008805
0.007040 0.007906
0.007018 0.011386
0.007007 0.008019
0.007006 0.007583
0.006962 0.010598
0.006929 0.007175
0.006918 0.011132
0.006897 0.007038
0.006882 0.007490
0.006880 0.007099
0.006878 0.007939
0.006872 0.007239
0.006858 0.008699
0.006849 0.007011
0.006823 0.013037
0.006798 0.010971
0.006769 0.007561
0.006765 0.009410
0.006760 0.014035
0.006746 0.008005
0.006742 0.007191
0.006717 0.008222
0.006714 0.006788
0.006684 0.007502
0.006675 0.009183
0.006672 0.007843
0.006655 0.007454
0.006653 0.006956
0.006651 0.009245
0.006640 0.007234
0.006635 0.006780
0.006577 0.006810
0.006540 0.011999
0.006529 0.008242
0.006529 0.011943
0.006523 0.007278
0.006521 0.010181
0.006496 0.007956
0.006477 0.006651
0.006462 0.007162
0.006456 0.006505
0.006439 0.006905
0.006424 0.007854
0.006421 0.006818
0.006404 0.006686
0.006386 0.007715
0.006365 0.006510
0.006351 0.007364
0.006326 0.007433
0.006325 0.006790
0.006314 0.006584
0.006312 0.008042
0.006311 0.009264
0.006305 0.008017
0.006298 0.010661
0.006296 0.007645
0.006292 0.007765
0.006264 0.006424
0.006257 0.006987
0.006251 0.011834
0.006243 0.010783
0.006227 0.009648
0.006214 0.006301
0.006202 0.006775
0.006202 0.007275
0.006182 0.008573
0.006173 0.007874
0.006169 0.007327
0.006161 0.010585
0.006145 0.011147
0.006129 0.006155
0.006126 0.006918
0.006110 0.007424
0.006107 0.006286
0.006096 0.006635
0.006090 0.006198
0.006085 0.006752
0.006079 0.010250
0.006072 0.006784
0.006011 0.012739
0.006009 0.007168
0.005993 0.007776
0.005990 0.006876
0.005985 0.006000
0.005983 0.007596
0.005983 0.007177
0.005969 0.006871
0.005966 0.006048
0.005964 0.007008
0.005956 0.005970
0.005946 0.006043
0.005931 0.007395
0.005920 0.009800
0.005903 0.006013
0.005903 0.008738
0.005887 0.009629
0.005865 0.005925
0.005851 0.005882
0.005849 0.007147
0.005842 0.006482
0.005838 0.005988
0.005836 0.006151
0.005831 0.006204
0.005824 0.006947
0.005812 0.008336
0.005795 0.008624
0.005794 0.006470
0.005780 0.007250
0.005750 0.006010
0.005743 0.005855
0.005720 0.007579
0.005716 0.006155
0.005711 0.006844
0.005698 0.010636
0.005696 0.006207
0.005682 0.005959
0.005661 0.006090
0.005661 0.007629
0.005650 0.007773
0.005646 0.005668
0.005645 0.006494
0.005640 0.005897
0.005639 0.006015
0.005633 0.009532
0.005619 0.012715
0.005601 0.005818
0.005596 0.005916
0.005586 0.005950
0.005581 0.008111
0.005580 0.005798
0.005572 0.005602
0.005567 0.005787
0.005565 0.005743
0.005564 0.006227
0.005563 0.005616
0.005557 0.005963
0.005557 0.006847
0.005550 0.008219
0.005537 0.006630
0.005534 0.005541
0.005532 0.005608
0.005514 0.005662
0.005509 0.005818
0.005506 0.008372
0.005498 0.005849
0.005484 0.005728
0.005482 0.007985
0.005481 0.005567
0.005467 0.009099
0.005455 0.008510
0.005448 0.006587
0.005435 0.007455
0.005432 0.007208
0.005408 0.009697
0.005407 0.006649
0.005405 0.007343
0.005402 0.005541
0.005394 0.007440
0.005392 0.005762
0.005389 0.006797
0.005364 0.009806
0.005356 0.005591
0.005354 0.006022
0.005343 0.005684
0.005343 0.008558
0.005328 0.005942
0.005327 0.006986
0.005323 0.005750
0.005322 0.005463
0.005305 0.007457
0.005305 0.005714
0.005303 0.005415
0.005300 0.005803
0.005299 0.006742
0.005294 0.006120
0.005286 0.007960
0.005284 0.006815
0.005278 0.005342
0.005277 0.005497
0.005274 0.005322
0.005268 0.005861
0.005266 0.006646
0.005262 0.007427
0.005260 0.006472
0.005251 0.005982
0.005251 0.005274
0.005248 0.006321
0.005245 0.006295
0.005241 0.006333
0.005236 0.005815
0.005213 0.006551
0.005209 0.008013
0.005206 0.005921
0.005204 0.006673
0.005190 0.005653
0.005189 0.005502
0.005176 0.006618
0.005175 0.005566
0.005162 0.005211
0.005151 0.005444
0.005150 0.006383
0.005142 0.006955
0.005136 0.010697
0.005127 0.005663
0.005126 0.005572
0.005125 0.007977
0.005124 0.005234
0.005119 0.008634
0.005118 0.005761
0.005115 0.006316
0.005106 0.005551
0.005092 0.006207
0.005080 0.007723
0.005080 0.005405
0.005074 0.005896
0.005072 0.006815
0.005071 0.005204
0.005068 0.006138
0.005065 0.008947
0.005054 0.006019
0.005051 0.005106
0.005046 0.005350
0.005040 0.005316
0.005038 0.006125
0.005035 0.006668
0.005033 0.006565
0.005026 0.005905
0.005026 0.006538
0.005024 0.006159
0.005016 0.005461
0.005016 0.007959
0.005011 0.009744
0.005010 0.006782
0.005007 0.005419
0.005005 0.007484
0.005003 0.006882
0.004994 0.005934
0.004993 0.006407
0.004990 0.007112
0.004985 0.005205
0.004983 0.006824
0.004977 0.007464
0.004976 0.005251
0.004964 0.006439
0.004955 0.008828
0.004955 0.004977
0.004951 0.007235
0.004947 0.005088
0.004934 0.006090
0.004933 0.006367
0.004932 0.005457
0.004929 0.005984
0.004926 0.005134
0.004925 0.007909
0.004920 0.005003
0.004915 0.004998
0.004912 0.007781
0.004900 0.005385
0.004897 0.004972
0.004893 0.009947
0.004875 0.005007
0.004867 0.005046
0.004862 0.006636
0.004861 0.005074
0.004858 0.005924
0.004855 0.005492
0.004853 0.007524
0.004847 0.006848
0.004837 0.007489
0.004835 0.005664
0.004835 0.006742
0.004830 0.005469
0.004829 0.006124
0.004827 0.005148
0.004827 0.004983
0.004826 0.005341
0.004820 0.006278
0.004810 0.005455
0.004808 0.007603
0.004806 0.005675
0.004805 0.006170
0.004802 0.009056
0.004799 0.005000
0.004786 0.004916
0.004781 0.004931
0.004776 0.005817
0.004776 0.005541
0.004775 0.009901
0.004767 0.005454
0.004765 0.005534
0.004761 0.005817
0.004759 0.005259
0.004759 0.005637
0.004749 0.004885
0.004744 0.004843
0.004743 0.004757
0.004743 0.005605
0.004742 0.005084
0.004732 0.005531
0.004732 0.005038
0.004721 0.004913
0.004703 0.007010
0.004702 0.006081
0.004701 0.006024
0.004699 0.010222
0.004695 0.007687
0.004688 0.004772
0.004687 0.006082
0.004686 0.005296
0.004683 0.004850
0.004680 0.005286
0.004680 0.006951
0.004678 0.007308
0.004677 0.004922
0.004675 0.005390
0.004675 0.005162
0.004674 0.004790
0.004668 0.004812
0.004662 0.006116
0.004659 0.006653
0.004656 0.005545
0.004645 0.004705
0.004640 0.005705
0.004639 0.004793
0.004626 0.005147
0.004620 0.007381
0.004619 0.005664
0.004618 0.005679
0.004613 0.005667
0.004611 0.008260
0.004610 0.006336
0.004610 0.006271
0.004606 0.007382
0.004596 0.005255
0.004596 0.006913
0.004594 0.004935
0.004588 0.005808
0.004583 0.004984
0.004570 0.006290
0.004568 0.005644
0.004568 0.006220
0.004561 0.004771
0.004558 0.004616
0.004558 0.005690
0.004557 0.006888
0.004549 0.004686
0.004546 0.007144
0.004537 0.005240
0.004535 0.005221
0.004535 0.005315
0.004532 0.004538
0.004531 0.005744
0.004529 0.005190
0.004524 0.004597
0.004524 0.004861
0.004524 0.008781
0.004520 0.004702
0.004513 0.005532
0.004512 0.007201
0.004512 0.005445
0.004503 0.005212
0.004496 0.005277
0.004493 0.005536
0.004487 0.004654
0.004486 0.004664
0.004485 0.004796
0.004482 0.005335
0.004478 0.007858
0.004476 0.006103
0.004474 0.005112
0.004472 0.005657
0.004471 0.006170
0.004469 0.007488
0.004468 0.004547
0.004467 0.004696
0.004467 0.006016
0.004461 0.006607
0.004457 0.005606
0.004455 0.004543
0.004450 0.005903
0.004442 0.005130
0.004435 0.008575
0.004434 0.004575
0.004432 0.004902
0.004432 0.005691
0.004429 0.006545
0.004429 0.004911
0.004424 0.005381
0.004423 0.006425
0.004422 0.004628
0.004411 0.004860
0.004409 0.006451
0.004409 0.004644
0.004407 0.005880
0.004400 0.004728
0.004399 0.005117
0.004398 0.004770
0.004396 0.006240
0.004396 0.004921
0.004395 0.004785
0.004394 0.004440
0.004391 0.004564
0.004386 0.006562
0.004380 0.004991
0.004378 0.004555
0.004377 0.004850
0.004371 0.004506
0.004369 0.005619
0.004362 0.004587
0.004361 0.004454
0.004359 0.004543
0.004340 0.005154
0.004338 0.005286
0.004334 0.004788
0.004328 0.004776
0.004323 0.005209
0.004322 0.004812
0.004321 0.005170
0.004317 0.004709
0.004312 0.004373
0.004300 0.008249
0.004295 0.004422
0.004286 0.006862
0.004282 0.006842
0.004279 0.004625
0.004272 0.004882
0.004269 0.004539
0.004266 0.005479
0.004264 0.004551
0.004260 0.004662
0.004258 0.004838
0.004244 0.004901
0.004242 0.004789
0.004241 0.004303
0.004238 0.004998
0.004237 0.004272
0.004237 0.005411
0.004233 0.004446
0.004232 0.006136
0.004232 0.007385
0.004224 0.004604
0.004218 0.005410
0.004216 0.004443
0.004213 0.004379
0.004199 0.004520
0.004198 0.005523
0.004186 0.006865
0.004184 0.006722
0.004183 0.004623
0.004178 0.005323
0.004175 0.007202
0.004175 0.004917
0.004172 0.004908
0.004168 0.005378
0.004166 0.004670
0.004164 0.004265
0.004162 0.004390
0.004160 0.010244
0.004157 0.005099
0.004156 0.005086
0.004153 0.005440
0.004150 0.004502
0.004149 0.005595
0.004148 0.004574
0.004147 0.005277
0.004139 0.005991
0.004133 0.004521
0.004130 0.004558
0.004130 0.005257
0.004122 0.004876
0.004121 0.004499
0.004109 0.007615
0.004106 0.004457
0.004099 0.004489
0.004097 0.004383
0.004097 0.005448
0.004096 0.006012
0.004094 0.004409
0.004090 0.005066
0.004087 0.005543
0.004087 0.005748
0.004078 0.004139
0.004078 0.005413
0.004074 0.005194
0.004074 0.007422
0.004072 0.004600
0.004068 0.004968
0.004067 0.004584
0.004066 0.004435
0.004065 0.004617
0.004061 0.004272
0.004061 0.004916
0.004056 0.004766
0.004051 0.004618
0.004049 0.005404
0.004048 0.005011
0.004043 0.006237
0.004037 0.004553
0.004031 0.005400
0.004028 0.004114
0.004024 0.005292
0.004024 0.005412
0.004015 0.004050
0.004014 0.005072
0.004012 0.005435
0.004004 0.004603
0.004004 0.004005
0.004000 0.004875
0.003996 0.007254
0.003995 0.003997
0.003992 0.005873
0.003991 0.005005
0.003988 0.005710
0.003986 0.004059
0.003979 0.004086
0.003979 0.004284
0.003975 0.004477
0.003971 0.006437
0.003971 0.004041
0.003969 0.004100
0.003966 0.004072
0.003964 0.005649
0.003962 0.005937
0.003961 0.004278
0.003960 0.004543
0.003959 0.005262
0.003959 0.004051
0.003956 0.006551
0.003954 0.004653
0.003953 0.004769
0.003953 0.004212
0.003951 0.005200
0.003950 0.005017
0.003947 0.004060
0.003945 0.004061
0.003941 0.004037
0.003938 0.004001
0.003935 0.006657
0.003934 0.004981
0.003934 0.004269
0.003934 0.008022
0.003932 0.005443
0.003931 0.004282
0.003927 0.006178
0.003924 0.004228
0.003921 0.004479
0.003919 0.003929
0.003918 0.004728
0.003915 0.004412
0.003908 0.004276
0.003907 0.005433
0.003905 0.005380
0.003904 0.005079
0.003898 0.005273
0.003895 0.005246
0.003894 0.004359
0.003883 0.004724
0.003880 0.004789
0.003880 0.005405
0.003876 0.005263
0.003875 0.004334
0.003873 0.004245
0.003869 0.005108
0.003868 0.004402
0.003868 0.005210
0.003868 0.004371
0.003864 0.004033
0.003861 0.004261
0.003860 0.006191
0.003850 0.004110
0.003842 0.004698
0.003837 0.004539
0.003836 0.004163
0.003835 0.005250
0.003833 0.004318
0.003829 0.007544
0.003828 0.006000
0.003824 0.004000
0.003823 0.005644
0.003819 0.004284
0.003819 0.004592
0.003815 0.005444
0.003814 0.004485
0.003812 0.003878
0.003806 0.004416
0.003806 0.006315
0.003803 0.004969
0.003801 0.004823
0.003799 0.005600
0.003798 0.004459
0.003797 0.004145
0.003797 0.005006
0.003794 0.005827
0.003788 0.004861
0.003786 0.004041
0.003784 0.003962
0.003782 0.006340
0.003781 0.003871
0.003779 0.004688
0.003772 0.003794
0.003769 0.004688
0.003768 0.004202
0.003760 0.005865
0.003757 0.005939
0.003754 0.003762
0.003744 0.004010
0.003744 0.004266
0.003741 0.004322
0.003740 0.004588
0.003733 0.005021
0.003725 0.005657
0.003724 0.007692
0.003722 0.004494
0.003718 0.005767
0.003713 0.003946
0.003713 0.004528
0.003711 0.003826
0.003711 0.003859
0.003710 0.005910
0.003707 0.005337
0.003703 0.004642
0.003701 0.004479
0.003691 0.003794
0.003685 0.003811
0.003684 0.003890
0.003680 0.004246
0.003679 0.003822
0.003679 0.003992
0.003678 0.004927
0.003675 0.004416
0.003667 0.005352
0.003665 0.004116
0.003662 0.004523
0.003661 0.004708
0.003657 0.005158
0.003655 0.003750
0.003655 0.006017
0.003654 0.004685
0.003654 0.003961
0.003647 0.003725
0.003645 0.005202
0.003645 0.006026
0.003643 0.003703
0.003638 0.004015
0.003635 0.003735
0.003634 0.003760
0.003634 0.003737
0.003632 0.003834
0.003623 0.004095
0.003623 0.003891
0.003622 0.005331
0.003616 0.005981
0.003614 0.004012
0.003612 0.004454
0.003610 0.005301
0.003606 0.005121
0.003606 0.003920
0.003606 0.004448
0.003599 0.005088
0.003599 0.006731
0.003595 0.006680
0.003594 0.003708
0.003590 0.003649
0.003587 0.003724
0.003587 0.004941
0.003585 0.004499
0.003584 0.005748
0.003581 0.005439
0.003581 0.003627
0.003580 0.005561
0.003579 0.003735
0.003577 0.004313
0.003573 0.004372
0.003572 0.003801
0.003567 0.004139
0.003566 0.003752
0.003562 0.003972
0.003562 0.006456
0.003555 0.005765
0.003552 0.003689
0.003551 0.006491
0.003551 0.004350
0.003550 0.004455
0.003547 0.006902
0.003547 0.006344
0.003545 0.004445
0.003543 0.005739
0.003541 0.004892
0.003539 0.005797
0.003537 0.004758
0.003535 0.004940
0.003534 0.003683
0.003533 0.003713
0.003527 0.004170
0.003526 0.006134
0.003522 0.005430
0.003520 0.003527
0.003520 0.003675
0.003519 0.004573
0.003509 0.006643
0.003509 0.003584
0.003506 0.003847
0.003506 0.005202
0.003503 0.006753
0.003500 0.003729
0.003499 0.004300
0.003495 0.004394
0.003492 0.003788
0.003492 0.003983
0.003482 0.008108
0.003472 0.003917
0.003467 0.004017
0.003465 0.007077
0.003462 0.006348
0.003461 0.004839
0.003453 0.003748
0.003453 0.006916
0.003449 0.003735
0.003449 0.003553
0.003448 0.003951
0.003448 0.003469
0.003444 0.007149
0.003432 0.004002
0.003427 0.004187
0.003426 0.006558
0.003426 0.003918
0.003421 0.004250
0.003421 0.006615
0.003417 0.007171
0.003414 0.003656
0.003412 0.003674
0.003411 0.003711
0.003401 0.004078
0.003395 0.005817
0.003388 0.005357
0.003376 0.004532
0.003374 0.003669
0.003372 0.003871
0.003369 0.006297
0.003361 0.003433
0.003361 0.005061
0.003359 0.004360
0.003358 0.005282
0.003358 0.003464
0.003357 0.003677
0.003356 0.003392
0.003355 0.003568
0.003351 0.003789
0.003347 0.004804
0.003340 0.003807
0.003339 0.005542
0.003339 0.003602
0.003338 0.005262
0.003336 0.003702
0.003333 0.003361
0.003332 0.004075
0.003331 0.003575
0.003326 0.003928
0.003322 0.003665
0.003316 0.005715
0.003313 0.003498
0.003311 0.003382
0.003309 0.003775
0.003305 0.006538
0.003305 0.003360
0.003299 0.003390
0.003299 0.004950
0.003299 0.003419
0.003297 0.003556
0.003289 0.004189
0.003285 0.003795
0.003284 0.003604
0.003282 0.007066
0.003279 0.004106
0.003279 0.003595
0.003276 0.004717
0.003274 0.003306
0.003269 0.003674
0.003269 0.004750
0.003267 0.006614
0.003267 0.005530
0.003262 0.004331
0.003261 0.003612
0.003252 0.003953
0.003244 0.005267
0.003241 0.003260
0.003239 0.003884
0.003239 0.004091
0.003237 0.004161
0.003237 0.003325
0.003235 0.003366
0.003235 0.003639
0.003235 0.003677
0.003231 0.004368
0.003229 0.003422
0.003227 0.005702
0.003220 0.003347
0.003219 0.003636
0.003218 0.005910
0.003217 0.003218
0.003209 0.003248
0.003209 0.003796
0.003207 0.003785
0.003195 0.003912
0.003191 0.003207
0.003190 0.004663
0.003189 0.003338
0.003175 0.003479
0.003175 0.003438
0.003172 0.003358
0.003168 0.005684
0.003167 0.003378
0.003163 0.007893
0.003161 0.003886
0.003158 0.004790
0.003158 0.004581
0.003157 0.003328
0.003151 0.003928
0.003144 0.006000
0.003129 0.005476
0.003126 0.003206
0.003124 0.003529
0.003123 0.005522
0.003122 0.003331
0.003121 0.003545
0.003120 0.003552
0.003119 0.003644
0.003117 0.003645
0.003116 0.003849
0.003108 0.003172
0.003107 0.003848
0.003106 0.003677
0.003103 0.003536
0.003101 0.003894
0.003099 0.005193
0.003091 0.003234
0.003091 0.005392
0.003089 0.003352
0.003084 0.005138
0.003083 0.003396
0.003081 0.003329
0.003081 0.003637
0.003075 0.006079
0.003073 0.003978
0.003071 0.003559
0.003071 0.005365
0.003071 0.003261
0.003068 0.003236
0.003067 0.005931
0.003066 0.004727
0.003064 0.004440
0.003063 0.003888
0.003062 0.005881
0.003062 0.003106
0.003061 0.006749
0.003059 0.005227
0.003054 0.003218
0.003048 0.003724
0.003045 0.003668
0.003044 0.003957
0.003041 0.003508
0.003041 0.003192
0.003039 0.003144
0.003038 0.003807
0.003037 0.003651
0.003036 0.003537
0.003036 0.004191
0.003036 0.003410
0.003031 0.003882
0.003030 0.003734
0.003028 0.003941
0.003026 0.004459
0.003018 0.004212
0.003008 0.003350
0.003002 0.005375
0.002999 0.003417
0.002996 0.004442
0.002996 0.003001
0.002994 0.003657
0.002993 0.004905
0.002993 0.003437
0.002992 0.004420
0.002989 0.004657
0.002988 0.004939
0.002988 0.005144
0.002985 0.003775
0.002980 0.003932
0.002971 0.004785
0.002971 0.004813
0.002968 0.004270
0.002963 0.003001
0.002962 0.003078
0.002960 0.003133
0.002958 0.003171
0.002958 0.003668
0.002956 0.003394
0.002953 0.004264
0.002948 0.003294
0.002947 0.003645
0.002947 0.003160
0.002946 0.003148
0.002942 0.003062
0.002941 0.004291
0.002941 0.003109
0.002939 0.002969
0.002939 0.003513
0.002932 0.003540
0.002929 0.004050
0.002928 0.005997
0.002925 0.003096
0.002922 0.003401
0.002921 0.003154
0.002920 0.004050
0.002919 0.004285
0.002917 0.003646
0.002916 0.003368
0.002916 0.002941
0.002915 0.003646
0.002915 0.003434
0.002914 0.006538
0.002910 0.003116
0.002909 0.003188
0.002908 0.006092
0.002908 0.003461
0.002906 0.003171
0.002903 0.005053
0.002895 0.005902
0.002894 0.005971
0.002892 0.004427
0.002889 0.003528
0.002874 0.002927
0.002873 0.003253
0.002871 0.003646
0.002869 0.003678
0.002861 0.004502
0.002860 0.004301
0.002860 0.003854
0.002860 0.003876
0.002859 0.003420
0.002858 0.003046
0.002857 0.006030
0.002857 0.003225
0.002854 0.003081
0.002852 0.003076
0.002852 0.002986
0.002849 0.003062
0.002846 0.003712
0.002844 0.003060
0.002841 0.003199
0.002836 0.003030
0.002829 0.003285
0.002826 0.003878
0.002825 0.003399
0.002820 0.003267
0.002816 0.003361
0.002801 0.003758
0.002800 0.003326
0.002793 0.003074
0.002792 0.002931
0.002791 0.003255
0.002789 0.003052
0.002788 0.003688
0.002786 0.002801
0.002785 0.004609
0.002785 0.004356
0.002781 0.003976
0.002781 0.003397
0.002781 0.003986
0.002781 0.004009
0.002775 0.002906
0.002771 0.003631
0.002766 0.003466
0.002764 0.004091
0.002763 0.003518
0.002763 0.003765
0.002759 0.002813
0.002759 0.002773
0.002752 0.002770
0.002750 0.003246
0.002749 0.002977
0.002748 0.005637
0.002744 0.005518
0.002743 0.003217
0.002741 0.005539
0.002740 0.003707
0.002740 0.002791
0.002734 0.002957
0.002729 0.003131
0.002723 0.003184
0.002712 0.005038
0.002709 0.003198
0.002707 0.002840
0.002702 0.003070
0.002700 0.002939
0.002699 0.002779
0.002699 0.003021
0.002690 0.003323
0.002689 0.003076
0.002682 0.003836
0.002681 0.003007
0.002681 0.003558
0.002677 0.004011
0.002674 0.003027
0.002672 0.003684
0.002671 0.002807
0.002666 0.002735
0.002663 0.003846
0.002663 0.002785
0.002659 0.004315
0.002658 0.003339
0.002657 0.003285
0.002652 0.002786
0.002651 0.002772
0.002650 0.004350
0.002649 0.005421
0.002645 0.004668
0.002638 0.002742
0.002635 0.002713
0.002634 0.003918
0.002627 0.002659
0.002624 0.002844
0.002623 0.002804
0.002622 0.002743
0.002620 0.003046
0.002611 0.003355
0.002608 0.002865
0.002606 0.006164
0.002602 0.003358
0.002602 0.004427
0.002599 0.002679
0.002590 0.004894
0.002588 0.002604
0.002583 0.002655
0.002582 0.004620
0.002582 0.002826
0.002579 0.003553
0.002574 0.002713
0.002572 0.003344
0.002569 0.002677
0.002564 0.002766
0.002563 0.002610
0.002562 0.004714
0.002559 0.002573
0.002559 0.003165
0.002556 0.003688
0.002556 0.002650
0.002550 0.002966
0.002550 0.003250
0.002547 0.004828
0.002547 0.002548
0.002542 0.003301
0.002536 0.002557
0.002534 0.002798
0.002533 0.003059
0.002532 0.002674
0.002529 0.002744
0.002525 0.003123
0.002524 0.002988
0.002524 0.003480
0.002511 0.002626
0.002496 0.002625
0.002481 0.002745
0.002474 0.002494
0.002473 0.006064
0.002470 0.003068
0.002468 0.003160
0.002468 0.004456
0.002465 0.003383
0.002464 0.003651
0.002462 0.002644
0.002458 0.002645
0.002455 0.002857
0.002453 0.004338
0.002452 0.003457
0.002448 0.002543
0.002445 0.002884
0.002444 0.002686
0.002443 0.002485
0.002438 0.002953
0.002435 0.003516
0.002433 0.003194
0.002432 0.002881
0.002432 0.002764
0.002432 0.002586
0.002430 0.002553
0.002418 0.002754
0.002415 0.005267
0.002406 0.004068
0.002406 0.002759
0.002404 0.004036
0.002397 0.002426
0.002392 0.002464
0.002391 0.002434
0.002385 0.003328
0.002377 0.002865
0.002376 0.002833
0.002372 0.002463
0.002367 0.002433
0.002367 0.003481
0.002363 0.003528
0.002341 0.004426
0.002341 0.002900
0.002341 0.002631
0.002331 0.002723
0.002326 0.003757
0.002324 0.002425
0.002320 0.002577
0.002314 0.003182
0.002308 0.002816
0.002307 0.002318
0.002305 0.003314
0.002277 0.002399
0.002274 0.002397
0.002269 0.003263
0.002269 0.002512
0.002267 0.002727
0.002265 0.002492
0.002263 0.002816
0.002257 0.002542
0.002254 0.002539
0.002253 0.002676
0.002251 0.003256
0.002240 0.002727
0.002231 0.003231
0.002230 0.002543
0.002224 0.002927
0.002221 0.002975
0.002215 0.002272
0.002206 0.002596
0.002203 0.002351
0.002192 0.002735
0.002188 0.002279
0.002182 0.002435
0.002174 0.002240
0.002168 0.002210
0.002167 0.002184
0.002165 0.002366
0.002163 0.003259
0.002159 0.002680
0.002159 0.002451
0.002159 0.002638
0.002152 0.002231
0.002151 0.002185
0.002145 0.002228
0.002137 0.002401
0.002124 0.002622
0.002122 0.002606
0.002118 0.002594
0.002104 0.002269
0.002103 0.003165
0.002097 0.002662
0.002094 0.002277
0.002089 0.002099
0.002079 0.002824
0.002077 0.003178
0.002076 0.002350
0.002071 0.002488
0.002054 0.002604
0.002050 0.002637
0.002047 0.002802
0.002031 0.002086
0.002031 0.002333
0.002029 0.002490
0.002027 0.002128
0.002015 0.002139
0.002008 0.002065
0.002008 0.002323
0.002006 0.002061
0.002004 0.002015
0.002001 0.002002
0.001990 0.002150
0.001989 0.004344
0.001985 0.002479
0.001972 0.002159
0.001971 0.002063
0.001960 0.002619
0.001954 0.002187
0.001953 0.002107
0.001947 0.001983
0.001940 0.003215
0.001934 0.002420
0.001924 0.002096
0.001920 0.001961
0.001913 0.001929
0.001905 0.002223
0.001894 0.001908
0.001894 0.002314
0.001892 0.001980
0.001887 0.001900
0.001865 0.002109
0.001859 0.001975
0.001856 0.002054
0.001854 0.002105
0.001844 0.002081
0.001813 0.001892
0.001810 0.001898
0.001777 0.002065
0.001770 0.001827
0.001761 0.002122
0.001756 0.002373
0.001754 0.002415
0.001741 0.001923
0.001725 0.002603
0.001704 0.001890
0.001682 0.001939
0.001608 0.001759
0.001589 0.001799
0.001540 0.001973
0.001522 0.001593
0.001499 0.001586
0.001490 0.001626
0.001468 0.001664
0.001384 0.001433
0.001368 0.001452
0.001336 0.001516
0.001177 0.001279
0.001163 0.001195
0.001098 0.001100
0.001054 0.001280
0.000692 0.000754
