0.216466 0.278666
0.081895 0.094041
0.078063 0.083930
0.059623 0.060523
0.058171 0.067485
0.054355 0.063692
0.053953 0.060804
0.050844 0.051589
0.049819 0.052862
0.049018 0.052181
0.048893 0.051424
0.048236 0.051698
0.047911 0.048614
0.046843 0.052777
0.046596 0.049184
0.046059 0.047339
0.045823 0.047807
0.044834 0.045808
0.044423 0.053438
0.042753 0.044850
0.042489 0.059376
0.042330 0.047526
0.041915 0.055701
0.041422 0.044467
0.041378 0.047809
0.041153 0.041290
0.041129 0.042764
0.040530 0.044611
0.040224 0.054392
0.039850 0.045403
0.039672 0.047836
0.038360 0.040771
0.037973 0.040925
0.037326 0.060880
0.036891 0.049896
0.036366 0.036993
0.035822 0.037086
0.035484 0.049157
0.035442 0.043406
0.035242 0.035967
0.035074 0.036036
0.034368 0.035825
0.034352 0.036686
0.033951 0.045411
0.033593 0.034009
0.033544 0.034040
0.033447 0.051764
0.032717 0.035671
0.032319 0.035069
0.032317 0.042181
0.032215 0.037271
0.032050 0.045158
0.031968 0.039063
0.031883 0.033908
0.031829 0.051432
0.031744 0.035184
0.031744 0.032641
0.031740 0.037061
0.031677 0.033480
0.031534 0.034628
0.031358 0.041227
0.031272 0.041268
0.031241 0.033506
0.031183 0.033740
0.031170 0.032975
0.031152 0.034406
0.031101 0.034553
0.030626 0.034062
0.029917 0.035559
0.029835 0.033017
0.029677 0.043039
0.029596 0.031122
0.029524 0.034500
0.029278 0.035155
0.029221 0.036628
0.029219 0.031209
0.029076 0.029783
0.029067 0.038841
0.028918 0.041462
0.028856 0.031094
0.028794 0.038862
0.028710 0.030291
0.028649 0.032027
0.028645 0.030473
0.028643 0.033454
0.028628 0.035970
0.028606 0.028618
0.028589 0.052471
0.028585 0.029396
0.028423 0.034372
0.028313 0.028373
0.028308 0.029816
0.028178 0.030383
0.028178 0.036510
0.028044 0.033721
0.027940 0.029436
0.027925 0.029828
0.027828 0.030743
0.027822 0.045180
0.027743 0.031093
0.027741 0.040220
0.027679 0.032392
0.027541 0.027956
0.027477 0.043601
0.027472 0.029868
0.027346 0.029799
0.027296 0.028806
0.027273 0.032079
0.027199 0.034769
0.027162 0.043773
0.027138 0.037719
0.027123 0.029198
0.027094 0.046319
0.027065 0.033768
0.027004 0.027803
0.026965 0.036218
0.026930 0.029287
0.026900 0.029429
0.026789 0.030683
0.026775 0.026869
0.026695 0.026965
0.026641 0.026788
0.026618 0.028341
0.026547 0.036388
0.026461 0.027659
0.026404 0.026936
0.026399 0.033737
0.026318 0.029728
0.026280 0.030649
0.026214 0.026469
0.026174 0.027605
0.026125 0.026686
0.026096 0.036577
0.026084 0.027876
0.026021 0.026848
0.026002 0.028241
0.025980 0.028431
0.025951 0.029558
0.025869 0.036780
0.025860 0.030350
0.025860 0.026833
0.025781 0.031241
0.025726 0.048755
0.025721 0.041675
0.025669 0.026803
0.025652 0.032679
0.025649 0.031849
0.025641 0.034346
0.025614 0.029477
0.025538 0.032761
0.025525 0.027106
0.025466 0.035444
0.025403 0.025729
0.025398 0.026458
0.025355 0.026988
0.025296 0.035001
0.025271 0.047308
0.025206 0.043826
0.025126 0.025904
0.025076 0.044778
0.025051 0.026534
0.025017 0.038745
0.025005 0.025667
0.024999 0.027045
0.024991 0.026429
0.024859 0.031810
0.024778 0.052737
0.024774 0.025124
0.024773 0.026671
0.024758 0.026092
0.024715 0.025519
0.024680 0.026136
0.024668 0.028812
0.024648 0.031364
0.024542 0.024685
0.024510 0.026286
0.024490 0.026282
0.024489 0.025459
0.024467 0.041000
0.024443 0.028194
0.024440 0.026874
0.024391 0.029956
0.024380 0.029518
0.024341 0.024448
0.024257 0.024549
0.024252 0.027219
0.024219 0.036438
0.024217 0.025032
0.024201 0.037438
0.024194 0.028229
0.024154 0.029524
0.024112 0.025407
0.024105 0.025633
0.024097 0.025893
0.024071 0.024286
0.024044 0.026170
0.024030 0.026948
0.024021 0.026195
0.023992 0.035590
0.023882 0.033959
0.023878 0.024933
0.023868 0.024737
0.023864 0.024280
0.023840 0.024009
0.023801 0.024404
0.023795 0.039347
0.023745 0.043561
0.023697 0.025494
0.023647 0.024264
0.023646 0.026433
0.023499 0.024376
0.023470 0.030621
0.023447 0.024245
0.023376 0.024502
0.023363 0.027270
0.023354 0.026031
0.023324 0.037624
0.023308 0.023421
0.023296 0.023710
0.023280 0.024239
0.023277 0.028571
0.023274 0.026059
0.023215 0.026200
0.023197 0.029622
0.023177 0.034483
0.023145 0.024269
0.023121 0.026054
0.023089 0.033986
0.023070 0.024472
0.023067 0.037493
0.023057 0.029448
0.022994 0.040852
0.022983 0.023687
0.022973 0.037822
0.022958 0.023350
0.022949 0.024343
0.022940 0.045488
0.022920 0.034729
0.022880 0.027900
0.022865 0.026061
0.022861 0.024730
0.022831 0.022925
0.022798 0.031875
0.022796 0.024752
0.022787 0.023147
0.022780 0.022912
0.022739 0.023197
0.022698 0.025116
0.022695 0.023880
0.022692 0.026476
0.022692 0.023544
0.022653 0.024947
0.022636 0.034354
0.022595 0.027745
0.022567 0.024681
0.022545 0.024499
0.022515 0.024441
0.022498 0.023705
0.022456 0.022653
0.022366 0.029641
0.022322 0.025435
0.022319 0.023140
0.022316 0.026013
0.022281 0.028469
0.022267 0.022334
0.022263 0.027338
0.022254 0.026044
0.022207 0.033305
0.022205 0.022882
0.022190 0.023570
0.022167 0.022323
0.022142 0.040253
0.022125 0.024984
0.022014 0.024924
0.022014 0.043629
0.021995 0.029190
0.021946 0.022009
0.021931 0.023315
0.021914 0.055402
0.021883 0.032441
0.021873 0.022646
0.021858 0.039079
0.021856 0.022217
0.021845 0.025948
0.021833 0.021914
0.021814 0.022999
0.021800 0.023449
0.021798 0.034414
0.021785 0.025458
0.021759 0.036144
0.021759 0.024817
0.021744 0.021981
0.021665 0.026700
0.021633 0.024407
0.021617 0.023491
0.021613 0.024034
0.021609 0.044349
0.021608 0.035812
0.021582 0.040438
0.021548 0.035584
0.021527 0.024158
0.021521 0.023315
0.021512 0.022652
0.021467 0.028384
0.021465 0.023807
0.021460 0.022711
0.021450 0.025278
0.021447 0.026758
0.021446 0.026686
0.021391 0.025741
0.021348 0.022674
0.021319 0.027238
0.021318 0.027583
0.021263 0.025107
0.021253 0.022093
0.021253 0.031128
0.021237 0.029455
0.021159 0.025489
0.021158 0.022172
0.021132 0.024334
0.021112 0.032048
0.021107 0.027536
0.021091 0.026060
0.021068 0.021116
0.021041 0.022459
0.021040 0.021116
0.021038 0.027328
0.021012 0.027928
0.020984 0.021144
0.020959 0.023382
0.020951 0.024847
0.020930 0.021608
0.020921 0.044463
0.020919 0.022307
0.020918 0.038951
0.020916 0.029983
0.020915 0.029420
0.020898 0.023158
0.020864 0.035143
0.020863 0.025894
0.020841 0.023515
0.020787 0.027678
0.020767 0.025032
0.020764 0.028333
0.020759 0.023410
0.020754 0.022461
0.020727 0.022755
0.020715 0.025902
0.020713 0.027040
0.020708 0.023325
0.020663 0.041319
0.020641 0.020901
0.020616 0.022108
0.020603 0.022035
0.020592 0.023629
0.020592 0.021086
0.020554 0.020870
0.020554 0.023555
0.020542 0.033608
0.020484 0.022098
0.020478 0.043862
0.020449 0.021200
0.020424 0.038763
0.020369 0.022359
0.020342 0.020723
0.020331 0.025085
0.020322 0.030817
0.020274 0.027618
0.020253 0.022555
0.020238 0.026110
0.020219 0.020593
0.020195 0.029711
0.020183 0.020650
0.020179 0.021107
0.020144 0.027739
0.020106 0.022508
0.020095 0.025083
0.020085 0.027736
0.020082 0.025162
0.020037 0.029046
0.019992 0.022960
0.019942 0.029002
0.019893 0.030477
0.019886 0.030522
0.019865 0.021213
0.019859 0.021513
0.019854 0.023966
0.019847 0.025231
0.019842 0.022950
0.019827 0.021525
0.019823 0.021474
0.019803 0.022417
0.019800 0.020940
0.019743 0.020525
0.019724 0.024656
0.019685 0.021716
0.019672 0.021849
0.019669 0.023446
0.019636 0.025538
0.019630 0.027848
0.019622 0.019858
0.019621 0.023756
0.019587 0.019959
0.019582 0.035340
0.019558 0.019606
0.019524 0.020679
0.019523 0.021912
0.019517 0.020451
0.019511 0.023030
0.019499 0.025309
0.019492 0.032123
0.019454 0.025776
0.019404 0.024299
0.019390 0.025781
0.019389 0.025767
0.019369 0.019854
0.019359 0.020162
0.019349 0.032951
0.019338 0.035983
0.019334 0.023319
0.019328 0.021235
0.019317 0.024229
0.019282 0.020183
0.019241 0.023521
0.019226 0.022861
0.019210 0.033876
0.019182 0.019849
0.019122 0.028450
0.019116 0.019982
0.019103 0.035555
0.019092 0.019948
0.019077 0.021223
0.019066 0.021073
0.019065 0.026636
0.019014 0.019340
0.019006 0.034163
0.018997 0.028723
0.018980 0.021839
0.018967 0.024353
0.018966 0.020715
0.018966 0.019200
0.018959 0.021879
0.018900 0.019261
0.018869 0.021485
0.018866 0.018991
0.018862 0.022766
0.018862 0.026963
0.018850 0.022895
0.018847 0.019408
0.018821 0.030022
0.018817 0.018963
0.018807 0.025978
0.018800 0.022765
0.018796 0.021825
0.018788 0.028532
0.018773 0.022931
0.018771 0.021569
0.018752 0.037704
0.018745 0.020440
0.018743 0.041795
0.018732 0.029846
0.018697 0.047266
0.018679 0.030671
0.018658 0.034790
0.018594 0.018686
0.018591 0.020237
0.018591 0.023551
0.018587 0.022408
0.018553 0.026516
0.018542 0.039175
0.018514 0.019985
0.018462 0.033703
0.018446 0.019399
0.018439 0.021467
0.018436 0.019423
0.018353 0.018732
0.018341 0.020221
0.018331 0.029714
0.018318 0.021671
0.018290 0.018901
0.018261 0.019293
0.018242 0.025279
0.018240 0.021505
0.018209 0.021449
0.018201 0.028770
0.018142 0.018271
0.018138 0.031908
0.018138 0.024750
0.018132 0.024944
0.018127 0.020160
0.018121 0.019407
0.018113 0.027093
0.018103 0.020190
0.018099 0.020919
0.018058 0.018337
0.018012 0.023859
0.017997 0.021898
0.017985 0.018124
0.017978 0.026133
0.017962 0.020467
0.017958 0.019211
0.017952 0.018686
0.017941 0.028293
0.017938 0.022967
0.017924 0.021030
0.017919 0.020954
0.017911 0.020899
0.017911 0.019582
0.017903 0.021644
0.017894 0.019480
0.017894 0.020956
0.017882 0.021723
0.017854 0.022564
0.017845 0.020842
0.017836 0.019209
0.017834 0.018712
0.017820 0.018567
0.017811 0.018096
0.017807 0.019592
0.017800 0.018483
0.017757 0.029391
0.017746 0.018835
0.017745 0.019260
0.017735 0.029457
0.017677 0.018698
0.017654 0.018115
0.017650 0.026276
0.017645 0.020278
0.017632 0.022179
0.017617 0.019079
0.017597 0.020492
0.017568 0.026462
0.017542 0.022555
0.017541 0.018345
0.017540 0.019608
0.017536 0.023950
0.017501 0.020229
0.017466 0.017603
0.017429 0.018203
0.017418 0.018390
0.017416 0.025888
0.017412 0.029406
0.017399 0.022026
0.017398 0.017444
0.017351 0.018188
0.017341 0.026033
0.017332 0.018123
0.017325 0.025711
0.017323 0.038741
0.017296 0.028883
0.017269 0.024921
0.017268 0.022690
0.017267 0.039708
0.017267 0.020744
0.017262 0.020659
0.017225 0.022525
0.017219 0.020377
0.017198 0.017475
0.017177 0.033684
0.017157 0.020468
0.017153 0.022797
0.017134 0.022932
0.017122 0.023417
0.017119 0.021777
0.017118 0.020151
0.017109 0.018400
0.017104 0.030524
0.017086 0.017370
0.017077 0.021878
0.017076 0.032120
0.017056 0.025127
0.017049 0.017562
0.017015 0.035994
0.017003 0.018319
0.016995 0.031777
0.016991 0.024119
0.016970 0.017410
0.016958 0.028431
0.016951 0.033505
0.016930 0.023244
0.016915 0.042771
0.016905 0.017547
0.016896 0.017596
0.016891 0.028844
0.016836 0.024321
0.016804 0.019962
0.016791 0.019982
0.016783 0.021777
0.016775 0.018850
0.016771 0.018648
0.016761 0.024544
0.016758 0.019006
0.016755 0.017981
0.016730 0.027981
0.016728 0.016783
0.016720 0.020918
0.016715 0.019457
0.016708 0.023152
0.016666 0.018014
0.016658 0.021170
0.016656 0.020807
0.016636 0.039330
0.016631 0.016948
0.016612 0.017294
0.016610 0.016709
0.016576 0.018499
0.016543 0.017870
0.016539 0.020504
0.016511 0.017803
0.016494 0.021770
0.016487 0.018443
0.016479 0.016537
0.016457 0.024955
0.016449 0.019304
0.016442 0.017042
0.016436 0.019737
0.016435 0.025071
0.016433 0.017791
0.016403 0.016909
0.016399 0.017045
0.016364 0.016744
0.016335 0.018077
0.016278 0.029621
0.016278 0.029679
0.016266 0.017400
0.016250 0.017413
0.016239 0.018374
0.016231 0.029552
0.016213 0.020244
0.016192 0.018391
0.016186 0.026811
0.016184 0.018647
0.016184 0.016495
0.016166 0.024410
0.016138 0.027279
0.016133 0.016575
0.016130 0.022734
0.016129 0.017326
0.016103 0.016166
0.016094 0.017853
0.016087 0.016665
0.016064 0.018915
0.016052 0.020180
0.016035 0.020467
0.016014 0.021930
0.015998 0.019491
0.015989 0.023436
0.015973 0.017298
0.015965 0.016183
0.015940 0.033557
0.015933 0.018744
0.015929 0.016972
0.015928 0.016350
0.015920 0.016224
0.015913 0.022051
0.015901 0.017586
0.015872 0.015937
0.015868 0.021388
0.015860 0.019150
0.015837 0.017834
0.015830 0.016969
0.015817 0.017379
0.015814 0.020982
0.015808 0.024890
0.015771 0.026544
0.015745 0.019331
0.015735 0.017224
0.015734 0.020368
0.015728 0.020620
0.015707 0.018325
0.015706 0.018938
0.015694 0.019241
0.015689 0.023600
0.015681 0.020080
0.015675 0.016350
0.015673 0.021069
0.015661 0.016052
0.015634 0.016281
0.015606 0.018307
0.015603 0.017352
0.015581 0.016338
0.015578 0.023411
0.015578 0.015767
0.015527 0.016435
0.015525 0.026522
0.015498 0.022189
0.015496 0.015736
0.015477 0.018669
0.015473 0.015535
0.015456 0.026479
0.015451 0.018636
0.015428 0.018998
0.015418 0.015451
0.015414 0.021590
0.015394 0.023655
0.015388 0.016139
0.015386 0.016340
0.015371 0.018526
0.015287 0.026618
0.015279 0.019814
0.015249 0.018386
0.015244 0.018561
0.015226 0.026099
0.015226 0.016908
0.015212 0.020586
0.015211 0.015273
0.015207 0.015502
0.015203 0.016454
0.015151 0.015625
0.015107 0.015216
0.015105 0.030898
0.015060 0.017188
0.015058 0.017303
0.015055 0.015303
0.015045 0.017873
0.015031 0.024870
0.015007 0.017863
0.015004 0.016688
0.014996 0.015170
0.014956 0.020952
0.014956 0.015719
0.014936 0.027210
0.014931 0.020640
0.014926 0.022840
0.014915 0.021358
0.014901 0.018905
0.014897 0.031965
0.014894 0.016695
0.014861 0.015326
0.014854 0.015222
0.014849 0.016627
0.014849 0.017251
0.014848 0.015681
0.014832 0.016158
0.014832 0.020847
0.014819 0.021910
0.014817 0.015786
0.014809 0.020324
0.014797 0.016232
0.014796 0.015757
0.014796 0.016520
0.014770 0.015231
0.014744 0.016468
0.014736 0.023277
0.014734 0.028865
0.014720 0.015220
0.014716 0.015388
0.014711 0.018413
0.014707 0.019601
0.014706 0.014729
0.014681 0.015018
0.014680 0.016553
0.014646 0.014790
0.014639 0.015831
0.014608 0.014812
0.014588 0.014896
0.014587 0.017568
0.014587 0.015124
0.014586 0.019417
0.014585 0.028664
0.014565 0.028851
0.014534 0.017709
0.014523 0.018629
0.014523 0.017006
0.014498 0.016356
0.014497 0.017088
0.014460 0.021846
0.014454 0.016263
0.014441 0.014682
0.014424 0.016984
0.014417 0.024721
0.014416 0.020306
0.014410 0.015440
0.014402 0.014499
0.014400 0.018205
0.014327 0.016426
0.014304 0.028194
0.014296 0.019288
0.014249 0.014256
0.014248 0.017061
0.014246 0.015374
0.014210 0.016339
0.014204 0.017860
0.014193 0.015132
0.014190 0.015854
0.014157 0.020138
0.014156 0.029095
0.014133 0.019389
0.014132 0.015480
0.014120 0.014283
0.014110 0.014236
0.014102 0.015490
0.014046 0.015624
0.014045 0.015715
0.014044 0.016928
0.014042 0.019131
0.014008 0.014086
0.013999 0.021398
0.013995 0.019193
0.013994 0.015481
0.013975 0.014954
0.013958 0.018809
0.013953 0.014757
0.013940 0.016438
0.013939 0.021452
0.013934 0.018148
0.013931 0.019522
0.013904 0.014817
0.013897 0.017156
0.013894 0.023272
0.013880 0.019639
0.013878 0.015499
0.013868 0.021721
0.013848 0.016318
0.013847 0.017718
0.013827 0.018916
0.013824 0.017120
0.013821 0.018107
0.013799 0.014222
0.013779 0.014660
0.013758 0.013780
0.013752 0.014510
0.013717 0.014363
0.013715 0.015127
0.013704 0.014496
0.013663 0.016631
0.013640 0.017623
0.013637 0.016797
0.013633 0.018876
0.013604 0.015040
0.013590 0.014136
0.013584 0.014242
0.013576 0.016983
0.013561 0.018234
0.013542 0.015116
0.013538 0.013678
0.013529 0.013695
0.013517 0.015169
0.013481 0.014542
0.013475 0.018119
0.013455 0.016338
0.013449 0.018955
0.013443 0.018311
0.013436 0.023655
0.013432 0.013713
0.013430 0.016975
0.013399 0.016587
0.013383 0.019482
0.013359 0.020679
0.013358 0.013736
0.013331 0.014160
0.013325 0.017171
0.013320 0.014779
0.013316 0.014640
0.013304 0.015228
0.013283 0.015138
0.013282 0.013365
0.013276 0.016489
0.013274 0.016175
0.013246 0.017461
0.013245 0.013321
0.013244 0.017266
0.013194 0.015447
0.013187 0.021704
0.013165 0.015396
0.013138 0.013747
0.013137 0.014417
0.013132 0.013753
0.013105 0.013826
0.013096 0.019335
0.013078 0.016526
0.013076 0.013124
0.013053 0.013771
0.013050 0.021957
0.013048 0.015670
0.013041 0.013956
0.013026 0.028840
0.012986 0.013245
0.012961 0.018112
0.012954 0.019228
0.012921 0.015563
0.012919 0.014764
0.012915 0.015060
0.012909 0.017196
0.012903 0.017368
0.012897 0.014373
0.012894 0.013928
0.012890 0.015163
0.012879 0.015589
0.012866 0.014711
0.012853 0.021516
0.012852 0.016829
0.012843 0.013293
0.012839 0.016221
0.012836 0.012996
0.012793 0.013801
0.012782 0.014746
0.012743 0.019891
0.012742 0.019354
0.012740 0.018351
0.012735 0.012855
0.012732 0.013363
0.012702 0.013037
0.012698 0.015537
0.012689 0.014894
0.012667 0.013943
0.012655 0.014995
0.012649 0.013959
0.012641 0.013681
0.012629 0.016656
0.012619 0.012671
0.012615 0.020312
0.012577 0.017629
0.012553 0.015090
0.012552 0.012687
0.012543 0.015284
0.012540 0.013053
0.012519 0.013250
0.012514 0.013843
0.012512 0.035483
0.012506 0.021349
0.012492 0.027439
0.012486 0.016398
0.012477 0.018836
0.012474 0.019290
0.012468 0.013004
0.012466 0.019558
0.012463 0.012869
0.012426 0.012521
0.012423 0.013196
0.012410 0.012440
0.012408 0.013250
0.012405 0.013229
0.012397 0.020760
0.012396 0.014099
0.012367 0.017179
0.012362 0.012691
0.012329 0.012836
0.012318 0.015044
0.012313 0.013394
0.012302 0.018164
0.012301 0.015063
0.012280 0.012498
0.012271 0.016066
0.012266 0.015337
0.012251 0.012286
0.012238 0.016861
0.012225 0.012595
0.012211 0.014337
0.012201 0.012752
0.012182 0.012686
0.012175 0.014872
0.012170 0.016621
0.012166 0.012623
0.012162 0.012368
0.012160 0.014541
0.012160 0.013172
0.012158 0.013077
0.012150 0.019881
0.012147 0.013602
0.012122 0.018531
0.012110 0.013139
0.012096 0.012488
0.012096 0.019687
0.012084 0.022756
0.012068 0.013891
0.012068 0.012439
0.012065 0.021269
0.012043 0.024848
0.012038 0.019945
0.012034 0.018856
0.012014 0.013226
0.012003 0.012348
0.011978 0.013561
0.011958 0.014186
0.011955 0.014007
0.011947 0.013690
0.011942 0.012634
0.011935 0.013288
0.011910 0.012983
0.011908 0.014689
0.011887 0.013272
0.011886 0.014784
0.011886 0.013637
0.011885 0.012278
0.011861 0.012508
0.011855 0.012430
0.011844 0.012722
0.011838 0.014567
0.011834 0.012394
0.011828 0.012685
0.011822 0.018570
0.011819 0.011883
0.011782 0.016443
0.011762 0.014218
0.011752 0.012142
0.011735 0.014424
0.011726 0.013742
0.011725 0.014368
0.011719 0.018157
0.011713 0.012437
0.011700 0.012164
0.011699 0.018945
0.011680 0.013432
0.011678 0.012169
0.011670 0.012490
0.011662 0.012972
0.011660 0.016093
0.011656 0.016965
0.011644 0.015229
0.011635 0.011764
0.011627 0.014349
0.011621 0.012574
0.011616 0.011949
0.011605 0.012215
0.011591 0.020128
0.011586 0.014529
0.011573 0.011876
0.011561 0.015897
0.011558 0.013730
0.011552 0.013195
0.011528 0.011609
0.011519 0.011769
0.011517 0.013188
0.011515 0.012492
0.011512 0.018607
0.011512 0.012715
0.011508 0.012878
0.011505 0.015505
0.011486 0.017258
0.011486 0.012255
0.011454 0.011559
0.011442 0.013881
0.011420 0.011869
0.011416 0.017067
0.011413 0.015394
0.011411 0.012038
0.011411 0.014644
0.011405 0.012446
0.011401 0.014648
0.011395 0.012733
0.011388 0.015925
0.011380 0.021427
0.011378 0.011386
0.011368 0.015625
0.011366 0.011791
0.011359 0.017023
0.011358 0.011558
0.011333 0.012487
0.011333 0.011968
0.011329 0.011820
0.011308 0.014877
0.011297 0.018906
0.011293 0.011581
0.011288 0.013116
0.011230 0.012617
0.011229 0.011489
0.011225 0.011902
0.011216 0.013278
0.011211 0.016616
0.011203 0.011876
0.011202 0.012815
0.011190 0.018204
0.011190 0.019501
0.011181 0.011945
0.011178 0.011344
0.011176 0.015334
0.011171 0.011447
0.011166 0.015443
0.011165 0.014535
0.011165 0.011431
0.011157 0.011925
0.011156 0.012579
0.011135 0.012381
0.011132 0.013984
0.011126 0.011181
0.011117 0.013721
0.011109 0.011110
0.011095 0.013325
0.011091 0.014071
0.011087 0.014856
0.011086 0.011639
0.011076 0.011791
0.011073 0.012691
0.011071 0.014491
0.011069 0.011648
0.011066 0.022516
0.011065 0.012756
0.011063 0.016990
0.011062 0.016650
0.011061 0.019823
0.011052 0.011382
0.011042 0.012363
0.011040 0.014356
0.011039 0.016997
0.011029 0.012718
0.011023 0.013829
0.011023 0.015322
0.011006 0.016402
0.010992 0.017519
0.010985 0.019483
0.010979 0.011107
0.010971 0.013301
0.010959 0.013063
0.010950 0.011299
0.010944 0.014720
0.010940 0.012614
0.010930 0.013586
0.010926 0.011163
0.010923 0.011551
0.010918 0.011961
0.010915 0.018085
0.010912 0.014375
0.010886 0.011943
0.010880 0.015720
0.010877 0.013291
0.010866 0.014895
0.010866 0.019794
0.010863 0.018102
0.010849 0.011064
0.010844 0.012640
0.010830 0.010937
0.010829 0.010968
0.010817 0.011078
0.010810 0.011878
0.010792 0.018827
0.010788 0.011480
0.010783 0.011296
0.010780 0.012720
0.010776 0.011339
0.010764 0.011641
0.010760 0.010849
0.010749 0.015806
0.010742 0.011767
0.010737 0.014060
0.010734 0.011029
0.010729 0.015656
0.010697 0.014701
0.010693 0.013094
0.010684 0.018609
0.010675 0.011732
0.010674 0.010782
0.010660 0.018059
0.010658 0.018657
0.010656 0.012525
0.010647 0.014629
0.010646 0.012935
0.010643 0.012886
0.010627 0.019010
0.010626 0.011384
0.010621 0.012027
0.010605 0.012027
0.010582 0.011336
0.010574 0.013171
0.010574 0.012290
0.010563 0.014214
0.010558 0.010940
0.010550 0.016630
0.010549 0.012540
0.010546 0.012189
0.010544 0.012260
0.010535 0.016826
0.010533 0.020412
0.010523 0.013706
0.010522 0.010629
0.010519 0.014212
0.010504 0.011722
0.010493 0.010548
0.010488 0.011791
0.010486 0.011856
0.010484 0.015516
0.010481 0.010787
0.010473 0.011475
0.010459 0.013943
0.010458 0.014276
0.010457 0.011104
0.010451 0.010724
0.010439 0.013426
0.010436 0.012559
0.010435 0.016360
0.010428 0.015471
0.010418 0.015741
0.010407 0.014357
0.010380 0.010828
0.010366 0.011064
0.010363 0.010969
0.010363 0.012305
0.010363 0.011718
0.010351 0.011944
0.010332 0.012423
0.010325 0.010855
0.010322 0.010954
0.010320 0.010757
0.010316 0.012672
0.010316 0.011006
0.010306 0.011590
0.010297 0.010905
0.010297 0.012432
0.010297 0.014381
0.010289 0.011061
0.010288 0.011580
0.010285 0.010842
0.010266 0.016485
0.010264 0.010285
0.010259 0.011746
0.010241 0.012180
0.010226 0.011886
0.010225 0.010287
0.010185 0.010599
0.010184 0.014532
0.010163 0.010856
0.010153 0.017321
0.010143 0.017703
0.010128 0.010131
0.010110 0.010730
0.010103 0.013114
0.010099 0.017570
0.010096 0.014327
0.010093 0.010469
0.010092 0.010549
0.010089 0.010926
0.010083 0.010887
0.010074 0.014013
0.010073 0.010857
0.010071 0.011148
0.010066 0.015255
0.010061 0.012072
0.010058 0.011190
0.010053 0.013933
0.010045 0.011362
0.010040 0.010454
0.010040 0.012440
0.010037 0.010703
0.010022 0.013625
0.010019 0.011963
0.010015 0.016942
0.010014 0.017632
0.010000 0.010242
0.009991 0.011336
0.009989 0.011315
0.009988 0.010075
0.009984 0.018211
0.009983 0.010072
0.009980 0.011345
0.009976 0.018938
0.009974 0.010035
0.009974 0.013347
0.009963 0.016920
0.009955 0.011448
0.009950 0.015462
0.009947 0.015002
0.009931 0.014116
0.009929 0.011066
0.009912 0.011002
0.009906 0.015751
0.009905 0.013880
0.009899 0.010269
0.009894 0.009987
0.009888 0.011659
0.009883 0.010005
0.009875 0.013051
0.009874 0.013638
0.009862 0.010122
0.009862 0.011370
0.009861 0.012873
0.009852 0.012643
0.009845 0.010235
0.009832 0.020166
0.009831 0.010355
0.009828 0.009842
0.009800 0.011636
0.009792 0.012351
0.009776 0.010764
0.009770 0.010964
0.009765 0.011325
0.009753 0.010253
0.009743 0.009965
0.009743 0.012454
0.009742 0.010232
0.009741 0.010093
0.009740 0.010220
0.009737 0.013476
0.009719 0.022918
0.009719 0.011922
0.009712 0.010584
0.009700 0.009981
0.009698 0.011160
0.009692 0.019265
0.009689 0.014919
0.009681 0.010238
0.009657 0.013288
0.009656 0.016595
0.009654 0.011253
0.009652 0.013989
0.009651 0.014591
0.009647 0.023887
0.009642 0.012446
0.009631 0.010627
0.009619 0.009621
0.009617 0.010068
0.009614 0.009978
0.009608 0.021551
0.009592 0.011156
0.009589 0.015370
0.009577 0.014702
0.009577 0.014124
0.009575 0.011971
0.009553 0.019019
0.009541 0.009937
0.009538 0.012920
0.009537 0.010133
0.009531 0.012142
0.009515 0.011297
0.009515 0.009518
0.009507 0.010768
0.009506 0.010774
0.009504 0.009982
0.009503 0.012318
0.009495 0.011269
0.009481 0.010333
0.009473 0.009677
0.009463 0.012590
0.009441 0.009760
0.009417 0.009783
0.009411 0.010817
0.009402 0.010557
0.009395 0.010359
0.009393 0.009547
0.009377 0.010782
0.009373 0.010178
0.009352 0.010897
0.009332 0.010959
0.009329 0.011322
0.009328 0.009844
0.009324 0.011822
0.009316 0.009366
0.009311 0.010849
0.009300 0.009521
0.009294 0.010823
0.009291 0.011350
0.009288 0.011352
0.009280 0.011503
0.009275 0.019563
0.009273 0.011762
0.009252 0.009871
0.009246 0.016404
0.009240 0.010099
0.009237 0.012897
0.009236 0.010903
0.009229 0.010060
0.009212 0.010581
0.009212 0.012878
0.009211 0.009954
0.009211 0.012966
0.009209 0.010313
0.009207 0.009384
0.009202 0.012286
0.009200 0.009748
0.009191 0.014347
0.009191 0.014735
0.009185 0.011316
0.009183 0.012275
0.009173 0.010946
0.009171 0.013483
0.009146 0.011622
0.009143 0.010167
0.009128 0.011639
0.009125 0.013234
0.009124 0.010773
0.009117 0.015889
0.009114 0.011212
0.009108 0.009985
0.009100 0.009457
0.009097 0.009163
0.009092 0.009742
0.009091 0.013000
0.009090 0.009330
0.009085 0.012689
0.009080 0.012709
0.009076 0.014089
0.009075 0.009516
0.009067 0.010071
0.009061 0.009438
0.009059 0.011800
0.009055 0.009514
0.009050 0.009314
0.009039 0.011049
0.009039 0.009079
0.009028 0.011343
0.009027 0.009680
0.009025 0.010850
0.009015 0.009093
0.009012 0.009253
0.009010 0.010660
0.009005 0.010115
0.008996 0.009108
0.008993 0.009161
0.008991 0.011877
0.008990 0.015152
0.008965 0.009207
0.008965 0.011227
0.008960 0.009025
0.008953 0.010534
0.008946 0.009430
0.008941 0.009828
0.008937 0.009217
0.008929 0.011137
0.008926 0.010823
0.008920 0.008993
0.008919 0.010835
0.008918 0.009796
0.008916 0.012970
0.008912 0.009748
0.008912 0.009188
0.008907 0.010343
0.008901 0.013350
0.008887 0.016067
0.008875 0.009235
0.008871 0.010486
0.008870 0.009524
0.008869 0.008903
0.008860 0.011463
0.008855 0.009237
0.008850 0.014251
0.008845 0.009590
0.008842 0.011513
0.008839 0.009529
0.008836 0.009875
0.008832 0.009470
0.008823 0.009505
0.008821 0.009593
0.008819 0.008970
0.008815 0.009892
0.008815 0.009031
0.008813 0.009171
0.008796 0.010437
0.008793 0.010493
0.008771 0.017793
0.008767 0.009482
0.008749 0.008906
0.008746 0.009755
0.008746 0.009775
0.008742 0.009766
0.008739 0.011246
0.008738 0.011703
0.008730 0.009512
0.008728 0.017342
0.008725 0.010191
0.008721 0.009026
0.008716 0.009981
0.008697 0.010192
0.008687 0.011097
0.008681 0.017355
0.008665 0.011419
0.008664 0.013611
0.008656 0.013583
0.008650 0.010828
0.008650 0.009396
0.008649 0.011559
0.008645 0.008652
0.008639 0.009471
0.008631 0.012759
0.008627 0.015123
0.008625 0.010864
0.008621 0.013075
0.008617 0.014324
0.008607 0.010575
0.008601 0.013941
0.008580 0.009395
0.008572 0.012283
0.008566 0.009044
0.008563 0.012112
0.008536 0.009048
0.008535 0.009715
0.008531 0.008963
0.008518 0.012008
0.008516 0.008582
0.008515 0.010330
0.008513 0.011923
0.008508 0.008729
0.008504 0.008889
0.008498 0.013292
0.008492 0.008655
0.008480 0.009521
0.008479 0.012448
0.008478 0.008635
0.008475 0.009268
0.008469 0.009061
0.008462 0.009076
0.008445 0.014201
0.008441 0.008499
0.008439 0.017328
0.008438 0.009370
0.008428 0.014226
0.008424 0.014943
0.008412 0.009246
0.008402 0.008997
0.008401 0.010573
0.008401 0.010247
0.008399 0.008436
0.008398 0.009948
0.008395 0.011798
0.008370 0.010004
0.008367 0.008618
0.008367 0.016235
0.008362 0.008813
0.008359 0.008416
0.008352 0.008375
0.008352 0.009006
0.008347 0.012918
0.008336 0.010392
0.008329 0.008785
0.008327 0.012052
0.008326 0.010069
0.008323 0.009672
0.008317 0.008777
0.008312 0.009552
0.008308 0.010876
0.008303 0.008567
0.008303 0.013385
0.008299 0.008672
0.008289 0.009391
0.008261 0.008929
0.008261 0.010362
0.008261 0.008509
0.008245 0.014212
0.008244 0.008584
0.008240 0.014334
0.008236 0.008779
0.008234 0.010843
0.008232 0.008405
0.008232 0.016636
0.008223 0.010376
0.008222 0.009959
0.008194 0.010882
0.008191 0.008632
0.008190 0.014634
0.008188 0.008295
0.008187 0.012553
0.008186 0.009280
0.008185 0.010590
0.008181 0.008532
0.008173 0.010223
0.008172 0.011274
0.008168 0.008221
0.008167 0.009242
0.008165 0.010621
0.008149 0.009591
0.008146 0.010009
0.008137 0.008497
0.008133 0.012258
0.008132 0.008524
0.008130 0.010618
0.008130 0.009502
0.008126 0.008346
0.008113 0.008687
0.008110 0.014195
0.008108 0.010235
0.008104 0.011416
0.008104 0.011265
0.008101 0.011727
0.008088 0.009265
0.008080 0.017706
0.008075 0.009001
0.008072 0.008893
0.008072 0.010087
0.008063 0.010426
0.008050 0.009722
0.008049 0.008974
0.008049 0.011356
0.008041 0.008979
0.008037 0.008957
0.008031 0.009144
0.008030 0.008446
0.008030 0.008538
0.008021 0.008264
0.008016 0.008514
0.008015 0.012931
0.008010 0.011857
0.008009 0.013709
0.008003 0.008886
0.007986 0.009216
0.007986 0.011040
0.007978 0.010128
0.007971 0.012798
0.007971 0.008059
0.007970 0.010833
0.007960 0.008459
0.007947 0.009072
0.007945 0.010297
0.007943 0.008048
0.007940 0.008135
0.007936 0.010162
0.007928 0.007930
0.007926 0.008450
0.007917 0.014614
0.007912 0.009968
0.007905 0.008437
0.007899 0.008821
0.007891 0.009132
0.007887 0.012120
0.007881 0.009285
0.007879 0.012044
0.007878 0.013589
0.007877 0.009091
0.007876 0.008361
0.007867 0.007930
0.007864 0.007955
0.007851 0.010498
0.007848 0.011199
0.007844 0.009178
0.007839 0.010455
0.007834 0.009781
0.007825 0.008056
0.007817 0.009961
0.007811 0.008916
0.007808 0.012387
0.007806 0.008104
0.007805 0.011137
0.007800 0.007903
0.007790 0.009917
0.007786 0.008567
0.007780 0.010424
0.007780 0.013670
0.007778 0.008253
0.007769 0.009456
0.007765 0.007959
0.007764 0.018411
0.007754 0.010087
0.007740 0.014756
0.007739 0.009294
0.007728 0.008066
0.007726 0.007866
0.007723 0.008418
0.007723 0.009036
0.007703 0.009568
0.007701 0.010813
0.007698 0.010886
0.007694 0.007763
0.007693 0.013250
0.007687 0.007827
0.007683 0.010379
0.007660 0.010590
0.007653 0.008994
0.007650 0.007695
0.007647 0.015566
0.007645 0.008181
0.007637 0.008086
0.007637 0.008308
0.007636 0.009068
0.007633 0.009752
0.007633 0.007640
0.007627 0.009613
0.007617 0.008433
0.007613 0.007995
0.007611 0.011954
0.007609 0.008252
0.007609 0.008051
0.007604 0.016207
0.007591 0.007739
0.007588 0.014944
0.007587 0.008585
0.007584 0.010749
0.007583 0.007845
0.007580 0.008158
0.007580 0.009318
0.007577 0.011277
0.007570 0.014708
0.007560 0.010471
0.007558 0.007685
0.007556 0.013335
0.007533 0.010870
0.007532 0.013941
0.007515 0.007957
0.007509 0.008784
0.007497 0.007890
0.007496 0.008602
0.007489 0.008178
0.007487 0.008800
0.007478 0.008329
0.007470 0.009287
0.007464 0.013014
0.007459 0.007524
0.007459 0.008484
0.007458 0.014922
0.007454 0.008739
0.007452 0.011309
0.007451 0.011060
0.007450 0.010161
0.007450 0.007502
0.007445 0.008386
0.007445 0.008322
0.007444 0.009986
0.007440 0.008864
0.007438 0.010296
0.007432 0.010473
0.007425 0.013304
0.007425 0.009750
0.007424 0.012074
0.007423 0.007666
0.007421 0.010289
0.007420 0.014128
0.007416 0.009409
0.007409 0.012340
0.007407 0.008225
0.007404 0.008585
0.007403 0.007464
0.007402 0.007588
0.007399 0.007708
0.007395 0.013873
0.007380 0.009170
0.007374 0.013360
0.007371 0.009243
0.007371 0.007375
0.007368 0.007871
0.007366 0.007661
0.007360 0.007770
0.007360 0.009417
0.007358 0.009128
0.007354 0.011912
0.007350 0.007649
0.007348 0.007437
0.007345 0.007565
0.007336 0.009890
0.007322 0.009636
0.007321 0.007343
0.007313 0.009742
0.007312 0.007726
0.007301 0.007545
0.007299 0.011517
0.007298 0.007318
0.007297 0.012928
0.007291 0.010018
0.007289 0.014750
0.007287 0.007296
0.007285 0.010466
0.007277 0.008890
0.007265 0.007975
0.007259 0.007930
0.007256 0.008066
0.007254 0.007501
0.007250 0.009425
0.007248 0.008670
0.007247 0.009345
0.007246 0.012535
0.007226 0.009597
0.007222 0.008686
0.007219 0.008342
0.007216 0.007537
0.007213 0.008564
0.007213 0.007628
0.007210 0.008826
0.007204 0.007621
0.007204 0.008635
0.007202 0.007402
0.007199 0.014461
0.007199 0.007350
0.007195 0.008875
0.007189 0.009914
0.007186 0.007956
0.007184 0.013870
0.007178 0.007617
0.007178 0.011293
0.007170 0.013710
0.007168 0.008088
0.007165 0.007171
0.007164 0.008041
0.007163 0.007560
0.007159 0.009440
0.007157 0.009121
0.007156 0.008177
0.007153 0.010554
0.007152 0.008759
0.007151 0.008325
0.007150 0.010035
0.007148 0.007800
0.007142 0.007214
0.007138 0.010910
0.007138 0.008145
0.007138 0.007660
0.007128 0.009134
0.007124 0.010264
0.007122 0.009764
0.007119 0.007427
0.007112 0.007161
0.007090 0.007132
0.007089 0.007862
0.007087 0.010949
0.007082 0.013809
0.007076 0.010557
0.007068 0.008521
0.007066 0.009743
0.007066 0.011329
0.007059 0.007546
0.007053 0.007524
0.007052 0.007062
0.007048 0.009181
0.007037 0.007081
0.007035 0.008297
0.007028 0.008952
0.007027 0.007298
0.007026 0.008411
0.007024 0.007917
0.007019 0.007730
0.007013 0.008607
0.007002 0.007602
0.006992 0.011259
0.006990 0.009955
0.006990 0.007467
0.006988 0.011240
0.006982 0.007513
0.006977 0.010652
0.006971 0.013811
0.006971 0.007035
0.006969 0.007258
0.006967 0.009371
0.006965 0.008574
0.006965 0.008293
0.006961 0.007254
0.006961 0.014683
0.006956 0.007476
0.006949 0.007770
0.006948 0.012207
0.006943 0.007947
0.006942 0.007229
0.006941 0.007029
0.006941 0.009991
0.006941 0.007519
0.006939 0.007273
0.006934 0.007919
0.006932 0.007179
0.006927 0.009314
0.006923 0.010509
0.006922 0.007787
0.006921 0.007540
0.006920 0.012619
0.006917 0.007253
0.006907 0.010201
0.006898 0.007861
0.006893 0.007622
0.006891 0.011156
0.006891 0.009634
0.006886 0.007746
0.006886 0.008968
0.006883 0.008831
0.006881 0.010463
0.006880 0.007105
0.006867 0.007033
0.006865 0.013871
0.006864 0.009913
0.006860 0.007380
0.006858 0.007675
0.006838 0.008727
0.006837 0.007108
0.006836 0.009632
0.006825 0.006998
0.006818 0.007699
0.006814 0.007918
0.006811 0.007329
0.006803 0.008991
0.006793 0.007927
0.006787 0.012272
0.006787 0.007351
0.006783 0.007319
0.006777 0.008400
0.006775 0.006930
0.006773 0.008148
0.006771 0.007693
0.006768 0.007112
0.006767 0.007164
0.006764 0.010615
0.006759 0.009646
0.006749 0.006961
0.006747 0.010271
0.006743 0.006769
0.006731 0.009583
0.006727 0.006900
0.006726 0.014253
0.006716 0.007083
0.006714 0.014354
0.006706 0.008290
0.006696 0.012931
0.006695 0.008024
0.006691 0.007547
0.006691 0.008681
0.006691 0.009101
0.006689 0.008127
0.006687 0.008125
0.006685 0.008327
0.006678 0.009112
0.006676 0.008846
0.006674 0.009536
0.006667 0.007228
0.006662 0.006752
0.006660 0.010888
0.006654 0.009898
0.006652 0.006845
0.006651 0.007466
0.006647 0.008714
0.006647 0.009423
0.006646 0.009648
0.006644 0.011709
0.006615 0.011412
0.006609 0.006882
0.006598 0.007385
0.006595 0.007435
0.006593 0.006703
0.006575 0.010058
0.006574 0.008872
0.006572 0.007524
0.006572 0.009747
0.006571 0.006598
0.006570 0.007122
0.006570 0.010562
0.006564 0.007901
0.006561 0.006594
0.006560 0.010774
0.006557 0.009828
0.006555 0.014650
0.006549 0.008674
0.006543 0.010150
0.006542 0.006729
0.006542 0.006750
0.006541 0.007231
0.006540 0.007094
0.006529 0.009221
0.006527 0.008039
0.006524 0.008369
0.006521 0.009178
0.006520 0.010850
0.006511 0.011329
0.006510 0.010372
0.006510 0.006905
0.006508 0.007093
0.006506 0.010283
0.006502 0.007595
0.006498 0.006715
0.006495 0.008075
0.006495 0.007760
0.006494 0.008334
0.006494 0.006799
0.006493 0.010358
0.006493 0.006824
0.006492 0.006575
0.006491 0.011343
0.006484 0.006873
0.006475 0.010243
0.006471 0.006530
0.006465 0.010507
0.006465 0.007627
0.006461 0.009523
0.006461 0.010237
0.006458 0.010210
0.006458 0.009912
0.006455 0.010519
0.006453 0.010541
0.006448 0.008478
0.006439 0.006580
0.006437 0.009969
0.006426 0.008074
0.006419 0.006752
0.006407 0.006446
0.006388 0.011612
0.006387 0.008320
0.006387 0.008515
0.006382 0.008845
0.006376 0.009120
0.006375 0.010359
0.006375 0.007850
0.006373 0.008028
0.006364 0.010300
0.006360 0.008186
0.006358 0.008704
0.006358 0.006956
0.006352 0.009483
0.006350 0.006858
0.006349 0.009208
0.006344 0.007235
0.006342 0.010300
0.006337 0.007088
0.006331 0.009009
0.006329 0.006810
0.006326 0.012820
0.006323 0.007163
0.006322 0.010422
0.006322 0.008477
0.006320 0.006473
0.006316 0.008338
0.006309 0.007213
0.006299 0.009814
0.006289 0.008430
0.006288 0.006410
0.006286 0.008276
0.006286 0.007558
0.006278 0.006673
0.006278 0.006382
0.006273 0.006610
0.006256 0.006480
0.006254 0.008031
0.006251 0.006293
0.006246 0.006347
0.006244 0.006543
0.006240 0.006669
0.006237 0.006444
0.006235 0.008131
0.006220 0.006226
0.006220 0.008719
0.006217 0.011131
0.006213 0.008239
0.006209 0.008776
0.006194 0.007405
0.006192 0.013267
0.006191 0.006383
0.006183 0.006496
0.006181 0.009355
0.006179 0.006500
0.006172 0.006405
0.006170 0.007884
0.006166 0.007550
0.006166 0.006511
0.006155 0.006595
0.006153 0.007218
0.006150 0.006200
0.006144 0.006337
0.006135 0.006226
0.006134 0.007331
0.006132 0.007855
0.006131 0.007143
0.006127 0.009706
0.006127 0.007940
0.006123 0.008854
0.006118 0.009171
0.006118 0.011633
0.006116 0.011592
0.006115 0.008655
0.006114 0.006368
0.006108 0.008009
0.006104 0.006398
0.006098 0.007477
0.006097 0.015270
0.006092 0.010109
0.006090 0.008262
0.006083 0.008535
0.006077 0.008227
0.006076 0.006128
0.006074 0.009703
0.006074 0.010896
0.006071 0.008078
0.006071 0.006955
0.006066 0.007793
0.006062 0.006350
0.006061 0.009251
0.006061 0.006587
0.006057 0.006744
0.006055 0.006402
0.006052 0.006515
0.006048 0.010734
0.006040 0.006603
0.006038 0.008932
0.006035 0.009706
0.006035 0.008582
0.006034 0.006642
0.006033 0.008821
0.006033 0.009254
0.006029 0.006093
0.006025 0.013041
0.006023 0.006050
0.006019 0.013113
0.006011 0.011270
0.006005 0.006787
0.006003 0.006396
0.005996 0.007554
0.005994 0.006776
0.005991 0.007326
0.005990 0.006952
0.005987 0.007724
0.005985 0.006028
0.005984 0.006838
0.005983 0.006094
0.005983 0.009351
0.005977 0.007256
0.005976 0.006315
0.005974 0.006719
0.005968 0.010735
0.005967 0.006317
0.005960 0.007897
0.005959 0.007679
0.005955 0.006352
0.005954 0.006440
0.005946 0.006958
0.005945 0.006521
0.005944 0.007588
0.005927 0.008121
0.005924 0.013249
0.005921 0.006406
0.005921 0.014756
0.005912 0.006882
0.005910 0.007144
0.005910 0.009850
0.005907 0.010125
0.005905 0.006955
0.005904 0.006649
0.005904 0.012031
0.005903 0.006092
0.005887 0.006421
0.005881 0.006254
0.005880 0.006824
0.005876 0.010818
0.005876 0.007312
0.005870 0.009196
0.005869 0.006900
0.005869 0.010219
0.005864 0.007560
0.005863 0.006629
0.005863 0.009455
0.005862 0.006179
0.005859 0.006036
0.005858 0.005879
0.005842 0.006546
0.005841 0.009966
0.005840 0.006073
0.005839 0.006565
0.005832 0.006154
0.005830 0.006513
0.005829 0.006946
0.005828 0.006361
0.005823 0.006610
0.005819 0.006380
0.005818 0.006439
0.005810 0.009777
0.005807 0.008451
0.005801 0.012104
0.005796 0.006072
0.005791 0.009535
0.005791 0.008794
0.005787 0.007036
0.005785 0.006300
0.005782 0.006414
0.005781 0.006297
0.005776 0.009728
0.005771 0.012398
0.005770 0.009611
0.005764 0.005792
0.005764 0.010623
0.005763 0.005776
0.005762 0.007108
0.005755 0.006460
0.005753 0.007332
0.005751 0.009291
0.005751 0.006323
0.005750 0.007097
0.005748 0.009840
0.005738 0.006139
0.005729 0.008177
0.005727 0.007248
0.005726 0.006311
0.005721 0.011934
0.005721 0.006013
0.005718 0.007049
0.005701 0.007958
0.005700 0.006279
0.005687 0.008167
0.005682 0.013928
0.005677 0.006464
0.005670 0.006123
0.005665 0.008501
0.005665 0.007945
0.005661 0.007378
0.005660 0.006625
0.005658 0.008942
0.005655 0.007810
0.005650 0.006478
0.005650 0.006797
0.005645 0.007322
0.005642 0.008994
0.005628 0.009476
0.005625 0.006389
0.005618 0.007549
0.005608 0.005996
0.005607 0.006119
0.005603 0.006703
0.005600 0.007295
0.005594 0.014058
0.005593 0.008274
0.005591 0.006969
0.005591 0.010170
0.005589 0.007533
0.005589 0.007759
0.005589 0.006358
0.005588 0.005982
0.005587 0.007433
0.005587 0.006264
0.005582 0.006071
0.005578 0.005652
0.005574 0.006536
0.005573 0.006838
0.005570 0.009834
0.005558 0.009032
0.005557 0.010632
0.005554 0.008900
0.005554 0.005860
0.005545 0.008077
0.005544 0.006810
0.005543 0.008019
0.005542 0.006054
0.005540 0.005782
0.005537 0.009937
0.005537 0.007251
0.005536 0.007217
0.005530 0.005872
0.005528 0.010284
0.005523 0.005970
0.005511 0.007872
0.005506 0.005714
0.005505 0.006367
0.005503 0.005791
0.005502 0.007115
0.005501 0.006330
0.005499 0.007489
0.005498 0.008423
0.005498 0.006012
0.005495 0.008446
0.005495 0.006263
0.005494 0.006036
0.005492 0.005876
0.005489 0.006116
0.005482 0.010839
0.005474 0.005690
0.005468 0.007165
0.005463 0.005654
0.005456 0.012616
0.005455 0.007130
0.005452 0.006511
0.005448 0.005858
0.005446 0.006986
0.005441 0.005968
0.005440 0.011742
0.005438 0.005462
0.005438 0.006235
0.005434 0.005441
0.005432 0.005739
0.005427 0.009202
0.005426 0.007860
0.005423 0.005426
0.005419 0.010961
0.005418 0.007888
0.005416 0.005531
0.005415 0.005717
0.005415 0.006440
0.005412 0.005782
0.005411 0.005642
0.005407 0.006462
0.005404 0.007039
0.005391 0.006009
0.005382 0.005678
0.005379 0.007726
0.005375 0.006014
0.005365 0.006331
0.005358 0.006782
0.005355 0.007131
0.005347 0.007513
0.005335 0.008415
0.005335 0.008244
0.005332 0.005575
0.005326 0.006477
0.005323 0.005332
0.005321 0.005431
0.005320 0.006539
0.005319 0.007397
0.005313 0.006003
0.005312 0.009265
0.005302 0.006532
0.005298 0.005314
0.005289 0.005798
0.005288 0.005343
0.005286 0.006652
0.005284 0.006117
0.005282 0.009386
0.005272 0.009283
0.005269 0.005605
0.005266 0.008085
0.005266 0.005482
0.005265 0.008253
0.005264 0.005488
0.005261 0.005876
0.005260 0.006298
0.005257 0.005260
0.005257 0.006481
0.005256 0.005881
0.005255 0.005464
0.005253 0.005584
0.005250 0.007639
0.005247 0.005588
0.005237 0.008724
0.005234 0.005770
0.005234 0.008420
0.005225 0.011379
0.005224 0.008707
0.005223 0.006348
0.005222 0.007059
0.005221 0.009756
0.005220 0.005664
0.005215 0.005326
0.005210 0.005988
0.005193 0.006700
0.005192 0.005861
0.005189 0.005597
0.005170 0.006340
0.005164 0.005851
0.005145 0.006037
0.005140 0.005353
0.005138 0.008910
0.005138 0.005728
0.005130 0.005526
0.005129 0.007027
0.005124 0.005248
0.005122 0.006458
0.005121 0.007070
0.005110 0.005472
0.005110 0.007721
0.005107 0.005348
0.005107 0.007338
0.005107 0.005251
0.005105 0.005162
0.005103 0.005431
0.005103 0.008232
0.005092 0.006132
0.005083 0.007621
0.005081 0.007999
0.005081 0.011671
0.005079 0.005964
0.005069 0.005366
0.005068 0.005441
0.005059 0.007607
0.005058 0.007511
0.005056 0.007097
0.005055 0.005946
0.005053 0.005129
0.005047 0.005264
0.005040 0.005146
0.005040 0.005078
0.005033 0.005198
0.005028 0.006562
0.005025 0.006643
0.005016 0.005733
0.005015 0.005938
0.005015 0.007054
0.005010 0.006973
0.005003 0.011024
0.004998 0.005077
0.004995 0.005159
0.004991 0.007636
0.004988 0.005125
0.004987 0.005803
0.004985 0.005520
0.004981 0.005545
0.004971 0.006393
0.004965 0.005230
0.004964 0.005465
0.004960 0.007125
0.004957 0.005754
0.004954 0.005755
0.004945 0.005303
0.004945 0.004981
0.004941 0.005511
0.004940 0.006236
0.004933 0.005394
0.004931 0.007146
0.004929 0.006146
0.004929 0.007438
0.004921 0.006408
0.004908 0.005047
0.004906 0.006620
0.004895 0.005454
0.004891 0.005821
0.004889 0.009209
0.004889 0.004913
0.004883 0.005525
0.004879 0.004909
0.004878 0.007563
0.004874 0.006739
0.004873 0.006947
0.004867 0.005044
0.004866 0.005035
0.004863 0.005454
0.004861 0.006944
0.004853 0.004998
0.004852 0.006885
0.004850 0.006329
0.004848 0.005327
0.004845 0.005269
0.004844 0.005619
0.004837 0.005117
0.004834 0.005664
0.004832 0.005855
0.004831 0.006044
0.004829 0.007030
0.004824 0.006925
0.004823 0.005185
0.004821 0.007243
0.004814 0.005914
0.004808 0.005847
0.004806 0.005178
0.004800 0.004987
0.004795 0.006001
0.004794 0.005504
0.004791 0.005824
0.004790 0.005250
0.004789 0.006097
0.004781 0.005622
0.004772 0.004897
0.004770 0.008215
0.004767 0.005047
0.004758 0.005079
0.004753 0.006996
0.004752 0.004803
0.004748 0.005521
0.004748 0.006050
0.004735 0.005945
0.004733 0.005166
0.004726 0.004814
0.004725 0.008817
0.004724 0.005841
0.004723 0.005641
0.004719 0.004964
0.004707 0.006909
0.004707 0.005105
0.004707 0.007441
0.004705 0.004978
0.004705 0.005043
0.004697 0.005543
0.004695 0.005036
0.004695 0.007462
0.004693 0.004975
0.004691 0.005659
0.004681 0.005582
0.004668 0.005323
0.004663 0.004825
0.004662 0.004968
0.004662 0.005710
0.004650 0.005219
0.004639 0.005292
0.004638 0.005196
0.004634 0.005357
0.004631 0.005916
0.004625 0.005649
0.004623 0.004936
0.004611 0.006751
0.004595 0.006607
0.004590 0.010015
0.004588 0.005969
0.004580 0.005776
0.004576 0.006509
0.004572 0.006142
0.004571 0.006235
0.004565 0.011520
0.004564 0.004855
0.004563 0.004678
0.004548 0.004814
0.004545 0.004686
0.004541 0.004742
0.004537 0.004993
0.004536 0.004697
0.004530 0.005374
0.004529 0.004721
0.004527 0.005314
0.004527 0.008450
0.004522 0.004580
0.004521 0.005488
0.004518 0.004534
0.004516 0.005008
0.004514 0.005227
0.004508 0.006063
0.004505 0.004683
0.004505 0.006678
0.004502 0.005197
0.004499 0.005090
0.004497 0.004951
0.004492 0.004906
0.004485 0.006613
0.004475 0.005625
0.004470 0.007041
0.004466 0.004743
0.004452 0.004512
0.004447 0.005438
0.004445 0.005099
0.004440 0.004529
0.004436 0.006468
0.004428 0.005788
0.004428 0.006035
0.004426 0.005848
0.004410 0.006515
0.004408 0.007882
0.004407 0.004701
0.004395 0.005103
0.004383 0.011054
0.004378 0.004527
0.004357 0.006227
0.004354 0.005362
0.004353 0.006327
0.004351 0.007058
0.004350 0.004804
0.004341 0.004342
0.004333 0.004697
0.004316 0.005413
0.004315 0.004603
0.004303 0.004532
0.004297 0.004764
0.004295 0.007126
0.004282 0.004438
0.004280 0.004717
0.004276 0.004371
0.004270 0.004402
0.004260 0.006990
0.004258 0.004493
0.004252 0.011424
0.004251 0.004819
0.004246 0.004491
0.004241 0.004300
0.004239 0.004540
0.004233 0.007787
0.004232 0.005021
0.004219 0.006887
0.004214 0.004262
0.004211 0.005504
0.004205 0.005030
0.004204 0.004992
0.004195 0.004587
0.004183 0.004547
0.004181 0.005154
0.004180 0.004533
0.004168 0.004683
0.004167 0.004175
0.004163 0.005212
0.004162 0.007186
0.004160 0.005089
0.004156 0.007101
0.004151 0.004712
0.004150 0.005156
0.004141 0.004347
0.004123 0.004913
0.004115 0.005454
0.004107 0.006491
0.004105 0.004494
0.004095 0.004347
0.004091 0.005253
0.004081 0.004100
0.004076 0.004100
0.004065 0.004438
0.004062 0.007263
0.004051 0.005044
0.004049 0.004271
0.004036 0.006866
0.004032 0.004305
0.004022 0.004245
0.004019 0.005547
0.004005 0.006516
0.004004 0.005521
0.003997 0.005605
0.003995 0.005418
0.003986 0.004717
0.003966 0.004778
0.003964 0.006096
0.003958 0.004878
0.003941 0.004855
0.003934 0.006196
0.003930 0.005110
0.003916 0.003977
0.003916 0.004268
0.003916 0.005453
0.003912 0.004055
0.003894 0.005993
0.003891 0.005972
0.003876 0.007778
0.003865 0.005047
0.003865 0.004012
0.003861 0.004181
0.003847 0.005904
0.003847 0.005238
0.003839 0.007936
0.003837 0.003883
0.003836 0.003841
0.003823 0.005750
0.003815 0.004924
0.003806 0.004567
0.003802 0.004853
0.003800 0.004060
0.003800 0.005283
0.003799 0.005203
0.003798 0.003998
0.003787 0.004184
0.003762 0.004504
0.003718 0.004625
0.003700 0.004751
0.003699 0.004678
0.003686 0.004893
0.003673 0.003731
0.003666 0.003668
0.003647 0.004738
0.003641 0.003909
0.003641 0.004813
0.003636 0.005093
0.003620 0.006942
0.003620 0.003859
0.003618 0.003859
0.003603 0.004210
0.003601 0.003900
0.003571 0.003602
0.003567 0.004263
0.003561 0.003657
0.003555 0.004903
0.003555 0.003676
0.003542 0.003604
0.003537 0.003777
0.003533 0.003761
0.003529 0.003620
0.003514 0.004363
0.003497 0.004142
0.003492 0.003854
0.003491 0.003561
0.003474 0.003497
0.003464 0.003627
0.003446 0.004652
0.003445 0.004171
0.003432 0.004104
0.003431 0.006489
0.003430 0.004555
0.003400 0.005289
0.003386 0.003898
0.003376 0.003570
0.003376 0.003450
0.003365 0.003383
0.003362 0.003421
0.003353 0.003772
0.003353 0.004483
0.003309 0.003596
0.003309 0.003653
0.003299 0.004855
0.003287 0.003538
0.003271 0.004067
0.003267 0.003988
0.003257 0.003787
0.003253 0.003334
0.003216 0.003407
0.003194 0.003717
0.003127 0.003166
0.003125 0.003255
0.003108 0.003403
0.003076 0.003366
0.003075 0.004065
0.003045 0.003716
0.003044 0.004452
0.003044 0.003573
0.003043 0.003385
0.003042 0.003341
0.003027 0.003191
0.003025 0.003746
0.003017 0.003422
0.003015 0.003049
0.003004 0.003220
0.002992 0.002998
0.002988 0.003206
0.002987 0.004102
0.002984 0.004593
0.002968 0.004250
0.002952 0.003174
0.002919 0.003933
0.002911 0.003086
0.002844 0.002954
0.002843 0.003351
0.002836 0.002985
0.002828 0.002854
0.002805 0.002853
0.002794 0.003328
0.002784 0.003371
0.002784 0.002853
0.002771 0.003201
0.002759 0.002984
0.002716 0.002949
0.002680 0.002958
0.002530 0.004520
0.002459 0.003522
0.002344 0.002386
0.002309 0.002611
0.002243 0.002325
0.002241 0.002528
0.002166 0.002222
0.002021 0.002096
0.001986 0.002049
0.001822 0.001886
0.001810 0.001813
0.001704 0.001978
