0.133017 0.158028
0.122865 0.163506
0.107806 0.110731
0.104916 0.121687
0.087461 0.088088
0.085562 0.107431
0.083761 0.096339
0.078978 0.102179
0.077884 0.083021
0.076740 0.082534
0.074853 0.089276
0.070706 0.079848
0.070499 0.071086
0.067822 0.073806
0.067306 0.077053
0.065565 0.069985
0.065342 0.082256
0.062487 0.080559
0.062359 0.082878
0.057165 0.057202
0.056466 0.063820
0.055874 0.061194
0.055391 0.063082
0.055282 0.058989
0.054867 0.055893
0.054813 0.114813
0.054061 0.062123
0.051424 0.056678
0.050210 0.054121
0.049880 0.062731
0.049295 0.079645
0.048979 0.049054
0.048378 0.053840
0.048120 0.048296
0.047915 0.055757
0.046135 0.051250
0.045757 0.049330
0.045544 0.046058
0.045434 0.049844
0.045378 0.054490
0.045136 0.047350
0.044598 0.044771
0.044583 0.063640
0.043972 0.060572
0.043939 0.061876
0.043892 0.049901
0.043688 0.044118
0.043253 0.043681
0.042626 0.045597
0.042052 0.061160
0.042038 0.042428
0.041627 0.042229
0.041617 0.044379
0.040876 0.042328
0.040620 0.041909
0.040288 0.042207
0.039819 0.058536
0.039680 0.055196
0.039328 0.042960
0.038621 0.039514
0.038604 0.061115
0.038492 0.038645
0.037586 0.039180
0.036982 0.036994
0.036884 0.039318
0.036880 0.062980
0.036727 0.055429
0.036297 0.037104
0.036115 0.036480
0.035824 0.044147
0.035694 0.046446
0.035538 0.046319
0.035350 0.037945
0.035093 0.048170
0.035081 0.040854
0.035053 0.047384
0.034748 0.038678
0.034374 0.039972
0.034357 0.034975
0.034308 0.036568
0.034306 0.036987
0.033867 0.040343
0.033693 0.035621
0.033536 0.035464
0.033503 0.038652
0.033489 0.037858
0.033390 0.036345
0.033309 0.045961
0.033279 0.034252
0.033035 0.037469
0.032656 0.038158
0.032638 0.045105
0.032332 0.045948
0.032169 0.035453
0.032168 0.044719
0.031848 0.038840
0.031564 0.039702
0.031523 0.047908
0.031426 0.033359
0.031268 0.033887
0.031226 0.059860
0.031130 0.033185
0.031066 0.077779
0.031059 0.032749
0.030943 0.033339
0.030939 0.049601
0.030502 0.082240
0.030322 0.031020
0.030245 0.030940
0.030228 0.032079
0.030076 0.030492
0.029898 0.031949
0.029819 0.037025
0.029750 0.033482
0.029691 0.036683
0.029671 0.043111
0.029550 0.039086
0.029466 0.036301
0.029417 0.050279
0.029417 0.041244
0.029284 0.031188
0.029172 0.030580
0.029123 0.031423
0.029095 0.035803
0.028871 0.033896
0.028802 0.032828
0.028799 0.045614
0.028751 0.029438
0.028686 0.028762
0.028649 0.037464
0.028615 0.040519
0.028256 0.038455
0.028180 0.031346
0.028098 0.038365
0.028086 0.031223
0.027992 0.037688
0.027870 0.033568
0.027797 0.037862
0.027795 0.043320
0.027777 0.030405
0.027578 0.028604
0.027498 0.037648
0.027425 0.031771
0.027106 0.028853
0.027101 0.033804
0.027092 0.027617
0.027053 0.027311
0.026669 0.027899
0.026666 0.033035
0.026572 0.027758
0.026491 0.043414
0.026461 0.027812
0.026362 0.040938
0.026222 0.026531
0.026204 0.027638
0.026059 0.028151
0.026054 0.037558
0.026020 0.029418
0.025779 0.028498
0.025747 0.027225
0.025610 0.049959
0.025412 0.054365
0.025218 0.026014
0.025177 0.026677
0.025102 0.034033
0.024986 0.027561
0.024979 0.033339
0.024961 0.024968
0.024925 0.025517
0.024920 0.026839
0.024915 0.026395
0.024883 0.036978
0.024879 0.026923
0.024862 0.064127
0.024799 0.031087
0.024745 0.029743
0.024690 0.025929
0.024687 0.032032
0.024628 0.026656
0.024594 0.034213
0.024511 0.025099
0.024487 0.036485
0.024352 0.024494
0.024286 0.026665
0.024188 0.025250
0.024146 0.032580
0.024075 0.026821
0.024025 0.026024
0.023960 0.037573
0.023899 0.027450
0.023850 0.025583
0.023838 0.028029
0.023794 0.027521
0.023670 0.031411
0.023570 0.046448
0.023469 0.023923
0.023412 0.023880
0.023396 0.024008
0.023334 0.027813
0.023324 0.033597
0.023153 0.026415
0.023148 0.030030
0.022999 0.031038
0.022975 0.023471
0.022820 0.023322
0.022731 0.024604
0.022695 0.033676
0.022532 0.027911
0.022479 0.027422
0.022457 0.030664
0.022422 0.024990
0.022414 0.029872
0.022383 0.024169
0.022322 0.027576
0.022272 0.026350
0.022222 0.029122
0.022207 0.024293
0.022200 0.022332
0.022191 0.024585
0.022191 0.039291
0.022162 0.026123
0.022156 0.022365
0.022114 0.030129
0.022081 0.022840
0.022071 0.024811
0.021982 0.022615
0.021975 0.022223
0.021941 0.022508
0.021934 0.037084
0.021901 0.035837
0.021893 0.041935
0.021844 0.027031
0.021794 0.035975
0.021783 0.026202
0.021604 0.025281
0.021533 0.032816
0.021470 0.022076
0.021469 0.023522
0.021388 0.024575
0.021354 0.022321
0.021338 0.023131
0.021328 0.025277
0.021324 0.033641
0.021259 0.039258
0.021255 0.026651
0.021194 0.025614
0.021183 0.039547
0.021154 0.028760
0.021152 0.023454
0.021127 0.029254
0.021113 0.022881
0.021087 0.022624
0.021080 0.023350
0.021070 0.034886
0.020824 0.027693
0.020761 0.022326
0.020760 0.028839
0.020656 0.035990
0.020571 0.022765
0.020568 0.024802
0.020524 0.023910
0.020472 0.025276
0.020413 0.022335
0.020410 0.025741
0.020318 0.020742
0.020315 0.025992
0.020270 0.040051
0.020255 0.033252
0.020234 0.028094
0.020175 0.025075
0.020121 0.052724
0.020114 0.021349
0.020085 0.022765
0.020076 0.032934
0.020074 0.020118
0.020024 0.020407
0.020020 0.033034
0.019992 0.020211
0.019956 0.025342
0.019948 0.021228
0.019933 0.021601
0.019921 0.020975
0.019815 0.019962
0.019797 0.025143
0.019716 0.019783
0.019596 0.019841
0.019567 0.024716
0.019566 0.020832
0.019548 0.020215
0.019518 0.031572
0.019452 0.019551
0.019443 0.025954
0.019396 0.026509
0.019396 0.023490
0.019370 0.034365
0.019317 0.020968
0.019312 0.039327
0.019295 0.029340
0.019254 0.027800
0.019223 0.020528
0.019165 0.025203
0.019154 0.025746
0.019118 0.020164
0.019068 0.019482
0.019055 0.025471
0.019053 0.039515
0.018933 0.023118
0.018920 0.023008
0.018844 0.025523
0.018824 0.019050
0.018814 0.022909
0.018783 0.024997
0.018755 0.026252
0.018709 0.028799
0.018625 0.023018
0.018578 0.021218
0.018553 0.021308
0.018540 0.020501
0.018477 0.020595
0.018444 0.019445
0.018386 0.025972
0.018382 0.019512
0.018376 0.024306
0.018337 0.018913
0.018334 0.029175
0.018319 0.027159
0.018287 0.025183
0.018166 0.024743
0.018162 0.024123
0.018107 0.018387
0.018061 0.019968
0.018056 0.027852
0.018045 0.018066
0.017928 0.019968
0.017923 0.019940
0.017894 0.022358
0.017890 0.027506
0.017865 0.018038
0.017845 0.021401
0.017819 0.029785
0.017797 0.023694
0.017790 0.025154
0.017780 0.020903
0.017776 0.019473
0.017762 0.018339
0.017761 0.041667
0.017737 0.021575
0.017641 0.018752
0.017619 0.024672
0.017535 0.017636
0.017523 0.018999
0.017499 0.027587
0.017491 0.024358
0.017372 0.021653
0.017371 0.019337
0.017363 0.017872
0.017322 0.027634
0.017275 0.017548
0.017272 0.020549
0.017242 0.026134
0.017237 0.025501
0.017207 0.021257
0.017191 0.021619
0.017131 0.026400
0.017030 0.024796
0.016988 0.018003
0.016861 0.022623
0.016819 0.017120
0.016813 0.019652
0.016811 0.018306
0.016795 0.020712
0.016771 0.017394
0.016763 0.033538
0.016718 0.024980
0.016711 0.016783
0.016698 0.021565
0.016685 0.017577
0.016681 0.023245
0.016664 0.017183
0.016660 0.017236
0.016657 0.023135
0.016643 0.019137
0.016636 0.029413
0.016624 0.018077
0.016601 0.025855
0.016542 0.017037
0.016492 0.017622
0.016487 0.020440
0.016451 0.016774
0.016409 0.020057
0.016407 0.016902
0.016345 0.016965
0.016319 0.017151
0.016222 0.029269
0.016215 0.017359
0.016190 0.017444
0.016113 0.021889
0.016107 0.028223
0.016097 0.019441
0.016091 0.026757
0.016076 0.020105
0.016073 0.020795
0.016062 0.022252
0.016059 0.017280
0.016032 0.018519
0.016027 0.017785
0.015985 0.027054
0.015976 0.022347
0.015976 0.020310
0.015940 0.019087
0.015937 0.018278
0.015911 0.033192
0.015907 0.017232
0.015899 0.016319
0.015899 0.016148
0.015890 0.017229
0.015886 0.024839
0.015853 0.028620
0.015823 0.020731
0.015822 0.015881
0.015809 0.027282
0.015801 0.024760
0.015739 0.018805
0.015719 0.015974
0.015710 0.019914
0.015707 0.020435
0.015706 0.020058
0.015702 0.016034
0.015695 0.017905
0.015667 0.020574
0.015647 0.016194
0.015630 0.015885
0.015557 0.025113
0.015529 0.017273
0.015513 0.025493
0.015506 0.016464
0.015500 0.030190
0.015471 0.016966
0.015461 0.021039
0.015451 0.025439
0.015400 0.018213
0.015389 0.021247
0.015362 0.015996
0.015359 0.015405
0.015352 0.019891
0.015306 0.030108
0.015304 0.015316
0.015303 0.019699
0.015293 0.020022
0.015292 0.026327
0.015283 0.016121
0.015241 0.018055
0.015239 0.015691
0.015233 0.025785
0.015202 0.022296
0.015201 0.016191
0.015197 0.015838
0.015187 0.017922
0.015155 0.015491
0.015147 0.016086
0.015097 0.019243
0.015056 0.015645
0.015051 0.016119
0.014976 0.016667
0.014971 0.032311
0.014912 0.015689
0.014841 0.015157
0.014825 0.016189
0.014703 0.016348
0.014668 0.015989
0.014641 0.016537
0.014625 0.015408
0.014606 0.015214
0.014603 0.017450
0.014603 0.021939
0.014583 0.028314
0.014568 0.017101
0.014563 0.014728
0.014551 0.014815
0.014538 0.020051
0.014535 0.014698
0.014519 0.017399
0.014512 0.017319
0.014504 0.016338
0.014488 0.018036
0.014439 0.021947
0.014413 0.015705
0.014397 0.020154
0.014374 0.021609
0.014346 0.018297
0.014343 0.014984
0.014331 0.015694
0.014330 0.016980
0.014302 0.018649
0.014302 0.014879
0.014269 0.017367
0.014230 0.014770
0.014207 0.014919
0.014153 0.016499
0.014128 0.021831
0.014125 0.016285
0.014124 0.014649
0.014111 0.016212
0.014101 0.014104
0.014075 0.014568
0.014063 0.014529
0.014063 0.021797
0.014063 0.014985
0.014059 0.024831
0.014035 0.016097
0.014031 0.016615
0.014029 0.014841
0.014026 0.019192
0.014023 0.018574
0.014021 0.019423
0.014016 0.023074
0.013999 0.014337
0.013995 0.019224
0.013978 0.016085
0.013973 0.014848
0.013960 0.020268
0.013924 0.014725
0.013868 0.014848
0.013829 0.016478
0.013825 0.013866
0.013824 0.015028
0.013812 0.017701
0.013808 0.019488
0.013800 0.014332
0.013763 0.014815
0.013725 0.024446
0.013722 0.017510
0.013699 0.014151
0.013679 0.016247
0.013678 0.014689
0.013675 0.014569
0.013650 0.014163
0.013628 0.016283
0.013616 0.013985
0.013599 0.013901
0.013599 0.014997
0.013570 0.021825
0.013558 0.014820
0.013547 0.013839
0.013532 0.015048
0.013513 0.014262
0.013507 0.020211
0.013489 0.014477
0.013476 0.016972
0.013454 0.013953
0.013438 0.020023
0.013430 0.018568
0.013415 0.026087
0.013411 0.014545
0.013397 0.019280
0.013363 0.014593
0.013346 0.017759
0.013345 0.013353
0.013344 0.015741
0.013342 0.014023
0.013331 0.016267
0.013318 0.017714
0.013292 0.017468
0.013280 0.014389
0.013266 0.015710
0.013245 0.019448
0.013238 0.015753
0.013193 0.013583
0.013166 0.013585
0.013166 0.013658
0.013143 0.014689
0.013133 0.015513
0.013122 0.015360
0.013086 0.014360
0.013080 0.014262
0.013058 0.031940
0.013057 0.013667
0.013045 0.013177
0.013037 0.015552
0.013007 0.014213
0.012999 0.013492
0.012993 0.014358
0.012984 0.016288
0.012973 0.017877
0.012969 0.014471
0.012968 0.013589
0.012939 0.014938
0.012919 0.013967
0.012897 0.014514
0.012895 0.020971
0.012895 0.013348
0.012887 0.017828
0.012852 0.013357
0.012845 0.013670
0.012829 0.013894
0.012822 0.019569
0.012815 0.014608
0.012813 0.013326
0.012796 0.018837
0.012768 0.013345
0.012738 0.014476
0.012715 0.020241
0.012704 0.016188
0.012695 0.017776
0.012690 0.015612
0.012688 0.013851
0.012668 0.014246
0.012631 0.020653
0.012630 0.013627
0.012625 0.017725
0.012624 0.013571
0.012598 0.013553
0.012567 0.014717
0.012563 0.014528
0.012555 0.013201
0.012544 0.013138
0.012543 0.023448
0.012526 0.015155
0.012510 0.015656
0.012509 0.015801
0.012507 0.014986
0.012490 0.013646
0.012490 0.015460
0.012489 0.020699
0.012484 0.012638
0.012481 0.015356
0.012476 0.015190
0.012456 0.017168
0.012418 0.017110
0.012416 0.014027
0.012416 0.014490
0.012403 0.021821
0.012397 0.013670
0.012389 0.015288
0.012388 0.013782
0.012386 0.013563
0.012386 0.012838
0.012382 0.023013
0.012353 0.017949
0.012349 0.016530
0.012341 0.012638
0.012339 0.012766
0.012337 0.016158
0.012332 0.014414
0.012317 0.020809
0.012298 0.013733
0.012278 0.012357
0.012271 0.016163
0.012261 0.018099
0.012259 0.014988
0.012257 0.019543
0.012257 0.012948
0.012242 0.014528
0.012236 0.013187
0.012225 0.015020
0.012216 0.016932
0.012182 0.012792
0.012154 0.012853
0.012139 0.013342
0.012125 0.017367
0.012116 0.012554
0.012114 0.013620
0.012111 0.012460
0.012106 0.015589
0.012104 0.012606
0.012097 0.013959
0.012085 0.014910
0.012082 0.013165
0.012054 0.016622
0.012048 0.016276
0.012039 0.012808
0.012024 0.012978
0.012005 0.014958
0.011986 0.012088
0.011982 0.012702
0.011971 0.012931
0.011958 0.017432
0.011956 0.013854
0.011903 0.014083
0.011898 0.013519
0.011880 0.021701
0.011812 0.016677
0.011796 0.013451
0.011795 0.012484
0.011777 0.021306
0.011766 0.011950
0.011731 0.014240
0.011709 0.016091
0.011700 0.012343
0.011700 0.013025
0.011696 0.015695
0.011692 0.012768
0.011675 0.011698
0.011640 0.016439
0.011632 0.014764
0.011628 0.014262
0.011627 0.011914
0.011585 0.011767
0.011584 0.011629
0.011581 0.018120
0.011573 0.019462
0.011565 0.011742
0.011559 0.019178
0.011548 0.014682
0.011539 0.013774
0.011537 0.016017
0.011531 0.013214
0.011531 0.013199
0.011509 0.012309
0.011493 0.017838
0.011485 0.016386
0.011480 0.012571
0.011470 0.013581
0.011461 0.011988
0.011441 0.020033
0.011417 0.020362
0.011379 0.011446
0.011367 0.015324
0.011365 0.012235
0.011357 0.011583
0.011352 0.020447
0.011351 0.017685
0.011349 0.016174
0.011339 0.014357
0.011332 0.011855
0.011304 0.012255
0.011301 0.015109
0.011284 0.011950
0.011282 0.011475
0.011273 0.018991
0.011271 0.012468
0.011236 0.011642
0.011223 0.012329
0.011221 0.018330
0.011205 0.011977
0.011155 0.014578
0.011150 0.011297
0.011147 0.011402
0.011144 0.011858
0.011139 0.019873
0.011137 0.011330
0.011096 0.016086
0.011095 0.013603
0.011091 0.011367
0.011064 0.015201
0.011060 0.022327
0.011056 0.012377
0.011050 0.011088
0.011012 0.011252
0.011010 0.013482
0.010983 0.015855
0.010978 0.012228
0.010977 0.011397
0.010966 0.012367
0.010964 0.012558
0.010963 0.012153
0.010962 0.011772
0.010960 0.011890
0.010944 0.015825
0.010943 0.012001
0.010932 0.011649
0.010930 0.013004
0.010919 0.012666
0.010906 0.019049
0.010899 0.013135
0.010895 0.014822
0.010893 0.012778
0.010892 0.012896
0.010885 0.020799
0.010884 0.013821
0.010881 0.018195
0.010873 0.011941
0.010872 0.012981
0.010870 0.013907
0.010864 0.016028
0.010819 0.013546
0.010818 0.014082
0.010798 0.015153
0.010779 0.010861
0.010772 0.013367
0.010752 0.011098
0.010733 0.014347
0.010712 0.014833
0.010705 0.011726
0.010695 0.013497
0.010693 0.011037
0.010691 0.011766
0.010684 0.011593
0.010680 0.010868
0.010678 0.013133
0.010675 0.012707
0.010675 0.019203
0.010675 0.023849
0.010671 0.013705
0.010667 0.012391
0.010637 0.013198
0.010605 0.011206
0.010597 0.017622
0.010593 0.012335
0.010589 0.012465
0.010589 0.011327
0.010584 0.017368
0.010570 0.015063
0.010565 0.012675
0.010564 0.011444
0.010563 0.012900
0.010555 0.012209
0.010549 0.011336
0.010538 0.015144
0.010530 0.010914
0.010527 0.011480
0.010524 0.010638
0.010510 0.010695
0.010500 0.012919
0.010492 0.018013
0.010490 0.010890
0.010488 0.011259
0.010466 0.013309
0.010446 0.012812
0.010443 0.011491
0.010439 0.010592
0.010411 0.015201
0.010404 0.011702
0.010398 0.021489
0.010380 0.011261
0.010378 0.012308
0.010362 0.010591
0.010354 0.013854
0.010348 0.010364
0.010347 0.010676
0.010335 0.014389
0.010328 0.014756
0.010327 0.012715
0.010310 0.010883
0.010308 0.011303
0.010306 0.014105
0.010272 0.010904
0.010256 0.010490
0.010255 0.012242
0.010254 0.010332
0.010251 0.012296
0.010240 0.011857
0.010224 0.010615
0.010217 0.011686
0.010216 0.012597
0.010215 0.011862
0.010207 0.010454
0.010172 0.010629
0.010132 0.013748
0.010130 0.010417
0.010119 0.010740
0.010112 0.010457
0.010111 0.016404
0.010100 0.014130
0.010098 0.011770
0.010070 0.013947
0.010051 0.017720
0.010038 0.010256
0.010016 0.010139
0.009973 0.016597
0.009960 0.026327
0.009958 0.010510
0.009951 0.012933
0.009920 0.015665
0.009918 0.011326
0.009911 0.018043
0.009895 0.010528
0.009887 0.012128
0.009864 0.011397
0.009848 0.011840
0.009845 0.009941
0.009820 0.010222
0.009817 0.012752
0.009805 0.017538
0.009803 0.010035
0.009799 0.015085
0.009785 0.017089
0.009764 0.010256
0.009763 0.014502
0.009741 0.011594
0.009728 0.012189
0.009727 0.010032
0.009721 0.011232
0.009717 0.011151
0.009712 0.010363
0.009706 0.010130
0.009696 0.013425
0.009687 0.010924
0.009678 0.011354
0.009674 0.015301
0.009672 0.010571
0.009658 0.009785
0.009655 0.015295
0.009651 0.011765
0.009633 0.012424
0.009628 0.013014
0.009626 0.010419
0.009597 0.011390
0.009593 0.010561
0.009590 0.015441
0.009582 0.009588
0.009569 0.009930
0.009561 0.012157
0.009561 0.018474
0.009559 0.011130
0.009547 0.009706
0.009534 0.009725
0.009531 0.013374
0.009528 0.013109
0.009525 0.011468
0.009515 0.009545
0.009514 0.012005
0.009498 0.009649
0.009496 0.012178
0.009495 0.014984
0.009493 0.010495
0.009484 0.014235
0.009475 0.011950
0.009459 0.009601
0.009449 0.010609
0.009442 0.010490
0.009441 0.009709
0.009417 0.014727
0.009416 0.010947
0.009379 0.009918
0.009357 0.009461
0.009349 0.015636
0.009346 0.016178
0.009345 0.010437
0.009342 0.010720
0.009326 0.013565
0.009323 0.012767
0.009316 0.011405
0.009306 0.012551
0.009289 0.009743
0.009285 0.009731
0.009276 0.010053
0.009265 0.010394
0.009261 0.010453
0.009259 0.015386
0.009259 0.010133
0.009257 0.010939
0.009255 0.009754
0.009249 0.009286
0.009247 0.012472
0.009232 0.010938
0.009230 0.013418
0.009227 0.010255
0.009224 0.009541
0.009224 0.012774
0.009223 0.010043
0.009215 0.009405
0.009210 0.010356
0.009204 0.010788
0.009201 0.010004
0.009200 0.009249
0.009192 0.013281
0.009188 0.010089
0.009186 0.009563
0.009174 0.010660
0.009170 0.012711
0.009162 0.014137
0.009158 0.011110
0.009155 0.010379
0.009147 0.011769
0.009135 0.014201
0.009128 0.010577
0.009124 0.009231
0.009110 0.010133
0.009080 0.009441
0.009079 0.009826
0.009075 0.009965
0.009069 0.009240
0.009037 0.009464
0.009034 0.009676
0.009022 0.009075
0.009020 0.012807
0.009000 0.009552
0.008985 0.010065
0.008984 0.012948
0.008983 0.016328
0.008971 0.012873
0.008964 0.009744
0.008958 0.009064
0.008958 0.013026
0.008958 0.009033
0.008954 0.011197
0.008941 0.010293
0.008934 0.011490
0.008928 0.010193
0.008920 0.010915
0.008899 0.009118
0.008896 0.009773
0.008881 0.009790
0.008880 0.015120
0.008874 0.018432
0.008869 0.011423
0.008861 0.019923
0.008858 0.013901
0.008856 0.009261
0.008847 0.009189
0.008845 0.010300
0.008844 0.010721
0.008843 0.008860
0.008827 0.009317
0.008823 0.011171
0.008812 0.009828
0.008804 0.010389
0.008795 0.012512
0.008782 0.011690
0.008780 0.010154
0.008766 0.010265
0.008754 0.015103
0.008753 0.008793
0.008736 0.010895
0.008722 0.008818
0.008701 0.008753
0.008692 0.010662
0.008692 0.011983
0.008687 0.009008
0.008682 0.010804
0.008679 0.010524
0.008678 0.012527
0.008669 0.009129
0.008659 0.012421
0.008659 0.013362
0.008656 0.009495
0.008654 0.016625
0.008649 0.012887
0.008648 0.008695
0.008647 0.020014
0.008645 0.010960
0.008640 0.014727
0.008635 0.010584
0.008634 0.009396
0.008618 0.011826
0.008610 0.014685
0.008606 0.009995
0.008601 0.012660
0.008596 0.009417
0.008593 0.011631
0.008585 0.008823
0.008584 0.010066
0.008580 0.008665
0.008576 0.008904
0.008576 0.011994
0.008570 0.008976
0.008562 0.010039
0.008557 0.009295
0.008556 0.010348
0.008555 0.009667
0.008551 0.008753
0.008546 0.010011
0.008542 0.014028
0.008540 0.011611
0.008540 0.009220
0.008539 0.010152
0.008531 0.011009
0.008516 0.014626
0.008514 0.009883
0.008508 0.012125
0.008504 0.010836
0.008484 0.009408
0.008477 0.009757
0.008471 0.017559
0.008464 0.008487
0.008456 0.009345
0.008454 0.011328
0.008449 0.008935
0.008437 0.012522
0.008427 0.009046
0.008423 0.009872
0.008416 0.008759
0.008414 0.011123
0.008405 0.010773
0.008404 0.010443
0.008395 0.011174
0.008393 0.008957
0.008389 0.014973
0.008389 0.015905
0.008370 0.009326
0.008350 0.010694
0.008349 0.010159
0.008347 0.013774
0.008341 0.009726
0.008337 0.009150
0.008333 0.012336
0.008331 0.010387
0.008327 0.013127
0.008322 0.008572
0.008321 0.008439
0.008319 0.009742
0.008319 0.009731
0.008308 0.015718
0.008305 0.011959
0.008298 0.009885
0.008264 0.011357
0.008262 0.009383
0.008247 0.010612
0.008247 0.009640
0.008243 0.012656
0.008232 0.008476
0.008218 0.008555
0.008215 0.008909
0.008214 0.010260
0.008212 0.008967
0.008195 0.010226
0.008194 0.008867
0.008187 0.008325
0.008174 0.008992
0.008168 0.013136
0.008162 0.010540
0.008134 0.011579
0.008131 0.008387
0.008129 0.011061
0.008118 0.009484
0.008117 0.009614
0.008116 0.008484
0.008109 0.011780
0.008106 0.010378
0.008103 0.008640
0.008102 0.009273
0.008092 0.014948
0.008085 0.011371
0.008067 0.008254
0.008067 0.008509
0.008063 0.009790
0.008038 0.009365
0.008029 0.015223
0.008026 0.012074
0.008011 0.012748
0.007996 0.008195
0.007995 0.008493
0.007991 0.012508
0.007986 0.011285
0.007981 0.015327
0.007977 0.009379
0.007974 0.009713
0.007968 0.008883
0.007964 0.008296
0.007951 0.009978
0.007945 0.008591
0.007945 0.012835
0.007944 0.012779
0.007941 0.010719
0.007925 0.009184
0.007924 0.012296
0.007921 0.009606
0.007919 0.008081
0.007916 0.009439
0.007915 0.009732
0.007915 0.008306
0.007912 0.009062
0.007909 0.009335
0.007899 0.012702
0.007897 0.011176
0.007879 0.009258
0.007875 0.009426
0.007872 0.008222
0.007868 0.008009
0.007864 0.009571
0.007861 0.015088
0.007856 0.008621
0.007841 0.009928
0.007830 0.008357
0.007823 0.009613
0.007820 0.012317
0.007819 0.008522
0.007817 0.010448
0.007804 0.010533
0.007803 0.010734
0.007796 0.009324
0.007791 0.013534
0.007782 0.010182
0.007776 0.008436
0.007774 0.012086
0.007773 0.009874
0.007770 0.008602
0.007768 0.007892
0.007766 0.008672
0.007759 0.008492
0.007750 0.007910
0.007748 0.009494
0.007740 0.015697
0.007730 0.010081
0.007726 0.013817
0.007723 0.009269
0.007721 0.010488
0.007717 0.007960
0.007717 0.015069
0.007714 0.007883
0.007712 0.010601
0.007699 0.008817
0.007697 0.007861
0.007696 0.007797
0.007691 0.007811
0.007683 0.011331
0.007673 0.010164
0.007672 0.007948
0.007670 0.013951
0.007665 0.008825
0.007664 0.008859
0.007661 0.008024
0.007655 0.008345
0.007654 0.012779
0.007651 0.008019
0.007648 0.007946
0.007640 0.008093
0.007639 0.008558
0.007627 0.008574
0.007620 0.009595
0.007613 0.009673
0.007607 0.009648
0.007602 0.009106
0.007598 0.013830
0.007597 0.008070
0.007593 0.008130
0.007588 0.015116
0.007586 0.010750
0.007585 0.008010
0.007584 0.009296
0.007583 0.010010
0.007581 0.007593
0.007579 0.012022
0.007572 0.008959
0.007566 0.010536
0.007564 0.012680
0.007561 0.008358
0.007561 0.008588
0.007555 0.007884
0.007553 0.008159
0.007552 0.013570
0.007549 0.013938
0.007547 0.007924
0.007545 0.007950
0.007532 0.009649
0.007530 0.014462
0.007527 0.007956
0.007521 0.007772
0.007519 0.010653
0.007512 0.009527
0.007509 0.007630
0.007507 0.008269
0.007507 0.014909
0.007502 0.010380
0.007498 0.007622
0.007495 0.007951
0.007494 0.008054
0.007494 0.008821
0.007493 0.008281
0.007490 0.007887
0.007487 0.008303
0.007475 0.008121
0.007460 0.007774
0.007430 0.008202
0.007422 0.008592
0.007420 0.009636
0.007414 0.008053
0.007406 0.008519
0.007406 0.008694
0.007405 0.008505
0.007401 0.007416
0.007395 0.007748
0.007389 0.007769
0.007389 0.014539
0.007381 0.007554
0.007369 0.007770
0.007357 0.008279
0.007348 0.008745
0.007347 0.007768
0.007342 0.010768
0.007340 0.008075
0.007335 0.010235
0.007330 0.009861
0.007329 0.011088
0.007328 0.011206
0.007328 0.009981
0.007327 0.009818
0.007323 0.008028
0.007318 0.008760
0.007316 0.008025
0.007312 0.012481
0.007304 0.007434
0.007299 0.010325
0.007298 0.007435
0.007295 0.013276
0.007288 0.007727
0.007283 0.008685
0.007281 0.011120
0.007275 0.010235
0.007274 0.007924
0.007273 0.007633
0.007266 0.008763
0.007261 0.008362
0.007261 0.009363
0.007261 0.008067
0.007250 0.009973
0.007250 0.007518
0.007248 0.007276
0.007247 0.008527
0.007223 0.008603
0.007223 0.012153
0.007221 0.011458
0.007219 0.010741
0.007215 0.008560
0.007214 0.009425
0.007214 0.008420
0.007213 0.007677
0.007206 0.011695
0.007202 0.007488
0.007200 0.007422
0.007194 0.008994
0.007191 0.008194
0.007181 0.007262
0.007179 0.008896
0.007172 0.008138
0.007166 0.011601
0.007157 0.008507
0.007152 0.007837
0.007148 0.007274
0.007147 0.007484
0.007145 0.013964
0.007144 0.009247
0.007142 0.009221
0.007141 0.011048
0.007139 0.007328
0.007139 0.009258
0.007128 0.011024
0.007127 0.007372
0.007125 0.009458
0.007124 0.010827
0.007121 0.007762
0.007117 0.007120
0.007113 0.011066
0.007112 0.014009
0.007100 0.007137
0.007098 0.007680
0.007093 0.014003
0.007090 0.007423
0.007088 0.007376
0.007083 0.008658
0.007083 0.007421
0.007068 0.010771
0.007058 0.007199
0.007056 0.007692
0.007053 0.007135
0.007053 0.007541
0.007044 0.007563
0.007042 0.008648
0.007032 0.008153
0.007028 0.007050
0.007009 0.008931
0.007008 0.008415
0.007001 0.011078
0.006997 0.010523
0.006995 0.011748
0.006994 0.012466
0.006990 0.008338
0.006987 0.007289
0.006986 0.007470
0.006981 0.007195
0.006980 0.010174
0.006979 0.013059
0.006978 0.008274
0.006977 0.007555
0.006967 0.007294
0.006966 0.007532
0.006963 0.007172
0.006963 0.007320
0.006962 0.007435
0.006951 0.011157
0.006949 0.009070
0.006947 0.007875
0.006947 0.008192
0.006944 0.007117
0.006939 0.007406
0.006936 0.008578
0.006934 0.019347
0.006921 0.009235
0.006917 0.007614
0.006911 0.009451
0.006909 0.007490
0.006906 0.008456
0.006902 0.015907
0.006901 0.007213
0.006898 0.007000
0.006893 0.007375
0.006893 0.008688
0.006892 0.010254
0.006892 0.007213
0.006891 0.010402
0.006884 0.007946
0.006879 0.011564
0.006878 0.011671
0.006875 0.007306
0.006872 0.009922
0.006872 0.007028
0.006866 0.007063
0.006865 0.010228
0.006857 0.007359
0.006852 0.007030
0.006852 0.009861
0.006837 0.008779
0.006834 0.007101
0.006832 0.013101
0.006827 0.009770
0.006827 0.007478
0.006824 0.009652
0.006820 0.007523
0.006817 0.009050
0.006815 0.007117
0.006814 0.009528
0.006810 0.011006
0.006807 0.007427
0.006806 0.008632
0.006799 0.007355
0.006794 0.007824
0.006786 0.007178
0.006780 0.007069
0.006778 0.011595
0.006777 0.009228
0.006777 0.008048
0.006741 0.006907
0.006739 0.007589
0.006738 0.007285
0.006731 0.007040
0.006726 0.008118
0.006726 0.014011
0.006724 0.008477
0.006716 0.007150
0.006710 0.011170
0.006705 0.007438
0.006703 0.006798
0.006702 0.008864
0.006700 0.011443
0.006699 0.006829
0.006686 0.010209
0.006686 0.007539
0.006685 0.008116
0.006677 0.008223
0.006670 0.007054
0.006660 0.011242
0.006658 0.010439
0.006656 0.007374
0.006652 0.012549
0.006645 0.009870
0.006640 0.012233
0.006638 0.013461
0.006632 0.008857
0.006628 0.006702
0.006626 0.010870
0.006615 0.007146
0.006614 0.009481
0.006609 0.008356
0.006598 0.006778
0.006597 0.007867
0.006595 0.006672
0.006592 0.008272
0.006591 0.007905
0.006591 0.007655
0.006589 0.007647
0.006588 0.009478
0.006588 0.006593
0.006585 0.006670
0.006577 0.008553
0.006576 0.006624
0.006575 0.007107
0.006572 0.006910
0.006571 0.007185
0.006569 0.008053
0.006569 0.008395
0.006568 0.006889
0.006566 0.006770
0.006553 0.012212
0.006549 0.009232
0.006539 0.007044
0.006538 0.008326
0.006534 0.007243
0.006533 0.007235
0.006530 0.011234
0.006530 0.010881
0.006525 0.007459
0.006524 0.007624
0.006518 0.006546
0.006515 0.006760
0.006511 0.007321
0.006506 0.009567
0.006505 0.007896
0.006501 0.006785
0.006497 0.006915
0.006496 0.008158
0.006495 0.008677
0.006474 0.007396
0.006474 0.008975
0.006468 0.010055
0.006467 0.006913
0.006465 0.008290
0.006464 0.009415
0.006464 0.006484
0.006462 0.006688
0.006456 0.007858
0.006454 0.008843
0.006454 0.007604
0.006454 0.006662
0.006453 0.006631
0.006448 0.007110
0.006447 0.006744
0.006446 0.007009
0.006442 0.006628
0.006440 0.008935
0.006425 0.006435
0.006423 0.006453
0.006423 0.008749
0.006415 0.008784
0.006414 0.007344
0.006410 0.006679
0.006408 0.013860
0.006406 0.009492
0.006403 0.007574
0.006400 0.006521
0.006391 0.008178
0.006374 0.008271
0.006372 0.008961
0.006370 0.007340
0.006368 0.008875
0.006366 0.007323
0.006363 0.006628
0.006360 0.007421
0.006360 0.007367
0.006360 0.015161
0.006350 0.006990
0.006349 0.008275
0.006349 0.006428
0.006348 0.008920
0.006348 0.009002
0.006340 0.006409
0.006336 0.009461
0.006336 0.006955
0.006328 0.006404
0.006328 0.009421
0.006316 0.007113
0.006304 0.007053
0.006292 0.007163
0.006291 0.007677
0.006288 0.007762
0.006286 0.010709
0.006285 0.008835
0.006275 0.006955
0.006274 0.006858
0.006270 0.006949
0.006261 0.007500
0.006256 0.006649
0.006254 0.006980
0.006253 0.006299
0.006251 0.006315
0.006250 0.011911
0.006246 0.009302
0.006238 0.006444
0.006238 0.009820
0.006236 0.009096
0.006232 0.007122
0.006224 0.013248
0.006223 0.007330
0.006220 0.006375
0.006214 0.008986
0.006209 0.006450
0.006200 0.007673
0.006191 0.006488
0.006189 0.006518
0.006182 0.006929
0.006182 0.012497
0.006179 0.006409
0.006169 0.007367
0.006158 0.006811
0.006156 0.006483
0.006153 0.006264
0.006150 0.007606
0.006147 0.006975
0.006147 0.007715
0.006146 0.007159
0.006138 0.006146
0.006138 0.006490
0.006135 0.007072
0.006135 0.007013
0.006134 0.008780
0.006134 0.006378
0.006130 0.008303
0.006125 0.006810
0.006124 0.007595
0.006122 0.006224
0.006118 0.006424
0.006112 0.006976
0.006110 0.008565
0.006108 0.009240
0.006103 0.006975
0.006098 0.011563
0.006096 0.007656
0.006093 0.007322
0.006088 0.007032
0.006086 0.006525
0.006084 0.010086
0.006084 0.007322
0.006067 0.006569
0.006067 0.006517
0.006066 0.008437
0.006058 0.006088
0.006057 0.007244
0.006050 0.013146
0.006034 0.006510
0.006033 0.006162
0.006029 0.008108
0.006027 0.008032
0.006024 0.006744
0.006022 0.007011
0.006019 0.006088
0.006007 0.007434
0.006003 0.007688
0.005996 0.006447
0.005993 0.007110
0.005992 0.012724
0.005990 0.008238
0.005989 0.006033
0.005985 0.011236
0.005981 0.006987
0.005974 0.006053
0.005972 0.006597
0.005967 0.006086
0.005960 0.006348
0.005960 0.007077
0.005953 0.007588
0.005953 0.008334
0.005952 0.007430
0.005952 0.006353
0.005951 0.008380
0.005950 0.007635
0.005941 0.006394
0.005940 0.006525
0.005937 0.009631
0.005935 0.008327
0.005928 0.006047
0.005926 0.007547
0.005907 0.005977
0.005906 0.006197
0.005904 0.008226
0.005904 0.009113
0.005901 0.006772
0.005897 0.007234
0.005896 0.006251
0.005893 0.007036
0.005891 0.007222
0.005886 0.007797
0.005884 0.006147
0.005883 0.007011
0.005881 0.013273
0.005873 0.008986
0.005871 0.006312
0.005860 0.007451
0.005859 0.006419
0.005858 0.005878
0.005856 0.007251
0.005855 0.005917
0.005843 0.006167
0.005838 0.006232
0.005836 0.008644
0.005827 0.010254
0.005826 0.006271
0.005826 0.006805
0.005824 0.005975
0.005819 0.007646
0.005812 0.007832
0.005807 0.005920
0.005805 0.006866
0.005804 0.005956
0.005804 0.006308
0.005797 0.006387
0.005791 0.006392
0.005791 0.007132
0.005787 0.009359
0.005786 0.006110
0.005782 0.006464
0.005778 0.006099
0.005766 0.007652
0.005765 0.007459
0.005764 0.006612
0.005758 0.007354
0.005752 0.006313
0.005748 0.010963
0.005741 0.006406
0.005739 0.006795
0.005736 0.005975
0.005734 0.006849
0.005734 0.005790
0.005734 0.006686
0.005733 0.010224
0.005727 0.006155
0.005727 0.009261
0.005724 0.006361
0.005722 0.007601
0.005720 0.005854
0.005712 0.005832
0.005704 0.007303
0.005701 0.008016
0.005701 0.007035
0.005696 0.006742
0.005696 0.005816
0.005686 0.007842
0.005680 0.005824
0.005680 0.006387
0.005677 0.005699
0.005676 0.006459
0.005675 0.005725
0.005674 0.008520
0.005673 0.006142
0.005673 0.006095
0.005666 0.005687
0.005660 0.005947
0.005660 0.006346
0.005654 0.013530
0.005642 0.006798
0.005642 0.006740
0.005639 0.005935
0.005638 0.006682
0.005630 0.008148
0.005630 0.007393
0.005625 0.011298
0.005624 0.006180
0.005622 0.009235
0.005622 0.007418
0.005613 0.011259
0.005612 0.006570
0.005611 0.011762
0.005610 0.005948
0.005610 0.006577
0.005608 0.005882
0.005605 0.007408
0.005603 0.005724
0.005601 0.005724
0.005601 0.005650
0.005599 0.006172
0.005596 0.006287
0.005596 0.007208
0.005596 0.006406
0.005593 0.005774
0.005591 0.008504
0.005590 0.006263
0.005588 0.006669
0.005587 0.005686
0.005574 0.005904
0.005574 0.008441
0.005568 0.005989
0.005568 0.006980
0.005565 0.006198
0.005564 0.005573
0.005564 0.007034
0.005560 0.005590
0.005559 0.005897
0.005554 0.006384
0.005554 0.005558
0.005544 0.006306
0.005544 0.006732
0.005540 0.007736
0.005533 0.007508
0.005532 0.005889
0.005528 0.005929
0.005527 0.008980
0.005525 0.006866
0.005524 0.007668
0.005523 0.005752
0.005520 0.005523
0.005520 0.005806
0.005520 0.005998
0.005519 0.005836
0.005518 0.005610
0.005514 0.006610
0.005513 0.006455
0.005513 0.006372
0.005508 0.006538
0.005508 0.007128
0.005504 0.007006
0.005503 0.007292
0.005501 0.005903
0.005501 0.012001
0.005499 0.007106
0.005497 0.006740
0.005496 0.005547
0.005495 0.008214
0.005493 0.010842
0.005493 0.006283
0.005490 0.007116
0.005488 0.008853
0.005481 0.009090
0.005481 0.007109
0.005479 0.005707
0.005478 0.005515
0.005477 0.006181
0.005477 0.006817
0.005471 0.007746
0.005470 0.005935
0.005467 0.008068
0.005463 0.006302
0.005461 0.007107
0.005459 0.006546
0.005457 0.005563
0.005455 0.006803
0.005454 0.005699
0.005447 0.008770
0.005443 0.007240
0.005435 0.006600
0.005432 0.006472
0.005424 0.005533
0.005423 0.006907
0.005419 0.005449
0.005417 0.005520
0.005413 0.005665
0.005410 0.005568
0.005405 0.007296
0.005402 0.005441
0.005401 0.005556
0.005392 0.005584
0.005391 0.006168
0.005387 0.009541
0.005383 0.010209
0.005382 0.005776
0.005381 0.005683
0.005372 0.006452
0.005372 0.006928
0.005366 0.006329
0.005364 0.005588
0.005363 0.005636
0.005360 0.006341
0.005354 0.005354
0.005353 0.008565
0.005352 0.005408
0.005352 0.009755
0.005347 0.008341
0.005340 0.006294
0.005339 0.007808
0.005339 0.006602
0.005337 0.005504
0.005336 0.005652
0.005336 0.006468
0.005329 0.005416
0.005329 0.005820
0.005326 0.007390
0.005322 0.006164
0.005321 0.005903
0.005320 0.005353
0.005319 0.012197
0.005309 0.007157
0.005309 0.005450
0.005307 0.005543
0.005306 0.006044
0.005305 0.005382
0.005303 0.008160
0.005301 0.006429
0.005299 0.005899
0.005296 0.005330
0.005286 0.007418
0.005286 0.006762
0.005284 0.008593
0.005283 0.009048
0.005279 0.007215
0.005279 0.005668
0.005278 0.008504
0.005274 0.006860
0.005274 0.005336
0.005273 0.008945
0.005271 0.005535
0.005270 0.006740
0.005270 0.005655
0.005258 0.010042
0.005258 0.005425
0.005257 0.007914
0.005253 0.006899
0.005249 0.006314
0.005245 0.010996
0.005244 0.006082
0.005239 0.006062
0.005236 0.006043
0.005235 0.012551
0.005232 0.005991
0.005222 0.006734
0.005221 0.009109
0.005219 0.005391
0.005218 0.006200
0.005216 0.009551
0.005216 0.006280
0.005213 0.009775
0.005211 0.006266
0.005209 0.006521
0.005205 0.006171
0.005193 0.008809
0.005185 0.005691
0.005183 0.005798
0.005178 0.006899
0.005175 0.007248
0.005170 0.006775
0.005168 0.005454
0.005160 0.011925
0.005159 0.006412
0.005150 0.005319
0.005149 0.009838
0.005148 0.005461
0.005148 0.006431
0.005146 0.008152
0.005145 0.005667
0.005144 0.005472
0.005143 0.005336
0.005140 0.006995
0.005136 0.006237
0.005133 0.005179
0.005123 0.008183
0.005121 0.009557
0.005118 0.005940
0.005117 0.005439
0.005115 0.007464
0.005114 0.006915
0.005111 0.007104
0.005111 0.005198
0.005106 0.005872
0.005105 0.006278
0.005102 0.006356
0.005099 0.005232
0.005099 0.005981
0.005095 0.005459
0.005093 0.005962
0.005091 0.005954
0.005090 0.006747
0.005088 0.008405
0.005086 0.005171
0.005083 0.005621
0.005071 0.006018
0.005068 0.005960
0.005066 0.010266
0.005066 0.008286
0.005063 0.005071
0.005056 0.005575
0.005055 0.005932
0.005052 0.006763
0.005045 0.006243
0.005040 0.005670
0.005039 0.005992
0.005038 0.005646
0.005035 0.006359
0.005034 0.005643
0.005030 0.005281
0.005030 0.005552
0.005029 0.006112
0.005023 0.006699
0.005021 0.006849
0.005020 0.005379
0.005018 0.005579
0.005018 0.007106
0.005016 0.005459
0.005016 0.005400
0.005016 0.007939
0.005013 0.006904
0.005013 0.007166
0.005007 0.008785
0.005005 0.005795
0.004999 0.010219
0.004999 0.007066
0.004989 0.005277
0.004989 0.006421
0.004984 0.005065
0.004983 0.008029
0.004983 0.005268
0.004982 0.008215
0.004982 0.007152
0.004982 0.007416
0.004981 0.005744
0.004980 0.008704
0.004976 0.005361
0.004975 0.005412
0.004970 0.006119
0.004969 0.008137
0.004968 0.006410
0.004963 0.007218
0.004962 0.005611
0.004960 0.005178
0.004959 0.006924
0.004954 0.007326
0.004952 0.005946
0.004951 0.007593
0.004949 0.005374
0.004947 0.006448
0.004945 0.007709
0.004941 0.005020
0.004938 0.005743
0.004937 0.005918
0.004934 0.004992
0.004933 0.005692
0.004928 0.005305
0.004924 0.006658
0.004920 0.006513
0.004916 0.007401
0.004914 0.005065
0.004913 0.006901
0.004909 0.007185
0.004906 0.005210
0.004905 0.007101
0.004900 0.006899
0.004898 0.005029
0.004886 0.008153
0.004884 0.005090
0.004882 0.007324
0.004879 0.006849
0.004876 0.005848
0.004876 0.005451
0.004874 0.008273
0.004873 0.005611
0.004872 0.006055
0.004865 0.006252
0.004859 0.009178
0.004858 0.004892
0.004856 0.005817
0.004852 0.005411
0.004851 0.005332
0.004849 0.007078
0.004848 0.005462
0.004846 0.006725
0.004844 0.007653
0.004844 0.006449
0.004844 0.006530
0.004836 0.005141
0.004836 0.009954
0.004836 0.005630
0.004835 0.007883
0.004833 0.006236
0.004831 0.011069
0.004830 0.008303
0.004829 0.006492
0.004826 0.005552
0.004822 0.005044
0.004821 0.007156
0.004817 0.007359
0.004814 0.006185
0.004813 0.005564
0.004811 0.008354
0.004803 0.004963
0.004799 0.005083
0.004799 0.005147
0.004798 0.005586
0.004797 0.005489
0.004797 0.006116
0.004791 0.007401
0.004790 0.006913
0.004789 0.007029
0.004788 0.007014
0.004783 0.006129
0.004780 0.008419
0.004778 0.009623
0.004776 0.006738
0.004775 0.005932
0.004773 0.005489
0.004772 0.008195
0.004767 0.008742
0.004765 0.004871
0.004756 0.005149
0.004756 0.005811
0.004753 0.004947
0.004751 0.005795
0.004751 0.006856
0.004749 0.008279
0.004746 0.008523
0.004737 0.005390
0.004732 0.004798
0.004732 0.008376
0.004731 0.005748
0.004727 0.005261
0.004727 0.005174
0.004719 0.006004
0.004716 0.006508
0.004716 0.007418
0.004715 0.006096
0.004711 0.006076
0.004711 0.005611
0.004708 0.004942
0.004695 0.006082
0.004694 0.007741
0.004691 0.005549
0.004689 0.005635
0.004684 0.006986
0.004674 0.004951
0.004673 0.005073
0.004671 0.004757
0.004666 0.004711
0.004664 0.005159
0.004656 0.005099
0.004655 0.004716
0.004652 0.004855
0.004650 0.007651
0.004650 0.005071
0.004646 0.005849
0.004642 0.004683
0.004637 0.005056
0.004636 0.005174
0.004629 0.005230
0.004617 0.005537
0.004614 0.007103
0.004612 0.004681
0.004611 0.006905
0.004610 0.005702
0.004605 0.005326
0.004599 0.005598
0.004597 0.005725
0.004595 0.005860
0.004595 0.004898
0.004595 0.006299
0.004593 0.006027
0.004591 0.004932
0.004588 0.006005
0.004586 0.006823
0.004586 0.006573
0.004584 0.010071
0.004578 0.005190
0.004576 0.004894
0.004568 0.004602
0.004567 0.006040
0.004561 0.004697
0.004559 0.004937
0.004551 0.005917
0.004550 0.007630
0.004549 0.005545
0.004546 0.005215
0.004545 0.005253
0.004541 0.004979
0.004541 0.007676
0.004541 0.004704
0.004540 0.004911
0.004526 0.007407
0.004519 0.007925
0.004519 0.005254
0.004509 0.005149
0.004507 0.004855
0.004506 0.004532
0.004505 0.006360
0.004505 0.004911
0.004504 0.005269
0.004500 0.005342
0.004493 0.006218
0.004492 0.005076
0.004491 0.004820
0.004487 0.007466
0.004485 0.006008
0.004477 0.004482
0.004471 0.006517
0.004471 0.005229
0.004469 0.007229
0.004467 0.004873
0.004466 0.005591
0.004465 0.006234
0.004462 0.007267
0.004460 0.004952
0.004459 0.004902
0.004456 0.004685
0.004453 0.006475
0.004452 0.007691
0.004451 0.004828
0.004450 0.005136
0.004447 0.007102
0.004444 0.004872
0.004441 0.011099
0.004432 0.008934
0.004425 0.009146
0.004425 0.004972
0.004425 0.006223
0.004423 0.006580
0.004413 0.007951
0.004412 0.005261
0.004410 0.006150
0.004406 0.005859
0.004403 0.005497
0.004400 0.004835
0.004398 0.005558
0.004393 0.004891
0.004388 0.004420
0.004379 0.005308
0.004377 0.006532
0.004377 0.004401
0.004376 0.005210
0.004373 0.004600
0.004366 0.007884
0.004365 0.004665
0.004357 0.004679
0.004356 0.004648
0.004353 0.005210
0.004352 0.006920
0.004350 0.004488
0.004345 0.006597
0.004344 0.004896
0.004342 0.004996
0.004338 0.005715
0.004338 0.004998
0.004337 0.004409
0.004335 0.004349
0.004330 0.004552
0.004329 0.008362
0.004327 0.005324
0.004327 0.004531
0.004325 0.006571
0.004324 0.006414
0.004322 0.004331
0.004320 0.005350
0.004320 0.005568
0.004320 0.004774
0.004319 0.004444
0.004315 0.004614
0.004311 0.006252
0.004308 0.004433
0.004308 0.006807
0.004307 0.005963
0.004304 0.005754
0.004303 0.005863
0.004302 0.004597
0.004294 0.007539
0.004292 0.005829
0.004292 0.004522
0.004283 0.004856
0.004282 0.004283
0.004280 0.005276
0.004278 0.006243
0.004274 0.005240
0.004270 0.004877
0.004269 0.004537
0.004268 0.005118
0.004268 0.004893
0.004266 0.004592
0.004261 0.009957
0.004256 0.009329
0.004252 0.004486
0.004250 0.004465
0.004248 0.004372
0.004248 0.004366
0.004245 0.004748
0.004238 0.008721
0.004230 0.004578
0.004217 0.004522
0.004216 0.004280
0.004213 0.005011
0.004213 0.005059
0.004211 0.006063
0.004211 0.006716
0.004203 0.004495
0.004203 0.006805
0.004202 0.008866
0.004199 0.005073
0.004199 0.004581
0.004196 0.004229
0.004194 0.005684
0.004185 0.006052
0.004183 0.006267
0.004182 0.004416
0.004182 0.005188
0.004182 0.007118
0.004179 0.005452
0.004177 0.004256
0.004176 0.004665
0.004166 0.004441
0.004163 0.004185
0.004160 0.007411
0.004159 0.007653
0.004155 0.006862
0.004154 0.007171
0.004153 0.004158
0.004148 0.006188
0.004144 0.004648
0.004144 0.007706
0.004144 0.004803
0.004131 0.004422
0.004129 0.004884
0.004115 0.005946
0.004109 0.005655
0.004108 0.004851
0.004104 0.008482
0.004100 0.006578
0.004099 0.005420
0.004096 0.006723
0.004094 0.006175
0.004092 0.005347
0.004091 0.004490
0.004086 0.004542
0.004084 0.004405
0.004083 0.004359
0.004078 0.005007
0.004075 0.005428
0.004071 0.004538
0.004068 0.007455
0.004068 0.004366
0.004065 0.005118
0.004064 0.007542
0.004063 0.004853
0.004060 0.004190
0.004059 0.007573
0.004056 0.007052
0.004055 0.004092
0.004049 0.004195
0.004037 0.004727
0.004034 0.006621
0.004028 0.004922
0.004022 0.004322
0.004022 0.004579
0.004022 0.004031
0.004022 0.004528
0.004020 0.004159
0.004020 0.004398
0.004016 0.004470
0.004015 0.005831
0.004015 0.004249
0.004011 0.004924
0.004011 0.004314
0.004007 0.007969
0.004007 0.004239
0.004002 0.005959
0.004000 0.004763
0.003996 0.004504
0.003995 0.005986
0.003991 0.005691
0.003985 0.004074
0.003983 0.004162
0.003974 0.005636
0.003971 0.005628
0.003964 0.004569
0.003959 0.005033
0.003956 0.004203
0.003954 0.004018
0.003951 0.004023
0.003947 0.005793
0.003944 0.007822
0.003942 0.004902
0.003933 0.004557
0.003932 0.004676
0.003925 0.008611
0.003917 0.004283
0.003913 0.004265
0.003909 0.005319
0.003908 0.005875
0.003901 0.004323
0.003897 0.003967
0.003887 0.006199
0.003885 0.005124
0.003884 0.005690
0.003881 0.005412
0.003872 0.004051
0.003870 0.009481
0.003865 0.009693
0.003865 0.004441
0.003860 0.005862
0.003851 0.004759
0.003849 0.007066
0.003847 0.008009
0.003847 0.004236
0.003838 0.004749
0.003833 0.003869
0.003831 0.004668
0.003829 0.004035
0.003829 0.005143
0.003813 0.004168
0.003812 0.005985
0.003805 0.006093
0.003801 0.006365
0.003790 0.004274
0.003788 0.004869
0.003785 0.006256
0.003784 0.007658
0.003783 0.004026
0.003782 0.004219
0.003782 0.004848
0.003780 0.005588
0.003777 0.003802
0.003768 0.003920
0.003766 0.003946
0.003764 0.004482
0.003763 0.003847
0.003737 0.004913
0.003737 0.004295
0.003704 0.004095
0.003702 0.005909
0.003693 0.003867
0.003692 0.005324
0.003691 0.005399
0.003691 0.004841
0.003690 0.005667
0.003688 0.004240
0.003681 0.003823
0.003678 0.007111
0.003674 0.005337
0.003674 0.004358
0.003670 0.005182
0.003664 0.003730
0.003663 0.003816
0.003660 0.004654
0.003659 0.006020
0.003656 0.003664
0.003655 0.005843
0.003652 0.003688
0.003651 0.006545
0.003650 0.003848
0.003640 0.004085
0.003639 0.003727
0.003638 0.004593
0.003636 0.004359
0.003636 0.004093
0.003632 0.008596
0.003627 0.005463
0.003625 0.004576
0.003622 0.004676
0.003619 0.005006
0.003615 0.003774
0.003607 0.004228
0.003607 0.003692
0.003601 0.003623
0.003596 0.004278
0.003591 0.004590
0.003585 0.004081
0.003581 0.003702
0.003581 0.004949
0.003579 0.003757
0.003569 0.004792
0.003568 0.005187
0.003565 0.005339
0.003563 0.006441
0.003561 0.003598
0.003561 0.004662
0.003556 0.003790
0.003555 0.003567
0.003550 0.004913
0.003549 0.009148
0.003542 0.007845
0.003541 0.005710
0.003537 0.004174
0.003536 0.004548
0.003520 0.003685
0.003516 0.004766
0.003514 0.005836
0.003513 0.003631
0.003512 0.003863
0.003512 0.005200
0.003511 0.004065
0.003505 0.003596
0.003502 0.003828
0.003501 0.006019
0.003501 0.003512
0.003496 0.004402
0.003491 0.004551
0.003490 0.005309
0.003483 0.004128
0.003476 0.006534
0.003475 0.005573
0.003475 0.003850
0.003473 0.003619
0.003472 0.008375
0.003468 0.003521
0.003466 0.008703
0.003455 0.003741
0.003449 0.004168
0.003445 0.004261
0.003444 0.003810
0.003444 0.003777
0.003442 0.004458
0.003429 0.003572
0.003419 0.004595
0.003411 0.003714
0.003411 0.003666
0.003411 0.003977
0.003404 0.004689
0.003399 0.003667
0.003397 0.003575
0.003396 0.005668
0.003392 0.006417
0.003390 0.003847
0.003377 0.003436
0.003367 0.004618
0.003349 0.003773
0.003338 0.003482
0.003338 0.004422
0.003337 0.003839
0.003331 0.003449
0.003325 0.005727
0.003322 0.003962
0.003316 0.003321
0.003315 0.003767
0.003313 0.003813
0.003313 0.003879
0.003311 0.004427
0.003308 0.003975
0.003306 0.003704
0.003304 0.005780
0.003300 0.003347
0.003296 0.004106
0.003294 0.004115
0.003290 0.003302
0.003286 0.003524
0.003282 0.004081
0.003278 0.004176
0.003276 0.003929
0.003269 0.005029
0.003259 0.004905
0.003259 0.004686
0.003259 0.003514
0.003252 0.004820
0.003244 0.003262
0.003242 0.003676
0.003241 0.004142
0.003232 0.003487
0.003232 0.004078
0.003227 0.003536
0.003223 0.003557
0.003222 0.004454
0.003213 0.004203
0.003210 0.003428
0.003210 0.004102
0.003207 0.003319
0.003206 0.005267
0.003205 0.003223
0.003204 0.003491
0.003194 0.003534
0.003192 0.003922
0.003181 0.003281
0.003177 0.004633
0.003175 0.004136
0.003172 0.003390
0.003166 0.003451
0.003166 0.005031
0.003151 0.003908
0.003143 0.003336
0.003128 0.003552
0.003126 0.003225
0.003122 0.003778
0.003117 0.003919
0.003115 0.004427
0.003113 0.003497
0.003110 0.003727
0.003109 0.003782
0.003107 0.005050
0.003104 0.004323
0.003094 0.003243
0.003094 0.003528
0.003087 0.003350
0.003082 0.003278
0.003069 0.003443
0.003062 0.004109
0.003056 0.004048
0.003043 0.003229
0.003041 0.003420
0.003037 0.003739
0.003036 0.003454
0.003034 0.004001
0.003026 0.006301
0.003026 0.003583
0.003021 0.003766
0.003019 0.003686
0.003016 0.003110
0.003005 0.003331
0.003003 0.003551
0.002997 0.003268
0.002990 0.003172
0.002979 0.003142
0.002976 0.003280
0.002964 0.003770
0.002957 0.003309
0.002952 0.004000
0.002934 0.003156
0.002934 0.003585
0.002932 0.004054
0.002928 0.004171
0.002887 0.003422
0.002882 0.003049
0.002877 0.003376
0.002872 0.003579
0.002867 0.004279
0.002844 0.002885
0.002841 0.002904
0.002831 0.003249
0.002794 0.004508
0.002771 0.002815
0.002756 0.002856
0.002750 0.002983
0.002746 0.002899
0.002738 0.003067
0.002715 0.003320
0.002711 0.003911
0.002704 0.003221
0.002693 0.002864
0.002666 0.003107
0.002659 0.003302
0.002659 0.002727
0.002649 0.002915
0.002647 0.003349
0.002642 0.003038
0.002614 0.002650
0.002611 0.003332
0.002606 0.002616
0.002585 0.002679
0.002582 0.002588
0.002575 0.002668
0.002554 0.002598
0.002551 0.002847
0.002531 0.002643
0.002519 0.003762
0.002506 0.003227
0.002495 0.002499
0.002459 0.003062
0.002457 0.003802
0.002456 0.002510
0.002437 0.002573
0.002432 0.003343
0.002419 0.002495
0.002419 0.002840
0.002418 0.002784
0.002414 0.003138
0.002409 0.002646
0.002396 0.002679
0.002384 0.002593
0.002384 0.002518
0.002308 0.003246
0.002301 0.002397
0.002284 0.002915
0.002216 0.002678
0.002213 0.002338
0.002192 0.002337
0.002171 0.002235
0.002122 0.002179
0.002111 0.002221
0.002075 0.002148
0.002062 0.002182
0.002034 0.002306
0.002032 0.002150
0.002028 0.002225
0.002020 0.002142
0.002013 0.002148
0.002003 0.002380
0.001893 0.001921
0.001868 0.001891
0.001803 0.002111
0.001789 0.001986
0.001748 0.001991
0.001672 0.001916
