0.196184 0.197449
0.196048 0.197915
0.162333 0.179619
0.140614 0.159414
0.119806 0.150414
0.119604 0.126611
0.115756 0.138864
0.107112 0.111482
0.105928 0.121506
0.091850 0.101624
0.085582 0.131645
0.081092 0.081865
0.076490 0.086183
0.075939 0.076462
0.070390 0.073724
0.067543 0.087639
0.066981 0.069104
0.066315 0.068844
0.065948 0.067838
0.065403 0.070198
0.064588 0.079520
0.064023 0.064931
0.062179 0.063478
0.062155 0.063213
0.062036 0.062645
0.061914 0.067095
0.061718 0.067290
0.061459 0.064061
0.061231 0.062582
0.061014 0.074240
0.060978 0.064602
0.060976 0.070368
0.060973 0.087037
0.059891 0.074136
0.058665 0.062081
0.058619 0.062718
0.056461 0.082658
0.054553 0.055288
0.054500 0.060152
0.053738 0.058676
0.052939 0.061841
0.052782 0.054211
0.052488 0.053883
0.051878 0.068027
0.051148 0.060794
0.050936 0.051045
0.050659 0.083407
0.049368 0.054832
0.048485 0.051187
0.048415 0.051064
0.048408 0.058505
0.047904 0.049372
0.047304 0.048652
0.046920 0.054154
0.046811 0.052461
0.046683 0.047611
0.046558 0.047851
0.046334 0.048125
0.045527 0.045577
0.045371 0.059322
0.044679 0.058969
0.044057 0.047757
0.044023 0.046691
0.043782 0.055171
0.043541 0.046740
0.043419 0.047817
0.043330 0.043413
0.042826 0.057388
0.042817 0.045488
0.042482 0.060006
0.042470 0.051972
0.042435 0.045423
0.042398 0.047710
0.042364 0.060811
0.041738 0.058011
0.041508 0.044050
0.041388 0.048388
0.041156 0.044042
0.041142 0.062297
0.040987 0.075394
0.040901 0.053841
0.040630 0.053896
0.040430 0.042083
0.040356 0.048827
0.040076 0.040201
0.040039 0.043921
0.039761 0.050673
0.039720 0.045237
0.039707 0.044273
0.039297 0.045970
0.038226 0.050111
0.037891 0.039796
0.037711 0.041476
0.037635 0.051868
0.037263 0.042325
0.037187 0.038874
0.036665 0.036967
0.036309 0.044214
0.036278 0.041046
0.035679 0.064626
0.035533 0.050504
0.035425 0.038455
0.035193 0.043019
0.035070 0.046568
0.035057 0.037068
0.034761 0.048334
0.034711 0.039422
0.034676 0.036301
0.034375 0.051034
0.034245 0.043146
0.033863 0.071846
0.033799 0.052215
0.033762 0.041853
0.033451 0.035351
0.033339 0.046054
0.033255 0.034352
0.033161 0.046902
0.033061 0.042138
0.032972 0.033415
0.032968 0.038550
0.032820 0.050008
0.032689 0.036258
0.032583 0.038732
0.032520 0.035606
0.032302 0.059115
0.032137 0.056507
0.032134 0.032631
0.032106 0.038168
0.032011 0.038324
0.031621 0.033578
0.031544 0.037567
0.031309 0.043627
0.031301 0.035261
0.031136 0.035369
0.031107 0.033743
0.031083 0.032479
0.030993 0.039929
0.030986 0.033510
0.030862 0.061280
0.030826 0.063732
0.030779 0.030971
0.030665 0.031612
0.030427 0.038671
0.030236 0.049898
0.030026 0.030976
0.029798 0.046254
0.029482 0.029754
0.029415 0.034276
0.029359 0.033772
0.029204 0.029314
0.028967 0.056117
0.028856 0.042650
0.028657 0.033745
0.028507 0.033124
0.028214 0.029307
0.028071 0.045538
0.028022 0.035589
0.027967 0.038292
0.027899 0.032925
0.027861 0.031763
0.027742 0.033240
0.027629 0.027736
0.027507 0.033525
0.027486 0.046692
0.027475 0.029634
0.027463 0.029054
0.027438 0.032967
0.027333 0.028490
0.027307 0.039643
0.027216 0.032434
0.027146 0.032811
0.027051 0.035814
0.026899 0.065736
0.026888 0.033489
0.026862 0.031871
0.026822 0.029126
0.026807 0.031364
0.026789 0.034523
0.026482 0.033381
0.026464 0.035850
0.026255 0.043079
0.026164 0.051218
0.026038 0.046150
0.026021 0.038964
0.025909 0.027430
0.025697 0.027417
0.025678 0.026381
0.025627 0.026600
0.025605 0.038034
0.025594 0.026823
0.025465 0.030822
0.025414 0.025658
0.025408 0.030082
0.025402 0.025649
0.025363 0.028812
0.025315 0.040130
0.025276 0.043257
0.025184 0.029048
0.025129 0.042157
0.025087 0.040901
0.025045 0.026740
0.024918 0.032013
0.024861 0.035354
0.024589 0.028352
0.024575 0.026585
0.024466 0.028668
0.024399 0.032744
0.024302 0.024842
0.024288 0.030987
0.024217 0.031299
0.024198 0.025149
0.024197 0.024846
0.024158 0.024755
0.024147 0.026243
0.024137 0.027174
0.024083 0.027746
0.024043 0.024785
0.023999 0.025656
0.023975 0.025543
0.023709 0.028905
0.023708 0.024340
0.023637 0.030917
0.023617 0.023636
0.023536 0.036747
0.023421 0.024386
0.023394 0.024392
0.023349 0.023906
0.023321 0.024133
0.023185 0.024250
0.023177 0.024852
0.023173 0.023419
0.023144 0.030848
0.023137 0.024308
0.023119 0.040775
0.023071 0.024341
0.023069 0.027350
0.022915 0.023415
0.022885 0.023106
0.022735 0.024694
0.022660 0.025726
0.022624 0.022641
0.022581 0.026766
0.022575 0.026591
0.022544 0.030260
0.022491 0.022729
0.022462 0.028062
0.022388 0.022861
0.022317 0.043469
0.022088 0.027769
0.022079 0.024184
0.022063 0.024891
0.022052 0.040227
0.022009 0.025512
0.021934 0.023703
0.021903 0.025642
0.021868 0.022663
0.021823 0.023842
0.021774 0.022760
0.021708 0.025800
0.021696 0.028952
0.021695 0.042861
0.021669 0.021874
0.021659 0.021870
0.021615 0.025124
0.021604 0.024142
0.021598 0.033534
0.021554 0.022747
0.021546 0.028663
0.021540 0.029318
0.021493 0.044507
0.021451 0.022028
0.021442 0.026242
0.021393 0.023414
0.021365 0.031356
0.021325 0.034869
0.021244 0.039433
0.021201 0.023882
0.021187 0.022019
0.021184 0.027967
0.021116 0.022081
0.021068 0.031358
0.020994 0.027741
0.020919 0.021541
0.020796 0.029446
0.020796 0.020953
0.020791 0.022577
0.020775 0.021144
0.020708 0.031394
0.020628 0.020819
0.020597 0.031790
0.020584 0.025147
0.020462 0.024520
0.020446 0.021485
0.020351 0.038758
0.020343 0.022002
0.020327 0.023885
0.020227 0.027202
0.020127 0.029707
0.020103 0.026438
0.020098 0.035890
0.020084 0.027417
0.020074 0.020478
0.020073 0.028820
0.020045 0.023458
0.019904 0.024852
0.019893 0.021245
0.019887 0.031489
0.019869 0.029213
0.019749 0.019778
0.019715 0.027099
0.019705 0.021449
0.019647 0.021471
0.019618 0.020124
0.019578 0.024666
0.019571 0.019797
0.019536 0.029957
0.019474 0.021846
0.019467 0.021024
0.019410 0.020969
0.019379 0.025611
0.019353 0.021669
0.019344 0.026145
0.019321 0.025391
0.019300 0.029415
0.019213 0.020597
0.019111 0.019674
0.019055 0.024413
0.019001 0.032744
0.018953 0.020949
0.018945 0.018989
0.018921 0.040416
0.018881 0.019156
0.018838 0.034406
0.018810 0.021429
0.018807 0.019081
0.018673 0.019871
0.018573 0.023208
0.018553 0.018711
0.018547 0.019774
0.018511 0.024520
0.018480 0.019527
0.018451 0.018769
0.018426 0.023638
0.018395 0.021075
0.018314 0.020827
0.018268 0.018754
0.018245 0.019650
0.018239 0.018410
0.018200 0.021499
0.018116 0.035291
0.018107 0.022652
0.018100 0.019184
0.018093 0.020164
0.018090 0.018727
0.018026 0.019867
0.017848 0.019944
0.017839 0.022076
0.017822 0.019390
0.017722 0.020408
0.017668 0.019376
0.017661 0.019325
0.017625 0.021351
0.017603 0.022699
0.017595 0.021589
0.017536 0.018124
0.017492 0.027081
0.017492 0.026323
0.017458 0.018015
0.017445 0.017777
0.017443 0.018559
0.017313 0.019110
0.017164 0.017709
0.017161 0.022715
0.017158 0.025759
0.017137 0.017981
0.017074 0.021971
0.017055 0.020008
0.017015 0.017434
0.016990 0.019414
0.016953 0.017066
0.016944 0.017490
0.016903 0.026065
0.016889 0.018498
0.016880 0.023089
0.016849 0.018491
0.016809 0.017106
0.016787 0.018400
0.016777 0.017450
0.016743 0.017307
0.016687 0.017270
0.016666 0.017402
0.016661 0.026307
0.016615 0.024958
0.016584 0.018642
0.016481 0.016615
0.016466 0.018908
0.016436 0.016673
0.016351 0.019178
0.016339 0.020436
0.016283 0.022914
0.016281 0.016834
0.016256 0.017124
0.016167 0.016459
0.016078 0.017201
0.016024 0.018490
0.016002 0.021363
0.015944 0.020678
0.015927 0.019493
0.015901 0.015915
0.015894 0.016821
0.015894 0.019690
0.015871 0.020015
0.015858 0.020179
0.015856 0.023649
0.015793 0.017163
0.015707 0.015926
0.015637 0.023156
0.015633 0.016587
0.015630 0.015984
0.015629 0.025978
0.015613 0.019827
0.015559 0.019617
0.015405 0.015973
0.015375 0.019153
0.015355 0.025431
0.015296 0.022405
0.015224 0.021092
0.015212 0.016394
0.015195 0.016237
0.015190 0.020599
0.015156 0.015806
0.015150 0.015573
0.015058 0.016905
0.015025 0.017140
0.015013 0.021175
0.014985 0.031261
0.014982 0.015650
0.014955 0.016303
0.014955 0.027140
0.014936 0.024048
0.014896 0.015823
0.014895 0.020334
0.014855 0.015949
0.014836 0.020240
0.014832 0.014868
0.014832 0.016515
0.014821 0.014945
0.014814 0.015128
0.014810 0.023368
0.014807 0.015550
0.014803 0.024654
0.014785 0.016941
0.014783 0.015976
0.014718 0.018919
0.014648 0.020303
0.014609 0.014887
0.014585 0.029180
0.014579 0.014715
0.014573 0.020450
0.014480 0.018828
0.014479 0.015899
0.014474 0.016589
0.014463 0.019017
0.014369 0.014866
0.014349 0.014385
0.014349 0.025261
0.014347 0.014455
0.014298 0.015149
0.014289 0.015986
0.014242 0.021476
0.014204 0.015505
0.014199 0.014607
0.014149 0.016043
0.014132 0.017880
0.014084 0.019983
0.014076 0.016363
0.014061 0.014449
0.014051 0.015664
0.014050 0.016406
0.014048 0.014903
0.014022 0.014141
0.014010 0.018964
0.014006 0.014151
0.014005 0.026485
0.013986 0.017348
0.013945 0.018062
0.013871 0.015962
0.013819 0.013945
0.013803 0.019444
0.013799 0.014474
0.013767 0.016187
0.013765 0.015323
0.013753 0.014772
0.013721 0.018285
0.013663 0.017043
0.013661 0.013756
0.013660 0.014250
0.013635 0.015118
0.013582 0.014678
0.013565 0.024013
0.013559 0.018625
0.013557 0.015350
0.013538 0.025016
0.013537 0.017422
0.013487 0.016038
0.013479 0.018034
0.013469 0.013652
0.013452 0.020942
0.013446 0.014553
0.013379 0.016465
0.013369 0.021166
0.013340 0.014761
0.013307 0.013629
0.013293 0.021878
0.013285 0.014281
0.013270 0.014480
0.013253 0.013291
0.013225 0.016049
0.013206 0.014075
0.013203 0.013499
0.013183 0.016321
0.013178 0.018265
0.013168 0.014378
0.013162 0.015508
0.013155 0.017314
0.013150 0.024521
0.013135 0.013416
0.013130 0.016906
0.013123 0.015640
0.013116 0.014373
0.013064 0.014128
0.013053 0.014135
0.013040 0.025112
0.013014 0.017449
0.013003 0.018436
0.012998 0.015796
0.012988 0.017399
0.012932 0.017187
0.012909 0.013926
0.012894 0.016322
0.012869 0.013996
0.012860 0.016576
0.012852 0.016731
0.012840 0.013387
0.012816 0.019750
0.012808 0.021442
0.012767 0.014790
0.012765 0.016951
0.012740 0.020734
0.012730 0.014817
0.012713 0.013855
0.012692 0.021299
0.012673 0.013169
0.012652 0.013623
0.012623 0.014756
0.012606 0.012776
0.012533 0.012770
0.012508 0.017240
0.012507 0.013910
0.012478 0.014464
0.012453 0.019266
0.012450 0.012836
0.012443 0.020233
0.012421 0.014554
0.012415 0.017834
0.012411 0.013268
0.012392 0.015363
0.012307 0.013104
0.012285 0.012638
0.012225 0.013976
0.012215 0.017377
0.012183 0.014966
0.012165 0.014208
0.012154 0.014213
0.012134 0.012514
0.012129 0.013017
0.012114 0.012280
0.012113 0.017466
0.012066 0.012321
0.012060 0.014761
0.012043 0.012925
0.012022 0.013694
0.012013 0.015972
0.012012 0.015437
0.011972 0.012776
0.011971 0.016192
0.011959 0.013059
0.011954 0.012047
0.011951 0.012564
0.011948 0.014063
0.011944 0.015381
0.011941 0.014295
0.011915 0.012126
0.011884 0.013969
0.011877 0.012328
0.011872 0.017111
0.011839 0.012302
0.011832 0.026177
0.011830 0.016300
0.011822 0.014747
0.011822 0.012295
0.011810 0.011996
0.011805 0.013102
0.011792 0.012419
0.011785 0.012420
0.011782 0.011784
0.011772 0.012796
0.011762 0.013090
0.011736 0.012421
0.011729 0.015097
0.011727 0.013279
0.011699 0.012317
0.011687 0.011809
0.011673 0.012171
0.011663 0.012024
0.011661 0.013705
0.011659 0.017493
0.011652 0.012628
0.011650 0.016355
0.011621 0.013056
0.011612 0.011932
0.011600 0.011924
0.011583 0.012256
0.011562 0.016009
0.011552 0.011833
0.011537 0.014705
0.011527 0.020128
0.011522 0.012397
0.011522 0.011748
0.011511 0.020246
0.011498 0.012982
0.011496 0.011634
0.011492 0.015347
0.011486 0.014711
0.011481 0.013101
0.011461 0.012701
0.011457 0.018248
0.011450 0.020278
0.011439 0.012945
0.011434 0.011885
0.011416 0.013603
0.011410 0.013453
0.011357 0.011985
0.011329 0.015679
0.011317 0.012855
0.011306 0.012160
0.011295 0.014114
0.011281 0.012128
0.011278 0.025975
0.011278 0.012541
0.011277 0.011475
0.011254 0.014783
0.011241 0.013059
0.011237 0.012904
0.011236 0.013996
0.011233 0.023127
0.011214 0.011598
0.011200 0.014536
0.011199 0.012783
0.011196 0.012307
0.011185 0.014383
0.011173 0.012299
0.011172 0.011357
0.011168 0.011527
0.011102 0.011377
0.011098 0.014469
0.011097 0.013941
0.011096 0.011225
0.011091 0.015734
0.011089 0.015779
0.011083 0.012321
0.011082 0.013409
0.011063 0.013689
0.011046 0.012242
0.011039 0.012823
0.011037 0.013302
0.011024 0.011404
0.011007 0.014362
0.011006 0.012665
0.010997 0.015439
0.010974 0.011580
0.010964 0.010982
0.010962 0.012937
0.010952 0.020732
0.010951 0.011011
0.010948 0.016209
0.010939 0.012789
0.010919 0.010994
0.010910 0.016930
0.010897 0.011598
0.010897 0.014038
0.010896 0.013018
0.010869 0.011772
0.010864 0.011546
0.010857 0.014421
0.010830 0.012962
0.010825 0.011232
0.010799 0.013246
0.010782 0.019445
0.010777 0.018480
0.010775 0.014342
0.010767 0.012830
0.010767 0.012072
0.010759 0.014989
0.010753 0.017511
0.010735 0.011173
0.010733 0.017362
0.010714 0.013114
0.010712 0.012347
0.010699 0.011059
0.010699 0.011493
0.010698 0.023889
0.010697 0.010708
0.010683 0.010734
0.010679 0.012469
0.010669 0.011202
0.010667 0.020268
0.010654 0.012684
0.010636 0.011933
0.010629 0.010945
0.010628 0.011829
0.010619 0.011826
0.010588 0.018452
0.010581 0.010657
0.010578 0.020320
0.010571 0.013615
0.010571 0.011773
0.010569 0.011892
0.010568 0.011113
0.010565 0.012461
0.010551 0.014637
0.010540 0.011738
0.010512 0.010808
0.010503 0.012132
0.010494 0.011836
0.010486 0.020305
0.010476 0.010955
0.010476 0.011622
0.010476 0.015543
0.010469 0.011654
0.010459 0.014432
0.010444 0.012572
0.010438 0.010656
0.010433 0.011238
0.010420 0.012937
0.010420 0.010598
0.010413 0.011930
0.010403 0.011046
0.010402 0.013555
0.010400 0.010801
0.010398 0.014028
0.010389 0.014863
0.010385 0.011649
0.010381 0.010762
0.010354 0.011723
0.010347 0.015948
0.010346 0.011302
0.010342 0.013731
0.010341 0.012833
0.010319 0.015111
0.010298 0.012756
0.010290 0.013260
0.010289 0.012966
0.010288 0.011897
0.010264 0.018444
0.010259 0.014375
0.010241 0.010945
0.010238 0.011651
0.010238 0.011026
0.010231 0.014660
0.010221 0.011588
0.010218 0.010757
0.010179 0.018640
0.010160 0.015656
0.010143 0.014901
0.010142 0.021862
0.010141 0.010339
0.010141 0.013252
0.010138 0.011737
0.010126 0.015766
0.010124 0.011939
0.010115 0.011317
0.010115 0.012394
0.010114 0.010172
0.010112 0.010510
0.010111 0.014098
0.010097 0.017362
0.010093 0.011485
0.010090 0.020501
0.010090 0.012299
0.010052 0.010470
0.010050 0.017135
0.010042 0.013024
0.010034 0.010509
0.010033 0.017965
0.010033 0.010600
0.010006 0.012524
0.010001 0.010968
0.009987 0.010206
0.009986 0.011396
0.009983 0.013157
0.009980 0.010148
0.009975 0.010379
0.009970 0.010606
0.009966 0.011580
0.009950 0.010266
0.009949 0.012116
0.009940 0.010062
0.009937 0.010381
0.009927 0.013598
0.009906 0.012503
0.009880 0.013334
0.009873 0.009963
0.009857 0.010676
0.009849 0.015498
0.009847 0.010676
0.009840 0.012993
0.009840 0.011210
0.009837 0.012710
0.009826 0.010984
0.009802 0.012511
0.009800 0.011496
0.009794 0.010789
0.009779 0.013647
0.009779 0.012045
0.009776 0.010710
0.009771 0.010576
0.009758 0.011176
0.009743 0.015203
0.009711 0.010110
0.009693 0.011511
0.009686 0.011920
0.009673 0.010215
0.009659 0.009667
0.009655 0.018363
0.009648 0.009809
0.009646 0.009954
0.009646 0.011142
0.009639 0.012556
0.009638 0.010189
0.009633 0.012737
0.009629 0.011506
0.009617 0.011787
0.009613 0.009628
0.009612 0.010621
0.009608 0.013352
0.009561 0.012752
0.009555 0.009664
0.009552 0.009582
0.009541 0.014933
0.009540 0.010139
0.009534 0.011267
0.009534 0.012384
0.009532 0.011948
0.009528 0.011166
0.009522 0.009869
0.009512 0.010621
0.009510 0.009728
0.009508 0.013439
0.009491 0.012039
0.009487 0.017761
0.009478 0.010724
0.009470 0.010025
0.009466 0.009993
0.009465 0.010819
0.009446 0.009636
0.009443 0.015663
0.009441 0.010741
0.009433 0.010628
0.009431 0.009672
0.009417 0.009565
0.009399 0.010859
0.009399 0.010783
0.009387 0.012399
0.009386 0.011571
0.009380 0.009945
0.009376 0.009771
0.009357 0.010884
0.009352 0.011216
0.009344 0.009588
0.009334 0.009552
0.009328 0.012150
0.009327 0.016144
0.009322 0.015566
0.009321 0.012651
0.009317 0.010143
0.009297 0.015141
0.009276 0.009409
0.009263 0.009338
0.009251 0.014094
0.009248 0.012374
0.009244 0.010967
0.009244 0.013088
0.009223 0.009595
0.009212 0.014479
0.009208 0.011740
0.009205 0.009509
0.009202 0.009243
0.009195 0.009943
0.009192 0.011222
0.009188 0.013088
0.009187 0.012752
0.009184 0.009784
0.009178 0.010470
0.009178 0.014961
0.009169 0.010254
0.009155 0.012067
0.009135 0.009504
0.009128 0.012546
0.009115 0.011187
0.009113 0.010264
0.009074 0.009353
0.009069 0.009589
0.009068 0.010194
0.009058 0.009334
0.009050 0.009206
0.009047 0.011887
0.009043 0.009139
0.009043 0.010463
0.009039 0.010045
0.009038 0.009416
0.009036 0.011460
0.009031 0.010803
0.009015 0.009064
0.009003 0.010804
0.008997 0.010232
0.008996 0.009384
0.008994 0.015194
0.008992 0.012143
0.008988 0.009830
0.008984 0.010918
0.008983 0.014201
0.008980 0.009406
0.008980 0.012262
0.008979 0.009166
0.008959 0.009260
0.008959 0.011566
0.008959 0.009955
0.008937 0.010129
0.008923 0.013997
0.008904 0.009038
0.008894 0.015424
0.008892 0.013679
0.008890 0.012363
0.008879 0.013734
0.008868 0.012319
0.008864 0.017134
0.008863 0.010180
0.008846 0.016759
0.008841 0.011633
0.008826 0.015631
0.008822 0.008978
0.008821 0.009169
0.008818 0.010670
0.008805 0.009301
0.008802 0.010236
0.008796 0.008928
0.008779 0.009985
0.008771 0.008865
0.008766 0.015544
0.008753 0.009022
0.008739 0.008855
0.008734 0.009321
0.008721 0.009705
0.008721 0.011759
0.008712 0.010896
0.008709 0.011812
0.008707 0.013046
0.008706 0.008897
0.008705 0.010743
0.008705 0.010279
0.008699 0.016555
0.008696 0.009229
0.008692 0.016158
0.008686 0.009178
0.008677 0.009686
0.008667 0.008852
0.008665 0.008915
0.008664 0.009312
0.008647 0.016427
0.008644 0.009167
0.008620 0.011700
0.008614 0.017087
0.008613 0.008633
0.008601 0.009598
0.008594 0.019337
0.008594 0.009701
0.008566 0.008868
0.008565 0.012720
0.008563 0.009781
0.008541 0.008605
0.008541 0.010897
0.008540 0.013146
0.008540 0.009252
0.008507 0.008690
0.008497 0.008585
0.008494 0.009431
0.008492 0.009872
0.008488 0.011942
0.008482 0.012177
0.008469 0.009338
0.008469 0.009056
0.008465 0.009488
0.008455 0.010776
0.008437 0.008542
0.008430 0.010214
0.008429 0.011042
0.008427 0.014118
0.008424 0.008758
0.008424 0.011413
0.008422 0.008938
0.008418 0.009223
0.008418 0.011204
0.008407 0.014525
0.008406 0.008806
0.008403 0.009502
0.008403 0.010579
0.008391 0.009292
0.008383 0.013084
0.008380 0.009865
0.008370 0.008774
0.008370 0.008408
0.008369 0.008556
0.008349 0.008565
0.008346 0.008741
0.008345 0.012757
0.008325 0.009600
0.008322 0.010719
0.008319 0.009502
0.008306 0.012172
0.008306 0.011606
0.008301 0.011212
0.008295 0.008617
0.008293 0.010233
0.008269 0.017339
0.008261 0.011114
0.008257 0.012589
0.008251 0.014584
0.008245 0.011228
0.008240 0.008260
0.008236 0.012028
0.008234 0.008871
0.008225 0.008428
0.008211 0.009836
0.008203 0.015757
0.008182 0.008953
0.008171 0.016189
0.008169 0.008550
0.008168 0.009051
0.008157 0.012875
0.008152 0.008463
0.008150 0.010697
0.008148 0.011319
0.008143 0.009214
0.008140 0.008590
0.008132 0.008416
0.008130 0.008594
0.008119 0.009260
0.008119 0.009276
0.008096 0.012016
0.008095 0.009046
0.008095 0.008429
0.008092 0.011447
0.008077 0.018248
0.008069 0.010727
0.008048 0.014324
0.008045 0.012474
0.008044 0.008416
0.008013 0.009085
0.007997 0.008023
0.007987 0.009702
0.007983 0.009425
0.007967 0.012157
0.007965 0.008811
0.007957 0.014606
0.007956 0.008161
0.007951 0.009123
0.007951 0.011217
0.007949 0.008770
0.007933 0.013327
0.007931 0.012246
0.007918 0.008249
0.007911 0.011306
0.007905 0.008254
0.007904 0.008757
0.007893 0.008075
0.007881 0.008173
0.007875 0.009397
0.007874 0.008488
0.007857 0.007896
0.007844 0.014014
0.007842 0.009367
0.007840 0.008093
0.007837 0.010706
0.007834 0.011572
0.007830 0.007850
0.007806 0.008282
0.007803 0.010804
0.007791 0.011469
0.007780 0.016349
0.007776 0.011708
0.007772 0.007781
0.007758 0.016086
0.007753 0.008778
0.007752 0.008346
0.007750 0.008980
0.007748 0.009237
0.007733 0.014625
0.007733 0.013406
0.007724 0.008621
0.007722 0.014219
0.007713 0.010330
0.007700 0.014091
0.007700 0.010870
0.007697 0.009194
0.007692 0.008053
0.007686 0.008536
0.007678 0.012080
0.007675 0.012822
0.007669 0.008873
0.007668 0.009225
0.007664 0.010297
0.007659 0.009270
0.007657 0.009652
0.007654 0.009342
0.007653 0.009157
0.007641 0.008040
0.007627 0.009355
0.007626 0.007733
0.007604 0.008727
0.007599 0.009237
0.007586 0.007918
0.007584 0.011798
0.007583 0.009320
0.007580 0.007599
0.007576 0.015170
0.007571 0.008068
0.007567 0.008073
0.007566 0.007728
0.007566 0.008315
0.007564 0.015596
0.007557 0.012316
0.007555 0.010485
0.007552 0.014227
0.007548 0.010879
0.007548 0.009171
0.007547 0.008252
0.007547 0.008993
0.007546 0.009415
0.007542 0.008610
0.007530 0.008268
0.007524 0.012206
0.007514 0.010971
0.007503 0.009070
0.007502 0.007666
0.007499 0.011586
0.007496 0.007970
0.007477 0.008366
0.007477 0.008589
0.007470 0.014513
0.007464 0.007706
0.007459 0.008242
0.007447 0.009031
0.007444 0.008931
0.007443 0.007625
0.007439 0.011759
0.007436 0.010074
0.007431 0.007803
0.007428 0.007521
0.007428 0.010476
0.007420 0.009276
0.007409 0.007685
0.007408 0.012116
0.007400 0.011484
0.007399 0.009412
0.007394 0.009768
0.007390 0.010366
0.007384 0.008476
0.007370 0.010033
0.007370 0.010026
0.007362 0.009360
0.007357 0.008771
0.007353 0.009833
0.007349 0.007822
0.007341 0.008865
0.007340 0.008987
0.007340 0.008221
0.007335 0.010163
0.007324 0.011057
0.007312 0.010034
0.007308 0.009635
0.007307 0.011389
0.007304 0.007739
0.007304 0.007450
0.007303 0.008247
0.007303 0.010037
0.007300 0.008488
0.007297 0.007388
0.007297 0.007866
0.007294 0.009114
0.007288 0.007447
0.007287 0.010265
0.007286 0.007696
0.007285 0.008347
0.007285 0.009807
0.007285 0.012837
0.007284 0.007520
0.007280 0.008567
0.007279 0.009206
0.007271 0.007797
0.007265 0.007403
0.007259 0.010851
0.007258 0.010289
0.007252 0.007500
0.007245 0.007785
0.007244 0.007596
0.007244 0.007736
0.007242 0.009123
0.007240 0.010517
0.007234 0.009124
0.007233 0.013222
0.007224 0.007866
0.007217 0.012062
0.007208 0.009275
0.007201 0.008132
0.007190 0.008136
0.007185 0.007325
0.007178 0.007929
0.007174 0.007636
0.007172 0.007539
0.007171 0.007214
0.007169 0.011806
0.007153 0.007712
0.007150 0.008779
0.007145 0.007572
0.007132 0.007321
0.007129 0.008884
0.007128 0.010260
0.007126 0.008914
0.007115 0.007987
0.007111 0.007354
0.007108 0.007862
0.007106 0.015462
0.007099 0.007800
0.007095 0.009534
0.007087 0.007830
0.007086 0.007650
0.007069 0.008041
0.007063 0.009491
0.007060 0.007715
0.007059 0.007191
0.007039 0.007448
0.007036 0.010469
0.007030 0.011697
0.007028 0.007103
0.007025 0.008860
0.007024 0.007102
0.007022 0.007230
0.007020 0.007807
0.007020 0.008396
0.007016 0.007093
0.007015 0.008547
0.007009 0.007781
0.006997 0.008381
0.006997 0.007737
0.006995 0.007530
0.006980 0.007313
0.006970 0.007253
0.006966 0.009334
0.006966 0.008065
0.006965 0.010567
0.006963 0.006987
0.006962 0.008141
0.006954 0.009148
0.006952 0.012335
0.006951 0.008600
0.006950 0.007604
0.006941 0.009963
0.006938 0.007561
0.006930 0.007843
0.006927 0.007417
0.006926 0.007014
0.006926 0.007225
0.006918 0.010279
0.006914 0.010630
0.006901 0.007595
0.006897 0.010170
0.006895 0.007834
0.006895 0.007436
0.006895 0.007374
0.006894 0.009274
0.006887 0.009112
0.006882 0.008206
0.006869 0.007134
0.006866 0.011514
0.006864 0.007884
0.006857 0.007439
0.006846 0.010710
0.006835 0.008065
0.006815 0.007970
0.006814 0.006838
0.006803 0.008692
0.006801 0.007903
0.006800 0.009298
0.006800 0.012498
0.006797 0.008353
0.006787 0.011480
0.006785 0.011444
0.006783 0.008225
0.006782 0.013139
0.006781 0.007259
0.006781 0.007063
0.006779 0.007713
0.006779 0.007057
0.006779 0.008761
0.006777 0.010231
0.006772 0.007426
0.006771 0.007690
0.006771 0.010005
0.006764 0.010033
0.006763 0.006989
0.006763 0.007429
0.006754 0.007556
0.006748 0.014764
0.006746 0.007410
0.006746 0.006969
0.006729 0.012624
0.006727 0.007485
0.006705 0.008976
0.006704 0.008711
0.006703 0.013101
0.006703 0.007132
0.006694 0.006812
0.006691 0.013204
0.006684 0.006933
0.006682 0.008887
0.006676 0.006823
0.006673 0.008367
0.006663 0.007919
0.006662 0.007634
0.006660 0.007593
0.006658 0.006966
0.006640 0.009424
0.006634 0.007135
0.006632 0.006742
0.006629 0.006897
0.006624 0.008804
0.006614 0.007035
0.006613 0.007295
0.006611 0.007461
0.006601 0.007309
0.006598 0.014080
0.006597 0.007263
0.006580 0.006946
0.006576 0.010644
0.006571 0.007554
0.006567 0.006652
0.006562 0.008873
0.006560 0.006738
0.006559 0.007282
0.006557 0.007636
0.006550 0.007466
0.006549 0.006557
0.006541 0.011479
0.006526 0.007785
0.006517 0.011116
0.006506 0.007049
0.006505 0.006878
0.006503 0.006682
0.006503 0.007973
0.006494 0.007183
0.006492 0.007926
0.006484 0.009459
0.006476 0.007486
0.006474 0.009760
0.006465 0.007749
0.006462 0.006829
0.006462 0.009652
0.006456 0.007266
0.006454 0.006472
0.006454 0.006538
0.006441 0.009036
0.006437 0.007138
0.006431 0.010728
0.006426 0.009220
0.006425 0.006868
0.006411 0.007187
0.006409 0.006975
0.006399 0.007446
0.006396 0.006679
0.006395 0.006833
0.006392 0.007350
0.006381 0.008405
0.006375 0.008774
0.006374 0.006523
0.006373 0.008045
0.006365 0.012108
0.006365 0.008271
0.006359 0.006673
0.006358 0.010154
0.006356 0.006664
0.006356 0.006816
0.006355 0.006520
0.006354 0.006449
0.006351 0.006913
0.006351 0.007862
0.006349 0.006498
0.006344 0.006739
0.006343 0.008506
0.006341 0.010466
0.006341 0.008935
0.006334 0.007644
0.006330 0.006837
0.006323 0.007098
0.006308 0.007104
0.006301 0.008669
0.006298 0.010054
0.006294 0.006547
0.006286 0.006574
0.006284 0.008307
0.006278 0.010999
0.006278 0.006584
0.006275 0.006882
0.006275 0.006723
0.006263 0.006560
0.006259 0.006449
0.006256 0.008604
0.006255 0.006443
0.006250 0.008062
0.006250 0.006621
0.006247 0.006781
0.006233 0.008365
0.006231 0.009069
0.006231 0.006348
0.006230 0.006837
0.006225 0.006498
0.006219 0.008834
0.006208 0.006745
0.006202 0.006323
0.006197 0.006619
0.006192 0.006609
0.006185 0.008243
0.006183 0.006250
0.006174 0.008505
0.006171 0.008135
0.006166 0.007031
0.006155 0.006860
0.006153 0.006178
0.006146 0.007421
0.006137 0.007250
0.006133 0.009046
0.006126 0.007021
0.006125 0.006259
0.006108 0.006151
0.006104 0.006121
0.006103 0.012334
0.006096 0.007677
0.006090 0.006168
0.006087 0.009248
0.006084 0.007541
0.006076 0.006327
0.006072 0.006228
0.006069 0.006350
0.006066 0.007839
0.006064 0.007254
0.006060 0.014241
0.006054 0.011561
0.006048 0.007853
0.006048 0.008987
0.006046 0.006222
0.006042 0.008878
0.006037 0.009035
0.006037 0.006575
0.006036 0.007198
0.006034 0.006304
0.006033 0.006875
0.006028 0.006347
0.006022 0.007669
0.006021 0.007116
0.006021 0.006121
0.006015 0.011898
0.006012 0.010355
0.006000 0.008510
0.005997 0.006301
0.005994 0.006252
0.005991 0.006493
0.005988 0.012053
0.005974 0.007080
0.005965 0.007398
0.005961 0.006304
0.005961 0.006790
0.005960 0.006726
0.005957 0.006057
0.005949 0.007015
0.005948 0.006903
0.005943 0.007934
0.005942 0.008217
0.005941 0.007134
0.005941 0.007366
0.005940 0.007705
0.005940 0.006263
0.005938 0.009158
0.005937 0.006885
0.005935 0.006175
0.005934 0.006046
0.005927 0.008643
0.005924 0.006202
0.005923 0.007128
0.005919 0.010974
0.005910 0.005919
0.005903 0.008824
0.005903 0.009416
0.005898 0.011116
0.005891 0.006710
0.005890 0.007323
0.005889 0.006078
0.005877 0.010133
0.005876 0.010006
0.005875 0.006367
0.005874 0.007438
0.005870 0.007722
0.005869 0.007356
0.005865 0.006707
0.005864 0.009872
0.005861 0.008604
0.005860 0.009229
0.005854 0.006068
0.005847 0.010472
0.005823 0.007362
0.005823 0.007638
0.005816 0.007505
0.005812 0.007614
0.005803 0.008169
0.005801 0.007518
0.005800 0.007548
0.005797 0.009680
0.005793 0.006961
0.005776 0.007420
0.005776 0.007455
0.005775 0.005883
0.005775 0.007524
0.005772 0.006715
0.005768 0.009790
0.005766 0.007274
0.005763 0.007034
0.005759 0.006416
0.005758 0.010431
0.005738 0.007797
0.005738 0.009460
0.005722 0.005761
0.005718 0.007004
0.005711 0.006083
0.005710 0.005857
0.005708 0.005935
0.005706 0.005841
0.005703 0.005709
0.005690 0.006197
0.005688 0.005808
0.005675 0.009904
0.005664 0.007539
0.005662 0.006514
0.005660 0.006312
0.005656 0.007065
0.005644 0.005781
0.005643 0.007307
0.005635 0.007647
0.005634 0.005748
0.005630 0.005730
0.005623 0.010693
0.005621 0.009383
0.005618 0.006164
0.005616 0.007066
0.005612 0.005998
0.005612 0.007717
0.005612 0.010590
0.005611 0.008550
0.005610 0.005960
0.005604 0.007723
0.005596 0.005858
0.005590 0.005765
0.005589 0.010676
0.005586 0.007235
0.005584 0.007352
0.005582 0.006408
0.005570 0.006336
0.005564 0.006717
0.005561 0.005587
0.005560 0.005898
0.005559 0.005633
0.005554 0.008925
0.005544 0.007178
0.005542 0.005560
0.005533 0.005900
0.005532 0.009725
0.005527 0.008749
0.005525 0.005752
0.005521 0.005890
0.005520 0.009344
0.005515 0.007268
0.005512 0.006724
0.005507 0.005982
0.005500 0.008188
0.005500 0.007216
0.005495 0.006090
0.005485 0.006148
0.005470 0.006116
0.005441 0.008090
0.005436 0.006940
0.005434 0.005437
0.005430 0.007784
0.005429 0.005821
0.005424 0.005474
0.005424 0.005523
0.005423 0.006233
0.005421 0.005638
0.005418 0.005963
0.005413 0.007086
0.005412 0.005505
0.005411 0.005994
0.005408 0.005529
0.005406 0.007137
0.005402 0.005772
0.005400 0.008419
0.005397 0.005815
0.005395 0.009981
0.005395 0.006191
0.005394 0.010151
0.005393 0.006198
0.005391 0.006116
0.005391 0.006061
0.005391 0.005607
0.005390 0.005503
0.005390 0.005487
0.005365 0.006710
0.005364 0.007242
0.005363 0.005775
0.005363 0.005560
0.005359 0.006021
0.005359 0.008977
0.005352 0.005555
0.005349 0.008418
0.005348 0.005501
0.005339 0.006089
0.005331 0.007907
0.005311 0.006237
0.005303 0.005751
0.005293 0.005849
0.005293 0.006236
0.005290 0.005987
0.005279 0.005706
0.005277 0.005886
0.005273 0.006185
0.005268 0.006167
0.005265 0.005739
0.005263 0.006859
0.005262 0.005702
0.005236 0.006622
0.005236 0.007692
0.005235 0.006060
0.005235 0.005472
0.005235 0.007212
0.005233 0.005978
0.005227 0.005384
0.005224 0.005769
0.005214 0.005868
0.005212 0.006978
0.005211 0.007087
0.005210 0.010872
0.005207 0.005410
0.005205 0.005303
0.005200 0.005412
0.005183 0.005647
0.005175 0.007255
0.005175 0.005581
0.005174 0.010869
0.005172 0.007265
0.005171 0.006835
0.005168 0.006500
0.005164 0.005620
0.005163 0.006907
0.005163 0.006975
0.005154 0.005323
0.005154 0.006520
0.005154 0.009154
0.005153 0.005809
0.005150 0.005166
0.005148 0.007483
0.005148 0.007163
0.005147 0.005353
0.005147 0.006010
0.005145 0.005815
0.005144 0.006777
0.005143 0.006121
0.005139 0.010787
0.005124 0.008280
0.005123 0.006182
0.005123 0.005178
0.005121 0.006248
0.005121 0.007818
0.005120 0.005600
0.005110 0.006249
0.005109 0.005298
0.005104 0.005150
0.005098 0.005240
0.005098 0.006054
0.005094 0.005719
0.005092 0.010265
0.005086 0.005206
0.005084 0.005447
0.005080 0.005584
0.005079 0.005381
0.005068 0.008479
0.005064 0.005120
0.005056 0.005314
0.005054 0.007513
0.005052 0.006168
0.005046 0.006390
0.005037 0.005513
0.005026 0.007312
0.005024 0.006217
0.005022 0.007926
0.005020 0.005192
0.005018 0.005554
0.005014 0.005803
0.005012 0.005998
0.005012 0.005026
0.005011 0.005712
0.005008 0.006865
0.005006 0.005653
0.004995 0.005777
0.004994 0.006529
0.004987 0.007181
0.004987 0.005598
0.004986 0.006704
0.004986 0.006800
0.004977 0.008701
0.004975 0.009334
0.004974 0.007033
0.004974 0.007708
0.004967 0.005654
0.004967 0.005032
0.004964 0.006768
0.004958 0.005469
0.004954 0.008484
0.004953 0.005669
0.004946 0.005043
0.004946 0.004975
0.004943 0.007717
0.004941 0.006675
0.004941 0.005075
0.004937 0.006512
0.004937 0.005021
0.004931 0.004996
0.004929 0.005058
0.004922 0.011452
0.004920 0.005404
0.004919 0.006081
0.004915 0.007956
0.004914 0.007281
0.004903 0.005236
0.004896 0.006361
0.004895 0.005367
0.004892 0.011652
0.004891 0.005985
0.004890 0.004945
0.004890 0.005715
0.004876 0.005402
0.004875 0.006022
0.004873 0.005242
0.004872 0.011262
0.004871 0.006379
0.004869 0.005010
0.004865 0.006237
0.004860 0.005972
0.004857 0.006199
0.004855 0.004889
0.004851 0.006811
0.004850 0.009082
0.004845 0.004937
0.004843 0.007275
0.004841 0.005393
0.004839 0.006050
0.004834 0.005441
0.004833 0.006534
0.004832 0.005385
0.004827 0.008789
0.004826 0.009276
0.004817 0.005783
0.004814 0.009349
0.004813 0.004946
0.004807 0.008659
0.004801 0.005390
0.004798 0.005596
0.004797 0.007981
0.004795 0.004822
0.004792 0.008806
0.004792 0.007407
0.004787 0.005395
0.004785 0.006272
0.004785 0.004905
0.004778 0.005320
0.004765 0.006862
0.004758 0.005420
0.004755 0.007995
0.004745 0.005328
0.004743 0.005921
0.004742 0.006221
0.004741 0.005428
0.004738 0.005256
0.004728 0.008665
0.004727 0.005712
0.004723 0.005630
0.004720 0.005210
0.004718 0.005253
0.004716 0.006200
0.004715 0.006498
0.004714 0.004859
0.004711 0.004974
0.004708 0.006039
0.004698 0.006013
0.004692 0.006148
0.004687 0.005719
0.004686 0.004709
0.004685 0.005191
0.004684 0.007730
0.004679 0.004993
0.004673 0.009138
0.004662 0.005210
0.004662 0.005757
0.004656 0.004857
0.004655 0.005778
0.004653 0.005234
0.004652 0.005748
0.004651 0.005618
0.004651 0.005151
0.004647 0.008919
0.004644 0.004691
0.004644 0.006214
0.004644 0.008047
0.004633 0.005084
0.004624 0.005569
0.004623 0.005391
0.004612 0.010564
0.004610 0.006279
0.004609 0.005034
0.004608 0.004708
0.004606 0.005202
0.004601 0.006208
0.004600 0.009118
0.004591 0.004605
0.004587 0.007707
0.004578 0.009465
0.004577 0.004981
0.004568 0.005438
0.004566 0.005701
0.004565 0.004971
0.004563 0.008001
0.004560 0.004781
0.004560 0.006971
0.004554 0.005038
0.004553 0.004694
0.004552 0.005197
0.004550 0.004863
0.004549 0.009116
0.004548 0.004814
0.004546 0.004710
0.004542 0.007334
0.004536 0.004557
0.004532 0.007316
0.004530 0.009532
0.004523 0.004604
0.004516 0.004535
0.004513 0.005520
0.004509 0.008424
0.004507 0.004594
0.004502 0.004682
0.004501 0.007235
0.004491 0.005570
0.004485 0.005283
0.004481 0.005822
0.004476 0.005438
0.004474 0.005636
0.004468 0.005047
0.004466 0.005789
0.004465 0.007329
0.004461 0.009110
0.004453 0.004835
0.004451 0.005294
0.004445 0.007353
0.004445 0.004930
0.004444 0.004822
0.004443 0.005533
0.004441 0.006726
0.004436 0.008033
0.004428 0.005319
0.004424 0.005075
0.004421 0.005479
0.004418 0.005826
0.004403 0.009251
0.004402 0.010639
0.004399 0.004951
0.004398 0.004525
0.004387 0.004741
0.004374 0.008748
0.004372 0.005741
0.004363 0.004516
0.004358 0.004397
0.004353 0.005486
0.004352 0.004434
0.004346 0.009859
0.004342 0.005570
0.004341 0.004429
0.004338 0.006501
0.004337 0.005375
0.004336 0.006194
0.004325 0.004622
0.004319 0.009132
0.004314 0.006703
0.004309 0.004524
0.004306 0.010107
0.004300 0.005852
0.004299 0.006872
0.004296 0.004366
0.004292 0.007913
0.004289 0.008766
0.004286 0.010484
0.004280 0.004678
0.004279 0.007726
0.004263 0.008176
0.004260 0.004566
0.004256 0.004486
0.004252 0.007879
0.004249 0.004587
0.004247 0.005063
0.004247 0.004269
0.004244 0.005084
0.004241 0.004474
0.004240 0.005475
0.004231 0.005281
0.004230 0.004594
0.004221 0.008434
0.004216 0.004259
0.004209 0.005311
0.004207 0.004435
0.004197 0.004353
0.004194 0.006806
0.004193 0.004625
0.004175 0.006706
0.004173 0.005084
0.004168 0.004201
0.004158 0.004309
0.004157 0.006126
0.004150 0.006072
0.004150 0.004634
0.004150 0.005338
0.004148 0.004251
0.004146 0.005144
0.004140 0.005753
0.004138 0.004461
0.004109 0.010153
0.004109 0.004214
0.004087 0.004309
0.004079 0.007217
0.004069 0.005987
0.004050 0.005840
0.004049 0.004222
0.004047 0.004346
0.004025 0.004429
0.004019 0.004034
0.004012 0.005254
0.004011 0.005174
0.004005 0.007621
0.003989 0.004071
0.003985 0.004577
0.003976 0.004269
0.003974 0.004352
0.003974 0.007460
0.003971 0.007350
0.003960 0.005182
0.003959 0.003964
0.003956 0.004341
0.003930 0.004039
0.003924 0.004157
0.003920 0.005162
0.003917 0.004623
0.003908 0.004665
0.003889 0.003997
0.003885 0.004042
0.003885 0.004609
0.003853 0.005271
0.003852 0.004457
0.003844 0.003898
0.003843 0.004008
0.003842 0.003938
0.003839 0.004743
0.003837 0.005778
0.003835 0.004786
0.003825 0.004048
0.003820 0.005022
0.003813 0.004080
0.003812 0.006829
0.003806 0.009059
0.003790 0.008323
0.003777 0.004071
0.003776 0.005109
0.003760 0.005188
0.003758 0.004085
0.003753 0.005169
0.003746 0.004243
0.003741 0.003903
0.003728 0.004045
0.003723 0.003799
0.003720 0.004150
0.003718 0.005045
0.003705 0.004247
0.003690 0.003998
0.003677 0.004219
0.003667 0.003680
0.003662 0.004194
0.003656 0.003946
0.003655 0.003719
0.003646 0.004562
0.003635 0.003708
0.003624 0.003862
0.003622 0.003628
0.003609 0.008742
0.003608 0.003688
0.003602 0.003604
0.003590 0.004220
0.003581 0.003913
0.003580 0.003698
0.003571 0.003639
0.003568 0.003868
0.003567 0.003619
0.003562 0.003637
0.003562 0.005427
0.003552 0.007603
0.003544 0.003883
0.003522 0.004125
0.003521 0.003531
0.003504 0.004243
0.003485 0.003772
0.003480 0.003860
0.003467 0.003658
0.003465 0.003694
0.003456 0.003582
0.003450 0.005250
0.003449 0.004105
0.003447 0.004061
0.003441 0.003902
0.003435 0.003450
0.003431 0.003577
0.003426 0.005354
0.003414 0.003584
0.003411 0.004443
0.003376 0.004004
0.003357 0.004537
0.003349 0.003564
0.003338 0.006002
0.003335 0.004817
0.003330 0.003806
0.003318 0.003332
0.003313 0.005427
0.003309 0.003324
0.003294 0.003362
0.003285 0.004307
0.003270 0.003937
0.003221 0.004023
0.003212 0.003261
0.003200 0.003776
0.003188 0.004408
0.003187 0.003641
0.003186 0.007397
0.003184 0.003617
0.003174 0.003905
0.003172 0.003196
0.003167 0.004506
0.003154 0.005203
0.003143 0.003959
0.003143 0.003269
0.003134 0.003369
0.003130 0.003461
0.003124 0.003424
0.003118 0.003577
0.003109 0.003246
0.003103 0.004279
0.003087 0.003321
0.003081 0.004147
0.003077 0.003641
0.003060 0.003122
0.003040 0.003409
0.003023 0.003747
0.003008 0.003977
0.002995 0.003382
0.002988 0.003173
0.002979 0.003695
0.002945 0.003324
0.002940 0.003294
0.002936 0.003673
0.002915 0.003443
0.002898 0.003473
0.002839 0.003365
0.002823 0.003093
0.002818 0.002846
0.002801 0.002974
0.002773 0.003210
0.002762 0.002795
0.002759 0.002937
0.002753 0.002850
0.002743 0.003696
0.002738 0.003071
0.002736 0.003100
0.002707 0.002908
0.002706 0.002793
0.002673 0.002908
0.002644 0.005278
0.002639 0.003034
0.002612 0.003228
0.002611 0.002806
0.002610 0.002759
0.002574 0.002674
0.002571 0.002712
0.002567 0.002824
0.002561 0.002652
0.002551 0.003147
0.002547 0.002815
0.002531 0.002957
0.002526 0.002730
0.002491 0.002577
0.002478 0.002640
0.002363 0.002445
0.002271 0.002468
0.002262 0.002575
0.002218 0.002627
0.002086 0.002362
0.002076 0.002230
0.001903 0.002078
0.001881 0.001992
0.001836 0.002024
0.001586 0.001661
0.001568 0.001701
0.001441 0.001704
