0.402335 0.415805
0.182341 0.239186
0.124036 0.132680
0.115583 0.126791
0.111693 0.129774
0.100424 0.149660
0.098750 0.113066
0.092801 0.096183
0.084956 0.094703
0.083720 0.119103
0.080844 0.090056
0.075105 0.082628
0.074338 0.121985
0.072814 0.076868
0.070170 0.084644
0.070150 0.090755
0.066827 0.082355
0.064052 0.068407
0.063578 0.102867
0.063504 0.080845
0.063052 0.064605
0.062746 0.064627
0.061794 0.065471
0.059528 0.068205
0.059082 0.061596
0.058495 0.065165
0.057465 0.067768
0.057304 0.062335
0.056585 0.057811
0.055352 0.070090
0.055325 0.069981
0.053755 0.062169
0.052946 0.072866
0.051544 0.063745
0.051272 0.062980
0.050991 0.059906
0.050869 0.060171
0.050644 0.051240
0.048270 0.077443
0.046907 0.057696
0.046689 0.047395
0.046272 0.048894
0.045237 0.068999
0.045092 0.060511
0.044872 0.048763
0.044697 0.046189
0.044137 0.044217
0.044021 0.045414
0.043877 0.057987
0.042853 0.057125
0.041897 0.060709
0.041561 0.046397
0.040666 0.050502
0.040647 0.043792
0.040462 0.042562
0.039621 0.047565
0.039560 0.040801
0.039558 0.039630
0.039310 0.050159
0.039107 0.039447
0.038615 0.038733
0.038446 0.040858
0.038016 0.039988
0.037644 0.054675
0.037461 0.041576
0.037035 0.037543
0.037024 0.037699
0.036849 0.037001
0.036816 0.040174
0.036575 0.039990
0.036464 0.051506
0.036293 0.054933
0.036185 0.044842
0.035515 0.036299
0.035370 0.036014
0.035370 0.036691
0.035125 0.041121
0.035082 0.040860
0.035008 0.040988
0.035002 0.043514
0.034883 0.035283
0.034778 0.038737
0.034627 0.034710
0.034558 0.036426
0.034396 0.046821
0.034323 0.058467
0.034093 0.036600
0.034041 0.037152
0.033683 0.034129
0.033395 0.035572
0.033338 0.039191
0.033230 0.035955
0.032754 0.036681
0.032560 0.039524
0.032557 0.032864
0.032488 0.034422
0.032406 0.037059
0.032166 0.038897
0.032143 0.052072
0.031724 0.038292
0.031215 0.038699
0.031203 0.042783
0.031158 0.043800
0.031110 0.031462
0.031065 0.034505
0.030995 0.034170
0.030974 0.033646
0.030788 0.051110
0.030583 0.036132
0.030376 0.071413
0.030342 0.033236
0.030321 0.042270
0.030084 0.042253
0.029726 0.031962
0.029516 0.033595
0.029318 0.070844
0.029270 0.033772
0.028962 0.042591
0.028822 0.032438
0.028780 0.035923
0.028622 0.031360
0.028606 0.029739
0.028221 0.029826
0.028219 0.028349
0.028117 0.032821
0.028098 0.038070
0.027901 0.037636
0.027682 0.030826
0.027632 0.036339
0.027494 0.046091
0.027472 0.028276
0.026965 0.031049
0.026897 0.045291
0.026778 0.032722
0.026715 0.030827
0.026692 0.028226
0.026655 0.026731
0.026261 0.030057
0.026083 0.026301
0.026031 0.026631
0.025955 0.031030
0.025855 0.027918
0.025850 0.028239
0.025780 0.030438
0.025752 0.026823
0.025700 0.028134
0.025559 0.027441
0.025526 0.026869
0.025443 0.026013
0.025433 0.039173
0.025421 0.045011
0.025347 0.034077
0.025326 0.029542
0.025305 0.039619
0.025261 0.025538
0.025244 0.040057
0.025219 0.029773
0.025173 0.035012
0.025171 0.027893
0.025154 0.027445
0.025109 0.047945
0.025106 0.031886
0.024966 0.027828
0.024667 0.026536
0.024579 0.049831
0.024574 0.029079
0.024547 0.027075
0.024509 0.042187
0.024436 0.027779
0.024428 0.027872
0.024231 0.025421
0.024226 0.028172
0.024128 0.032388
0.023986 0.040949
0.023897 0.023962
0.023892 0.024840
0.023675 0.027520
0.023449 0.026767
0.023373 0.031595
0.023347 0.036256
0.023049 0.024864
0.022887 0.026376
0.022869 0.050990
0.022860 0.031321
0.022796 0.027710
0.022741 0.026840
0.022396 0.029518
0.022316 0.026578
0.022144 0.024845
0.022084 0.023120
0.022010 0.028089
0.021829 0.024153
0.021801 0.031627
0.021558 0.028514
0.021531 0.022049
0.021297 0.023780
0.021035 0.021941
0.021007 0.030178
0.020941 0.021916
0.020940 0.022762
0.020698 0.032211
0.020328 0.035385
0.020250 0.023276
0.020052 0.020994
0.019774 0.029625
0.019605 0.024744
0.019549 0.031785
0.019500 0.027395
0.019350 0.024721
0.019349 0.019429
0.019326 0.020362
0.019177 0.023186
0.019155 0.019710
0.019042 0.022588
0.019013 0.019344
0.018889 0.019722
0.018711 0.031047
0.018639 0.020043
0.018618 0.022705
0.018612 0.020923
0.018559 0.019301
0.018496 0.020517
0.018473 0.019169
0.018424 0.022504
0.018350 0.023545
0.018262 0.027823
0.018254 0.022174
0.018223 0.023299
0.018211 0.018417
0.018179 0.018791
0.018121 0.018147
0.018075 0.020524
0.018062 0.020273
0.018050 0.019579
0.018048 0.043198
0.018042 0.022551
0.018035 0.026072
0.018020 0.020662
0.017981 0.025615
0.017981 0.018693
0.017953 0.023051
0.017907 0.018516
0.017845 0.028193
0.017812 0.021453
0.017656 0.024517
0.017531 0.028704
0.017265 0.018077
0.017251 0.018198
0.017248 0.017609
0.017219 0.020520
0.017038 0.017572
0.017021 0.017757
0.017005 0.021131
0.016980 0.019215
0.016922 0.019918
0.016909 0.017931
0.016816 0.026985
0.016753 0.018301
0.016747 0.018046
0.016702 0.021422
0.016688 0.020239
0.016678 0.021455
0.016630 0.016668
0.016571 0.018747
0.016547 0.029011
0.016546 0.024636
0.016446 0.026802
0.016417 0.016515
0.016373 0.022944
0.016362 0.018475
0.016361 0.016665
0.016336 0.017193
0.016303 0.020621
0.016245 0.019941
0.016180 0.017480
0.016173 0.022147
0.016135 0.016534
0.016108 0.017766
0.016062 0.018701
0.016057 0.016553
0.015993 0.017005
0.015959 0.019372
0.015938 0.017174
0.015843 0.021405
0.015827 0.016981
0.015773 0.016664
0.015746 0.016406
0.015737 0.016370
0.015697 0.016274
0.015674 0.015791
0.015671 0.017822
0.015615 0.024179
0.015589 0.015997
0.015561 0.015724
0.015510 0.017363
0.015425 0.015666
0.015409 0.015417
0.015358 0.018586
0.015337 0.016794
0.015333 0.015581
0.015270 0.015955
0.015244 0.015900
0.015207 0.017750
0.015198 0.028065
0.015160 0.015366
0.015128 0.015577
0.015126 0.016433
0.015072 0.016743
0.015020 0.015371
0.015002 0.031585
0.014942 0.017996
0.014927 0.016002
0.014818 0.018402
0.014806 0.027627
0.014799 0.020755
0.014783 0.023132
0.014767 0.014906
0.014739 0.017049
0.014729 0.017377
0.014678 0.015293
0.014645 0.017589
0.014641 0.017340
0.014612 0.018971
0.014585 0.016198
0.014560 0.014822
0.014542 0.015482
0.014531 0.021925
0.014522 0.015252
0.014521 0.019233
0.014511 0.024702
0.014478 0.015118
0.014473 0.016385
0.014465 0.019989
0.014450 0.014954
0.014421 0.014957
0.014314 0.014511
0.014300 0.015334
0.014277 0.018049
0.014204 0.017478
0.014190 0.019811
0.014175 0.014550
0.014138 0.024743
0.014115 0.017932
0.014108 0.019945
0.014099 0.023342
0.014085 0.015520
0.014064 0.022095
0.014057 0.021086
0.014041 0.018510
0.014007 0.014323
0.013988 0.014677
0.013939 0.023065
0.013926 0.019100
0.013888 0.017840
0.013860 0.019504
0.013850 0.016939
0.013773 0.013862
0.013723 0.014059
0.013696 0.015733
0.013691 0.023920
0.013673 0.021927
0.013650 0.022689
0.013650 0.015300
0.013610 0.013698
0.013589 0.020041
0.013584 0.016217
0.013502 0.014511
0.013476 0.015436
0.013474 0.013863
0.013473 0.016031
0.013458 0.015705
0.013453 0.020861
0.013437 0.014641
0.013410 0.013934
0.013377 0.015992
0.013357 0.017235
0.013339 0.026963
0.013282 0.021053
0.013281 0.025124
0.013280 0.014780
0.013277 0.023501
0.013259 0.023467
0.013240 0.016686
0.013204 0.019128
0.013127 0.013708
0.013051 0.015373
0.013034 0.015386
0.013025 0.013844
0.012948 0.015362
0.012919 0.013672
0.012917 0.015658
0.012868 0.019957
0.012866 0.014751
0.012802 0.014080
0.012772 0.018304
0.012766 0.014446
0.012740 0.013784
0.012718 0.024957
0.012704 0.013455
0.012703 0.012808
0.012683 0.015157
0.012535 0.019251
0.012510 0.012998
0.012474 0.013371
0.012466 0.012674
0.012464 0.016596
0.012451 0.015222
0.012428 0.013088
0.012338 0.012477
0.012290 0.015712
0.012285 0.012355
0.012269 0.016755
0.012213 0.015889
0.012205 0.016470
0.012143 0.015427
0.012113 0.014081
0.012111 0.012841
0.012104 0.014465
0.012095 0.015899
0.012087 0.014337
0.012084 0.013003
0.012066 0.014679
0.012059 0.012761
0.012053 0.017742
0.012032 0.013763
0.012019 0.014626
0.012015 0.015071
0.011999 0.017396
0.011974 0.013194
0.011954 0.012178
0.011949 0.015450
0.011887 0.019490
0.011886 0.014550
0.011882 0.017598
0.011846 0.017346
0.011844 0.021906
0.011831 0.012875
0.011821 0.014094
0.011813 0.013401
0.011809 0.012179
0.011783 0.012045
0.011773 0.024113
0.011770 0.018403
0.011769 0.012543
0.011722 0.011741
0.011670 0.016755
0.011633 0.017940
0.011631 0.012123
0.011629 0.013743
0.011614 0.012610
0.011548 0.015228
0.011525 0.013428
0.011466 0.016881
0.011460 0.013978
0.011445 0.014799
0.011444 0.017072
0.011440 0.011987
0.011419 0.011837
0.011385 0.012803
0.011379 0.011876
0.011373 0.013785
0.011340 0.011377
0.011322 0.011355
0.011319 0.018068
0.011311 0.012555
0.011310 0.013615
0.011284 0.011436
0.011268 0.014272
0.011213 0.011963
0.011205 0.013314
0.011202 0.012568
0.011201 0.011569
0.011199 0.012222
0.011187 0.012249
0.011174 0.017082
0.011166 0.012019
0.011157 0.012579
0.011155 0.011982
0.011152 0.011265
0.011122 0.011979
0.011117 0.012010
0.011082 0.013698
0.011071 0.021981
0.011058 0.014659
0.011052 0.012346
0.011048 0.012761
0.011034 0.013606
0.011033 0.011034
0.011007 0.016972
0.010968 0.010977
0.010961 0.012052
0.010947 0.013204
0.010926 0.015156
0.010913 0.013907
0.010890 0.011070
0.010868 0.016489
0.010862 0.011468
0.010861 0.010889
0.010855 0.015581
0.010850 0.013497
0.010826 0.011483
0.010826 0.015375
0.010817 0.015934
0.010810 0.016183
0.010806 0.016358
0.010805 0.013614
0.010790 0.011283
0.010787 0.014453
0.010778 0.012265
0.010753 0.012998
0.010751 0.013031
0.010728 0.011949
0.010695 0.011186
0.010680 0.012769
0.010669 0.018236
0.010658 0.011008
0.010635 0.013260
0.010632 0.013125
0.010619 0.011220
0.010607 0.020195
0.010595 0.010715
0.010588 0.011011
0.010584 0.013395
0.010578 0.010804
0.010561 0.010993
0.010535 0.011352
0.010520 0.015844
0.010516 0.013468
0.010510 0.010527
0.010498 0.013344
0.010490 0.011440
0.010489 0.016305
0.010482 0.010875
0.010480 0.014629
0.010463 0.011066
0.010459 0.011670
0.010457 0.011607
0.010446 0.011990
0.010441 0.011404
0.010431 0.011494
0.010429 0.014184
0.010409 0.010906
0.010407 0.017325
0.010401 0.010677
0.010388 0.010922
0.010375 0.010883
0.010372 0.010966
0.010362 0.016786
0.010338 0.019122
0.010333 0.015119
0.010314 0.011367
0.010312 0.012664
0.010305 0.015888
0.010303 0.012656
0.010300 0.013470
0.010284 0.010345
0.010252 0.013496
0.010247 0.012068
0.010246 0.017080
0.010235 0.010802
0.010174 0.010790
0.010163 0.011208
0.010156 0.010287
0.010149 0.010998
0.010124 0.011569
0.010117 0.014264
0.010112 0.010879
0.010101 0.010129
0.010084 0.010172
0.010077 0.019612
0.010062 0.011574
0.010062 0.016436
0.010047 0.010281
0.010043 0.015962
0.010042 0.010073
0.010041 0.012856
0.010029 0.012175
0.010028 0.010505
0.010025 0.011865
0.010000 0.012900
0.009972 0.010700
0.009961 0.010501
0.009952 0.010050
0.009929 0.013255
0.009928 0.010436
0.009902 0.011680
0.009894 0.010025
0.009889 0.010911
0.009888 0.010947
0.009852 0.009982
0.009833 0.010395
0.009828 0.013578
0.009809 0.010427
0.009801 0.010269
0.009796 0.009956
0.009770 0.014783
0.009769 0.010234
0.009760 0.010506
0.009754 0.012989
0.009746 0.011651
0.009745 0.012124
0.009740 0.010598
0.009731 0.010724
0.009729 0.010444
0.009723 0.012369
0.009709 0.009914
0.009706 0.011639
0.009694 0.011407
0.009672 0.017902
0.009668 0.010265
0.009652 0.014105
0.009648 0.012150
0.009647 0.010673
0.009626 0.012837
0.009606 0.011361
0.009605 0.010440
0.009597 0.009775
0.009595 0.014512
0.009584 0.015849
0.009576 0.010735
0.009566 0.015157
0.009555 0.010026
0.009554 0.011472
0.009541 0.018478
0.009533 0.015638
0.009531 0.010891
0.009525 0.010788
0.009518 0.013891
0.009508 0.009838
0.009487 0.016212
0.009472 0.010014
0.009467 0.015538
0.009464 0.011250
0.009454 0.009639
0.009447 0.012364
0.009445 0.010798
0.009435 0.009874
0.009402 0.009434
0.009396 0.011102
0.009391 0.010616
0.009374 0.010124
0.009369 0.010689
0.009366 0.010021
0.009347 0.010940
0.009325 0.009420
0.009322 0.012058
0.009306 0.009345
0.009290 0.009826
0.009287 0.010476
0.009277 0.016488
0.009275 0.009311
0.009274 0.010296
0.009252 0.012999
0.009246 0.015214
0.009243 0.011760
0.009240 0.010766
0.009224 0.009874
0.009222 0.009830
0.009214 0.010067
0.009211 0.014244
0.009200 0.009699
0.009192 0.010233
0.009182 0.009949
0.009182 0.009599
0.009170 0.009187
0.009166 0.012277
0.009130 0.012739
0.009117 0.009194
0.009116 0.010279
0.009111 0.015041
0.009104 0.013136
0.009095 0.013894
0.009092 0.010972
0.009092 0.009776
0.009091 0.009539
0.009091 0.010867
0.009078 0.009324
0.009071 0.020646
0.009070 0.011932
0.009065 0.009141
0.009061 0.010114
0.009046 0.009722
0.009004 0.011216
0.009002 0.011232
0.009002 0.009687
0.008989 0.009349
0.008988 0.010690
0.008987 0.009874
0.008957 0.016891
0.008948 0.010577
0.008932 0.009158
0.008932 0.010418
0.008931 0.009966
0.008920 0.012480
0.008911 0.011366
0.008904 0.009680
0.008898 0.009193
0.008875 0.009179
0.008871 0.009981
0.008851 0.010994
0.008851 0.009477
0.008846 0.013683
0.008841 0.013367
0.008828 0.016782
0.008827 0.008922
0.008814 0.014265
0.008798 0.009040
0.008792 0.011250
0.008788 0.009892
0.008780 0.009392
0.008772 0.013397
0.008765 0.011833
0.008750 0.009334
0.008747 0.013126
0.008744 0.012367
0.008731 0.009805
0.008714 0.009870
0.008700 0.015802
0.008696 0.010357
0.008695 0.010934
0.008691 0.009168
0.008687 0.009317
0.008686 0.016547
0.008685 0.009014
0.008684 0.009983
0.008679 0.011613
0.008670 0.016181
0.008659 0.008991
0.008640 0.010789
0.008631 0.012489
0.008611 0.009884
0.008609 0.009498
0.008598 0.008818
0.008589 0.009227
0.008589 0.012006
0.008574 0.013060
0.008573 0.011752
0.008564 0.011044
0.008563 0.008848
0.008548 0.011008
0.008541 0.008921
0.008530 0.011250
0.008529 0.009096
0.008498 0.009735
0.008498 0.008888
0.008497 0.010545
0.008494 0.008593
0.008490 0.008973
0.008488 0.008657
0.008485 0.009021
0.008463 0.013922
0.008463 0.009383
0.008430 0.008649
0.008429 0.009163
0.008420 0.010680
0.008416 0.008541
0.008404 0.008981
0.008402 0.008488
0.008395 0.008570
0.008395 0.010504
0.008391 0.009083
0.008378 0.009330
0.008375 0.008909
0.008358 0.009452
0.008343 0.011202
0.008337 0.009411
0.008333 0.014876
0.008333 0.009553
0.008330 0.014583
0.008328 0.010978
0.008328 0.008378
0.008317 0.010457
0.008314 0.009055
0.008311 0.008933
0.008303 0.009038
0.008298 0.010010
0.008297 0.008455
0.008295 0.008836
0.008295 0.009670
0.008289 0.012254
0.008282 0.009169
0.008281 0.009072
0.008271 0.010340
0.008249 0.013935
0.008242 0.008886
0.008241 0.010563
0.008239 0.014505
0.008238 0.017157
0.008235 0.010136
0.008226 0.010207
0.008220 0.011821
0.008217 0.009464
0.008214 0.009688
0.008201 0.009413
0.008199 0.009126
0.008188 0.009699
0.008185 0.012251
0.008177 0.009523
0.008169 0.008803
0.008166 0.009291
0.008160 0.009329
0.008153 0.008402
0.008152 0.009857
0.008147 0.008277
0.008147 0.008688
0.008146 0.009062
0.008142 0.010698
0.008128 0.008761
0.008102 0.009281
0.008094 0.010228
0.008080 0.009905
0.008077 0.013145
0.008069 0.009105
0.008067 0.011069
0.008065 0.011454
0.008062 0.008926
0.008048 0.008490
0.008045 0.011885
0.008039 0.014509
0.008030 0.008242
0.008023 0.013046
0.008021 0.010542
0.008018 0.009016
0.008014 0.011560
0.008010 0.008101
0.008008 0.011423
0.008006 0.011023
0.008000 0.008318
0.007984 0.008636
0.007976 0.010757
0.007976 0.009007
0.007975 0.008256
0.007968 0.011425
0.007966 0.008334
0.007960 0.009014
0.007958 0.008642
0.007953 0.008125
0.007945 0.008747
0.007944 0.010326
0.007944 0.008902
0.007939 0.008725
0.007925 0.011586
0.007919 0.008213
0.007915 0.010976
0.007913 0.007924
0.007905 0.008494
0.007901 0.009046
0.007895 0.008063
0.007893 0.010522
0.007892 0.008107
0.007885 0.008929
0.007882 0.009984
0.007879 0.010926
0.007875 0.013893
0.007857 0.008302
0.007850 0.008487
0.007848 0.010597
0.007842 0.009819
0.007838 0.008296
0.007826 0.007836
0.007821 0.010730
0.007820 0.009395
0.007817 0.011768
0.007809 0.009115
0.007808 0.008132
0.007799 0.009052
0.007791 0.008565
0.007780 0.012431
0.007778 0.008763
0.007776 0.009950
0.007766 0.008904
0.007752 0.008557
0.007746 0.009026
0.007743 0.009045
0.007728 0.009950
0.007717 0.007985
0.007707 0.008335
0.007704 0.009462
0.007702 0.007927
0.007698 0.008868
0.007686 0.010333
0.007681 0.009755
0.007681 0.008243
0.007680 0.008451
0.007678 0.009660
0.007677 0.008775
0.007674 0.007900
0.007673 0.009075
0.007668 0.012474
0.007667 0.007696
0.007662 0.013347
0.007662 0.009828
0.007651 0.007887
0.007648 0.008481
0.007643 0.007908
0.007641 0.007758
0.007639 0.008844
0.007628 0.010038
0.007627 0.009756
0.007625 0.009221
0.007623 0.009693
0.007621 0.011648
0.007618 0.009133
0.007618 0.008349
0.007614 0.013828
0.007596 0.012935
0.007596 0.008507
0.007596 0.010596
0.007593 0.012367
0.007586 0.011827
0.007585 0.014073
0.007576 0.008062
0.007556 0.009002
0.007556 0.007649
0.007549 0.010496
0.007549 0.008001
0.007547 0.007782
0.007544 0.007926
0.007541 0.007990
0.007540 0.009802
0.007538 0.008310
0.007535 0.008601
0.007523 0.010614
0.007518 0.007644
0.007517 0.012610
0.007516 0.007956
0.007514 0.008015
0.007513 0.009927
0.007508 0.011837
0.007501 0.008884
0.007494 0.008138
0.007493 0.007752
0.007493 0.007687
0.007493 0.007870
0.007489 0.007748
0.007479 0.014470
0.007477 0.009218
0.007475 0.008553
0.007473 0.007937
0.007473 0.007497
0.007473 0.010080
0.007466 0.009174
0.007460 0.007813
0.007447 0.010894
0.007440 0.010027
0.007436 0.010191
0.007434 0.008926
0.007430 0.008424
0.007424 0.008460
0.007419 0.007684
0.007418 0.010555
0.007416 0.007714
0.007414 0.009327
0.007411 0.008991
0.007404 0.009852
0.007401 0.007416
0.007396 0.012294
0.007393 0.010046
0.007372 0.007460
0.007370 0.008789
0.007369 0.011857
0.007367 0.008019
0.007351 0.008128
0.007350 0.007746
0.007342 0.012310
0.007342 0.007354
0.007339 0.010033
0.007332 0.007469
0.007325 0.007744
0.007325 0.012347
0.007322 0.010829
0.007320 0.008400
0.007320 0.008378
0.007317 0.010437
0.007316 0.009169
0.007295 0.007788
0.007292 0.007664
0.007283 0.007370
0.007280 0.009418
0.007275 0.008600
0.007273 0.010221
0.007272 0.007320
0.007269 0.015489
0.007265 0.008488
0.007258 0.009874
0.007254 0.007982
0.007242 0.007368
0.007241 0.008281
0.007239 0.007608
0.007234 0.007668
0.007224 0.007342
0.007218 0.007429
0.007206 0.010534
0.007197 0.007429
0.007196 0.007839
0.007191 0.009728
0.007182 0.007459
0.007181 0.007280
0.007180 0.007965
0.007176 0.010407
0.007175 0.008854
0.007164 0.007596
0.007156 0.009974
0.007155 0.007875
0.007152 0.007203
0.007145 0.009818
0.007145 0.008118
0.007136 0.012010
0.007122 0.007825
0.007119 0.007152
0.007111 0.007573
0.007100 0.009626
0.007100 0.008016
0.007092 0.009236
0.007086 0.010990
0.007084 0.007127
0.007083 0.016758
0.007079 0.010263
0.007078 0.007315
0.007068 0.010513
0.007067 0.011420
0.007062 0.007084
0.007061 0.011872
0.007059 0.009656
0.007054 0.013835
0.007053 0.008845
0.007042 0.007455
0.007037 0.007224
0.007031 0.007644
0.007031 0.014365
0.007025 0.012246
0.007024 0.008210
0.007018 0.007866
0.007015 0.007379
0.007014 0.012234
0.007006 0.007718
0.007005 0.010503
0.007003 0.007121
0.006990 0.007337
0.006985 0.007185
0.006982 0.007935
0.006981 0.009710
0.006979 0.013674
0.006975 0.009444
0.006973 0.008579
0.006972 0.007066
0.006970 0.009496
0.006964 0.007956
0.006959 0.009384
0.006954 0.009915
0.006953 0.007078
0.006951 0.007133
0.006948 0.009543
0.006947 0.007222
0.006944 0.010360
0.006943 0.008276
0.006942 0.007105
0.006941 0.007316
0.006939 0.007152
0.006936 0.007917
0.006927 0.007726
0.006927 0.009576
0.006923 0.007001
0.006922 0.008264
0.006915 0.007455
0.006915 0.007523
0.006914 0.008870
0.006913 0.007654
0.006913 0.008497
0.006909 0.007634
0.006904 0.007382
0.006900 0.007025
0.006896 0.009879
0.006889 0.012888
0.006886 0.007856
0.006884 0.006953
0.006880 0.008327
0.006874 0.007131
0.006872 0.009514
0.006871 0.009668
0.006863 0.013618
0.006863 0.012578
0.006859 0.007718
0.006854 0.007821
0.006852 0.007853
0.006852 0.007902
0.006848 0.011064
0.006847 0.008409
0.006823 0.009032
0.006822 0.007101
0.006818 0.012507
0.006817 0.007967
0.006812 0.006826
0.006809 0.007741
0.006808 0.006931
0.006804 0.009910
0.006798 0.011502
0.006790 0.006838
0.006787 0.007144
0.006784 0.007151
0.006783 0.006973
0.006780 0.006835
0.006780 0.011542
0.006777 0.008291
0.006770 0.006901
0.006770 0.006874
0.006769 0.010331
0.006762 0.010100
0.006761 0.007558
0.006760 0.006884
0.006756 0.007015
0.006754 0.014674
0.006748 0.009868
0.006738 0.006886
0.006734 0.010872
0.006733 0.007387
0.006731 0.010207
0.006723 0.006965
0.006718 0.008176
0.006716 0.008423
0.006715 0.007281
0.006712 0.009902
0.006711 0.007777
0.006709 0.007334
0.006706 0.008465
0.006705 0.007086
0.006700 0.009110
0.006697 0.007740
0.006694 0.008065
0.006686 0.007448
0.006681 0.008396
0.006677 0.007718
0.006669 0.007766
0.006668 0.008551
0.006664 0.011548
0.006656 0.006757
0.006653 0.007267
0.006652 0.012237
0.006650 0.009743
0.006648 0.006881
0.006645 0.008210
0.006635 0.006819
0.006633 0.006864
0.006631 0.006941
0.006630 0.006699
0.006629 0.006799
0.006628 0.009947
0.006627 0.006933
0.006625 0.010219
0.006623 0.006778
0.006618 0.007135
0.006616 0.007500
0.006612 0.010205
0.006607 0.007456
0.006606 0.012498
0.006592 0.009269
0.006591 0.008396
0.006586 0.008332
0.006586 0.006604
0.006585 0.007787
0.006583 0.007766
0.006583 0.007902
0.006581 0.007089
0.006574 0.007512
0.006572 0.006868
0.006570 0.008549
0.006565 0.007709
0.006564 0.007199
0.006562 0.006640
0.006557 0.011500
0.006554 0.006932
0.006553 0.009211
0.006551 0.007867
0.006548 0.011643
0.006537 0.007603
0.006533 0.006611
0.006528 0.007948
0.006526 0.007686
0.006521 0.006675
0.006518 0.011317
0.006518 0.012364
0.006518 0.006544
0.006515 0.006931
0.006515 0.007077
0.006514 0.006900
0.006514 0.009302
0.006514 0.006855
0.006500 0.011687
0.006497 0.008841
0.006493 0.008261
0.006492 0.006856
0.006491 0.009767
0.006490 0.008575
0.006489 0.006828
0.006486 0.012938
0.006485 0.011357
0.006483 0.006700
0.006475 0.007209
0.006468 0.007087
0.006463 0.006798
0.006456 0.008098
0.006451 0.009477
0.006448 0.006807
0.006447 0.010889
0.006445 0.008293
0.006434 0.007673
0.006430 0.006637
0.006427 0.006725
0.006422 0.012322
0.006421 0.006579
0.006417 0.007898
0.006417 0.013623
0.006415 0.007972
0.006411 0.007143
0.006411 0.006806
0.006408 0.006630
0.006406 0.007293
0.006406 0.008869
0.006405 0.006410
0.006401 0.007026
0.006399 0.006853
0.006396 0.008065
0.006396 0.006416
0.006395 0.010377
0.006390 0.010021
0.006387 0.006451
0.006384 0.008854
0.006382 0.007602
0.006380 0.009576
0.006378 0.011348
0.006372 0.006634
0.006368 0.009303
0.006365 0.007941
0.006363 0.012615
0.006359 0.007112
0.006352 0.006635
0.006350 0.006576
0.006350 0.006476
0.006349 0.006618
0.006342 0.008600
0.006341 0.006956
0.006341 0.012109
0.006340 0.007047
0.006337 0.010269
0.006335 0.014069
0.006324 0.006736
0.006321 0.007132
0.006319 0.006632
0.006317 0.011091
0.006315 0.007203
0.006315 0.008212
0.006312 0.006502
0.006310 0.006314
0.006305 0.006823
0.006298 0.009213
0.006295 0.008944
0.006292 0.006409
0.006291 0.007341
0.006286 0.006759
0.006285 0.011346
0.006285 0.007286
0.006284 0.011135
0.006279 0.007432
0.006275 0.011025
0.006273 0.007359
0.006272 0.006297
0.006268 0.008033
0.006261 0.006577
0.006261 0.006474
0.006258 0.009230
0.006257 0.009399
0.006246 0.006586
0.006246 0.006845
0.006245 0.007310
0.006240 0.011177
0.006238 0.007346
0.006237 0.006670
0.006228 0.006695
0.006225 0.006532
0.006219 0.006230
0.006219 0.006684
0.006215 0.007755
0.006214 0.007417
0.006210 0.006366
0.006206 0.006390
0.006203 0.007723
0.006197 0.006493
0.006195 0.006196
0.006193 0.007091
0.006191 0.007893
0.006190 0.006734
0.006190 0.006511
0.006187 0.007475
0.006186 0.007019
0.006185 0.007420
0.006180 0.011661
0.006177 0.011547
0.006171 0.009600
0.006171 0.006361
0.006160 0.008921
0.006159 0.007060
0.006155 0.008598
0.006154 0.007858
0.006153 0.006992
0.006149 0.006219
0.006142 0.006164
0.006142 0.007267
0.006140 0.006294
0.006140 0.007648
0.006140 0.006698
0.006139 0.007241
0.006139 0.009647
0.006139 0.008692
0.006130 0.006935
0.006119 0.008425
0.006114 0.006288
0.006110 0.006247
0.006109 0.006458
0.006107 0.006814
0.006105 0.006561
0.006104 0.006330
0.006103 0.009158
0.006100 0.009397
0.006093 0.007700
0.006089 0.006358
0.006079 0.007487
0.006079 0.007640
0.006077 0.006451
0.006076 0.006261
0.006073 0.009985
0.006068 0.006526
0.006065 0.008718
0.006060 0.008816
0.006057 0.006812
0.006056 0.006296
0.006056 0.007490
0.006054 0.006675
0.006050 0.006617
0.006049 0.009922
0.006047 0.006956
0.006041 0.007145
0.006036 0.013532
0.006035 0.006183
0.006034 0.007351
0.006034 0.006111
0.006032 0.007205
0.006030 0.006167
0.006021 0.006714
0.006015 0.007511
0.006013 0.014047
0.006013 0.006048
0.006004 0.007297
0.006001 0.006692
0.006001 0.007291
0.005999 0.006847
0.005997 0.006394
0.005988 0.006890
0.005987 0.006291
0.005984 0.007754
0.005983 0.006153
0.005981 0.009549
0.005981 0.006447
0.005979 0.009058
0.005978 0.006937
0.005976 0.007242
0.005974 0.008558
0.005973 0.008213
0.005969 0.009668
0.005965 0.011843
0.005965 0.005968
0.005964 0.013394
0.005958 0.006615
0.005947 0.007149
0.005945 0.006106
0.005943 0.006721
0.005942 0.005948
0.005941 0.007834
0.005937 0.006729
0.005922 0.006507
0.005911 0.007183
0.005910 0.006340
0.005910 0.006034
0.005908 0.007648
0.005907 0.006196
0.005901 0.008179
0.005899 0.008293
0.005893 0.006039
0.005891 0.008738
0.005886 0.006093
0.005882 0.005912
0.005873 0.009295
0.005873 0.008931
0.005872 0.006001
0.005870 0.006714
0.005870 0.007618
0.005869 0.007596
0.005867 0.007592
0.005865 0.007953
0.005863 0.006620
0.005853 0.006184
0.005850 0.005872
0.005850 0.007401
0.005847 0.006464
0.005846 0.006080
0.005837 0.006010
0.005836 0.006017
0.005835 0.006463
0.005835 0.008058
0.005834 0.006384
0.005832 0.006841
0.005831 0.006881
0.005828 0.008484
0.005824 0.006738
0.005817 0.007509
0.005815 0.008953
0.005815 0.006212
0.005814 0.008220
0.005812 0.009216
0.005811 0.007752
0.005811 0.006018
0.005799 0.007248
0.005799 0.006593
0.005789 0.007429
0.005787 0.008838
0.005786 0.010430
0.005784 0.007960
0.005782 0.007747
0.005781 0.009963
0.005778 0.007546
0.005777 0.005794
0.005776 0.006269
0.005776 0.005954
0.005776 0.005865
0.005776 0.005977
0.005775 0.007192
0.005774 0.008545
0.005771 0.006634
0.005770 0.007559
0.005770 0.005983
0.005769 0.007102
0.005759 0.005911
0.005748 0.007514
0.005747 0.010744
0.005746 0.006153
0.005743 0.006308
0.005743 0.007556
0.005738 0.006512
0.005738 0.007844
0.005736 0.005857
0.005732 0.007063
0.005731 0.006816
0.005730 0.005922
0.005730 0.005748
0.005728 0.007355
0.005727 0.008513
0.005718 0.006661
0.005718 0.006113
0.005717 0.006320
0.005711 0.006472
0.005709 0.006237
0.005709 0.008412
0.005707 0.007219
0.005707 0.006643
0.005706 0.007367
0.005700 0.007761
0.005698 0.007464
0.005697 0.006537
0.005695 0.007269
0.005694 0.007328
0.005693 0.005703
0.005692 0.006941
0.005691 0.005947
0.005689 0.006469
0.005689 0.006839
0.005688 0.006369
0.005686 0.007711
0.005683 0.008841
0.005683 0.008138
0.005680 0.007257
0.005678 0.010569
0.005676 0.006177
0.005675 0.006019
0.005674 0.005947
0.005674 0.008344
0.005670 0.005892
0.005668 0.006582
0.005665 0.006614
0.005664 0.005948
0.005663 0.005715
0.005662 0.010571
0.005660 0.008420
0.005658 0.005870
0.005654 0.007114
0.005653 0.005753
0.005651 0.006968
0.005651 0.007673
0.005650 0.007662
0.005646 0.005696
0.005645 0.005859
0.005644 0.006258
0.005643 0.009433
0.005642 0.008018
0.005641 0.006828
0.005639 0.007127
0.005637 0.009764
0.005631 0.008803
0.005631 0.005908
0.005628 0.007631
0.005624 0.005718
0.005624 0.006823
0.005622 0.006609
0.005621 0.006542
0.005620 0.007931
0.005617 0.006068
0.005617 0.008703
0.005615 0.009474
0.005608 0.006403
0.005603 0.005957
0.005603 0.007203
0.005602 0.005798
0.005602 0.005736
0.005596 0.007090
0.005596 0.006591
0.005595 0.013219
0.005595 0.007329
0.005594 0.008884
0.005594 0.006430
0.005592 0.005615
0.005591 0.005594
0.005591 0.008470
0.005590 0.006212
0.005587 0.009600
0.005586 0.007470
0.005583 0.006650
0.005580 0.005591
0.005579 0.007711
0.005575 0.007218
0.005574 0.005781
0.005571 0.010865
0.005570 0.008118
0.005569 0.006341
0.005567 0.005828
0.005567 0.006149
0.005566 0.005612
0.005563 0.006491
0.005563 0.008217
0.005562 0.005798
0.005555 0.006765
0.005554 0.006305
0.005554 0.005774
0.005552 0.007624
0.005549 0.006093
0.005544 0.005648
0.005544 0.008482
0.005541 0.008202
0.005541 0.005707
0.005528 0.005926
0.005524 0.007513
0.005516 0.009373
0.005515 0.010019
0.005513 0.006743
0.005508 0.011055
0.005508 0.006207
0.005507 0.008531
0.005505 0.008371
0.005501 0.006076
0.005500 0.006527
0.005500 0.005804
0.005499 0.007011
0.005496 0.005707
0.005496 0.005828
0.005495 0.005688
0.005492 0.007784
0.005491 0.005815
0.005490 0.007804
0.005486 0.006502
0.005486 0.005494
0.005481 0.012519
0.005479 0.006380
0.005476 0.005826
0.005475 0.005952
0.005472 0.006949
0.005471 0.008724
0.005465 0.006804
0.005463 0.006029
0.005462 0.007740
0.005461 0.009028
0.005461 0.007644
0.005443 0.005733
0.005440 0.005593
0.005437 0.008082
0.005437 0.009462
0.005436 0.006750
0.005432 0.006295
0.005429 0.005830
0.005427 0.005801
0.005425 0.009395
0.005419 0.005772
0.005414 0.005619
0.005414 0.006125
0.005413 0.009460
0.005410 0.007301
0.005410 0.005487
0.005409 0.005688
0.005405 0.006092
0.005403 0.007228
0.005403 0.006695
0.005400 0.005412
0.005397 0.006114
0.005396 0.010816
0.005396 0.006339
0.005395 0.005837
0.005392 0.006760
0.005392 0.005702
0.005384 0.005744
0.005381 0.005578
0.005378 0.007110
0.005374 0.005630
0.005372 0.010643
0.005371 0.013416
0.005363 0.012309
0.005361 0.005601
0.005359 0.005475
0.005358 0.007661
0.005355 0.005745
0.005354 0.006272
0.005348 0.005397
0.005345 0.006772
0.005345 0.006150
0.005342 0.005606
0.005341 0.005864
0.005338 0.007223
0.005337 0.005787
0.005334 0.006076
0.005328 0.006694
0.005328 0.008962
0.005327 0.005723
0.005326 0.008066
0.005324 0.005793
0.005321 0.006829
0.005317 0.005433
0.005316 0.005529
0.005314 0.005866
0.005313 0.006784
0.005311 0.006355
0.005308 0.005612
0.005306 0.006393
0.005302 0.005334
0.005300 0.006004
0.005300 0.008063
0.005298 0.005446
0.005298 0.010536
0.005296 0.009390
0.005296 0.005505
0.005294 0.005700
0.005294 0.006884
0.005293 0.005396
0.005293 0.006623
0.005291 0.007293
0.005290 0.006286
0.005285 0.005621
0.005283 0.007290
0.005282 0.006408
0.005281 0.005508
0.005281 0.006281
0.005276 0.006381
0.005276 0.006914
0.005275 0.005376
0.005274 0.007586
0.005270 0.006062
0.005264 0.011095
0.005261 0.006114
0.005261 0.005369
0.005260 0.006717
0.005257 0.009002
0.005256 0.005550
0.005252 0.005961
0.005248 0.005344
0.005247 0.008628
0.005247 0.011807
0.005240 0.005815
0.005236 0.005372
0.005236 0.008701
0.005232 0.006672
0.005230 0.007510
0.005225 0.005347
0.005222 0.005301
0.005222 0.007436
0.005222 0.011026
0.005219 0.007160
0.005207 0.006886
0.005202 0.009225
0.005197 0.006894
0.005195 0.005891
0.005191 0.005233
0.005187 0.005466
0.005186 0.007286
0.005185 0.008171
0.005184 0.007092
0.005182 0.005210
0.005181 0.006341
0.005177 0.006417
0.005177 0.010423
0.005175 0.006804
0.005175 0.005233
0.005171 0.006045
0.005171 0.008413
0.005169 0.007256
0.005164 0.006477
0.005163 0.005758
0.005162 0.006984
0.005161 0.005655
0.005160 0.011587
0.005159 0.006087
0.005159 0.005166
0.005158 0.005227
0.005155 0.006801
0.005154 0.007276
0.005153 0.010669
0.005153 0.006222
0.005152 0.009004
0.005146 0.007687
0.005143 0.006143
0.005141 0.005777
0.005135 0.012081
0.005133 0.005303
0.005127 0.005418
0.005126 0.005804
0.005116 0.008702
0.005115 0.005493
0.005107 0.006087
0.005105 0.009960
0.005104 0.005530
0.005096 0.006260
0.005089 0.005313
0.005085 0.005432
0.005080 0.005292
0.005079 0.005375
0.005079 0.009670
0.005079 0.008365
0.005077 0.007969
0.005076 0.005325
0.005073 0.008833
0.005069 0.005242
0.005068 0.007721
0.005068 0.006811
0.005065 0.005199
0.005065 0.006211
0.005063 0.005763
0.005061 0.005092
0.005059 0.005820
0.005059 0.006014
0.005055 0.006067
0.005054 0.007235
0.005054 0.006403
0.005048 0.006020
0.005047 0.005908
0.005043 0.010505
0.005042 0.010316
0.005039 0.005086
0.005025 0.005132
0.005024 0.005171
0.005023 0.007497
0.005021 0.006774
0.005019 0.005617
0.005017 0.008680
0.005012 0.005517
0.005011 0.006861
0.005009 0.005132
0.005006 0.005197
0.005006 0.005087
0.005005 0.005602
0.004997 0.005126
0.004992 0.005133
0.004992 0.005157
0.004986 0.006345
0.004984 0.005095
0.004984 0.006860
0.004983 0.008879
0.004980 0.006159
0.004977 0.005999
0.004976 0.005750
0.004976 0.005044
0.004975 0.005534
0.004974 0.005212
0.004972 0.005359
0.004969 0.005642
0.004966 0.005460
0.004966 0.005174
0.004960 0.005055
0.004953 0.006972
0.004953 0.007558
0.004952 0.005874
0.004949 0.007133
0.004949 0.005673
0.004947 0.005059
0.004945 0.007736
0.004941 0.007025
0.004936 0.006131
0.004930 0.005422
0.004930 0.005547
0.004929 0.004936
0.004929 0.005565
0.004929 0.005058
0.004929 0.009368
0.004925 0.006313
0.004923 0.005632
0.004918 0.006248
0.004909 0.005313
0.004905 0.005305
0.004904 0.005249
0.004904 0.005352
0.004903 0.005341
0.004900 0.010015
0.004894 0.006232
0.004884 0.014251
0.004882 0.006030
0.004882 0.005634
0.004879 0.005664
0.004879 0.008940
0.004878 0.008569
0.004876 0.010188
0.004870 0.006424
0.004866 0.004958
0.004865 0.004932
0.004864 0.005987
0.004864 0.004995
0.004863 0.004880
0.004863 0.005380
0.004859 0.005284
0.004858 0.007176
0.004855 0.008214
0.004849 0.004874
0.004848 0.005542
0.004847 0.005694
0.004845 0.005640
0.004845 0.010831
0.004843 0.005216
0.004840 0.009221
0.004840 0.006549
0.004840 0.005388
0.004838 0.006792
0.004837 0.004986
0.004835 0.004883
0.004835 0.005342
0.004834 0.006566
0.004833 0.004897
0.004832 0.005336
0.004829 0.004846
0.004826 0.006213
0.004826 0.005448
0.004826 0.005559
0.004824 0.005212
0.004823 0.004874
0.004820 0.004912
0.004818 0.005077
0.004817 0.004954
0.004817 0.004845
0.004815 0.007193
0.004812 0.006327
0.004811 0.006377
0.004809 0.007926
0.004809 0.005967
0.004808 0.004913
0.004807 0.004843
0.004806 0.005900
0.004803 0.004895
0.004797 0.007476
0.004796 0.005168
0.004796 0.005235
0.004793 0.008697
0.004793 0.005449
0.004788 0.004893
0.004781 0.004990
0.004781 0.005553
0.004779 0.005916
0.004776 0.006349
0.004775 0.008866
0.004774 0.005882
0.004773 0.006189
0.004773 0.004944
0.004772 0.006474
0.004769 0.007178
0.004769 0.005524
0.004764 0.005451
0.004759 0.004795
0.004756 0.005215
0.004753 0.006434
0.004752 0.009278
0.004752 0.004813
0.004750 0.004827
0.004748 0.004823
0.004747 0.006539
0.004744 0.005629
0.004743 0.005726
0.004740 0.005456
0.004737 0.005550
0.004733 0.005849
0.004730 0.007118
0.004723 0.004874
0.004723 0.006452
0.004722 0.006635
0.004722 0.005931
0.004722 0.005872
0.004720 0.005030
0.004720 0.007306
0.004716 0.005629
0.004712 0.006638
0.004706 0.010980
0.004706 0.004918
0.004705 0.005631
0.004703 0.005627
0.004700 0.005638
0.004696 0.006714
0.004689 0.005344
0.004685 0.007874
0.004684 0.007608
0.004683 0.005654
0.004682 0.004977
0.004678 0.005076
0.004678 0.004874
0.004677 0.006839
0.004670 0.010421
0.004669 0.005632
0.004668 0.004689
0.004666 0.006227
0.004661 0.005804
0.004658 0.004838
0.004658 0.004889
0.004656 0.008683
0.004653 0.004769
0.004650 0.005511
0.004643 0.004984
0.004643 0.005669
0.004641 0.004873
0.004638 0.004798
0.004631 0.011199
0.004629 0.007108
0.004623 0.008603
0.004620 0.004890
0.004619 0.005022
0.004619 0.004882
0.004612 0.004642
0.004607 0.006972
0.004607 0.005511
0.004606 0.005024
0.004605 0.005117
0.004603 0.006905
0.004600 0.007839
0.004598 0.005435
0.004597 0.005154
0.004596 0.004884
0.004593 0.006604
0.004591 0.004884
0.004588 0.005446
0.004579 0.005249
0.004579 0.005732
0.004574 0.010277
0.004573 0.004597
0.004570 0.008039
0.004570 0.008910
0.004569 0.005059
0.004565 0.004638
0.004561 0.005690
0.004561 0.006179
0.004558 0.008877
0.004553 0.006240
0.004553 0.010271
0.004552 0.007255
0.004551 0.006252
0.004550 0.005010
0.004546 0.004623
0.004545 0.004653
0.004543 0.004706
0.004539 0.005242
0.004538 0.006424
0.004537 0.005091
0.004534 0.005769
0.004532 0.005024
0.004531 0.004889
0.004527 0.005721
0.004523 0.009252
0.004523 0.004671
0.004522 0.004957
0.004520 0.004949
0.004519 0.007639
0.004514 0.004889
0.004513 0.008113
0.004512 0.004577
0.004500 0.007194
0.004498 0.005706
0.004487 0.005059
0.004485 0.004969
0.004485 0.006357
0.004484 0.005819
0.004481 0.004967
0.004480 0.005295
0.004478 0.004602
0.004478 0.009389
0.004477 0.005643
0.004474 0.004760
0.004469 0.005091
0.004468 0.004781
0.004466 0.005227
0.004464 0.005208
0.004462 0.004736
0.004455 0.004692
0.004452 0.006916
0.004449 0.008890
0.004446 0.006007
0.004445 0.004456
0.004443 0.005932
0.004442 0.006909
0.004441 0.005509
0.004438 0.004923
0.004438 0.007370
0.004438 0.004911
0.004435 0.004512
0.004433 0.005052
0.004431 0.008174
0.004431 0.005411
0.004431 0.004449
0.004429 0.004682
0.004424 0.006956
0.004423 0.004789
0.004419 0.005019
0.004419 0.004787
0.004417 0.006845
0.004416 0.007508
0.004415 0.006540
0.004414 0.004883
0.004410 0.005382
0.004409 0.005699
0.004409 0.005651
0.004408 0.005625
0.004407 0.008201
0.004406 0.004694
0.004404 0.008246
0.004402 0.006998
0.004400 0.005689
0.004396 0.004594
0.004390 0.007672
0.004381 0.006847
0.004378 0.005621
0.004376 0.005271
0.004375 0.004634
0.004374 0.004672
0.004368 0.006773
0.004355 0.009075
0.004355 0.006740
0.004354 0.005087
0.004352 0.005168
0.004350 0.005358
0.004348 0.009669
0.004348 0.007182
0.004348 0.004810
0.004347 0.007413
0.004342 0.006396
0.004341 0.004622
0.004337 0.004550
0.004336 0.006079
0.004336 0.004338
0.004331 0.005487
0.004330 0.005159
0.004329 0.005284
0.004327 0.006570
0.004327 0.006043
0.004323 0.004905
0.004323 0.004735
0.004320 0.004401
0.004317 0.006716
0.004317 0.004764
0.004316 0.007501
0.004316 0.005055
0.004314 0.005300
0.004313 0.006002
0.004307 0.005600
0.004307 0.008989
0.004304 0.006471
0.004304 0.004996
0.004298 0.005683
0.004298 0.004577
0.004297 0.006205
0.004297 0.006230
0.004297 0.004970
0.004296 0.005350
0.004294 0.006278
0.004291 0.007583
0.004291 0.007966
0.004286 0.004315
0.004286 0.008271
0.004285 0.004380
0.004284 0.005890
0.004280 0.006332
0.004279 0.005367
0.004278 0.004322
0.004277 0.007662
0.004274 0.004512
0.004273 0.005383
0.004273 0.005057
0.004268 0.007989
0.004265 0.004645
0.004264 0.004645
0.004264 0.009616
0.004263 0.006924
0.004262 0.004428
0.004261 0.005023
0.004259 0.004782
0.004252 0.005865
0.004248 0.005049
0.004245 0.006288
0.004245 0.005356
0.004239 0.004356
0.004238 0.004321
0.004235 0.004305
0.004235 0.005280
0.004234 0.008469
0.004232 0.005632
0.004232 0.006922
0.004232 0.006795
0.004229 0.004810
0.004227 0.004550
0.004227 0.004724
0.004225 0.004973
0.004223 0.009088
0.004217 0.007980
0.004217 0.004742
0.004217 0.005079
0.004216 0.004463
0.004209 0.005233
0.004208 0.004332
0.004208 0.005401
0.004207 0.004896
0.004207 0.004277
0.004206 0.005211
0.004202 0.004428
0.004202 0.005631
0.004194 0.004358
0.004190 0.008520
0.004190 0.004235
0.004190 0.004245
0.004189 0.004883
0.004188 0.004847
0.004187 0.004804
0.004187 0.006718
0.004186 0.004676
0.004186 0.004357
0.004184 0.005428
0.004183 0.004555
0.004181 0.004408
0.004180 0.004944
0.004177 0.004845
0.004177 0.008979
0.004175 0.004360
0.004173 0.004268
0.004169 0.004688
0.004163 0.005127
0.004162 0.005250
0.004159 0.007874
0.004159 0.004289
0.004159 0.005532
0.004158 0.004272
0.004156 0.006352
0.004156 0.009049
0.004152 0.005203
0.004150 0.004283
0.004148 0.005447
0.004147 0.004578
0.004146 0.004742
0.004145 0.004356
0.004144 0.006562
0.004142 0.004479
0.004140 0.007007
0.004140 0.004173
0.004138 0.009376
0.004136 0.005413
0.004136 0.004211
0.004130 0.004182
0.004129 0.008671
0.004127 0.004596
0.004125 0.004330
0.004123 0.006974
0.004121 0.007155
0.004120 0.004460
0.004117 0.008960
0.004114 0.005695
0.004113 0.004530
0.004111 0.004856
0.004108 0.005834
0.004106 0.005216
0.004106 0.006213
0.004100 0.005221
0.004098 0.005277
0.004096 0.006463
0.004095 0.004354
0.004094 0.004273
0.004089 0.005282
0.004083 0.004136
0.004083 0.004150
0.004083 0.004266
0.004080 0.004086
0.004077 0.004906
0.004076 0.004743
0.004075 0.005712
0.004075 0.008232
0.004071 0.004303
0.004071 0.004388
0.004068 0.009654
0.004066 0.008262
0.004064 0.005255
0.004056 0.005782
0.004055 0.004837
0.004052 0.005164
0.004051 0.004438
0.004050 0.008371
0.004050 0.006569
0.004050 0.004676
0.004048 0.008578
0.004047 0.004271
0.004046 0.005055
0.004046 0.006258
0.004045 0.005396
0.004043 0.004221
0.004042 0.004126
0.004039 0.004169
0.004029 0.004134
0.004028 0.006677
0.004027 0.005270
0.004024 0.009140
0.004022 0.005711
0.004020 0.004305
0.004018 0.004893
0.004012 0.004029
0.004011 0.007435
0.004010 0.004340
0.004009 0.008537
0.004005 0.007043
0.004004 0.004731
0.004003 0.004275
0.004003 0.006816
0.004002 0.005629
0.004001 0.004012
0.004000 0.005554
0.003999 0.004036
0.003998 0.004655
0.003997 0.004638
0.003996 0.004410
0.003996 0.004810
0.003992 0.006514
0.003991 0.004346
0.003987 0.005912
0.003986 0.004229
0.003986 0.005873
0.003984 0.004440
0.003982 0.006319
0.003979 0.004375
0.003978 0.006932
0.003977 0.004608
0.003975 0.005108
0.003974 0.004177
0.003974 0.006711
0.003970 0.004555
0.003963 0.007035
0.003962 0.006036
0.003957 0.008668
0.003956 0.005727
0.003955 0.004348
0.003950 0.004021
0.003950 0.004471
0.003946 0.005361
0.003938 0.004324
0.003937 0.003972
0.003936 0.004467
0.003935 0.004041
0.003932 0.005729
0.003931 0.006712
0.003928 0.004963
0.003924 0.004421
0.003919 0.008973
0.003913 0.004128
0.003897 0.004429
0.003892 0.009058
0.003887 0.004109
0.003886 0.003893
0.003886 0.006029
0.003882 0.004927
0.003881 0.008089
0.003880 0.004466
0.003873 0.003960
0.003873 0.004650
0.003865 0.008313
0.003863 0.005287
0.003862 0.004536
0.003861 0.003912
0.003859 0.004241
0.003857 0.004274
0.003852 0.004307
0.003850 0.004406
0.003850 0.004619
0.003848 0.005173
0.003848 0.003859
0.003844 0.005620
0.003843 0.004637
0.003838 0.004353
0.003838 0.005434
0.003837 0.003942
0.003831 0.004073
0.003830 0.004033
0.003828 0.004793
0.003826 0.004867
0.003826 0.004780
0.003825 0.005372
0.003825 0.005356
0.003825 0.004965
0.003820 0.004589
0.003815 0.004188
0.003814 0.004031
0.003812 0.004593
0.003797 0.003990
0.003797 0.006632
0.003795 0.004040
0.003795 0.003902
0.003790 0.006958
0.003788 0.004737
0.003788 0.003921
0.003786 0.004998
0.003784 0.003940
0.003782 0.004088
0.003781 0.005354
0.003774 0.008003
0.003768 0.007775
0.003762 0.005965
0.003762 0.004219
0.003759 0.005636
0.003749 0.004799
0.003748 0.007092
0.003747 0.004533
0.003747 0.004131
0.003746 0.004064
0.003745 0.003963
0.003740 0.006277
0.003739 0.005075
0.003737 0.003940
0.003731 0.007728
0.003728 0.006717
0.003725 0.003919
0.003720 0.006767
0.003720 0.007463
0.003719 0.003816
0.003716 0.005054
0.003715 0.003772
0.003712 0.006544
0.003711 0.004223
0.003709 0.004080
0.003708 0.005047
0.003707 0.005063
0.003706 0.003925
0.003698 0.004458
0.003696 0.004369
0.003694 0.004284
0.003693 0.004485
0.003691 0.003772
0.003690 0.004618
0.003686 0.003999
0.003683 0.004737
0.003680 0.003808
0.003678 0.004160
0.003677 0.004397
0.003676 0.003901
0.003675 0.005393
0.003672 0.004093
0.003671 0.004788
0.003667 0.003815
0.003666 0.003725
0.003664 0.004046
0.003661 0.003732
0.003660 0.004169
0.003659 0.005052
0.003658 0.006418
0.003658 0.006393
0.003657 0.004830
0.003656 0.005456
0.003655 0.005061
0.003654 0.004240
0.003652 0.005207
0.003647 0.003826
0.003634 0.004146
0.003630 0.004605
0.003629 0.003790
0.003626 0.006403
0.003626 0.004014
0.003621 0.005026
0.003617 0.005460
0.003617 0.003774
0.003614 0.006006
0.003613 0.007283
0.003611 0.005267
0.003608 0.004497
0.003607 0.005433
0.003602 0.004497
0.003602 0.005341
0.003602 0.004175
0.003600 0.006918
0.003599 0.004242
0.003598 0.003660
0.003597 0.004142
0.003596 0.003793
0.003590 0.004034
0.003589 0.003806
0.003588 0.003775
0.003585 0.004662
0.003584 0.003620
0.003581 0.006628
0.003577 0.004505
0.003573 0.004014
0.003567 0.004217
0.003566 0.003628
0.003563 0.004430
0.003561 0.004290
0.003559 0.004475
0.003554 0.006782
0.003549 0.004259
0.003546 0.006980
0.003543 0.004053
0.003542 0.004990
0.003540 0.003990
0.003536 0.003667
0.003534 0.004200
0.003529 0.004182
0.003522 0.003579
0.003515 0.005920
0.003514 0.004184
0.003511 0.003543
0.003508 0.004045
0.003508 0.009400
0.003506 0.005358
0.003506 0.003814
0.003501 0.003802
0.003500 0.005443
0.003498 0.004670
0.003494 0.003614
0.003493 0.004094
0.003493 0.003766
0.003490 0.003629
0.003489 0.006291
0.003486 0.003529
0.003479 0.003681
0.003477 0.003877
0.003473 0.004329
0.003469 0.003756
0.003463 0.004196
0.003460 0.004788
0.003455 0.004362
0.003445 0.003657
0.003443 0.003481
0.003443 0.006195
0.003438 0.004111
0.003438 0.003470
0.003435 0.003762
0.003434 0.006195
0.003433 0.003803
0.003430 0.004607
0.003428 0.006936
0.003424 0.003424
0.003422 0.003580
0.003416 0.004332
0.003411 0.003799
0.003408 0.003954
0.003396 0.003640
0.003394 0.003598
0.003393 0.004372
0.003390 0.004090
0.003387 0.007146
0.003384 0.006203
0.003383 0.003973
0.003356 0.003633
0.003353 0.004888
0.003352 0.003452
0.003352 0.004633
0.003344 0.003376
0.003332 0.003713
0.003328 0.004316
0.003327 0.003609
0.003325 0.003385
0.003325 0.003478
0.003322 0.006871
0.003315 0.003562
0.003315 0.004476
0.003309 0.004310
0.003302 0.003333
0.003298 0.004284
0.003295 0.003642
0.003294 0.006220
0.003294 0.003373
0.003287 0.005940
0.003281 0.003537
0.003278 0.004761
0.003277 0.005873
0.003276 0.004130
0.003274 0.005743
0.003268 0.003358
0.003262 0.004224
0.003256 0.004060
0.003255 0.003491
0.003245 0.003330
0.003234 0.004306
0.003232 0.008574
0.003231 0.004671
0.003226 0.003677
0.003223 0.005130
0.003220 0.004523
0.003218 0.003542
0.003215 0.004239
0.003213 0.003507
0.003171 0.003821
0.003170 0.003177
0.003152 0.003566
0.003151 0.003487
0.003151 0.003502
0.003148 0.003940
0.003147 0.003829
0.003133 0.003689
0.003131 0.003230
0.003129 0.003485
0.003126 0.004284
0.003116 0.003247
0.003110 0.003197
0.003107 0.003516
0.003104 0.005490
0.003101 0.003394
0.003098 0.003179
0.003096 0.003344
0.003082 0.003100
0.003081 0.003689
0.003078 0.004286
0.003072 0.004009
0.003068 0.003698
0.003067 0.003566
0.003063 0.004730
0.003062 0.004261
0.003053 0.003294
0.003048 0.003997
0.003047 0.003604
0.003046 0.004072
0.003044 0.003807
0.003038 0.003066
0.003027 0.003253
0.003009 0.003320
0.003005 0.003377
0.003000 0.003644
0.002997 0.003656
0.002997 0.003428
0.002989 0.003523
0.002985 0.002994
0.002981 0.003750
0.002981 0.003152
0.002974 0.003802
0.002970 0.003201
0.002963 0.003351
0.002957 0.004328
0.002956 0.002963
0.002947 0.004163
0.002945 0.005321
0.002919 0.003178
0.002911 0.003063
0.002910 0.003072
0.002898 0.003047
0.002897 0.005001
0.002897 0.003125
0.002894 0.002918
0.002894 0.002980
0.002894 0.003881
0.002893 0.002957
0.002890 0.003003
0.002885 0.003141
0.002875 0.003244
0.002853 0.002974
0.002849 0.003329
0.002847 0.003303
0.002841 0.003634
0.002840 0.003613
0.002830 0.002995
0.002826 0.003276
0.002819 0.003329
0.002814 0.002821
0.002813 0.003209
0.002805 0.003758
0.002788 0.003344
0.002787 0.004045
0.002768 0.003020
0.002759 0.003347
0.002754 0.002775
0.002748 0.002861
0.002728 0.003155
0.002716 0.003360
0.002707 0.002786
0.002705 0.003883
0.002701 0.002851
0.002698 0.003829
0.002693 0.003063
0.002691 0.002803
0.002687 0.002718
0.002681 0.003055
0.002670 0.002693
0.002661 0.002839
0.002654 0.002832
0.002621 0.003794
0.002619 0.003028
0.002615 0.002740
0.002613 0.003227
0.002608 0.003086
0.002606 0.003513
0.002581 0.002647
0.002568 0.002657
0.002565 0.003036
0.002527 0.003581
0.002526 0.002599
0.002524 0.003506
0.002518 0.002660
0.002488 0.002841
0.002459 0.002686
0.002456 0.002892
0.002447 0.003366
0.002423 0.002773
0.002404 0.002701
0.002391 0.002423
0.002390 0.002638
0.002356 0.002705
0.002351 0.002570
0.002338 0.002374
0.002331 0.002896
0.002322 0.002342
0.002322 0.002612
0.002321 0.002497
0.002317 0.002630
0.002296 0.002953
0.002294 0.002422
0.002282 0.002647
0.002273 0.002443
0.002205 0.002339
0.002202 0.002336
0.002197 0.002244
0.002188 0.002579
0.002141 0.002302
0.002139 0.002334
0.002116 0.002407
0.002034 0.002154
0.002017 0.002188
0.002006 0.002911
0.001903 0.002112
0.001861 0.002071
0.001859 0.002034
0.001848 0.001937
0.001835 0.002245
0.001810 0.002117
0.001800 0.001918
0.001631 0.001739
0.001607 0.001761
0.001077 0.001153
