0.120039 0.151693
0.113029 0.115112
0.110026 0.110735
0.098441 0.099618
0.096315 0.108683
0.089190 0.099315
0.081804 0.082114
0.069360 0.070201
0.065236 0.077365
0.064798 0.068842
0.061532 0.081197
0.060668 0.066536
0.060569 0.063603
0.060377 0.063070
0.060233 0.091603
0.057772 0.090611
0.054656 0.071120
0.051595 0.068102
0.050344 0.081897
0.049080 0.054239
0.048553 0.049323
0.047585 0.050470
0.047344 0.058454
0.045934 0.048755
0.045470 0.047505
0.045292 0.046743
0.045068 0.051257
0.044870 0.056637
0.044236 0.046230
0.043943 0.048997
0.043698 0.052365
0.043653 0.045073
0.043185 0.047435
0.042760 0.048252
0.042399 0.071925
0.041923 0.065760
0.040605 0.042182
0.040086 0.041678
0.040000 0.040235
0.039716 0.040347
0.038806 0.042213
0.038036 0.049396
0.037044 0.048630
0.036968 0.045727
0.036945 0.040650
0.036832 0.038016
0.036480 0.036556
0.036111 0.042248
0.036044 0.061713
0.035978 0.036104
0.035500 0.045493
0.035386 0.038095
0.034823 0.036327
0.034771 0.052430
0.034766 0.037611
0.034601 0.037291
0.034492 0.043074
0.033808 0.042150
0.033230 0.041372
0.032676 0.035314
0.032517 0.040204
0.032455 0.037612
0.032019 0.041812
0.032011 0.036128
0.031821 0.047966
0.031613 0.034107
0.031598 0.044931
0.031525 0.035828
0.031474 0.037968
0.031209 0.031614
0.031105 0.041694
0.030782 0.034744
0.030732 0.039885
0.030680 0.033780
0.030654 0.039840
0.030527 0.030806
0.030418 0.032424
0.030212 0.034203
0.030097 0.037717
0.030009 0.049808
0.029967 0.030754
0.029930 0.030061
0.029881 0.034502
0.029648 0.033868
0.029478 0.029740
0.029415 0.033037
0.028860 0.030848
0.028348 0.032177
0.028055 0.036808
0.027882 0.043777
0.027866 0.030977
0.027865 0.032024
0.027718 0.032893
0.027447 0.029925
0.027214 0.040051
0.027104 0.028110
0.026949 0.027082
0.026938 0.028240
0.026889 0.036207
0.026883 0.035988
0.026608 0.038895
0.026308 0.027813
0.026155 0.042720
0.026150 0.045362
0.026032 0.026420
0.026006 0.026068
0.025940 0.033549
0.025910 0.036867
0.025756 0.025759
0.025667 0.035100
0.025640 0.026439
0.025634 0.029139
0.025544 0.047289
0.025521 0.026788
0.025504 0.029905
0.025379 0.058723
0.025144 0.027763
0.025109 0.030738
0.025018 0.037952
0.024949 0.042357
0.024927 0.025071
0.024764 0.031545
0.024730 0.028316
0.024642 0.027517
0.024605 0.031020
0.024593 0.031935
0.024575 0.034900
0.024528 0.030691
0.024417 0.028987
0.024322 0.033091
0.024169 0.032000
0.024127 0.025306
0.024102 0.027573
0.023959 0.024112
0.023883 0.029041
0.023874 0.038182
0.023696 0.030083
0.023667 0.023905
0.023638 0.030408
0.023516 0.024770
0.023429 0.023685
0.023206 0.024357
0.023084 0.037404
0.022982 0.024780
0.022887 0.027203
0.022880 0.023721
0.022777 0.024241
0.022768 0.028309
0.022686 0.032150
0.022685 0.026171
0.022684 0.025665
0.022538 0.038447
0.022336 0.023643
0.022257 0.022516
0.022253 0.030375
0.022194 0.025059
0.022184 0.026035
0.022049 0.024492
0.022003 0.031910
0.021959 0.023379
0.021923 0.027738
0.021886 0.033547
0.021766 0.022342
0.021618 0.026399
0.021497 0.021991
0.021448 0.028284
0.021358 0.022940
0.021298 0.021376
0.021276 0.021522
0.021032 0.026524
0.020775 0.020787
0.020623 0.021846
0.020566 0.024163
0.020538 0.034310
0.020522 0.028206
0.020515 0.022607
0.020425 0.025578
0.020421 0.026633
0.020409 0.020417
0.020051 0.022830
0.020046 0.020085
0.020019 0.020698
0.019940 0.020135
0.019888 0.021018
0.019831 0.022157
0.019806 0.030111
0.019791 0.030521
0.019771 0.023089
0.019746 0.020439
0.019625 0.024973
0.019611 0.019902
0.019547 0.023927
0.019538 0.020071
0.019536 0.020082
0.019528 0.029511
0.019428 0.024170
0.019380 0.026533
0.019302 0.019468
0.019119 0.028466
0.019064 0.029289
0.019013 0.020400
0.018992 0.020654
0.018980 0.035593
0.018904 0.019817
0.018736 0.022322
0.018721 0.018948
0.018697 0.021474
0.018684 0.027047
0.018681 0.019723
0.018624 0.028790
0.018597 0.021241
0.018596 0.019467
0.018484 0.030678
0.018461 0.022159
0.018422 0.020974
0.018414 0.021450
0.018402 0.018848
0.018386 0.020087
0.018378 0.019518
0.018332 0.020527
0.018320 0.021624
0.018271 0.018516
0.018264 0.020235
0.018259 0.019669
0.018243 0.022284
0.018164 0.022053
0.018072 0.019311
0.017979 0.024343
0.017950 0.019818
0.017855 0.018696
0.017855 0.028731
0.017848 0.028325
0.017819 0.017893
0.017757 0.021309
0.017615 0.022387
0.017598 0.022932
0.017587 0.019194
0.017580 0.019055
0.017562 0.021121
0.017356 0.023105
0.017335 0.018458
0.017224 0.017358
0.017215 0.024777
0.017170 0.026802
0.017164 0.017617
0.016950 0.017142
0.016916 0.026834
0.016861 0.017252
0.016852 0.018260
0.016826 0.021660
0.016682 0.020146
0.016671 0.017791
0.016648 0.029687
0.016584 0.017950
0.016574 0.016955
0.016559 0.021013
0.016555 0.022747
0.016539 0.017753
0.016516 0.017491
0.016507 0.018236
0.016443 0.016828
0.016404 0.017872
0.016383 0.016606
0.016381 0.018131
0.016355 0.018739
0.016297 0.023307
0.016280 0.016799
0.016206 0.016925
0.016203 0.016604
0.016184 0.019902
0.016160 0.016563
0.016139 0.021879
0.016135 0.017093
0.016107 0.016827
0.016093 0.017223
0.016064 0.016189
0.016057 0.021066
0.016013 0.021772
0.015997 0.021819
0.015944 0.017509
0.015929 0.020005
0.015917 0.017657
0.015902 0.016399
0.015888 0.029672
0.015818 0.016141
0.015804 0.018415
0.015791 0.016231
0.015700 0.016612
0.015657 0.024711
0.015625 0.017420
0.015622 0.024258
0.015610 0.021057
0.015598 0.018456
0.015593 0.017281
0.015590 0.019500
0.015576 0.026400
0.015549 0.019849
0.015509 0.015516
0.015502 0.018628
0.015496 0.019325
0.015492 0.015939
0.015458 0.017672
0.015455 0.019273
0.015429 0.015442
0.015359 0.024377
0.015351 0.018253
0.015335 0.015558
0.015275 0.016235
0.015257 0.016900
0.015213 0.016048
0.015169 0.022725
0.015156 0.015259
0.015134 0.015979
0.015105 0.026669
0.015097 0.018216
0.015015 0.019734
0.014970 0.015779
0.014945 0.018995
0.014938 0.017114
0.014908 0.016387
0.014869 0.030512
0.014826 0.015164
0.014825 0.019000
0.014778 0.015604
0.014761 0.021732
0.014760 0.015428
0.014724 0.016944
0.014614 0.014907
0.014554 0.015231
0.014535 0.015936
0.014489 0.016624
0.014482 0.015697
0.014472 0.021225
0.014463 0.016223
0.014458 0.015897
0.014409 0.015377
0.014400 0.014461
0.014389 0.014699
0.014370 0.016056
0.014366 0.015549
0.014299 0.019429
0.014298 0.027797
0.014290 0.014614
0.014261 0.021097
0.014197 0.014551
0.014184 0.015149
0.014182 0.016712
0.014179 0.017187
0.014161 0.014946
0.014160 0.015776
0.014122 0.014208
0.014070 0.015002
0.014033 0.018423
0.014012 0.014645
0.013995 0.014787
0.013979 0.015011
0.013934 0.017604
0.013929 0.014651
0.013920 0.014092
0.013916 0.017921
0.013901 0.023475
0.013785 0.014444
0.013779 0.018511
0.013708 0.021843
0.013703 0.015086
0.013695 0.027870
0.013693 0.013846
0.013688 0.017438
0.013647 0.029770
0.013635 0.014838
0.013616 0.018985
0.013612 0.016002
0.013494 0.026393
0.013465 0.015123
0.013451 0.019608
0.013449 0.018927
0.013446 0.013752
0.013411 0.026374
0.013390 0.019889
0.013326 0.020773
0.013318 0.021790
0.013282 0.014751
0.013252 0.016053
0.013241 0.013327
0.013201 0.015062
0.013198 0.014745
0.013194 0.013317
0.013191 0.013467
0.013176 0.016379
0.013159 0.018897
0.013149 0.015780
0.013080 0.021401
0.013051 0.014553
0.013048 0.014864
0.013031 0.013823
0.013007 0.014047
0.012981 0.015903
0.012929 0.014420
0.012894 0.015462
0.012868 0.018497
0.012862 0.015208
0.012862 0.015181
0.012852 0.013771
0.012832 0.013163
0.012829 0.015762
0.012804 0.013320
0.012783 0.016342
0.012774 0.012992
0.012771 0.028024
0.012734 0.021448
0.012721 0.016223
0.012691 0.014787
0.012671 0.012925
0.012631 0.017224
0.012611 0.026805
0.012611 0.016855
0.012609 0.013784
0.012604 0.014544
0.012597 0.012600
0.012551 0.013554
0.012549 0.022864
0.012522 0.012600
0.012513 0.014923
0.012491 0.014907
0.012487 0.016981
0.012443 0.017791
0.012396 0.015462
0.012366 0.014522
0.012360 0.013121
0.012359 0.015774
0.012357 0.017285
0.012320 0.015881
0.012318 0.013773
0.012308 0.015845
0.012299 0.014885
0.012292 0.014017
0.012259 0.015161
0.012245 0.013430
0.012227 0.015090
0.012200 0.012712
0.012183 0.014021
0.012172 0.013770
0.012168 0.012578
0.012167 0.012582
0.012114 0.014543
0.012109 0.020642
0.012104 0.020224
0.012102 0.018584
0.012083 0.014981
0.012082 0.020562
0.012081 0.012238
0.012037 0.012872
0.011997 0.012454
0.011959 0.014365
0.011956 0.015408
0.011948 0.016124
0.011942 0.013056
0.011848 0.013393
0.011847 0.017694
0.011842 0.019042
0.011834 0.015974
0.011776 0.019150
0.011754 0.017068
0.011744 0.014314
0.011725 0.011919
0.011708 0.018861
0.011703 0.012390
0.011697 0.016057
0.011664 0.020269
0.011660 0.015255
0.011626 0.014744
0.011607 0.019917
0.011597 0.011838
0.011591 0.015080
0.011580 0.012028
0.011579 0.013621
0.011573 0.012361
0.011567 0.012500
0.011567 0.012625
0.011543 0.013922
0.011502 0.011813
0.011491 0.012246
0.011460 0.011711
0.011458 0.018283
0.011457 0.020264
0.011453 0.017188
0.011449 0.014431
0.011433 0.019064
0.011404 0.013232
0.011396 0.018778
0.011368 0.013616
0.011360 0.021401
0.011320 0.014852
0.011304 0.015896
0.011302 0.013559
0.011286 0.013205
0.011283 0.016478
0.011268 0.023331
0.011259 0.011954
0.011258 0.018529
0.011247 0.016667
0.011247 0.016457
0.011216 0.012862
0.011216 0.019132
0.011214 0.014697
0.011203 0.012514
0.011198 0.012742
0.011186 0.011395
0.011165 0.011225
0.011163 0.022204
0.011159 0.011166
0.011155 0.014432
0.011128 0.021484
0.011114 0.012053
0.011113 0.015380
0.011061 0.011901
0.011058 0.012762
0.011043 0.014477
0.011043 0.011260
0.011038 0.011737
0.011024 0.011876
0.011023 0.017310
0.011021 0.012488
0.010943 0.011584
0.010936 0.013278
0.010907 0.011602
0.010889 0.017308
0.010888 0.011362
0.010884 0.015068
0.010880 0.010962
0.010877 0.010971
0.010855 0.011548
0.010842 0.014444
0.010829 0.011164
0.010825 0.012758
0.010811 0.012323
0.010791 0.011893
0.010789 0.011283
0.010763 0.015780
0.010763 0.020526
0.010720 0.010801
0.010714 0.011105
0.010624 0.020228
0.010609 0.010612
0.010599 0.011309
0.010578 0.015470
0.010575 0.010678
0.010575 0.010711
0.010526 0.010728
0.010524 0.010575
0.010523 0.014501
0.010522 0.011073
0.010514 0.019362
0.010512 0.012681
0.010508 0.015857
0.010470 0.012332
0.010437 0.018955
0.010437 0.012014
0.010419 0.013872
0.010418 0.010641
0.010408 0.011277
0.010388 0.011217
0.010377 0.010532
0.010374 0.018108
0.010355 0.017406
0.010323 0.011049
0.010312 0.012204
0.010300 0.015200
0.010243 0.010836
0.010229 0.012360
0.010212 0.010815
0.010209 0.014323
0.010205 0.015300
0.010200 0.010617
0.010194 0.017428
0.010178 0.010949
0.010171 0.016733
0.010140 0.010516
0.010126 0.010648
0.010125 0.012670
0.010121 0.010693
0.010117 0.010724
0.010106 0.016635
0.010099 0.017373
0.010068 0.013179
0.010033 0.010240
0.010020 0.012536
0.010003 0.018488
0.010002 0.010441
0.009997 0.010508
0.009996 0.013877
0.009986 0.012786
0.009986 0.017963
0.009978 0.011330
0.009960 0.012670
0.009958 0.011414
0.009957 0.011141
0.009946 0.015854
0.009911 0.011330
0.009885 0.014136
0.009884 0.010797
0.009871 0.012055
0.009863 0.012395
0.009856 0.010165
0.009821 0.012092
0.009815 0.010774
0.009797 0.013576
0.009781 0.014645
0.009749 0.011460
0.009746 0.022944
0.009730 0.013348
0.009724 0.010996
0.009722 0.010661
0.009707 0.009877
0.009658 0.017723
0.009658 0.010844
0.009633 0.010111
0.009627 0.009725
0.009626 0.010402
0.009580 0.010318
0.009549 0.011446
0.009540 0.010964
0.009518 0.009702
0.009516 0.010827
0.009497 0.012230
0.009476 0.010793
0.009463 0.011359
0.009394 0.022811
0.009371 0.009488
0.009343 0.018296
0.009323 0.010205
0.009303 0.015465
0.009288 0.012069
0.009251 0.009371
0.009236 0.010934
0.009230 0.016441
0.009207 0.014997
0.009182 0.010106
0.009171 0.009226
0.009168 0.009805
0.009162 0.010548
0.009161 0.010125
0.009159 0.009461
0.009115 0.010667
0.009112 0.014135
0.009090 0.010489
0.009089 0.009852
0.009079 0.011376
0.009068 0.009769
0.009047 0.012122
0.009045 0.016770
0.009043 0.013342
0.009037 0.010288
0.009035 0.009954
0.009024 0.009380
0.009013 0.010332
0.008969 0.018596
0.008949 0.009929
0.008947 0.010426
0.008940 0.013893
0.008921 0.009818
0.008914 0.009168
0.008909 0.013137
0.008907 0.009534
0.008906 0.010952
0.008899 0.010140
0.008883 0.009167
0.008828 0.011033
0.008823 0.012342
0.008811 0.009252
0.008806 0.009728
0.008726 0.009649
0.008722 0.008984
0.008721 0.013488
0.008714 0.016980
0.008689 0.008698
0.008666 0.011201
0.008659 0.010260
0.008654 0.009055
0.008653 0.011756
0.008634 0.009748
0.008612 0.009668
0.008593 0.009110
0.008574 0.010569
0.008553 0.009437
0.008522 0.009145
0.008522 0.008676
0.008469 0.009181
0.008446 0.009146
0.008446 0.008724
0.008443 0.008949
0.008427 0.012590
0.008424 0.011396
0.008418 0.010244
0.008415 0.011721
0.008398 0.008553
0.008368 0.009048
0.008349 0.009958
0.008310 0.011465
0.008283 0.010278
0.008271 0.009074
0.008207 0.010286
0.008190 0.008360
0.008176 0.010102
0.008158 0.008498
0.008150 0.010842
0.008141 0.008163
0.008131 0.011087
0.008124 0.011030
0.008048 0.009598
0.008030 0.013731
0.008007 0.016078
0.007978 0.010753
0.007977 0.013628
0.007977 0.009055
0.007976 0.009259
0.007872 0.008241
0.007841 0.008265
0.007792 0.010298
0.007737 0.008095
0.007723 0.008775
0.007710 0.007820
0.007687 0.010354
0.007678 0.011103
0.007633 0.009473
0.007611 0.007760
0.007562 0.007717
0.007516 0.007793
0.007489 0.014086
0.007448 0.015355
0.007438 0.013997
0.007309 0.007492
0.007271 0.009181
0.007262 0.008463
0.007259 0.009441
0.007254 0.008480
0.007246 0.007870
0.007239 0.008861
0.007155 0.012806
0.007123 0.008798
0.007085 0.009701
0.007035 0.007350
0.006986 0.009798
0.006955 0.010941
0.006914 0.008003
0.006865 0.006919
0.006785 0.008009
0.006736 0.006788
0.006707 0.007426
0.006676 0.007907
0.006595 0.007354
0.006556 0.007344
0.006531 0.010137
0.006429 0.006624
0.006306 0.007190
0.006258 0.008886
0.006257 0.006763
0.006249 0.007840
0.006197 0.006374
0.006190 0.007646
0.006177 0.006740
0.006155 0.006740
0.006151 0.008020
0.006063 0.006297
0.005955 0.006015
0.005910 0.007355
0.005837 0.011255
0.005634 0.006422
0.005393 0.007163
0.005382 0.006171
0.005314 0.005360
0.005203 0.007469
0.004953 0.005063
0.004705 0.005226
0.004668 0.004990
0.004607 0.004746
0.004491 0.005109
0.004428 0.004490
0.004321 0.004520
0.003757 0.004245
0.002848 0.002886
