0.135115 0.157710
0.114677 0.118262
0.108523 0.123185
0.096149 0.118371
0.094048 0.114707
0.081118 0.083796
0.079439 0.087225
0.078137 0.085609
0.077942 0.089274
0.072105 0.076560
0.067758 0.073516
0.066456 0.067923
0.063552 0.066882
0.062951 0.068386
0.062246 0.075591
0.060543 0.074035
0.053838 0.071512
0.052409 0.073259
0.051970 0.057171
0.049151 0.060608
0.047381 0.049724
0.046483 0.053951
0.045805 0.061539
0.045733 0.047432
0.044262 0.046559
0.043554 0.050587
0.042023 0.047302
0.041498 0.049254
0.041486 0.046237
0.040897 0.042701
0.040747 0.043443
0.040213 0.050313
0.039620 0.049605
0.039287 0.048174
0.038425 0.039447
0.037336 0.037373
0.036550 0.040298
0.036373 0.036634
0.035662 0.039836
0.035353 0.040091
0.035104 0.035640
0.034620 0.037352
0.033759 0.044912
0.033317 0.038413
0.032041 0.032380
0.031917 0.040448
0.031871 0.032192
0.031861 0.041932
0.031854 0.032337
0.031576 0.033669
0.031485 0.037532
0.031425 0.037049
0.031266 0.032412
0.031170 0.032214
0.031116 0.051447
0.031007 0.037365
0.030841 0.034570
0.030834 0.033331
0.030690 0.032961
0.030581 0.031304
0.030513 0.036260
0.030383 0.031709
0.030365 0.030494
0.030216 0.032362
0.029977 0.035182
0.029900 0.031010
0.029654 0.032363
0.029626 0.031459
0.029556 0.032766
0.029459 0.031612
0.029448 0.038941
0.029415 0.032196
0.029243 0.030839
0.029184 0.031410
0.029145 0.036186
0.028979 0.030208
0.028918 0.031032
0.028858 0.029163
0.028724 0.039422
0.028667 0.029690
0.028666 0.041949
0.028410 0.046918
0.028246 0.029108
0.028224 0.034352
0.028100 0.032765
0.027920 0.030225
0.027867 0.033945
0.027729 0.036701
0.027597 0.030803
0.027559 0.028788
0.027425 0.027785
0.027405 0.032808
0.027308 0.027414
0.027240 0.028106
0.027145 0.030401
0.027072 0.033743
0.026879 0.039514
0.026807 0.034563
0.026782 0.034092
0.026714 0.026820
0.026448 0.029613
0.026425 0.031487
0.026383 0.027992
0.026367 0.026559
0.026354 0.027376
0.026210 0.032222
0.025806 0.026098
0.025683 0.046045
0.025635 0.025745
0.025560 0.034862
0.025518 0.027202
0.025479 0.027074
0.025460 0.029488
0.025436 0.026460
0.025368 0.026552
0.025219 0.027627
0.025155 0.026826
0.025013 0.033831
0.024916 0.030041
0.024907 0.030181
0.024882 0.030370
0.024865 0.030524
0.024851 0.040250
0.024844 0.031294
0.024825 0.025167
0.024802 0.025546
0.024772 0.025741
0.024663 0.026193
0.024400 0.026046
0.024393 0.027036
0.024366 0.027209
0.024305 0.024550
0.024281 0.040757
0.024271 0.024416
0.024239 0.025265
0.024212 0.040751
0.024161 0.027032
0.024096 0.027063
0.024088 0.045048
0.024072 0.025741
0.024062 0.031832
0.023950 0.025859
0.023893 0.024499
0.023876 0.031386
0.023815 0.027296
0.023802 0.033370
0.023771 0.030165
0.023619 0.023835
0.023612 0.041901
0.023503 0.032250
0.023434 0.028959
0.023398 0.023652
0.023385 0.033904
0.023360 0.023971
0.023291 0.029057
0.023287 0.023294
0.023268 0.023712
0.023214 0.025769
0.023150 0.024761
0.023146 0.027650
0.023134 0.023479
0.023123 0.025090
0.023120 0.031240
0.023110 0.041993
0.023070 0.026967
0.023034 0.025376
0.022937 0.024323
0.022937 0.024591
0.022921 0.026923
0.022917 0.028759
0.022908 0.022923
0.022890 0.026010
0.022854 0.028860
0.022836 0.023628
0.022704 0.024178
0.022682 0.023454
0.022679 0.023619
0.022627 0.030186
0.022593 0.032161
0.022573 0.023129
0.022566 0.023090
0.022552 0.031398
0.022550 0.023698
0.022535 0.024057
0.022532 0.023788
0.022521 0.027643
0.022505 0.024449
0.022500 0.023181
0.022426 0.035130
0.022425 0.026276
0.022368 0.023851
0.022325 0.025783
0.022300 0.022812
0.022271 0.023889
0.022223 0.023534
0.022213 0.022568
0.022209 0.022979
0.022194 0.030216
0.022184 0.026229
0.022179 0.030714
0.022166 0.028436
0.022035 0.028094
0.021966 0.029461
0.021961 0.038634
0.021957 0.024606
0.021945 0.024502
0.021934 0.022477
0.021924 0.030794
0.021872 0.029877
0.021850 0.021979
0.021803 0.024168
0.021765 0.022375
0.021756 0.023108
0.021655 0.039452
0.021654 0.026234
0.021625 0.021645
0.021617 0.042639
0.021569 0.023583
0.021569 0.023057
0.021563 0.028881
0.021557 0.024181
0.021508 0.022819
0.021486 0.022154
0.021434 0.025731
0.021415 0.026482
0.021405 0.032764
0.021391 0.028389
0.021378 0.023169
0.021369 0.027558
0.021358 0.023586
0.021356 0.021730
0.021342 0.029584
0.021289 0.031385
0.021253 0.021443
0.021180 0.048970
0.021175 0.022008
0.021165 0.022681
0.021135 0.022086
0.021126 0.031205
0.021112 0.022202
0.021096 0.025933
0.021092 0.022270
0.021047 0.027487
0.021021 0.022332
0.021019 0.022034
0.020903 0.022509
0.020843 0.021182
0.020830 0.033321
0.020814 0.025637
0.020746 0.021230
0.020681 0.021780
0.020659 0.024082
0.020619 0.022120
0.020606 0.023501
0.020602 0.020772
0.020593 0.023424
0.020477 0.029625
0.020461 0.020971
0.020449 0.020875
0.020405 0.022987
0.020364 0.027499
0.020323 0.022313
0.020323 0.020869
0.020315 0.023164
0.020315 0.025620
0.020306 0.021294
0.020284 0.020481
0.020222 0.022321
0.020214 0.020404
0.020206 0.021627
0.020187 0.020979
0.020177 0.022383
0.020109 0.021160
0.020096 0.020946
0.020057 0.036166
0.020033 0.020889
0.020021 0.022042
0.019963 0.020461
0.019926 0.023999
0.019903 0.021782
0.019889 0.021706
0.019879 0.026638
0.019871 0.022249
0.019867 0.026032
0.019862 0.020144
0.019848 0.027575
0.019833 0.024047
0.019788 0.030507
0.019786 0.024162
0.019770 0.021305
0.019762 0.027930
0.019729 0.021112
0.019718 0.022569
0.019654 0.029467
0.019651 0.019693
0.019647 0.019741
0.019646 0.025851
0.019633 0.021809
0.019619 0.021908
0.019604 0.020271
0.019602 0.023889
0.019600 0.020236
0.019582 0.024118
0.019576 0.020380
0.019574 0.020409
0.019571 0.022590
0.019565 0.022090
0.019536 0.026372
0.019515 0.019705
0.019489 0.019976
0.019467 0.021694
0.019459 0.019495
0.019455 0.021355
0.019438 0.020561
0.019409 0.020124
0.019374 0.023999
0.019367 0.021561
0.019350 0.021624
0.019340 0.023453
0.019317 0.023464
0.019287 0.025161
0.019283 0.020827
0.019225 0.026456
0.019189 0.020187
0.019185 0.028529
0.019182 0.024503
0.019172 0.022883
0.019133 0.021839
0.019080 0.030277
0.019019 0.029262
0.019018 0.019249
0.018998 0.025462
0.018986 0.020679
0.018954 0.025269
0.018949 0.030870
0.018937 0.019919
0.018926 0.027517
0.018923 0.025167
0.018917 0.019104
0.018909 0.023555
0.018902 0.020261
0.018900 0.024085
0.018899 0.019940
0.018820 0.018853
0.018799 0.020566
0.018731 0.019133
0.018690 0.023372
0.018684 0.021013
0.018643 0.026792
0.018630 0.019105
0.018629 0.020752
0.018627 0.019641
0.018547 0.019229
0.018537 0.021788
0.018522 0.031555
0.018506 0.026164
0.018478 0.018718
0.018448 0.021311
0.018438 0.022640
0.018403 0.022401
0.018373 0.021804
0.018357 0.031570
0.018349 0.019873
0.018345 0.018907
0.018278 0.019090
0.018223 0.019932
0.018192 0.019129
0.018158 0.020546
0.018150 0.023933
0.018138 0.019170
0.018122 0.027294
0.018109 0.024625
0.018103 0.018827
0.018099 0.020503
0.018097 0.019518
0.018095 0.019243
0.018093 0.020205
0.018088 0.026505
0.018072 0.020051
0.018068 0.024863
0.018057 0.022264
0.018016 0.018965
0.018013 0.018043
0.018006 0.018126
0.018005 0.020763
0.018004 0.018312
0.017988 0.018586
0.017987 0.018066
0.017986 0.023707
0.017955 0.018736
0.017954 0.026238
0.017947 0.027812
0.017913 0.034732
0.017884 0.018117
0.017873 0.023145
0.017865 0.018144
0.017861 0.025103
0.017851 0.036697
0.017840 0.021148
0.017838 0.018376
0.017837 0.019362
0.017805 0.019174
0.017789 0.029749
0.017784 0.022357
0.017760 0.019146
0.017731 0.018135
0.017723 0.026598
0.017673 0.018637
0.017663 0.018467
0.017657 0.018484
0.017591 0.020435
0.017586 0.017705
0.017544 0.021590
0.017526 0.020618
0.017501 0.017883
0.017480 0.018731
0.017471 0.017898
0.017470 0.021948
0.017448 0.030612
0.017435 0.019138
0.017430 0.021707
0.017424 0.020990
0.017398 0.021018
0.017390 0.017809
0.017385 0.024710
0.017382 0.017662
0.017368 0.019929
0.017361 0.017465
0.017349 0.018085
0.017345 0.018591
0.017325 0.017701
0.017312 0.018433
0.017303 0.019339
0.017279 0.019594
0.017273 0.025530
0.017265 0.017534
0.017257 0.022437
0.017256 0.022137
0.017240 0.020085
0.017236 0.020488
0.017234 0.019985
0.017207 0.020448
0.017182 0.018333
0.017174 0.018830
0.017171 0.020312
0.017155 0.024341
0.017152 0.019033
0.017145 0.019570
0.017140 0.032224
0.017129 0.022231
0.017124 0.017490
0.017114 0.027807
0.017104 0.025684
0.017100 0.030785
0.017083 0.022666
0.017075 0.024116
0.017054 0.027958
0.017052 0.017337
0.017050 0.017262
0.017032 0.018823
0.017028 0.025741
0.016989 0.026094
0.016985 0.020450
0.016957 0.020721
0.016955 0.018684
0.016955 0.023533
0.016947 0.017657
0.016920 0.021553
0.016908 0.018048
0.016899 0.022003
0.016852 0.027198
0.016846 0.017943
0.016826 0.017086
0.016821 0.023052
0.016810 0.024517
0.016797 0.019131
0.016791 0.020556
0.016783 0.020435
0.016774 0.024202
0.016763 0.019427
0.016756 0.030673
0.016756 0.017141
0.016749 0.019393
0.016748 0.017525
0.016736 0.023541
0.016730 0.018008
0.016718 0.016737
0.016705 0.016923
0.016696 0.026367
0.016694 0.023340
0.016694 0.017422
0.016689 0.017550
0.016683 0.020656
0.016658 0.017026
0.016654 0.018811
0.016649 0.018781
0.016601 0.027509
0.016592 0.020206
0.016586 0.018212
0.016573 0.017942
0.016567 0.017964
0.016554 0.017743
0.016534 0.024264
0.016524 0.016627
0.016518 0.020283
0.016518 0.026310
0.016513 0.017114
0.016477 0.016841
0.016458 0.016945
0.016449 0.019020
0.016442 0.017158
0.016437 0.020952
0.016436 0.020682
0.016435 0.022467
0.016423 0.017367
0.016413 0.019916
0.016395 0.019662
0.016379 0.017705
0.016373 0.018043
0.016367 0.017520
0.016362 0.016744
0.016334 0.018513
0.016331 0.017163
0.016303 0.017766
0.016288 0.024963
0.016281 0.023564
0.016270 0.018933
0.016258 0.018594
0.016251 0.020280
0.016241 0.016321
0.016227 0.023972
0.016210 0.016553
0.016176 0.020541
0.016175 0.022576
0.016164 0.018855
0.016149 0.016383
0.016142 0.016486
0.016136 0.016296
0.016122 0.016784
0.016115 0.018403
0.016111 0.036089
0.016090 0.016878
0.016089 0.020645
0.016088 0.017236
0.016087 0.018086
0.016078 0.030704
0.016075 0.016573
0.016066 0.016747
0.016058 0.031702
0.016027 0.019662
0.016023 0.016935
0.016016 0.018578
0.016004 0.019237
0.016001 0.018553
0.015980 0.023649
0.015972 0.018528
0.015968 0.020182
0.015952 0.017146
0.015931 0.018281
0.015916 0.017314
0.015908 0.018091
0.015903 0.022019
0.015860 0.016626
0.015857 0.016149
0.015827 0.029989
0.015820 0.018224
0.015808 0.043741
0.015801 0.016915
0.015790 0.018032
0.015772 0.017600
0.015768 0.026153
0.015749 0.016333
0.015730 0.017396
0.015718 0.016601
0.015712 0.018799
0.015705 0.022915
0.015704 0.017992
0.015698 0.015855
0.015690 0.017961
0.015689 0.016991
0.015684 0.018619
0.015677 0.021165
0.015664 0.043540
0.015663 0.016075
0.015661 0.019275
0.015655 0.017024
0.015650 0.020363
0.015636 0.017341
0.015633 0.021825
0.015625 0.019970
0.015607 0.019126
0.015602 0.015877
0.015598 0.025369
0.015595 0.015734
0.015587 0.019349
0.015584 0.015723
0.015581 0.026875
0.015580 0.017358
0.015578 0.016670
0.015576 0.016782
0.015569 0.016121
0.015567 0.016485
0.015563 0.021412
0.015547 0.022108
0.015539 0.028543
0.015516 0.018988
0.015510 0.022213
0.015509 0.019781
0.015499 0.017523
0.015498 0.016153
0.015484 0.015676
0.015483 0.021434
0.015481 0.022473
0.015479 0.021075
0.015463 0.018982
0.015457 0.019561
0.015442 0.025119
0.015440 0.023019
0.015432 0.015437
0.015416 0.020275
0.015413 0.019184
0.015394 0.019319
0.015372 0.018773
0.015370 0.015652
0.015362 0.021736
0.015357 0.018353
0.015352 0.019227
0.015352 0.023675
0.015350 0.021001
0.015344 0.016735
0.015334 0.018040
0.015333 0.015464
0.015322 0.018553
0.015318 0.015408
0.015298 0.026061
0.015298 0.022950
0.015286 0.019081
0.015274 0.017747
0.015269 0.015933
0.015264 0.015459
0.015241 0.019720
0.015238 0.015254
0.015222 0.015986
0.015210 0.019915
0.015210 0.018872
0.015184 0.016491
0.015179 0.020580
0.015176 0.017166
0.015172 0.016842
0.015139 0.016699
0.015125 0.015839
0.015118 0.021333
0.015112 0.017406
0.015080 0.016161
0.015076 0.016129
0.015068 0.023235
0.015058 0.019016
0.015054 0.016275
0.015035 0.020964
0.015031 0.028048
0.015013 0.016673
0.015008 0.016150
0.015006 0.015181
0.015004 0.022926
0.014999 0.019616
0.014993 0.015230
0.014989 0.027739
0.014981 0.016694
0.014977 0.017708
0.014975 0.024633
0.014970 0.015990
0.014965 0.021828
0.014959 0.015858
0.014957 0.016050
0.014947 0.015811
0.014938 0.015801
0.014921 0.018848
0.014886 0.018262
0.014886 0.015758
0.014880 0.020720
0.014877 0.018105
0.014875 0.018542
0.014872 0.015061
0.014863 0.015090
0.014855 0.025970
0.014851 0.021957
0.014844 0.016165
0.014841 0.015312
0.014838 0.042368
0.014824 0.025531
0.014817 0.016861
0.014809 0.015762
0.014798 0.014999
0.014793 0.027554
0.014773 0.014782
0.014764 0.015602
0.014760 0.018752
0.014750 0.022207
0.014739 0.015315
0.014728 0.019898
0.014709 0.015071
0.014704 0.017465
0.014660 0.015046
0.014641 0.015418
0.014637 0.027206
0.014624 0.020101
0.014617 0.014754
0.014610 0.017195
0.014606 0.028541
0.014605 0.016204
0.014583 0.015152
0.014581 0.029583
0.014563 0.020803
0.014560 0.015328
0.014553 0.028641
0.014550 0.014651
0.014547 0.017605
0.014547 0.023242
0.014544 0.025064
0.014539 0.016049
0.014534 0.017369
0.014519 0.016833
0.014515 0.021960
0.014511 0.015400
0.014494 0.015945
0.014489 0.019263
0.014486 0.015498
0.014473 0.015924
0.014459 0.015871
0.014449 0.015722
0.014447 0.014544
0.014428 0.022591
0.014425 0.018038
0.014417 0.021077
0.014414 0.015729
0.014413 0.023041
0.014389 0.028277
0.014387 0.015380
0.014382 0.015265
0.014367 0.015309
0.014362 0.014596
0.014359 0.023976
0.014358 0.015450
0.014355 0.018479
0.014341 0.018480
0.014334 0.014490
0.014332 0.016863
0.014329 0.016436
0.014327 0.016471
0.014318 0.015800
0.014317 0.018880
0.014314 0.014809
0.014293 0.014697
0.014284 0.014526
0.014283 0.015627
0.014272 0.014621
0.014270 0.015057
0.014249 0.021951
0.014230 0.014829
0.014230 0.016352
0.014229 0.016426
0.014227 0.017150
0.014225 0.018332
0.014221 0.016069
0.014218 0.014329
0.014201 0.018542
0.014200 0.017431
0.014196 0.014500
0.014188 0.014628
0.014185 0.017375
0.014180 0.017292
0.014169 0.019263
0.014167 0.016274
0.014144 0.022241
0.014130 0.021604
0.014122 0.019000
0.014120 0.021895
0.014114 0.014403
0.014106 0.015173
0.014098 0.015906
0.014085 0.023632
0.014081 0.016851
0.014074 0.015104
0.014037 0.014577
0.014033 0.014927
0.014025 0.015608
0.014016 0.031739
0.014015 0.015137
0.014014 0.015834
0.014001 0.015144
0.013992 0.018513
0.013991 0.016495
0.013977 0.014682
0.013977 0.016757
0.013971 0.014203
0.013968 0.020411
0.013967 0.018081
0.013955 0.016727
0.013945 0.014807
0.013933 0.014841
0.013929 0.014559
0.013928 0.014079
0.013915 0.014331
0.013914 0.015156
0.013899 0.028301
0.013893 0.019819
0.013893 0.024457
0.013893 0.016101
0.013892 0.015478
0.013883 0.014427
0.013875 0.017223
0.013865 0.015696
0.013853 0.015070
0.013849 0.015939
0.013846 0.020069
0.013841 0.021659
0.013837 0.018675
0.013834 0.014261
0.013833 0.014429
0.013830 0.015167
0.013825 0.014783
0.013812 0.015425
0.013810 0.017290
0.013797 0.020167
0.013794 0.014167
0.013791 0.015498
0.013788 0.021058
0.013785 0.014985
0.013777 0.016868
0.013772 0.015675
0.013761 0.014618
0.013760 0.014463
0.013760 0.018701
0.013756 0.015699
0.013755 0.021382
0.013743 0.014576
0.013734 0.014857
0.013726 0.020401
0.013720 0.014926
0.013714 0.014121
0.013707 0.017359
0.013702 0.016290
0.013699 0.016102
0.013699 0.015431
0.013695 0.013771
0.013694 0.019979
0.013690 0.014170
0.013684 0.014224
0.013683 0.015544
0.013681 0.023179
0.013676 0.014535
0.013665 0.015526
0.013662 0.014362
0.013653 0.013965
0.013639 0.015372
0.013619 0.014131
0.013616 0.017086
0.013614 0.017662
0.013603 0.014246
0.013599 0.014423
0.013598 0.013982
0.013596 0.013936
0.013580 0.013905
0.013576 0.017079
0.013574 0.025471
0.013563 0.019145
0.013558 0.014466
0.013545 0.015863
0.013544 0.020359
0.013540 0.013645
0.013540 0.013884
0.013540 0.025127
0.013530 0.015775
0.013520 0.016895
0.013516 0.014422
0.013505 0.014855
0.013500 0.017619
0.013495 0.017572
0.013481 0.016883
0.013458 0.032161
0.013453 0.017796
0.013453 0.016738
0.013445 0.013969
0.013428 0.026219
0.013427 0.020252
0.013422 0.023383
0.013416 0.014607
0.013406 0.021454
0.013403 0.014424
0.013384 0.015426
0.013384 0.014320
0.013377 0.015348
0.013370 0.013790
0.013362 0.015414
0.013360 0.025604
0.013357 0.013769
0.013356 0.013415
0.013354 0.019553
0.013339 0.026736
0.013337 0.023082
0.013335 0.014187
0.013326 0.016590
0.013317 0.021874
0.013314 0.025756
0.013312 0.053354
0.013305 0.016812
0.013297 0.015838
0.013296 0.015573
0.013293 0.013456
0.013291 0.015349
0.013285 0.014680
0.013275 0.017137
0.013273 0.013564
0.013270 0.014419
0.013264 0.018478
0.013263 0.013350
0.013255 0.013607
0.013241 0.013301
0.013240 0.014121
0.013238 0.020916
0.013235 0.014089
0.013231 0.017403
0.013230 0.013336
0.013218 0.015134
0.013214 0.015252
0.013214 0.015237
0.013210 0.014410
0.013207 0.017581
0.013205 0.023417
0.013201 0.014789
0.013199 0.016817
0.013197 0.016289
0.013195 0.017432
0.013194 0.014962
0.013187 0.015164
0.013184 0.013307
0.013179 0.013945
0.013176 0.014535
0.013171 0.014952
0.013163 0.013902
0.013161 0.015812
0.013159 0.014938
0.013159 0.013575
0.013153 0.023203
0.013149 0.015617
0.013138 0.013828
0.013122 0.015021
0.013122 0.019560
0.013116 0.018494
0.013106 0.017662
0.013100 0.018565
0.013080 0.021898
0.013072 0.019834
0.013054 0.021178
0.013043 0.024943
0.013035 0.013948
0.013035 0.016622
0.013035 0.014614
0.013034 0.015263
0.013034 0.014976
0.013029 0.013856
0.013024 0.015577
0.013015 0.014422
0.013011 0.017831
0.013008 0.021210
0.012995 0.013879
0.012990 0.013228
0.012985 0.015840
0.012975 0.017819
0.012971 0.016755
0.012964 0.015501
0.012932 0.024559
0.012931 0.015063
0.012930 0.014804
0.012929 0.015396
0.012922 0.015207
0.012906 0.015681
0.012897 0.018844
0.012890 0.017194
0.012887 0.015784
0.012887 0.014461
0.012884 0.016188
0.012882 0.017124
0.012881 0.012986
0.012877 0.013844
0.012862 0.017034
0.012853 0.015846
0.012847 0.014697
0.012847 0.020159
0.012846 0.019334
0.012845 0.016214
0.012836 0.016199
0.012813 0.013457
0.012807 0.014610
0.012806 0.018278
0.012804 0.015728
0.012802 0.013771
0.012794 0.016207
0.012792 0.023276
0.012785 0.015583
0.012781 0.013784
0.012768 0.020024
0.012761 0.014262
0.012753 0.014614
0.012737 0.013581
0.012735 0.012940
0.012734 0.018526
0.012730 0.014718
0.012722 0.014580
0.012722 0.022019
0.012719 0.013098
0.012717 0.016494
0.012716 0.017337
0.012708 0.014271
0.012703 0.014011
0.012695 0.014938
0.012686 0.013036
0.012683 0.021630
0.012679 0.013206
0.012677 0.019247
0.012676 0.017195
0.012674 0.014112
0.012673 0.013660
0.012670 0.014883
0.012665 0.014348
0.012665 0.014324
0.012664 0.012699
0.012661 0.012740
0.012656 0.014840
0.012652 0.013341
0.012649 0.015087
0.012648 0.016011
0.012642 0.013927
0.012640 0.012913
0.012620 0.013487
0.012608 0.014775
0.012607 0.016585
0.012604 0.014401
0.012579 0.016704
0.012576 0.012725
0.012574 0.014499
0.012574 0.027819
0.012546 0.012601
0.012535 0.026472
0.012533 0.016166
0.012530 0.014436
0.012510 0.012958
0.012496 0.013439
0.012493 0.014681
0.012490 0.015139
0.012485 0.017265
0.012484 0.018852
0.012484 0.022081
0.012480 0.013493
0.012471 0.021275
0.012466 0.013329
0.012465 0.012880
0.012463 0.026259
0.012460 0.013186
0.012456 0.012900
0.012453 0.017226
0.012450 0.015113
0.012448 0.015090
0.012446 0.014579
0.012445 0.025127
0.012437 0.013446
0.012430 0.014511
0.012426 0.014037
0.012425 0.014928
0.012416 0.015908
0.012415 0.017059
0.012413 0.014867
0.012410 0.016826
0.012408 0.015003
0.012406 0.017030
0.012397 0.020482
0.012387 0.016457
0.012369 0.015132
0.012343 0.014896
0.012324 0.022956
0.012323 0.014396
0.012318 0.013334
0.012316 0.012907
0.012314 0.014745
0.012308 0.012393
0.012303 0.012767
0.012303 0.012499
0.012297 0.013894
0.012295 0.015185
0.012294 0.012983
0.012293 0.018855
0.012283 0.012660
0.012280 0.018123
0.012278 0.025814
0.012277 0.022455
0.012270 0.012750
0.012261 0.014688
0.012249 0.012756
0.012248 0.013447
0.012248 0.021780
0.012247 0.016809
0.012241 0.014742
0.012234 0.013752
0.012231 0.014202
0.012228 0.012492
0.012226 0.014162
0.012225 0.016379
0.012221 0.019662
0.012215 0.012297
0.012214 0.012666
0.012214 0.014915
0.012212 0.015395
0.012209 0.024596
0.012204 0.021542
0.012189 0.013571
0.012188 0.024012
0.012176 0.012865
0.012174 0.015326
0.012165 0.016634
0.012156 0.025744
0.012156 0.018305
0.012155 0.012244
0.012150 0.012941
0.012149 0.013664
0.012148 0.016357
0.012140 0.016321
0.012139 0.018406
0.012137 0.029280
0.012130 0.024382
0.012129 0.012138
0.012120 0.013443
0.012120 0.013216
0.012120 0.012334
0.012116 0.018385
0.012111 0.013255
0.012104 0.013355
0.012103 0.021746
0.012103 0.013437
0.012099 0.013434
0.012091 0.013711
0.012085 0.023201
0.012081 0.012173
0.012061 0.015299
0.012057 0.017290
0.012056 0.015851
0.012055 0.016719
0.012051 0.016147
0.012038 0.012682
0.012032 0.014507
0.012031 0.016715
0.012021 0.021494
0.012021 0.012805
0.012017 0.014030
0.012015 0.013217
0.012010 0.014239
0.012006 0.014518
0.011998 0.012354
0.011996 0.017305
0.011994 0.015320
0.011989 0.013901
0.011983 0.016874
0.011963 0.021655
0.011958 0.013157
0.011954 0.012615
0.011954 0.014560
0.011950 0.027340
0.011939 0.022689
0.011936 0.014336
0.011931 0.013921
0.011930 0.019001
0.011927 0.015237
0.011925 0.015612
0.011925 0.012090
0.011923 0.011938
0.011920 0.012237
0.011919 0.012886
0.011919 0.012702
0.011912 0.016521
0.011911 0.018620
0.011909 0.012644
0.011907 0.012297
0.011907 0.013785
0.011905 0.012160
0.011903 0.029398
0.011902 0.020174
0.011902 0.021161
0.011900 0.015344
0.011890 0.012985
0.011888 0.012575
0.011877 0.017110
0.011873 0.015237
0.011861 0.021444
0.011857 0.016236
0.011856 0.021370
0.011855 0.016414
0.011847 0.013231
0.011847 0.012930
0.011843 0.015140
0.011830 0.012596
0.011830 0.019007
0.011826 0.013438
0.011825 0.013469
0.011823 0.020270
0.011817 0.014717
0.011814 0.015022
0.011812 0.022961
0.011812 0.012338
0.011803 0.018583
0.011802 0.012406
0.011795 0.012172
0.011789 0.013531
0.011785 0.012324
0.011784 0.012587
0.011782 0.020647
0.011776 0.011901
0.011770 0.018708
0.011770 0.013351
0.011764 0.017001
0.011748 0.013411
0.011748 0.012476
0.011746 0.012767
0.011746 0.028257
0.011739 0.018564
0.011737 0.012831
0.011722 0.012463
0.011719 0.013452
0.011718 0.012813
0.011700 0.012147
0.011698 0.017242
0.011698 0.015208
0.011696 0.013736
0.011695 0.014027
0.011680 0.012561
0.011678 0.015410
0.011674 0.013515
0.011654 0.013765
0.011651 0.012536
0.011650 0.017207
0.011647 0.013181
0.011646 0.019949
0.011642 0.012219
0.011639 0.015412
0.011638 0.012955
0.011628 0.014546
0.011623 0.014902
0.011620 0.012811
0.011619 0.025001
0.011617 0.012331
0.011613 0.012117
0.011611 0.014573
0.011603 0.012444
0.011601 0.017662
0.011592 0.012892
0.011588 0.011820
0.011586 0.012529
0.011579 0.012947
0.011568 0.012078
0.011563 0.012361
0.011560 0.012459
0.011560 0.015436
0.011555 0.014673
0.011544 0.012286
0.011544 0.014367
0.011543 0.012020
0.011540 0.012006
0.011537 0.015083
0.011531 0.016332
0.011529 0.013262
0.011528 0.012844
0.011527 0.011941
0.011514 0.011569
0.011502 0.012288
0.011501 0.012500
0.011497 0.011599
0.011495 0.012078
0.011488 0.011551
0.011485 0.011845
0.011483 0.013332
0.011477 0.013200
0.011459 0.012398
0.011457 0.015647
0.011455 0.012495
0.011439 0.011878
0.011436 0.025232
0.011434 0.011497
0.011424 0.014458
0.011423 0.018864
0.011415 0.025573
0.011414 0.012881
0.011411 0.011890
0.011404 0.012940
0.011395 0.013259
0.011393 0.021007
0.011383 0.012977
0.011376 0.016808
0.011375 0.011473
0.011373 0.012153
0.011366 0.013461
0.011362 0.011538
0.011358 0.011997
0.011356 0.013521
0.011351 0.015046
0.011348 0.020081
0.011342 0.011654
0.011336 0.013627
0.011335 0.011391
0.011334 0.013226
0.011330 0.014987
0.011322 0.013280
0.011320 0.014464
0.011319 0.012976
0.011312 0.018094
0.011311 0.013636
0.011306 0.014806
0.011306 0.014810
0.011305 0.016130
0.011305 0.016914
0.011304 0.013854
0.011304 0.011361
0.011303 0.024229
0.011298 0.015552
0.011295 0.012617
0.011287 0.023582
0.011286 0.019743
0.011283 0.015693
0.011279 0.012671
0.011273 0.011714
0.011272 0.011341
0.011252 0.019410
0.011242 0.012598
0.011234 0.022254
0.011233 0.020165
0.011229 0.015764
0.011227 0.012920
0.011221 0.019957
0.011220 0.011748
0.011216 0.012323
0.011209 0.011775
0.011209 0.014351
0.011199 0.011717
0.011199 0.012423
0.011192 0.013388
0.011191 0.011702
0.011187 0.020383
0.011175 0.011939
0.011168 0.011856
0.011165 0.014325
0.011165 0.011200
0.011163 0.013848
0.011156 0.011700
0.011153 0.012026
0.011146 0.011827
0.011143 0.021485
0.011143 0.012750
0.011139 0.019934
0.011138 0.014689
0.011136 0.012184
0.011134 0.014470
0.011128 0.015907
0.011125 0.011480
0.011121 0.016215
0.011104 0.022955
0.011094 0.011121
0.011089 0.011777
0.011087 0.018082
0.011087 0.014856
0.011075 0.014410
0.011073 0.022943
0.011065 0.013825
0.011058 0.011810
0.011051 0.012389
0.011040 0.012367
0.011035 0.012913
0.011025 0.013618
0.011021 0.011203
0.011014 0.017952
0.011001 0.011513
0.011000 0.011520
0.011000 0.012902
0.010995 0.014309
0.010989 0.016316
0.010987 0.022352
0.010987 0.011045
0.010984 0.011489
0.010971 0.021152
0.010963 0.011885
0.010960 0.012649
0.010960 0.014152
0.010955 0.014374
0.010952 0.013596
0.010937 0.011765
0.010936 0.012506
0.010931 0.026504
0.010928 0.012070
0.010919 0.016726
0.010916 0.011543
0.010914 0.017453
0.010902 0.013201
0.010902 0.012027
0.010897 0.011680
0.010889 0.016332
0.010886 0.011693
0.010885 0.014141
0.010885 0.011549
0.010876 0.017316
0.010865 0.011272
0.010865 0.012413
0.010861 0.011506
0.010849 0.023844
0.010838 0.011405
0.010833 0.021942
0.010830 0.012036
0.010818 0.012967
0.010809 0.011287
0.010807 0.012511
0.010805 0.015623
0.010799 0.016676
0.010799 0.012808
0.010789 0.010855
0.010788 0.018673
0.010788 0.011016
0.010786 0.010982
0.010783 0.011102
0.010782 0.010921
0.010780 0.016364
0.010772 0.012029
0.010764 0.013719
0.010761 0.011327
0.010759 0.011522
0.010756 0.012000
0.010756 0.015455
0.010750 0.012883
0.010750 0.011499
0.010738 0.016668
0.010734 0.010962
0.010732 0.011251
0.010728 0.011265
0.010718 0.011779
0.010717 0.011571
0.010713 0.013170
0.010713 0.011475
0.010704 0.016067
0.010695 0.010881
0.010692 0.012815
0.010690 0.015131
0.010671 0.013758
0.010669 0.017586
0.010668 0.019337
0.010668 0.012204
0.010667 0.010853
0.010664 0.011324
0.010661 0.012431
0.010652 0.011150
0.010641 0.012517
0.010639 0.015822
0.010639 0.020354
0.010636 0.010687
0.010633 0.012374
0.010627 0.010675
0.010627 0.011345
0.010625 0.011224
0.010625 0.016199
0.010624 0.018206
0.010621 0.011340
0.010615 0.013644
0.010612 0.018220
0.010609 0.011950
0.010605 0.015451
0.010599 0.015062
0.010596 0.012941
0.010586 0.012520
0.010586 0.023533
0.010582 0.011560
0.010575 0.012807
0.010570 0.016462
0.010565 0.013600
0.010561 0.013740
0.010559 0.011898
0.010558 0.011374
0.010552 0.011549
0.010543 0.011549
0.010540 0.010688
0.010540 0.010870
0.010526 0.012182
0.010526 0.010953
0.010525 0.010614
0.010523 0.015303
0.010522 0.010630
0.010521 0.012003
0.010512 0.024405
0.010511 0.011746
0.010507 0.026333
0.010507 0.012367
0.010491 0.018185
0.010489 0.011985
0.010487 0.012663
0.010484 0.017724
0.010482 0.012922
0.010481 0.015614
0.010478 0.011026
0.010474 0.010920
0.010454 0.011825
0.010453 0.011513
0.010450 0.016463
0.010442 0.011228
0.010439 0.012773
0.010430 0.010525
0.010427 0.015985
0.010420 0.010506
0.010419 0.011035
0.010418 0.011638
0.010416 0.012601
0.010414 0.010521
0.010413 0.010606
0.010404 0.011331
0.010402 0.011120
0.010396 0.011699
0.010388 0.011274
0.010386 0.010441
0.010381 0.015325
0.010372 0.011960
0.010362 0.015237
0.010361 0.011708
0.010361 0.014037
0.010361 0.010414
0.010359 0.013170
0.010357 0.012250
0.010355 0.013371
0.010354 0.011148
0.010353 0.010803
0.010352 0.014146
0.010352 0.010432
0.010347 0.011640
0.010346 0.013881
0.010345 0.010411
0.010327 0.012262
0.010325 0.014357
0.010319 0.013869
0.010314 0.010964
0.010311 0.010509
0.010309 0.013430
0.010302 0.012160
0.010299 0.011773
0.010299 0.014625
0.010293 0.016752
0.010292 0.011758
0.010289 0.018580
0.010286 0.024012
0.010281 0.012143
0.010280 0.011432
0.010271 0.010346
0.010248 0.013057
0.010247 0.016047
0.010237 0.011147
0.010236 0.012054
0.010231 0.010328
0.010228 0.013429
0.010223 0.010573
0.010208 0.013701
0.010195 0.011684
0.010190 0.013494
0.010189 0.010449
0.010189 0.016903
0.010173 0.011076
0.010164 0.014544
0.010160 0.010828
0.010158 0.014498
0.010155 0.010277
0.010151 0.010647
0.010149 0.014481
0.010146 0.012325
0.010143 0.011125
0.010139 0.013472
0.010137 0.013410
0.010137 0.017493
0.010135 0.011366
0.010134 0.016921
0.010131 0.011498
0.010131 0.010799
0.010124 0.010507
0.010122 0.010607
0.010114 0.015208
0.010113 0.010717
0.010112 0.013291
0.010107 0.013925
0.010106 0.013182
0.010093 0.012128
0.010092 0.011378
0.010091 0.015662
0.010086 0.012710
0.010076 0.012831
0.010069 0.010408
0.010068 0.010354
0.010067 0.011792
0.010051 0.010296
0.010046 0.010082
0.010046 0.016688
0.010042 0.016872
0.010033 0.011212
0.010031 0.012467
0.010030 0.011471
0.010028 0.010792
0.010026 0.010985
0.010023 0.013521
0.010022 0.010636
0.010019 0.010255
0.010018 0.012108
0.010008 0.010615
0.010004 0.010870
0.010002 0.010274
0.009998 0.015999
0.009994 0.014105
0.009991 0.010372
0.009989 0.011040
0.009984 0.011106
0.009984 0.012263
0.009976 0.011654
0.009974 0.011144
0.009972 0.011671
0.009970 0.015727
0.009963 0.011252
0.009956 0.014415
0.009953 0.011060
0.009953 0.013389
0.009952 0.018142
0.009948 0.012822
0.009941 0.010628
0.009939 0.010852
0.009934 0.010620
0.009930 0.011968
0.009917 0.010420
0.009914 0.021092
0.009909 0.010185
0.009906 0.012213
0.009905 0.010859
0.009903 0.017605
0.009900 0.011935
0.009898 0.012988
0.009893 0.012899
0.009893 0.010195
0.009892 0.010750
0.009890 0.014048
0.009882 0.013636
0.009881 0.015580
0.009880 0.010028
0.009859 0.010661
0.009851 0.012920
0.009848 0.009920
0.009846 0.013263
0.009846 0.011403
0.009844 0.010355
0.009842 0.011932
0.009841 0.011519
0.009838 0.009947
0.009838 0.013318
0.009818 0.010084
0.009815 0.015741
0.009811 0.009982
0.009788 0.012641
0.009784 0.011760
0.009773 0.018648
0.009771 0.010807
0.009761 0.014110
0.009761 0.010161
0.009750 0.012485
0.009749 0.011527
0.009748 0.019332
0.009748 0.010381
0.009743 0.009803
0.009738 0.011653
0.009737 0.010918
0.009732 0.010730
0.009722 0.010051
0.009712 0.010141
0.009709 0.010600
0.009706 0.014383
0.009702 0.012459
0.009700 0.016211
0.009700 0.009758
0.009698 0.009754
0.009697 0.012129
0.009688 0.010984
0.009688 0.009830
0.009675 0.010745
0.009673 0.010170
0.009673 0.015288
0.009671 0.013329
0.009668 0.009978
0.009656 0.012283
0.009655 0.016094
0.009654 0.011081
0.009651 0.019463
0.009649 0.010301
0.009646 0.011780
0.009644 0.011986
0.009643 0.023628
0.009640 0.011496
0.009639 0.015650
0.009632 0.014310
0.009624 0.010469
0.009621 0.012721
0.009615 0.010060
0.009613 0.010049
0.009612 0.009685
0.009601 0.009613
0.009599 0.012010
0.009587 0.011826
0.009585 0.021372
0.009582 0.015164
0.009571 0.011926
0.009571 0.014339
0.009570 0.015168
0.009563 0.011183
0.009561 0.009612
0.009555 0.011543
0.009549 0.011200
0.009540 0.010482
0.009540 0.009901
0.009533 0.010190
0.009531 0.011027
0.009530 0.017914
0.009524 0.010724
0.009519 0.013029
0.009519 0.011822
0.009519 0.010326
0.009515 0.011023
0.009511 0.012081
0.009510 0.012337
0.009510 0.009833
0.009504 0.012703
0.009503 0.010788
0.009502 0.011640
0.009498 0.009533
0.009491 0.012107
0.009490 0.016831
0.009490 0.009520
0.009488 0.009744
0.009487 0.009521
0.009486 0.015927
0.009483 0.018038
0.009474 0.011620
0.009468 0.010560
0.009463 0.014212
0.009463 0.009977
0.009461 0.012348
0.009454 0.013272
0.009452 0.012557
0.009451 0.011903
0.009449 0.011528
0.009443 0.010784
0.009435 0.016876
0.009434 0.010061
0.009431 0.010615
0.009428 0.010086
0.009426 0.015159
0.009420 0.009439
0.009417 0.010227
0.009413 0.010144
0.009412 0.009985
0.009410 0.009714
0.009402 0.010275
0.009402 0.011865
0.009399 0.010231
0.009399 0.011861
0.009398 0.010774
0.009395 0.009844
0.009395 0.011564
0.009395 0.010358
0.009388 0.012831
0.009387 0.014542
0.009384 0.010445
0.009383 0.012672
0.009374 0.009623
0.009374 0.013804
0.009368 0.009479
0.009360 0.011636
0.009358 0.010255
0.009356 0.013391
0.009351 0.014650
0.009351 0.009551
0.009348 0.013037
0.009345 0.009384
0.009342 0.012037
0.009341 0.014994
0.009335 0.011038
0.009330 0.011045
0.009328 0.015112
0.009317 0.011431
0.009317 0.014351
0.009310 0.010944
0.009306 0.012386
0.009300 0.009650
0.009299 0.011420
0.009298 0.010976
0.009280 0.011097
0.009279 0.009627
0.009277 0.010434
0.009276 0.009291
0.009263 0.009756
0.009261 0.011115
0.009258 0.010061
0.009255 0.019227
0.009253 0.009456
0.009252 0.010246
0.009250 0.009679
0.009245 0.009684
0.009236 0.009568
0.009233 0.009473
0.009227 0.011756
0.009225 0.011963
0.009219 0.011459
0.009218 0.011834
0.009218 0.014580
0.009218 0.009827
0.009217 0.009337
0.009217 0.016202
0.009217 0.009888
0.009209 0.013735
0.009209 0.010611
0.009208 0.010636
0.009206 0.016559
0.009204 0.013219
0.009203 0.009418
0.009197 0.009237
0.009196 0.012202
0.009193 0.013435
0.009185 0.012317
0.009178 0.009350
0.009176 0.010544
0.009172 0.009810
0.009166 0.010073
0.009157 0.013715
0.009155 0.009871
0.009149 0.012681
0.009148 0.010045
0.009146 0.011716
0.009136 0.010001
0.009130 0.010864
0.009130 0.010611
0.009119 0.011880
0.009113 0.011629
0.009108 0.009437
0.009103 0.012454
0.009102 0.015445
0.009101 0.011288
0.009097 0.010989
0.009095 0.013122
0.009094 0.009435
0.009085 0.009625
0.009076 0.014307
0.009073 0.010458
0.009069 0.017039
0.009063 0.009834
0.009060 0.009866
0.009057 0.016793
0.009056 0.009530
0.009054 0.009774
0.009044 0.010315
0.009042 0.009605
0.009038 0.009061
0.009036 0.009500
0.009027 0.011826
0.009024 0.011162
0.009021 0.011047
0.009019 0.011538
0.009018 0.010179
0.009006 0.009313
0.008981 0.009216
0.008977 0.017322
0.008973 0.009068
0.008972 0.010729
0.008971 0.013783
0.008962 0.010504
0.008962 0.009141
0.008944 0.009050
0.008940 0.010468
0.008939 0.017931
0.008938 0.015918
0.008937 0.013632
0.008936 0.013928
0.008919 0.009777
0.008918 0.011179
0.008915 0.010335
0.008914 0.011821
0.008910 0.009522
0.008907 0.009385
0.008896 0.014285
0.008896 0.009781
0.008893 0.013715
0.008886 0.009291
0.008885 0.011062
0.008882 0.016824
0.008877 0.013243
0.008868 0.010638
0.008862 0.008990
0.008861 0.011801
0.008858 0.012686
0.008857 0.009378
0.008857 0.011490
0.008849 0.009986
0.008848 0.012300
0.008848 0.010393
0.008837 0.012959
0.008831 0.010251
0.008823 0.009143
0.008821 0.009437
0.008810 0.012081
0.008808 0.009171
0.008799 0.010000
0.008798 0.009683
0.008795 0.017297
0.008794 0.010011
0.008791 0.010409
0.008790 0.010411
0.008785 0.009108
0.008782 0.011497
0.008780 0.015020
0.008779 0.009349
0.008773 0.009146
0.008764 0.009392
0.008752 0.009859
0.008751 0.012537
0.008747 0.010599
0.008744 0.009306
0.008742 0.011543
0.008742 0.010801
0.008730 0.009307
0.008727 0.009907
0.008724 0.008766
0.008715 0.012536
0.008711 0.009535
0.008701 0.011060
0.008691 0.010642
0.008689 0.014746
0.008685 0.015662
0.008684 0.010145
0.008677 0.009877
0.008676 0.017919
0.008668 0.010161
0.008664 0.009325
0.008664 0.013609
0.008656 0.009121
0.008652 0.016980
0.008648 0.009302
0.008647 0.010530
0.008646 0.010211
0.008643 0.008803
0.008636 0.012031
0.008631 0.010063
0.008629 0.008632
0.008626 0.008686
0.008622 0.013026
0.008619 0.009514
0.008611 0.009437
0.008609 0.008731
0.008608 0.008832
0.008607 0.008624
0.008606 0.008696
0.008604 0.010335
0.008599 0.010938
0.008585 0.010229
0.008583 0.010452
0.008574 0.008831
0.008572 0.008817
0.008568 0.011108
0.008562 0.011830
0.008555 0.009690
0.008554 0.008636
0.008549 0.011240
0.008548 0.011240
0.008548 0.009180
0.008546 0.008877
0.008545 0.011165
0.008544 0.008753
0.008542 0.008985
0.008539 0.008564
0.008534 0.010742
0.008529 0.011967
0.008523 0.009391
0.008522 0.018200
0.008516 0.010292
0.008508 0.015106
0.008507 0.009710
0.008507 0.014504
0.008503 0.009575
0.008501 0.015125
0.008491 0.009428
0.008486 0.010623
0.008481 0.010129
0.008468 0.008887
0.008465 0.010318
0.008458 0.012299
0.008456 0.016333
0.008452 0.009630
0.008439 0.009328
0.008434 0.010342
0.008432 0.008561
0.008428 0.008749
0.008425 0.008934
0.008422 0.010463
0.008418 0.011824
0.008409 0.011933
0.008396 0.012343
0.008391 0.009935
0.008386 0.011238
0.008386 0.008790
0.008384 0.009263
0.008383 0.009072
0.008375 0.015953
0.008368 0.010402
0.008359 0.010874
0.008353 0.009991
0.008345 0.011933
0.008343 0.009351
0.008339 0.008827
0.008337 0.009014
0.008332 0.008979
0.008320 0.012508
0.008318 0.009154
0.008316 0.010056
0.008312 0.010662
0.008295 0.008897
0.008293 0.008373
0.008291 0.010682
0.008291 0.009446
0.008289 0.008879
0.008275 0.011088
0.008272 0.009442
0.008269 0.014367
0.008269 0.011047
0.008267 0.009947
0.008262 0.009696
0.008261 0.008599
0.008255 0.008797
0.008254 0.010512
0.008248 0.009693
0.008246 0.011549
0.008242 0.008804
0.008237 0.008622
0.008229 0.009275
0.008224 0.008271
0.008219 0.009987
0.008214 0.008214
0.008213 0.012289
0.008209 0.010763
0.008207 0.010099
0.008203 0.013679
0.008203 0.011926
0.008200 0.008964
0.008199 0.012231
0.008198 0.012574
0.008177 0.010095
0.008162 0.009272
0.008160 0.010630
0.008153 0.009180
0.008145 0.014599
0.008143 0.010708
0.008134 0.013186
0.008128 0.010272
0.008121 0.009960
0.008109 0.008587
0.008109 0.009267
0.008108 0.009378
0.008102 0.010541
0.008099 0.016699
0.008098 0.009360
0.008095 0.012779
0.008094 0.010478
0.008092 0.008964
0.008089 0.008560
0.008079 0.008712
0.008072 0.008558
0.008069 0.008384
0.008068 0.012622
0.008067 0.008854
0.008067 0.012962
0.008056 0.009901
0.008055 0.014924
0.008051 0.011142
0.008049 0.009539
0.008043 0.010530
0.008038 0.010545
0.008038 0.009373
0.008035 0.010212
0.008033 0.012359
0.008029 0.008409
0.008027 0.010204
0.008023 0.008130
0.008010 0.010553
0.008004 0.010801
0.007999 0.010557
0.007993 0.009907
0.007986 0.008172
0.007984 0.008212
0.007979 0.008623
0.007969 0.008742
0.007954 0.012349
0.007952 0.011048
0.007952 0.008692
0.007951 0.008655
0.007940 0.008782
0.007940 0.009746
0.007927 0.008447
0.007924 0.009826
0.007921 0.013645
0.007917 0.008360
0.007913 0.011219
0.007913 0.009292
0.007908 0.010904
0.007903 0.010245
0.007900 0.017374
0.007897 0.007910
0.007894 0.008152
0.007892 0.007945
0.007892 0.009826
0.007890 0.008803
0.007885 0.009091
0.007874 0.008868
0.007837 0.008678
0.007836 0.011601
0.007823 0.009537
0.007814 0.010383
0.007811 0.011976
0.007810 0.008323
0.007810 0.009276
0.007800 0.008470
0.007798 0.008457
0.007797 0.012540
0.007796 0.008088
0.007796 0.008459
0.007790 0.009693
0.007783 0.007890
0.007771 0.007948
0.007767 0.007787
0.007758 0.010066
0.007754 0.008143
0.007751 0.009752
0.007748 0.008963
0.007747 0.007781
0.007743 0.008033
0.007741 0.007814
0.007740 0.008782
0.007732 0.012287
0.007722 0.007745
0.007722 0.008958
0.007721 0.008326
0.007719 0.009710
0.007719 0.008339
0.007718 0.008035
0.007716 0.009697
0.007716 0.008300
0.007713 0.012196
0.007706 0.007726
0.007700 0.008060
0.007698 0.009222
0.007698 0.010904
0.007693 0.008208
0.007693 0.008495
0.007688 0.009570
0.007684 0.009621
0.007672 0.015561
0.007671 0.008719
0.007669 0.007971
0.007661 0.008207
0.007654 0.007711
0.007652 0.008548
0.007641 0.008117
0.007636 0.009271
0.007634 0.012170
0.007631 0.008217
0.007629 0.008512
0.007616 0.007670
0.007609 0.012214
0.007606 0.009130
0.007606 0.010579
0.007600 0.009058
0.007598 0.008239
0.007588 0.010430
0.007581 0.008663
0.007574 0.008144
0.007574 0.007900
0.007571 0.007799
0.007556 0.009819
0.007552 0.009471
0.007540 0.007855
0.007534 0.009946
0.007526 0.008407
0.007525 0.007656
0.007510 0.009997
0.007510 0.012069
0.007506 0.010846
0.007498 0.008412
0.007486 0.007855
0.007484 0.007891
0.007483 0.016491
0.007477 0.010599
0.007473 0.009039
0.007471 0.009271
0.007471 0.009562
0.007470 0.016611
0.007467 0.009286
0.007461 0.010078
0.007458 0.008020
0.007453 0.012615
0.007452 0.008474
0.007441 0.007893
0.007429 0.014936
0.007428 0.016384
0.007428 0.009667
0.007419 0.008439
0.007417 0.009140
0.007413 0.008039
0.007408 0.008290
0.007407 0.009245
0.007403 0.007522
0.007399 0.008569
0.007397 0.007774
0.007397 0.008266
0.007394 0.009250
0.007390 0.007756
0.007388 0.008361
0.007382 0.008704
0.007380 0.007687
0.007365 0.008664
0.007364 0.007493
0.007364 0.008694
0.007358 0.010194
0.007356 0.014809
0.007352 0.011757
0.007345 0.008579
0.007341 0.008485
0.007341 0.009266
0.007338 0.007450
0.007336 0.010700
0.007328 0.007415
0.007328 0.010715
0.007327 0.008675
0.007324 0.009506
0.007316 0.008118
0.007316 0.007680
0.007314 0.014061
0.007313 0.007628
0.007312 0.013357
0.007310 0.008094
0.007305 0.009039
0.007303 0.007619
0.007302 0.008347
0.007298 0.008120
0.007297 0.007457
0.007292 0.008031
0.007286 0.008738
0.007271 0.008427
0.007265 0.008096
0.007263 0.007445
0.007258 0.007714
0.007255 0.008104
0.007249 0.011893
0.007241 0.008942
0.007239 0.007350
0.007232 0.010962
0.007228 0.014383
0.007227 0.007736
0.007224 0.008313
0.007206 0.009055
0.007202 0.007252
0.007198 0.011544
0.007193 0.009919
0.007191 0.007777
0.007185 0.007977
0.007184 0.007246
0.007183 0.009545
0.007182 0.012852
0.007171 0.007622
0.007169 0.009827
0.007145 0.007330
0.007142 0.007246
0.007107 0.007151
0.007101 0.008122
0.007095 0.009244
0.007087 0.007106
0.007086 0.008431
0.007085 0.007107
0.007067 0.008096
0.007051 0.008244
0.007046 0.007820
0.007032 0.012204
0.007015 0.008853
0.007013 0.008073
0.007011 0.010387
0.007010 0.007169
0.007004 0.007720
0.007001 0.012367
0.006995 0.007059
0.006988 0.009761
0.006985 0.010490
0.006973 0.014387
0.006963 0.008194
0.006960 0.009921
0.006953 0.008261
0.006938 0.010890
0.006936 0.007490
0.006929 0.007106
0.006928 0.007023
0.006921 0.007363
0.006921 0.007987
0.006915 0.007234
0.006882 0.009281
0.006877 0.008435
0.006872 0.011385
0.006869 0.007286
0.006868 0.007541
0.006860 0.007259
0.006859 0.007411
0.006858 0.009962
0.006854 0.008195
0.006852 0.007119
0.006850 0.009939
0.006848 0.012909
0.006841 0.010356
0.006834 0.009023
0.006832 0.007020
0.006830 0.011048
0.006828 0.009235
0.006820 0.007210
0.006819 0.007716
0.006817 0.008494
0.006814 0.006837
0.006814 0.007289
0.006813 0.007248
0.006802 0.007163
0.006799 0.009698
0.006792 0.013344
0.006782 0.007524
0.006771 0.010275
0.006771 0.008821
0.006767 0.011463
0.006766 0.007039
0.006764 0.007243
0.006749 0.007149
0.006749 0.009304
0.006747 0.006940
0.006744 0.006952
0.006713 0.012992
0.006696 0.007067
0.006689 0.007586
0.006685 0.013121
0.006678 0.007071
0.006675 0.013162
0.006672 0.006918
0.006666 0.006825
0.006661 0.009711
0.006656 0.008339
0.006647 0.007063
0.006646 0.006837
0.006638 0.006758
0.006633 0.008371
0.006625 0.008796
0.006621 0.007491
0.006618 0.008743
0.006617 0.010046
0.006612 0.007349
0.006608 0.007521
0.006605 0.007047
0.006597 0.009781
0.006590 0.006878
0.006587 0.006945
0.006583 0.007009
0.006582 0.007818
0.006580 0.010722
0.006580 0.006647
0.006576 0.009625
0.006568 0.006635
0.006562 0.007638
0.006559 0.007668
0.006557 0.006981
0.006553 0.007711
0.006544 0.006755
0.006536 0.008653
0.006523 0.007715
0.006520 0.008154
0.006518 0.007096
0.006515 0.008687
0.006514 0.006605
0.006490 0.006847
0.006475 0.007296
0.006473 0.007427
0.006473 0.008386
0.006466 0.007169
0.006464 0.009772
0.006461 0.009557
0.006454 0.007636
0.006443 0.006662
0.006440 0.007478
0.006439 0.012639
0.006437 0.007039
0.006436 0.006458
0.006435 0.012252
0.006417 0.010017
0.006410 0.006770
0.006408 0.010383
0.006393 0.006602
0.006382 0.009110
0.006380 0.011923
0.006380 0.011817
0.006373 0.006674
0.006371 0.006420
0.006370 0.007383
0.006363 0.007907
0.006363 0.007458
0.006341 0.006835
0.006339 0.010007
0.006339 0.008239
0.006339 0.009187
0.006314 0.011270
0.006312 0.006765
0.006306 0.006726
0.006306 0.007203
0.006302 0.007866
0.006299 0.012253
0.006295 0.006413
0.006291 0.006625
0.006286 0.010132
0.006281 0.007629
0.006276 0.007599
0.006274 0.006468
0.006270 0.008072
0.006263 0.006392
0.006263 0.006924
0.006262 0.006409
0.006257 0.006733
0.006255 0.009023
0.006254 0.008001
0.006236 0.006382
0.006225 0.008058
0.006222 0.007726
0.006218 0.007711
0.006215 0.014064
0.006198 0.006987
0.006173 0.006623
0.006155 0.006155
0.006152 0.006220
0.006141 0.009161
0.006129 0.008295
0.006127 0.006131
0.006124 0.007362
0.006119 0.006910
0.006119 0.010057
0.006116 0.009116
0.006107 0.006711
0.006103 0.008430
0.006103 0.006562
0.006102 0.009685
0.006102 0.007836
0.006093 0.007314
0.006091 0.006729
0.006091 0.006909
0.006086 0.006623
0.006080 0.006992
0.006066 0.006098
0.006063 0.006838
0.006059 0.006179
0.006056 0.007379
0.006054 0.006323
0.006054 0.008880
0.006053 0.006118
0.006047 0.007602
0.006034 0.007218
0.006034 0.006089
0.006032 0.008021
0.006016 0.006053
0.006007 0.008720
0.005995 0.006193
0.005975 0.007033
0.005967 0.006440
0.005963 0.007183
0.005957 0.007767
0.005949 0.008177
0.005940 0.006190
0.005935 0.007825
0.005928 0.006576
0.005925 0.007031
0.005911 0.006397
0.005908 0.007695
0.005886 0.006061
0.005886 0.006010
0.005881 0.008187
0.005865 0.006645
0.005840 0.007365
0.005832 0.006133
0.005823 0.006918
0.005819 0.006343
0.005803 0.007282
0.005769 0.005839
0.005745 0.010589
0.005727 0.005859
0.005705 0.006806
0.005701 0.008829
0.005693 0.005747
0.005689 0.006810
0.005678 0.005963
0.005675 0.007013
0.005669 0.006202
0.005667 0.006953
0.005660 0.006028
0.005659 0.007783
0.005659 0.011992
0.005627 0.006656
0.005620 0.005854
0.005614 0.007124
0.005596 0.007090
0.005575 0.005620
0.005572 0.006934
0.005563 0.006714
0.005561 0.005591
0.005545 0.010796
0.005545 0.005946
0.005531 0.005568
0.005522 0.006053
0.005519 0.005695
0.005518 0.005986
0.005472 0.005922
0.005471 0.007150
0.005464 0.006200
0.005454 0.006738
0.005451 0.005481
0.005450 0.005497
0.005431 0.006684
0.005388 0.005784
0.005372 0.005619
0.005362 0.005670
0.005344 0.005647
0.005334 0.005355
0.005305 0.006083
0.005288 0.005343
0.005269 0.005321
0.005249 0.005414
0.005219 0.005553
0.005200 0.005337
0.005197 0.006065
0.005174 0.005278
0.005142 0.005356
0.005141 0.005748
0.005094 0.005501
0.005076 0.006290
0.005067 0.006912
0.005042 0.005216
0.005017 0.005053
0.005009 0.006310
0.005000 0.005488
0.004975 0.005183
0.004960 0.005115
0.004956 0.005587
0.004943 0.005346
0.004933 0.005711
0.004912 0.005217
0.004900 0.005542
0.004885 0.005110
0.004883 0.007443
0.004870 0.006788
0.004812 0.005449
0.004811 0.004859
0.004796 0.004908
0.004732 0.005934
0.004669 0.005169
0.004662 0.006036
0.004641 0.006973
0.004631 0.005622
0.004589 0.005048
0.004571 0.004597
0.004554 0.007766
0.004544 0.004729
0.004538 0.004763
0.004507 0.005526
0.004493 0.005402
0.004448 0.004761
0.004447 0.004826
0.004426 0.004446
0.004372 0.004653
0.004360 0.004435
0.004245 0.005761
0.004231 0.005261
0.004230 0.004234
0.004229 0.006030
0.004204 0.004313
0.003989 0.004358
0.003965 0.004196
0.003926 0.004574
0.003851 0.004468
0.003781 0.004059
0.003773 0.004381
0.003734 0.004128
0.003705 0.003756
0.003590 0.003889
0.003556 0.003870
0.003531 0.003826
0.003482 0.003555
0.003401 0.003597
0.003374 0.003612
0.003309 0.003676
0.003093 0.003605
0.002938 0.002981
0.002822 0.002860
0.002802 0.003091
0.002698 0.003373
0.001847 0.002089
