0.267111 0.292168
0.133268 0.139243
0.107795 0.107999
0.106489 0.111029
0.102593 0.113827
0.102093 0.103717
0.094251 0.131249
0.092897 0.102174
0.092281 0.095912
0.088194 0.099509
0.087394 0.090893
0.083044 0.083194
0.082751 0.102339
0.077981 0.090895
0.071514 0.078576
0.070615 0.079614
0.069009 0.071661
0.067960 0.070598
0.067692 0.076588
0.061141 0.067565
0.060271 0.066574
0.059562 0.061290
0.054054 0.057645
0.053765 0.085703
0.053383 0.054242
0.052532 0.085579
0.050093 0.050903
0.048863 0.053088
0.047834 0.055291
0.046007 0.056032
0.045769 0.060935
0.044403 0.070585
0.043896 0.046172
0.043853 0.064697
0.043837 0.044983
0.043769 0.046202
0.043386 0.056488
0.042972 0.122555
0.042619 0.050956
0.041976 0.043849
0.041867 0.047724
0.041468 0.045497
0.041466 0.041762
0.040928 0.051768
0.040835 0.047999
0.040063 0.044904
0.040034 0.041470
0.039750 0.060232
0.039041 0.048579
0.038534 0.042769
0.038242 0.055954
0.038059 0.044568
0.038021 0.041402
0.037959 0.038746
0.037906 0.058894
0.037761 0.041648
0.036578 0.039716
0.036306 0.037591
0.036092 0.050070
0.035663 0.037161
0.035543 0.068065
0.035302 0.038280
0.035183 0.042711
0.034794 0.035099
0.034241 0.040718
0.033782 0.035870
0.033719 0.038572
0.033320 0.037361
0.033271 0.046651
0.032906 0.044070
0.032902 0.036181
0.032844 0.044286
0.032656 0.038092
0.032485 0.034188
0.032304 0.036227
0.032133 0.032766
0.032069 0.032347
0.031968 0.040321
0.031919 0.034634
0.031739 0.032169
0.031452 0.036769
0.031288 0.050126
0.031250 0.045157
0.031236 0.031765
0.031129 0.032154
0.031068 0.031562
0.031048 0.037582
0.030932 0.053710
0.030735 0.035927
0.030663 0.031565
0.030242 0.030389
0.030038 0.032684
0.029753 0.032015
0.029665 0.032419
0.029450 0.029658
0.029343 0.031734
0.029262 0.033595
0.029224 0.031309
0.029039 0.032757
0.029005 0.031159
0.028932 0.029861
0.028800 0.046518
0.028599 0.038461
0.028413 0.030589
0.028413 0.031351
0.028318 0.033952
0.028297 0.029137
0.028216 0.030146
0.028029 0.031357
0.027999 0.029077
0.027749 0.028482
0.027723 0.031083
0.027648 0.027700
0.027620 0.027743
0.027616 0.032851
0.027467 0.027633
0.027392 0.029045
0.027388 0.027638
0.027342 0.033731
0.027272 0.029459
0.027268 0.027770
0.027259 0.030464
0.027251 0.029278
0.027180 0.028093
0.027159 0.040941
0.027015 0.034065
0.026939 0.031311
0.026888 0.040060
0.026885 0.052499
0.026791 0.027042
0.026786 0.035119
0.026765 0.045328
0.026760 0.028047
0.026757 0.038081
0.026751 0.037617
0.026725 0.032240
0.026424 0.027533
0.026324 0.035900
0.026308 0.026853
0.026171 0.037514
0.026111 0.030909
0.025994 0.028006
0.025920 0.031817
0.025892 0.026208
0.025787 0.028957
0.025752 0.029786
0.025688 0.025700
0.025685 0.026483
0.025673 0.026152
0.025614 0.030483
0.025591 0.035153
0.025525 0.037740
0.025514 0.031507
0.025171 0.029889
0.025045 0.026461
0.025035 0.035437
0.024975 0.026369
0.024877 0.027191
0.024812 0.027306
0.024785 0.030047
0.024779 0.031531
0.024720 0.027971
0.024651 0.028885
0.024615 0.034495
0.024575 0.030633
0.024554 0.024936
0.024463 0.026706
0.024326 0.024568
0.024231 0.025101
0.024121 0.045810
0.024069 0.024182
0.024060 0.033621
0.024024 0.026698
0.024015 0.047948
0.023965 0.055924
0.023943 0.028725
0.023909 0.024341
0.023856 0.026238
0.023849 0.025577
0.023847 0.031215
0.023832 0.028311
0.023766 0.027658
0.023747 0.033467
0.023681 0.033880
0.023653 0.026887
0.023544 0.039054
0.023503 0.028397
0.023461 0.027445
0.023384 0.026205
0.023355 0.026996
0.023338 0.032788
0.023300 0.039318
0.023177 0.032786
0.023138 0.039049
0.023092 0.023980
0.023091 0.025435
0.023081 0.023669
0.023010 0.042589
0.023005 0.023025
0.022971 0.031198
0.022896 0.025015
0.022779 0.031956
0.022729 0.025070
0.022610 0.023599
0.022546 0.024053
0.022528 0.028469
0.022474 0.025023
0.022398 0.037444
0.022357 0.031651
0.022354 0.023356
0.022330 0.022417
0.022322 0.034867
0.022217 0.023753
0.022190 0.046024
0.022141 0.023863
0.022124 0.023230
0.022075 0.027674
0.022025 0.024730
0.021805 0.025804
0.021778 0.022079
0.021701 0.032243
0.021661 0.023976
0.021618 0.021656
0.021608 0.023888
0.021591 0.027157
0.021542 0.025336
0.021454 0.025169
0.021443 0.045522
0.021354 0.022358
0.021308 0.038287
0.021212 0.024437
0.021209 0.022836
0.021208 0.031618
0.021191 0.028601
0.021163 0.023392
0.021134 0.028131
0.021063 0.022651
0.021031 0.028387
0.021031 0.022216
0.021031 0.034274
0.021030 0.022103
0.021027 0.027674
0.020860 0.021327
0.020860 0.021891
0.020799 0.021817
0.020718 0.020817
0.020697 0.028391
0.020643 0.036649
0.020606 0.025848
0.020504 0.022777
0.020497 0.032690
0.020444 0.025164
0.020407 0.022981
0.020365 0.022361
0.020296 0.022573
0.020269 0.025331
0.020228 0.028246
0.020222 0.027843
0.020128 0.020850
0.020064 0.025020
0.019986 0.025301
0.019975 0.021044
0.019932 0.021801
0.019932 0.020915
0.019871 0.020882
0.019845 0.021665
0.019841 0.024190
0.019806 0.022119
0.019713 0.021204
0.019670 0.019873
0.019601 0.020581
0.019568 0.023824
0.019555 0.020781
0.019553 0.019602
0.019541 0.020247
0.019534 0.021528
0.019461 0.025674
0.019417 0.021693
0.019380 0.023235
0.019375 0.020089
0.019339 0.023826
0.019329 0.020625
0.019329 0.019393
0.019274 0.019684
0.019220 0.024639
0.019211 0.028508
0.019207 0.019541
0.019196 0.024842
0.019192 0.029338
0.019100 0.023848
0.019000 0.026935
0.018869 0.020159
0.018851 0.025069
0.018836 0.019074
0.018813 0.021510
0.018813 0.024759
0.018800 0.030088
0.018751 0.026288
0.018694 0.018809
0.018646 0.020934
0.018646 0.019898
0.018637 0.021540
0.018633 0.027376
0.018606 0.031595
0.018579 0.021555
0.018502 0.024558
0.018469 0.018519
0.018453 0.022422
0.018441 0.020445
0.018407 0.019215
0.018364 0.018659
0.018313 0.019346
0.018309 0.025138
0.018293 0.023046
0.018286 0.023235
0.018277 0.024983
0.018247 0.031183
0.018186 0.021671
0.018176 0.018854
0.018170 0.020784
0.018169 0.020793
0.018158 0.024210
0.018017 0.018898
0.017941 0.037174
0.017918 0.019469
0.017911 0.019618
0.017907 0.018469
0.017902 0.021441
0.017863 0.021514
0.017839 0.021985
0.017823 0.018806
0.017796 0.021355
0.017795 0.018552
0.017792 0.032778
0.017741 0.017804
0.017739 0.021924
0.017734 0.020639
0.017708 0.026468
0.017693 0.019466
0.017610 0.022025
0.017582 0.025876
0.017574 0.021945
0.017545 0.018497
0.017529 0.025740
0.017506 0.019111
0.017402 0.018632
0.017398 0.018231
0.017304 0.018004
0.017287 0.019645
0.017284 0.025423
0.017282 0.017604
0.017278 0.017399
0.017250 0.029257
0.017215 0.018185
0.017199 0.018489
0.017181 0.025407
0.017177 0.019557
0.017155 0.017930
0.017096 0.018965
0.017052 0.017297
0.017042 0.044924
0.017037 0.018092
0.017027 0.022532
0.017011 0.031180
0.016974 0.024045
0.016969 0.017013
0.016948 0.017224
0.016933 0.019456
0.016903 0.017090
0.016887 0.020343
0.016790 0.019890
0.016780 0.022742
0.016734 0.017269
0.016715 0.016809
0.016697 0.023673
0.016692 0.018411
0.016672 0.045702
0.016670 0.019729
0.016667 0.018458
0.016653 0.018763
0.016651 0.024089
0.016626 0.018602
0.016625 0.027387
0.016622 0.019897
0.016602 0.024917
0.016599 0.020140
0.016448 0.017522
0.016424 0.016665
0.016417 0.016695
0.016405 0.019728
0.016385 0.020444
0.016352 0.020758
0.016350 0.017700
0.016341 0.017162
0.016334 0.031332
0.016302 0.020701
0.016301 0.019714
0.016300 0.020612
0.016299 0.017335
0.016277 0.016857
0.016275 0.020572
0.016272 0.016724
0.016270 0.019320
0.016250 0.017841
0.016220 0.018422
0.016198 0.020900
0.016197 0.017794
0.016196 0.016472
0.016174 0.016202
0.016169 0.018535
0.016162 0.017782
0.016106 0.020090
0.016102 0.023227
0.016092 0.024631
0.016074 0.017294
0.016018 0.021330
0.016012 0.018715
0.015991 0.016734
0.015890 0.018352
0.015881 0.016049
0.015865 0.017635
0.015862 0.023344
0.015836 0.021445
0.015808 0.024374
0.015807 0.019213
0.015790 0.022541
0.015790 0.023378
0.015724 0.020561
0.015684 0.023140
0.015672 0.017922
0.015671 0.022107
0.015648 0.016323
0.015590 0.037778
0.015567 0.015568
0.015564 0.018390
0.015562 0.022989
0.015550 0.017008
0.015533 0.025577
0.015481 0.021104
0.015474 0.018755
0.015473 0.022610
0.015471 0.021672
0.015456 0.017000
0.015443 0.016017
0.015429 0.045635
0.015411 0.020056
0.015393 0.018884
0.015290 0.018627
0.015287 0.025519
0.015258 0.021164
0.015239 0.015977
0.015213 0.016582
0.015129 0.015958
0.015129 0.017530
0.015122 0.015465
0.015092 0.015905
0.015068 0.016879
0.014993 0.016416
0.014983 0.016378
0.014972 0.028583
0.014963 0.022463
0.014962 0.015683
0.014954 0.016552
0.014942 0.020154
0.014927 0.016169
0.014925 0.020465
0.014905 0.018781
0.014899 0.033520
0.014861 0.016604
0.014838 0.024325
0.014825 0.021681
0.014805 0.016245
0.014802 0.028704
0.014771 0.029871
0.014761 0.017728
0.014758 0.014932
0.014732 0.015833
0.014724 0.017326
0.014701 0.017968
0.014695 0.016725
0.014662 0.018912
0.014616 0.017282
0.014610 0.016730
0.014573 0.025415
0.014570 0.016195
0.014554 0.019416
0.014532 0.015867
0.014530 0.018805
0.014492 0.025067
0.014460 0.016035
0.014448 0.014535
0.014428 0.017154
0.014408 0.019027
0.014382 0.016848
0.014330 0.017325
0.014329 0.014699
0.014264 0.015443
0.014263 0.014961
0.014250 0.014939
0.014246 0.032017
0.014233 0.015627
0.014213 0.015331
0.014212 0.019163
0.014209 0.015136
0.014184 0.015956
0.014182 0.016441
0.014181 0.017179
0.014175 0.014735
0.014168 0.015696
0.014158 0.015629
0.014143 0.017578
0.014140 0.018595
0.014129 0.017384
0.014121 0.014845
0.014094 0.015237
0.014092 0.014487
0.014060 0.017051
0.014054 0.025374
0.014038 0.014213
0.014032 0.015519
0.014018 0.014327
0.014010 0.015296
0.014001 0.014355
0.013987 0.015071
0.013983 0.024783
0.013976 0.015504
0.013968 0.032801
0.013954 0.014921
0.013948 0.014668
0.013942 0.016021
0.013936 0.023575
0.013932 0.015747
0.013914 0.014515
0.013861 0.025381
0.013840 0.022645
0.013826 0.014236
0.013794 0.018177
0.013781 0.014017
0.013777 0.014360
0.013773 0.016453
0.013769 0.015930
0.013763 0.015602
0.013748 0.014222
0.013725 0.013795
0.013722 0.014247
0.013717 0.017882
0.013711 0.017463
0.013692 0.014616
0.013680 0.017600
0.013673 0.016382
0.013659 0.014809
0.013653 0.014103
0.013652 0.022197
0.013643 0.037306
0.013622 0.014396
0.013617 0.016973
0.013608 0.014154
0.013605 0.013954
0.013599 0.018344
0.013551 0.019909
0.013527 0.018419
0.013523 0.015603
0.013510 0.018682
0.013504 0.015196
0.013501 0.018569
0.013499 0.017302
0.013495 0.015100
0.013486 0.016214
0.013469 0.014482
0.013462 0.019510
0.013452 0.013735
0.013451 0.013635
0.013438 0.014238
0.013432 0.015464
0.013421 0.014330
0.013360 0.028377
0.013358 0.014453
0.013351 0.014476
0.013331 0.023010
0.013328 0.013532
0.013311 0.013834
0.013309 0.013325
0.013308 0.013335
0.013305 0.013326
0.013302 0.013364
0.013301 0.015838
0.013300 0.013679
0.013300 0.013530
0.013299 0.013508
0.013298 0.013803
0.013298 0.013369
0.013298 0.013569
0.013298 0.013614
0.013297 0.014215
0.013297 0.013536
0.013297 0.014864
0.013296 0.014094
0.013296 0.014962
0.013296 0.013321
0.013296 0.014442
0.013296 0.013964
0.013294 0.016190
0.013287 0.019930
0.013270 0.013430
0.013248 0.016225
0.013206 0.022522
0.013188 0.015023
0.013184 0.014639
0.013164 0.013867
0.013124 0.015012
0.013111 0.015303
0.013107 0.019274
0.013106 0.013863
0.013099 0.018016
0.013081 0.015153
0.013074 0.013297
0.013073 0.014794
0.013065 0.013944
0.013060 0.014862
0.013054 0.015372
0.013047 0.015019
0.013047 0.014618
0.013046 0.016882
0.013034 0.014582
0.013024 0.017182
0.013017 0.014251
0.013013 0.016481
0.013003 0.019398
0.013000 0.015563
0.012992 0.015713
0.012975 0.014690
0.012954 0.014465
0.012953 0.014483
0.012949 0.013378
0.012945 0.013087
0.012923 0.020656
0.012922 0.013245
0.012919 0.013550
0.012912 0.016948
0.012909 0.019407
0.012909 0.015241
0.012894 0.015834
0.012893 0.015462
0.012889 0.019470
0.012878 0.013973
0.012850 0.013728
0.012843 0.013671
0.012820 0.013766
0.012813 0.022110
0.012789 0.015169
0.012787 0.015014
0.012778 0.018826
0.012776 0.013289
0.012771 0.015272
0.012768 0.012980
0.012759 0.013214
0.012749 0.012821
0.012743 0.013172
0.012736 0.013303
0.012729 0.013778
0.012721 0.024145
0.012713 0.012798
0.012710 0.014029
0.012683 0.013022
0.012676 0.012878
0.012671 0.027712
0.012666 0.013387
0.012647 0.014171
0.012640 0.012799
0.012637 0.012655
0.012633 0.012636
0.012630 0.015833
0.012629 0.017046
0.012628 0.012822
0.012627 0.016262
0.012624 0.012662
0.012621 0.013819
0.012620 0.012880
0.012620 0.013129
0.012619 0.012622
0.012618 0.012927
0.012617 0.012704
0.012602 0.013028
0.012580 0.015483
0.012575 0.013593
0.012571 0.015250
0.012558 0.012644
0.012551 0.012702
0.012550 0.012771
0.012550 0.012947
0.012549 0.019055
0.012544 0.019914
0.012539 0.013016
0.012530 0.014046
0.012528 0.014331
0.012482 0.014649
0.012482 0.015368
0.012482 0.015665
0.012481 0.020464
0.012479 0.013975
0.012476 0.013022
0.012467 0.014025
0.012460 0.013967
0.012453 0.021122
0.012433 0.014997
0.012409 0.019603
0.012408 0.015931
0.012406 0.016187
0.012405 0.014319
0.012404 0.012763
0.012399 0.013808
0.012387 0.025085
0.012386 0.016003
0.012371 0.012793
0.012336 0.015922
0.012328 0.013793
0.012316 0.012338
0.012314 0.012670
0.012308 0.018866
0.012293 0.013246
0.012291 0.012898
0.012290 0.019128
0.012289 0.013338
0.012287 0.013142
0.012278 0.012864
0.012269 0.013256
0.012264 0.016572
0.012256 0.013147
0.012248 0.013915
0.012241 0.014673
0.012231 0.014342
0.012229 0.012697
0.012207 0.013446
0.012183 0.017396
0.012168 0.012245
0.012167 0.015355
0.012149 0.013293
0.012144 0.027840
0.012124 0.014851
0.012123 0.012653
0.012120 0.018326
0.012113 0.016179
0.012113 0.017513
0.012105 0.025256
0.012102 0.013857
0.012083 0.012664
0.012079 0.015012
0.012069 0.013727
0.012063 0.014771
0.012062 0.013549
0.012060 0.013508
0.012051 0.024422
0.012047 0.013120
0.012037 0.024089
0.012032 0.018494
0.012025 0.017046
0.012016 0.013199
0.011986 0.019128
0.011985 0.012492
0.011981 0.012297
0.011978 0.013892
0.011960 0.014698
0.011956 0.013506
0.011943 0.012321
0.011942 0.015323
0.011942 0.013820
0.011891 0.012333
0.011881 0.022840
0.011871 0.012218
0.011863 0.012279
0.011861 0.019428
0.011817 0.011961
0.011812 0.013652
0.011794 0.014804
0.011778 0.012506
0.011775 0.014370
0.011759 0.014242
0.011757 0.012164
0.011754 0.014447
0.011749 0.011968
0.011727 0.011776
0.011720 0.020651
0.011693 0.014619
0.011672 0.014177
0.011655 0.012502
0.011655 0.011890
0.011638 0.013464
0.011635 0.018351
0.011630 0.012992
0.011628 0.012074
0.011609 0.011763
0.011583 0.012925
0.011570 0.014872
0.011568 0.019646
0.011564 0.012316
0.011524 0.013281
0.011524 0.013483
0.011520 0.013692
0.011519 0.011720
0.011495 0.015561
0.011484 0.011613
0.011481 0.011801
0.011441 0.012831
0.011430 0.011459
0.011411 0.013395
0.011410 0.012622
0.011409 0.012360
0.011402 0.012451
0.011383 0.012823
0.011375 0.014269
0.011375 0.011557
0.011375 0.014561
0.011372 0.012680
0.011367 0.013343
0.011353 0.013369
0.011351 0.011670
0.011345 0.012498
0.011329 0.011700
0.011319 0.011560
0.011291 0.012140
0.011288 0.013075
0.011283 0.018828
0.011282 0.012334
0.011280 0.013504
0.011268 0.012337
0.011255 0.011586
0.011251 0.012179
0.011249 0.011726
0.011243 0.012014
0.011232 0.012484
0.011232 0.012437
0.011228 0.012210
0.011227 0.012528
0.011223 0.014519
0.011222 0.012011
0.011198 0.012352
0.011192 0.011923
0.011184 0.011532
0.011181 0.013959
0.011165 0.012128
0.011164 0.015165
0.011158 0.013825
0.011153 0.011276
0.011136 0.014574
0.011132 0.023201
0.011131 0.012805
0.011130 0.011318
0.011130 0.012158
0.011119 0.011564
0.011077 0.021401
0.011066 0.012046
0.011062 0.011167
0.011060 0.011342
0.011030 0.012158
0.011027 0.012495
0.011022 0.013381
0.011019 0.011817
0.011016 0.021977
0.010987 0.018803
0.010981 0.015521
0.010971 0.013965
0.010967 0.013883
0.010966 0.013160
0.010963 0.010969
0.010956 0.014375
0.010955 0.012020
0.010928 0.013345
0.010927 0.013087
0.010922 0.011609
0.010914 0.013726
0.010912 0.014865
0.010902 0.013882
0.010884 0.011854
0.010882 0.013460
0.010877 0.012066
0.010873 0.018802
0.010855 0.011575
0.010846 0.012227
0.010831 0.011931
0.010807 0.014940
0.010803 0.011363
0.010786 0.011542
0.010784 0.015156
0.010783 0.024545
0.010782 0.014621
0.010769 0.013221
0.010766 0.011557
0.010761 0.013442
0.010761 0.016092
0.010760 0.018701
0.010755 0.011060
0.010748 0.012379
0.010744 0.011517
0.010729 0.013487
0.010729 0.013766
0.010717 0.013601
0.010717 0.010748
0.010714 0.016658
0.010701 0.010776
0.010691 0.020022
0.010681 0.010759
0.010672 0.011871
0.010661 0.015335
0.010652 0.014097
0.010646 0.011869
0.010640 0.011426
0.010636 0.010971
0.010631 0.014448
0.010630 0.012985
0.010630 0.011027
0.010628 0.014985
0.010620 0.011133
0.010619 0.011802
0.010619 0.012365
0.010609 0.023398
0.010598 0.011413
0.010597 0.011054
0.010596 0.013121
0.010596 0.011496
0.010576 0.011203
0.010548 0.011291
0.010544 0.011929
0.010540 0.016402
0.010539 0.013284
0.010538 0.010994
0.010531 0.016899
0.010531 0.010825
0.010521 0.014042
0.010519 0.010865
0.010511 0.011346
0.010506 0.016223
0.010505 0.016192
0.010504 0.011758
0.010499 0.010699
0.010495 0.011487
0.010493 0.016053
0.010491 0.011205
0.010483 0.011082
0.010481 0.013892
0.010477 0.013096
0.010475 0.014650
0.010470 0.014010
0.010434 0.011550
0.010432 0.011430
0.010430 0.010905
0.010417 0.014621
0.010409 0.016195
0.010405 0.017791
0.010378 0.011038
0.010375 0.010783
0.010375 0.013351
0.010354 0.013865
0.010354 0.011456
0.010349 0.016444
0.010344 0.014512
0.010343 0.017815
0.010331 0.010341
0.010322 0.010457
0.010316 0.012343
0.010314 0.011124
0.010312 0.016365
0.010312 0.011421
0.010306 0.015761
0.010280 0.011638
0.010274 0.010551
0.010265 0.013012
0.010261 0.011017
0.010254 0.010602
0.010253 0.011562
0.010246 0.011101
0.010240 0.011162
0.010232 0.011240
0.010224 0.011888
0.010217 0.016944
0.010214 0.020360
0.010213 0.014870
0.010194 0.010284
0.010188 0.010224
0.010185 0.011568
0.010180 0.010468
0.010174 0.012750
0.010160 0.010414
0.010159 0.010297
0.010152 0.015696
0.010148 0.011213
0.010134 0.020273
0.010131 0.013623
0.010127 0.021223
0.010113 0.010868
0.010098 0.011449
0.010098 0.016454
0.010097 0.010419
0.010096 0.010804
0.010095 0.010622
0.010083 0.012716
0.010065 0.015539
0.010064 0.010563
0.010049 0.013457
0.010043 0.010966
0.010033 0.012541
0.010026 0.011165
0.010025 0.010764
0.010024 0.015317
0.010015 0.013062
0.010014 0.019537
0.010010 0.019458
0.010007 0.010391
0.009999 0.010463
0.009990 0.010205
0.009977 0.011463
0.009963 0.010742
0.009955 0.010565
0.009954 0.010015
0.009938 0.010658
0.009934 0.013981
0.009933 0.010435
0.009927 0.014334
0.009921 0.010967
0.009916 0.013405
0.009913 0.011759
0.009912 0.010018
0.009899 0.010230
0.009897 0.010818
0.009894 0.011212
0.009894 0.010211
0.009886 0.010359
0.009885 0.010955
0.009882 0.011597
0.009873 0.010924
0.009873 0.015789
0.009872 0.014745
0.009870 0.010073
0.009862 0.010320
0.009855 0.012374
0.009853 0.010140
0.009851 0.020668
0.009815 0.010442
0.009812 0.010332
0.009795 0.010433
0.009790 0.010106
0.009784 0.010121
0.009781 0.014246
0.009780 0.011140
0.009778 0.014169
0.009776 0.012952
0.009763 0.019866
0.009750 0.017450
0.009734 0.014457
0.009725 0.011028
0.009718 0.010904
0.009718 0.011649
0.009715 0.010809
0.009704 0.011398
0.009692 0.012969
0.009689 0.009994
0.009683 0.011735
0.009677 0.011759
0.009664 0.016664
0.009655 0.009826
0.009646 0.011325
0.009645 0.010990
0.009631 0.009864
0.009625 0.012767
0.009611 0.015154
0.009610 0.013243
0.009610 0.009924
0.009594 0.009625
0.009585 0.010142
0.009572 0.011653
0.009568 0.010601
0.009565 0.009654
0.009560 0.019439
0.009559 0.010161
0.009549 0.013541
0.009538 0.015892
0.009528 0.009615
0.009518 0.010306
0.009506 0.010447
0.009498 0.019571
0.009491 0.020415
0.009479 0.011560
0.009477 0.010240
0.009476 0.011526
0.009471 0.009495
0.009469 0.009935
0.009467 0.014750
0.009461 0.016850
0.009458 0.013614
0.009456 0.011449
0.009454 0.010929
0.009445 0.017184
0.009440 0.011201
0.009434 0.009448
0.009423 0.009647
0.009415 0.013086
0.009411 0.010199
0.009410 0.009953
0.009406 0.013266
0.009399 0.009547
0.009384 0.010140
0.009383 0.009862
0.009376 0.010513
0.009373 0.009630
0.009363 0.011037
0.009355 0.016157
0.009354 0.010743
0.009353 0.018488
0.009347 0.013577
0.009322 0.015388
0.009320 0.009473
0.009317 0.009513
0.009308 0.016427
0.009306 0.010726
0.009300 0.012837
0.009299 0.009525
0.009298 0.010470
0.009297 0.014629
0.009297 0.009804
0.009295 0.015305
0.009294 0.009769
0.009291 0.015597
0.009286 0.009790
0.009266 0.010641
0.009264 0.009367
0.009260 0.011847
0.009256 0.011533
0.009250 0.010707
0.009250 0.009820
0.009242 0.010240
0.009236 0.009571
0.009230 0.009457
0.009227 0.009621
0.009227 0.010593
0.009224 0.009445
0.009216 0.012512
0.009196 0.011181
0.009189 0.016688
0.009188 0.010761
0.009186 0.009901
0.009178 0.009857
0.009178 0.014278
0.009178 0.012928
0.009158 0.009593
0.009156 0.012306
0.009146 0.009238
0.009139 0.010216
0.009138 0.009628
0.009137 0.016629
0.009132 0.012884
0.009129 0.010117
0.009128 0.009395
0.009127 0.012030
0.009126 0.010208
0.009114 0.013373
0.009113 0.010113
0.009101 0.009719
0.009099 0.011087
0.009098 0.010089
0.009098 0.009616
0.009085 0.011804
0.009077 0.011199
0.009069 0.010521
0.009068 0.016470
0.009061 0.011810
0.009057 0.009098
0.009052 0.010677
0.009036 0.011846
0.009032 0.009161
0.009030 0.012928
0.009025 0.014213
0.009025 0.013788
0.009019 0.013541
0.009013 0.009679
0.009008 0.009435
0.009004 0.009803
0.008998 0.012206
0.008986 0.013434
0.008986 0.014317
0.008978 0.009038
0.008974 0.008993
0.008972 0.012400
0.008969 0.009026
0.008969 0.009753
0.008966 0.014346
0.008941 0.009011
0.008939 0.010267
0.008933 0.010044
0.008924 0.017514
0.008921 0.011602
0.008917 0.009977
0.008902 0.013966
0.008886 0.013359
0.008885 0.009398
0.008876 0.013927
0.008868 0.013273
0.008864 0.009980
0.008863 0.017446
0.008862 0.009521
0.008855 0.010521
0.008854 0.010166
0.008852 0.008896
0.008845 0.014248
0.008841 0.009871
0.008833 0.009473
0.008830 0.010929
0.008827 0.010632
0.008822 0.010626
0.008817 0.013953
0.008810 0.010327
0.008810 0.008865
0.008807 0.009809
0.008805 0.015536
0.008805 0.019562
0.008789 0.014729
0.008788 0.011476
0.008788 0.009505
0.008778 0.013934
0.008764 0.009206
0.008762 0.012666
0.008759 0.011633
0.008735 0.009290
0.008734 0.010505
0.008730 0.008838
0.008727 0.012054
0.008716 0.016708
0.008713 0.009165
0.008710 0.009543
0.008706 0.012793
0.008705 0.009526
0.008699 0.017816
0.008693 0.011756
0.008692 0.016705
0.008691 0.012978
0.008690 0.009250
0.008683 0.009032
0.008653 0.010992
0.008651 0.009259
0.008651 0.008686
0.008648 0.011041
0.008644 0.013792
0.008642 0.013484
0.008639 0.013735
0.008638 0.008705
0.008634 0.010796
0.008629 0.008663
0.008623 0.009715
0.008620 0.009661
0.008617 0.010693
0.008616 0.012781
0.008613 0.014177
0.008613 0.010724
0.008613 0.010895
0.008612 0.008943
0.008596 0.010945
0.008588 0.009717
0.008581 0.008717
0.008578 0.012144
0.008573 0.011351
0.008554 0.009980
0.008546 0.008718
0.008543 0.014411
0.008537 0.008827
0.008532 0.012061
0.008530 0.011138
0.008524 0.008681
0.008518 0.012011
0.008517 0.009140
0.008506 0.017092
0.008493 0.012155
0.008490 0.009243
0.008487 0.009948
0.008481 0.008923
0.008478 0.009084
0.008472 0.010473
0.008471 0.008727
0.008465 0.009859
0.008440 0.009143
0.008426 0.013242
0.008425 0.009642
0.008414 0.010678
0.008413 0.011217
0.008408 0.009744
0.008407 0.008522
0.008402 0.008472
0.008396 0.009781
0.008393 0.009222
0.008385 0.010879
0.008380 0.008783
0.008378 0.008440
0.008366 0.016609
0.008361 0.009163
0.008357 0.008565
0.008354 0.008797
0.008350 0.008759
0.008344 0.009950
0.008336 0.011582
0.008335 0.009791
0.008328 0.012761
0.008325 0.008646
0.008323 0.008463
0.008319 0.008662
0.008316 0.008665
0.008303 0.012263
0.008301 0.008309
0.008299 0.009663
0.008295 0.011246
0.008288 0.009867
0.008288 0.008437
0.008278 0.008990
0.008276 0.008911
0.008272 0.008380
0.008271 0.010437
0.008266 0.009105
0.008256 0.011389
0.008254 0.009587
0.008250 0.008687
0.008241 0.009541
0.008226 0.011882
0.008223 0.011773
0.008221 0.008629
0.008217 0.013543
0.008212 0.011869
0.008207 0.010364
0.008206 0.008693
0.008201 0.008303
0.008200 0.008861
0.008200 0.010054
0.008199 0.009298
0.008179 0.010407
0.008179 0.010045
0.008179 0.009565
0.008178 0.010504
0.008176 0.008631
0.008173 0.011939
0.008170 0.009631
0.008168 0.008378
0.008162 0.010552
0.008160 0.009059
0.008158 0.008929
0.008134 0.008488
0.008133 0.008738
0.008123 0.008674
0.008116 0.009264
0.008116 0.010090
0.008114 0.012440
0.008106 0.010330
0.008104 0.009951
0.008100 0.013327
0.008095 0.008350
0.008093 0.008740
0.008088 0.008231
0.008085 0.008790
0.008083 0.009243
0.008079 0.010609
0.008073 0.009777
0.008072 0.011896
0.008066 0.012484
0.008056 0.008532
0.008055 0.012624
0.008042 0.017994
0.008042 0.008672
0.008015 0.018523
0.008014 0.010954
0.008006 0.008942
0.008001 0.009315
0.007996 0.010867
0.007990 0.008262
0.007988 0.010458
0.007983 0.009290
0.007976 0.009372
0.007966 0.009893
0.007965 0.008073
0.007962 0.012442
0.007955 0.009947
0.007949 0.015907
0.007926 0.011025
0.007926 0.013105
0.007922 0.008101
0.007920 0.008865
0.007908 0.010836
0.007907 0.010691
0.007894 0.012835
0.007886 0.010106
0.007886 0.010100
0.007883 0.008146
0.007871 0.008193
0.007870 0.016275
0.007859 0.008525
0.007855 0.008353
0.007853 0.008184
0.007850 0.008675
0.007850 0.008173
0.007846 0.012776
0.007845 0.012026
0.007839 0.007932
0.007838 0.011858
0.007829 0.008838
0.007829 0.008632
0.007817 0.011237
0.007815 0.010841
0.007815 0.009334
0.007812 0.008010
0.007810 0.010124
0.007805 0.008403
0.007805 0.009426
0.007804 0.008580
0.007800 0.007908
0.007798 0.008824
0.007794 0.010496
0.007794 0.008088
0.007776 0.010727
0.007774 0.007898
0.007770 0.008411
0.007766 0.008522
0.007765 0.010160
0.007765 0.008190
0.007754 0.010117
0.007753 0.009072
0.007753 0.008389
0.007751 0.018171
0.007743 0.008708
0.007722 0.012895
0.007714 0.011306
0.007710 0.012372
0.007705 0.009482
0.007702 0.008340
0.007702 0.007743
0.007702 0.008762
0.007699 0.010321
0.007698 0.009082
0.007694 0.012145
0.007683 0.008537
0.007683 0.008873
0.007677 0.009073
0.007665 0.007826
0.007660 0.010767
0.007657 0.008356
0.007655 0.010022
0.007651 0.009208
0.007650 0.009604
0.007649 0.009741
0.007645 0.007718
0.007635 0.009025
0.007633 0.009159
0.007632 0.008072
0.007631 0.007779
0.007627 0.010236
0.007624 0.008141
0.007620 0.009998
0.007620 0.008409
0.007618 0.007621
0.007617 0.008705
0.007614 0.007679
0.007612 0.007704
0.007595 0.009397
0.007593 0.009113
0.007592 0.009514
0.007591 0.013168
0.007587 0.008210
0.007583 0.008681
0.007576 0.009245
0.007570 0.017949
0.007564 0.013728
0.007563 0.008477
0.007560 0.008215
0.007555 0.007626
0.007553 0.011695
0.007550 0.012451
0.007544 0.011182
0.007538 0.007634
0.007527 0.007757
0.007521 0.010458
0.007515 0.008890
0.007511 0.007976
0.007511 0.010706
0.007510 0.010811
0.007508 0.010267
0.007506 0.007820
0.007502 0.008221
0.007502 0.007572
0.007496 0.007877
0.007493 0.013505
0.007489 0.008260
0.007487 0.008806
0.007485 0.007531
0.007481 0.008322
0.007477 0.007507
0.007476 0.007629
0.007470 0.011285
0.007462 0.007525
0.007462 0.008378
0.007460 0.008652
0.007442 0.007555
0.007430 0.008037
0.007430 0.007994
0.007425 0.007673
0.007419 0.007735
0.007419 0.011060
0.007418 0.009666
0.007407 0.009942
0.007405 0.008749
0.007396 0.007459
0.007392 0.009704
0.007387 0.007844
0.007386 0.008639
0.007378 0.007847
0.007376 0.007454
0.007373 0.008625
0.007373 0.010495
0.007371 0.008534
0.007368 0.008112
0.007367 0.007451
0.007363 0.007795
0.007362 0.012241
0.007351 0.010750
0.007347 0.007526
0.007343 0.007849
0.007342 0.011675
0.007341 0.008053
0.007339 0.008259
0.007334 0.010750
0.007326 0.010505
0.007322 0.007447
0.007317 0.011614
0.007313 0.011984
0.007282 0.007411
0.007280 0.013872
0.007278 0.007339
0.007275 0.007372
0.007272 0.007414
0.007272 0.008683
0.007272 0.007583
0.007271 0.007698
0.007263 0.007748
0.007255 0.007990
0.007254 0.007390
0.007254 0.007629
0.007253 0.007418
0.007253 0.010391
0.007253 0.008154
0.007249 0.008294
0.007243 0.007904
0.007235 0.009366
0.007231 0.009071
0.007229 0.007342
0.007227 0.007462
0.007225 0.007609
0.007221 0.008481
0.007215 0.008280
0.007208 0.007558
0.007206 0.008827
0.007201 0.007772
0.007200 0.008896
0.007199 0.009809
0.007196 0.009539
0.007194 0.011277
0.007193 0.007936
0.007188 0.008185
0.007187 0.007397
0.007186 0.012963
0.007183 0.009149
0.007183 0.011696
0.007182 0.014059
0.007179 0.009224
0.007175 0.012689
0.007169 0.009712
0.007165 0.009665
0.007148 0.011873
0.007146 0.007736
0.007142 0.008737
0.007139 0.007452
0.007130 0.007699
0.007130 0.010247
0.007123 0.011935
0.007120 0.009672
0.007119 0.009692
0.007118 0.009510
0.007116 0.009075
0.007111 0.009599
0.007110 0.007128
0.007103 0.009073
0.007102 0.007136
0.007100 0.013509
0.007099 0.007815
0.007098 0.007406
0.007096 0.009328
0.007087 0.007717
0.007086 0.007674
0.007083 0.007835
0.007079 0.008020
0.007070 0.007943
0.007056 0.007966
0.007045 0.007145
0.007043 0.007742
0.007040 0.011528
0.007039 0.014348
0.007033 0.009463
0.007033 0.008219
0.007026 0.007476
0.007024 0.007345
0.007021 0.007776
0.007021 0.007632
0.007016 0.008707
0.007016 0.008112
0.007009 0.007074
0.007000 0.007303
0.006998 0.007938
0.006996 0.008684
0.006996 0.007127
0.006993 0.009403
0.006989 0.008879
0.006982 0.015305
0.006980 0.010278
0.006968 0.007555
0.006967 0.008008
0.006965 0.007596
0.006963 0.008979
0.006962 0.007636
0.006957 0.006994
0.006953 0.009079
0.006952 0.007382
0.006948 0.013170
0.006948 0.009067
0.006947 0.018309
0.006940 0.010102
0.006938 0.007733
0.006934 0.007245
0.006929 0.007696
0.006925 0.006972
0.006925 0.007032
0.006922 0.007087
0.006921 0.007055
0.006921 0.011377
0.006913 0.007817
0.006909 0.008129
0.006902 0.007645
0.006900 0.007472
0.006900 0.007305
0.006900 0.007151
0.006900 0.007388
0.006894 0.007306
0.006893 0.012281
0.006891 0.007080
0.006888 0.009750
0.006887 0.007381
0.006884 0.008110
0.006883 0.007889
0.006876 0.006971
0.006874 0.008148
0.006872 0.007785
0.006860 0.008335
0.006859 0.007381
0.006859 0.009097
0.006855 0.011549
0.006854 0.009328
0.006848 0.008373
0.006847 0.006938
0.006844 0.009192
0.006841 0.007903
0.006837 0.009010
0.006834 0.008330
0.006829 0.010753
0.006826 0.009048
0.006826 0.008422
0.006821 0.007664
0.006814 0.008507
0.006814 0.007040
0.006811 0.010243
0.006809 0.009378
0.006806 0.012528
0.006800 0.011686
0.006799 0.007325
0.006799 0.007103
0.006796 0.008094
0.006791 0.008426
0.006791 0.007552
0.006771 0.007241
0.006769 0.007374
0.006764 0.007032
0.006761 0.007800
0.006761 0.007150
0.006760 0.007021
0.006759 0.007322
0.006756 0.008674
0.006748 0.007700
0.006742 0.007020
0.006739 0.008346
0.006737 0.008915
0.006731 0.009912
0.006730 0.009765
0.006727 0.007131
0.006727 0.007052
0.006723 0.007354
0.006717 0.007035
0.006714 0.011880
0.006707 0.010608
0.006700 0.017027
0.006697 0.006827
0.006683 0.009684
0.006681 0.007548
0.006680 0.006779
0.006677 0.012112
0.006667 0.006945
0.006666 0.009509
0.006664 0.007029
0.006657 0.007030
0.006654 0.008183
0.006644 0.006775
0.006640 0.007013
0.006638 0.007481
0.006625 0.015054
0.006622 0.008201
0.006622 0.007197
0.006621 0.007977
0.006619 0.007737
0.006618 0.008179
0.006616 0.006997
0.006610 0.007613
0.006608 0.006667
0.006608 0.007291
0.006604 0.006724
0.006603 0.008593
0.006596 0.009619
0.006594 0.007386
0.006593 0.007339
0.006591 0.007452
0.006589 0.012835
0.006586 0.007073
0.006585 0.012958
0.006578 0.007379
0.006575 0.007409
0.006574 0.014683
0.006573 0.007904
0.006560 0.006802
0.006557 0.012964
0.006555 0.007541
0.006548 0.009571
0.006544 0.008200
0.006542 0.006784
0.006536 0.007220
0.006534 0.007072
0.006534 0.007053
0.006532 0.006718
0.006528 0.007098
0.006526 0.007342
0.006526 0.006675
0.006526 0.007074
0.006525 0.008147
0.006523 0.007677
0.006521 0.008456
0.006516 0.006887
0.006516 0.009916
0.006515 0.009134
0.006511 0.007004
0.006509 0.009297
0.006507 0.006977
0.006507 0.006703
0.006505 0.007796
0.006503 0.006606
0.006501 0.006835
0.006497 0.009141
0.006497 0.007401
0.006494 0.007318
0.006488 0.015574
0.006484 0.007462
0.006482 0.008049
0.006481 0.007862
0.006480 0.010988
0.006467 0.008017
0.006461 0.006847
0.006460 0.006654
0.006455 0.006458
0.006452 0.007568
0.006452 0.006458
0.006451 0.012584
0.006446 0.007238
0.006443 0.008378
0.006439 0.006534
0.006435 0.008175
0.006435 0.007669
0.006434 0.009660
0.006424 0.006687
0.006416 0.007163
0.006412 0.006929
0.006393 0.007523
0.006391 0.008080
0.006387 0.006666
0.006386 0.007283
0.006378 0.006931
0.006376 0.006886
0.006371 0.008310
0.006368 0.006605
0.006366 0.006719
0.006363 0.008942
0.006359 0.008093
0.006358 0.006886
0.006354 0.007594
0.006353 0.006552
0.006352 0.006952
0.006349 0.007428
0.006341 0.006348
0.006331 0.006471
0.006329 0.007482
0.006327 0.010743
0.006323 0.013713
0.006321 0.009311
0.006318 0.008289
0.006317 0.009778
0.006314 0.011756
0.006313 0.006796
0.006312 0.009214
0.006310 0.006485
0.006306 0.008873
0.006301 0.008464
0.006295 0.006715
0.006289 0.009307
0.006287 0.009402
0.006287 0.006376
0.006284 0.007747
0.006284 0.006333
0.006281 0.007117
0.006278 0.010865
0.006271 0.009304
0.006269 0.006434
0.006267 0.009403
0.006267 0.012849
0.006267 0.007818
0.006261 0.006634
0.006260 0.007408
0.006253 0.008275
0.006250 0.007628
0.006248 0.007831
0.006242 0.006697
0.006236 0.012010
0.006236 0.008381
0.006234 0.010631
0.006227 0.007396
0.006227 0.006938
0.006220 0.008804
0.006219 0.006616
0.006209 0.006453
0.006203 0.006279
0.006192 0.006622
0.006191 0.006353
0.006189 0.008930
0.006187 0.006234
0.006187 0.006966
0.006186 0.006848
0.006181 0.007124
0.006163 0.012231
0.006162 0.007995
0.006160 0.006596
0.006152 0.009067
0.006149 0.007369
0.006145 0.008019
0.006145 0.007298
0.006144 0.006613
0.006144 0.009000
0.006142 0.006232
0.006138 0.006865
0.006135 0.007196
0.006133 0.007623
0.006133 0.009336
0.006130 0.008529
0.006129 0.007172
0.006120 0.006941
0.006118 0.009171
0.006116 0.012178
0.006115 0.011104
0.006107 0.006318
0.006105 0.006218
0.006097 0.006585
0.006095 0.006327
0.006092 0.009789
0.006089 0.007145
0.006088 0.007912
0.006087 0.007411
0.006085 0.013254
0.006083 0.008111
0.006080 0.007161
0.006079 0.007236
0.006077 0.006159
0.006075 0.006114
0.006058 0.006101
0.006057 0.009876
0.006056 0.006063
0.006056 0.006148
0.006053 0.006142
0.006048 0.006808
0.006048 0.006253
0.006046 0.006856
0.006044 0.007224
0.006043 0.008872
0.006041 0.008713
0.006041 0.006730
0.006040 0.006629
0.006039 0.009585
0.006039 0.010181
0.006038 0.006485
0.006038 0.008685
0.006037 0.008092
0.006036 0.006087
0.006034 0.006266
0.006023 0.007097
0.006019 0.007760
0.006019 0.006912
0.006012 0.006346
0.005998 0.006198
0.005993 0.008402
0.005991 0.006139
0.005991 0.009593
0.005986 0.006376
0.005983 0.008453
0.005982 0.006219
0.005978 0.007565
0.005975 0.008266
0.005971 0.006653
0.005967 0.009911
0.005962 0.007938
0.005959 0.006750
0.005958 0.008468
0.005956 0.011594
0.005953 0.008233
0.005952 0.008345
0.005952 0.008882
0.005947 0.005952
0.005942 0.006176
0.005941 0.007795
0.005935 0.007907
0.005934 0.007190
0.005933 0.007268
0.005929 0.009230
0.005928 0.007689
0.005927 0.010920
0.005925 0.006020
0.005906 0.006295
0.005905 0.005997
0.005900 0.006925
0.005895 0.007593
0.005891 0.006179
0.005888 0.012157
0.005881 0.006295
0.005879 0.005981
0.005877 0.010432
0.005875 0.008545
0.005874 0.006913
0.005868 0.006993
0.005866 0.006442
0.005864 0.006147
0.005854 0.007091
0.005853 0.010152
0.005850 0.006307
0.005850 0.011717
0.005845 0.007431
0.005843 0.006175
0.005840 0.007154
0.005839 0.013431
0.005838 0.005985
0.005834 0.009007
0.005827 0.005935
0.005825 0.013710
0.005825 0.006706
0.005823 0.010622
0.005806 0.008069
0.005803 0.006233
0.005792 0.005959
0.005791 0.009123
0.005788 0.011497
0.005787 0.008235
0.005787 0.006390
0.005784 0.006516
0.005771 0.009902
0.005771 0.006065
0.005770 0.007016
0.005760 0.006044
0.005756 0.007243
0.005755 0.008666
0.005748 0.006435
0.005735 0.007566
0.005729 0.006971
0.005723 0.006960
0.005720 0.005794
0.005720 0.007312
0.005710 0.006986
0.005708 0.005917
0.005707 0.008846
0.005698 0.007974
0.005696 0.006881
0.005696 0.007858
0.005691 0.005985
0.005689 0.005849
0.005684 0.006826
0.005683 0.005938
0.005677 0.006152
0.005674 0.005820
0.005654 0.008797
0.005653 0.005833
0.005651 0.008437
0.005650 0.007945
0.005645 0.007014
0.005641 0.006179
0.005631 0.012433
0.005628 0.005655
0.005624 0.006762
0.005623 0.011350
0.005621 0.006492
0.005617 0.006262
0.005604 0.009852
0.005596 0.005621
0.005593 0.005634
0.005592 0.006007
0.005588 0.006588
0.005586 0.010667
0.005585 0.005648
0.005584 0.007135
0.005581 0.006797
0.005580 0.008865
0.005578 0.005837
0.005576 0.006372
0.005576 0.005614
0.005558 0.006098
0.005555 0.008586
0.005554 0.009779
0.005550 0.006085
0.005550 0.008333
0.005549 0.007056
0.005548 0.007676
0.005548 0.006406
0.005547 0.005678
0.005543 0.006859
0.005542 0.005690
0.005538 0.006706
0.005533 0.008741
0.005530 0.006160
0.005525 0.005639
0.005524 0.005538
0.005523 0.006461
0.005511 0.006200
0.005507 0.005997
0.005506 0.011028
0.005501 0.006518
0.005480 0.006017
0.005476 0.007031
0.005474 0.008519
0.005470 0.008363
0.005468 0.005547
0.005468 0.008310
0.005462 0.006855
0.005459 0.007758
0.005449 0.005524
0.005446 0.005773
0.005446 0.006973
0.005444 0.010345
0.005443 0.005542
0.005442 0.007162
0.005441 0.006046
0.005439 0.005466
0.005434 0.006557
0.005432 0.008213
0.005431 0.005798
0.005429 0.008265
0.005428 0.011215
0.005423 0.005427
0.005417 0.007033
0.005415 0.008526
0.005415 0.006319
0.005414 0.008880
0.005402 0.008292
0.005389 0.005903
0.005388 0.007101
0.005382 0.007176
0.005381 0.005862
0.005380 0.010986
0.005374 0.006716
0.005373 0.006770
0.005369 0.008963
0.005363 0.005567
0.005353 0.006031
0.005351 0.006801
0.005351 0.005431
0.005348 0.006504
0.005347 0.005961
0.005346 0.011345
0.005345 0.005706
0.005340 0.005531
0.005332 0.005344
0.005314 0.009356
0.005313 0.008812
0.005310 0.006535
0.005309 0.006669
0.005306 0.008786
0.005303 0.005322
0.005302 0.008831
0.005300 0.007039
0.005300 0.005304
0.005296 0.005582
0.005292 0.006482
0.005289 0.005622
0.005281 0.006008
0.005279 0.005668
0.005268 0.010295
0.005267 0.005999
0.005260 0.006017
0.005260 0.008840
0.005258 0.007519
0.005256 0.005657
0.005255 0.009445
0.005254 0.005563
0.005253 0.005708
0.005253 0.006164
0.005252 0.006095
0.005246 0.006044
0.005243 0.005436
0.005232 0.005468
0.005229 0.005864
0.005228 0.011872
0.005225 0.009102
0.005225 0.005681
0.005223 0.005384
0.005214 0.006447
0.005214 0.007216
0.005212 0.005397
0.005208 0.006777
0.005205 0.006061
0.005204 0.005344
0.005202 0.007060
0.005201 0.009185
0.005201 0.006303
0.005193 0.006361
0.005190 0.005765
0.005186 0.005900
0.005184 0.007522
0.005182 0.006333
0.005180 0.006118
0.005177 0.006953
0.005175 0.005731
0.005172 0.005264
0.005171 0.006830
0.005165 0.005332
0.005165 0.007627
0.005164 0.006306
0.005160 0.005900
0.005151 0.008244
0.005150 0.005772
0.005145 0.005816
0.005141 0.005381
0.005138 0.008393
0.005137 0.006263
0.005136 0.005653
0.005134 0.005173
0.005128 0.005973
0.005126 0.006902
0.005125 0.005780
0.005123 0.006869
0.005122 0.005468
0.005120 0.008149
0.005117 0.007112
0.005103 0.005659
0.005103 0.005735
0.005097 0.005738
0.005095 0.010221
0.005093 0.006333
0.005083 0.005662
0.005079 0.008954
0.005057 0.005543
0.005057 0.011008
0.005051 0.005199
0.005047 0.007074
0.005046 0.005145
0.005039 0.010375
0.005037 0.009028
0.005035 0.009719
0.005029 0.005173
0.005025 0.006197
0.005020 0.010659
0.005018 0.005596
0.005015 0.005926
0.005012 0.005384
0.005007 0.005442
0.005001 0.006975
0.004995 0.007448
0.004992 0.005619
0.004985 0.005731
0.004981 0.005103
0.004976 0.008546
0.004966 0.007279
0.004962 0.006287
0.004959 0.007768
0.004958 0.005540
0.004957 0.006423
0.004953 0.006110
0.004950 0.007718
0.004947 0.005173
0.004941 0.005190
0.004931 0.008756
0.004924 0.005121
0.004914 0.006279
0.004913 0.006112
0.004913 0.005153
0.004907 0.005489
0.004904 0.006661
0.004903 0.005645
0.004893 0.005013
0.004892 0.004893
0.004890 0.005078
0.004885 0.006233
0.004872 0.005579
0.004869 0.006633
0.004868 0.006615
0.004865 0.005413
0.004859 0.005086
0.004858 0.006103
0.004850 0.005093
0.004841 0.005293
0.004836 0.008628
0.004833 0.006783
0.004828 0.007381
0.004827 0.005881
0.004825 0.006049
0.004824 0.005092
0.004813 0.005020
0.004806 0.005981
0.004803 0.006353
0.004803 0.005370
0.004797 0.006229
0.004797 0.006404
0.004788 0.005092
0.004768 0.005491
0.004766 0.005039
0.004759 0.005090
0.004746 0.005346
0.004745 0.007298
0.004743 0.005731
0.004733 0.008502
0.004728 0.004759
0.004725 0.006525
0.004725 0.005123
0.004720 0.010501
0.004720 0.005671
0.004717 0.005340
0.004715 0.005256
0.004701 0.005872
0.004683 0.006210
0.004671 0.004726
0.004669 0.007346
0.004663 0.010517
0.004660 0.005422
0.004655 0.005170
0.004654 0.004800
0.004654 0.005280
0.004643 0.004645
0.004636 0.008570
0.004630 0.005297
0.004603 0.004690
0.004591 0.004875
0.004586 0.004759
0.004571 0.004869
0.004570 0.004731
0.004566 0.004964
0.004559 0.006525
0.004556 0.008939
0.004553 0.008447
0.004553 0.006402
0.004540 0.005361
0.004539 0.004744
0.004534 0.006123
0.004522 0.004649
0.004521 0.005074
0.004519 0.004586
0.004511 0.005066
0.004510 0.004660
0.004500 0.005836
0.004500 0.009289
0.004490 0.005685
0.004489 0.006001
0.004482 0.004891
0.004481 0.005411
0.004477 0.004792
0.004477 0.005564
0.004477 0.006724
0.004473 0.005486
0.004463 0.006293
0.004451 0.005553
0.004441 0.004636
0.004427 0.004443
0.004422 0.004786
0.004417 0.004624
0.004416 0.005644
0.004415 0.006302
0.004410 0.005971
0.004401 0.005347
0.004400 0.004779
0.004398 0.004743
0.004390 0.007141
0.004379 0.006053
0.004375 0.006342
0.004365 0.004997
0.004359 0.004699
0.004355 0.004425
0.004349 0.006486
0.004347 0.006365
0.004345 0.004515
0.004344 0.008216
0.004343 0.004597
0.004339 0.004385
0.004338 0.004780
0.004334 0.004993
0.004327 0.004355
0.004327 0.004800
0.004326 0.004842
0.004317 0.006208
0.004311 0.005371
0.004304 0.005649
0.004294 0.004604
0.004287 0.004855
0.004284 0.004840
0.004282 0.004305
0.004282 0.004303
0.004278 0.007871
0.004270 0.004659
0.004267 0.004749
0.004258 0.006848
0.004258 0.005616
0.004249 0.005666
0.004245 0.006401
0.004235 0.005571
0.004235 0.004277
0.004225 0.006668
0.004222 0.006690
0.004213 0.004992
0.004208 0.005293
0.004191 0.004667
0.004186 0.004248
0.004183 0.004373
0.004182 0.004942
0.004177 0.004396
0.004176 0.004181
0.004173 0.005411
0.004166 0.004288
0.004160 0.004325
0.004159 0.004481
0.004153 0.008505
0.004143 0.004443
0.004133 0.004353
0.004129 0.004595
0.004101 0.004268
0.004099 0.004865
0.004075 0.004907
0.004059 0.004123
0.004045 0.004563
0.004031 0.004893
0.004029 0.004717
0.004029 0.005901
0.004026 0.004411
0.004025 0.005423
0.004024 0.005112
0.004023 0.004040
0.004015 0.004797
0.003976 0.004440
0.003971 0.004105
0.003959 0.004428
0.003956 0.006605
0.003949 0.004752
0.003935 0.005490
0.003929 0.004061
0.003923 0.004280
0.003918 0.004027
0.003913 0.007067
0.003912 0.004388
0.003907 0.004047
0.003903 0.004515
0.003901 0.004338
0.003897 0.004319
0.003888 0.005367
0.003884 0.003910
0.003853 0.005220
0.003844 0.004093
0.003844 0.004138
0.003839 0.004372
0.003839 0.004164
0.003817 0.005751
0.003804 0.004020
0.003801 0.005714
0.003796 0.004389
0.003780 0.003801
0.003768 0.004007
0.003752 0.004212
0.003746 0.005067
0.003734 0.005655
0.003732 0.005115
0.003732 0.004054
0.003729 0.005462
0.003718 0.003812
0.003717 0.003973
0.003716 0.003895
0.003699 0.003787
0.003696 0.004382
0.003696 0.003772
0.003695 0.003987
0.003691 0.004378
0.003689 0.003993
0.003687 0.004042
0.003680 0.003854
0.003673 0.003753
0.003660 0.004176
0.003651 0.004588
0.003647 0.003815
0.003636 0.005098
0.003634 0.005178
0.003612 0.004656
0.003611 0.004101
0.003568 0.003733
0.003562 0.003578
0.003559 0.003669
0.003533 0.003699
0.003531 0.003823
0.003529 0.003651
0.003496 0.003951
0.003489 0.003878
0.003476 0.003581
0.003442 0.003508
0.003439 0.003635
0.003438 0.003457
0.003435 0.003745
0.003401 0.003563
0.003391 0.003928
0.003349 0.003405
0.003333 0.003354
0.003268 0.003936
0.003250 0.004003
0.003212 0.003312
0.003161 0.003163
0.003140 0.003454
0.003133 0.003313
0.003101 0.003204
0.003083 0.005216
0.003057 0.003171
0.003047 0.003095
0.003041 0.003287
0.003037 0.003378
0.003017 0.003096
0.002956 0.003460
0.002906 0.003552
0.002851 0.002945
0.002840 0.002945
0.002823 0.003130
0.002758 0.002928
0.002721 0.002734
0.002710 0.003082
0.002690 0.002807
0.002575 0.002936
0.002529 0.002718
0.002519 0.002643
0.002468 0.002861
0.002384 0.003030
0.002368 0.003249
0.002324 0.002664
0.002285 0.002816
0.002167 0.002195
0.002049 0.002550
0.001944 0.002118
0.001780 0.001872
0.001548 0.001740
