0.233817 0.244226
0.113707 0.115320
0.112286 0.124720
0.095374 0.102627
0.091948 0.111527
0.080129 0.089866
0.075032 0.080314
0.067645 0.099737
0.067029 0.080719
0.064650 0.075497
0.063724 0.074864
0.062771 0.090930
0.061053 0.062941
0.061034 0.070913
0.059527 0.072516
0.058807 0.089449
0.057049 0.068787
0.056988 0.064405
0.055587 0.060320
0.052488 0.054105
0.052288 0.053028
0.048140 0.071456
0.047411 0.050996
0.045544 0.047515
0.044723 0.044802
0.042986 0.051670
0.042368 0.042883
0.042212 0.042588
0.041775 0.061406
0.041503 0.049135
0.040487 0.047093
0.039803 0.041459
0.039733 0.056409
0.039728 0.052003
0.039698 0.044250
0.039544 0.044326
0.039518 0.039921
0.038521 0.047344
0.038107 0.039112
0.037855 0.043810
0.037647 0.042537
0.037486 0.044010
0.037250 0.043209
0.037126 0.054404
0.036988 0.038961
0.036866 0.052492
0.036839 0.041194
0.036709 0.039329
0.036651 0.037044
0.035897 0.042215
0.035525 0.046993
0.035347 0.037751
0.035223 0.051058
0.034923 0.040019
0.034816 0.036659
0.034515 0.036988
0.034334 0.034481
0.034175 0.035484
0.034123 0.034196
0.034075 0.038422
0.033891 0.046868
0.033836 0.035767
0.033509 0.036272
0.033507 0.033570
0.033507 0.037065
0.033470 0.036576
0.033326 0.044442
0.033249 0.053448
0.032379 0.039360
0.032288 0.049349
0.032216 0.047395
0.032215 0.045286
0.032100 0.032918
0.032078 0.039700
0.031868 0.045638
0.031763 0.032241
0.031742 0.031929
0.031564 0.032735
0.031247 0.031516
0.031180 0.049886
0.031143 0.035915
0.030823 0.057281
0.030699 0.032614
0.030473 0.055494
0.030359 0.030533
0.029947 0.032962
0.029946 0.032530
0.029848 0.030191
0.029838 0.029951
0.029712 0.033664
0.029594 0.039892
0.029193 0.029951
0.029185 0.035067
0.029017 0.030668
0.029002 0.033705
0.028562 0.034621
0.028502 0.031122
0.028120 0.028450
0.028102 0.032536
0.027971 0.030771
0.027913 0.041046
0.027550 0.028091
0.027538 0.047736
0.027178 0.045376
0.027145 0.046339
0.027102 0.030534
0.027068 0.028432
0.027053 0.033168
0.026863 0.039786
0.026841 0.028433
0.026810 0.031321
0.026790 0.034477
0.026685 0.035569
0.026506 0.035988
0.026494 0.027209
0.026494 0.026757
0.026147 0.031665
0.026119 0.030042
0.026119 0.029550
0.026005 0.034892
0.025922 0.029494
0.025814 0.025868
0.025762 0.027755
0.025711 0.032014
0.025366 0.032683
0.025226 0.034185
0.025012 0.030167
0.024932 0.025725
0.024800 0.028732
0.024769 0.025274
0.024653 0.024803
0.024599 0.026770
0.024383 0.026068
0.024162 0.027816
0.024035 0.035533
0.023906 0.025246
0.023899 0.032355
0.023894 0.027013
0.023717 0.026342
0.023583 0.023812
0.023439 0.024928
0.023437 0.027674
0.023262 0.023926
0.023255 0.024730
0.023230 0.023629
0.023152 0.029264
0.023148 0.030547
0.023138 0.038853
0.023129 0.026448
0.023099 0.024899
0.023023 0.045716
0.023008 0.024619
0.022964 0.048628
0.022870 0.022983
0.022827 0.053902
0.022762 0.024479
0.022755 0.025561
0.022749 0.022872
0.022567 0.029835
0.022545 0.031341
0.022538 0.024271
0.022520 0.022957
0.022508 0.023611
0.022396 0.025550
0.022353 0.023284
0.022280 0.029950
0.022189 0.022403
0.022188 0.025157
0.022084 0.024350
0.022084 0.028889
0.022067 0.027492
0.022035 0.023356
0.021948 0.022845
0.021941 0.022149
0.021788 0.041013
0.021755 0.028403
0.021634 0.028724
0.021532 0.023652
0.021408 0.021515
0.021391 0.022439
0.021371 0.046954
0.021360 0.036981
0.021317 0.021594
0.021248 0.023286
0.021172 0.021778
0.021171 0.025584
0.021155 0.024348
0.021136 0.031380
0.021132 0.024721
0.021132 0.026321
0.021056 0.025373
0.021009 0.028779
0.021000 0.025887
0.020917 0.032753
0.020894 0.031808
0.020876 0.022377
0.020720 0.021268
0.020708 0.031866
0.020636 0.027332
0.020625 0.024511
0.020598 0.031417
0.020587 0.036057
0.020583 0.021674
0.020538 0.032796
0.020535 0.020653
0.020503 0.023907
0.020380 0.022554
0.020324 0.020595
0.020318 0.021785
0.020265 0.023598
0.020252 0.022651
0.020233 0.024765
0.020174 0.024264
0.020174 0.027725
0.020116 0.027834
0.020103 0.033912
0.020081 0.020090
0.020068 0.020231
0.020044 0.021093
0.019891 0.040677
0.019843 0.024446
0.019823 0.024487
0.019743 0.034734
0.019658 0.023600
0.019587 0.028304
0.019553 0.024164
0.019539 0.019732
0.019526 0.025202
0.019478 0.022955
0.019450 0.019549
0.019361 0.019977
0.019329 0.021309
0.019320 0.019403
0.019281 0.021871
0.019280 0.019901
0.019235 0.021729
0.019167 0.021606
0.019089 0.031586
0.018974 0.024669
0.018963 0.026381
0.018841 0.021830
0.018761 0.025055
0.018691 0.018772
0.018588 0.022083
0.018578 0.021981
0.018439 0.019776
0.018375 0.018565
0.018313 0.018375
0.018296 0.018320
0.018293 0.018653
0.018289 0.018437
0.018235 0.025643
0.018182 0.027010
0.018133 0.022870
0.018133 0.022621
0.018125 0.018475
0.018021 0.019790
0.017990 0.023457
0.017934 0.017966
0.017927 0.017987
0.017819 0.021880
0.017817 0.021971
0.017743 0.026863
0.017736 0.039331
0.017712 0.020121
0.017629 0.018851
0.017571 0.020071
0.017519 0.022435
0.017512 0.018089
0.017479 0.018196
0.017400 0.017615
0.017354 0.025184
0.017333 0.019653
0.017295 0.020913
0.017292 0.026296
0.017256 0.031510
0.017182 0.032096
0.017161 0.017863
0.017100 0.021050
0.017058 0.026628
0.017050 0.030788
0.017046 0.021112
0.017043 0.017359
0.017018 0.017424
0.017006 0.017115
0.016938 0.017939
0.016921 0.017578
0.016883 0.018175
0.016882 0.018935
0.016851 0.020901
0.016801 0.017362
0.016690 0.016832
0.016684 0.016915
0.016673 0.019321
0.016657 0.019281
0.016544 0.016980
0.016474 0.018702
0.016456 0.020081
0.016442 0.017425
0.016439 0.020481
0.016428 0.016698
0.016423 0.017140
0.016396 0.019329
0.016391 0.018246
0.016256 0.028525
0.016219 0.018398
0.016188 0.017947
0.016152 0.017845
0.016144 0.025331
0.016111 0.017337
0.016099 0.016190
0.016097 0.021152
0.016094 0.018931
0.016085 0.017405
0.016082 0.029725
0.016066 0.024145
0.016059 0.024368
0.016023 0.028255
0.015985 0.016753
0.015931 0.022604
0.015925 0.028064
0.015925 0.020340
0.015878 0.018771
0.015853 0.017500
0.015829 0.017875
0.015788 0.017568
0.015784 0.019328
0.015783 0.021507
0.015771 0.019886
0.015740 0.021370
0.015651 0.025306
0.015643 0.015754
0.015585 0.015982
0.015545 0.021671
0.015496 0.027126
0.015487 0.026915
0.015484 0.016684
0.015384 0.022938
0.015346 0.017779
0.015342 0.015361
0.015322 0.023616
0.015306 0.016645
0.015304 0.017260
0.015291 0.020815
0.015255 0.015727
0.015248 0.018106
0.015247 0.028726
0.015182 0.016848
0.015168 0.017928
0.015161 0.015307
0.015140 0.016504
0.015124 0.015185
0.015109 0.021105
0.015105 0.018862
0.015103 0.015779
0.015100 0.015187
0.015090 0.017947
0.015086 0.015830
0.015055 0.015097
0.015053 0.015208
0.015050 0.015252
0.015022 0.027934
0.014939 0.015903
0.014918 0.019862
0.014891 0.020005
0.014800 0.023886
0.014793 0.020408
0.014785 0.015170
0.014765 0.017706
0.014765 0.015444
0.014751 0.024161
0.014750 0.016408
0.014710 0.015562
0.014682 0.020223
0.014647 0.018056
0.014629 0.019238
0.014622 0.015213
0.014613 0.020114
0.014592 0.018198
0.014589 0.024546
0.014557 0.018166
0.014511 0.015050
0.014504 0.018253
0.014498 0.015135
0.014482 0.015952
0.014420 0.021062
0.014397 0.014468
0.014388 0.014802
0.014362 0.014705
0.014359 0.019719
0.014351 0.017203
0.014303 0.014373
0.014301 0.014912
0.014291 0.024769
0.014254 0.020502
0.014241 0.015398
0.014178 0.018634
0.014170 0.017076
0.014169 0.018739
0.014164 0.015417
0.014160 0.014726
0.014139 0.015493
0.014111 0.014568
0.014103 0.014905
0.014100 0.018842
0.014053 0.016556
0.014050 0.017897
0.014040 0.014894
0.014027 0.017646
0.014010 0.016811
0.013979 0.014113
0.013973 0.016015
0.013972 0.016779
0.013960 0.016197
0.013937 0.019440
0.013932 0.015537
0.013910 0.015106
0.013907 0.019150
0.013881 0.014379
0.013880 0.016149
0.013805 0.015697
0.013799 0.013961
0.013784 0.021736
0.013770 0.014121
0.013749 0.013936
0.013722 0.014806
0.013688 0.016182
0.013652 0.013775
0.013649 0.018261
0.013634 0.014518
0.013599 0.028285
0.013598 0.014837
0.013597 0.018696
0.013580 0.022169
0.013552 0.013887
0.013552 0.013776
0.013542 0.017601
0.013537 0.026039
0.013495 0.015116
0.013494 0.016328
0.013490 0.014296
0.013482 0.020044
0.013457 0.013844
0.013442 0.013761
0.013415 0.015500
0.013408 0.014855
0.013396 0.016891
0.013362 0.013596
0.013355 0.015375
0.013344 0.018404
0.013327 0.015635
0.013306 0.018153
0.013280 0.019927
0.013266 0.016970
0.013263 0.013743
0.013198 0.015919
0.013162 0.014103
0.013157 0.015687
0.013156 0.015062
0.013144 0.014242
0.013100 0.016739
0.013095 0.015642
0.013089 0.013246
0.013061 0.013875
0.013058 0.013479
0.013013 0.013329
0.013007 0.013641
0.012965 0.015086
0.012958 0.020802
0.012931 0.015210
0.012925 0.012955
0.012923 0.013709
0.012905 0.013257
0.012874 0.013521
0.012863 0.018312
0.012860 0.012955
0.012854 0.012910
0.012830 0.013188
0.012830 0.015512
0.012746 0.013439
0.012745 0.024822
0.012677 0.014968
0.012670 0.015428
0.012665 0.014731
0.012580 0.013642
0.012567 0.013744
0.012557 0.017456
0.012552 0.017186
0.012548 0.013244
0.012546 0.014556
0.012539 0.013018
0.012518 0.033454
0.012488 0.014554
0.012483 0.013277
0.012459 0.022478
0.012440 0.021723
0.012425 0.013507
0.012390 0.026079
0.012379 0.014755
0.012350 0.014267
0.012308 0.018775
0.012305 0.015926
0.012285 0.018590
0.012275 0.024398
0.012268 0.017369
0.012248 0.013917
0.012233 0.014091
0.012209 0.016082
0.012181 0.018027
0.012167 0.012307
0.012165 0.014339
0.012157 0.012569
0.012130 0.013222
0.012125 0.015649
0.012119 0.018383
0.012107 0.013523
0.012095 0.013120
0.012086 0.012422
0.012081 0.015262
0.012071 0.013116
0.012044 0.015945
0.011988 0.012026
0.011981 0.018011
0.011963 0.012030
0.011935 0.012533
0.011920 0.013895
0.011903 0.014989
0.011901 0.014781
0.011885 0.013136
0.011881 0.021604
0.011875 0.012117
0.011809 0.015089
0.011807 0.012744
0.011793 0.012317
0.011749 0.013603
0.011740 0.012409
0.011740 0.016769
0.011721 0.012296
0.011708 0.011782
0.011698 0.018596
0.011693 0.013524
0.011687 0.011794
0.011681 0.015759
0.011681 0.015880
0.011665 0.013757
0.011648 0.028948
0.011633 0.011880
0.011616 0.012290
0.011609 0.011818
0.011594 0.014265
0.011591 0.013769
0.011587 0.012964
0.011584 0.015377
0.011581 0.011661
0.011573 0.013250
0.011540 0.018548
0.011505 0.015472
0.011496 0.012401
0.011486 0.011789
0.011485 0.011570
0.011465 0.017288
0.011461 0.018855
0.011448 0.011786
0.011445 0.011755
0.011431 0.013828
0.011415 0.017605
0.011413 0.034045
0.011396 0.017103
0.011391 0.012718
0.011382 0.011713
0.011376 0.011401
0.011371 0.014576
0.011340 0.019893
0.011340 0.015670
0.011333 0.013758
0.011305 0.011685
0.011284 0.014434
0.011270 0.011520
0.011263 0.013575
0.011260 0.012768
0.011255 0.017231
0.011242 0.011469
0.011227 0.015684
0.011219 0.011750
0.011206 0.015003
0.011198 0.012960
0.011190 0.011222
0.011184 0.013920
0.011177 0.018211
0.011165 0.012668
0.011164 0.012058
0.011162 0.016253
0.011158 0.012527
0.011149 0.016254
0.011149 0.018843
0.011141 0.011255
0.011103 0.012854
0.011097 0.015345
0.011096 0.014077
0.011093 0.017765
0.011087 0.018497
0.011083 0.011467
0.011081 0.014429
0.011066 0.015170
0.011051 0.016608
0.011050 0.012463
0.011031 0.011399
0.011028 0.017376
0.010995 0.012782
0.010993 0.013935
0.010989 0.012081
0.010980 0.012186
0.010969 0.012263
0.010956 0.013205
0.010951 0.011280
0.010924 0.012036
0.010910 0.013614
0.010889 0.012200
0.010888 0.013971
0.010874 0.011580
0.010865 0.012935
0.010862 0.011604
0.010860 0.011631
0.010851 0.012266
0.010836 0.011419
0.010823 0.011026
0.010823 0.011716
0.010823 0.011304
0.010822 0.023273
0.010807 0.011442
0.010803 0.013275
0.010779 0.013298
0.010768 0.012662
0.010754 0.011534
0.010727 0.013776
0.010714 0.011777
0.010705 0.011028
0.010668 0.013297
0.010659 0.023060
0.010656 0.010798
0.010653 0.010661
0.010629 0.013452
0.010614 0.011411
0.010591 0.012036
0.010590 0.021112
0.010582 0.011529
0.010568 0.010696
0.010565 0.012956
0.010563 0.011147
0.010559 0.023934
0.010557 0.010627
0.010534 0.010886
0.010480 0.015285
0.010475 0.011491
0.010465 0.010572
0.010461 0.011627
0.010428 0.010991
0.010417 0.013934
0.010408 0.011572
0.010402 0.010702
0.010401 0.017395
0.010388 0.010750
0.010381 0.015506
0.010379 0.020709
0.010373 0.010952
0.010363 0.010370
0.010355 0.013900
0.010352 0.010741
0.010333 0.010874
0.010319 0.010510
0.010300 0.010371
0.010286 0.014550
0.010282 0.011167
0.010281 0.012392
0.010276 0.010603
0.010235 0.013123
0.010227 0.010682
0.010215 0.010499
0.010210 0.015148
0.010207 0.011775
0.010202 0.013142
0.010201 0.023845
0.010196 0.019021
0.010176 0.010305
0.010142 0.014570
0.010136 0.010680
0.010134 0.011156
0.010120 0.011915
0.010117 0.010265
0.010112 0.010773
0.010107 0.011735
0.010105 0.011655
0.010097 0.010340
0.010095 0.015313
0.010070 0.010926
0.010051 0.012334
0.010034 0.010201
0.010027 0.011707
0.010005 0.019401
0.009993 0.010444
0.009989 0.010339
0.009983 0.010917
0.009982 0.010091
0.009968 0.014503
0.009945 0.014144
0.009911 0.016832
0.009906 0.012151
0.009893 0.016362
0.009883 0.016039
0.009871 0.020070
0.009864 0.009981
0.009845 0.011558
0.009844 0.021002
0.009828 0.020424
0.009822 0.012646
0.009821 0.009847
0.009814 0.010208
0.009798 0.010761
0.009780 0.010752
0.009773 0.016566
0.009762 0.012239
0.009759 0.012363
0.009718 0.010095
0.009703 0.012219
0.009689 0.017985
0.009659 0.011147
0.009650 0.010828
0.009649 0.010288
0.009630 0.010032
0.009608 0.012832
0.009605 0.011425
0.009605 0.009642
0.009586 0.009993
0.009581 0.010910
0.009579 0.010783
0.009558 0.011645
0.009555 0.009793
0.009531 0.010023
0.009530 0.012143
0.009524 0.011285
0.009507 0.009706
0.009495 0.011605
0.009493 0.010186
0.009485 0.010234
0.009481 0.018922
0.009461 0.009575
0.009449 0.009763
0.009448 0.009944
0.009437 0.014377
0.009426 0.012663
0.009426 0.009689
0.009422 0.010490
0.009420 0.009781
0.009416 0.014963
0.009409 0.010250
0.009372 0.014701
0.009355 0.014082
0.009348 0.012694
0.009344 0.009882
0.009335 0.009866
0.009298 0.010058
0.009288 0.010832
0.009283 0.012734
0.009278 0.011051
0.009271 0.011679
0.009246 0.009883
0.009243 0.011528
0.009240 0.010932
0.009231 0.017692
0.009227 0.011669
0.009218 0.013845
0.009212 0.014065
0.009183 0.009197
0.009123 0.011422
0.009113 0.010834
0.009111 0.009339
0.009105 0.013654
0.009091 0.012744
0.009085 0.009236
0.009078 0.009956
0.009076 0.009693
0.009055 0.009696
0.009052 0.009949
0.009043 0.010357
0.009032 0.009128
0.009030 0.016321
0.009027 0.010362
0.009011 0.014964
0.008983 0.010951
0.008961 0.009398
0.008955 0.009051
0.008923 0.009370
0.008920 0.009604
0.008917 0.010204
0.008916 0.009234
0.008901 0.009838
0.008883 0.008906
0.008880 0.011815
0.008834 0.012235
0.008823 0.010163
0.008823 0.016183
0.008811 0.013067
0.008804 0.012040
0.008802 0.009537
0.008789 0.012638
0.008762 0.010424
0.008760 0.009992
0.008747 0.009516
0.008742 0.013517
0.008742 0.009058
0.008738 0.011799
0.008738 0.008933
0.008722 0.008881
0.008713 0.014849
0.008712 0.012393
0.008709 0.009765
0.008693 0.009893
0.008684 0.011232
0.008676 0.009810
0.008674 0.011123
0.008666 0.010270
0.008659 0.011515
0.008658 0.009597
0.008656 0.010249
0.008653 0.017973
0.008639 0.008644
0.008613 0.008669
0.008612 0.009176
0.008597 0.009547
0.008591 0.012705
0.008574 0.008632
0.008567 0.008695
0.008556 0.010393
0.008550 0.009139
0.008536 0.008710
0.008526 0.008566
0.008526 0.012428
0.008524 0.009608
0.008487 0.010414
0.008472 0.009340
0.008471 0.009146
0.008467 0.009488
0.008462 0.009471
0.008461 0.008588
0.008459 0.009905
0.008458 0.008931
0.008441 0.010264
0.008438 0.012893
0.008437 0.008652
0.008435 0.008625
0.008435 0.008446
0.008425 0.009498
0.008420 0.009480
0.008406 0.008725
0.008404 0.011848
0.008396 0.009474
0.008394 0.008924
0.008392 0.013460
0.008389 0.008624
0.008381 0.008653
0.008376 0.009460
0.008368 0.011982
0.008362 0.010726
0.008355 0.008799
0.008354 0.010680
0.008321 0.008343
0.008305 0.009157
0.008294 0.013743
0.008293 0.009039
0.008291 0.012313
0.008289 0.009649
0.008288 0.010002
0.008287 0.009354
0.008281 0.012432
0.008274 0.008506
0.008257 0.012074
0.008256 0.008413
0.008255 0.008912
0.008253 0.018239
0.008250 0.008578
0.008248 0.014207
0.008246 0.008877
0.008235 0.011611
0.008234 0.008706
0.008232 0.012834
0.008227 0.009370
0.008224 0.011366
0.008215 0.008907
0.008209 0.009250
0.008206 0.011095
0.008201 0.008986
0.008196 0.008502
0.008195 0.008283
0.008194 0.010045
0.008193 0.013769
0.008193 0.008626
0.008172 0.008213
0.008171 0.010623
0.008169 0.010353
0.008166 0.008607
0.008165 0.012151
0.008156 0.008633
0.008155 0.016509
0.008136 0.009393
0.008132 0.008344
0.008118 0.014161
0.008105 0.008160
0.008104 0.010453
0.008095 0.009628
0.008076 0.011081
0.008075 0.010455
0.008067 0.008420
0.008064 0.009051
0.008058 0.008677
0.008054 0.008241
0.008053 0.010365
0.008050 0.008440
0.008047 0.010057
0.008040 0.015364
0.008035 0.008726
0.008025 0.008143
0.008023 0.009171
0.008009 0.011085
0.007995 0.011824
0.007993 0.009555
0.007977 0.009135
0.007974 0.009463
0.007969 0.009791
0.007964 0.008350
0.007961 0.011109
0.007930 0.009716
0.007910 0.007989
0.007903 0.010667
0.007900 0.008219
0.007897 0.008007
0.007892 0.009617
0.007887 0.007958
0.007878 0.010343
0.007871 0.008319
0.007871 0.009937
0.007870 0.008865
0.007857 0.011937
0.007852 0.008170
0.007849 0.008039
0.007848 0.008230
0.007847 0.009456
0.007843 0.008693
0.007841 0.011240
0.007838 0.008740
0.007836 0.008988
0.007834 0.007909
0.007832 0.007872
0.007821 0.007907
0.007818 0.007939
0.007809 0.010714
0.007800 0.008260
0.007799 0.007941
0.007790 0.009470
0.007776 0.009343
0.007775 0.012151
0.007769 0.009199
0.007759 0.007860
0.007751 0.008568
0.007737 0.009711
0.007735 0.008350
0.007727 0.007949
0.007724 0.010777
0.007722 0.009629
0.007720 0.013623
0.007710 0.008094
0.007699 0.009130
0.007695 0.007708
0.007689 0.008457
0.007672 0.007690
0.007668 0.007959
0.007643 0.008691
0.007641 0.009295
0.007634 0.012327
0.007634 0.009177
0.007620 0.009477
0.007612 0.011812
0.007611 0.007811
0.007604 0.008092
0.007591 0.012917
0.007584 0.011970
0.007583 0.009074
0.007575 0.008350
0.007574 0.007968
0.007574 0.012869
0.007568 0.008094
0.007562 0.008574
0.007560 0.007680
0.007560 0.009819
0.007554 0.008359
0.007550 0.010584
0.007549 0.008843
0.007546 0.007684
0.007534 0.008667
0.007531 0.008665
0.007515 0.011399
0.007502 0.011477
0.007496 0.009323
0.007486 0.007667
0.007486 0.007977
0.007483 0.010366
0.007462 0.008449
0.007450 0.009258
0.007444 0.009447
0.007440 0.007689
0.007440 0.012108
0.007427 0.008339
0.007418 0.007794
0.007414 0.010079
0.007410 0.009653
0.007397 0.007624
0.007384 0.008471
0.007376 0.008151
0.007368 0.007513
0.007361 0.007418
0.007359 0.008399
0.007356 0.008083
0.007346 0.011420
0.007330 0.007847
0.007326 0.007550
0.007325 0.012561
0.007323 0.013075
0.007322 0.007867
0.007305 0.011868
0.007284 0.008356
0.007273 0.008404
0.007271 0.007695
0.007270 0.008313
0.007257 0.015886
0.007251 0.007482
0.007240 0.008162
0.007233 0.007706
0.007227 0.007825
0.007220 0.007298
0.007217 0.007277
0.007214 0.007524
0.007207 0.007753
0.007206 0.007357
0.007204 0.007228
0.007200 0.007722
0.007189 0.007216
0.007186 0.011641
0.007186 0.008390
0.007185 0.008140
0.007183 0.007275
0.007182 0.007473
0.007179 0.007356
0.007176 0.012996
0.007173 0.009100
0.007173 0.007596
0.007161 0.007316
0.007154 0.007257
0.007151 0.008558
0.007143 0.007425
0.007133 0.008590
0.007132 0.008719
0.007125 0.008397
0.007117 0.008925
0.007116 0.008489
0.007107 0.007875
0.007105 0.008241
0.007092 0.009314
0.007091 0.008322
0.007085 0.008485
0.007083 0.007100
0.007076 0.008285
0.007060 0.012656
0.007049 0.007061
0.007048 0.012168
0.007047 0.008429
0.007041 0.007155
0.007022 0.008850
0.006996 0.007876
0.006988 0.014448
0.006985 0.008001
0.006984 0.007644
0.006983 0.007286
0.006979 0.007034
0.006977 0.009369
0.006977 0.007671
0.006961 0.010371
0.006956 0.007493
0.006949 0.007184
0.006949 0.008318
0.006947 0.014946
0.006936 0.011282
0.006934 0.007446
0.006929 0.007438
0.006928 0.007599
0.006927 0.008177
0.006918 0.008912
0.006910 0.007187
0.006904 0.008597
0.006901 0.007901
0.006896 0.007082
0.006890 0.006913
0.006882 0.007208
0.006880 0.007547
0.006860 0.007461
0.006856 0.007420
0.006840 0.006864
0.006834 0.007062
0.006828 0.009297
0.006827 0.007043
0.006822 0.007478
0.006822 0.007569
0.006802 0.007149
0.006793 0.006906
0.006785 0.007914
0.006784 0.007051
0.006783 0.007095
0.006768 0.006846
0.006762 0.007859
0.006760 0.007425
0.006752 0.006799
0.006746 0.009592
0.006742 0.007943
0.006729 0.009173
0.006705 0.009308
0.006701 0.006914
0.006699 0.006755
0.006693 0.007535
0.006685 0.007184
0.006684 0.013847
0.006678 0.007321
0.006674 0.007746
0.006672 0.008618
0.006668 0.008944
0.006663 0.006699
0.006653 0.014185
0.006649 0.008136
0.006642 0.007062
0.006633 0.010642
0.006631 0.009614
0.006621 0.008979
0.006619 0.006868
0.006618 0.006689
0.006612 0.009474
0.006611 0.007325
0.006604 0.010481
0.006600 0.006642
0.006590 0.008806
0.006590 0.008271
0.006587 0.007517
0.006585 0.006955
0.006575 0.006955
0.006571 0.009865
0.006569 0.010318
0.006562 0.006804
0.006555 0.013952
0.006550 0.006967
0.006548 0.007468
0.006545 0.009936
0.006542 0.006592
0.006536 0.007353
0.006535 0.007763
0.006529 0.006842
0.006517 0.008100
0.006505 0.007265
0.006501 0.006512
0.006492 0.006648
0.006489 0.007038
0.006487 0.008188
0.006482 0.007552
0.006481 0.007209
0.006480 0.007094
0.006467 0.007158
0.006466 0.006742
0.006457 0.007804
0.006450 0.006518
0.006447 0.006763
0.006441 0.006757
0.006440 0.007756
0.006440 0.006862
0.006433 0.007793
0.006432 0.007671
0.006432 0.006462
0.006425 0.006610
0.006412 0.008025
0.006401 0.006492
0.006394 0.006536
0.006392 0.007352
0.006392 0.006623
0.006391 0.006455
0.006390 0.006660
0.006374 0.007090
0.006373 0.006592
0.006364 0.011657
0.006364 0.006674
0.006363 0.008217
0.006360 0.006949
0.006356 0.007891
0.006346 0.008921
0.006343 0.009851
0.006342 0.006537
0.006339 0.009138
0.006338 0.012062
0.006301 0.009798
0.006293 0.007655
0.006284 0.007441
0.006284 0.009696
0.006281 0.006609
0.006280 0.007681
0.006270 0.008294
0.006266 0.006303
0.006262 0.010668
0.006258 0.006891
0.006235 0.006857
0.006232 0.006432
0.006221 0.009400
0.006218 0.008699
0.006217 0.011098
0.006204 0.006382
0.006202 0.010443
0.006200 0.006326
0.006199 0.008602
0.006191 0.010515
0.006189 0.006660
0.006183 0.007413
0.006179 0.006825
0.006177 0.006993
0.006175 0.006461
0.006172 0.011785
0.006168 0.006726
0.006166 0.007406
0.006166 0.007991
0.006160 0.007747
0.006149 0.008702
0.006144 0.007770
0.006137 0.006526
0.006128 0.008674
0.006126 0.007268
0.006124 0.008425
0.006123 0.008574
0.006115 0.007865
0.006113 0.010377
0.006106 0.006492
0.006104 0.008036
0.006099 0.006373
0.006099 0.010895
0.006097 0.006582
0.006095 0.006664
0.006086 0.008405
0.006070 0.006760
0.006065 0.008868
0.006052 0.007632
0.006052 0.006437
0.006049 0.006584
0.006047 0.009440
0.006045 0.006897
0.006039 0.006116
0.006034 0.007524
0.006026 0.006722
0.006021 0.006610
0.006014 0.006776
0.006012 0.006818
0.005992 0.007176
0.005975 0.007224
0.005973 0.006960
0.005972 0.007108
0.005968 0.006390
0.005967 0.006666
0.005965 0.005989
0.005955 0.006748
0.005955 0.006837
0.005950 0.008170
0.005949 0.005990
0.005948 0.005995
0.005939 0.014582
0.005928 0.007252
0.005926 0.006742
0.005924 0.007397
0.005912 0.006681
0.005909 0.006765
0.005908 0.006924
0.005899 0.007068
0.005893 0.006494
0.005892 0.010263
0.005886 0.007064
0.005883 0.007933
0.005880 0.006144
0.005879 0.006552
0.005878 0.007418
0.005875 0.006801
0.005871 0.007539
0.005870 0.007128
0.005863 0.006703
0.005862 0.006125
0.005856 0.012537
0.005837 0.006471
0.005831 0.008064
0.005830 0.006933
0.005823 0.007321
0.005823 0.005851
0.005819 0.005956
0.005801 0.007218
0.005794 0.007599
0.005788 0.005815
0.005787 0.009834
0.005780 0.008043
0.005764 0.006248
0.005760 0.008875
0.005760 0.007787
0.005756 0.009204
0.005747 0.006450
0.005746 0.006202
0.005744 0.005880
0.005742 0.008492
0.005730 0.006788
0.005728 0.006315
0.005722 0.006302
0.005719 0.006779
0.005715 0.009954
0.005715 0.008655
0.005715 0.006760
0.005704 0.008213
0.005698 0.008744
0.005691 0.007729
0.005690 0.005775
0.005688 0.009046
0.005683 0.010572
0.005681 0.009115
0.005674 0.005911
0.005672 0.005890
0.005653 0.008437
0.005652 0.005672
0.005650 0.005994
0.005648 0.007172
0.005646 0.005988
0.005641 0.011415
0.005636 0.005782
0.005629 0.005805
0.005624 0.010566
0.005615 0.006090
0.005605 0.006036
0.005605 0.006117
0.005604 0.009380
0.005603 0.010998
0.005602 0.006153
0.005599 0.012032
0.005579 0.006456
0.005574 0.009059
0.005573 0.006203
0.005569 0.006435
0.005566 0.008827
0.005565 0.005679
0.005563 0.013835
0.005560 0.006035
0.005558 0.005566
0.005554 0.005824
0.005547 0.006154
0.005546 0.005616
0.005544 0.006745
0.005534 0.005778
0.005531 0.006725
0.005529 0.006509
0.005525 0.005699
0.005520 0.006662
0.005520 0.006183
0.005519 0.005665
0.005515 0.007124
0.005512 0.007477
0.005507 0.008243
0.005506 0.007041
0.005495 0.005712
0.005492 0.006904
0.005490 0.006377
0.005484 0.005591
0.005479 0.005481
0.005478 0.007275
0.005467 0.007447
0.005465 0.005656
0.005463 0.005679
0.005461 0.006381
0.005461 0.007832
0.005460 0.005860
0.005460 0.007771
0.005452 0.010355
0.005452 0.006032
0.005443 0.005462
0.005442 0.008410
0.005441 0.006482
0.005440 0.005721
0.005429 0.007915
0.005427 0.009001
0.005422 0.007726
0.005420 0.007453
0.005418 0.006337
0.005411 0.007196
0.005405 0.006918
0.005402 0.008995
0.005400 0.007486
0.005398 0.005408
0.005395 0.005430
0.005395 0.005408
0.005389 0.008812
0.005385 0.005491
0.005366 0.005389
0.005362 0.009297
0.005357 0.007197
0.005350 0.006589
0.005347 0.009276
0.005335 0.007122
0.005330 0.005718
0.005322 0.006232
0.005307 0.007051
0.005304 0.007967
0.005300 0.007809
0.005299 0.009245
0.005284 0.005898
0.005282 0.005773
0.005274 0.005650
0.005267 0.005597
0.005265 0.005557
0.005263 0.005369
0.005262 0.005674
0.005251 0.006270
0.005238 0.005457
0.005234 0.005348
0.005228 0.005391
0.005227 0.005982
0.005226 0.006925
0.005223 0.005270
0.005222 0.014079
0.005222 0.010334
0.005218 0.005369
0.005217 0.008424
0.005215 0.005470
0.005215 0.005782
0.005213 0.007780
0.005208 0.006564
0.005206 0.008364
0.005205 0.007492
0.005205 0.005348
0.005204 0.007543
0.005193 0.007020
0.005187 0.005340
0.005187 0.005779
0.005185 0.005625
0.005183 0.005696
0.005176 0.005274
0.005175 0.008209
0.005173 0.007741
0.005172 0.006250
0.005172 0.010262
0.005167 0.007803
0.005167 0.006651
0.005165 0.012370
0.005165 0.005766
0.005150 0.015426
0.005144 0.005397
0.005140 0.007741
0.005130 0.007302
0.005123 0.005701
0.005112 0.006167
0.005109 0.009780
0.005107 0.005559
0.005105 0.006774
0.005104 0.010549
0.005102 0.005437
0.005097 0.006053
0.005096 0.005109
0.005091 0.005189
0.005078 0.005269
0.005074 0.005164
0.005063 0.007760
0.005058 0.005234
0.005057 0.005211
0.005055 0.005305
0.005054 0.005367
0.005051 0.005329
0.005048 0.005321
0.005043 0.008105
0.005037 0.006041
0.005035 0.005495
0.005034 0.005532
0.005031 0.005881
0.005021 0.006045
0.005013 0.005099
0.005003 0.007141
0.005003 0.005147
0.005000 0.006851
0.004998 0.008459
0.004998 0.005744
0.004991 0.005498
0.004991 0.007166
0.004980 0.007978
0.004979 0.009701
0.004977 0.005385
0.004970 0.005851
0.004969 0.006217
0.004958 0.005961
0.004957 0.007474
0.004952 0.011461
0.004951 0.006464
0.004948 0.005560
0.004946 0.007617
0.004943 0.008576
0.004941 0.005089
0.004935 0.005447
0.004934 0.005396
0.004932 0.005285
0.004932 0.005032
0.004922 0.005027
0.004920 0.004986
0.004920 0.005112
0.004917 0.008582
0.004917 0.005456
0.004915 0.005481
0.004915 0.009783
0.004911 0.005851
0.004904 0.006024
0.004900 0.005153
0.004898 0.006511
0.004893 0.008301
0.004891 0.005785
0.004891 0.006758
0.004884 0.006962
0.004882 0.007437
0.004881 0.007624
0.004865 0.009434
0.004863 0.005872
0.004854 0.005582
0.004849 0.004879
0.004849 0.007228
0.004844 0.009798
0.004843 0.006933
0.004840 0.005568
0.004836 0.010229
0.004835 0.005187
0.004832 0.005302
0.004831 0.005411
0.004820 0.009156
0.004820 0.006079
0.004819 0.005849
0.004819 0.005366
0.004816 0.009084
0.004812 0.005400
0.004811 0.004930
0.004809 0.006042
0.004801 0.007830
0.004796 0.004889
0.004791 0.005052
0.004790 0.004991
0.004789 0.006397
0.004788 0.005477
0.004786 0.005390
0.004781 0.005271
0.004780 0.005512
0.004776 0.004960
0.004776 0.005020
0.004768 0.004969
0.004767 0.007315
0.004763 0.005343
0.004761 0.007956
0.004756 0.005837
0.004754 0.004949
0.004749 0.007141
0.004746 0.005789
0.004741 0.005502
0.004739 0.004892
0.004736 0.005382
0.004733 0.005242
0.004729 0.009706
0.004724 0.004906
0.004721 0.005517
0.004719 0.004914
0.004712 0.005340
0.004697 0.007326
0.004690 0.006270
0.004687 0.004791
0.004686 0.005223
0.004680 0.005270
0.004680 0.009555
0.004660 0.010797
0.004654 0.004939
0.004651 0.007989
0.004647 0.007162
0.004644 0.006463
0.004640 0.004650
0.004638 0.007511
0.004637 0.004669
0.004624 0.004649
0.004623 0.005293
0.004622 0.004668
0.004621 0.004815
0.004621 0.005943
0.004615 0.008567
0.004614 0.004827
0.004613 0.005343
0.004604 0.005388
0.004603 0.007369
0.004602 0.006383
0.004596 0.007411
0.004587 0.005105
0.004586 0.005618
0.004579 0.005925
0.004577 0.005740
0.004563 0.004885
0.004561 0.006152
0.004561 0.004992
0.004557 0.005428
0.004555 0.005595
0.004549 0.008127
0.004546 0.004877
0.004532 0.004725
0.004531 0.005041
0.004527 0.007208
0.004523 0.004704
0.004523 0.007434
0.004517 0.005889
0.004516 0.007627
0.004513 0.005634
0.004508 0.005016
0.004506 0.006693
0.004505 0.005105
0.004500 0.004733
0.004499 0.004688
0.004494 0.004650
0.004492 0.004722
0.004484 0.004783
0.004477 0.004552
0.004469 0.004565
0.004468 0.004773
0.004467 0.009972
0.004463 0.005848
0.004461 0.008280
0.004458 0.004631
0.004454 0.004518
0.004449 0.004497
0.004448 0.004881
0.004443 0.006141
0.004441 0.005386
0.004426 0.004426
0.004420 0.004830
0.004420 0.009959
0.004418 0.004764
0.004417 0.004850
0.004416 0.004786
0.004412 0.005116
0.004412 0.008166
0.004408 0.004503
0.004406 0.005491
0.004404 0.004560
0.004403 0.006974
0.004403 0.004519
0.004391 0.004964
0.004390 0.004757
0.004387 0.011657
0.004386 0.005559
0.004384 0.005989
0.004377 0.005147
0.004373 0.004543
0.004373 0.005604
0.004372 0.004901
0.004372 0.005735
0.004366 0.004812
0.004355 0.010430
0.004350 0.004843
0.004342 0.004961
0.004335 0.004549
0.004332 0.005674
0.004319 0.005454
0.004312 0.004663
0.004306 0.004548
0.004298 0.004351
0.004297 0.006178
0.004294 0.005946
0.004287 0.004403
0.004284 0.005205
0.004284 0.005563
0.004276 0.006284
0.004272 0.006956
0.004270 0.004809
0.004265 0.005896
0.004260 0.004831
0.004259 0.005675
0.004254 0.004379
0.004244 0.005780
0.004235 0.007850
0.004230 0.005435
0.004226 0.005338
0.004225 0.004513
0.004218 0.005244
0.004216 0.004326
0.004214 0.005689
0.004213 0.005173
0.004208 0.004532
0.004206 0.004769
0.004198 0.004255
0.004197 0.004264
0.004188 0.004510
0.004188 0.004290
0.004179 0.005028
0.004176 0.005986
0.004173 0.006310
0.004172 0.004565
0.004167 0.004276
0.004153 0.004261
0.004136 0.004430
0.004131 0.005332
0.004128 0.004724
0.004111 0.008020
0.004106 0.006903
0.004100 0.004337
0.004099 0.005449
0.004097 0.004663
0.004097 0.004820
0.004096 0.004905
0.004087 0.004280
0.004078 0.004152
0.004076 0.004950
0.004072 0.004401
0.004070 0.004095
0.004070 0.004308
0.004050 0.004127
0.004047 0.004269
0.004041 0.004344
0.004038 0.004124
0.004035 0.004276
0.004030 0.004228
0.004030 0.004446
0.004026 0.004126
0.004023 0.005151
0.004023 0.004394
0.004021 0.004413
0.004016 0.004024
0.004008 0.004197
0.004000 0.004257
0.003998 0.004080
0.003993 0.004209
0.003991 0.004242
0.003988 0.004704
0.003985 0.004103
0.003970 0.004140
0.003968 0.005164
0.003965 0.004985
0.003960 0.004522
0.003958 0.004698
0.003957 0.004250
0.003949 0.003995
0.003936 0.004714
0.003928 0.005497
0.003921 0.004293
0.003919 0.005732
0.003918 0.004489
0.003907 0.004424
0.003904 0.003950
0.003894 0.004400
0.003884 0.004458
0.003884 0.003912
0.003878 0.008866
0.003868 0.003918
0.003868 0.005380
0.003867 0.003896
0.003865 0.004180
0.003862 0.003934
0.003861 0.005930
0.003857 0.004187
0.003857 0.006448
0.003857 0.004324
0.003856 0.004905
0.003855 0.003874
0.003855 0.004020
0.003855 0.003863
0.003854 0.004051
0.003850 0.004341
0.003846 0.004087
0.003845 0.003944
0.003842 0.005035
0.003839 0.004054
0.003826 0.003948
0.003825 0.005554
0.003816 0.003902
0.003815 0.004456
0.003797 0.004000
0.003796 0.003961
0.003794 0.004153
0.003793 0.003944
0.003792 0.004221
0.003789 0.005841
0.003784 0.004555
0.003780 0.003835
0.003777 0.004638
0.003770 0.004204
0.003766 0.003870
0.003760 0.004259
0.003746 0.003763
0.003737 0.003950
0.003729 0.006234
0.003729 0.004075
0.003719 0.004020
0.003716 0.003965
0.003705 0.003918
0.003696 0.004057
0.003695 0.004872
0.003688 0.004308
0.003681 0.004424
0.003675 0.004112
0.003671 0.004695
0.003669 0.003871
0.003666 0.004898
0.003664 0.004065
0.003663 0.005376
0.003661 0.004827
0.003659 0.006704
0.003656 0.004272
0.003649 0.005001
0.003645 0.004228
0.003628 0.003649
0.003613 0.004324
0.003610 0.003813
0.003605 0.003734
0.003594 0.003746
0.003562 0.003825
0.003558 0.003635
0.003557 0.003585
0.003551 0.004117
0.003550 0.004153
0.003550 0.004747
0.003546 0.004597
0.003545 0.004279
0.003543 0.003593
0.003533 0.003629
0.003515 0.004714
0.003499 0.003985
0.003494 0.004421
0.003478 0.005136
0.003455 0.004295
0.003454 0.003728
0.003453 0.005027
0.003440 0.003961
0.003436 0.005863
0.003429 0.004118
0.003429 0.003608
0.003422 0.003600
0.003415 0.003532
0.003414 0.004320
0.003406 0.004137
0.003399 0.003687
0.003337 0.003983
0.003329 0.003436
0.003323 0.003597
0.003318 0.003414
0.003317 0.003335
0.003300 0.003404
0.003294 0.003545
0.003292 0.003409
0.003289 0.004311
0.003277 0.003731
0.003271 0.003513
0.003256 0.003882
0.003246 0.003686
0.003230 0.004869
0.003216 0.003282
0.003207 0.005011
0.003167 0.003399
0.003166 0.003204
0.003141 0.004243
0.003133 0.003465
0.003129 0.003257
0.003127 0.005491
0.003118 0.004670
0.003112 0.003573
0.003097 0.003273
0.003088 0.003572
0.003071 0.003900
0.003053 0.005438
0.003034 0.003303
0.003025 0.003276
0.003024 0.003253
0.003006 0.003156
0.002994 0.003310
0.002989 0.003060
0.002972 0.003326
0.002968 0.003347
0.002963 0.003960
0.002961 0.003318
0.002950 0.005523
0.002933 0.003225
0.002932 0.002949
0.002922 0.003130
0.002909 0.002942
0.002906 0.003201
0.002899 0.003447
0.002882 0.003193
0.002882 0.002963
0.002868 0.003034
0.002868 0.003876
0.002867 0.002953
0.002862 0.004069
0.002839 0.004020
0.002839 0.003008
0.002824 0.002981
0.002819 0.002868
0.002815 0.003131
0.002799 0.002963
0.002795 0.002864
0.002792 0.003106
0.002792 0.003460
0.002785 0.003172
0.002772 0.002972
0.002728 0.002924
0.002708 0.002956
0.002687 0.002980
0.002676 0.002870
0.002668 0.002965
0.002652 0.003622
0.002636 0.002843
0.002620 0.003093
0.002596 0.002683
0.002586 0.002845
0.002575 0.002771
0.002561 0.002847
0.002544 0.002654
0.002533 0.002535
0.002527 0.003194
0.002501 0.002586
0.002496 0.002702
0.002458 0.002716
0.002438 0.002522
0.002437 0.003393
0.002373 0.002579
0.002363 0.002615
0.002325 0.002462
0.002305 0.002538
0.002304 0.002403
0.002294 0.002448
0.002288 0.002756
0.002284 0.002376
0.002255 0.002622
0.002251 0.002264
0.002247 0.002301
0.002228 0.002754
0.002225 0.003630
0.002221 0.002375
0.002219 0.002673
0.002217 0.002713
0.002195 0.002567
0.002192 0.002454
0.002185 0.002274
0.002174 0.002454
0.002167 0.002401
0.002156 0.002616
0.002144 0.002173
0.002142 0.002695
0.002140 0.002140
0.002138 0.002198
0.002136 0.002230
0.002136 0.002328
0.002102 0.002365
0.002081 0.002105
0.002072 0.002357
0.002066 0.002922
0.002043 0.002084
0.002035 0.002118
0.001999 0.002139
0.001986 0.002248
0.001985 0.002331
0.001942 0.002118
0.001865 0.002219
0.001853 0.002473
0.001842 0.001860
0.001763 0.001813
0.001739 0.001785
0.001736 0.001740
0.001591 0.001890
0.001451 0.001507
0.001433 0.001549
0.001073 0.001093
0.000995 0.001166
