0.362588 0.400592
0.205225 0.206598
0.173220 0.176294
0.144729 0.182433
0.126652 0.160595
0.122254 0.128096
0.101459 0.111645
0.097352 0.097586
0.091321 0.113599
0.088808 0.108751
0.086398 0.108128
0.079937 0.080327
0.072429 0.072722
0.066925 0.070622
0.063652 0.117635
0.063187 0.072823
0.058596 0.064654
0.057809 0.084348
0.057489 0.069900
0.056253 0.058354
0.052843 0.056138
0.049155 0.052091
0.048901 0.060263
0.048664 0.053544
0.047000 0.047964
0.045891 0.052818
0.045442 0.050057
0.045245 0.045714
0.044822 0.057077
0.043423 0.049954
0.043334 0.050649
0.042660 0.056091
0.041869 0.052425
0.040151 0.044826
0.039778 0.042714
0.038817 0.042520
0.036714 0.041020
0.036363 0.038918
0.036072 0.037718
0.035960 0.037335
0.035906 0.047037
0.035454 0.054795
0.035445 0.036761
0.034377 0.040377
0.033033 0.037910
0.032851 0.037904
0.031028 0.036066
0.030738 0.035222
0.030529 0.032778
0.030265 0.030852
0.030210 0.031591
0.029797 0.043592
0.029598 0.031114
0.029396 0.042329
0.029356 0.032643
0.029283 0.033642
0.028851 0.039188
0.028639 0.034339
0.028595 0.029201
0.028240 0.029590
0.028138 0.029481
0.027458 0.032146
0.027452 0.030312
0.027000 0.028932
0.026777 0.028179
0.026240 0.026939
0.026183 0.040945
0.026135 0.026357
0.025427 0.031450
0.025411 0.025769
0.025361 0.029095
0.025250 0.026041
0.025078 0.028616
0.025069 0.025245
0.024604 0.026944
0.024452 0.025131
0.024411 0.031305
0.024408 0.024871
0.024320 0.027401
0.024226 0.034669
0.023682 0.026268
0.023404 0.024551
0.023163 0.026839
0.023051 0.027136
0.022986 0.033160
0.022946 0.023394
0.022822 0.025150
0.022614 0.028315
0.022552 0.023526
0.022445 0.032706
0.022392 0.023264
0.022215 0.041053
0.022198 0.025491
0.022142 0.024310
0.022141 0.028729
0.021998 0.028993
0.021680 0.023462
0.021513 0.029366
0.021317 0.021574
0.021215 0.022667
0.021189 0.031058
0.021089 0.028338
0.021088 0.034145
0.021075 0.022813
0.020960 0.022627
0.020938 0.021404
0.020921 0.024275
0.020904 0.031613
0.020877 0.021001
0.020777 0.022640
0.020654 0.030994
0.020622 0.021858
0.020423 0.023397
0.020323 0.020997
0.020228 0.020876
0.019928 0.031478
0.019897 0.030147
0.019818 0.021797
0.019794 0.025662
0.019785 0.019899
0.019774 0.021889
0.019653 0.026762
0.019611 0.024192
0.019541 0.020669
0.019443 0.019579
0.019356 0.019515
0.019246 0.021691
0.019170 0.020653
0.019101 0.019946
0.019038 0.019843
0.018997 0.023673
0.018966 0.020823
0.018865 0.021270
0.018822 0.022114
0.018780 0.022810
0.018776 0.020756
0.018576 0.022062
0.018566 0.018962
0.018548 0.037548
0.018498 0.019409
0.018344 0.019347
0.018294 0.018767
0.018225 0.019266
0.018216 0.023290
0.018100 0.029603
0.018039 0.021865
0.018002 0.024514
0.017960 0.027677
0.017887 0.019961
0.017810 0.019253
0.017711 0.020175
0.017609 0.021073
0.017558 0.018240
0.017415 0.017932
0.017391 0.017444
0.017340 0.017598
0.017295 0.022579
0.017282 0.018184
0.017248 0.026305
0.017217 0.018391
0.017199 0.018121
0.017169 0.017173
0.017051 0.026111
0.016845 0.025744
0.016824 0.020619
0.016823 0.021871
0.016695 0.017188
0.016613 0.024886
0.016583 0.017264
0.016537 0.018865
0.016487 0.017995
0.016418 0.017377
0.016344 0.020142
0.016294 0.016298
0.016277 0.018566
0.016264 0.022021
0.016256 0.028163
0.016206 0.020680
0.016173 0.016788
0.016146 0.022253
0.016046 0.016675
0.016017 0.016058
0.015949 0.017822
0.015945 0.030819
0.015898 0.019638
0.015819 0.019799
0.015704 0.018746
0.015644 0.024231
0.015592 0.017496
0.015589 0.022966
0.015580 0.026833
0.015562 0.025376
0.015544 0.016015
0.015362 0.017053
0.015257 0.018520
0.015253 0.021255
0.015217 0.016964
0.015140 0.021792
0.015051 0.017143
0.015029 0.018018
0.014911 0.015635
0.014846 0.016526
0.014833 0.014936
0.014818 0.014991
0.014782 0.019921
0.014727 0.017075
0.014685 0.022626
0.014644 0.016955
0.014516 0.016679
0.014477 0.017645
0.014466 0.015129
0.014425 0.017765
0.014411 0.026516
0.014354 0.017874
0.014281 0.015153
0.014278 0.015634
0.014265 0.014513
0.014255 0.026134
0.014200 0.014661
0.014175 0.014951
0.014162 0.021919
0.014080 0.014535
0.013976 0.014042
0.013960 0.016231
0.013940 0.020436
0.013930 0.014143
0.013838 0.017603
0.013781 0.013872
0.013621 0.014656
0.013546 0.023070
0.013511 0.018331
0.013411 0.014467
0.013342 0.014653
0.013278 0.016967
0.013271 0.013546
0.013271 0.013839
0.013231 0.017054
0.013217 0.021411
0.013215 0.014920
0.013200 0.019295
0.013180 0.014846
0.013168 0.015056
0.013160 0.015403
0.013101 0.016342
0.013097 0.021193
0.013095 0.015920
0.013079 0.014294
0.013074 0.022168
0.013068 0.014037
0.013068 0.014061
0.013055 0.014809
0.013045 0.013587
0.012952 0.015237
0.012947 0.017652
0.012925 0.013281
0.012913 0.014715
0.012847 0.015745
0.012825 0.015390
0.012810 0.018702
0.012770 0.014368
0.012754 0.017458
0.012713 0.015296
0.012692 0.015308
0.012687 0.012851
0.012667 0.012686
0.012655 0.013242
0.012584 0.013918
0.012523 0.016644
0.012480 0.022416
0.012480 0.013155
0.012428 0.014302
0.012417 0.012901
0.012393 0.013850
0.012264 0.021243
0.012262 0.012707
0.012238 0.017817
0.012185 0.013290
0.012080 0.012638
0.012078 0.012525
0.012070 0.022795
0.012017 0.013326
0.011905 0.023170
0.011890 0.013187
0.011830 0.013525
0.011775 0.019754
0.011752 0.016361
0.011728 0.012054
0.011650 0.023904
0.011554 0.013310
0.011541 0.011909
0.011533 0.012765
0.011530 0.016353
0.011520 0.011553
0.011500 0.011736
0.011489 0.012205
0.011477 0.012381
0.011427 0.011470
0.011400 0.011887
0.011354 0.011792
0.011341 0.011723
0.011340 0.012928
0.011339 0.016493
0.011270 0.012633
0.011236 0.011401
0.011230 0.015477
0.011219 0.013247
0.011185 0.012324
0.011156 0.011339
0.011127 0.011173
0.011091 0.011628
0.011010 0.011876
0.010999 0.015298
0.010983 0.018296
0.010975 0.013745
0.010950 0.015420
0.010912 0.011166
0.010882 0.013660
0.010881 0.014911
0.010726 0.012890
0.010642 0.013573
0.010577 0.012660
0.010572 0.011019
0.010513 0.019894
0.010511 0.015798
0.010431 0.015172
0.010426 0.014708
0.010413 0.020584
0.010408 0.013177
0.010400 0.019035
0.010383 0.013436
0.010328 0.010724
0.010299 0.012662
0.010288 0.010360
0.010269 0.010303
0.010215 0.011973
0.010036 0.013090
0.009973 0.011615
0.009961 0.011359
0.009863 0.010332
0.009858 0.016387
0.009854 0.010020
0.009725 0.010996
0.009648 0.010258
0.009614 0.013024
0.009604 0.012748
0.009575 0.014309
0.009561 0.011469
0.009560 0.014382
0.009477 0.011036
0.009475 0.010495
0.009465 0.010843
0.009417 0.009843
0.009131 0.014192
0.009059 0.009433
0.009016 0.009328
0.008993 0.009840
0.008963 0.011486
0.008962 0.009984
0.008890 0.008992
0.008862 0.016198
0.008858 0.010530
0.008857 0.012590
0.008852 0.014604
0.008830 0.012990
0.008809 0.009278
0.008764 0.014479
0.008749 0.010699
0.008733 0.011715
0.008725 0.011301
0.008698 0.014748
0.008618 0.008914
0.008561 0.008920
0.008463 0.012107
0.008441 0.010231
0.008424 0.011322
0.008377 0.008617
0.008346 0.013223
0.008331 0.009645
0.008323 0.008922
0.008296 0.011253
0.008292 0.008513
0.008291 0.010091
0.008264 0.010193
0.008221 0.008878
0.008200 0.009157
0.008186 0.010851
0.008184 0.008898
0.008162 0.008310
0.008113 0.008172
0.008099 0.008342
0.008073 0.012548
0.008056 0.010389
0.008028 0.009175
0.007969 0.008675
0.007943 0.009572
0.007936 0.008422
0.007902 0.011403
0.007898 0.008874
0.007873 0.008337
0.007828 0.008492
0.007773 0.011729
0.007760 0.009572
0.007658 0.008155
0.007609 0.009222
0.007577 0.013077
0.007566 0.009987
0.007526 0.007678
0.007433 0.008950
0.007428 0.007860
0.007376 0.008010
0.007305 0.007760
0.007287 0.007396
0.007281 0.007461
0.007257 0.008821
0.007216 0.007341
0.007206 0.012786
0.007107 0.007372
0.007084 0.012342
0.007083 0.014304
0.007082 0.008226
0.007081 0.012213
0.007074 0.007878
0.007050 0.008085
0.007042 0.007853
0.006998 0.008700
0.006998 0.007319
0.006997 0.007153
0.006972 0.009598
0.006968 0.007393
0.006907 0.011306
0.006884 0.008067
0.006878 0.008423
0.006770 0.008806
0.006764 0.007637
0.006756 0.010026
0.006744 0.008474
0.006740 0.007252
0.006709 0.007595
0.006703 0.009467
0.006702 0.007882
0.006678 0.007513
0.006677 0.012126
0.006665 0.007562
0.006662 0.009000
0.006645 0.006899
0.006631 0.007668
0.006541 0.008115
0.006460 0.012016
0.006435 0.011812
0.006433 0.011451
0.006422 0.009470
0.006415 0.009350
0.006414 0.006777
0.006398 0.007360
0.006385 0.006592
0.006366 0.006722
0.006358 0.006782
0.006353 0.006714
0.006287 0.010427
0.006259 0.006270
0.006249 0.007268
0.006226 0.010318
0.006160 0.007325
0.006159 0.009431
0.006123 0.006438
0.006079 0.006676
0.006049 0.006327
0.006049 0.006534
0.006044 0.007226
0.006030 0.008054
0.005966 0.007592
0.005955 0.007581
0.005946 0.006074
0.005929 0.006278
0.005919 0.006242
0.005905 0.006128
0.005905 0.007502
0.005889 0.007259
0.005868 0.007225
0.005857 0.006655
0.005828 0.006605
0.005827 0.005981
0.005823 0.007077
0.005823 0.008032
0.005821 0.006728
0.005815 0.006279
0.005800 0.007349
0.005790 0.010377
0.005766 0.009025
0.005755 0.006709
0.005743 0.010612
0.005732 0.007664
0.005704 0.008632
0.005699 0.008605
0.005646 0.006154
0.005640 0.008813
0.005635 0.005890
0.005635 0.006241
0.005624 0.007074
0.005619 0.008375
0.005603 0.005881
0.005578 0.005948
0.005573 0.006302
0.005525 0.006402
0.005516 0.005664
0.005510 0.006422
0.005475 0.009062
0.005468 0.006238
0.005454 0.005798
0.005453 0.006461
0.005441 0.005632
0.005439 0.006612
0.005432 0.006090
0.005428 0.005473
0.005409 0.006343
0.005405 0.005415
0.005398 0.006498
0.005355 0.005567
0.005331 0.008205
0.005326 0.005486
0.005321 0.005419
0.005302 0.005446
0.005274 0.006666
0.005242 0.005436
0.005234 0.005585
0.005185 0.006051
0.005176 0.005281
0.005171 0.005486
0.005154 0.006448
0.005128 0.005178
0.005127 0.005207
0.005120 0.008850
0.005111 0.005131
0.005110 0.005937
0.005089 0.005377
0.005061 0.005681
0.005059 0.005969
0.005056 0.005677
0.005054 0.005073
0.005053 0.005521
0.005047 0.005783
0.005043 0.005631
0.005042 0.005503
0.005037 0.006368
0.005033 0.005121
0.005027 0.006587
0.005027 0.007189
0.005008 0.005191
0.004966 0.007242
0.004962 0.009169
0.004954 0.010127
0.004936 0.005456
0.004934 0.006750
0.004899 0.006357
0.004893 0.005336
0.004883 0.005979
0.004873 0.005782
0.004864 0.004959
0.004837 0.004983
0.004836 0.005591
0.004832 0.005732
0.004830 0.005102
0.004829 0.004965
0.004827 0.006315
0.004802 0.007857
0.004799 0.005872
0.004797 0.009112
0.004796 0.009738
0.004776 0.004947
0.004768 0.006936
0.004752 0.004927
0.004752 0.004907
0.004745 0.005065
0.004743 0.005170
0.004741 0.007874
0.004740 0.006389
0.004732 0.007131
0.004724 0.006117
0.004722 0.005262
0.004722 0.008863
0.004720 0.006946
0.004711 0.006190
0.004698 0.005523
0.004690 0.006661
0.004688 0.004752
0.004684 0.008297
0.004669 0.005066
0.004667 0.004715
0.004646 0.005354
0.004646 0.004881
0.004634 0.004737
0.004632 0.004808
0.004631 0.006913
0.004616 0.005665
0.004601 0.006359
0.004595 0.005201
0.004585 0.004588
0.004583 0.004776
0.004559 0.006126
0.004554 0.004810
0.004528 0.007736
0.004519 0.004732
0.004518 0.004731
0.004515 0.005132
0.004512 0.004898
0.004503 0.006940
0.004469 0.005599
0.004458 0.004674
0.004456 0.005507
0.004454 0.005584
0.004451 0.004672
0.004442 0.005572
0.004427 0.005271
0.004394 0.006885
0.004372 0.004492
0.004369 0.005062
0.004357 0.004535
0.004354 0.004355
0.004350 0.004429
0.004345 0.006070
0.004327 0.004847
0.004324 0.006220
0.004320 0.009009
0.004293 0.005423
0.004290 0.004789
0.004279 0.004379
0.004276 0.005242
0.004272 0.006784
0.004267 0.004594
0.004264 0.004509
0.004261 0.005708
0.004253 0.005718
0.004250 0.005237
0.004236 0.004625
0.004235 0.008216
0.004228 0.005378
0.004222 0.004748
0.004214 0.006173
0.004205 0.006184
0.004195 0.004466
0.004191 0.005207
0.004187 0.004749
0.004176 0.004633
0.004151 0.004912
0.004144 0.004299
0.004141 0.004496
0.004140 0.005953
0.004137 0.004377
0.004129 0.004707
0.004122 0.005324
0.004119 0.008215
0.004118 0.004604
0.004109 0.004685
0.004098 0.005833
0.004095 0.006631
0.004089 0.004142
0.004088 0.005507
0.004084 0.005163
0.004084 0.004118
0.004076 0.005581
0.004073 0.004278
0.004061 0.004671
0.004060 0.005352
0.004043 0.004084
0.004033 0.004803
0.004027 0.005961
0.004026 0.005079
0.004022 0.004271
0.004022 0.004775
0.004021 0.006274
0.004021 0.004712
0.004020 0.004729
0.004017 0.005567
0.004006 0.004183
0.004000 0.004301
0.003998 0.004843
0.003981 0.004115
0.003956 0.004685
0.003927 0.004413
0.003925 0.006212
0.003922 0.004369
0.003917 0.006869
0.003907 0.004438
0.003899 0.004900
0.003895 0.004898
0.003895 0.003929
0.003890 0.004528
0.003886 0.004768
0.003880 0.003928
0.003874 0.004039
0.003874 0.007020
0.003870 0.004439
0.003857 0.004127
0.003856 0.007254
0.003845 0.003859
0.003840 0.003997
0.003839 0.003857
0.003823 0.004101
0.003821 0.005389
0.003817 0.004101
0.003808 0.006905
0.003793 0.004159
0.003789 0.004141
0.003787 0.006524
0.003786 0.007783
0.003782 0.003923
0.003777 0.005970
0.003776 0.004114
0.003774 0.006640
0.003755 0.004071
0.003750 0.004604
0.003737 0.006354
0.003736 0.004000
0.003720 0.007060
0.003716 0.004398
0.003715 0.006390
0.003710 0.004840
0.003700 0.004208
0.003699 0.006133
0.003692 0.004159
0.003688 0.005095
0.003683 0.003729
0.003666 0.003921
0.003665 0.005625
0.003662 0.003732
0.003653 0.003674
0.003648 0.004356
0.003641 0.003677
0.003637 0.003926
0.003635 0.004067
0.003629 0.004050
0.003624 0.005114
0.003621 0.006642
0.003620 0.003759
0.003619 0.004344
0.003618 0.003677
0.003616 0.003916
0.003609 0.003850
0.003604 0.004106
0.003601 0.005791
0.003594 0.003953
0.003581 0.003999
0.003571 0.004923
0.003566 0.004688
0.003565 0.003719
0.003565 0.004355
0.003557 0.005278
0.003548 0.005776
0.003539 0.003683
0.003536 0.004601
0.003530 0.003825
0.003530 0.003566
0.003528 0.004093
0.003524 0.003636
0.003517 0.004561
0.003515 0.005504
0.003499 0.003627
0.003499 0.004275
0.003491 0.003794
0.003482 0.006615
0.003472 0.004224
0.003468 0.005969
0.003464 0.005549
0.003461 0.004445
0.003460 0.004005
0.003458 0.003553
0.003453 0.005434
0.003453 0.003876
0.003451 0.004169
0.003451 0.003602
0.003450 0.003540
0.003443 0.004584
0.003435 0.005470
0.003431 0.004732
0.003427 0.004229
0.003426 0.003779
0.003423 0.004206
0.003420 0.004218
0.003414 0.003464
0.003401 0.004130
0.003399 0.006906
0.003389 0.004632
0.003388 0.003403
0.003376 0.004227
0.003373 0.004442
0.003370 0.004585
0.003366 0.005053
0.003364 0.003559
0.003364 0.006674
0.003360 0.005214
0.003359 0.006969
0.003357 0.003628
0.003352 0.004495
0.003351 0.006288
0.003343 0.005008
0.003338 0.005096
0.003318 0.003486
0.003315 0.004295
0.003310 0.003348
0.003310 0.005134
0.003308 0.004083
0.003297 0.003518
0.003295 0.005927
0.003284 0.003631
0.003282 0.005094
0.003279 0.006223
0.003274 0.003286
0.003270 0.007500
0.003268 0.003559
0.003265 0.004010
0.003263 0.003442
0.003256 0.003510
0.003256 0.003723
0.003253 0.003473
0.003247 0.005880
0.003240 0.003752
0.003237 0.003600
0.003234 0.004176
0.003231 0.006246
0.003225 0.004807
0.003219 0.003951
0.003218 0.006869
0.003211 0.003655
0.003207 0.004847
0.003199 0.003976
0.003194 0.006871
0.003191 0.004018
0.003190 0.003226
0.003186 0.003838
0.003167 0.004196
0.003127 0.004787
0.003123 0.003203
0.003120 0.004933
0.003112 0.003312
0.003109 0.005456
0.003089 0.005337
0.003064 0.005158
0.003061 0.005799
0.003030 0.003695
0.003029 0.004340
0.003022 0.003099
0.003022 0.003610
0.003018 0.003184
0.003017 0.003589
0.003008 0.003849
0.003004 0.003490
0.002990 0.003412
0.002982 0.003766
0.002981 0.004869
0.002961 0.003159
0.002956 0.003372
0.002954 0.003245
0.002952 0.003706
0.002936 0.003222
0.002931 0.005912
0.002925 0.003057
0.002858 0.004424
0.002855 0.003455
0.002829 0.003256
0.002813 0.002871
0.002803 0.002836
0.002784 0.005504
0.002780 0.002807
0.002776 0.003997
0.002775 0.004034
0.002736 0.003119
0.002732 0.003454
0.002722 0.003058
0.002720 0.002940
0.002696 0.002758
0.002690 0.003220
0.002669 0.003722
0.002626 0.003165
0.002623 0.002930
0.002621 0.004122
0.002621 0.004355
0.002571 0.002661
0.002570 0.002779
0.002556 0.002978
0.002539 0.002929
0.002538 0.002691
0.002536 0.002628
0.002529 0.004100
0.002522 0.002869
0.002484 0.003514
0.002438 0.003537
0.002398 0.002498
0.002356 0.002745
0.002352 0.002691
0.002335 0.003388
0.002321 0.002361
0.002283 0.002557
0.002253 0.002783
0.002231 0.003001
0.002169 0.002864
0.002152 0.003437
0.002130 0.002255
0.002117 0.002318
0.002091 0.002467
0.002067 0.002290
0.002042 0.002366
0.002027 0.002050
0.002024 0.002605
0.001941 0.002281
0.001813 0.002011
0.001702 0.001879
0.001688 0.001780
0.001668 0.001766
0.001651 0.002042
0.001482 0.001585
0.001385 0.001866
0.001375 0.001442
