0.147501 0.166736
0.142827 0.156440
0.140569 0.141212
0.063626 0.080799
0.059571 0.066919
0.058152 0.066286
0.057405 0.058702
0.056398 0.073373
0.053973 0.059313
0.053043 0.057565
0.051230 0.059045
0.050278 0.076522
0.049709 0.052270
0.049465 0.060961
0.048492 0.049008
0.047962 0.052523
0.047441 0.055350
0.046987 0.050308
0.046333 0.056028
0.046135 0.046602
0.046102 0.059745
0.046059 0.047298
0.045512 0.046195
0.044511 0.046570
0.044289 0.046683
0.044258 0.059982
0.043459 0.046938
0.043085 0.043980
0.042933 0.049166
0.042599 0.054628
0.042556 0.047084
0.042264 0.044000
0.042246 0.049060
0.041845 0.047850
0.041731 0.043923
0.041364 0.049092
0.040678 0.050989
0.040626 0.050167
0.040600 0.087305
0.040031 0.043997
0.039819 0.053202
0.039784 0.040484
0.039702 0.041282
0.039304 0.056255
0.039285 0.041503
0.039187 0.039273
0.038431 0.039625
0.038328 0.040981
0.038161 0.039064
0.037911 0.041777
0.037759 0.044163
0.037707 0.047982
0.036497 0.037669
0.036478 0.042761
0.036473 0.046320
0.036320 0.040844
0.036188 0.040071
0.036188 0.041019
0.036131 0.045203
0.036091 0.036731
0.035999 0.040708
0.035834 0.038933
0.034773 0.035810
0.034735 0.035597
0.034683 0.041219
0.034477 0.062729
0.034392 0.045614
0.034033 0.035564
0.033950 0.053428
0.033722 0.034417
0.033296 0.048939
0.033239 0.034526
0.033208 0.044534
0.033011 0.041266
0.032590 0.105958
0.032490 0.049885
0.032441 0.044614
0.032436 0.048426
0.032258 0.038702
0.032190 0.044040
0.032113 0.035922
0.032065 0.047518
0.032054 0.034952
0.031742 0.051062
0.031499 0.039974
0.031483 0.034659
0.031451 0.036545
0.031426 0.040842
0.030996 0.035754
0.030630 0.037452
0.030624 0.041003
0.030438 0.031328
0.030297 0.033479
0.030245 0.042782
0.030186 0.036915
0.030156 0.043798
0.030137 0.045050
0.029934 0.032131
0.029905 0.036874
0.029823 0.032393
0.029781 0.037959
0.029775 0.030051
0.029683 0.053907
0.029676 0.034890
0.029605 0.029854
0.029561 0.032865
0.029550 0.038184
0.029333 0.033110
0.029209 0.029927
0.029161 0.033463
0.029149 0.062356
0.029109 0.030626
0.029072 0.033290
0.028923 0.029656
0.028901 0.029255
0.028832 0.046420
0.028789 0.029572
0.028636 0.029812
0.028562 0.045782
0.028470 0.030202
0.028444 0.045849
0.028443 0.043441
0.028327 0.054295
0.028311 0.033760
0.027691 0.034306
0.027622 0.030014
0.027565 0.032043
0.027401 0.028568
0.027398 0.030957
0.027312 0.030191
0.027290 0.037671
0.027262 0.032733
0.027220 0.047116
0.027219 0.027843
0.027188 0.029531
0.027125 0.030948
0.027076 0.027402
0.026981 0.027649
0.026925 0.030501
0.026886 0.028059
0.026883 0.027798
0.026832 0.041489
0.026718 0.036452
0.026491 0.029658
0.026467 0.027434
0.026443 0.037623
0.026303 0.027220
0.026040 0.042032
0.026015 0.033124
0.025926 0.033764
0.025874 0.028722
0.025805 0.028733
0.025779 0.026848
0.025750 0.032031
0.025705 0.028956
0.025604 0.029694
0.025593 0.030752
0.025491 0.027340
0.025430 0.029103
0.025408 0.030265
0.025257 0.027989
0.025246 0.040815
0.025226 0.028245
0.025096 0.026521
0.025047 0.033113
0.025043 0.029840
0.024897 0.035004
0.024887 0.026194
0.024868 0.030530
0.024843 0.025145
0.024825 0.025604
0.024802 0.024947
0.024788 0.025688
0.024765 0.026858
0.024763 0.027920
0.024686 0.034004
0.024641 0.024836
0.024631 0.030811
0.024613 0.026023
0.024579 0.025762
0.024498 0.035045
0.024488 0.025720
0.024421 0.041164
0.024388 0.032121
0.024374 0.031621
0.024168 0.029341
0.024150 0.024466
0.024054 0.030152
0.024043 0.025561
0.023977 0.026171
0.023937 0.026665
0.023936 0.025081
0.023901 0.029307
0.023896 0.024556
0.023887 0.030019
0.023863 0.029939
0.023860 0.024137
0.023852 0.026666
0.023850 0.025755
0.023844 0.036261
0.023762 0.027642
0.023685 0.033042
0.023612 0.023952
0.023544 0.024956
0.023510 0.038360
0.023489 0.039829
0.023456 0.029916
0.023389 0.031266
0.023378 0.026424
0.023315 0.025314
0.023310 0.031792
0.023285 0.026134
0.023266 0.023721
0.023108 0.031521
0.023073 0.023481
0.023053 0.023512
0.023050 0.030418
0.023038 0.024115
0.023009 0.023551
0.023008 0.029048
0.022930 0.025442
0.022921 0.029542
0.022899 0.027579
0.022896 0.023570
0.022887 0.023262
0.022887 0.025202
0.022839 0.022842
0.022775 0.026833
0.022766 0.024004
0.022763 0.034397
0.022761 0.023616
0.022692 0.024414
0.022666 0.023692
0.022652 0.029228
0.022650 0.022683
0.022645 0.023594
0.022562 0.024133
0.022546 0.024897
0.022507 0.024384
0.022483 0.022766
0.022480 0.025878
0.022391 0.026673
0.022366 0.033218
0.022353 0.027212
0.022348 0.026174
0.022310 0.025390
0.022298 0.044176
0.022292 0.022359
0.022260 0.030924
0.022246 0.023267
0.022232 0.025855
0.022226 0.026976
0.022207 0.024736
0.022192 0.023712
0.022160 0.023846
0.022113 0.026867
0.022092 0.023225
0.022065 0.028042
0.022046 0.023230
0.022043 0.023807
0.021961 0.035038
0.021960 0.031630
0.021922 0.024201
0.021891 0.021989
0.021839 0.021884
0.021791 0.024348
0.021767 0.023281
0.021742 0.023283
0.021730 0.022057
0.021659 0.030963
0.021653 0.029927
0.021647 0.024107
0.021637 0.022079
0.021603 0.028337
0.021597 0.025764
0.021549 0.022020
0.021548 0.029888
0.021542 0.025947
0.021534 0.024494
0.021530 0.021982
0.021493 0.021675
0.021470 0.024879
0.021451 0.024726
0.021449 0.023944
0.021423 0.026354
0.021401 0.027407
0.021388 0.023318
0.021384 0.023034
0.021369 0.022560
0.021369 0.031026
0.021338 0.030019
0.021326 0.021484
0.021273 0.024453
0.021198 0.023891
0.021189 0.033858
0.021163 0.021340
0.021140 0.024373
0.021118 0.026317
0.021109 0.024730
0.021105 0.026420
0.021090 0.025888
0.021052 0.021661
0.021047 0.027002
0.020975 0.023049
0.020969 0.026273
0.020960 0.021276
0.020930 0.039591
0.020915 0.024018
0.020903 0.027120
0.020903 0.031013
0.020891 0.029362
0.020855 0.021672
0.020796 0.030080
0.020792 0.028459
0.020773 0.022642
0.020755 0.022748
0.020738 0.022800
0.020689 0.020993
0.020684 0.030234
0.020655 0.024320
0.020647 0.036433
0.020641 0.029184
0.020622 0.031594
0.020617 0.032943
0.020597 0.020967
0.020592 0.022952
0.020592 0.022326
0.020581 0.020875
0.020577 0.022940
0.020575 0.024945
0.020550 0.023264
0.020548 0.047668
0.020541 0.021560
0.020531 0.034716
0.020420 0.038517
0.020413 0.021302
0.020394 0.056179
0.020377 0.030624
0.020360 0.022790
0.020335 0.043121
0.020315 0.030167
0.020294 0.022452
0.020254 0.027251
0.020213 0.025951
0.020170 0.021324
0.020119 0.023428
0.020115 0.025155
0.020097 0.036119
0.020074 0.020687
0.020033 0.021336
0.019991 0.031182
0.019958 0.031436
0.019953 0.020567
0.019938 0.024525
0.019932 0.031434
0.019886 0.021972
0.019870 0.020308
0.019822 0.026051
0.019815 0.020081
0.019810 0.019958
0.019766 0.019974
0.019757 0.021696
0.019723 0.023536
0.019717 0.024489
0.019716 0.035935
0.019712 0.020502
0.019708 0.032109
0.019685 0.030278
0.019685 0.022817
0.019665 0.021712
0.019636 0.020564
0.019611 0.022084
0.019610 0.033963
0.019590 0.019731
0.019537 0.028945
0.019500 0.020190
0.019498 0.020930
0.019497 0.019840
0.019409 0.019499
0.019373 0.024478
0.019342 0.019744
0.019327 0.022400
0.019318 0.020284
0.019300 0.020447
0.019281 0.031027
0.019261 0.024659
0.019193 0.024122
0.019172 0.019868
0.019144 0.020425
0.019106 0.022738
0.019094 0.036922
0.019046 0.024743
0.019028 0.022890
0.019026 0.036419
0.019010 0.025287
0.019002 0.019760
0.018995 0.019627
0.018986 0.019045
0.018985 0.026139
0.018949 0.021281
0.018928 0.025642
0.018915 0.026269
0.018866 0.019937
0.018866 0.021670
0.018817 0.019539
0.018803 0.020099
0.018750 0.020046
0.018750 0.026622
0.018736 0.018794
0.018706 0.020641
0.018627 0.022653
0.018626 0.027768
0.018612 0.023950
0.018543 0.018553
0.018533 0.019152
0.018529 0.036971
0.018485 0.019196
0.018474 0.018762
0.018463 0.019501
0.018457 0.024974
0.018430 0.026765
0.018393 0.023711
0.018376 0.028903
0.018366 0.018574
0.018355 0.022363
0.018353 0.018982
0.018352 0.018682
0.018345 0.018647
0.018344 0.019539
0.018339 0.018923
0.018272 0.018612
0.018270 0.018710
0.018270 0.019595
0.018263 0.021820
0.018197 0.032324
0.018196 0.022501
0.018192 0.023602
0.018184 0.023184
0.018166 0.018549
0.018151 0.018282
0.018147 0.044392
0.018136 0.018282
0.018121 0.019011
0.018112 0.020520
0.018111 0.021624
0.018108 0.020831
0.018095 0.018308
0.018089 0.022378
0.018086 0.018365
0.018086 0.019382
0.018074 0.019694
0.018058 0.019047
0.018031 0.026286
0.018023 0.027049
0.017991 0.026090
0.017987 0.023990
0.017972 0.021176
0.017957 0.034553
0.017943 0.025414
0.017940 0.020207
0.017929 0.018321
0.017920 0.019169
0.017901 0.028842
0.017886 0.028635
0.017864 0.021769
0.017846 0.020306
0.017838 0.029705
0.017832 0.029796
0.017796 0.021902
0.017776 0.025428
0.017757 0.027589
0.017741 0.019644
0.017731 0.036020
0.017698 0.024871
0.017678 0.024656
0.017669 0.027589
0.017654 0.029121
0.017628 0.018254
0.017614 0.019022
0.017573 0.029613
0.017573 0.021130
0.017526 0.030513
0.017517 0.020978
0.017488 0.020273
0.017471 0.018428
0.017445 0.018200
0.017438 0.017509
0.017437 0.018335
0.017409 0.019579
0.017368 0.021059
0.017342 0.018656
0.017336 0.020233
0.017324 0.019737
0.017298 0.017721
0.017291 0.017729
0.017280 0.019069
0.017274 0.018093
0.017253 0.017360
0.017232 0.018323
0.017231 0.018116
0.017227 0.017578
0.017223 0.019286
0.017220 0.018472
0.017197 0.018932
0.017186 0.018825
0.017179 0.017186
0.017171 0.019237
0.017165 0.018085
0.017163 0.021055
0.017162 0.019787
0.017121 0.018098
0.017117 0.022413
0.017110 0.017925
0.017089 0.026038
0.017089 0.023675
0.017089 0.018407
0.017068 0.019631
0.017049 0.022018
0.017047 0.039374
0.017036 0.018426
0.017020 0.017773
0.017019 0.017760
0.017009 0.024642
0.016967 0.017435
0.016958 0.018569
0.016955 0.017438
0.016952 0.020928
0.016936 0.038917
0.016921 0.025950
0.016911 0.018446
0.016907 0.023948
0.016907 0.018682
0.016903 0.029545
0.016883 0.018969
0.016803 0.017574
0.016800 0.024356
0.016800 0.020928
0.016797 0.027153
0.016751 0.026655
0.016725 0.020086
0.016714 0.025006
0.016713 0.022343
0.016696 0.017003
0.016680 0.022762
0.016669 0.019646
0.016616 0.019238
0.016595 0.030712
0.016588 0.017832
0.016582 0.018726
0.016582 0.020075
0.016576 0.023634
0.016570 0.016985
0.016565 0.023553
0.016563 0.017599
0.016561 0.023311
0.016523 0.019152
0.016510 0.018213
0.016464 0.018353
0.016451 0.018666
0.016449 0.021525
0.016448 0.026976
0.016445 0.029397
0.016415 0.020289
0.016397 0.018170
0.016393 0.022861
0.016393 0.019759
0.016377 0.029216
0.016370 0.019216
0.016363 0.020461
0.016355 0.019947
0.016343 0.035543
0.016336 0.025807
0.016331 0.026524
0.016311 0.017538
0.016310 0.020548
0.016280 0.021840
0.016270 0.018652
0.016251 0.016446
0.016249 0.016413
0.016228 0.023707
0.016225 0.026154
0.016210 0.017956
0.016183 0.017535
0.016182 0.020710
0.016181 0.016592
0.016176 0.017233
0.016166 0.016212
0.016156 0.024535
0.016155 0.017972
0.016153 0.016191
0.016151 0.020760
0.016143 0.018225
0.016128 0.020577
0.016102 0.020944
0.016101 0.018080
0.016090 0.017891
0.016061 0.021004
0.016052 0.018882
0.016050 0.018172
0.016034 0.016206
0.016030 0.029280
0.016030 0.020470
0.016025 0.035416
0.016009 0.018829
0.015975 0.019250
0.015958 0.023462
0.015954 0.016359
0.015949 0.016121
0.015944 0.017999
0.015902 0.020639
0.015897 0.016699
0.015896 0.032782
0.015871 0.018645
0.015871 0.020381
0.015864 0.017954
0.015858 0.021320
0.015855 0.019640
0.015844 0.019795
0.015840 0.029224
0.015839 0.017217
0.015835 0.016459
0.015830 0.017045
0.015808 0.018822
0.015807 0.015904
0.015804 0.017381
0.015793 0.016533
0.015769 0.016247
0.015769 0.021004
0.015760 0.023130
0.015757 0.024718
0.015747 0.025910
0.015731 0.023154
0.015727 0.027976
0.015719 0.019784
0.015693 0.025061
0.015676 0.018242
0.015671 0.016803
0.015667 0.018411
0.015659 0.016721
0.015640 0.030627
0.015633 0.020996
0.015624 0.018806
0.015601 0.015937
0.015568 0.025321
0.015561 0.018164
0.015558 0.015765
0.015555 0.018090
0.015549 0.018523
0.015548 0.016062
0.015537 0.015698
0.015504 0.016469
0.015503 0.019576
0.015500 0.016353
0.015492 0.019959
0.015479 0.017674
0.015470 0.017823
0.015468 0.026486
0.015423 0.018394
0.015421 0.016611
0.015420 0.019174
0.015420 0.026293
0.015419 0.018874
0.015412 0.015531
0.015355 0.017282
0.015338 0.016656
0.015296 0.024882
0.015212 0.017867
0.015202 0.016359
0.015202 0.016654
0.015192 0.018208
0.015189 0.015516
0.015181 0.018406
0.015131 0.021051
0.015119 0.019499
0.015118 0.015186
0.015097 0.016461
0.015094 0.015807
0.015089 0.015320
0.015086 0.019977
0.015078 0.020601
0.015065 0.015691
0.015062 0.018995
0.015033 0.015750
0.014975 0.015990
0.014958 0.019613
0.014948 0.015501
0.014933 0.016715
0.014932 0.019128
0.014926 0.019398
0.014919 0.018699
0.014905 0.024622
0.014903 0.015330
0.014883 0.016807
0.014855 0.015956
0.014846 0.015995
0.014839 0.021036
0.014834 0.015679
0.014821 0.016226
0.014814 0.017038
0.014806 0.016395
0.014799 0.015493
0.014794 0.015294
0.014790 0.014803
0.014789 0.015989
0.014785 0.014956
0.014780 0.018100
0.014768 0.014933
0.014755 0.018306
0.014747 0.014922
0.014735 0.015257
0.014728 0.021181
0.014722 0.023410
0.014715 0.016831
0.014702 0.015946
0.014697 0.017671
0.014697 0.016648
0.014696 0.015441
0.014694 0.014909
0.014689 0.017285
0.014689 0.015684
0.014674 0.017583
0.014670 0.015249
0.014659 0.021010
0.014654 0.021071
0.014650 0.017180
0.014638 0.015047
0.014634 0.018582
0.014633 0.016312
0.014613 0.014620
0.014612 0.017956
0.014584 0.016719
0.014583 0.019932
0.014579 0.015044
0.014579 0.028656
0.014577 0.020064
0.014574 0.019043
0.014572 0.016460
0.014566 0.024222
0.014551 0.018672
0.014527 0.017682
0.014514 0.015395
0.014512 0.014683
0.014508 0.015322
0.014478 0.015591
0.014449 0.028251
0.014434 0.015186
0.014409 0.023163
0.014396 0.016153
0.014390 0.015838
0.014383 0.014559
0.014380 0.014628
0.014376 0.019389
0.014354 0.025848
0.014343 0.014781
0.014338 0.015624
0.014332 0.018175
0.014329 0.015671
0.014327 0.022850
0.014303 0.014528
0.014298 0.015296
0.014288 0.015238
0.014286 0.014569
0.014281 0.014861
0.014280 0.018542
0.014269 0.014682
0.014247 0.014843
0.014223 0.014904
0.014216 0.014235
0.014206 0.015878
0.014203 0.016304
0.014198 0.020499
0.014186 0.015745
0.014184 0.014592
0.014171 0.014312
0.014170 0.019902
0.014158 0.017082
0.014154 0.014379
0.014147 0.028051
0.014132 0.014316
0.014119 0.017830
0.014105 0.017752
0.014103 0.016736
0.014097 0.014536
0.014094 0.014213
0.014090 0.015480
0.014079 0.014954
0.014067 0.014905
0.014063 0.022801
0.014061 0.014766
0.014054 0.025680
0.014051 0.015330
0.014040 0.017168
0.014021 0.019465
0.014009 0.016347
0.014008 0.017211
0.014008 0.015034
0.013994 0.014065
0.013990 0.028219
0.013988 0.019897
0.013972 0.025936
0.013904 0.017477
0.013901 0.016481
0.013891 0.022362
0.013891 0.016557
0.013881 0.017627
0.013862 0.019274
0.013859 0.014288
0.013832 0.018830
0.013832 0.014799
0.013831 0.016653
0.013827 0.015975
0.013800 0.018903
0.013788 0.015412
0.013784 0.021223
0.013755 0.014848
0.013738 0.014801
0.013733 0.015940
0.013731 0.017747
0.013725 0.015957
0.013720 0.020845
0.013712 0.014065
0.013685 0.017709
0.013661 0.014138
0.013651 0.014247
0.013631 0.018750
0.013628 0.014919
0.013620 0.016582
0.013620 0.015236
0.013614 0.017079
0.013594 0.019323
0.013588 0.018470
0.013578 0.021595
0.013574 0.015327
0.013562 0.020571
0.013555 0.020615
0.013551 0.016671
0.013541 0.024067
0.013538 0.014505
0.013537 0.019126
0.013524 0.016907
0.013510 0.014919
0.013505 0.017529
0.013494 0.017102
0.013492 0.013955
0.013475 0.014154
0.013474 0.021959
0.013471 0.014919
0.013468 0.016177
0.013443 0.014822
0.013431 0.014167
0.013426 0.021434
0.013423 0.016077
0.013399 0.021309
0.013397 0.018550
0.013388 0.015525
0.013382 0.016147
0.013358 0.016471
0.013352 0.017081
0.013349 0.020546
0.013347 0.022849
0.013346 0.016322
0.013340 0.015083
0.013319 0.021018
0.013318 0.013625
0.013305 0.016424
0.013300 0.016375
0.013299 0.017771
0.013266 0.018162
0.013245 0.013288
0.013237 0.013343
0.013235 0.016311
0.013222 0.014707
0.013220 0.014367
0.013219 0.013904
0.013199 0.018393
0.013184 0.015068
0.013167 0.013172
0.013144 0.013320
0.013144 0.014080
0.013132 0.022734
0.013109 0.024703
0.013106 0.020094
0.013096 0.017769
0.013095 0.014075
0.013093 0.022045
0.013093 0.013964
0.013092 0.013862
0.013091 0.014963
0.013088 0.014079
0.013084 0.016593
0.013081 0.021056
0.013074 0.015292
0.013068 0.023304
0.013061 0.014494
0.013055 0.019628
0.013052 0.013475
0.013043 0.020457
0.013035 0.013131
0.013029 0.019067
0.013026 0.017477
0.013023 0.015295
0.013022 0.016200
0.013020 0.013789
0.013019 0.014083
0.013018 0.024625
0.013017 0.013363
0.012996 0.014895
0.012995 0.015104
0.012992 0.013344
0.012990 0.016997
0.012986 0.013720
0.012986 0.016818
0.012984 0.015263
0.012981 0.023451
0.012975 0.013954
0.012974 0.027031
0.012974 0.014403
0.012968 0.016979
0.012963 0.013112
0.012962 0.015944
0.012962 0.015997
0.012961 0.013226
0.012960 0.015935
0.012959 0.013279
0.012952 0.015069
0.012937 0.015856
0.012936 0.015043
0.012917 0.013068
0.012908 0.020404
0.012908 0.017126
0.012893 0.014282
0.012892 0.024789
0.012888 0.014276
0.012888 0.019941
0.012884 0.015154
0.012879 0.014651
0.012861 0.016645
0.012840 0.016930
0.012839 0.017001
0.012839 0.016613
0.012834 0.027135
0.012815 0.016570
0.012812 0.013077
0.012802 0.013055
0.012795 0.016639
0.012789 0.019602
0.012765 0.014674
0.012760 0.013845
0.012741 0.017526
0.012726 0.015131
0.012721 0.016487
0.012719 0.013172
0.012704 0.013597
0.012700 0.018127
0.012685 0.013049
0.012684 0.013272
0.012680 0.014652
0.012675 0.015594
0.012651 0.013677
0.012644 0.015319
0.012640 0.014582
0.012616 0.021317
0.012616 0.013735
0.012614 0.012705
0.012609 0.018095
0.012601 0.023937
0.012595 0.013578
0.012568 0.013035
0.012554 0.015271
0.012542 0.013178
0.012541 0.014178
0.012516 0.018263
0.012512 0.016628
0.012483 0.020792
0.012482 0.012888
0.012474 0.014236
0.012471 0.013023
0.012443 0.012895
0.012440 0.017002
0.012436 0.012446
0.012431 0.022519
0.012395 0.013185
0.012370 0.019652
0.012357 0.013968
0.012352 0.012875
0.012344 0.014870
0.012332 0.016275
0.012321 0.015185
0.012316 0.013997
0.012312 0.012639
0.012308 0.014144
0.012305 0.012453
0.012296 0.023842
0.012285 0.013395
0.012283 0.014806
0.012266 0.014143
0.012246 0.012720
0.012230 0.013026
0.012223 0.018151
0.012223 0.013081
0.012217 0.012754
0.012216 0.018302
0.012194 0.014288
0.012160 0.016860
0.012142 0.012706
0.012140 0.012448
0.012137 0.014693
0.012129 0.015306
0.012101 0.013267
0.012081 0.014287
0.012079 0.013139
0.012076 0.012546
0.012076 0.018091
0.012067 0.013374
0.012063 0.016486
0.012033 0.012278
0.012030 0.018301
0.012016 0.021157
0.011991 0.013175
0.011989 0.013000
0.011988 0.013839
0.011984 0.013538
0.011975 0.012232
0.011968 0.012075
0.011962 0.015460
0.011961 0.013009
0.011959 0.012311
0.011954 0.015939
0.011951 0.013846
0.011947 0.015846
0.011936 0.012789
0.011932 0.014522
0.011928 0.013830
0.011926 0.013950
0.011910 0.012009
0.011904 0.018734
0.011894 0.018251
0.011890 0.021167
0.011877 0.013355
0.011871 0.023732
0.011865 0.014195
0.011857 0.012402
0.011855 0.012279
0.011850 0.016050
0.011850 0.014784
0.011848 0.015278
0.011848 0.013565
0.011839 0.012312
0.011837 0.021496
0.011834 0.012904
0.011819 0.014642
0.011811 0.015760
0.011809 0.017198
0.011807 0.015973
0.011797 0.014722
0.011781 0.015258
0.011778 0.012968
0.011773 0.017066
0.011765 0.023844
0.011759 0.015135
0.011753 0.021730
0.011719 0.015645
0.011698 0.012156
0.011689 0.019688
0.011673 0.012524
0.011668 0.014095
0.011650 0.014165
0.011639 0.013043
0.011627 0.013183
0.011627 0.015814
0.011625 0.013836
0.011614 0.018320
0.011609 0.011687
0.011607 0.013333
0.011595 0.011666
0.011587 0.014397
0.011586 0.014987
0.011578 0.012065
0.011573 0.018090
0.011571 0.015127
0.011567 0.013477
0.011565 0.015093
0.011551 0.014602
0.011546 0.020350
0.011545 0.011571
0.011537 0.015238
0.011535 0.014750
0.011527 0.013186
0.011524 0.016947
0.011517 0.015695
0.011494 0.018650
0.011491 0.018465
0.011485 0.012376
0.011468 0.011524
0.011466 0.011504
0.011466 0.017600
0.011462 0.011721
0.011461 0.011545
0.011458 0.021006
0.011441 0.011816
0.011438 0.012492
0.011436 0.012452
0.011423 0.012544
0.011415 0.013081
0.011399 0.012515
0.011398 0.012574
0.011398 0.011978
0.011395 0.022175
0.011392 0.012013
0.011346 0.011465
0.011345 0.014515
0.011322 0.011810
0.011294 0.020652
0.011288 0.013775
0.011284 0.012303
0.011282 0.015805
0.011273 0.011970
0.011271 0.011840
0.011247 0.011958
0.011234 0.011401
0.011227 0.011389
0.011207 0.014564
0.011206 0.011248
0.011199 0.022338
0.011187 0.018672
0.011182 0.013717
0.011175 0.011864
0.011163 0.014774
0.011145 0.012800
0.011145 0.011535
0.011134 0.012452
0.011128 0.012874
0.011124 0.011363
0.011118 0.017424
0.011108 0.019202
0.011094 0.012917
0.011084 0.011390
0.011083 0.011940
0.011075 0.017411
0.011055 0.012239
0.011053 0.012479
0.011027 0.012419
0.011017 0.011270
0.011016 0.011467
0.011015 0.011811
0.011015 0.011992
0.011012 0.019741
0.011011 0.019575
0.011010 0.013798
0.010974 0.012536
0.010974 0.011348
0.010956 0.011047
0.010930 0.018429
0.010921 0.013605
0.010919 0.014505
0.010911 0.011197
0.010909 0.013180
0.010898 0.011032
0.010895 0.011270
0.010894 0.017366
0.010889 0.012595
0.010873 0.016040
0.010871 0.011234
0.010870 0.012109
0.010855 0.020043
0.010847 0.011133
0.010840 0.012169
0.010834 0.011403
0.010811 0.011319
0.010806 0.012298
0.010805 0.012357
0.010797 0.011913
0.010797 0.012962
0.010790 0.011588
0.010788 0.013304
0.010781 0.011126
0.010773 0.014428
0.010765 0.013790
0.010764 0.011964
0.010758 0.011482
0.010740 0.011301
0.010723 0.016785
0.010723 0.014831
0.010722 0.010793
0.010722 0.012598
0.010708 0.011572
0.010691 0.020114
0.010685 0.010765
0.010672 0.011680
0.010661 0.013298
0.010648 0.011050
0.010646 0.016611
0.010646 0.011351
0.010643 0.014128
0.010643 0.015301
0.010636 0.013949
0.010631 0.012130
0.010609 0.013857
0.010608 0.023957
0.010601 0.013170
0.010600 0.012821
0.010584 0.011169
0.010582 0.011006
0.010573 0.010602
0.010570 0.012529
0.010564 0.011306
0.010559 0.014218
0.010554 0.013708
0.010553 0.011634
0.010546 0.010659
0.010530 0.011179
0.010523 0.013881
0.010507 0.010648
0.010488 0.010936
0.010483 0.014171
0.010482 0.011548
0.010470 0.018571
0.010464 0.011734
0.010459 0.015793
0.010443 0.010730
0.010440 0.011680
0.010436 0.012085
0.010422 0.010852
0.010417 0.012020
0.010416 0.010640
0.010412 0.011060
0.010410 0.010572
0.010407 0.013849
0.010405 0.012269
0.010400 0.013047
0.010391 0.020993
0.010376 0.011868
0.010366 0.017985
0.010364 0.013631
0.010359 0.012346
0.010351 0.011044
0.010349 0.012061
0.010349 0.015229
0.010346 0.013801
0.010335 0.012755
0.010329 0.013052
0.010305 0.010572
0.010291 0.014462
0.010281 0.011524
0.010277 0.012944
0.010268 0.011913
0.010259 0.011202
0.010253 0.016046
0.010253 0.010993
0.010252 0.014035
0.010250 0.011696
0.010248 0.018802
0.010243 0.014943
0.010242 0.010471
0.010207 0.010761
0.010206 0.011316
0.010204 0.014254
0.010203 0.011430
0.010202 0.011779
0.010189 0.013579
0.010188 0.011626
0.010171 0.012511
0.010170 0.011226
0.010168 0.012278
0.010163 0.010810
0.010159 0.011142
0.010154 0.018049
0.010152 0.010566
0.010144 0.011074
0.010137 0.011391
0.010131 0.013470
0.010123 0.010284
0.010122 0.010299
0.010116 0.010831
0.010115 0.017748
0.010112 0.010716
0.010101 0.013228
0.010100 0.010783
0.010098 0.019793
0.010093 0.010208
0.010068 0.010558
0.010056 0.012002
0.010055 0.010973
0.010039 0.014024
0.010035 0.012716
0.010028 0.010149
0.010028 0.010344
0.010010 0.011498
0.010009 0.011922
0.010000 0.012159
0.009994 0.010063
0.009989 0.010838
0.009966 0.010885
0.009963 0.013529
0.009962 0.010582
0.009958 0.011051
0.009948 0.010278
0.009942 0.012072
0.009928 0.011630
0.009916 0.014434
0.009903 0.010311
0.009896 0.011546
0.009894 0.010667
0.009893 0.014477
0.009885 0.010185
0.009881 0.010642
0.009880 0.010076
0.009868 0.015042
0.009846 0.015203
0.009831 0.016536
0.009827 0.010056
0.009818 0.009911
0.009818 0.010482
0.009816 0.010294
0.009802 0.010257
0.009801 0.009871
0.009782 0.020099
0.009780 0.010335
0.009777 0.012460
0.009774 0.010461
0.009772 0.011516
0.009765 0.010891
0.009764 0.023252
0.009762 0.010162
0.009755 0.010590
0.009752 0.010232
0.009751 0.011352
0.009751 0.013267
0.009748 0.015819
0.009746 0.010260
0.009736 0.022761
0.009727 0.015609
0.009707 0.011554
0.009707 0.009874
0.009687 0.009734
0.009679 0.012742
0.009675 0.014187
0.009675 0.009715
0.009663 0.010938
0.009662 0.010442
0.009655 0.012732
0.009654 0.009954
0.009648 0.017191
0.009646 0.009928
0.009645 0.010809
0.009630 0.011053
0.009622 0.010319
0.009611 0.009793
0.009610 0.016262
0.009607 0.010033
0.009589 0.011363
0.009573 0.010758
0.009567 0.011476
0.009563 0.009683
0.009552 0.009880
0.009548 0.012936
0.009542 0.010078
0.009540 0.009835
0.009536 0.009603
0.009533 0.022521
0.009521 0.009599
0.009518 0.010745
0.009507 0.013087
0.009504 0.012125
0.009465 0.009636
0.009459 0.012814
0.009445 0.010968
0.009444 0.011349
0.009440 0.011465
0.009430 0.011125
0.009429 0.009564
0.009426 0.011179
0.009422 0.013441
0.009422 0.011528
0.009419 0.009968
0.009416 0.015002
0.009415 0.013572
0.009413 0.014447
0.009413 0.013358
0.009409 0.011586
0.009407 0.009512
0.009406 0.009935
0.009401 0.013085
0.009397 0.009499
0.009390 0.009869
0.009387 0.009578
0.009382 0.011112
0.009374 0.012252
0.009355 0.010473
0.009354 0.009787
0.009353 0.009431
0.009342 0.011401
0.009327 0.010859
0.009326 0.009604
0.009326 0.009926
0.009321 0.013332
0.009321 0.013693
0.009313 0.009934
0.009293 0.010213
0.009290 0.015237
0.009284 0.010781
0.009284 0.013263
0.009281 0.011704
0.009265 0.012488
0.009260 0.013837
0.009254 0.009292
0.009227 0.011744
0.009227 0.010255
0.009213 0.009278
0.009209 0.013389
0.009202 0.010383
0.009201 0.011693
0.009201 0.011747
0.009197 0.010739
0.009186 0.011016
0.009181 0.009618
0.009154 0.009804
0.009143 0.010556
0.009141 0.011384
0.009140 0.009737
0.009138 0.009522
0.009137 0.011574
0.009127 0.009596
0.009125 0.010043
0.009125 0.009468
0.009116 0.010799
0.009115 0.009638
0.009097 0.009823
0.009095 0.010403
0.009089 0.011632
0.009082 0.016491
0.009079 0.009374
0.009078 0.010739
0.009078 0.013006
0.009074 0.010271
0.009070 0.011975
0.009065 0.009558
0.009048 0.009537
0.009046 0.012804
0.009041 0.009761
0.009034 0.010207
0.009034 0.010649
0.009020 0.009398
0.009019 0.013697
0.009018 0.009928
0.009012 0.010765
0.009004 0.009033
0.008998 0.009455
0.008992 0.010034
0.008992 0.010128
0.008987 0.009600
0.008984 0.009863
0.008976 0.012321
0.008971 0.010902
0.008966 0.010409
0.008964 0.016260
0.008956 0.009219
0.008953 0.009373
0.008942 0.012182
0.008933 0.011198
0.008932 0.012583
0.008927 0.011111
0.008924 0.009965
0.008915 0.010412
0.008912 0.010774
0.008909 0.010827
0.008906 0.013120
0.008898 0.009186
0.008887 0.012465
0.008882 0.009389
0.008882 0.011702
0.008881 0.009121
0.008880 0.009128
0.008865 0.010563
0.008863 0.010038
0.008863 0.011127
0.008852 0.009163
0.008843 0.009259
0.008828 0.011074
0.008812 0.012831
0.008809 0.009810
0.008806 0.018050
0.008797 0.010416
0.008776 0.011754
0.008770 0.009703
0.008757 0.013558
0.008746 0.008993
0.008744 0.015370
0.008741 0.008980
0.008737 0.009235
0.008733 0.009603
0.008729 0.013578
0.008727 0.011302
0.008727 0.009401
0.008726 0.011071
0.008719 0.010537
0.008718 0.013005
0.008704 0.009259
0.008699 0.009689
0.008685 0.009460
0.008665 0.012117
0.008654 0.011300
0.008635 0.015518
0.008632 0.009459
0.008632 0.008934
0.008626 0.008689
0.008622 0.012935
0.008615 0.009079
0.008610 0.008908
0.008595 0.009063
0.008590 0.008834
0.008583 0.010676
0.008582 0.009747
0.008580 0.010289
0.008573 0.010347
0.008569 0.014460
0.008569 0.010207
0.008562 0.010165
0.008562 0.009020
0.008560 0.009397
0.008551 0.008940
0.008545 0.010731
0.008545 0.019510
0.008543 0.013573
0.008541 0.008908
0.008526 0.009367
0.008515 0.011362
0.008513 0.009076
0.008513 0.008880
0.008504 0.008985
0.008488 0.013837
0.008473 0.011276
0.008462 0.008756
0.008412 0.008965
0.008407 0.008421
0.008403 0.013327
0.008402 0.009448
0.008386 0.009775
0.008383 0.008738
0.008339 0.009201
0.008335 0.009880
0.008335 0.010510
0.008333 0.008413
0.008317 0.011434
0.008315 0.008841
0.008314 0.009361
0.008309 0.008317
0.008294 0.009509
0.008278 0.009708
0.008277 0.012707
0.008266 0.008496
0.008262 0.008309
0.008249 0.009997
0.008244 0.008369
0.008243 0.009701
0.008233 0.009888
0.008233 0.008299
0.008229 0.008944
0.008226 0.009621
0.008192 0.008852
0.008191 0.009558
0.008185 0.008373
0.008161 0.009162
0.008156 0.009482
0.008149 0.008230
0.008142 0.008764
0.008137 0.008383
0.008116 0.010055
0.008115 0.011595
0.008113 0.010935
0.008113 0.008214
0.008104 0.011014
0.008099 0.011980
0.008092 0.010390
0.008083 0.009382
0.008081 0.008622
0.008076 0.017328
0.008046 0.008084
0.008042 0.010161
0.008032 0.009024
0.008024 0.009465
0.008016 0.008064
0.008014 0.008082
0.008011 0.008110
0.007999 0.013462
0.007996 0.014013
0.007988 0.008362
0.007983 0.009809
0.007976 0.010232
0.007974 0.010051
0.007951 0.009152
0.007950 0.010072
0.007949 0.009271
0.007943 0.011852
0.007939 0.007993
0.007932 0.009225
0.007916 0.009487
0.007914 0.010541
0.007908 0.008239
0.007903 0.014911
0.007902 0.008103
0.007901 0.012728
0.007897 0.013565
0.007891 0.008816
0.007883 0.010424
0.007881 0.008159
0.007880 0.014253
0.007879 0.009009
0.007868 0.008027
0.007852 0.014420
0.007849 0.010351
0.007846 0.008760
0.007845 0.010734
0.007842 0.009795
0.007832 0.008665
0.007832 0.008549
0.007831 0.009224
0.007830 0.007893
0.007817 0.010736
0.007813 0.008493
0.007806 0.008575
0.007793 0.008782
0.007778 0.009113
0.007767 0.007868
0.007766 0.008499
0.007755 0.007923
0.007752 0.008777
0.007725 0.009731
0.007718 0.009168
0.007718 0.009796
0.007712 0.010356
0.007706 0.007898
0.007705 0.014701
0.007701 0.007778
0.007691 0.010803
0.007688 0.007948
0.007686 0.008238
0.007668 0.008445
0.007665 0.008814
0.007664 0.012177
0.007662 0.011927
0.007662 0.008146
0.007653 0.008686
0.007652 0.009927
0.007652 0.010399
0.007652 0.012238
0.007645 0.009567
0.007642 0.011616
0.007635 0.008956
0.007632 0.008753
0.007630 0.013991
0.007629 0.009366
0.007623 0.008723
0.007623 0.007988
0.007622 0.007662
0.007613 0.009777
0.007610 0.008477
0.007607 0.008917
0.007607 0.007938
0.007604 0.008629
0.007587 0.008115
0.007587 0.007688
0.007581 0.010232
0.007581 0.007684
0.007579 0.010017
0.007577 0.007669
0.007575 0.008695
0.007568 0.012768
0.007560 0.012190
0.007560 0.008208
0.007558 0.012423
0.007557 0.008922
0.007553 0.009724
0.007550 0.012693
0.007544 0.008382
0.007540 0.015001
0.007538 0.007761
0.007532 0.007655
0.007529 0.015016
0.007523 0.010034
0.007517 0.009101
0.007516 0.008221
0.007507 0.009603
0.007506 0.007630
0.007506 0.008732
0.007505 0.010323
0.007493 0.011984
0.007485 0.009522
0.007480 0.007853
0.007479 0.008739
0.007477 0.007872
0.007476 0.013556
0.007474 0.009759
0.007466 0.010664
0.007465 0.007678
0.007464 0.010357
0.007448 0.010655
0.007436 0.007860
0.007434 0.011978
0.007429 0.008087
0.007427 0.010883
0.007423 0.012589
0.007414 0.008076
0.007409 0.008383
0.007404 0.012728
0.007400 0.008266
0.007398 0.009558
0.007397 0.007606
0.007391 0.009879
0.007391 0.008756
0.007388 0.010061
0.007387 0.010054
0.007384 0.007614
0.007383 0.007682
0.007382 0.008267
0.007380 0.009448
0.007377 0.010942
0.007361 0.007526
0.007361 0.010195
0.007359 0.008295
0.007358 0.015052
0.007356 0.010068
0.007340 0.008263
0.007336 0.009126
0.007319 0.010095
0.007317 0.007914
0.007309 0.008888
0.007307 0.007896
0.007305 0.008389
0.007289 0.007640
0.007283 0.015101
0.007278 0.009787
0.007275 0.009311
0.007275 0.007590
0.007261 0.007872
0.007246 0.008666
0.007244 0.007425
0.007238 0.007634
0.007236 0.009228
0.007233 0.007356
0.007226 0.007296
0.007224 0.007642
0.007224 0.007393
0.007216 0.016863
0.007212 0.007369
0.007202 0.013096
0.007194 0.009191
0.007157 0.010988
0.007155 0.007529
0.007154 0.012206
0.007153 0.008362
0.007152 0.007394
0.007152 0.008668
0.007142 0.012722
0.007142 0.009251
0.007136 0.007395
0.007127 0.008846
0.007126 0.008482
0.007126 0.007835
0.007125 0.008340
0.007119 0.009131
0.007115 0.010379
0.007109 0.012057
0.007103 0.009317
0.007103 0.012222
0.007099 0.013482
0.007095 0.008512
0.007089 0.009890
0.007084 0.012474
0.007081 0.008553
0.007071 0.007237
0.007068 0.009882
0.007067 0.013633
0.007062 0.013887
0.007055 0.009235
0.007047 0.008141
0.007043 0.007162
0.007040 0.007807
0.007036 0.009211
0.007031 0.007271
0.007024 0.007225
0.007023 0.008304
0.007017 0.008658
0.007014 0.007256
0.007011 0.009218
0.007005 0.007303
0.006995 0.008794
0.006995 0.008387
0.006995 0.012291
0.006989 0.008826
0.006987 0.007018
0.006985 0.007268
0.006970 0.013436
0.006963 0.007479
0.006962 0.007696
0.006961 0.007378
0.006960 0.010989
0.006954 0.008567
0.006945 0.007133
0.006937 0.008244
0.006931 0.007210
0.006929 0.011332
0.006925 0.013743
0.006924 0.009105
0.006918 0.007937
0.006918 0.008758
0.006912 0.009039
0.006894 0.007456
0.006893 0.006972
0.006884 0.009904
0.006883 0.008629
0.006870 0.009078
0.006870 0.008535
0.006857 0.012251
0.006855 0.011117
0.006846 0.009584
0.006846 0.007266
0.006837 0.006981
0.006832 0.007967
0.006829 0.007837
0.006827 0.007309
0.006823 0.007824
0.006816 0.011824
0.006812 0.007793
0.006811 0.007947
0.006807 0.008852
0.006804 0.010072
0.006802 0.007612
0.006780 0.008102
0.006779 0.008011
0.006779 0.007350
0.006772 0.008746
0.006771 0.010546
0.006770 0.011264
0.006767 0.006939
0.006766 0.011994
0.006763 0.007261
0.006757 0.010318
0.006754 0.007304
0.006749 0.007766
0.006745 0.012111
0.006732 0.008697
0.006729 0.007295
0.006729 0.007854
0.006724 0.009366
0.006723 0.012050
0.006719 0.014104
0.006713 0.007151
0.006710 0.009076
0.006709 0.007651
0.006699 0.007161
0.006698 0.008907
0.006692 0.007027
0.006692 0.008812
0.006681 0.009406
0.006678 0.008818
0.006673 0.006744
0.006669 0.007038
0.006661 0.008708
0.006657 0.007421
0.006654 0.011111
0.006652 0.009365
0.006652 0.009070
0.006642 0.008079
0.006639 0.007041
0.006638 0.006776
0.006633 0.008054
0.006631 0.007524
0.006623 0.009350
0.006623 0.009239
0.006622 0.009094
0.006619 0.008219
0.006616 0.007135
0.006607 0.006854
0.006606 0.008484
0.006605 0.007353
0.006599 0.007723
0.006594 0.008157
0.006592 0.006945
0.006591 0.013126
0.006585 0.006854
0.006575 0.007073
0.006574 0.012572
0.006565 0.010220
0.006561 0.007203
0.006557 0.007915
0.006554 0.010434
0.006552 0.006691
0.006530 0.006899
0.006528 0.006836
0.006522 0.006930
0.006521 0.010646
0.006520 0.007970
0.006520 0.006583
0.006517 0.006847
0.006507 0.010834
0.006503 0.007408
0.006502 0.009650
0.006501 0.007780
0.006499 0.006707
0.006498 0.007928
0.006496 0.006750
0.006493 0.008040
0.006488 0.006891
0.006482 0.007619
0.006481 0.012508
0.006481 0.006593
0.006479 0.006683
0.006477 0.007810
0.006475 0.014536
0.006474 0.011351
0.006462 0.006869
0.006460 0.006983
0.006459 0.014042
0.006459 0.009144
0.006458 0.006753
0.006454 0.006726
0.006453 0.006802
0.006450 0.007774
0.006444 0.011059
0.006443 0.008513
0.006443 0.006725
0.006439 0.009484
0.006439 0.006646
0.006434 0.006708
0.006432 0.006933
0.006419 0.007184
0.006417 0.006620
0.006412 0.006583
0.006406 0.014846
0.006404 0.007190
0.006402 0.010618
0.006401 0.006530
0.006398 0.007476
0.006388 0.006446
0.006386 0.008741
0.006385 0.006511
0.006380 0.008679
0.006377 0.006644
0.006375 0.008079
0.006367 0.007292
0.006362 0.008407
0.006361 0.008092
0.006354 0.008172
0.006353 0.007036
0.006351 0.008092
0.006351 0.008309
0.006348 0.007094
0.006341 0.008727
0.006332 0.006912
0.006316 0.007503
0.006315 0.006389
0.006305 0.008063
0.006303 0.006477
0.006303 0.007360
0.006303 0.006865
0.006301 0.007195
0.006297 0.007031
0.006289 0.006846
0.006288 0.010726
0.006288 0.007680
0.006288 0.007342
0.006284 0.008636
0.006264 0.006283
0.006264 0.009615
0.006263 0.010222
0.006253 0.008847
0.006252 0.008902
0.006251 0.008476
0.006244 0.006350
0.006242 0.009029
0.006241 0.006457
0.006241 0.006403
0.006235 0.007370
0.006230 0.010218
0.006226 0.006935
0.006222 0.006366
0.006219 0.006333
0.006214 0.006400
0.006211 0.006541
0.006210 0.006801
0.006207 0.007318
0.006195 0.006993
0.006180 0.008407
0.006163 0.006258
0.006159 0.006371
0.006152 0.006771
0.006151 0.006592
0.006144 0.008041
0.006138 0.007678
0.006134 0.006388
0.006132 0.006718
0.006131 0.009868
0.006131 0.009757
0.006130 0.006652
0.006110 0.006426
0.006109 0.006135
0.006107 0.006709
0.006098 0.006168
0.006087 0.008241
0.006085 0.006984
0.006084 0.006939
0.006082 0.010960
0.006081 0.006837
0.006079 0.006202
0.006074 0.006392
0.006071 0.011697
0.006071 0.009074
0.006070 0.007395
0.006069 0.006116
0.006068 0.006223
0.006065 0.006425
0.006061 0.006382
0.006060 0.007394
0.006059 0.006106
0.006042 0.009391
0.006039 0.007040
0.006039 0.007081
0.006031 0.006518
0.006029 0.010234
0.006029 0.011565
0.006024 0.006387
0.006021 0.007398
0.006016 0.011881
0.006009 0.012468
0.006008 0.006212
0.006007 0.006498
0.006006 0.006890
0.005992 0.006006
0.005977 0.010339
0.005966 0.008527
0.005965 0.006199
0.005965 0.010177
0.005964 0.007231
0.005963 0.007537
0.005959 0.006225
0.005955 0.006056
0.005953 0.008481
0.005949 0.006701
0.005946 0.006788
0.005941 0.016901
0.005938 0.006450
0.005935 0.008100
0.005933 0.006927
0.005930 0.009422
0.005919 0.007151
0.005915 0.006107
0.005914 0.006372
0.005914 0.015165
0.005911 0.006596
0.005911 0.009028
0.005910 0.008817
0.005908 0.006769
0.005893 0.006549
0.005890 0.009183
0.005889 0.006491
0.005884 0.006106
0.005874 0.008628
0.005872 0.005902
0.005868 0.007503
0.005866 0.006342
0.005865 0.007488
0.005864 0.006478
0.005864 0.006701
0.005861 0.009245
0.005857 0.007638
0.005856 0.009354
0.005855 0.008102
0.005855 0.005921
0.005847 0.013220
0.005833 0.006252
0.005830 0.006021
0.005829 0.007061
0.005828 0.010744
0.005820 0.006254
0.005816 0.006555
0.005811 0.009009
0.005808 0.007018
0.005806 0.009152
0.005803 0.006098
0.005792 0.012721
0.005783 0.006894
0.005780 0.008109
0.005779 0.009961
0.005778 0.006868
0.005775 0.005785
0.005771 0.007922
0.005766 0.009849
0.005760 0.008773
0.005753 0.006960
0.005747 0.006252
0.005747 0.009148
0.005745 0.007401
0.005744 0.011364
0.005737 0.008740
0.005737 0.006896
0.005734 0.006973
0.005730 0.006512
0.005723 0.006463
0.005716 0.005729
0.005708 0.007379
0.005705 0.010166
0.005694 0.008252
0.005693 0.007412
0.005688 0.005727
0.005684 0.006058
0.005682 0.006239
0.005668 0.009066
0.005668 0.005694
0.005664 0.006701
0.005659 0.006033
0.005648 0.006870
0.005632 0.010352
0.005632 0.007328
0.005628 0.008112
0.005625 0.009749
0.005622 0.005627
0.005619 0.006772
0.005612 0.005717
0.005606 0.008951
0.005602 0.009499
0.005601 0.007504
0.005596 0.009733
0.005585 0.005995
0.005585 0.006591
0.005581 0.011209
0.005579 0.008574
0.005549 0.008730
0.005549 0.005903
0.005548 0.006307
0.005545 0.008616
0.005542 0.005706
0.005541 0.005773
0.005535 0.007245
0.005531 0.010928
0.005525 0.006576
0.005518 0.005785
0.005517 0.008686
0.005516 0.006531
0.005506 0.008182
0.005506 0.005725
0.005504 0.005906
0.005496 0.008725
0.005494 0.005532
0.005480 0.006821
0.005478 0.005848
0.005478 0.008004
0.005471 0.005785
0.005463 0.007685
0.005457 0.008310
0.005453 0.005938
0.005437 0.005593
0.005437 0.007089
0.005426 0.009058
0.005411 0.006213
0.005408 0.006599
0.005403 0.008115
0.005398 0.009215
0.005395 0.005682
0.005391 0.005497
0.005373 0.006339
0.005372 0.006806
0.005368 0.006111
0.005358 0.005451
0.005354 0.005821
0.005351 0.007204
0.005344 0.006898
0.005341 0.008309
0.005340 0.011076
0.005331 0.005369
0.005328 0.009009
0.005327 0.006912
0.005326 0.007700
0.005321 0.008399
0.005321 0.006362
0.005318 0.008454
0.005311 0.005327
0.005286 0.006623
0.005278 0.006182
0.005278 0.005511
0.005272 0.005857
0.005270 0.009452
0.005269 0.005494
0.005268 0.006896
0.005263 0.005356
0.005260 0.006787
0.005260 0.005288
0.005256 0.005702
0.005253 0.007200
0.005251 0.005353
0.005243 0.007149
0.005234 0.006036
0.005231 0.005846
0.005229 0.008565
0.005229 0.005971
0.005229 0.005559
0.005227 0.009685
0.005199 0.011093
0.005199 0.005509
0.005197 0.006623
0.005189 0.005364
0.005189 0.005652
0.005183 0.005902
0.005182 0.006856
0.005173 0.005523
0.005169 0.005853
0.005168 0.006397
0.005165 0.011238
0.005164 0.005974
0.005154 0.010143
0.005152 0.006366
0.005150 0.005672
0.005139 0.005533
0.005135 0.005804
0.005135 0.005749
0.005130 0.008990
0.005130 0.005185
0.005127 0.005510
0.005124 0.005817
0.005118 0.005973
0.005093 0.008835
0.005085 0.005582
0.005082 0.005808
0.005076 0.011661
0.005073 0.006778
0.005068 0.007781
0.005066 0.005198
0.005055 0.005084
0.005055 0.006661
0.005054 0.005542
0.005039 0.007090
0.005036 0.005087
0.005036 0.006682
0.005034 0.006259
0.005028 0.008097
0.005028 0.005161
0.005021 0.005266
0.005015 0.006870
0.005010 0.005562
0.005009 0.010172
0.005004 0.005679
0.004993 0.010624
0.004985 0.005305
0.004982 0.007529
0.004977 0.006671
0.004976 0.007019
0.004976 0.005159
0.004972 0.005351
0.004968 0.006034
0.004962 0.006595
0.004957 0.006547
0.004952 0.006895
0.004946 0.009253
0.004938 0.005934
0.004937 0.007365
0.004931 0.010233
0.004924 0.004993
0.004917 0.008276
0.004912 0.007346
0.004911 0.005202
0.004909 0.005302
0.004881 0.005055
0.004877 0.007597
0.004876 0.005016
0.004871 0.007920
0.004858 0.005043
0.004858 0.004892
0.004856 0.005852
0.004850 0.005130
0.004838 0.005277
0.004835 0.007713
0.004830 0.004855
0.004821 0.005427
0.004821 0.005380
0.004790 0.005031
0.004788 0.006181
0.004783 0.005239
0.004782 0.005018
0.004773 0.005965
0.004769 0.006758
0.004768 0.005624
0.004766 0.006267
0.004760 0.005584
0.004757 0.006147
0.004752 0.007326
0.004750 0.005175
0.004739 0.006563
0.004735 0.005673
0.004732 0.009331
0.004731 0.006354
0.004729 0.004899
0.004726 0.006168
0.004710 0.005858
0.004697 0.009696
0.004696 0.005038
0.004688 0.004827
0.004682 0.005017
0.004676 0.006697
0.004676 0.005752
0.004673 0.006257
0.004671 0.004813
0.004670 0.005269
0.004670 0.006219
0.004660 0.004972
0.004659 0.004885
0.004659 0.007186
0.004654 0.005336
0.004643 0.004917
0.004641 0.004720
0.004641 0.004979
0.004638 0.004874
0.004633 0.004709
0.004631 0.005649
0.004630 0.005153
0.004628 0.007458
0.004620 0.005574
0.004618 0.011652
0.004616 0.005231
0.004614 0.005518
0.004611 0.005249
0.004604 0.006876
0.004580 0.005568
0.004579 0.005973
0.004578 0.005097
0.004565 0.005939
0.004559 0.006656
0.004554 0.004800
0.004551 0.006135
0.004547 0.006077
0.004540 0.006248
0.004530 0.004955
0.004529 0.005522
0.004529 0.007128
0.004529 0.005711
0.004522 0.006299
0.004516 0.006178
0.004515 0.008564
0.004504 0.006732
0.004499 0.007581
0.004484 0.005749
0.004483 0.006161
0.004466 0.004506
0.004452 0.005028
0.004444 0.006643
0.004443 0.004758
0.004437 0.004800
0.004436 0.006169
0.004434 0.005120
0.004428 0.004436
0.004420 0.005385
0.004415 0.005149
0.004412 0.005765
0.004412 0.004726
0.004410 0.007560
0.004389 0.005158
0.004387 0.007564
0.004380 0.005018
0.004370 0.004418
0.004363 0.009626
0.004360 0.005943
0.004357 0.004881
0.004354 0.004495
0.004354 0.004482
0.004352 0.005485
0.004352 0.004825
0.004348 0.005236
0.004347 0.004373
0.004344 0.004472
0.004327 0.004949
0.004321 0.005511
0.004320 0.005548
0.004320 0.005176
0.004316 0.004687
0.004314 0.005001
0.004300 0.004623
0.004296 0.008605
0.004295 0.004710
0.004287 0.007508
0.004282 0.005723
0.004271 0.005148
0.004267 0.004922
0.004266 0.004518
0.004263 0.005546
0.004262 0.005116
0.004246 0.004921
0.004244 0.006473
0.004212 0.004486
0.004208 0.006899
0.004195 0.004349
0.004182 0.004381
0.004177 0.004442
0.004176 0.004489
0.004175 0.004416
0.004170 0.004499
0.004164 0.004532
0.004153 0.004156
0.004144 0.006165
0.004144 0.004562
0.004143 0.005676
0.004138 0.004308
0.004121 0.005689
0.004110 0.005317
0.004107 0.004437
0.004103 0.006043
0.004099 0.004172
0.004067 0.004098
0.004067 0.004112
0.004067 0.004355
0.004059 0.004169
0.004059 0.004298
0.004043 0.004066
0.004043 0.005777
0.004031 0.004109
0.004029 0.004773
0.004015 0.004152
0.004012 0.004921
0.004001 0.006658
0.004000 0.004537
0.003998 0.006747
0.003986 0.004379
0.003980 0.004030
0.003968 0.004125
0.003949 0.004075
0.003945 0.004072
0.003944 0.004747
0.003940 0.003981
0.003937 0.004630
0.003934 0.004578
0.003930 0.004722
0.003921 0.004414
0.003907 0.004161
0.003907 0.006779
0.003906 0.004198
0.003899 0.004841
0.003865 0.004689
0.003864 0.003897
0.003857 0.004161
0.003853 0.004606
0.003844 0.004063
0.003840 0.003863
0.003832 0.004779
0.003790 0.004126
0.003779 0.004686
0.003776 0.004353
0.003767 0.005836
0.003754 0.004018
0.003747 0.008579
0.003746 0.005844
0.003741 0.003749
0.003732 0.004421
0.003732 0.004060
0.003713 0.004125
0.003709 0.003941
0.003705 0.003949
0.003677 0.004183
0.003647 0.003678
0.003628 0.004502
0.003616 0.004605
0.003614 0.004488
0.003608 0.003706
0.003606 0.003606
0.003599 0.004046
0.003595 0.004025
0.003595 0.003936
0.003531 0.003589
0.003519 0.005572
0.003500 0.003989
0.003480 0.003586
0.003472 0.003875
0.003451 0.004221
0.003451 0.004008
0.003440 0.003653
0.003391 0.003687
0.003391 0.004616
0.003381 0.003648
0.003372 0.004100
0.003352 0.003606
0.003326 0.003350
0.003309 0.003518
0.003295 0.003296
0.003288 0.003587
0.003274 0.003808
0.003264 0.003521
0.003247 0.003525
0.003236 0.004031
0.003229 0.003439
0.003211 0.003281
0.003200 0.003439
0.003185 0.003353
0.003179 0.003649
0.003168 0.003603
0.003168 0.003925
0.003133 0.003347
0.003120 0.003664
0.003091 0.006476
0.003084 0.003534
0.003073 0.004339
0.003067 0.003383
0.003055 0.003203
0.003005 0.003028
0.003002 0.003563
0.002983 0.003674
0.002970 0.003088
0.002937 0.003086
0.002902 0.003145
0.002873 0.003443
0.002819 0.003218
0.002796 0.003370
0.002788 0.002899
0.002786 0.002837
0.002768 0.002877
0.002764 0.003398
0.002736 0.003319
0.002666 0.002709
0.002621 0.002670
0.002621 0.003026
0.002617 0.002776
0.002606 0.002875
0.002597 0.003274
0.002536 0.002539
0.002441 0.002481
0.002379 0.003096
0.002376 0.002463
0.002334 0.002456
0.002182 0.002254
0.002148 0.002264
0.002069 0.002310
0.002026 0.002118
0.001702 0.001855
0.001609 0.001686
0.001264 0.001378
0.001156 0.001348
