0.158734 0.170795
0.122092 0.123960
0.115692 0.129325
0.114835 0.138524
0.109823 0.182849
0.098303 0.104089
0.093449 0.096649
0.090639 0.094376
0.087262 0.105616
0.083934 0.091206
0.075852 0.078283
0.075726 0.082201
0.074975 0.082130
0.074763 0.076574
0.074239 0.075029
0.073272 0.074672
0.071182 0.074709
0.068172 0.068927
0.067781 0.069841
0.067525 0.091341
0.066040 0.078413
0.065341 0.086195
0.065215 0.065860
0.063649 0.065498
0.063646 0.063765
0.063587 0.066850
0.062903 0.068678
0.062254 0.063904
0.061576 0.069807
0.059514 0.069982
0.055733 0.058801
0.055680 0.073179
0.055158 0.062039
0.054866 0.058995
0.054023 0.072615
0.052946 0.063152
0.051624 0.054395
0.051378 0.060681
0.051284 0.062813
0.050428 0.065823
0.050164 0.063006
0.049892 0.070813
0.049688 0.059178
0.049633 0.063017
0.049289 0.064322
0.048755 0.049558
0.047680 0.049921
0.046966 0.061223
0.046218 0.054469
0.045907 0.050317
0.044657 0.059351
0.044476 0.046941
0.044461 0.046071
0.044418 0.044570
0.043804 0.049756
0.043645 0.045751
0.043014 0.066997
0.042980 0.089750
0.042898 0.050071
0.041517 0.057494
0.040430 0.042811
0.040397 0.040952
0.040254 0.051887
0.040194 0.048552
0.040036 0.049495
0.039863 0.045168
0.039850 0.046008
0.039618 0.044183
0.039481 0.039612
0.038795 0.038881
0.038547 0.040802
0.038487 0.041233
0.038343 0.040194
0.038342 0.045163
0.038178 0.039945
0.037989 0.049483
0.037683 0.038534
0.037589 0.041590
0.037587 0.045135
0.037460 0.038220
0.037449 0.052534
0.037290 0.042915
0.037233 0.043151
0.036861 0.044930
0.036582 0.045704
0.036261 0.050486
0.035892 0.043368
0.035705 0.066939
0.035558 0.039059
0.035116 0.042937
0.035064 0.047178
0.035014 0.045297
0.034696 0.047141
0.034412 0.056110
0.034302 0.035300
0.033894 0.034692
0.033469 0.038952
0.033418 0.034833
0.033347 0.034788
0.033041 0.038543
0.033019 0.038150
0.033007 0.044200
0.032770 0.051595
0.032639 0.047618
0.031906 0.034268
0.031804 0.045582
0.031759 0.034410
0.031724 0.041502
0.031504 0.036282
0.031362 0.035565
0.031131 0.051854
0.031111 0.031232
0.030909 0.035720
0.030782 0.052727
0.030668 0.031398
0.030656 0.041088
0.030379 0.032060
0.030367 0.036902
0.030361 0.030664
0.030054 0.031012
0.029891 0.032312
0.029674 0.039150
0.029520 0.031128
0.029410 0.029854
0.029203 0.029539
0.029006 0.033437
0.028939 0.036779
0.028443 0.033291
0.028405 0.034308
0.028307 0.034037
0.028282 0.032929
0.027986 0.069687
0.027965 0.033839
0.027955 0.028238
0.027820 0.028487
0.027815 0.048091
0.027648 0.039943
0.027626 0.033813
0.027616 0.029068
0.027614 0.030001
0.027502 0.029294
0.027388 0.030913
0.027301 0.034908
0.027296 0.028611
0.027125 0.027580
0.026981 0.028240
0.026966 0.027048
0.026858 0.036659
0.026756 0.031325
0.026751 0.041565
0.026745 0.034251
0.026621 0.034654
0.026613 0.028439
0.026572 0.042414
0.026542 0.032625
0.026426 0.055026
0.026390 0.027790
0.026353 0.028538
0.026267 0.027295
0.026170 0.027696
0.026155 0.029075
0.026050 0.026283
0.025948 0.026834
0.025901 0.025988
0.025858 0.028125
0.025841 0.037479
0.025754 0.028202
0.025635 0.025998
0.025443 0.025480
0.025365 0.029695
0.025350 0.028478
0.025268 0.025697
0.025121 0.026000
0.025007 0.026000
0.024985 0.026086
0.024865 0.025081
0.024814 0.027681
0.024803 0.025220
0.024746 0.046692
0.024724 0.034275
0.024693 0.028706
0.024660 0.031665
0.024537 0.027635
0.024486 0.032959
0.024401 0.031021
0.024399 0.030778
0.024267 0.030461
0.024205 0.035899
0.024181 0.024359
0.024170 0.025572
0.024121 0.039408
0.024108 0.031843
0.024108 0.034132
0.024108 0.033688
0.024073 0.027358
0.024060 0.031644
0.024056 0.025708
0.024004 0.032774
0.023989 0.025382
0.023950 0.033275
0.023924 0.028249
0.023797 0.024262
0.023755 0.025075
0.023705 0.035417
0.023633 0.036211
0.023625 0.026865
0.023510 0.074088
0.023476 0.025034
0.023460 0.027334
0.023455 0.024142
0.023407 0.032286
0.023406 0.036360
0.023403 0.023860
0.023398 0.029523
0.023218 0.024027
0.023137 0.028143
0.023052 0.040430
0.023028 0.023795
0.023003 0.029030
0.022865 0.024461
0.022778 0.041641
0.022694 0.025494
0.022627 0.026410
0.022582 0.025074
0.022566 0.024642
0.022533 0.027352
0.022462 0.029264
0.022375 0.022947
0.022322 0.025741
0.022192 0.025383
0.022178 0.022549
0.022163 0.024872
0.022134 0.025650
0.022071 0.023690
0.022053 0.026111
0.022034 0.024825
0.022006 0.023478
0.021982 0.023481
0.021970 0.026092
0.021895 0.026208
0.021893 0.025574
0.021869 0.024208
0.021850 0.023608
0.021815 0.024668
0.021773 0.027355
0.021729 0.027614
0.021649 0.028831
0.021634 0.021782
0.021626 0.028534
0.021602 0.026240
0.021556 0.021990
0.021542 0.022820
0.021467 0.024356
0.021434 0.044912
0.021356 0.024636
0.021312 0.022311
0.021299 0.031521
0.021263 0.021335
0.021249 0.031652
0.021249 0.023856
0.021236 0.026497
0.021234 0.022310
0.021170 0.026128
0.021163 0.022732
0.021162 0.021346
0.021157 0.034661
0.021135 0.032924
0.021127 0.030155
0.021114 0.025861
0.021094 0.021279
0.021094 0.023175
0.020978 0.022466
0.020970 0.021981
0.020898 0.023577
0.020890 0.030598
0.020857 0.022100
0.020854 0.029609
0.020834 0.030470
0.020824 0.022565
0.020808 0.021630
0.020799 0.021897
0.020795 0.021459
0.020773 0.028210
0.020732 0.022131
0.020702 0.021148
0.020699 0.023608
0.020659 0.032256
0.020650 0.022815
0.020647 0.028898
0.020635 0.022802
0.020595 0.021070
0.020539 0.021377
0.020537 0.021298
0.020519 0.031401
0.020512 0.028124
0.020464 0.023933
0.020349 0.039802
0.020347 0.024820
0.020319 0.020586
0.020318 0.026836
0.020314 0.045943
0.020266 0.023671
0.020217 0.040103
0.020169 0.022327
0.020165 0.023021
0.020146 0.022839
0.020146 0.021011
0.020139 0.021734
0.020099 0.028614
0.020091 0.022214
0.020089 0.028919
0.020069 0.024777
0.020011 0.020741
0.019998 0.023290
0.019975 0.031498
0.019943 0.023160
0.019929 0.024812
0.019848 0.020196
0.019830 0.032853
0.019829 0.032270
0.019798 0.022252
0.019782 0.020612
0.019585 0.026250
0.019544 0.029339
0.019433 0.023314
0.019418 0.021267
0.019328 0.028701
0.019271 0.019344
0.019267 0.020107
0.019200 0.027949
0.019178 0.033083
0.019148 0.019545
0.019140 0.024932
0.019133 0.019878
0.019118 0.027917
0.019051 0.030163
0.019044 0.019516
0.019017 0.021075
0.019016 0.024694
0.018997 0.021972
0.018896 0.029845
0.018872 0.019608
0.018870 0.019266
0.018844 0.020829
0.018834 0.022471
0.018834 0.026867
0.018826 0.025265
0.018815 0.026078
0.018772 0.029091
0.018754 0.033425
0.018738 0.019105
0.018737 0.021357
0.018721 0.028738
0.018705 0.034794
0.018702 0.020368
0.018609 0.027520
0.018602 0.022215
0.018600 0.025803
0.018585 0.020301
0.018574 0.020079
0.018498 0.018507
0.018480 0.039452
0.018461 0.024079
0.018435 0.035169
0.018429 0.018903
0.018353 0.025148
0.018324 0.023191
0.018296 0.023309
0.018295 0.022540
0.018200 0.025844
0.018185 0.029957
0.018166 0.019355
0.018166 0.020601
0.018138 0.030036
0.018129 0.019520
0.018089 0.019531
0.018059 0.025499
0.018043 0.022043
0.018042 0.018228
0.018032 0.022520
0.018015 0.021597
0.017952 0.024210
0.017951 0.029118
0.017942 0.019873
0.017936 0.018792
0.017929 0.018320
0.017880 0.021500
0.017823 0.018439
0.017820 0.023519
0.017813 0.018341
0.017790 0.024398
0.017785 0.019660
0.017729 0.019554
0.017722 0.022850
0.017663 0.042383
0.017610 0.019844
0.017589 0.021063
0.017558 0.032424
0.017553 0.021097
0.017539 0.022773
0.017510 0.027399
0.017506 0.029687
0.017503 0.031861
0.017449 0.017817
0.017440 0.020639
0.017416 0.022647
0.017383 0.017433
0.017378 0.018513
0.017314 0.019993
0.017257 0.022078
0.017255 0.018043
0.017244 0.018133
0.017204 0.017463
0.017187 0.024424
0.017174 0.019402
0.017162 0.030273
0.017158 0.018863
0.017152 0.018822
0.017147 0.022971
0.017136 0.021791
0.017123 0.017652
0.017118 0.022851
0.017114 0.022812
0.017031 0.018129
0.017029 0.026277
0.017028 0.024841
0.017014 0.018272
0.016998 0.025485
0.016973 0.037492
0.016964 0.022909
0.016940 0.017870
0.016899 0.019165
0.016886 0.020871
0.016874 0.017467
0.016870 0.017026
0.016862 0.018478
0.016829 0.029106
0.016783 0.022492
0.016776 0.021015
0.016762 0.018752
0.016749 0.016848
0.016732 0.017755
0.016721 0.023656
0.016668 0.025415
0.016664 0.019617
0.016640 0.016894
0.016611 0.017147
0.016590 0.017708
0.016539 0.022314
0.016526 0.019051
0.016516 0.017326
0.016470 0.019603
0.016468 0.016560
0.016468 0.017031
0.016437 0.017155
0.016405 0.018888
0.016390 0.020773
0.016374 0.018464
0.016359 0.017950
0.016329 0.032115
0.016323 0.033973
0.016307 0.018784
0.016305 0.017886
0.016291 0.035602
0.016266 0.018531
0.016257 0.017896
0.016247 0.036737
0.016245 0.029048
0.016235 0.016314
0.016234 0.027665
0.016216 0.016533
0.016204 0.016931
0.016193 0.016234
0.016165 0.024264
0.016151 0.022110
0.016141 0.019027
0.016135 0.016326
0.016133 0.021677
0.016121 0.019140
0.016113 0.017355
0.016112 0.020352
0.016110 0.017491
0.016084 0.019575
0.016077 0.016402
0.016059 0.019023
0.016038 0.024073
0.016035 0.016717
0.016026 0.037089
0.016014 0.021957
0.016008 0.019667
0.015982 0.030085
0.015979 0.016502
0.015979 0.028811
0.015962 0.020343
0.015949 0.017781
0.015937 0.023498
0.015920 0.016748
0.015910 0.016612
0.015905 0.016534
0.015893 0.019176
0.015882 0.024438
0.015867 0.018277
0.015859 0.020305
0.015856 0.017452
0.015831 0.017788
0.015812 0.020149
0.015809 0.016232
0.015808 0.016511
0.015804 0.017811
0.015783 0.016168
0.015780 0.016461
0.015754 0.019120
0.015753 0.016570
0.015745 0.023103
0.015731 0.018041
0.015723 0.020567
0.015700 0.025290
0.015688 0.032076
0.015680 0.029800
0.015677 0.016132
0.015674 0.027710
0.015672 0.018661
0.015671 0.016382
0.015665 0.022848
0.015662 0.025516
0.015645 0.020773
0.015638 0.016491
0.015608 0.019996
0.015606 0.018656
0.015558 0.016164
0.015534 0.019658
0.015526 0.016074
0.015524 0.015948
0.015519 0.019198
0.015515 0.015677
0.015481 0.022632
0.015461 0.021436
0.015453 0.022798
0.015428 0.028817
0.015397 0.031250
0.015390 0.018737
0.015387 0.018777
0.015374 0.016145
0.015322 0.015858
0.015314 0.018687
0.015307 0.030714
0.015294 0.018185
0.015268 0.015369
0.015219 0.015927
0.015175 0.015524
0.015163 0.016711
0.015149 0.023101
0.015148 0.024152
0.015132 0.021819
0.015122 0.025205
0.015120 0.016974
0.015093 0.015161
0.015088 0.022080
0.015086 0.016610
0.015050 0.017336
0.015039 0.015820
0.015029 0.016829
0.015027 0.022171
0.014980 0.019689
0.014968 0.017031
0.014968 0.015094
0.014963 0.017886
0.014956 0.016670
0.014950 0.019059
0.014938 0.023682
0.014927 0.020256
0.014926 0.021538
0.014920 0.016244
0.014906 0.015136
0.014894 0.015042
0.014893 0.016018
0.014863 0.016662
0.014862 0.015227
0.014840 0.016433
0.014824 0.018916
0.014779 0.017207
0.014759 0.017617
0.014754 0.022425
0.014727 0.014966
0.014696 0.016188
0.014671 0.017031
0.014670 0.024247
0.014656 0.016216
0.014649 0.022047
0.014634 0.022040
0.014614 0.017632
0.014601 0.015719
0.014600 0.015678
0.014595 0.014907
0.014594 0.024805
0.014591 0.015766
0.014591 0.016422
0.014587 0.017849
0.014587 0.016756
0.014551 0.016184
0.014541 0.026815
0.014541 0.014831
0.014534 0.015726
0.014515 0.020197
0.014511 0.028943
0.014481 0.020284
0.014471 0.018280
0.014422 0.020377
0.014387 0.017629
0.014373 0.035456
0.014358 0.014510
0.014349 0.014691
0.014300 0.014650
0.014298 0.014590
0.014292 0.016711
0.014291 0.021026
0.014283 0.015734
0.014282 0.019179
0.014248 0.016181
0.014211 0.017534
0.014209 0.023954
0.014198 0.018095
0.014188 0.015641
0.014181 0.014662
0.014155 0.014521
0.014153 0.015704
0.014142 0.020532
0.014134 0.015437
0.014129 0.014965
0.014099 0.017804
0.014076 0.014452
0.014053 0.021508
0.014046 0.015049
0.014046 0.027492
0.014040 0.019175
0.014037 0.014384
0.014018 0.032150
0.014014 0.015655
0.014010 0.017436
0.014009 0.022725
0.014001 0.014863
0.013995 0.015269
0.013995 0.014291
0.013991 0.017281
0.013969 0.015620
0.013932 0.014201
0.013932 0.014224
0.013918 0.015179
0.013913 0.015351
0.013908 0.016694
0.013864 0.020875
0.013845 0.017943
0.013845 0.019684
0.013831 0.013907
0.013818 0.017275
0.013812 0.014153
0.013807 0.018383
0.013770 0.022394
0.013761 0.023765
0.013745 0.013854
0.013732 0.015261
0.013716 0.016920
0.013714 0.016711
0.013707 0.014029
0.013688 0.016170
0.013686 0.016836
0.013674 0.016383
0.013660 0.015343
0.013660 0.017184
0.013605 0.013722
0.013605 0.014364
0.013593 0.019914
0.013580 0.019434
0.013570 0.014251
0.013551 0.020653
0.013525 0.014377
0.013514 0.016183
0.013491 0.019320
0.013488 0.031201
0.013452 0.016505
0.013444 0.016966
0.013426 0.021664
0.013418 0.014376
0.013387 0.016885
0.013381 0.015184
0.013372 0.015792
0.013371 0.014037
0.013370 0.014734
0.013363 0.014048
0.013354 0.017132
0.013345 0.016831
0.013336 0.013396
0.013321 0.014608
0.013311 0.015853
0.013302 0.017878
0.013294 0.016154
0.013286 0.018486
0.013272 0.013372
0.013261 0.014314
0.013239 0.014828
0.013237 0.036931
0.013231 0.014415
0.013229 0.018405
0.013182 0.017742
0.013178 0.015124
0.013155 0.017368
0.013151 0.015020
0.013132 0.013216
0.013082 0.015044
0.013081 0.016287
0.013070 0.023451
0.013067 0.013411
0.013048 0.020359
0.013047 0.013424
0.013046 0.022333
0.013009 0.013625
0.013008 0.013894
0.013004 0.013458
0.012978 0.013345
0.012976 0.013647
0.012963 0.013760
0.012948 0.015640
0.012937 0.020066
0.012921 0.025664
0.012919 0.020228
0.012905 0.016444
0.012902 0.014824
0.012897 0.013281
0.012892 0.015979
0.012872 0.014404
0.012858 0.012946
0.012845 0.013975
0.012819 0.017629
0.012814 0.013131
0.012800 0.013145
0.012790 0.013757
0.012778 0.016024
0.012764 0.013333
0.012753 0.013410
0.012713 0.013585
0.012683 0.013174
0.012681 0.012710
0.012659 0.013758
0.012638 0.014363
0.012625 0.012992
0.012621 0.013416
0.012613 0.018449
0.012612 0.012845
0.012600 0.017534
0.012581 0.015634
0.012573 0.017919
0.012562 0.012768
0.012549 0.020532
0.012537 0.013048
0.012521 0.012665
0.012510 0.013474
0.012506 0.013310
0.012500 0.016688
0.012489 0.014533
0.012480 0.013332
0.012468 0.019217
0.012421 0.013421
0.012415 0.021714
0.012410 0.015919
0.012375 0.014193
0.012333 0.012552
0.012327 0.012516
0.012307 0.018326
0.012287 0.013810
0.012272 0.014515
0.012269 0.012800
0.012236 0.013711
0.012227 0.012236
0.012226 0.012463
0.012221 0.016672
0.012221 0.013220
0.012220 0.016095
0.012212 0.015785
0.012211 0.014128
0.012207 0.013246
0.012201 0.012259
0.012201 0.012656
0.012200 0.017008
0.012179 0.012990
0.012174 0.015038
0.012171 0.016145
0.012145 0.012812
0.012130 0.012186
0.012128 0.018597
0.012127 0.013192
0.012117 0.016565
0.012099 0.012308
0.012099 0.013695
0.012098 0.013358
0.012095 0.018163
0.012082 0.013184
0.012075 0.028068
0.012063 0.023703
0.012062 0.014175
0.012051 0.012304
0.012042 0.015589
0.012035 0.018560
0.012028 0.022314
0.012025 0.012758
0.012022 0.012657
0.012018 0.020752
0.012015 0.012125
0.012013 0.020178
0.012010 0.015072
0.012002 0.012067
0.011999 0.012199
0.011972 0.012432
0.011956 0.013745
0.011945 0.014149
0.011919 0.014871
0.011911 0.012211
0.011907 0.014478
0.011902 0.014967
0.011890 0.014769
0.011888 0.013100
0.011876 0.015375
0.011842 0.011957
0.011840 0.016482
0.011839 0.011844
0.011830 0.015167
0.011795 0.011920
0.011773 0.011992
0.011765 0.011957
0.011763 0.015352
0.011742 0.015076
0.011740 0.013958
0.011709 0.014564
0.011698 0.018779
0.011688 0.012680
0.011651 0.017713
0.011648 0.011849
0.011641 0.029929
0.011637 0.012182
0.011621 0.011911
0.011617 0.012202
0.011602 0.013831
0.011599 0.015341
0.011598 0.019150
0.011564 0.012015
0.011544 0.012167
0.011539 0.012012
0.011537 0.012396
0.011533 0.013990
0.011532 0.021139
0.011523 0.013112
0.011521 0.024420
0.011512 0.014068
0.011510 0.021294
0.011504 0.011923
0.011498 0.012864
0.011490 0.015405
0.011488 0.013235
0.011487 0.012639
0.011479 0.012820
0.011478 0.014767
0.011472 0.013967
0.011454 0.018168
0.011453 0.014691
0.011434 0.015494
0.011431 0.014536
0.011411 0.012756
0.011404 0.013191
0.011401 0.011730
0.011396 0.015011
0.011384 0.017039
0.011381 0.016497
0.011376 0.012087
0.011370 0.017189
0.011354 0.012907
0.011351 0.012558
0.011331 0.012231
0.011327 0.011721
0.011323 0.012250
0.011323 0.015916
0.011314 0.014924
0.011313 0.011756
0.011296 0.011342
0.011276 0.013272
0.011261 0.011357
0.011256 0.011389
0.011249 0.011506
0.011245 0.017286
0.011229 0.018158
0.011227 0.011579
0.011222 0.016559
0.011222 0.012405
0.011218 0.014042
0.011210 0.014963
0.011208 0.016580
0.011201 0.011433
0.011193 0.012539
0.011193 0.023178
0.011185 0.013600
0.011179 0.012054
0.011178 0.018925
0.011160 0.016235
0.011154 0.012440
0.011152 0.014689
0.011147 0.012164
0.011140 0.012658
0.011139 0.016044
0.011138 0.014966
0.011124 0.015706
0.011121 0.013906
0.011102 0.014506
0.011096 0.022032
0.011092 0.011719
0.011080 0.013175
0.011075 0.012234
0.011045 0.011315
0.011040 0.012215
0.011034 0.012617
0.011023 0.016076
0.011001 0.013174
0.011001 0.012282
0.010983 0.011844
0.010964 0.012956
0.010948 0.011861
0.010947 0.013657
0.010936 0.013701
0.010934 0.014289
0.010932 0.012260
0.010924 0.011609
0.010910 0.014486
0.010904 0.012470
0.010882 0.013225
0.010862 0.016164
0.010859 0.012416
0.010857 0.020042
0.010855 0.011244
0.010840 0.014691
0.010810 0.020524
0.010800 0.012180
0.010789 0.014111
0.010779 0.010808
0.010738 0.014880
0.010722 0.011661
0.010719 0.012754
0.010702 0.012206
0.010691 0.014506
0.010689 0.013661
0.010679 0.020817
0.010667 0.012540
0.010664 0.010753
0.010663 0.013510
0.010641 0.010988
0.010629 0.011514
0.010600 0.013549
0.010597 0.016383
0.010594 0.017314
0.010574 0.010930
0.010532 0.013257
0.010515 0.012252
0.010505 0.015911
0.010503 0.012614
0.010499 0.010581
0.010494 0.021240
0.010492 0.010584
0.010471 0.013018
0.010470 0.016972
0.010468 0.014992
0.010464 0.011143
0.010459 0.012457
0.010457 0.012823
0.010453 0.011417
0.010443 0.011956
0.010428 0.020070
0.010412 0.013954
0.010390 0.010641
0.010389 0.011078
0.010388 0.013604
0.010372 0.015116
0.010357 0.012730
0.010356 0.010667
0.010320 0.010804
0.010314 0.010388
0.010309 0.010419
0.010276 0.024499
0.010269 0.010902
0.010257 0.012363
0.010251 0.010268
0.010243 0.022535
0.010242 0.011127
0.010223 0.010722
0.010217 0.010487
0.010206 0.011975
0.010168 0.014258
0.010161 0.010469
0.010157 0.017323
0.010151 0.014204
0.010150 0.010428
0.010132 0.012243
0.010100 0.010888
0.010088 0.011856
0.010087 0.010728
0.010082 0.010511
0.010080 0.011427
0.010075 0.012368
0.010069 0.012524
0.010060 0.010836
0.010060 0.010728
0.010056 0.010319
0.010045 0.010779
0.010036 0.015616
0.010033 0.011141
0.010017 0.010919
0.010015 0.010292
0.010000 0.013082
0.010000 0.011232
0.009973 0.015201
0.009972 0.013259
0.009969 0.014397
0.009948 0.022660
0.009935 0.010018
0.009932 0.011333
0.009925 0.018917
0.009925 0.009963
0.009922 0.011922
0.009841 0.010527
0.009820 0.011043
0.009805 0.010931
0.009788 0.011630
0.009763 0.010148
0.009744 0.011023
0.009727 0.014737
0.009675 0.010837
0.009661 0.014383
0.009656 0.011746
0.009646 0.010905
0.009640 0.010441
0.009636 0.010103
0.009614 0.009960
0.009611 0.011101
0.009602 0.014042
0.009601 0.014131
0.009586 0.009952
0.009579 0.018195
0.009550 0.016043
0.009541 0.011656
0.009539 0.015312
0.009532 0.009990
0.009521 0.009870
0.009515 0.010367
0.009513 0.012712
0.009499 0.011456
0.009473 0.009487
0.009469 0.017644
0.009468 0.010131
0.009451 0.017022
0.009438 0.013370
0.009435 0.009901
0.009379 0.013126
0.009377 0.019611
0.009372 0.010303
0.009369 0.013033
0.009363 0.010768
0.009356 0.010269
0.009351 0.009439
0.009333 0.012957
0.009301 0.009403
0.009291 0.012369
0.009282 0.009706
0.009281 0.016559
0.009281 0.011275
0.009250 0.011246
0.009249 0.009801
0.009228 0.014377
0.009226 0.011487
0.009226 0.010233
0.009221 0.015650
0.009207 0.013847
0.009207 0.012254
0.009149 0.009941
0.009147 0.009201
0.009110 0.011287
0.009109 0.009291
0.009093 0.009905
0.009090 0.012572
0.009086 0.009808
0.009076 0.010697
0.009075 0.010143
0.009054 0.011555
0.009051 0.014323
0.009050 0.009964
0.009041 0.010244
0.009020 0.009048
0.009014 0.012916
0.009000 0.010088
0.008999 0.009951
0.008992 0.009407
0.008986 0.010787
0.008979 0.009029
0.008976 0.013531
0.008969 0.011248
0.008957 0.012471
0.008954 0.009253
0.008926 0.011007
0.008919 0.009184
0.008911 0.016497
0.008910 0.012935
0.008906 0.009120
0.008903 0.009815
0.008896 0.021002
0.008890 0.015003
0.008890 0.012501
0.008888 0.009991
0.008885 0.009670
0.008868 0.009008
0.008854 0.010161
0.008840 0.012843
0.008837 0.009775
0.008832 0.011155
0.008799 0.011355
0.008746 0.013451
0.008733 0.009230
0.008721 0.014078
0.008711 0.008989
0.008691 0.015974
0.008690 0.012117
0.008655 0.014012
0.008636 0.011021
0.008629 0.009115
0.008612 0.010423
0.008600 0.011005
0.008587 0.010010
0.008581 0.010878
0.008565 0.009021
0.008557 0.010511
0.008557 0.010812
0.008544 0.014688
0.008537 0.009661
0.008534 0.009114
0.008510 0.010542
0.008506 0.009585
0.008496 0.008692
0.008489 0.011220
0.008476 0.008584
0.008462 0.009582
0.008445 0.009382
0.008445 0.012388
0.008428 0.008565
0.008419 0.011134
0.008418 0.008774
0.008417 0.010325
0.008404 0.009184
0.008359 0.008595
0.008348 0.011041
0.008341 0.011309
0.008317 0.009058
0.008279 0.009327
0.008270 0.008870
0.008258 0.008276
0.008245 0.009754
0.008244 0.011444
0.008231 0.013482
0.008223 0.010463
0.008219 0.010288
0.008213 0.010086
0.008212 0.010036
0.008203 0.009120
0.008197 0.011504
0.008174 0.013933
0.008165 0.008769
0.008143 0.010853
0.008139 0.017071
0.008126 0.012530
0.008124 0.008455
0.008124 0.022824
0.008117 0.008193
0.008109 0.011827
0.008098 0.008202
0.008091 0.010955
0.008086 0.012360
0.008085 0.009340
0.008076 0.008513
0.008072 0.009685
0.008063 0.009355
0.008034 0.010413
0.008022 0.009020
0.008020 0.008961
0.008012 0.008209
0.008010 0.009675
0.007996 0.008135
0.007985 0.012126
0.007969 0.008264
0.007966 0.008050
0.007940 0.007974
0.007936 0.009412
0.007933 0.008188
0.007923 0.015094
0.007922 0.011435
0.007920 0.009693
0.007915 0.010090
0.007912 0.008063
0.007902 0.009566
0.007879 0.009685
0.007861 0.009278
0.007860 0.007994
0.007858 0.008681
0.007856 0.011251
0.007834 0.009263
0.007833 0.008583
0.007807 0.008242
0.007797 0.013761
0.007783 0.011224
0.007773 0.010347
0.007772 0.007826
0.007754 0.007757
0.007749 0.007983
0.007729 0.009827
0.007729 0.010587
0.007728 0.011802
0.007719 0.008256
0.007712 0.013555
0.007677 0.010964
0.007658 0.008272
0.007655 0.010041
0.007649 0.013428
0.007635 0.009161
0.007625 0.012612
0.007591 0.007972
0.007590 0.015315
0.007568 0.009514
0.007549 0.012973
0.007542 0.009154
0.007540 0.008308
0.007522 0.009893
0.007521 0.007888
0.007505 0.008696
0.007498 0.009354
0.007481 0.009457
0.007441 0.010866
0.007418 0.008181
0.007410 0.008464
0.007399 0.009157
0.007394 0.011125
0.007380 0.007698
0.007377 0.008175
0.007376 0.008875
0.007371 0.008653
0.007368 0.013769
0.007357 0.007638
0.007353 0.007734
0.007347 0.009146
0.007337 0.009000
0.007330 0.008275
0.007321 0.009323
0.007310 0.008322
0.007306 0.007904
0.007294 0.007549
0.007294 0.010122
0.007281 0.008092
0.007273 0.007424
0.007260 0.009438
0.007259 0.007668
0.007257 0.017175
0.007255 0.010463
0.007250 0.008150
0.007241 0.010160
0.007207 0.009170
0.007194 0.008180
0.007192 0.008191
0.007189 0.007807
0.007169 0.007917
0.007167 0.009018
0.007156 0.007203
0.007141 0.007212
0.007140 0.007727
0.007137 0.007756
0.007121 0.007439
0.007078 0.007358
0.007073 0.007571
0.007069 0.007241
0.007064 0.010705
0.007046 0.007168
0.007044 0.007129
0.007043 0.009396
0.007037 0.009333
0.007025 0.007310
0.007019 0.007660
0.007016 0.007793
0.007007 0.009183
0.007003 0.010603
0.006998 0.007392
0.006988 0.007527
0.006988 0.008412
0.006977 0.008153
0.006971 0.009154
0.006967 0.011088
0.006963 0.007422
0.006958 0.008454
0.006956 0.014463
0.006941 0.008075
0.006937 0.009959
0.006935 0.008841
0.006908 0.006922
0.006876 0.011951
0.006856 0.007719
0.006847 0.007255
0.006846 0.008929
0.006822 0.008118
0.006821 0.007260
0.006820 0.009903
0.006818 0.007749
0.006818 0.008605
0.006817 0.009148
0.006814 0.008461
0.006795 0.009159
0.006793 0.007530
0.006785 0.006830
0.006784 0.009657
0.006761 0.010562
0.006742 0.006877
0.006740 0.006913
0.006670 0.009586
0.006665 0.006737
0.006660 0.006808
0.006633 0.009986
0.006625 0.007721
0.006623 0.007217
0.006621 0.006812
0.006619 0.006749
0.006610 0.007382
0.006600 0.007633
0.006599 0.009802
0.006597 0.006815
0.006597 0.009185
0.006591 0.007851
0.006589 0.007270
0.006582 0.010893
0.006572 0.007387
0.006569 0.007640
0.006563 0.007497
0.006561 0.006710
0.006554 0.007237
0.006544 0.006699
0.006532 0.006905
0.006518 0.010574
0.006496 0.007751
0.006494 0.011787
0.006489 0.006666
0.006486 0.007334
0.006485 0.006931
0.006483 0.007262
0.006478 0.006985
0.006431 0.007300
0.006428 0.006449
0.006418 0.008210
0.006413 0.006669
0.006411 0.010673
0.006402 0.007324
0.006395 0.007009
0.006372 0.006555
0.006372 0.006645
0.006372 0.010772
0.006356 0.011076
0.006349 0.007377
0.006346 0.008600
0.006335 0.006531
0.006330 0.006350
0.006325 0.012199
0.006325 0.012352
0.006319 0.009410
0.006315 0.011810
0.006315 0.006962
0.006312 0.006563
0.006306 0.011077
0.006305 0.006868
0.006304 0.006711
0.006302 0.008690
0.006291 0.006557
0.006287 0.008025
0.006285 0.006337
0.006282 0.006864
0.006282 0.006288
0.006264 0.006955
0.006263 0.006822
0.006249 0.007941
0.006248 0.006304
0.006247 0.006415
0.006236 0.007401
0.006231 0.006776
0.006229 0.007956
0.006227 0.008544
0.006222 0.009961
0.006219 0.006751
0.006211 0.006363
0.006201 0.007349
0.006178 0.008555
0.006151 0.007732
0.006149 0.006711
0.006143 0.006865
0.006141 0.006534
0.006133 0.006321
0.006128 0.006178
0.006116 0.006711
0.006112 0.008076
0.006107 0.010588
0.006098 0.006504
0.006097 0.007190
0.006094 0.006267
0.006089 0.006323
0.006082 0.008209
0.006062 0.007117
0.006058 0.009612
0.006057 0.006111
0.006041 0.006381
0.006030 0.006711
0.006030 0.006424
0.006015 0.007251
0.006011 0.006033
0.006006 0.007431
0.006004 0.006767
0.006004 0.010189
0.006004 0.007366
0.005992 0.006078
0.005988 0.006642
0.005978 0.008034
0.005969 0.007506
0.005967 0.006332
0.005966 0.006150
0.005948 0.006328
0.005946 0.007665
0.005944 0.006015
0.005929 0.006840
0.005911 0.006359
0.005890 0.012073
0.005882 0.008582
0.005876 0.005995
0.005874 0.007352
0.005873 0.006183
0.005871 0.006204
0.005847 0.005930
0.005837 0.006173
0.005829 0.007884
0.005822 0.005973
0.005814 0.006090
0.005810 0.007563
0.005807 0.005822
0.005787 0.006028
0.005783 0.007988
0.005768 0.005950
0.005755 0.007200
0.005751 0.006431
0.005746 0.006454
0.005745 0.008693
0.005743 0.006729
0.005741 0.006056
0.005736 0.006210
0.005736 0.005889
0.005730 0.006553
0.005727 0.005990
0.005725 0.006797
0.005723 0.007845
0.005721 0.007694
0.005719 0.008748
0.005719 0.006454
0.005713 0.005997
0.005708 0.006998
0.005688 0.007940
0.005686 0.006191
0.005683 0.006109
0.005668 0.006412
0.005665 0.006125
0.005661 0.007075
0.005645 0.005658
0.005639 0.007343
0.005638 0.006331
0.005636 0.006238
0.005629 0.006725
0.005629 0.010254
0.005628 0.007265
0.005619 0.005655
0.005592 0.006031
0.005585 0.006122
0.005584 0.008339
0.005579 0.006544
0.005560 0.012178
0.005547 0.011265
0.005537 0.005846
0.005530 0.005665
0.005524 0.006717
0.005522 0.010792
0.005499 0.009180
0.005498 0.006956
0.005491 0.005535
0.005489 0.005644
0.005487 0.005709
0.005470 0.010774
0.005467 0.009773
0.005466 0.016334
0.005462 0.006133
0.005460 0.010985
0.005456 0.005608
0.005455 0.005718
0.005452 0.005503
0.005449 0.005671
0.005445 0.005620
0.005445 0.006471
0.005443 0.007977
0.005426 0.010655
0.005422 0.007689
0.005418 0.007536
0.005417 0.006741
0.005412 0.005444
0.005408 0.005598
0.005405 0.006349
0.005396 0.009378
0.005396 0.008126
0.005395 0.006703
0.005393 0.009709
0.005388 0.007135
0.005379 0.005887
0.005373 0.007039
0.005364 0.011314
0.005359 0.010043
0.005342 0.005641
0.005335 0.007013
0.005335 0.006018
0.005332 0.006856
0.005330 0.005438
0.005328 0.006715
0.005327 0.005983
0.005325 0.005721
0.005310 0.008104
0.005308 0.005441
0.005285 0.007483
0.005283 0.008053
0.005281 0.005635
0.005279 0.005294
0.005275 0.006895
0.005275 0.006332
0.005273 0.005848
0.005270 0.006808
0.005268 0.005272
0.005267 0.005557
0.005265 0.005815
0.005263 0.005888
0.005259 0.010327
0.005259 0.007765
0.005256 0.006872
0.005249 0.006165
0.005244 0.008014
0.005242 0.008092
0.005236 0.006428
0.005235 0.005788
0.005232 0.005250
0.005231 0.006622
0.005227 0.006297
0.005225 0.005266
0.005220 0.005281
0.005215 0.006808
0.005203 0.006282
0.005202 0.005852
0.005199 0.005578
0.005198 0.005786
0.005193 0.005233
0.005192 0.005239
0.005191 0.005291
0.005188 0.006272
0.005186 0.005886
0.005180 0.005543
0.005180 0.006038
0.005179 0.008270
0.005178 0.009045
0.005177 0.005624
0.005171 0.005460
0.005167 0.006698
0.005165 0.006816
0.005151 0.008714
0.005140 0.005772
0.005138 0.005546
0.005135 0.007146
0.005132 0.008212
0.005131 0.008972
0.005129 0.005876
0.005121 0.005253
0.005116 0.005172
0.005115 0.006054
0.005113 0.005363
0.005108 0.005124
0.005104 0.005937
0.005099 0.005605
0.005097 0.005585
0.005090 0.008741
0.005088 0.005486
0.005088 0.005474
0.005082 0.008327
0.005081 0.005119
0.005078 0.005913
0.005076 0.005377
0.005069 0.005361
0.005059 0.009281
0.005058 0.005444
0.005052 0.005128
0.005036 0.006953
0.005034 0.006573
0.005021 0.005250
0.005020 0.005289
0.005012 0.006496
0.005011 0.005755
0.005001 0.005636
0.004997 0.005844
0.004997 0.005429
0.004989 0.010416
0.004985 0.006593
0.004980 0.005058
0.004976 0.006125
0.004973 0.006613
0.004963 0.005135
0.004961 0.005855
0.004958 0.005653
0.004951 0.010005
0.004949 0.007182
0.004948 0.005823
0.004946 0.005240
0.004942 0.007801
0.004939 0.008715
0.004932 0.006639
0.004930 0.005525
0.004930 0.005937
0.004927 0.005453
0.004925 0.005804
0.004925 0.007518
0.004917 0.005098
0.004916 0.005005
0.004913 0.004978
0.004901 0.007317
0.004899 0.005835
0.004892 0.004897
0.004878 0.005196
0.004878 0.005468
0.004877 0.008953
0.004875 0.006947
0.004872 0.005396
0.004870 0.005121
0.004864 0.006643
0.004857 0.007585
0.004853 0.005834
0.004852 0.006385
0.004848 0.005150
0.004847 0.005365
0.004847 0.004876
0.004846 0.005531
0.004845 0.009281
0.004841 0.004918
0.004837 0.005782
0.004836 0.005302
0.004827 0.006168
0.004822 0.004860
0.004811 0.006116
0.004809 0.005263
0.004808 0.005504
0.004804 0.005611
0.004797 0.005655
0.004796 0.005327
0.004790 0.005026
0.004788 0.005832
0.004781 0.007642
0.004777 0.005178
0.004777 0.006187
0.004772 0.004778
0.004767 0.008236
0.004766 0.005961
0.004756 0.005350
0.004755 0.005129
0.004749 0.005723
0.004745 0.004906
0.004742 0.005630
0.004740 0.005529
0.004731 0.007006
0.004730 0.010239
0.004730 0.014089
0.004728 0.006373
0.004728 0.007381
0.004719 0.009729
0.004713 0.004760
0.004711 0.007550
0.004710 0.005050
0.004707 0.006158
0.004707 0.006199
0.004704 0.005487
0.004704 0.005451
0.004701 0.007074
0.004701 0.005427
0.004696 0.005608
0.004694 0.007284
0.004694 0.004747
0.004693 0.005545
0.004692 0.005069
0.004686 0.009696
0.004684 0.004712
0.004684 0.004749
0.004679 0.004763
0.004676 0.008410
0.004672 0.005469
0.004657 0.007729
0.004657 0.005716
0.004654 0.005165
0.004652 0.005841
0.004652 0.004782
0.004648 0.005322
0.004646 0.006881
0.004643 0.005520
0.004642 0.004644
0.004634 0.004746
0.004630 0.005596
0.004629 0.006891
0.004622 0.005501
0.004622 0.005553
0.004621 0.007595
0.004611 0.006261
0.004608 0.005934
0.004602 0.004843
0.004593 0.005177
0.004593 0.004677
0.004590 0.006133
0.004584 0.005262
0.004578 0.006128
0.004577 0.009017
0.004576 0.004731
0.004574 0.005328
0.004568 0.004617
0.004566 0.005072
0.004562 0.005322
0.004554 0.005245
0.004553 0.006687
0.004540 0.005095
0.004538 0.005260
0.004528 0.004951
0.004528 0.004556
0.004524 0.006188
0.004506 0.004976
0.004505 0.005337
0.004505 0.005302
0.004503 0.005246
0.004502 0.007387
0.004489 0.006891
0.004489 0.005765
0.004484 0.005025
0.004483 0.006532
0.004481 0.005140
0.004480 0.005351
0.004473 0.005458
0.004467 0.006440
0.004462 0.010279
0.004455 0.004635
0.004447 0.007579
0.004444 0.008805
0.004440 0.005341
0.004440 0.005984
0.004438 0.005577
0.004435 0.005083
0.004434 0.005477
0.004433 0.012131
0.004430 0.007501
0.004428 0.004861
0.004420 0.004477
0.004418 0.004426
0.004417 0.008022
0.004417 0.005184
0.004412 0.006599
0.004411 0.004923
0.004410 0.004722
0.004387 0.005123
0.004384 0.004918
0.004383 0.005145
0.004380 0.004494
0.004360 0.005022
0.004358 0.004488
0.004358 0.005298
0.004356 0.005052
0.004355 0.004592
0.004349 0.008577
0.004347 0.005585
0.004345 0.005384
0.004332 0.004805
0.004327 0.005039
0.004322 0.004567
0.004317 0.004448
0.004316 0.004483
0.004315 0.006541
0.004308 0.006664
0.004307 0.007383
0.004302 0.004985
0.004295 0.004944
0.004290 0.004437
0.004289 0.004411
0.004283 0.005137
0.004280 0.004826
0.004278 0.005353
0.004277 0.004514
0.004266 0.006022
0.004262 0.004654
0.004261 0.006039
0.004253 0.004562
0.004252 0.004258
0.004251 0.005224
0.004250 0.004354
0.004245 0.006699
0.004243 0.006237
0.004243 0.005618
0.004242 0.004722
0.004238 0.005470
0.004238 0.005272
0.004236 0.004696
0.004234 0.004657
0.004233 0.004583
0.004233 0.005539
0.004230 0.004234
0.004227 0.008096
0.004222 0.004384
0.004221 0.004515
0.004221 0.005275
0.004219 0.005346
0.004207 0.005571
0.004200 0.004702
0.004199 0.004213
0.004196 0.005100
0.004189 0.006276
0.004183 0.005705
0.004175 0.006385
0.004173 0.006545
0.004172 0.006611
0.004169 0.005478
0.004168 0.004757
0.004168 0.005457
0.004165 0.005061
0.004164 0.004847
0.004162 0.004495
0.004158 0.005657
0.004149 0.006427
0.004140 0.004229
0.004138 0.006362
0.004133 0.005264
0.004132 0.007661
0.004127 0.004680
0.004118 0.004231
0.004118 0.010584
0.004115 0.004177
0.004107 0.004195
0.004103 0.004358
0.004103 0.004268
0.004102 0.004215
0.004096 0.004563
0.004090 0.005183
0.004089 0.004648
0.004087 0.004278
0.004086 0.004258
0.004078 0.004650
0.004070 0.004770
0.004070 0.004326
0.004067 0.004514
0.004062 0.004072
0.004058 0.006994
0.004058 0.004283
0.004058 0.004107
0.004058 0.004266
0.004052 0.004936
0.004051 0.004450
0.004049 0.004118
0.004045 0.004306
0.004036 0.004625
0.004036 0.008759
0.004033 0.004643
0.004024 0.005614
0.004021 0.005495
0.004016 0.007994
0.004000 0.007374
0.003997 0.004119
0.003980 0.005036
0.003975 0.004260
0.003969 0.006430
0.003968 0.007365
0.003967 0.005031
0.003962 0.004177
0.003962 0.005827
0.003961 0.004540
0.003954 0.004287
0.003950 0.006214
0.003949 0.004260
0.003930 0.005588
0.003921 0.004586
0.003920 0.004732
0.003911 0.004182
0.003906 0.007158
0.003901 0.004258
0.003901 0.004857
0.003893 0.006423
0.003889 0.004767
0.003885 0.004449
0.003882 0.004919
0.003871 0.004979
0.003870 0.004302
0.003870 0.007914
0.003862 0.005761
0.003857 0.003979
0.003854 0.005128
0.003851 0.005248
0.003848 0.004087
0.003841 0.005892
0.003833 0.006389
0.003831 0.005909
0.003827 0.007053
0.003818 0.008016
0.003811 0.004253
0.003801 0.005109
0.003799 0.004354
0.003789 0.004877
0.003785 0.004782
0.003784 0.004726
0.003782 0.003823
0.003775 0.007052
0.003766 0.005216
0.003758 0.004074
0.003757 0.003987
0.003747 0.004338
0.003732 0.004375
0.003725 0.005119
0.003719 0.009229
0.003716 0.003757
0.003707 0.003781
0.003707 0.004561
0.003703 0.004699
0.003685 0.007451
0.003684 0.007094
0.003683 0.003843
0.003683 0.007700
0.003674 0.003827
0.003662 0.004096
0.003660 0.004989
0.003649 0.003831
0.003648 0.006323
0.003647 0.003921
0.003642 0.006111
0.003641 0.003992
0.003641 0.004061
0.003638 0.004788
0.003632 0.003703
0.003626 0.006193
0.003623 0.004294
0.003616 0.004028
0.003613 0.006178
0.003612 0.005489
0.003608 0.004369
0.003606 0.003626
0.003601 0.003663
0.003601 0.004138
0.003591 0.003912
0.003589 0.004403
0.003588 0.003770
0.003577 0.003715
0.003571 0.003627
0.003571 0.003885
0.003571 0.004023
0.003569 0.006921
0.003565 0.007947
0.003551 0.003618
0.003549 0.005077
0.003547 0.005454
0.003544 0.006999
0.003538 0.005577
0.003537 0.003672
0.003536 0.003543
0.003521 0.004158
0.003500 0.004176
0.003500 0.003594
0.003499 0.004484
0.003493 0.005973
0.003493 0.003796
0.003490 0.003495
0.003485 0.004555
0.003484 0.004750
0.003480 0.003511
0.003480 0.003928
0.003480 0.003498
0.003478 0.004070
0.003473 0.003554
0.003472 0.003598
0.003471 0.004057
0.003467 0.003670
0.003461 0.004853
0.003460 0.004328
0.003453 0.003530
0.003452 0.007062
0.003450 0.004037
0.003448 0.007419
0.003444 0.005221
0.003438 0.004588
0.003438 0.003637
0.003426 0.004928
0.003420 0.003738
0.003418 0.003808
0.003413 0.004502
0.003408 0.003662
0.003407 0.007232
0.003391 0.004271
0.003389 0.003643
0.003383 0.005152
0.003379 0.003627
0.003369 0.003513
0.003362 0.003584
0.003358 0.004147
0.003354 0.004230
0.003353 0.003367
0.003351 0.003718
0.003350 0.003764
0.003347 0.006322
0.003343 0.004139
0.003341 0.004863
0.003341 0.003409
0.003341 0.004293
0.003329 0.003497
0.003318 0.003562
0.003310 0.003853
0.003306 0.003361
0.003296 0.003762
0.003296 0.005290
0.003295 0.003575
0.003287 0.003634
0.003285 0.006621
0.003266 0.005212
0.003265 0.005214
0.003263 0.006310
0.003255 0.004114
0.003228 0.003734
0.003227 0.007293
0.003226 0.006412
0.003219 0.004199
0.003219 0.003419
0.003207 0.003267
0.003206 0.003264
0.003180 0.003315
0.003167 0.003584
0.003166 0.003269
0.003164 0.005852
0.003157 0.003186
0.003151 0.003340
0.003136 0.003216
0.003131 0.006304
0.003129 0.003533
0.003127 0.003495
0.003123 0.003453
0.003109 0.003957
0.003106 0.007352
0.003105 0.004982
0.003104 0.004844
0.003103 0.003336
0.003097 0.004035
0.003089 0.003550
0.003077 0.003511
0.003077 0.003966
0.003064 0.003110
0.003063 0.003202
0.003052 0.003887
0.003051 0.003221
0.003047 0.003145
0.003026 0.003514
0.003015 0.003595
0.003008 0.003462
0.003005 0.004421
0.002998 0.003127
0.002987 0.004034
0.002982 0.003358
0.002974 0.003103
0.002970 0.003410
0.002965 0.003254
0.002957 0.002962
0.002954 0.003288
0.002946 0.003268
0.002942 0.003027
0.002936 0.002983
0.002929 0.003978
0.002923 0.004334
0.002920 0.004108
0.002912 0.003039
0.002911 0.003200
0.002909 0.003183
0.002887 0.002988
0.002860 0.002920
0.002836 0.003246
0.002833 0.003197
0.002832 0.003007
0.002827 0.003283
0.002823 0.002932
0.002820 0.005875
0.002819 0.003078
0.002812 0.002825
0.002808 0.003367
0.002807 0.002867
0.002794 0.003874
0.002791 0.003289
0.002789 0.003103
0.002777 0.003626
0.002774 0.003062
0.002771 0.003660
0.002771 0.004223
0.002753 0.003152
0.002746 0.002779
0.002740 0.003951
0.002739 0.003138
0.002734 0.003184
0.002728 0.003373
0.002706 0.003265
0.002700 0.003180
0.002686 0.002907
0.002677 0.002822
0.002675 0.002821
0.002669 0.002711
0.002659 0.002672
0.002656 0.003266
0.002656 0.003294
0.002654 0.003238
0.002634 0.002644
0.002632 0.004477
0.002620 0.002652
0.002574 0.003187
0.002571 0.002802
0.002550 0.002576
0.002542 0.002635
0.002520 0.002547
0.002485 0.002805
0.002482 0.003895
0.002444 0.002520
0.002413 0.002750
0.002395 0.002413
0.002362 0.002369
0.002340 0.002379
0.002331 0.002964
0.002328 0.002489
0.002283 0.002366
0.002274 0.002666
0.002271 0.003357
0.002260 0.002459
0.002232 0.002350
0.002220 0.002711
0.002204 0.002356
0.002179 0.002360
0.002164 0.002167
0.002146 0.002179
0.002137 0.002263
0.002106 0.002381
0.002101 0.002179
0.002097 0.002249
0.002039 0.002295
0.002018 0.002117
0.002003 0.002096
0.001975 0.002410
0.001913 0.002075
0.001865 0.001913
0.001836 0.002165
0.001787 0.002269
0.001765 0.001878
0.001609 0.001654
0.001591 0.001674
0.001579 0.001741
0.001343 0.001544
0.001021 0.001278
