0.151787 0.200391
0.130367 0.160403
0.119632 0.142942
0.106766 0.114608
0.102306 0.118559
0.100210 0.132057
0.096785 0.098150
0.092069 0.095594
0.089433 0.100670
0.089269 0.107115
0.088735 0.104077
0.085534 0.090239
0.084544 0.119078
0.081257 0.114631
0.080831 0.119727
0.079787 0.116866
0.079692 0.094773
0.078327 0.116968
0.078017 0.098200
0.077050 0.089649
0.071671 0.102004
0.066736 0.072959
0.064625 0.071483
0.062100 0.064718
0.061949 0.115767
0.061632 0.063267
0.059102 0.067275
0.058422 0.074680
0.056412 0.114810
0.056345 0.067609
0.055801 0.060967
0.055407 0.055735
0.054756 0.059487
0.054189 0.060134
0.053469 0.054976
0.052447 0.055760
0.052116 0.067060
0.050516 0.052896
0.049845 0.052274
0.049493 0.052540
0.049473 0.052849
0.049326 0.053422
0.048705 0.049674
0.048611 0.052794
0.048187 0.054024
0.047838 0.062498
0.047699 0.048894
0.047644 0.062250
0.047384 0.065876
0.047304 0.053830
0.047193 0.051506
0.047008 0.049845
0.046734 0.048580
0.046626 0.048700
0.046605 0.055477
0.046384 0.059342
0.045422 0.053540
0.045195 0.045481
0.044840 0.050458
0.044031 0.056459
0.043654 0.055354
0.043248 0.073445
0.043123 0.064353
0.042905 0.050049
0.042420 0.045276
0.042241 0.092897
0.042040 0.042981
0.041874 0.044648
0.040868 0.063436
0.040630 0.052858
0.040542 0.041204
0.040464 0.066029
0.039673 0.040664
0.039531 0.039680
0.039492 0.039672
0.039469 0.045016
0.038859 0.059119
0.038356 0.052956
0.038328 0.038387
0.038260 0.041367
0.038246 0.038369
0.038226 0.038619
0.038208 0.038885
0.038056 0.041994
0.037474 0.056169
0.037441 0.039015
0.036117 0.037999
0.036109 0.040232
0.035849 0.038932
0.035701 0.042958
0.035657 0.073171
0.034955 0.042860
0.034463 0.037461
0.034317 0.036892
0.034313 0.050808
0.034188 0.041995
0.033828 0.039465
0.033765 0.033801
0.033758 0.033842
0.033755 0.033898
0.033747 0.034087
0.033746 0.033780
0.033745 0.033994
0.033742 0.033764
0.033742 0.034207
0.033741 0.033743
0.033741 0.034014
0.033741 0.034160
0.033741 0.034360
0.033741 0.034604
0.033741 0.033897
0.033083 0.036739
0.032958 0.049420
0.032570 0.033707
0.032545 0.035875
0.032278 0.036252
0.031564 0.040051
0.031285 0.031946
0.031107 0.041058
0.030865 0.040525
0.029528 0.036883
0.029520 0.035440
0.029376 0.039523
0.029081 0.029351
0.028987 0.031482
0.028822 0.040750
0.028743 0.030156
0.028510 0.042429
0.028340 0.032299
0.028198 0.045897
0.028108 0.031843
0.027866 0.030681
0.027855 0.049765
0.027796 0.034875
0.027513 0.044057
0.027386 0.035362
0.027365 0.031348
0.027298 0.029640
0.027198 0.034564
0.027070 0.028284
0.027035 0.028156
0.026962 0.030904
0.026839 0.038717
0.026282 0.029230
0.025803 0.039875
0.025727 0.032858
0.025724 0.030614
0.025651 0.027194
0.025500 0.025906
0.025455 0.025627
0.025436 0.042540
0.025024 0.035578
0.024858 0.027621
0.024855 0.028305
0.024795 0.029548
0.024672 0.026814
0.024597 0.032111
0.024405 0.026976
0.024042 0.032458
0.024023 0.026334
0.023933 0.025590
0.023926 0.032685
0.023764 0.047897
0.023615 0.029879
0.023591 0.027341
0.023540 0.025145
0.023539 0.025074
0.023467 0.025828
0.023366 0.024205
0.023331 0.024050
0.023268 0.028811
0.022985 0.024255
0.022976 0.034442
0.022761 0.033622
0.022727 0.029934
0.022687 0.025378
0.022578 0.047167
0.022565 0.022621
0.022501 0.023093
0.022450 0.031723
0.022442 0.023401
0.022406 0.036731
0.022376 0.026747
0.022336 0.031037
0.022291 0.023639
0.022291 0.025319
0.022288 0.023760
0.022233 0.032565
0.022218 0.027793
0.022137 0.036905
0.022050 0.025095
0.021984 0.023430
0.021984 0.023316
0.021951 0.022662
0.021871 0.022385
0.021776 0.022209
0.021772 0.029284
0.021577 0.022126
0.021372 0.034669
0.021367 0.023433
0.021341 0.021745
0.021340 0.021803
0.021307 0.022704
0.021246 0.022746
0.021128 0.022134
0.021115 0.027166
0.021113 0.029233
0.021010 0.024191
0.021003 0.032954
0.020990 0.021297
0.020939 0.027055
0.020791 0.023464
0.020779 0.023497
0.020768 0.022792
0.020714 0.021917
0.020677 0.036568
0.020525 0.021568
0.020446 0.024450
0.020356 0.023638
0.020303 0.029742
0.020264 0.034464
0.020119 0.020806
0.020090 0.021943
0.020078 0.022032
0.020064 0.045178
0.020056 0.027587
0.020025 0.020833
0.019976 0.024139
0.019962 0.025806
0.019931 0.021781
0.019895 0.025553
0.019841 0.027927
0.019836 0.021869
0.019775 0.019853
0.019593 0.029155
0.019549 0.021622
0.019498 0.021972
0.019353 0.040902
0.019276 0.019695
0.019260 0.040137
0.019012 0.019020
0.018954 0.025067
0.018944 0.019902
0.018931 0.019476
0.018837 0.021794
0.018758 0.022162
0.018739 0.021468
0.018735 0.023034
0.018726 0.020152
0.018721 0.020450
0.018704 0.021587
0.018685 0.031050
0.018672 0.032681
0.018633 0.023651
0.018599 0.018811
0.018571 0.022852
0.018348 0.019203
0.018190 0.027811
0.018134 0.018449
0.018105 0.019073
0.018085 0.020583
0.018079 0.018270
0.018070 0.019878
0.018061 0.018439
0.018047 0.019885
0.018020 0.018398
0.017992 0.018476
0.017723 0.021517
0.017718 0.017756
0.017713 0.018835
0.017712 0.019095
0.017592 0.019436
0.017545 0.021530
0.017527 0.019883
0.017506 0.020906
0.017497 0.019122
0.017459 0.023082
0.017415 0.019830
0.017362 0.017740
0.017280 0.019978
0.017264 0.018553
0.017231 0.020795
0.017202 0.020018
0.017041 0.028428
0.017031 0.036269
0.017028 0.020154
0.016882 0.022051
0.016878 0.026140
0.016860 0.017721
0.016828 0.017815
0.016793 0.029563
0.016791 0.020920
0.016784 0.017216
0.016782 0.017184
0.016766 0.020876
0.016644 0.028774
0.016610 0.017746
0.016583 0.017517
0.016582 0.020870
0.016544 0.017208
0.016503 0.019383
0.016454 0.022151
0.016369 0.016500
0.016332 0.033242
0.016302 0.016736
0.016197 0.033340
0.016185 0.017172
0.016174 0.032837
0.016170 0.019430
0.016049 0.016950
0.016029 0.018604
0.016025 0.016026
0.015869 0.016534
0.015859 0.017132
0.015848 0.016041
0.015747 0.018486
0.015720 0.016864
0.015664 0.015763
0.015604 0.016506
0.015572 0.016880
0.015569 0.015746
0.015568 0.015965
0.015529 0.015883
0.015518 0.017033
0.015505 0.016512
0.015474 0.016735
0.015444 0.022851
0.015429 0.017520
0.015387 0.020510
0.015387 0.015868
0.015357 0.016230
0.015351 0.016238
0.015290 0.019680
0.015265 0.018128
0.015189 0.016234
0.015162 0.017849
0.015128 0.026487
0.015097 0.015180
0.015088 0.020983
0.015044 0.018035
0.015028 0.029664
0.015010 0.023681
0.015010 0.020204
0.014985 0.016875
0.014953 0.017280
0.014847 0.015050
0.014811 0.015132
0.014800 0.015174
0.014798 0.019438
0.014763 0.016940
0.014741 0.015416
0.014647 0.015313
0.014532 0.014554
0.014523 0.029017
0.014500 0.019573
0.014447 0.015802
0.014430 0.016388
0.014385 0.020879
0.014269 0.016628
0.014202 0.016528
0.014193 0.021454
0.014185 0.017556
0.014157 0.015016
0.014126 0.020586
0.014072 0.014187
0.014072 0.014918
0.014070 0.014752
0.014064 0.017162
0.014033 0.014465
0.014001 0.017512
0.013960 0.015860
0.013949 0.016823
0.013935 0.014667
0.013919 0.021721
0.013917 0.014136
0.013905 0.016167
0.013901 0.014809
0.013865 0.015251
0.013864 0.035370
0.013862 0.013984
0.013834 0.020016
0.013824 0.018340
0.013809 0.017933
0.013807 0.016246
0.013804 0.014360
0.013739 0.013928
0.013704 0.013977
0.013673 0.013995
0.013633 0.017418
0.013617 0.023993
0.013600 0.019299
0.013582 0.014052
0.013581 0.018555
0.013502 0.013603
0.013478 0.018825
0.013460 0.017422
0.013452 0.025995
0.013419 0.015421
0.013416 0.014013
0.013411 0.014328
0.013409 0.014517
0.013350 0.013786
0.013332 0.015879
0.013330 0.013462
0.013327 0.016881
0.013296 0.014691
0.013272 0.018814
0.013241 0.017848
0.013222 0.014705
0.013221 0.013846
0.013207 0.016178
0.013184 0.014383
0.013138 0.015127
0.013130 0.013513
0.013119 0.014103
0.013107 0.018793
0.013078 0.014135
0.013067 0.013720
0.013055 0.016760
0.013051 0.014240
0.013021 0.014177
0.012996 0.014606
0.012992 0.029708
0.012963 0.014052
0.012952 0.014193
0.012944 0.014447
0.012941 0.015368
0.012921 0.024647
0.012907 0.013053
0.012897 0.014428
0.012888 0.013867
0.012872 0.018510
0.012761 0.013542
0.012760 0.022659
0.012612 0.018290
0.012607 0.018526
0.012588 0.019042
0.012587 0.028349
0.012577 0.014026
0.012573 0.016022
0.012567 0.013409
0.012558 0.014215
0.012533 0.017061
0.012491 0.016909
0.012475 0.015811
0.012418 0.012667
0.012404 0.012621
0.012387 0.014268
0.012379 0.014286
0.012374 0.012440
0.012373 0.012528
0.012363 0.021591
0.012344 0.016551
0.012303 0.018921
0.012300 0.015979
0.012275 0.021697
0.012232 0.012346
0.012182 0.015597
0.012178 0.018520
0.012131 0.012433
0.012074 0.013236
0.012030 0.012159
0.012028 0.012120
0.012027 0.012102
0.012020 0.013426
0.012020 0.013324
0.011959 0.014034
0.011949 0.012906
0.011935 0.020738
0.011903 0.017420
0.011889 0.016086
0.011881 0.012434
0.011870 0.011988
0.011847 0.019390
0.011838 0.013727
0.011809 0.014081
0.011802 0.013441
0.011800 0.018981
0.011780 0.017347
0.011763 0.025564
0.011724 0.023589
0.011715 0.011749
0.011693 0.013998
0.011663 0.016036
0.011645 0.013573
0.011645 0.014077
0.011644 0.017462
0.011625 0.022539
0.011620 0.015572
0.011616 0.013568
0.011615 0.016343
0.011599 0.012487
0.011593 0.014678
0.011573 0.011829
0.011555 0.018395
0.011549 0.012634
0.011510 0.016812
0.011481 0.028299
0.011467 0.017937
0.011462 0.012159
0.011427 0.025855
0.011391 0.014162
0.011381 0.016501
0.011375 0.011494
0.011333 0.016446
0.011333 0.012237
0.011315 0.013166
0.011297 0.015064
0.011295 0.011527
0.011265 0.012392
0.011262 0.011319
0.011240 0.011959
0.011210 0.011235
0.011202 0.013577
0.011189 0.011276
0.011186 0.012123
0.011183 0.011586
0.011170 0.016561
0.011137 0.015308
0.011131 0.011792
0.011115 0.012856
0.011106 0.011208
0.011066 0.011536
0.011055 0.014923
0.011018 0.019640
0.011011 0.018032
0.010999 0.012886
0.010996 0.014155
0.010986 0.012010
0.010981 0.011044
0.010974 0.011561
0.010958 0.012425
0.010932 0.013674
0.010929 0.011925
0.010904 0.013011
0.010894 0.012407
0.010885 0.015359
0.010882 0.011049
0.010823 0.014265
0.010815 0.020443
0.010814 0.015426
0.010805 0.011376
0.010790 0.011109
0.010759 0.014336
0.010744 0.011997
0.010715 0.011304
0.010700 0.019876
0.010700 0.015381
0.010690 0.023007
0.010631 0.015515
0.010630 0.013560
0.010628 0.012300
0.010599 0.015238
0.010581 0.011946
0.010573 0.013649
0.010566 0.016218
0.010566 0.011009
0.010563 0.010767
0.010545 0.011354
0.010539 0.011192
0.010508 0.010799
0.010502 0.012414
0.010488 0.012685
0.010477 0.011791
0.010474 0.010661
0.010466 0.013167
0.010463 0.012405
0.010462 0.012186
0.010459 0.011482
0.010428 0.012995
0.010378 0.010449
0.010358 0.010485
0.010345 0.012294
0.010339 0.010841
0.010292 0.010319
0.010267 0.012609
0.010253 0.012632
0.010252 0.010701
0.010213 0.015378
0.010182 0.010640
0.010179 0.010184
0.010175 0.010774
0.010139 0.020738
0.010109 0.011119
0.010108 0.011260
0.010080 0.013462
0.010041 0.012705
0.010027 0.013093
0.010020 0.020741
0.010015 0.012708
0.010003 0.012661
0.009979 0.011010
0.009906 0.012269
0.009899 0.013347
0.009886 0.011604
0.009778 0.014713
0.009771 0.011328
0.009767 0.013978
0.009748 0.012169
0.009737 0.012591
0.009730 0.010870
0.009722 0.012736
0.009718 0.010578
0.009711 0.012830
0.009679 0.010843
0.009647 0.016906
0.009635 0.010576
0.009601 0.011766
0.009590 0.010710
0.009581 0.012744
0.009528 0.010396
0.009526 0.010500
0.009517 0.015161
0.009516 0.015201
0.009513 0.009671
0.009505 0.010458
0.009466 0.017414
0.009452 0.009519
0.009425 0.010135
0.009422 0.013121
0.009414 0.011396
0.009412 0.010379
0.009403 0.013134
0.009400 0.009907
0.009396 0.016130
0.009386 0.015220
0.009384 0.009935
0.009374 0.009808
0.009368 0.010942
0.009365 0.014356
0.009361 0.009406
0.009337 0.009935
0.009327 0.013148
0.009315 0.009605
0.009294 0.014575
0.009287 0.009495
0.009281 0.011476
0.009280 0.009541
0.009268 0.015192
0.009264 0.013113
0.009256 0.009672
0.009247 0.014112
0.009245 0.013639
0.009244 0.010548
0.009236 0.010226
0.009218 0.012381
0.009215 0.012705
0.009190 0.011149
0.009186 0.009938
0.009160 0.009598
0.009154 0.009331
0.009150 0.009700
0.009143 0.010178
0.009131 0.010471
0.009116 0.011353
0.009103 0.010005
0.009102 0.009492
0.009081 0.009354
0.009074 0.011118
0.009073 0.009573
0.009064 0.017713
0.009060 0.012287
0.009054 0.016768
0.009035 0.010268
0.009034 0.009073
0.009015 0.009691
0.009007 0.009801
0.008989 0.011730
0.008985 0.015888
0.008972 0.014787
0.008969 0.012095
0.008966 0.011760
0.008958 0.009084
0.008956 0.008994
0.008948 0.009746
0.008948 0.010402
0.008941 0.013296
0.008939 0.009317
0.008925 0.010101
0.008912 0.008956
0.008891 0.015337
0.008882 0.009357
0.008879 0.010618
0.008874 0.009041
0.008860 0.009011
0.008853 0.009419
0.008850 0.014378
0.008849 0.008953
0.008848 0.009791
0.008842 0.010751
0.008840 0.014303
0.008836 0.012142
0.008811 0.009525
0.008788 0.009274
0.008786 0.012376
0.008767 0.015877
0.008753 0.009338
0.008743 0.008956
0.008740 0.018089
0.008720 0.013094
0.008705 0.011866
0.008702 0.009192
0.008696 0.008881
0.008689 0.009729
0.008678 0.012607
0.008668 0.008803
0.008653 0.015474
0.008638 0.008950
0.008638 0.008670
0.008631 0.013444
0.008631 0.009482
0.008599 0.010738
0.008587 0.008596
0.008578 0.019092
0.008562 0.008985
0.008560 0.009080
0.008525 0.009097
0.008513 0.015576
0.008500 0.013453
0.008491 0.009481
0.008481 0.010127
0.008481 0.010337
0.008453 0.009388
0.008452 0.008616
0.008446 0.012453
0.008441 0.011280
0.008432 0.010503
0.008420 0.009931
0.008394 0.009093
0.008393 0.014520
0.008390 0.018573
0.008361 0.008687
0.008351 0.010419
0.008341 0.011742
0.008329 0.008823
0.008320 0.008943
0.008316 0.008417
0.008312 0.009004
0.008304 0.011943
0.008289 0.009184
0.008279 0.008515
0.008266 0.012636
0.008248 0.009268
0.008242 0.008670
0.008227 0.008953
0.008217 0.008685
0.008210 0.009761
0.008202 0.009809
0.008193 0.008436
0.008187 0.008641
0.008180 0.008578
0.008175 0.008970
0.008163 0.009306
0.008155 0.009612
0.008131 0.008555
0.008112 0.009349
0.008094 0.008786
0.008092 0.010952
0.008077 0.010435
0.008070 0.009521
0.008057 0.008120
0.008055 0.008408
0.008052 0.008717
0.008051 0.011260
0.008046 0.009033
0.008024 0.008100
0.008012 0.008729
0.007996 0.009042
0.007996 0.013621
0.007992 0.010047
0.007987 0.008096
0.007972 0.010102
0.007954 0.014275
0.007944 0.009140
0.007933 0.010705
0.007930 0.008119
0.007929 0.013202
0.007918 0.010659
0.007898 0.007959
0.007883 0.010868
0.007881 0.007923
0.007861 0.011997
0.007835 0.008676
0.007834 0.007912
0.007831 0.008480
0.007821 0.011987
0.007787 0.007791
0.007761 0.007794
0.007756 0.010952
0.007752 0.008747
0.007750 0.010933
0.007730 0.008662
0.007707 0.008605
0.007705 0.008724
0.007702 0.009287
0.007690 0.008155
0.007683 0.010248
0.007648 0.009056
0.007641 0.007808
0.007641 0.007769
0.007633 0.008121
0.007599 0.016240
0.007583 0.010440
0.007574 0.007781
0.007558 0.011262
0.007552 0.008128
0.007539 0.007560
0.007537 0.010436
0.007521 0.014127
0.007506 0.009525
0.007506 0.016786
0.007506 0.011203
0.007502 0.007881
0.007499 0.009894
0.007480 0.010757
0.007461 0.008059
0.007444 0.007621
0.007437 0.007584
0.007436 0.016114
0.007430 0.008026
0.007416 0.009386
0.007402 0.012530
0.007383 0.007947
0.007380 0.008785
0.007377 0.010473
0.007367 0.009033
0.007365 0.010618
0.007350 0.008821
0.007347 0.011284
0.007345 0.007423
0.007318 0.007982
0.007316 0.013332
0.007314 0.008000
0.007314 0.007596
0.007296 0.011286
0.007291 0.013440
0.007278 0.008780
0.007276 0.015007
0.007275 0.010621
0.007267 0.007798
0.007262 0.008159
0.007242 0.007397
0.007234 0.008819
0.007233 0.007623
0.007206 0.007337
0.007206 0.009099
0.007204 0.009886
0.007200 0.011848
0.007191 0.008901
0.007191 0.007342
0.007190 0.007634
0.007187 0.009105
0.007169 0.008663
0.007168 0.007440
0.007167 0.007285
0.007165 0.007287
0.007165 0.008195
0.007154 0.007683
0.007110 0.009601
0.007103 0.008881
0.007098 0.008674
0.007095 0.007675
0.007094 0.011482
0.007087 0.013738
0.007080 0.007282
0.007080 0.012144
0.007074 0.007113
0.007070 0.011141
0.007065 0.015412
0.007065 0.008898
0.007057 0.010052
0.007056 0.009246
0.007038 0.009035
0.007032 0.007573
0.007026 0.008464
0.007022 0.008365
0.007016 0.011352
0.007007 0.007396
0.006989 0.007509
0.006987 0.008000
0.006978 0.007044
0.006971 0.007039
0.006962 0.007609
0.006956 0.007729
0.006952 0.007182
0.006938 0.008858
0.006924 0.007480
0.006922 0.007106
0.006911 0.007057
0.006910 0.011814
0.006897 0.011650
0.006879 0.009899
0.006876 0.013276
0.006871 0.009610
0.006871 0.007984
0.006818 0.007419
0.006799 0.010727
0.006796 0.007938
0.006795 0.007292
0.006786 0.011654
0.006783 0.006900
0.006773 0.007985
0.006761 0.007723
0.006760 0.007025
0.006736 0.007175
0.006735 0.006740
0.006735 0.009764
0.006733 0.007363
0.006718 0.007430
0.006716 0.007202
0.006706 0.006743
0.006702 0.010059
0.006693 0.007996
0.006692 0.007366
0.006690 0.008119
0.006686 0.011545
0.006682 0.006862
0.006677 0.014079
0.006669 0.006845
0.006666 0.007277
0.006662 0.007774
0.006655 0.006785
0.006653 0.007337
0.006631 0.009332
0.006625 0.007474
0.006618 0.006949
0.006617 0.007001
0.006613 0.007574
0.006607 0.006734
0.006605 0.006674
0.006600 0.010750
0.006588 0.006695
0.006583 0.007095
0.006583 0.006688
0.006573 0.013184
0.006573 0.009394
0.006568 0.010656
0.006557 0.006734
0.006553 0.008211
0.006543 0.009070
0.006537 0.009904
0.006527 0.006549
0.006521 0.008992
0.006508 0.008897
0.006500 0.007839
0.006499 0.010954
0.006494 0.007539
0.006491 0.006530
0.006490 0.007995
0.006482 0.007644
0.006468 0.008052
0.006458 0.009613
0.006447 0.007136
0.006440 0.007489
0.006431 0.008076
0.006413 0.006584
0.006410 0.006490
0.006409 0.006426
0.006408 0.007967
0.006403 0.006972
0.006402 0.007786
0.006402 0.011698
0.006380 0.011682
0.006379 0.006737
0.006367 0.008002
0.006352 0.008693
0.006336 0.006999
0.006331 0.007050
0.006323 0.007383
0.006320 0.007146
0.006318 0.007335
0.006302 0.007036
0.006301 0.006961
0.006295 0.006561
0.006294 0.006785
0.006294 0.006458
0.006290 0.006631
0.006287 0.007459
0.006284 0.006748
0.006261 0.007672
0.006229 0.007207
0.006227 0.008276
0.006227 0.006590
0.006224 0.007765
0.006218 0.011327
0.006204 0.008914
0.006199 0.006866
0.006197 0.010995
0.006186 0.007880
0.006164 0.006196
0.006162 0.006346
0.006143 0.007298
0.006142 0.006937
0.006129 0.007951
0.006126 0.006434
0.006126 0.006545
0.006124 0.008274
0.006119 0.009068
0.006113 0.006718
0.006113 0.006523
0.006108 0.006739
0.006094 0.007430
0.006067 0.006948
0.006063 0.006515
0.006059 0.006543
0.006058 0.010144
0.006058 0.006397
0.006047 0.006392
0.006045 0.006576
0.006044 0.006342
0.006038 0.006771
0.006016 0.007281
0.006010 0.007137
0.006006 0.008636
0.006000 0.008782
0.005996 0.006192
0.005990 0.008306
0.005989 0.008343
0.005989 0.006324
0.005989 0.006136
0.005983 0.013300
0.005979 0.007275
0.005972 0.007309
0.005968 0.009644
0.005964 0.009822
0.005955 0.006719
0.005954 0.007369
0.005953 0.006902
0.005943 0.008465
0.005939 0.006666
0.005935 0.006164
0.005928 0.006572
0.005923 0.008397
0.005923 0.006042
0.005918 0.006991
0.005917 0.006289
0.005913 0.006810
0.005910 0.008678
0.005901 0.006997
0.005897 0.006565
0.005892 0.007192
0.005884 0.006130
0.005875 0.005883
0.005874 0.006881
0.005867 0.009763
0.005865 0.009681
0.005858 0.008182
0.005857 0.007749
0.005855 0.006565
0.005843 0.006194
0.005830 0.006007
0.005813 0.009434
0.005804 0.011511
0.005803 0.006156
0.005799 0.006437
0.005793 0.006469
0.005792 0.006493
0.005791 0.006884
0.005789 0.006306
0.005789 0.005858
0.005784 0.005976
0.005768 0.007616
0.005760 0.007834
0.005749 0.008173
0.005749 0.006345
0.005745 0.006401
0.005742 0.006144
0.005739 0.006175
0.005735 0.006583
0.005734 0.006567
0.005731 0.006320
0.005730 0.007071
0.005722 0.007088
0.005719 0.007065
0.005712 0.005725
0.005709 0.006410
0.005707 0.006478
0.005706 0.006226
0.005696 0.007881
0.005690 0.006709
0.005689 0.012202
0.005677 0.005974
0.005676 0.006349
0.005676 0.006167
0.005676 0.013571
0.005667 0.005999
0.005652 0.007966
0.005650 0.007632
0.005649 0.006362
0.005648 0.008488
0.005645 0.011277
0.005643 0.013036
0.005639 0.006068
0.005638 0.006556
0.005634 0.009384
0.005634 0.006075
0.005633 0.008226
0.005631 0.005712
0.005631 0.006383
0.005628 0.009152
0.005623 0.010200
0.005612 0.005982
0.005609 0.006815
0.005607 0.005837
0.005606 0.006328
0.005606 0.006958
0.005603 0.006622
0.005600 0.006102
0.005589 0.005965
0.005588 0.005842
0.005576 0.006799
0.005575 0.007662
0.005574 0.006140
0.005573 0.006975
0.005562 0.005965
0.005557 0.008015
0.005551 0.009423
0.005550 0.007024
0.005548 0.007047
0.005547 0.006707
0.005530 0.005589
0.005529 0.009164
0.005527 0.008816
0.005514 0.005545
0.005507 0.007906
0.005500 0.009533
0.005493 0.012218
0.005491 0.005516
0.005490 0.009196
0.005487 0.005509
0.005484 0.007036
0.005478 0.007782
0.005475 0.006456
0.005472 0.005634
0.005461 0.005590
0.005456 0.007150
0.005455 0.005737
0.005450 0.006191
0.005446 0.007887
0.005444 0.006121
0.005440 0.005511
0.005438 0.005895
0.005435 0.006819
0.005424 0.006518
0.005422 0.006092
0.005420 0.008276
0.005418 0.006434
0.005412 0.009636
0.005408 0.005927
0.005405 0.006693
0.005405 0.005451
0.005404 0.006018
0.005398 0.007045
0.005387 0.006304
0.005386 0.006346
0.005385 0.007056
0.005379 0.006099
0.005374 0.005673
0.005374 0.009231
0.005356 0.006300
0.005351 0.005892
0.005350 0.007166
0.005341 0.006447
0.005338 0.005404
0.005335 0.006093
0.005330 0.005810
0.005324 0.005462
0.005323 0.005885
0.005309 0.008126
0.005300 0.005403
0.005300 0.006704
0.005299 0.006410
0.005292 0.010942
0.005290 0.006282
0.005279 0.009213
0.005276 0.006643
0.005276 0.006635
0.005260 0.005327
0.005252 0.005628
0.005251 0.009418
0.005248 0.007802
0.005248 0.005273
0.005245 0.005676
0.005240 0.006447
0.005235 0.006633
0.005231 0.005724
0.005229 0.005379
0.005224 0.005681
0.005201 0.006257
0.005198 0.005327
0.005180 0.006483
0.005166 0.005342
0.005161 0.005316
0.005157 0.005835
0.005151 0.009149
0.005143 0.008152
0.005134 0.005695
0.005133 0.005984
0.005131 0.012085
0.005129 0.005956
0.005127 0.009774
0.005112 0.006261
0.005109 0.005171
0.005103 0.005773
0.005102 0.010124
0.005101 0.005264
0.005091 0.007301
0.005091 0.005308
0.005086 0.005178
0.005083 0.006829
0.005073 0.008384
0.005072 0.008757
0.005059 0.007053
0.005056 0.005293
0.005055 0.009624
0.005055 0.005386
0.005051 0.005238
0.005050 0.007869
0.005043 0.006085
0.005041 0.005611
0.005039 0.007475
0.005033 0.005667
0.005028 0.005700
0.005023 0.006907
0.005021 0.005822
0.005018 0.009212
0.005004 0.005724
0.005004 0.006220
0.005002 0.005365
0.005000 0.005815
0.004994 0.005172
0.004990 0.009146
0.004989 0.005791
0.004979 0.005259
0.004960 0.006065
0.004958 0.006321
0.004949 0.005002
0.004948 0.004993
0.004943 0.005775
0.004940 0.005916
0.004936 0.004990
0.004930 0.005974
0.004928 0.006398
0.004927 0.006703
0.004927 0.006267
0.004927 0.006467
0.004926 0.006956
0.004920 0.007066
0.004919 0.008077
0.004919 0.005311
0.004910 0.006045
0.004906 0.008338
0.004904 0.005285
0.004902 0.005336
0.004900 0.005172
0.004899 0.004983
0.004895 0.004958
0.004895 0.005044
0.004892 0.005503
0.004888 0.005713
0.004883 0.005385
0.004883 0.004883
0.004882 0.005481
0.004881 0.005284
0.004876 0.005762
0.004871 0.004886
0.004869 0.007912
0.004866 0.007791
0.004863 0.008743
0.004855 0.005261
0.004847 0.006418
0.004833 0.005680
0.004832 0.004881
0.004829 0.005732
0.004825 0.006646
0.004824 0.004886
0.004815 0.005336
0.004813 0.005829
0.004806 0.005739
0.004805 0.009083
0.004793 0.005084
0.004793 0.005506
0.004785 0.006069
0.004784 0.005217
0.004775 0.006265
0.004775 0.005398
0.004773 0.006246
0.004771 0.008036
0.004771 0.008328
0.004769 0.009119
0.004769 0.004861
0.004765 0.005571
0.004757 0.005267
0.004746 0.007079
0.004746 0.005060
0.004736 0.006675
0.004732 0.006074
0.004730 0.005116
0.004722 0.005358
0.004718 0.007715
0.004718 0.005490
0.004714 0.005088
0.004708 0.005711
0.004707 0.006605
0.004706 0.004940
0.004706 0.005089
0.004703 0.004858
0.004703 0.004854
0.004702 0.005222
0.004701 0.005733
0.004696 0.005797
0.004691 0.004875
0.004687 0.006689
0.004686 0.005202
0.004677 0.006225
0.004677 0.006436
0.004676 0.007658
0.004675 0.005844
0.004673 0.005155
0.004668 0.005197
0.004657 0.005132
0.004647 0.004847
0.004645 0.005443
0.004638 0.005019
0.004636 0.005027
0.004632 0.005003
0.004629 0.004675
0.004623 0.006600
0.004623 0.005218
0.004616 0.005861
0.004606 0.005112
0.004604 0.005903
0.004602 0.006208
0.004601 0.007527
0.004587 0.004852
0.004586 0.004796
0.004586 0.005252
0.004582 0.006168
0.004569 0.005106
0.004562 0.004717
0.004558 0.006012
0.004557 0.005240
0.004557 0.005453
0.004547 0.004601
0.004540 0.004703
0.004536 0.004869
0.004528 0.005434
0.004528 0.010850
0.004528 0.004773
0.004527 0.004599
0.004522 0.006654
0.004520 0.004819
0.004510 0.006622
0.004506 0.004832
0.004506 0.005382
0.004506 0.004544
0.004504 0.007683
0.004500 0.005131
0.004500 0.004744
0.004500 0.007483
0.004499 0.004637
0.004496 0.004638
0.004495 0.006026
0.004489 0.010971
0.004482 0.004565
0.004481 0.008366
0.004474 0.007191
0.004473 0.005084
0.004472 0.004885
0.004472 0.006927
0.004472 0.006093
0.004466 0.008327
0.004465 0.009675
0.004463 0.004937
0.004461 0.005575
0.004459 0.004592
0.004452 0.005923
0.004452 0.005316
0.004448 0.004571
0.004447 0.005166
0.004446 0.005150
0.004442 0.006410
0.004425 0.005362
0.004423 0.006623
0.004421 0.004919
0.004420 0.006363
0.004417 0.004452
0.004399 0.004662
0.004396 0.005670
0.004394 0.004548
0.004392 0.005432
0.004388 0.004974
0.004387 0.005800
0.004386 0.004980
0.004378 0.004576
0.004373 0.005425
0.004372 0.004825
0.004372 0.004621
0.004368 0.004448
0.004365 0.008316
0.004365 0.005724
0.004354 0.005676
0.004353 0.004854
0.004349 0.004733
0.004348 0.004375
0.004347 0.005522
0.004338 0.005018
0.004332 0.006781
0.004330 0.004457
0.004320 0.005930
0.004316 0.005023
0.004315 0.006684
0.004311 0.004814
0.004306 0.004882
0.004296 0.004323
0.004293 0.005545
0.004289 0.005128
0.004287 0.005789
0.004285 0.004506
0.004284 0.005745
0.004282 0.004474
0.004281 0.006742
0.004279 0.007486
0.004275 0.005431
0.004267 0.004704
0.004264 0.004306
0.004251 0.006648
0.004251 0.004663
0.004250 0.004298
0.004249 0.005041
0.004248 0.004543
0.004246 0.004455
0.004246 0.004262
0.004244 0.004290
0.004240 0.004294
0.004236 0.004299
0.004236 0.004447
0.004227 0.009143
0.004224 0.006131
0.004221 0.008543
0.004216 0.004419
0.004214 0.004882
0.004210 0.004496
0.004208 0.004992
0.004207 0.004805
0.004190 0.006789
0.004188 0.006266
0.004188 0.005876
0.004185 0.004527
0.004178 0.004471
0.004174 0.007007
0.004167 0.006630
0.004166 0.006467
0.004162 0.004575
0.004160 0.005477
0.004159 0.004233
0.004151 0.010241
0.004151 0.006519
0.004150 0.004196
0.004148 0.004298
0.004141 0.004440
0.004135 0.008219
0.004134 0.004469
0.004132 0.006943
0.004132 0.005441
0.004129 0.004826
0.004129 0.005368
0.004126 0.005401
0.004118 0.004563
0.004118 0.004795
0.004114 0.005595
0.004111 0.005836
0.004108 0.007621
0.004103 0.005049
0.004100 0.004263
0.004093 0.005584
0.004090 0.006894
0.004089 0.004231
0.004089 0.005122
0.004077 0.005354
0.004069 0.007735
0.004065 0.004714
0.004064 0.004454
0.004062 0.004162
0.004057 0.004610
0.004054 0.004549
0.004052 0.004670
0.004048 0.004370
0.004048 0.004205
0.004046 0.004137
0.004039 0.004567
0.004037 0.004434
0.004033 0.004683
0.004022 0.004784
0.004020 0.004204
0.004011 0.005215
0.004000 0.004201
0.003995 0.009047
0.003991 0.004969
0.003991 0.007005
0.003983 0.004457
0.003980 0.004413
0.003978 0.004494
0.003970 0.005331
0.003967 0.005023
0.003961 0.004494
0.003957 0.004277
0.003941 0.004042
0.003931 0.004541
0.003930 0.008147
0.003928 0.004590
0.003926 0.004024
0.003926 0.006691
0.003921 0.004551
0.003921 0.005257
0.003918 0.004994
0.003916 0.004077
0.003914 0.004644
0.003909 0.004273
0.003906 0.004093
0.003896 0.005573
0.003893 0.004401
0.003890 0.007264
0.003879 0.004827
0.003877 0.004377
0.003872 0.005091
0.003866 0.004481
0.003864 0.005665
0.003862 0.007528
0.003860 0.004170
0.003856 0.003883
0.003855 0.004317
0.003852 0.005697
0.003846 0.007850
0.003842 0.004593
0.003837 0.009734
0.003836 0.004319
0.003835 0.004664
0.003832 0.004615
0.003832 0.006736
0.003827 0.005289
0.003827 0.004173
0.003825 0.005240
0.003818 0.005782
0.003814 0.004011
0.003812 0.003888
0.003808 0.004035
0.003806 0.004446
0.003802 0.004102
0.003791 0.006325
0.003787 0.006997
0.003786 0.004408
0.003785 0.003933
0.003784 0.007005
0.003781 0.003885
0.003773 0.003831
0.003773 0.005475
0.003772 0.004166
0.003772 0.005904
0.003764 0.005735
0.003757 0.003935
0.003750 0.007596
0.003745 0.005677
0.003745 0.004464
0.003739 0.005427
0.003735 0.004430
0.003733 0.003733
0.003729 0.005092
0.003727 0.003845
0.003725 0.007894
0.003718 0.007998
0.003714 0.004998
0.003710 0.004495
0.003702 0.005549
0.003702 0.005741
0.003700 0.004200
0.003699 0.004842
0.003699 0.007031
0.003696 0.004362
0.003687 0.004001
0.003683 0.003784
0.003665 0.004646
0.003660 0.003795
0.003651 0.004019
0.003647 0.004058
0.003645 0.004168
0.003644 0.004156
0.003641 0.003891
0.003640 0.003936
0.003637 0.004434
0.003636 0.004481
0.003629 0.004428
0.003627 0.004763
0.003625 0.003966
0.003622 0.006987
0.003620 0.006345
0.003618 0.003663
0.003614 0.006629
0.003612 0.007430
0.003611 0.003689
0.003608 0.003933
0.003607 0.005944
0.003602 0.004335
0.003602 0.004174
0.003601 0.004827
0.003596 0.004240
0.003590 0.006114
0.003581 0.005602
0.003573 0.004605
0.003562 0.003704
0.003557 0.004842
0.003555 0.006892
0.003543 0.003716
0.003541 0.003907
0.003541 0.003578
0.003536 0.003755
0.003534 0.004599
0.003516 0.003683
0.003506 0.003617
0.003500 0.003992
0.003495 0.004762
0.003494 0.005166
0.003493 0.003758
0.003492 0.003778
0.003490 0.003731
0.003486 0.003724
0.003479 0.003649
0.003478 0.007501
0.003467 0.003671
0.003461 0.003568
0.003457 0.007771
0.003454 0.004306
0.003452 0.003775
0.003451 0.003568
0.003450 0.003497
0.003446 0.003508
0.003444 0.003616
0.003441 0.004470
0.003430 0.003553
0.003429 0.004123
0.003428 0.003434
0.003427 0.004369
0.003420 0.003558
0.003417 0.004834
0.003417 0.003899
0.003411 0.003429
0.003409 0.003927
0.003403 0.003474
0.003403 0.003597
0.003400 0.003596
0.003381 0.005747
0.003381 0.003566
0.003378 0.003436
0.003360 0.003590
0.003359 0.003485
0.003355 0.003580
0.003345 0.005665
0.003337 0.005566
0.003335 0.003427
0.003327 0.003473
0.003323 0.003480
0.003322 0.005358
0.003320 0.003687
0.003300 0.003660
0.003294 0.003855
0.003277 0.003408
0.003276 0.003386
0.003275 0.003369
0.003250 0.005283
0.003248 0.003429
0.003246 0.003927
0.003239 0.003783
0.003236 0.003993
0.003235 0.003269
0.003235 0.003737
0.003219 0.003426
0.003214 0.004235
0.003213 0.003920
0.003195 0.003972
0.003189 0.005385
0.003182 0.003209
0.003181 0.003568
0.003176 0.003489
0.003166 0.004545
0.003166 0.004231
0.003163 0.005093
0.003160 0.004537
0.003157 0.003383
0.003155 0.005180
0.003144 0.003247
0.003133 0.003649
0.003131 0.003283
0.003130 0.003880
0.003121 0.003537
0.003119 0.003350
0.003112 0.003948
0.003112 0.003409
0.003110 0.004580
0.003108 0.004186
0.003108 0.006377
0.003105 0.003455
0.003094 0.003226
0.003091 0.003195
0.003090 0.004095
0.003086 0.004234
0.003086 0.003270
0.003079 0.003449
0.003050 0.003167
0.003048 0.006450
0.003047 0.003596
0.003040 0.003385
0.003027 0.003847
0.003026 0.003314
0.003023 0.003196
0.003023 0.003115
0.003002 0.003031
0.002991 0.003735
0.002973 0.003255
0.002961 0.003135
0.002960 0.003343
0.002953 0.004427
0.002951 0.003912
0.002933 0.003377
0.002918 0.003249
0.002911 0.002956
0.002901 0.004206
0.002890 0.003572
0.002883 0.003073
0.002882 0.003379
0.002870 0.003366
0.002836 0.003322
0.002834 0.003006
0.002831 0.002951
0.002814 0.003382
0.002805 0.002812
0.002796 0.002863
0.002761 0.004003
0.002758 0.003282
0.002753 0.002993
0.002752 0.003387
0.002749 0.003126
0.002743 0.002778
0.002741 0.003340
0.002735 0.003193
0.002701 0.003076
0.002691 0.002939
0.002689 0.003148
0.002686 0.002713
0.002683 0.002739
0.002682 0.003200
0.002665 0.002913
0.002637 0.002660
0.002628 0.003301
0.002626 0.003315
0.002625 0.003597
0.002621 0.003446
0.002606 0.002871
0.002591 0.003482
0.002590 0.003483
0.002586 0.002815
0.002582 0.002757
0.002581 0.002880
0.002567 0.002892
0.002523 0.002613
0.002502 0.002707
0.002497 0.002570
0.002491 0.002727
0.002486 0.002497
0.002456 0.002980
0.002449 0.002965
0.002442 0.002787
0.002418 0.002484
0.002412 0.002481
0.002408 0.002689
0.002406 0.002573
0.002398 0.002840
0.002396 0.002601
0.002374 0.002513
0.002329 0.002342
0.002326 0.002433
0.002305 0.002396
0.002300 0.002849
0.002298 0.002780
0.002288 0.002342
0.002283 0.003392
0.002250 0.002446
0.002220 0.002323
0.002171 0.002725
0.002068 0.002327
0.002048 0.002310
0.002027 0.002360
0.001990 0.002155
0.001949 0.001961
0.001864 0.001995
0.001809 0.001875
0.001805 0.001884
0.001756 0.002151
0.001733 0.002191
0.001723 0.001758
0.001268 0.001311
0.000905 0.000916
