0.133423 0.149819
0.121796 0.174191
0.121491 0.161997
0.109914 0.126152
0.103049 0.116199
0.090766 0.092402
0.089717 0.113670
0.084705 0.086601
0.081488 0.138829
0.080258 0.087315
0.077680 0.094888
0.076040 0.084762
0.073420 0.078538
0.072706 0.076353
0.070389 0.073025
0.068524 0.102107
0.067444 0.068019
0.067009 0.082717
0.066108 0.074688
0.065591 0.081665
0.064533 0.074629
0.063806 0.075232
0.063489 0.072345
0.062332 0.070491
0.062189 0.063163
0.061905 0.087052
0.060955 0.081548
0.060953 0.066049
0.060532 0.060825
0.060420 0.089103
0.060034 0.061466
0.059594 0.082149
0.059317 0.064538
0.059022 0.066858
0.058236 0.067422
0.057499 0.076183
0.056752 0.104021
0.056045 0.065773
0.055540 0.056440
0.054706 0.057058
0.054406 0.059428
0.053680 0.072324
0.053496 0.056152
0.053147 0.055195
0.053050 0.069688
0.052943 0.053682
0.052535 0.054696
0.052350 0.053624
0.051777 0.071982
0.051325 0.080401
0.051309 0.055179
0.050889 0.058139
0.050572 0.058039
0.050522 0.055912
0.050415 0.051445
0.049711 0.061466
0.049591 0.060329
0.049531 0.049753
0.049308 0.070481
0.049121 0.052900
0.048472 0.064828
0.048327 0.052078
0.048197 0.078115
0.047772 0.058650
0.047732 0.051833
0.047237 0.055540
0.046937 0.059313
0.046916 0.050930
0.046755 0.054637
0.046613 0.055852
0.046480 0.060071
0.046337 0.084415
0.045429 0.055191
0.045326 0.059757
0.045233 0.066433
0.045228 0.068897
0.045073 0.048105
0.044809 0.074303
0.044674 0.069592
0.044573 0.044694
0.044534 0.049262
0.043753 0.055403
0.043731 0.045924
0.043648 0.064139
0.043609 0.053909
0.042793 0.052838
0.042769 0.045082
0.042750 0.045364
0.042711 0.074134
0.042386 0.043231
0.042122 0.042543
0.041461 0.052377
0.041420 0.054970
0.041384 0.077165
0.041273 0.041827
0.041086 0.058488
0.040907 0.043666
0.040483 0.043628
0.040312 0.042260
0.039767 0.042932
0.039720 0.051949
0.039562 0.049557
0.039439 0.057868
0.039384 0.040591
0.039312 0.042736
0.038500 0.044565
0.038055 0.040383
0.038054 0.039213
0.037622 0.042481
0.037320 0.058157
0.036576 0.037654
0.036226 0.039378
0.035903 0.039309
0.035053 0.050267
0.035032 0.039613
0.034888 0.038156
0.034887 0.034914
0.034856 0.036302
0.034828 0.035988
0.034554 0.035925
0.033799 0.039878
0.033715 0.033807
0.033405 0.037704
0.033383 0.035789
0.033287 0.042529
0.033144 0.034188
0.033079 0.039660
0.032858 0.034452
0.032790 0.039309
0.032409 0.033658
0.032297 0.035534
0.032270 0.032340
0.032139 0.033932
0.031735 0.033193
0.031679 0.044054
0.031602 0.047470
0.031382 0.048617
0.031153 0.048670
0.030887 0.032768
0.030808 0.038976
0.030573 0.033452
0.030558 0.044135
0.030386 0.030804
0.030099 0.043788
0.030098 0.032533
0.029948 0.030216
0.029244 0.039336
0.029220 0.032871
0.028875 0.035449
0.028818 0.030721
0.028697 0.029267
0.028472 0.030912
0.028450 0.030357
0.028437 0.028572
0.027958 0.042498
0.027668 0.028139
0.027573 0.052204
0.027342 0.034391
0.027233 0.027610
0.026987 0.027461
0.026832 0.044716
0.026806 0.032338
0.026679 0.032134
0.026618 0.031686
0.026616 0.039722
0.026578 0.026868
0.026553 0.030084
0.026371 0.031168
0.026225 0.028998
0.025454 0.025760
0.025258 0.042704
0.025070 0.032209
0.024976 0.026222
0.024957 0.027799
0.024809 0.029797
0.024656 0.032376
0.024613 0.024996
0.024557 0.029458
0.024477 0.024776
0.024220 0.024783
0.024116 0.026203
0.024100 0.025353
0.023994 0.036577
0.023852 0.025888
0.023759 0.034764
0.023696 0.027710
0.023639 0.025376
0.023452 0.023505
0.023419 0.023801
0.023299 0.023503
0.023124 0.023745
0.023016 0.024028
0.023004 0.026398
0.022899 0.024623
0.022738 0.024015
0.022666 0.030284
0.022586 0.022682
0.022497 0.024477
0.022455 0.031704
0.022305 0.023790
0.022188 0.030359
0.021994 0.022853
0.021950 0.025645
0.021908 0.027240
0.021727 0.025465
0.021717 0.028054
0.021649 0.037603
0.021633 0.023630
0.021344 0.021852
0.021255 0.021502
0.021240 0.022001
0.021197 0.033819
0.021101 0.029013
0.021056 0.022679
0.021047 0.035980
0.020957 0.025105
0.020471 0.024692
0.020383 0.021235
0.020318 0.021754
0.020061 0.039366
0.019974 0.023523
0.019924 0.024314
0.019914 0.020086
0.019912 0.020016
0.019866 0.022097
0.019684 0.019759
0.019653 0.024544
0.019636 0.020388
0.019588 0.025986
0.019507 0.020344
0.019471 0.034973
0.019232 0.020001
0.019189 0.028304
0.019187 0.019445
0.019105 0.020430
0.019082 0.026050
0.019079 0.023990
0.019011 0.020284
0.019008 0.029738
0.018940 0.021350
0.018937 0.020238
0.018935 0.021849
0.018828 0.025097
0.018825 0.026884
0.018810 0.020059
0.018788 0.024076
0.018704 0.019899
0.018698 0.027137
0.018675 0.020345
0.018623 0.024488
0.018622 0.020361
0.018556 0.023623
0.018533 0.020722
0.018493 0.027534
0.018476 0.018611
0.018468 0.022954
0.018399 0.035373
0.018375 0.027527
0.018371 0.018553
0.018353 0.019400
0.018304 0.020089
0.018226 0.031432
0.018204 0.022413
0.018016 0.020177
0.017933 0.020868
0.017923 0.021975
0.017823 0.018399
0.017772 0.018915
0.017742 0.020351
0.017700 0.027459
0.017699 0.022757
0.017618 0.018490
0.017613 0.019439
0.017574 0.023845
0.017493 0.026733
0.017429 0.018570
0.017394 0.019200
0.017303 0.022410
0.017243 0.018820
0.017221 0.023132
0.017163 0.026376
0.017162 0.018228
0.017041 0.033092
0.016961 0.024676
0.016935 0.019319
0.016903 0.030915
0.016874 0.024854
0.016852 0.022182
0.016768 0.025007
0.016763 0.027394
0.016575 0.022251
0.016573 0.018812
0.016395 0.019382
0.016244 0.018814
0.016243 0.023238
0.016141 0.022614
0.016114 0.016739
0.016112 0.018791
0.016102 0.020702
0.016100 0.018007
0.016016 0.016104
0.015946 0.016769
0.015942 0.019805
0.015924 0.024613
0.015887 0.020840
0.015849 0.019118
0.015781 0.027918
0.015777 0.016449
0.015670 0.018096
0.015645 0.018292
0.015601 0.017962
0.015470 0.024135
0.015411 0.016810
0.015326 0.019436
0.015269 0.021750
0.015245 0.015689
0.015175 0.016821
0.015155 0.015945
0.015054 0.018026
0.014970 0.016368
0.014959 0.016837
0.014948 0.021868
0.014939 0.019866
0.014910 0.015000
0.014908 0.016035
0.014800 0.015141
0.014800 0.018073
0.014732 0.015787
0.014506 0.016761
0.014404 0.019458
0.014313 0.016772
0.014290 0.027789
0.014265 0.020303
0.014256 0.015703
0.014092 0.018810
0.014071 0.018977
0.014047 0.015498
0.014046 0.022046
0.013983 0.014175
0.013941 0.018641
0.013827 0.015185
0.013815 0.017013
0.013772 0.021422
0.013767 0.015509
0.013762 0.014142
0.013757 0.015363
0.013740 0.020410
0.013734 0.013927
0.013570 0.013609
0.013517 0.014225
0.013405 0.014737
0.013396 0.020418
0.013384 0.014637
0.013382 0.013929
0.013361 0.013818
0.013356 0.013849
0.013340 0.021813
0.013254 0.014199
0.013191 0.015941
0.013173 0.013721
0.013139 0.013592
0.013131 0.018561
0.013125 0.013794
0.013098 0.013873
0.013084 0.015270
0.013058 0.013564
0.013050 0.020041
0.013022 0.015304
0.013003 0.014026
0.013003 0.013537
0.012993 0.014888
0.012937 0.015701
0.012888 0.018786
0.012816 0.021203
0.012811 0.012817
0.012806 0.024161
0.012797 0.016753
0.012790 0.012835
0.012783 0.013994
0.012715 0.013147
0.012714 0.014353
0.012705 0.013376
0.012701 0.012952
0.012670 0.016577
0.012670 0.016056
0.012602 0.014386
0.012587 0.022192
0.012586 0.012692
0.012578 0.013503
0.012577 0.013095
0.012577 0.013781
0.012556 0.012955
0.012556 0.013250
0.012554 0.013652
0.012535 0.013004
0.012529 0.012649
0.012527 0.013178
0.012503 0.015766
0.012494 0.016055
0.012489 0.013015
0.012459 0.013212
0.012374 0.013815
0.012367 0.012742
0.012306 0.013025
0.012265 0.013754
0.012261 0.013215
0.012218 0.015299
0.012198 0.015350
0.012194 0.013470
0.012191 0.014069
0.012181 0.017776
0.012145 0.014300
0.012139 0.021785
0.012134 0.017330
0.012126 0.013184
0.012073 0.012500
0.012028 0.013815
0.011939 0.014025
0.011937 0.013886
0.011935 0.011982
0.011907 0.025375
0.011900 0.017143
0.011854 0.013320
0.011828 0.027544
0.011804 0.014625
0.011780 0.013659
0.011778 0.019021
0.011771 0.019974
0.011767 0.014760
0.011737 0.013950
0.011721 0.012817
0.011712 0.015595
0.011686 0.024585
0.011681 0.013646
0.011658 0.013556
0.011657 0.019673
0.011653 0.013535
0.011645 0.016515
0.011636 0.013572
0.011624 0.017984
0.011603 0.014123
0.011602 0.014537
0.011594 0.014590
0.011586 0.011864
0.011578 0.012534
0.011543 0.023720
0.011537 0.014788
0.011526 0.013284
0.011511 0.011643
0.011479 0.013475
0.011466 0.012039
0.011438 0.012200
0.011437 0.013969
0.011437 0.016070
0.011412 0.012007
0.011404 0.013880
0.011374 0.015885
0.011338 0.011656
0.011331 0.014382
0.011310 0.020886
0.011274 0.025656
0.011273 0.014062
0.011259 0.015828
0.011203 0.013770
0.011202 0.012323
0.011183 0.012786
0.011152 0.015482
0.011141 0.013763
0.011126 0.012031
0.011106 0.011509
0.011092 0.013462
0.011064 0.011209
0.011061 0.011549
0.011040 0.011987
0.011038 0.013773
0.011034 0.016068
0.011030 0.014550
0.011016 0.021678
0.010986 0.016132
0.010978 0.022241
0.010962 0.026866
0.010952 0.012793
0.010938 0.014637
0.010912 0.015267
0.010910 0.019219
0.010898 0.018205
0.010880 0.011269
0.010871 0.012740
0.010870 0.019459
0.010850 0.018214
0.010843 0.020001
0.010830 0.011903
0.010816 0.015597
0.010805 0.013341
0.010786 0.027478
0.010770 0.014093
0.010767 0.010788
0.010732 0.018200
0.010731 0.021880
0.010714 0.011644
0.010701 0.012269
0.010686 0.011242
0.010671 0.011434
0.010636 0.013254
0.010630 0.012389
0.010620 0.011704
0.010611 0.011138
0.010581 0.011368
0.010573 0.012767
0.010559 0.010735
0.010519 0.016634
0.010449 0.013701
0.010414 0.010977
0.010365 0.011570
0.010355 0.013075
0.010353 0.011293
0.010339 0.016809
0.010336 0.027304
0.010336 0.011285
0.010319 0.010637
0.010273 0.015268
0.010270 0.011394
0.010270 0.022503
0.010242 0.010610
0.010216 0.021039
0.010208 0.014740
0.010206 0.012818
0.010188 0.012481
0.010179 0.010586
0.010158 0.018221
0.010155 0.021175
0.010152 0.022358
0.010151 0.011001
0.010130 0.010727
0.010129 0.014369
0.010121 0.016828
0.010114 0.010310
0.010103 0.014466
0.010089 0.010584
0.010086 0.012255
0.010064 0.012029
0.010060 0.012394
0.010048 0.010931
0.010040 0.011092
0.009992 0.010590
0.009937 0.011907
0.009936 0.010133
0.009928 0.010964
0.009912 0.010260
0.009907 0.011263
0.009901 0.021198
0.009875 0.012320
0.009865 0.014972
0.009849 0.011277
0.009840 0.016816
0.009832 0.009981
0.009808 0.010129
0.009806 0.010506
0.009786 0.011303
0.009785 0.010353
0.009779 0.015138
0.009778 0.011526
0.009759 0.010025
0.009721 0.015283
0.009715 0.024943
0.009685 0.022243
0.009658 0.011122
0.009657 0.010532
0.009644 0.011395
0.009641 0.015902
0.009630 0.015047
0.009617 0.009842
0.009600 0.009998
0.009598 0.010116
0.009487 0.010075
0.009461 0.010282
0.009443 0.011346
0.009440 0.012614
0.009419 0.017634
0.009408 0.010062
0.009397 0.009973
0.009397 0.009580
0.009390 0.009686
0.009379 0.012910
0.009350 0.009478
0.009350 0.010763
0.009331 0.009799
0.009312 0.017576
0.009307 0.009574
0.009265 0.009753
0.009258 0.010536
0.009244 0.011323
0.009244 0.017943
0.009243 0.009495
0.009222 0.013900
0.009214 0.011456
0.009211 0.009983
0.009199 0.011572
0.009181 0.013602
0.009168 0.014359
0.009141 0.009242
0.009139 0.009589
0.009125 0.009201
0.009089 0.009591
0.009051 0.009474
0.009045 0.009795
0.009038 0.009323
0.009037 0.010584
0.009023 0.009317
0.009015 0.009912
0.009013 0.009365
0.009010 0.012829
0.009004 0.010869
0.008990 0.009646
0.008958 0.013119
0.008953 0.010211
0.008935 0.009983
0.008934 0.009109
0.008933 0.016897
0.008906 0.010873
0.008884 0.009331
0.008884 0.009241
0.008851 0.011237
0.008835 0.017845
0.008826 0.011505
0.008814 0.012672
0.008811 0.011398
0.008775 0.012306
0.008764 0.009800
0.008738 0.009076
0.008732 0.009898
0.008730 0.009184
0.008704 0.021716
0.008693 0.008703
0.008684 0.012687
0.008677 0.010716
0.008670 0.008688
0.008653 0.012103
0.008650 0.010560
0.008630 0.011284
0.008603 0.008894
0.008596 0.015185
0.008580 0.008684
0.008566 0.008829
0.008549 0.009578
0.008541 0.008736
0.008480 0.010401
0.008460 0.009395
0.008451 0.008497
0.008438 0.009102
0.008421 0.008631
0.008406 0.016120
0.008379 0.017198
0.008376 0.008476
0.008367 0.008553
0.008362 0.008542
0.008301 0.012638
0.008275 0.011117
0.008274 0.010882
0.008272 0.008823
0.008248 0.008449
0.008231 0.008462
0.008229 0.008303
0.008224 0.008542
0.008208 0.008348
0.008208 0.011590
0.008196 0.008557
0.008194 0.010367
0.008190 0.009625
0.008183 0.008694
0.008175 0.010743
0.008160 0.010890
0.008140 0.009287
0.008114 0.013889
0.008099 0.008915
0.008090 0.008487
0.008016 0.008169
0.008010 0.010982
0.008002 0.008774
0.008000 0.010461
0.007992 0.008082
0.007961 0.008147
0.007908 0.008489
0.007886 0.011338
0.007870 0.007890
0.007854 0.008816
0.007850 0.010789
0.007817 0.008363
0.007813 0.008689
0.007807 0.009241
0.007779 0.009512
0.007770 0.009137
0.007761 0.008220
0.007761 0.008410
0.007737 0.008950
0.007732 0.008612
0.007731 0.012844
0.007706 0.007989
0.007688 0.012518
0.007660 0.007848
0.007647 0.007839
0.007643 0.010116
0.007627 0.008977
0.007624 0.007794
0.007606 0.008235
0.007587 0.007993
0.007585 0.007854
0.007567 0.007641
0.007562 0.007665
0.007558 0.009112
0.007551 0.011373
0.007508 0.014735
0.007489 0.008709
0.007456 0.008572
0.007449 0.008075
0.007435 0.010317
0.007419 0.010443
0.007418 0.010751
0.007392 0.009602
0.007389 0.012822
0.007387 0.008589
0.007368 0.009957
0.007359 0.008121
0.007358 0.007478
0.007353 0.009624
0.007340 0.008279
0.007337 0.007610
0.007325 0.010417
0.007325 0.008781
0.007323 0.009614
0.007319 0.009791
0.007300 0.007603
0.007297 0.007564
0.007280 0.007955
0.007260 0.008558
0.007251 0.007505
0.007244 0.011078
0.007239 0.010627
0.007201 0.009639
0.007193 0.007351
0.007180 0.007914
0.007175 0.008049
0.007160 0.009608
0.007139 0.008125
0.007127 0.012099
0.007125 0.007387
0.007123 0.009381
0.007119 0.007337
0.007093 0.008722
0.007073 0.007400
0.007068 0.007627
0.007058 0.007133
0.007057 0.007853
0.007056 0.007446
0.007050 0.010857
0.007040 0.008051
0.007038 0.009924
0.007034 0.007381
0.007017 0.007917
0.007003 0.007681
0.006998 0.007402
0.006990 0.007845
0.006989 0.009458
0.006987 0.009662
0.006972 0.008218
0.006958 0.008252
0.006950 0.007264
0.006939 0.007258
0.006933 0.009269
0.006930 0.014848
0.006926 0.008062
0.006923 0.007762
0.006882 0.007361
0.006878 0.006916
0.006869 0.007980
0.006857 0.007771
0.006845 0.009437
0.006840 0.007485
0.006826 0.009081
0.006816 0.007947
0.006815 0.008705
0.006807 0.007791
0.006799 0.009228
0.006796 0.006942
0.006795 0.011910
0.006787 0.008700
0.006780 0.007635
0.006757 0.007104
0.006757 0.007012
0.006752 0.008240
0.006736 0.007959
0.006730 0.009428
0.006709 0.009691
0.006705 0.009804
0.006702 0.006850
0.006699 0.007737
0.006681 0.009224
0.006676 0.007895
0.006671 0.007980
0.006669 0.007647
0.006659 0.008732
0.006645 0.007388
0.006641 0.008853
0.006627 0.006847
0.006625 0.007319
0.006624 0.006625
0.006624 0.007404
0.006620 0.009340
0.006615 0.007039
0.006614 0.006651
0.006607 0.007527
0.006607 0.012866
0.006602 0.006855
0.006602 0.011317
0.006585 0.013311
0.006582 0.006888
0.006579 0.010690
0.006564 0.007084
0.006556 0.009335
0.006555 0.009976
0.006551 0.007443
0.006551 0.006705
0.006534 0.007071
0.006528 0.008870
0.006510 0.008405
0.006507 0.007378
0.006497 0.007382
0.006495 0.006503
0.006472 0.007301
0.006463 0.010455
0.006463 0.006958
0.006461 0.011773
0.006459 0.007420
0.006453 0.006770
0.006442 0.008070
0.006438 0.009026
0.006437 0.006530
0.006424 0.008258
0.006424 0.010605
0.006420 0.008472
0.006413 0.008541
0.006384 0.008534
0.006382 0.010048
0.006380 0.009019
0.006380 0.006405
0.006377 0.006619
0.006371 0.008510
0.006371 0.007629
0.006370 0.009373
0.006349 0.007070
0.006344 0.008510
0.006339 0.006795
0.006336 0.007121
0.006328 0.007780
0.006323 0.006481
0.006317 0.009744
0.006310 0.010134
0.006296 0.008235
0.006294 0.008676
0.006292 0.006473
0.006284 0.011580
0.006277 0.006837
0.006264 0.006276
0.006260 0.007590
0.006257 0.007171
0.006251 0.006929
0.006250 0.006846
0.006249 0.010162
0.006243 0.007750
0.006242 0.008171
0.006236 0.006238
0.006225 0.012816
0.006223 0.008095
0.006222 0.009849
0.006219 0.006465
0.006217 0.006315
0.006210 0.006943
0.006205 0.006463
0.006204 0.006456
0.006200 0.006844
0.006192 0.014944
0.006192 0.006236
0.006179 0.008142
0.006174 0.006415
0.006166 0.006578
0.006166 0.006342
0.006165 0.006742
0.006164 0.007601
0.006161 0.006881
0.006161 0.013087
0.006157 0.012581
0.006151 0.007005
0.006143 0.012113
0.006136 0.012059
0.006129 0.008186
0.006127 0.006965
0.006121 0.007727
0.006120 0.009197
0.006118 0.006397
0.006116 0.006716
0.006108 0.007000
0.006100 0.006857
0.006079 0.006777
0.006069 0.006398
0.006067 0.006078
0.006066 0.006262
0.006058 0.007649
0.006045 0.006395
0.006039 0.006814
0.006037 0.007509
0.006033 0.006333
0.006025 0.006631
0.006023 0.006162
0.006023 0.006035
0.006019 0.006320
0.006008 0.006991
0.005992 0.006327
0.005987 0.007070
0.005987 0.006188
0.005982 0.006327
0.005971 0.010873
0.005964 0.006313
0.005940 0.006932
0.005928 0.007665
0.005913 0.009408
0.005906 0.012597
0.005900 0.009441
0.005900 0.006909
0.005896 0.005934
0.005889 0.006297
0.005883 0.007557
0.005882 0.009715
0.005876 0.008435
0.005872 0.007049
0.005862 0.007317
0.005859 0.009876
0.005854 0.005994
0.005853 0.006122
0.005848 0.006658
0.005846 0.006748
0.005840 0.008265
0.005839 0.008077
0.005837 0.006117
0.005834 0.009106
0.005832 0.006318
0.005830 0.006568
0.005823 0.007892
0.005822 0.008602
0.005821 0.006792
0.005817 0.007854
0.005805 0.005970
0.005798 0.007499
0.005796 0.009094
0.005789 0.008596
0.005779 0.006034
0.005778 0.007222
0.005770 0.009828
0.005769 0.006512
0.005755 0.005798
0.005752 0.006015
0.005750 0.009534
0.005747 0.005865
0.005746 0.005856
0.005745 0.013036
0.005744 0.007386
0.005735 0.006978
0.005732 0.005797
0.005729 0.007933
0.005729 0.007183
0.005729 0.006667
0.005722 0.005754
0.005702 0.006425
0.005692 0.006339
0.005687 0.007095
0.005682 0.009509
0.005679 0.005910
0.005673 0.006357
0.005665 0.006467
0.005657 0.005841
0.005642 0.005708
0.005619 0.009224
0.005616 0.008282
0.005607 0.006999
0.005606 0.006613
0.005605 0.005917
0.005602 0.007149
0.005600 0.006624
0.005599 0.011097
0.005598 0.006264
0.005595 0.005927
0.005594 0.010597
0.005594 0.005839
0.005592 0.009503
0.005588 0.008518
0.005584 0.006343
0.005581 0.011320
0.005580 0.005619
0.005573 0.005840
0.005556 0.006327
0.005550 0.005620
0.005548 0.006080
0.005547 0.007184
0.005536 0.006556
0.005528 0.005621
0.005524 0.005538
0.005521 0.007585
0.005514 0.006681
0.005514 0.005733
0.005505 0.007786
0.005504 0.007188
0.005500 0.005635
0.005499 0.006719
0.005494 0.012069
0.005492 0.006308
0.005490 0.006486
0.005488 0.005762
0.005481 0.007692
0.005479 0.005832
0.005478 0.007682
0.005477 0.005752
0.005474 0.006465
0.005474 0.010039
0.005473 0.006520
0.005469 0.005662
0.005460 0.006288
0.005444 0.006383
0.005424 0.005634
0.005406 0.006101
0.005405 0.006401
0.005398 0.007902
0.005395 0.006781
0.005388 0.011124
0.005386 0.005817
0.005385 0.007597
0.005380 0.006270
0.005376 0.006065
0.005376 0.006761
0.005375 0.005530
0.005367 0.006676
0.005365 0.005381
0.005361 0.007599
0.005353 0.005389
0.005352 0.006188
0.005352 0.005889
0.005347 0.008212
0.005347 0.005355
0.005347 0.010682
0.005339 0.005977
0.005333 0.006831
0.005326 0.006757
0.005322 0.006310
0.005318 0.008442
0.005316 0.005738
0.005312 0.005602
0.005311 0.009675
0.005311 0.005607
0.005308 0.005421
0.005297 0.005761
0.005295 0.011241
0.005295 0.009104
0.005295 0.005809
0.005290 0.007719
0.005289 0.006957
0.005288 0.005834
0.005281 0.006057
0.005277 0.007667
0.005273 0.006011
0.005270 0.010059
0.005268 0.009339
0.005262 0.005823
0.005254 0.005813
0.005238 0.006753
0.005236 0.006719
0.005231 0.006099
0.005227 0.007087
0.005224 0.005621
0.005218 0.006784
0.005215 0.006034
0.005211 0.005682
0.005210 0.005758
0.005204 0.005851
0.005203 0.006123
0.005201 0.005745
0.005197 0.005623
0.005194 0.005294
0.005193 0.009528
0.005192 0.005513
0.005192 0.005216
0.005190 0.006402
0.005186 0.007314
0.005183 0.006595
0.005182 0.005517
0.005181 0.007536
0.005179 0.006215
0.005178 0.005368
0.005172 0.006217
0.005172 0.006844
0.005168 0.005876
0.005165 0.006443
0.005162 0.007120
0.005157 0.006206
0.005154 0.006643
0.005154 0.005855
0.005148 0.005150
0.005146 0.005514
0.005138 0.005362
0.005136 0.006811
0.005127 0.007308
0.005120 0.006106
0.005106 0.006348
0.005104 0.010149
0.005100 0.005495
0.005085 0.006793
0.005077 0.006812
0.005074 0.006247
0.005068 0.005857
0.005064 0.005089
0.005061 0.005274
0.005058 0.006104
0.005051 0.008771
0.005050 0.007624
0.005049 0.006756
0.005049 0.006488
0.005047 0.005136
0.005047 0.007581
0.005038 0.006538
0.005036 0.006769
0.005035 0.006402
0.005033 0.006492
0.005031 0.005058
0.005027 0.005396
0.005022 0.006058
0.005020 0.005373
0.005016 0.005256
0.005011 0.005513
0.005011 0.005411
0.004996 0.006109
0.004989 0.006033
0.004987 0.007610
0.004986 0.005320
0.004984 0.005209
0.004977 0.005359
0.004976 0.006020
0.004973 0.008512
0.004963 0.005042
0.004962 0.005649
0.004957 0.005083
0.004956 0.005078
0.004955 0.005150
0.004945 0.006012
0.004941 0.007589
0.004936 0.005056
0.004934 0.005005
0.004930 0.005007
0.004928 0.008517
0.004918 0.005667
0.004914 0.005061
0.004914 0.005170
0.004911 0.006082
0.004911 0.005470
0.004895 0.006499
0.004882 0.005595
0.004875 0.008405
0.004875 0.005832
0.004872 0.006906
0.004871 0.005258
0.004871 0.006825
0.004865 0.005845
0.004863 0.005784
0.004853 0.008070
0.004849 0.004862
0.004846 0.005097
0.004843 0.005050
0.004841 0.006426
0.004820 0.005646
0.004810 0.005709
0.004807 0.008080
0.004800 0.007363
0.004787 0.010218
0.004770 0.005111
0.004759 0.005662
0.004756 0.006372
0.004738 0.006336
0.004737 0.004959
0.004737 0.006827
0.004730 0.006308
0.004730 0.008298
0.004715 0.009566
0.004714 0.007350
0.004714 0.008303
0.004712 0.006817
0.004712 0.005808
0.004708 0.008059
0.004707 0.007482
0.004706 0.005800
0.004705 0.008150
0.004703 0.009390
0.004698 0.007460
0.004693 0.004725
0.004688 0.005300
0.004685 0.006406
0.004684 0.009043
0.004682 0.006093
0.004678 0.005606
0.004668 0.004734
0.004666 0.007239
0.004665 0.005087
0.004662 0.006507
0.004660 0.004794
0.004658 0.005488
0.004634 0.006806
0.004634 0.006734
0.004628 0.007526
0.004623 0.004880
0.004619 0.004765
0.004612 0.004834
0.004611 0.004904
0.004610 0.007740
0.004610 0.005976
0.004603 0.005012
0.004596 0.006543
0.004595 0.008245
0.004589 0.005637
0.004587 0.004604
0.004581 0.006531
0.004575 0.004835
0.004573 0.004832
0.004568 0.006331
0.004550 0.004945
0.004548 0.004558
0.004546 0.006989
0.004543 0.004993
0.004533 0.005013
0.004531 0.006525
0.004531 0.005769
0.004529 0.005369
0.004524 0.005870
0.004520 0.004867
0.004514 0.005678
0.004509 0.004605
0.004507 0.005564
0.004505 0.004533
0.004502 0.004933
0.004501 0.004544
0.004500 0.006968
0.004499 0.006915
0.004495 0.005772
0.004488 0.004553
0.004488 0.007526
0.004485 0.005217
0.004485 0.007127
0.004484 0.005638
0.004482 0.004512
0.004478 0.005714
0.004474 0.004688
0.004473 0.005742
0.004471 0.006666
0.004466 0.004583
0.004466 0.009503
0.004465 0.005181
0.004465 0.005560
0.004460 0.005903
0.004445 0.005420
0.004445 0.005609
0.004444 0.004683
0.004442 0.006126
0.004438 0.007133
0.004427 0.005836
0.004426 0.009298
0.004424 0.006161
0.004423 0.006625
0.004421 0.006182
0.004421 0.006730
0.004417 0.004551
0.004414 0.005084
0.004411 0.005031
0.004407 0.007760
0.004396 0.006992
0.004395 0.004827
0.004395 0.005976
0.004395 0.005174
0.004384 0.005261
0.004384 0.004961
0.004383 0.005081
0.004383 0.005603
0.004376 0.008392
0.004374 0.004980
0.004373 0.004611
0.004372 0.004447
0.004372 0.004481
0.004369 0.005178
0.004366 0.008713
0.004365 0.004691
0.004360 0.005174
0.004359 0.004587
0.004357 0.004855
0.004350 0.008239
0.004350 0.004559
0.004347 0.005742
0.004345 0.006211
0.004343 0.004706
0.004341 0.010091
0.004341 0.004807
0.004338 0.004410
0.004338 0.004347
0.004336 0.004739
0.004322 0.004549
0.004321 0.004503
0.004321 0.006697
0.004319 0.004694
0.004318 0.004770
0.004318 0.004536
0.004315 0.006039
0.004307 0.004533
0.004305 0.004763
0.004303 0.006845
0.004294 0.006684
0.004293 0.010231
0.004293 0.004853
0.004292 0.004483
0.004283 0.004291
0.004283 0.004649
0.004283 0.006151
0.004279 0.005309
0.004279 0.006646
0.004276 0.005267
0.004270 0.004628
0.004266 0.005700
0.004264 0.004563
0.004258 0.004714
0.004257 0.004258
0.004245 0.004956
0.004244 0.004320
0.004243 0.004734
0.004234 0.004275
0.004230 0.005816
0.004229 0.004234
0.004225 0.004355
0.004221 0.004227
0.004218 0.004368
0.004217 0.004426
0.004211 0.004294
0.004205 0.004909
0.004200 0.004334
0.004200 0.004559
0.004200 0.004943
0.004200 0.004383
0.004198 0.004438
0.004196 0.007677
0.004190 0.004766
0.004187 0.006038
0.004185 0.004650
0.004182 0.005817
0.004181 0.005416
0.004172 0.004859
0.004164 0.004552
0.004163 0.006261
0.004158 0.004403
0.004151 0.004886
0.004143 0.005444
0.004140 0.004394
0.004138 0.004570
0.004129 0.004320
0.004125 0.005426
0.004122 0.006193
0.004122 0.007013
0.004121 0.004690
0.004117 0.004121
0.004116 0.004400
0.004116 0.004176
0.004109 0.007413
0.004106 0.004365
0.004102 0.005204
0.004097 0.004207
0.004096 0.004753
0.004092 0.004622
0.004092 0.004704
0.004091 0.006638
0.004089 0.004653
0.004084 0.005301
0.004080 0.005492
0.004079 0.004258
0.004079 0.004591
0.004076 0.004457
0.004071 0.004631
0.004068 0.004143
0.004068 0.004478
0.004066 0.004513
0.004062 0.004558
0.004059 0.004134
0.004057 0.004198
0.004056 0.004326
0.004056 0.004106
0.004054 0.004578
0.004053 0.004219
0.004047 0.004532
0.004045 0.004464
0.004041 0.004251
0.004040 0.004377
0.004034 0.004731
0.004031 0.004082
0.004020 0.007731
0.004020 0.005255
0.004015 0.004083
0.004014 0.004605
0.004010 0.006365
0.004009 0.004281
0.004005 0.007614
0.004005 0.004044
0.004004 0.004176
0.004001 0.004346
0.004001 0.004683
0.004000 0.004258
0.004000 0.004281
0.004000 0.004878
0.003998 0.005166
0.003996 0.004262
0.003996 0.005482
0.003995 0.007122
0.003995 0.004512
0.003993 0.004416
0.003989 0.004997
0.003988 0.005146
0.003981 0.005568
0.003979 0.004899
0.003978 0.004995
0.003977 0.004476
0.003973 0.004150
0.003971 0.007655
0.003970 0.005193
0.003962 0.005217
0.003961 0.004339
0.003960 0.004212
0.003960 0.004229
0.003951 0.004235
0.003951 0.004019
0.003948 0.004431
0.003936 0.004511
0.003930 0.005355
0.003925 0.008117
0.003910 0.004183
0.003905 0.004712
0.003902 0.004588
0.003901 0.004968
0.003899 0.005529
0.003899 0.004058
0.003894 0.004585
0.003888 0.004451
0.003888 0.005629
0.003887 0.004440
0.003887 0.004588
0.003884 0.004583
0.003884 0.004879
0.003879 0.004172
0.003877 0.007733
0.003874 0.004769
0.003871 0.003942
0.003871 0.005329
0.003871 0.004013
0.003870 0.004807
0.003869 0.004069
0.003865 0.006129
0.003862 0.003999
0.003860 0.004421
0.003860 0.004833
0.003857 0.004535
0.003856 0.004421
0.003855 0.005825
0.003852 0.003879
0.003843 0.007430
0.003840 0.004435
0.003840 0.004821
0.003839 0.003946
0.003836 0.006979
0.003832 0.005165
0.003830 0.005037
0.003825 0.004749
0.003821 0.005729
0.003820 0.004679
0.003816 0.005563
0.003812 0.007683
0.003810 0.005162
0.003807 0.003824
0.003806 0.004077
0.003806 0.004388
0.003805 0.004074
0.003803 0.004565
0.003799 0.005410
0.003798 0.003873
0.003790 0.006427
0.003788 0.003818
0.003786 0.006337
0.003785 0.004232
0.003785 0.005145
0.003785 0.004194
0.003785 0.004331
0.003784 0.003839
0.003776 0.004076
0.003772 0.004089
0.003768 0.005349
0.003767 0.005844
0.003764 0.005940
0.003763 0.003925
0.003762 0.004193
0.003760 0.004631
0.003759 0.003934
0.003756 0.004405
0.003755 0.004537
0.003755 0.005231
0.003754 0.005261
0.003753 0.004242
0.003745 0.004206
0.003739 0.004177
0.003738 0.004074
0.003736 0.004146
0.003735 0.005855
0.003734 0.004066
0.003732 0.004650
0.003732 0.004202
0.003731 0.003774
0.003730 0.004330
0.003727 0.003799
0.003726 0.005498
0.003722 0.004038
0.003720 0.003874
0.003712 0.006702
0.003711 0.006861
0.003706 0.003947
0.003703 0.005051
0.003703 0.004263
0.003699 0.004821
0.003698 0.004073
0.003694 0.003915
0.003690 0.004518
0.003688 0.005316
0.003685 0.004056
0.003684 0.004820
0.003684 0.006279
0.003683 0.003925
0.003683 0.004580
0.003682 0.003735
0.003681 0.004951
0.003676 0.003775
0.003672 0.003737
0.003671 0.006432
0.003671 0.004366
0.003666 0.005233
0.003660 0.003958
0.003656 0.004601
0.003655 0.003662
0.003654 0.003929
0.003653 0.004945
0.003648 0.003735
0.003646 0.003654
0.003642 0.004455
0.003638 0.004670
0.003636 0.005019
0.003635 0.003646
0.003635 0.004167
0.003630 0.007239
0.003627 0.003772
0.003626 0.004709
0.003625 0.004398
0.003620 0.004137
0.003618 0.006925
0.003618 0.005586
0.003617 0.003651
0.003617 0.005226
0.003616 0.004187
0.003608 0.003671
0.003602 0.004195
0.003601 0.004817
0.003595 0.004378
0.003595 0.004922
0.003593 0.005271
0.003593 0.004170
0.003583 0.003895
0.003582 0.005381
0.003580 0.004744
0.003578 0.003599
0.003576 0.004377
0.003574 0.004455
0.003572 0.003667
0.003571 0.006359
0.003568 0.003980
0.003564 0.005373
0.003561 0.004678
0.003561 0.004624
0.003558 0.004014
0.003556 0.004738
0.003550 0.003872
0.003547 0.003770
0.003541 0.004427
0.003540 0.004014
0.003539 0.004286
0.003534 0.003645
0.003530 0.005186
0.003527 0.005304
0.003522 0.003858
0.003517 0.003528
0.003515 0.005070
0.003514 0.003842
0.003514 0.003695
0.003510 0.004135
0.003508 0.005675
0.003507 0.006100
0.003507 0.005462
0.003505 0.003867
0.003505 0.004242
0.003502 0.006943
0.003500 0.005231
0.003495 0.004039
0.003495 0.005556
0.003494 0.003511
0.003491 0.006395
0.003489 0.006560
0.003487 0.004084
0.003487 0.003573
0.003487 0.003492
0.003483 0.004556
0.003481 0.004226
0.003481 0.005993
0.003480 0.004379
0.003477 0.005909
0.003473 0.006270
0.003472 0.004139
0.003469 0.004182
0.003469 0.003872
0.003468 0.004243
0.003468 0.004308
0.003468 0.003900
0.003466 0.003532
0.003466 0.003827
0.003458 0.004666
0.003458 0.003471
0.003457 0.003754
0.003456 0.003641
0.003456 0.004129
0.003454 0.004227
0.003454 0.006094
0.003452 0.004204
0.003449 0.006653
0.003445 0.005270
0.003445 0.005537
0.003444 0.004070
0.003444 0.006209
0.003441 0.004275
0.003441 0.005713
0.003440 0.003447
0.003440 0.004779
0.003435 0.005135
0.003435 0.003572
0.003433 0.004586
0.003429 0.003797
0.003428 0.003461
0.003427 0.005003
0.003425 0.003968
0.003422 0.005335
0.003413 0.004047
0.003411 0.004288
0.003411 0.003916
0.003409 0.003857
0.003409 0.004260
0.003404 0.005049
0.003403 0.003728
0.003400 0.004274
0.003399 0.005081
0.003399 0.003622
0.003398 0.003425
0.003395 0.003437
0.003393 0.003617
0.003392 0.003679
0.003392 0.004941
0.003391 0.008193
0.003388 0.006880
0.003388 0.004659
0.003386 0.004102
0.003383 0.006354
0.003381 0.003660
0.003379 0.003479
0.003378 0.003855
0.003377 0.004969
0.003377 0.004592
0.003376 0.004972
0.003372 0.003557
0.003371 0.003984
0.003371 0.004148
0.003369 0.004290
0.003357 0.006503
0.003351 0.003385
0.003351 0.003970
0.003347 0.003501
0.003345 0.004121
0.003345 0.004311
0.003344 0.007274
0.003343 0.003394
0.003343 0.004608
0.003342 0.005269
0.003338 0.003900
0.003335 0.003338
0.003333 0.004299
0.003333 0.004585
0.003332 0.003971
0.003331 0.004005
0.003327 0.004037
0.003323 0.004480
0.003320 0.003819
0.003304 0.003734
0.003303 0.003802
0.003303 0.004792
0.003303 0.004691
0.003302 0.003639
0.003300 0.003746
0.003299 0.003466
0.003299 0.003468
0.003296 0.003615
0.003295 0.004558
0.003295 0.003643
0.003292 0.003571
0.003291 0.004929
0.003287 0.003790
0.003283 0.003443
0.003282 0.003980
0.003280 0.003964
0.003278 0.004542
0.003275 0.005026
0.003274 0.004198
0.003274 0.004439
0.003273 0.003580
0.003273 0.003860
0.003272 0.003486
0.003269 0.005428
0.003268 0.003957
0.003266 0.003451
0.003259 0.003415
0.003257 0.004318
0.003256 0.004414
0.003254 0.005147
0.003254 0.006518
0.003252 0.005929
0.003252 0.004988
0.003251 0.003815
0.003247 0.003921
0.003247 0.005269
0.003243 0.003290
0.003243 0.003267
0.003242 0.004779
0.003241 0.003984
0.003239 0.004046
0.003239 0.003950
0.003239 0.004820
0.003238 0.004566
0.003237 0.003804
0.003235 0.003425
0.003233 0.006265
0.003230 0.003477
0.003230 0.003808
0.003224 0.003277
0.003224 0.004701
0.003222 0.004991
0.003220 0.003270
0.003216 0.005385
0.003213 0.004299
0.003207 0.004604
0.003207 0.006116
0.003205 0.003826
0.003205 0.003256
0.003202 0.004290
0.003197 0.003419
0.003193 0.004133
0.003192 0.003367
0.003191 0.007079
0.003191 0.003640
0.003190 0.003597
0.003190 0.005980
0.003182 0.004813
0.003179 0.004921
0.003177 0.003191
0.003171 0.003616
0.003169 0.003275
0.003161 0.003279
0.003153 0.003182
0.003151 0.004523
0.003150 0.003466
0.003150 0.003242
0.003148 0.005760
0.003145 0.003722
0.003145 0.003161
0.003143 0.004969
0.003143 0.003480
0.003142 0.006721
0.003142 0.003354
0.003141 0.004145
0.003141 0.003836
0.003138 0.003310
0.003134 0.003427
0.003127 0.003937
0.003124 0.005278
0.003124 0.005112
0.003122 0.005371
0.003122 0.003452
0.003118 0.003383
0.003115 0.003147
0.003113 0.004296
0.003111 0.005240
0.003111 0.003159
0.003109 0.003198
0.003109 0.004898
0.003107 0.003287
0.003107 0.003756
0.003107 0.004584
0.003106 0.003596
0.003105 0.005377
0.003101 0.003436
0.003100 0.003693
0.003097 0.003241
0.003096 0.003745
0.003094 0.003947
0.003092 0.003451
0.003092 0.004292
0.003091 0.003363
0.003084 0.004571
0.003083 0.005805
0.003083 0.003127
0.003083 0.003209
0.003082 0.004475
0.003081 0.003083
0.003079 0.004012
0.003076 0.003419
0.003075 0.004966
0.003074 0.003089
0.003072 0.006584
0.003071 0.003382
0.003069 0.003147
0.003065 0.003126
0.003064 0.004686
0.003062 0.003885
0.003061 0.004089
0.003060 0.003976
0.003057 0.003097
0.003057 0.003279
0.003056 0.004224
0.003052 0.006096
0.003051 0.003494
0.003046 0.004321
0.003044 0.003765
0.003043 0.003206
0.003042 0.003914
0.003041 0.003902
0.003039 0.003082
0.003038 0.003069
0.003038 0.003280
0.003034 0.003097
0.003032 0.003941
0.003030 0.003231
0.003029 0.005699
0.003028 0.003140
0.003019 0.003120
0.003016 0.003080
0.003016 0.006119
0.003014 0.003342
0.003010 0.005201
0.003010 0.003904
0.003009 0.003642
0.003006 0.004353
0.003006 0.003930
0.003005 0.005417
0.003005 0.004518
0.003001 0.003431
0.002996 0.004170
0.002993 0.003350
0.002990 0.003118
0.002983 0.003654
0.002981 0.005578
0.002979 0.003370
0.002978 0.004133
0.002976 0.003121
0.002975 0.003036
0.002971 0.003233
0.002970 0.004758
0.002969 0.003210
0.002969 0.003047
0.002966 0.005177
0.002962 0.003879
0.002961 0.003011
0.002958 0.003676
0.002957 0.005429
0.002956 0.003899
0.002953 0.005164
0.002950 0.003187
0.002950 0.003378
0.002947 0.004153
0.002942 0.003869
0.002942 0.003096
0.002939 0.003214
0.002927 0.004281
0.002926 0.004182
0.002925 0.006223
0.002924 0.007661
0.002920 0.004207
0.002920 0.003496
0.002919 0.003018
0.002919 0.004848
0.002916 0.005841
0.002913 0.006496
0.002911 0.003193
0.002911 0.004472
0.002908 0.003323
0.002905 0.003986
0.002905 0.003166
0.002901 0.003311
0.002895 0.003204
0.002895 0.004598
0.002893 0.004442
0.002889 0.004485
0.002888 0.006430
0.002886 0.003004
0.002886 0.005407
0.002886 0.005395
0.002884 0.002891
0.002882 0.003073
0.002882 0.002929
0.002881 0.003527
0.002881 0.004865
0.002881 0.003001
0.002879 0.003007
0.002878 0.003353
0.002875 0.006030
0.002874 0.003331
0.002874 0.003158
0.002873 0.003373
0.002871 0.003246
0.002868 0.004568
0.002867 0.003033
0.002867 0.003286
0.002865 0.002975
0.002865 0.003387
0.002864 0.004000
0.002863 0.002931
0.002863 0.003237
0.002862 0.003870
0.002861 0.003281
0.002860 0.003228
0.002859 0.003051
0.002859 0.003326
0.002856 0.003114
0.002853 0.003667
0.002853 0.003181
0.002851 0.003151
0.002851 0.004083
0.002846 0.005565
0.002843 0.006338
0.002842 0.005052
0.002840 0.003058
0.002836 0.002977
0.002833 0.003080
0.002832 0.002925
0.002829 0.004904
0.002829 0.003402
0.002829 0.003762
0.002827 0.002922
0.002827 0.003757
0.002825 0.004924
0.002821 0.003183
0.002819 0.004064
0.002819 0.003249
0.002817 0.002858
0.002813 0.002960
0.002812 0.004579
0.002807 0.003151
0.002805 0.002868
0.002803 0.003073
0.002798 0.003778
0.002797 0.008186
0.002797 0.002933
0.002797 0.003446
0.002794 0.002986
0.002792 0.003158
0.002792 0.003065
0.002788 0.002937
0.002788 0.003377
0.002786 0.004035
0.002786 0.007845
0.002784 0.003461
0.002782 0.003634
0.002781 0.003643
0.002780 0.006483
0.002777 0.003234
0.002771 0.002888
0.002770 0.002777
0.002769 0.002897
0.002767 0.003213
0.002764 0.002784
0.002763 0.003097
0.002763 0.004619
0.002757 0.002763
0.002755 0.002970
0.002754 0.004212
0.002753 0.003091
0.002751 0.002832
0.002746 0.003486
0.002739 0.003913
0.002736 0.003092
0.002735 0.003584
0.002732 0.003318
0.002732 0.002947
0.002731 0.004357
0.002731 0.003204
0.002730 0.003368
0.002727 0.002826
0.002724 0.002965
0.002723 0.002731
0.002720 0.003158
0.002716 0.004066
0.002715 0.004229
0.002711 0.002863
0.002710 0.004044
0.002704 0.002776
0.002701 0.003397
0.002700 0.003818
0.002699 0.003920
0.002697 0.002994
0.002697 0.002697
0.002696 0.002704
0.002692 0.002885
0.002691 0.003160
0.002682 0.003687
0.002681 0.003022
0.002679 0.002876
0.002675 0.004573
0.002672 0.003189
0.002672 0.003158
0.002671 0.002829
0.002667 0.005402
0.002667 0.003600
0.002660 0.003085
0.002660 0.003350
0.002658 0.004714
0.002656 0.002927
0.002654 0.002849
0.002652 0.002799
0.002646 0.003651
0.002646 0.003190
0.002645 0.003559
0.002644 0.003688
0.002640 0.002955
0.002639 0.003129
0.002636 0.002688
0.002634 0.003500
0.002632 0.003927
0.002630 0.005095
0.002629 0.003257
0.002628 0.002678
0.002620 0.003770
0.002617 0.002635
0.002616 0.002919
0.002615 0.003236
0.002609 0.004649
0.002604 0.002917
0.002604 0.003924
0.002601 0.002639
0.002597 0.005722
0.002596 0.003391
0.002596 0.004835
0.002592 0.002782
0.002590 0.002870
0.002588 0.002902
0.002588 0.002900
0.002587 0.003307
0.002587 0.002692
0.002586 0.002660
0.002586 0.005451
0.002584 0.003079
0.002583 0.006092
0.002582 0.002697
0.002576 0.003253
0.002573 0.003001
0.002572 0.004532
0.002568 0.003501
0.002566 0.004351
0.002565 0.002679
0.002561 0.003098
0.002561 0.002906
0.002560 0.002605
0.002560 0.002817
0.002557 0.004085
0.002554 0.003707
0.002553 0.003053
0.002553 0.002681
0.002551 0.002853
0.002550 0.002594
0.002549 0.002843
0.002544 0.005298
0.002544 0.003082
0.002544 0.002651
0.002544 0.003142
0.002543 0.002724
0.002541 0.002694
0.002539 0.002628
0.002537 0.002762
0.002536 0.002667
0.002536 0.003255
0.002535 0.002748
0.002534 0.003136
0.002534 0.002935
0.002531 0.002768
0.002527 0.003176
0.002526 0.004627
0.002524 0.005562
0.002523 0.002711
0.002516 0.002884
0.002515 0.002526
0.002513 0.004680
0.002513 0.002531
0.002510 0.005764
0.002506 0.002593
0.002505 0.003065
0.002505 0.003357
0.002504 0.003342
0.002502 0.003395
0.002491 0.002986
0.002489 0.002541
0.002487 0.002580
0.002482 0.003353
0.002481 0.002916
0.002478 0.002954
0.002477 0.002595
0.002475 0.003593
0.002474 0.002711
0.002473 0.003060
0.002473 0.003094
0.002473 0.003138
0.002468 0.002951
0.002463 0.002664
0.002463 0.003102
0.002462 0.002617
0.002454 0.002591
0.002443 0.003502
0.002443 0.002658
0.002442 0.002842
0.002441 0.002884
0.002436 0.002503
0.002435 0.002641
0.002433 0.002676
0.002432 0.003116
0.002432 0.002767
0.002432 0.002609
0.002427 0.002729
0.002426 0.002448
0.002426 0.002697
0.002418 0.002764
0.002417 0.004090
0.002413 0.002695
0.002413 0.002618
0.002412 0.003055
0.002409 0.003533
0.002406 0.002707
0.002406 0.003552
0.002404 0.002459
0.002403 0.003891
0.002400 0.003888
0.002398 0.002398
0.002391 0.002674
0.002385 0.003018
0.002385 0.003708
0.002383 0.002464
0.002382 0.003087
0.002381 0.003001
0.002380 0.003595
0.002379 0.003545
0.002378 0.002623
0.002377 0.002987
0.002370 0.002646
0.002369 0.002386
0.002365 0.003562
0.002365 0.003441
0.002361 0.003980
0.002359 0.002374
0.002354 0.002565
0.002350 0.002445
0.002349 0.002474
0.002348 0.002538
0.002346 0.002992
0.002336 0.002908
0.002334 0.002517
0.002332 0.002552
0.002328 0.002377
0.002327 0.003265
0.002321 0.002428
0.002320 0.002386
0.002320 0.002328
0.002319 0.002712
0.002319 0.002493
0.002318 0.002633
0.002318 0.003981
0.002317 0.002695
0.002315 0.002737
0.002312 0.002566
0.002307 0.003372
0.002307 0.002372
0.002307 0.002875
0.002305 0.003482
0.002300 0.002341
0.002300 0.002515
0.002295 0.002354
0.002293 0.004191
0.002291 0.002344
0.002284 0.002513
0.002279 0.002343
0.002277 0.002796
0.002276 0.002600
0.002273 0.002886
0.002271 0.002362
0.002271 0.003048
0.002268 0.006387
0.002266 0.002759
0.002265 0.002439
0.002261 0.003003
0.002259 0.002304
0.002259 0.002508
0.002253 0.002459
0.002251 0.002773
0.002248 0.002392
0.002245 0.004228
0.002245 0.002334
0.002243 0.003770
0.002241 0.003745
0.002241 0.002339
0.002241 0.002509
0.002237 0.002377
0.002233 0.002808
0.002232 0.002250
0.002224 0.003870
0.002219 0.002422
0.002208 0.003099
0.002205 0.002965
0.002195 0.002313
0.002182 0.002290
0.002180 0.002239
0.002177 0.002191
0.002174 0.003108
0.002159 0.003659
0.002152 0.002497
0.002151 0.002639
0.002149 0.002542
0.002148 0.002305
0.002147 0.002174
0.002146 0.003209
0.002142 0.002788
0.002140 0.002329
0.002132 0.002148
0.002126 0.002743
0.002121 0.002153
0.002118 0.002263
0.002117 0.002323
0.002113 0.002466
0.002109 0.003204
0.002105 0.002488
0.002099 0.002378
0.002097 0.002358
0.002095 0.002676
0.002092 0.003460
0.002088 0.002705
0.002082 0.002510
0.002081 0.002126
0.002079 0.002200
0.002079 0.002148
0.002074 0.002283
0.002065 0.002748
0.002064 0.002437
0.002050 0.002431
0.002046 0.002918
0.002042 0.002213
0.002042 0.002631
0.002040 0.002712
0.002032 0.002344
0.002023 0.002029
0.002022 0.002620
0.002014 0.002068
0.002013 0.002430
0.002011 0.002604
0.002006 0.002098
0.002000 0.002464
0.001997 0.002046
0.001997 0.002228
0.001990 0.002477
0.001988 0.002345
0.001975 0.002174
0.001972 0.002362
0.001959 0.003577
0.001959 0.002296
0.001958 0.002054
0.001957 0.003042
0.001955 0.002190
0.001953 0.002331
0.001929 0.002045
0.001925 0.003228
0.001916 0.001916
0.001916 0.002026
0.001912 0.001915
0.001912 0.001958
0.001907 0.002009
0.001901 0.002140
0.001900 0.002116
0.001893 0.001908
0.001887 0.001888
0.001886 0.002220
0.001878 0.002552
0.001878 0.002260
0.001878 0.001927
0.001875 0.002082
0.001869 0.002003
0.001864 0.002172
0.001864 0.002729
0.001859 0.001883
0.001855 0.002349
0.001854 0.002472
0.001851 0.002102
0.001851 0.002000
0.001839 0.002166
0.001831 0.001925
0.001813 0.001814
0.001796 0.001966
0.001796 0.002358
0.001796 0.001952
0.001780 0.001838
0.001779 0.002322
0.001757 0.002000
0.001732 0.001922
0.001724 0.002156
0.001717 0.001927
0.001699 0.002090
0.001673 0.002039
0.001671 0.001696
0.001658 0.001781
0.001657 0.001796
0.001657 0.001976
0.001648 0.001650
0.001634 0.002019
0.001623 0.001988
0.001615 0.002223
0.001609 0.001650
0.001607 0.001653
0.001594 0.002407
0.001593 0.001784
0.001558 0.001654
0.001540 0.001608
0.001537 0.001589
0.001522 0.001957
0.001520 0.001854
0.001494 0.001534
0.001477 0.001542
0.001472 0.001692
0.001464 0.001668
0.001462 0.001527
0.001461 0.001523
0.001457 0.001618
0.001439 0.001533
0.001434 0.001480
0.001356 0.001554
0.001355 0.001904
0.001351 0.001604
0.001351 0.001376
0.001345 0.001347
0.001331 0.001520
0.001313 0.001593
0.001312 0.001613
0.001218 0.001266
0.001206 0.001285
0.001158 0.001357
0.001145 0.001178
0.001086 0.001201
0.001013 0.001141
0.001012 0.001278
0.000428 0.000460
