0.356645 0.398509
0.221462 0.234173
0.117050 0.119075
0.098851 0.111308
0.094466 0.099679
0.077270 0.091920
0.075740 0.082970
0.075466 0.076246
0.073123 0.092601
0.070183 0.099975
0.067771 0.072994
0.064518 0.069255
0.064471 0.081651
0.061293 0.067128
0.060369 0.116732
0.059649 0.068365
0.059109 0.067155
0.057722 0.073682
0.057382 0.065779
0.055571 0.062261
0.054832 0.060735
0.054097 0.056892
0.053240 0.062275
0.051985 0.056242
0.051674 0.056410
0.051653 0.133503
0.051173 0.053042
0.050935 0.051219
0.049918 0.052670
0.048983 0.056568
0.046039 0.047917
0.045658 0.061734
0.045032 0.046464
0.044527 0.049972
0.044321 0.053578
0.044282 0.051194
0.043719 0.060751
0.043577 0.051358
0.043574 0.071962
0.043006 0.045034
0.042931 0.047203
0.042917 0.047295
0.042881 0.060791
0.042874 0.043311
0.042775 0.067679
0.042245 0.049247
0.042242 0.043326
0.041890 0.046048
0.041244 0.044361
0.041040 0.046554
0.040591 0.043956
0.040375 0.076774
0.039984 0.045507
0.039533 0.044374
0.039518 0.046150
0.038905 0.040875
0.038610 0.041359
0.037328 0.047984
0.037075 0.039070
0.036896 0.038112
0.036619 0.039148
0.035811 0.041849
0.035757 0.045375
0.035628 0.041634
0.035424 0.078843
0.035234 0.045265
0.034789 0.039959
0.034778 0.042400
0.034556 0.057499
0.034461 0.037249
0.034379 0.035731
0.034351 0.037415
0.034335 0.034376
0.034258 0.035866
0.034242 0.042358
0.034124 0.040058
0.033962 0.036336
0.033812 0.042956
0.033593 0.035434
0.033581 0.041975
0.033308 0.035591
0.033119 0.035651
0.032981 0.036335
0.032898 0.036518
0.032591 0.034224
0.032240 0.035984
0.031833 0.036627
0.031680 0.038082
0.031647 0.044749
0.031529 0.036747
0.031429 0.033408
0.031390 0.043171
0.031225 0.033002
0.031159 0.049079
0.031106 0.043402
0.030954 0.031498
0.030896 0.034096
0.030689 0.030820
0.030634 0.041468
0.030633 0.038749
0.030554 0.033952
0.030528 0.031598
0.030434 0.035761
0.030307 0.033099
0.030290 0.051984
0.030167 0.036694
0.029975 0.037065
0.029878 0.045524
0.029648 0.034732
0.029391 0.033843
0.029253 0.038010
0.029164 0.047246
0.029055 0.029278
0.028875 0.038937
0.028850 0.030185
0.028835 0.036526
0.028815 0.029588
0.028761 0.039343
0.028669 0.033657
0.028520 0.038765
0.028434 0.029493
0.028287 0.036323
0.028141 0.037139
0.028092 0.031275
0.028084 0.032602
0.027692 0.027796
0.027685 0.033931
0.027549 0.029769
0.027522 0.036444
0.027480 0.027861
0.027393 0.031768
0.027357 0.030174
0.027226 0.044523
0.027129 0.033086
0.027073 0.027336
0.026940 0.031510
0.026940 0.030971
0.026783 0.040279
0.026713 0.027084
0.026679 0.029029
0.026645 0.029474
0.026636 0.032340
0.026631 0.029100
0.026591 0.027415
0.026562 0.031735
0.026344 0.028295
0.026306 0.039905
0.026099 0.026755
0.026078 0.027066
0.026064 0.041551
0.026047 0.028137
0.025980 0.028564
0.025799 0.026509
0.025583 0.031155
0.025574 0.032152
0.025456 0.037932
0.025371 0.025719
0.025352 0.025503
0.025313 0.025962
0.025238 0.042236
0.025222 0.027412
0.025124 0.026951
0.025107 0.058915
0.025043 0.027522
0.024956 0.027838
0.024731 0.029565
0.024720 0.024823
0.024692 0.028460
0.024554 0.025186
0.024552 0.025732
0.024489 0.026546
0.024457 0.029163
0.024418 0.032922
0.024116 0.032803
0.024029 0.027549
0.024029 0.025239
0.024022 0.024977
0.023957 0.032621
0.023893 0.026772
0.023858 0.028421
0.023795 0.034205
0.023793 0.024797
0.023718 0.023834
0.023675 0.027167
0.023642 0.030707
0.023531 0.024341
0.023226 0.023295
0.023222 0.031817
0.023078 0.029460
0.023033 0.026793
0.022948 0.023990
0.022872 0.039211
0.022801 0.023318
0.022704 0.026251
0.022691 0.027042
0.022685 0.027740
0.022649 0.028692
0.022600 0.023582
0.022550 0.027329
0.022378 0.038928
0.022326 0.026407
0.022307 0.028216
0.022285 0.024002
0.022229 0.029622
0.022209 0.028291
0.022105 0.031647
0.022054 0.023566
0.021963 0.023514
0.021958 0.022766
0.021918 0.030863
0.021891 0.022330
0.021881 0.024648
0.021813 0.021915
0.021810 0.031876
0.021785 0.023377
0.021767 0.036413
0.021748 0.027001
0.021717 0.029698
0.021557 0.023729
0.021531 0.022592
0.021380 0.022500
0.021327 0.028044
0.021288 0.026773
0.021285 0.026159
0.021272 0.030046
0.021264 0.027292
0.021100 0.021242
0.020995 0.026046
0.020989 0.023913
0.020969 0.022739
0.020951 0.021053
0.020949 0.021051
0.020893 0.022888
0.020858 0.020876
0.020810 0.024169
0.020698 0.021940
0.020644 0.037624
0.020618 0.021003
0.020516 0.021483
0.020504 0.026864
0.020466 0.021285
0.020406 0.032909
0.020293 0.027160
0.020281 0.021082
0.020191 0.033412
0.020160 0.021860
0.020049 0.022799
0.020042 0.020914
0.020041 0.022288
0.019976 0.023188
0.019929 0.030170
0.019879 0.028005
0.019863 0.021956
0.019803 0.019809
0.019721 0.026878
0.019716 0.038236
0.019702 0.020446
0.019685 0.020712
0.019655 0.027315
0.019631 0.023019
0.019448 0.022379
0.019428 0.025678
0.019422 0.027211
0.019407 0.025797
0.019366 0.023208
0.019304 0.020965
0.019257 0.019448
0.019187 0.038939
0.019077 0.019241
0.019033 0.021231
0.019030 0.021639
0.018916 0.021597
0.018881 0.026325
0.018861 0.019395
0.018827 0.020102
0.018811 0.025853
0.018757 0.022250
0.018750 0.028330
0.018747 0.020208
0.018744 0.023077
0.018678 0.030057
0.018669 0.023461
0.018622 0.019267
0.018603 0.024814
0.018587 0.019160
0.018577 0.021827
0.018574 0.024319
0.018545 0.023457
0.018477 0.026379
0.018434 0.020745
0.018419 0.018950
0.018405 0.019054
0.018388 0.029062
0.018309 0.018953
0.018292 0.019211
0.018287 0.022806
0.018286 0.018387
0.018223 0.032218
0.018039 0.023634
0.018036 0.019791
0.018014 0.022327
0.017963 0.018279
0.017959 0.026484
0.017957 0.020697
0.017857 0.022228
0.017844 0.025093
0.017841 0.019169
0.017835 0.027121
0.017832 0.029976
0.017804 0.018605
0.017729 0.019589
0.017712 0.020444
0.017701 0.022230
0.017634 0.023300
0.017615 0.017945
0.017610 0.017943
0.017555 0.024990
0.017523 0.020923
0.017513 0.019478
0.017469 0.023519
0.017455 0.019209
0.017408 0.017592
0.017386 0.030027
0.017229 0.017660
0.017195 0.027545
0.017182 0.018245
0.017173 0.017182
0.017150 0.018810
0.017143 0.018128
0.017133 0.017159
0.017104 0.017743
0.017083 0.017418
0.017018 0.017705
0.017013 0.020394
0.017005 0.023926
0.016969 0.030994
0.016955 0.038610
0.016945 0.018797
0.016944 0.017463
0.016890 0.028616
0.016887 0.017011
0.016876 0.017712
0.016862 0.017015
0.016796 0.016833
0.016681 0.019286
0.016561 0.017319
0.016555 0.018673
0.016435 0.016857
0.016428 0.020149
0.016415 0.016595
0.016385 0.016600
0.016356 0.023830
0.016352 0.019843
0.016331 0.016343
0.016308 0.018408
0.016271 0.024409
0.016246 0.017969
0.016239 0.018189
0.016227 0.017589
0.016213 0.019156
0.016164 0.017829
0.016160 0.016342
0.016152 0.018322
0.016144 0.025474
0.016119 0.023692
0.016113 0.030473
0.016074 0.016805
0.016066 0.019084
0.016065 0.020297
0.016058 0.018563
0.016047 0.019214
0.015999 0.016078
0.015977 0.016318
0.015947 0.017555
0.015854 0.026572
0.015853 0.016066
0.015842 0.021587
0.015841 0.018833
0.015833 0.016624
0.015788 0.017158
0.015774 0.026114
0.015750 0.021103
0.015736 0.015856
0.015718 0.017376
0.015709 0.017711
0.015652 0.022510
0.015649 0.017252
0.015641 0.016757
0.015606 0.018544
0.015592 0.023307
0.015585 0.016747
0.015569 0.016120
0.015555 0.016410
0.015513 0.023863
0.015505 0.017509
0.015504 0.015546
0.015482 0.022294
0.015450 0.019601
0.015432 0.021385
0.015418 0.016537
0.015365 0.016815
0.015321 0.017146
0.015317 0.015566
0.015296 0.024291
0.015287 0.022917
0.015286 0.016815
0.015286 0.015927
0.015255 0.023525
0.015252 0.015931
0.015250 0.018760
0.015242 0.015252
0.015239 0.015902
0.015237 0.019322
0.015221 0.016818
0.015217 0.016044
0.015119 0.018422
0.015114 0.019313
0.015090 0.015383
0.015054 0.015586
0.015053 0.027095
0.015019 0.019450
0.014997 0.015506
0.014993 0.019818
0.014992 0.018125
0.014975 0.016842
0.014966 0.026475
0.014955 0.017941
0.014947 0.023789
0.014944 0.014954
0.014933 0.018686
0.014871 0.023455
0.014847 0.016541
0.014810 0.014854
0.014800 0.016253
0.014797 0.014994
0.014764 0.021908
0.014764 0.016289
0.014737 0.018906
0.014716 0.015226
0.014702 0.018391
0.014701 0.025301
0.014680 0.019333
0.014673 0.019700
0.014655 0.014828
0.014653 0.019704
0.014649 0.029175
0.014642 0.019333
0.014636 0.017415
0.014636 0.022223
0.014630 0.014704
0.014612 0.019952
0.014610 0.016163
0.014588 0.016287
0.014570 0.032541
0.014560 0.014938
0.014558 0.015601
0.014520 0.021499
0.014520 0.016190
0.014508 0.016039
0.014497 0.018560
0.014489 0.015692
0.014484 0.015198
0.014481 0.017486
0.014479 0.016912
0.014478 0.015288
0.014454 0.015025
0.014431 0.016167
0.014377 0.014487
0.014365 0.016946
0.014346 0.014650
0.014339 0.014780
0.014328 0.015222
0.014308 0.021280
0.014293 0.019538
0.014292 0.016016
0.014242 0.015681
0.014236 0.017308
0.014236 0.018496
0.014225 0.017923
0.014218 0.016403
0.014184 0.014312
0.014182 0.014951
0.014169 0.019622
0.014153 0.015157
0.014148 0.022443
0.014138 0.014213
0.014080 0.015498
0.014027 0.016039
0.014027 0.014759
0.014005 0.014632
0.014001 0.015899
0.013996 0.020418
0.013987 0.024220
0.013985 0.015488
0.013985 0.016901
0.013976 0.014596
0.013970 0.014240
0.013964 0.018812
0.013960 0.021269
0.013952 0.020854
0.013942 0.016633
0.013939 0.021504
0.013903 0.016305
0.013882 0.014223
0.013875 0.021745
0.013871 0.022732
0.013845 0.014885
0.013828 0.016179
0.013798 0.021252
0.013779 0.020264
0.013763 0.014938
0.013752 0.014577
0.013751 0.017505
0.013751 0.016233
0.013745 0.014384
0.013717 0.016815
0.013662 0.016020
0.013620 0.017222
0.013615 0.014359
0.013613 0.014359
0.013611 0.021950
0.013611 0.021795
0.013589 0.018090
0.013586 0.014741
0.013558 0.014923
0.013558 0.016658
0.013549 0.025911
0.013534 0.014069
0.013533 0.014143
0.013517 0.026470
0.013502 0.017587
0.013494 0.018352
0.013484 0.016535
0.013475 0.016537
0.013471 0.017827
0.013467 0.014207
0.013416 0.018866
0.013415 0.013784
0.013372 0.014634
0.013368 0.013580
0.013367 0.021032
0.013362 0.015407
0.013351 0.013595
0.013335 0.022584
0.013322 0.014173
0.013309 0.017842
0.013275 0.015933
0.013275 0.014644
0.013207 0.018241
0.013182 0.015471
0.013157 0.017976
0.013146 0.013329
0.013145 0.025234
0.013115 0.016486
0.013106 0.015347
0.013095 0.014773
0.013085 0.023595
0.013065 0.013254
0.013065 0.013188
0.013058 0.016118
0.013057 0.021045
0.013047 0.013229
0.013043 0.014328
0.013035 0.014613
0.013029 0.013746
0.013020 0.013770
0.013005 0.020241
0.012962 0.013447
0.012944 0.013982
0.012943 0.013275
0.012917 0.012923
0.012911 0.018953
0.012876 0.017663
0.012871 0.013319
0.012848 0.012919
0.012830 0.014828
0.012813 0.013582
0.012806 0.013991
0.012800 0.020411
0.012792 0.016913
0.012759 0.026730
0.012754 0.014180
0.012721 0.012728
0.012708 0.015494
0.012667 0.021948
0.012663 0.015761
0.012643 0.013059
0.012640 0.014761
0.012611 0.015896
0.012597 0.020721
0.012583 0.014776
0.012578 0.013714
0.012574 0.013438
0.012555 0.012684
0.012535 0.016167
0.012518 0.013211
0.012503 0.017594
0.012482 0.019423
0.012479 0.015654
0.012456 0.014206
0.012434 0.014868
0.012433 0.015367
0.012423 0.013057
0.012414 0.014315
0.012397 0.021142
0.012390 0.013946
0.012384 0.014914
0.012380 0.013233
0.012346 0.024107
0.012329 0.013086
0.012296 0.014253
0.012292 0.012858
0.012287 0.012518
0.012280 0.014645
0.012246 0.014148
0.012245 0.012843
0.012228 0.012339
0.012227 0.014154
0.012216 0.014858
0.012205 0.013660
0.012194 0.012463
0.012166 0.012865
0.012156 0.012536
0.012116 0.013818
0.012099 0.019258
0.012089 0.017168
0.012085 0.013106
0.012078 0.012242
0.012072 0.019462
0.012063 0.014904
0.012063 0.014765
0.012039 0.014799
0.012025 0.012369
0.012022 0.014245
0.012018 0.012044
0.012018 0.015842
0.012015 0.013052
0.012000 0.012503
0.011974 0.012139
0.011973 0.012846
0.011971 0.016200
0.011965 0.012328
0.011965 0.012070
0.011962 0.012029
0.011960 0.012003
0.011958 0.016282
0.011943 0.023376
0.011916 0.012203
0.011908 0.012306
0.011896 0.012506
0.011852 0.017383
0.011813 0.015316
0.011790 0.018477
0.011787 0.013506
0.011772 0.018768
0.011766 0.012030
0.011729 0.014107
0.011728 0.012647
0.011704 0.017322
0.011701 0.012747
0.011696 0.012164
0.011694 0.012558
0.011688 0.011834
0.011665 0.011703
0.011661 0.011794
0.011637 0.012517
0.011625 0.017719
0.011605 0.022106
0.011603 0.013168
0.011590 0.013537
0.011583 0.014567
0.011543 0.018604
0.011538 0.012164
0.011535 0.012772
0.011534 0.017097
0.011510 0.022552
0.011503 0.012352
0.011492 0.011520
0.011479 0.016746
0.011453 0.018866
0.011452 0.012327
0.011446 0.011481
0.011429 0.014388
0.011422 0.011880
0.011416 0.012540
0.011408 0.014403
0.011402 0.014364
0.011400 0.017582
0.011397 0.012984
0.011387 0.011401
0.011383 0.012689
0.011374 0.018469
0.011374 0.013778
0.011338 0.012783
0.011337 0.014589
0.011330 0.011937
0.011327 0.011359
0.011319 0.012065
0.011303 0.020172
0.011293 0.013278
0.011289 0.014164
0.011288 0.026291
0.011283 0.011807
0.011277 0.011320
0.011266 0.011622
0.011259 0.011634
0.011250 0.012130
0.011241 0.013617
0.011240 0.013293
0.011237 0.012686
0.011231 0.016742
0.011225 0.011403
0.011215 0.011458
0.011214 0.016049
0.011210 0.015545
0.011189 0.012441
0.011183 0.011350
0.011171 0.016149
0.011163 0.013214
0.011163 0.011979
0.011156 0.015341
0.011154 0.017039
0.011150 0.012512
0.011148 0.016233
0.011135 0.011217
0.011126 0.011592
0.011118 0.012086
0.011111 0.017344
0.011110 0.020881
0.011097 0.011170
0.011074 0.012944
0.011072 0.011835
0.011072 0.015589
0.011065 0.013595
0.011061 0.019883
0.011058 0.011285
0.011049 0.012553
0.011037 0.011664
0.011034 0.012371
0.011033 0.011265
0.011019 0.011492
0.011005 0.012260
0.010997 0.011985
0.010995 0.011082
0.010965 0.011266
0.010963 0.011212
0.010949 0.013317
0.010942 0.011146
0.010933 0.011316
0.010917 0.013430
0.010916 0.012570
0.010905 0.016935
0.010904 0.011768
0.010895 0.012950
0.010876 0.010958
0.010871 0.013095
0.010865 0.016481
0.010821 0.015750
0.010810 0.011271
0.010798 0.013573
0.010794 0.012282
0.010773 0.011797
0.010772 0.012288
0.010756 0.010856
0.010756 0.013578
0.010752 0.010772
0.010752 0.011064
0.010739 0.018301
0.010737 0.013393
0.010731 0.017394
0.010731 0.011487
0.010727 0.012618
0.010726 0.014103
0.010712 0.017950
0.010694 0.015385
0.010664 0.013870
0.010649 0.017302
0.010646 0.016435
0.010618 0.016927
0.010617 0.017573
0.010609 0.016703
0.010577 0.013551
0.010576 0.011728
0.010566 0.010625
0.010564 0.010873
0.010560 0.011772
0.010549 0.011869
0.010544 0.012352
0.010541 0.011090
0.010536 0.011695
0.010535 0.010722
0.010534 0.011165
0.010522 0.010595
0.010513 0.011011
0.010511 0.011068
0.010507 0.011999
0.010506 0.022457
0.010501 0.015995
0.010496 0.010815
0.010492 0.011721
0.010491 0.011708
0.010479 0.012196
0.010472 0.012897
0.010471 0.012890
0.010463 0.012418
0.010457 0.011079
0.010454 0.015571
0.010446 0.014597
0.010439 0.010750
0.010437 0.013061
0.010435 0.014506
0.010432 0.012409
0.010426 0.017476
0.010425 0.013020
0.010423 0.010722
0.010420 0.014013
0.010419 0.011213
0.010418 0.010933
0.010414 0.012084
0.010412 0.015163
0.010396 0.010518
0.010395 0.010763
0.010392 0.012783
0.010389 0.013586
0.010372 0.011664
0.010357 0.011658
0.010354 0.011911
0.010351 0.010649
0.010346 0.010627
0.010342 0.014446
0.010331 0.015372
0.010325 0.011559
0.010325 0.011367
0.010318 0.012351
0.010312 0.014492
0.010297 0.011338
0.010284 0.013669
0.010277 0.012409
0.010274 0.010394
0.010271 0.011475
0.010266 0.012672
0.010265 0.010838
0.010261 0.013059
0.010249 0.010775
0.010238 0.011671
0.010232 0.014901
0.010229 0.013432
0.010214 0.015695
0.010207 0.010615
0.010202 0.012859
0.010198 0.010223
0.010188 0.012180
0.010177 0.010861
0.010166 0.013495
0.010155 0.012765
0.010153 0.016481
0.010148 0.011244
0.010147 0.012942
0.010145 0.013282
0.010141 0.010381
0.010117 0.010852
0.010115 0.017175
0.010112 0.013264
0.010112 0.010931
0.010106 0.011799
0.010101 0.010413
0.010100 0.012454
0.010091 0.010657
0.010089 0.011563
0.010085 0.010813
0.010072 0.012618
0.010069 0.011032
0.010061 0.013270
0.010057 0.011688
0.010056 0.011068
0.010055 0.011030
0.010054 0.010576
0.010038 0.010419
0.010007 0.010306
0.010004 0.013514
0.009979 0.010010
0.009970 0.017631
0.009965 0.013132
0.009956 0.013797
0.009952 0.014058
0.009950 0.013421
0.009949 0.017178
0.009948 0.011585
0.009939 0.015708
0.009937 0.010051
0.009931 0.014077
0.009915 0.014625
0.009908 0.010498
0.009894 0.009943
0.009873 0.012007
0.009863 0.014844
0.009853 0.012742
0.009847 0.015585
0.009837 0.009939
0.009832 0.011407
0.009825 0.015203
0.009824 0.010620
0.009817 0.013098
0.009805 0.016949
0.009791 0.021475
0.009789 0.010085
0.009786 0.018130
0.009778 0.016650
0.009759 0.010816
0.009746 0.011647
0.009729 0.012834
0.009726 0.010294
0.009726 0.015078
0.009717 0.016457
0.009692 0.011134
0.009690 0.013650
0.009689 0.010022
0.009673 0.010821
0.009672 0.009874
0.009659 0.014712
0.009659 0.011232
0.009654 0.011799
0.009654 0.011115
0.009652 0.014243
0.009651 0.014408
0.009643 0.009666
0.009643 0.011474
0.009641 0.010105
0.009636 0.009721
0.009631 0.010845
0.009613 0.011169
0.009610 0.010431
0.009591 0.013212
0.009588 0.011146
0.009578 0.010201
0.009556 0.013453
0.009545 0.010478
0.009545 0.012441
0.009536 0.009800
0.009532 0.016216
0.009526 0.009960
0.009524 0.016889
0.009522 0.009602
0.009520 0.010773
0.009515 0.018196
0.009515 0.013357
0.009513 0.009718
0.009512 0.009697
0.009512 0.010292
0.009509 0.011479
0.009496 0.017669
0.009495 0.012985
0.009471 0.015015
0.009470 0.010036
0.009460 0.019329
0.009456 0.011728
0.009454 0.010202
0.009454 0.014620
0.009448 0.010068
0.009447 0.009675
0.009444 0.009634
0.009444 0.011572
0.009443 0.011362
0.009441 0.009790
0.009440 0.012107
0.009437 0.017869
0.009428 0.010515
0.009427 0.014735
0.009410 0.012607
0.009402 0.009756
0.009401 0.010903
0.009396 0.011308
0.009396 0.011054
0.009383 0.012400
0.009378 0.013412
0.009372 0.010015
0.009361 0.009722
0.009356 0.011970
0.009352 0.009590
0.009350 0.011459
0.009341 0.013874
0.009334 0.014888
0.009325 0.009570
0.009316 0.009794
0.009313 0.016173
0.009308 0.016049
0.009307 0.011309
0.009305 0.012289
0.009301 0.011792
0.009299 0.010011
0.009282 0.010739
0.009276 0.009300
0.009264 0.011227
0.009264 0.009421
0.009263 0.010276
0.009262 0.010083
0.009262 0.017843
0.009260 0.010097
0.009260 0.009719
0.009258 0.012244
0.009253 0.010237
0.009246 0.012688
0.009245 0.015612
0.009232 0.009482
0.009231 0.011415
0.009226 0.009782
0.009225 0.009652
0.009224 0.015175
0.009223 0.011169
0.009217 0.014536
0.009216 0.012703
0.009215 0.009956
0.009214 0.009621
0.009211 0.015621
0.009208 0.012907
0.009207 0.012041
0.009202 0.009375
0.009186 0.010936
0.009180 0.010544
0.009175 0.014693
0.009171 0.015998
0.009171 0.011886
0.009168 0.014228
0.009165 0.010455
0.009158 0.009435
0.009157 0.010247
0.009154 0.009243
0.009150 0.009679
0.009145 0.010889
0.009133 0.011923
0.009131 0.018532
0.009128 0.009308
0.009126 0.009583
0.009106 0.016017
0.009104 0.010428
0.009083 0.009350
0.009078 0.009209
0.009078 0.009326
0.009077 0.010603
0.009076 0.015291
0.009051 0.015840
0.009044 0.016999
0.009043 0.009630
0.009035 0.010967
0.009034 0.009044
0.009029 0.009073
0.009024 0.010501
0.009019 0.010566
0.009015 0.009287
0.009014 0.015411
0.009013 0.013201
0.009007 0.011645
0.009006 0.011733
0.009003 0.009895
0.008995 0.009169
0.008992 0.011189
0.008989 0.010242
0.008972 0.009045
0.008968 0.011019
0.008958 0.013128
0.008938 0.010375
0.008911 0.013971
0.008908 0.008955
0.008906 0.010944
0.008872 0.012012
0.008868 0.011176
0.008857 0.014142
0.008853 0.011132
0.008849 0.009210
0.008849 0.016078
0.008847 0.011247
0.008826 0.011221
0.008824 0.010097
0.008823 0.011047
0.008817 0.011499
0.008814 0.009806
0.008806 0.009246
0.008801 0.011978
0.008795 0.010205
0.008774 0.011323
0.008771 0.010718
0.008765 0.009445
0.008730 0.009892
0.008730 0.010578
0.008725 0.010244
0.008724 0.011798
0.008723 0.008918
0.008716 0.010605
0.008709 0.008867
0.008709 0.009391
0.008709 0.009048
0.008700 0.009674
0.008687 0.011573
0.008686 0.009871
0.008669 0.009561
0.008669 0.011753
0.008657 0.009260
0.008657 0.009479
0.008647 0.009408
0.008647 0.012435
0.008642 0.008725
0.008632 0.010545
0.008627 0.009026
0.008620 0.013834
0.008614 0.008707
0.008612 0.013011
0.008596 0.008999
0.008594 0.009110
0.008594 0.008611
0.008589 0.011112
0.008582 0.012250
0.008580 0.012341
0.008577 0.012743
0.008576 0.016111
0.008570 0.011683
0.008568 0.008894
0.008558 0.015889
0.008553 0.008647
0.008548 0.010692
0.008545 0.008834
0.008537 0.014789
0.008534 0.011644
0.008532 0.012148
0.008528 0.008573
0.008504 0.008563
0.008498 0.010060
0.008496 0.010133
0.008495 0.008618
0.008490 0.008817
0.008490 0.008557
0.008489 0.008974
0.008487 0.009150
0.008485 0.009387
0.008480 0.008896
0.008479 0.008743
0.008479 0.010382
0.008467 0.019666
0.008465 0.010763
0.008461 0.011346
0.008455 0.017205
0.008455 0.015010
0.008443 0.008818
0.008442 0.009333
0.008438 0.017542
0.008434 0.012072
0.008428 0.015913
0.008427 0.008432
0.008427 0.008443
0.008427 0.008544
0.008398 0.008786
0.008395 0.012631
0.008388 0.008427
0.008385 0.011407
0.008382 0.011069
0.008380 0.009210
0.008379 0.015135
0.008378 0.012451
0.008370 0.010626
0.008355 0.016527
0.008354 0.010162
0.008346 0.009603
0.008343 0.011516
0.008342 0.009840
0.008338 0.008858
0.008335 0.014262
0.008332 0.008599
0.008331 0.010527
0.008331 0.008626
0.008329 0.009791
0.008328 0.009536
0.008322 0.014102
0.008315 0.010805
0.008313 0.009028
0.008305 0.008973
0.008298 0.010453
0.008295 0.009834
0.008295 0.009928
0.008294 0.009368
0.008291 0.010037
0.008289 0.009567
0.008284 0.011164
0.008283 0.008786
0.008274 0.008379
0.008268 0.010695
0.008266 0.011425
0.008264 0.008273
0.008255 0.009558
0.008245 0.008366
0.008243 0.017600
0.008238 0.009648
0.008237 0.012165
0.008231 0.012348
0.008227 0.008648
0.008223 0.009335
0.008219 0.013924
0.008214 0.010465
0.008209 0.008271
0.008204 0.012817
0.008198 0.008728
0.008187 0.014304
0.008180 0.009450
0.008180 0.014814
0.008178 0.009575
0.008175 0.012219
0.008173 0.013293
0.008172 0.008465
0.008165 0.009198
0.008158 0.008671
0.008154 0.010744
0.008150 0.008343
0.008141 0.012899
0.008135 0.009012
0.008132 0.008458
0.008126 0.010785
0.008116 0.009177
0.008109 0.014994
0.008106 0.009488
0.008092 0.011183
0.008089 0.009006
0.008089 0.011244
0.008085 0.015773
0.008083 0.008938
0.008075 0.008137
0.008062 0.008324
0.008058 0.008157
0.008053 0.008160
0.008050 0.008187
0.008049 0.010721
0.008042 0.012145
0.008041 0.009324
0.008036 0.010443
0.008033 0.010469
0.008033 0.010729
0.008026 0.008267
0.008020 0.008227
0.008020 0.011094
0.008008 0.009109
0.008005 0.009574
0.007998 0.008869
0.007996 0.010033
0.007986 0.016486
0.007978 0.008473
0.007977 0.009974
0.007975 0.016417
0.007974 0.008375
0.007971 0.008050
0.007970 0.008499
0.007969 0.011736
0.007966 0.008750
0.007962 0.009232
0.007961 0.009834
0.007960 0.009989
0.007958 0.011328
0.007954 0.008054
0.007953 0.009102
0.007952 0.008677
0.007948 0.009031
0.007939 0.008297
0.007933 0.015953
0.007929 0.008607
0.007925 0.011386
0.007921 0.008971
0.007920 0.012138
0.007918 0.009296
0.007916 0.009212
0.007904 0.010490
0.007902 0.008095
0.007895 0.018815
0.007882 0.011001
0.007881 0.007924
0.007865 0.008582
0.007858 0.008456
0.007858 0.008757
0.007854 0.009424
0.007837 0.009002
0.007831 0.009492
0.007829 0.013167
0.007824 0.008028
0.007806 0.008199
0.007802 0.010441
0.007795 0.008340
0.007789 0.009907
0.007788 0.011782
0.007778 0.011179
0.007775 0.008908
0.007770 0.008876
0.007766 0.011154
0.007765 0.008697
0.007763 0.007941
0.007761 0.009360
0.007759 0.008236
0.007758 0.008913
0.007751 0.008248
0.007736 0.009020
0.007733 0.008018
0.007732 0.010045
0.007728 0.009047
0.007721 0.007820
0.007717 0.011285
0.007694 0.008067
0.007693 0.008634
0.007691 0.008838
0.007690 0.011757
0.007686 0.010061
0.007669 0.010862
0.007663 0.010221
0.007648 0.009321
0.007644 0.008088
0.007644 0.009946
0.007638 0.011391
0.007629 0.008918
0.007623 0.009505
0.007618 0.010604
0.007614 0.007669
0.007608 0.007859
0.007607 0.008114
0.007605 0.008824
0.007591 0.011370
0.007590 0.008952
0.007589 0.008561
0.007578 0.007702
0.007575 0.009235
0.007569 0.011186
0.007561 0.008501
0.007559 0.009449
0.007559 0.011480
0.007550 0.007651
0.007548 0.008639
0.007543 0.008260
0.007537 0.007942
0.007532 0.008779
0.007530 0.007921
0.007518 0.008226
0.007517 0.008340
0.007516 0.007568
0.007515 0.007967
0.007512 0.008063
0.007512 0.013590
0.007508 0.008399
0.007502 0.009244
0.007498 0.013920
0.007482 0.008285
0.007474 0.014372
0.007470 0.007620
0.007461 0.008845
0.007461 0.007475
0.007451 0.009630
0.007448 0.011955
0.007447 0.007840
0.007435 0.008623
0.007433 0.007980
0.007427 0.010843
0.007425 0.012201
0.007423 0.013072
0.007417 0.008852
0.007407 0.007803
0.007406 0.007944
0.007404 0.008655
0.007399 0.010635
0.007397 0.007867
0.007395 0.007529
0.007390 0.008693
0.007390 0.007919
0.007385 0.008755
0.007382 0.010172
0.007381 0.008780
0.007380 0.008275
0.007378 0.007568
0.007374 0.010721
0.007371 0.007769
0.007370 0.007579
0.007362 0.010389
0.007360 0.010061
0.007356 0.007561
0.007352 0.008699
0.007338 0.011192
0.007338 0.011167
0.007335 0.008522
0.007326 0.008079
0.007324 0.007814
0.007321 0.007606
0.007308 0.012974
0.007308 0.010430
0.007306 0.008582
0.007299 0.007315
0.007295 0.007938
0.007294 0.007873
0.007291 0.011314
0.007290 0.010381
0.007284 0.008418
0.007283 0.008266
0.007279 0.011752
0.007278 0.007964
0.007272 0.008415
0.007264 0.014747
0.007259 0.009319
0.007259 0.010859
0.007254 0.015191
0.007250 0.008946
0.007250 0.008642
0.007248 0.007969
0.007247 0.008064
0.007246 0.009908
0.007242 0.008449
0.007238 0.008989
0.007227 0.007422
0.007223 0.010887
0.007222 0.008593
0.007212 0.007363
0.007209 0.012341
0.007209 0.009842
0.007206 0.009831
0.007201 0.007349
0.007199 0.009738
0.007190 0.010168
0.007175 0.008134
0.007166 0.007999
0.007165 0.008983
0.007163 0.008355
0.007161 0.010036
0.007154 0.007684
0.007153 0.007255
0.007152 0.010981
0.007146 0.011320
0.007145 0.008073
0.007142 0.007234
0.007140 0.008172
0.007138 0.007845
0.007129 0.007936
0.007122 0.012992
0.007117 0.007339
0.007115 0.011662
0.007113 0.009962
0.007112 0.007279
0.007110 0.009300
0.007104 0.013249
0.007095 0.009117
0.007086 0.015178
0.007085 0.007341
0.007083 0.009650
0.007083 0.009980
0.007082 0.012891
0.007075 0.007398
0.007073 0.008497
0.007073 0.007517
0.007071 0.011494
0.007069 0.012369
0.007060 0.007242
0.007057 0.007404
0.007057 0.007592
0.007051 0.007078
0.007046 0.007135
0.007030 0.014500
0.007026 0.008018
0.007026 0.009581
0.007025 0.008385
0.007016 0.011167
0.007010 0.008773
0.006999 0.008217
0.006994 0.013856
0.006993 0.011839
0.006991 0.007031
0.006990 0.013450
0.006987 0.007190
0.006987 0.011574
0.006977 0.008813
0.006975 0.013794
0.006972 0.008292
0.006968 0.007975
0.006962 0.008219
0.006961 0.014716
0.006958 0.009411
0.006956 0.007586
0.006954 0.007404
0.006948 0.008150
0.006935 0.008595
0.006934 0.009553
0.006928 0.009372
0.006922 0.007162
0.006922 0.007003
0.006917 0.006965
0.006910 0.009414
0.006909 0.008742
0.006894 0.009890
0.006890 0.007356
0.006889 0.007393
0.006886 0.011672
0.006877 0.013097
0.006876 0.009071
0.006873 0.008288
0.006871 0.007421
0.006864 0.007631
0.006860 0.008540
0.006858 0.007586
0.006858 0.015551
0.006851 0.007687
0.006851 0.014685
0.006848 0.008006
0.006836 0.011770
0.006830 0.008008
0.006821 0.008761
0.006818 0.007544
0.006811 0.010093
0.006801 0.012175
0.006794 0.006893
0.006792 0.006913
0.006784 0.009553
0.006781 0.007516
0.006768 0.010741
0.006759 0.009047
0.006755 0.006760
0.006751 0.012012
0.006746 0.007886
0.006735 0.007493
0.006734 0.007749
0.006734 0.013490
0.006731 0.006887
0.006726 0.006801
0.006718 0.007745
0.006710 0.007872
0.006708 0.011292
0.006701 0.007686
0.006695 0.008573
0.006690 0.010161
0.006680 0.008649
0.006678 0.007848
0.006676 0.007770
0.006674 0.006785
0.006673 0.006723
0.006663 0.008076
0.006661 0.006906
0.006655 0.006956
0.006652 0.006984
0.006647 0.006805
0.006646 0.009296
0.006644 0.006837
0.006641 0.009903
0.006640 0.010651
0.006638 0.007818
0.006629 0.009775
0.006629 0.006897
0.006628 0.006635
0.006624 0.006877
0.006613 0.009053
0.006609 0.009547
0.006592 0.006990
0.006587 0.006704
0.006584 0.006676
0.006583 0.008365
0.006581 0.009635
0.006581 0.007410
0.006578 0.008970
0.006570 0.012275
0.006561 0.008374
0.006560 0.007690
0.006557 0.006936
0.006551 0.007890
0.006548 0.008719
0.006547 0.007576
0.006539 0.009549
0.006532 0.007676
0.006530 0.011511
0.006529 0.006650
0.006529 0.007224
0.006521 0.006835
0.006520 0.008285
0.006513 0.007940
0.006511 0.006910
0.006510 0.007259
0.006495 0.006899
0.006487 0.009733
0.006484 0.007683
0.006484 0.009762
0.006477 0.006576
0.006474 0.006552
0.006474 0.006881
0.006471 0.007669
0.006467 0.007687
0.006466 0.008876
0.006454 0.012987
0.006447 0.013413
0.006441 0.006718
0.006440 0.007239
0.006426 0.007032
0.006425 0.009139
0.006423 0.006482
0.006420 0.007106
0.006417 0.007986
0.006411 0.011632
0.006409 0.007236
0.006402 0.006861
0.006400 0.007268
0.006399 0.011506
0.006398 0.012644
0.006395 0.006492
0.006393 0.009214
0.006390 0.007500
0.006386 0.007067
0.006384 0.006897
0.006379 0.012931
0.006363 0.006798
0.006362 0.007173
0.006361 0.006430
0.006357 0.009203
0.006349 0.007087
0.006338 0.013541
0.006332 0.007796
0.006332 0.006940
0.006326 0.006586
0.006311 0.008260
0.006304 0.008083
0.006304 0.008345
0.006300 0.006736
0.006291 0.006992
0.006288 0.007013
0.006285 0.006334
0.006282 0.007634
0.006272 0.007169
0.006263 0.006302
0.006254 0.006920
0.006250 0.006993
0.006248 0.006341
0.006247 0.007568
0.006246 0.007349
0.006244 0.008749
0.006244 0.006993
0.006240 0.006584
0.006238 0.006252
0.006233 0.009223
0.006230 0.010299
0.006219 0.006550
0.006219 0.009224
0.006214 0.012156
0.006214 0.010554
0.006213 0.006725
0.006212 0.006566
0.006210 0.007418
0.006209 0.006469
0.006190 0.010313
0.006187 0.006892
0.006187 0.006357
0.006184 0.006690
0.006172 0.006468
0.006165 0.007945
0.006165 0.008987
0.006164 0.006520
0.006155 0.007023
0.006154 0.006819
0.006150 0.009216
0.006144 0.007099
0.006142 0.008406
0.006136 0.007783
0.006131 0.008108
0.006121 0.007623
0.006115 0.006487
0.006114 0.008715
0.006111 0.007460
0.006109 0.007635
0.006109 0.009923
0.006091 0.006110
0.006090 0.007151
0.006085 0.007323
0.006078 0.006273
0.006075 0.008157
0.006074 0.008375
0.006074 0.008006
0.006070 0.009876
0.006061 0.007588
0.006054 0.007258
0.006052 0.006774
0.006051 0.009623
0.006045 0.006096
0.006044 0.011930
0.006038 0.006404
0.006037 0.006422
0.006020 0.006422
0.006020 0.007309
0.006014 0.009990
0.006010 0.007552
0.005993 0.010356
0.005984 0.007824
0.005981 0.006391
0.005981 0.008438
0.005981 0.006599
0.005974 0.006187
0.005974 0.006033
0.005973 0.006875
0.005969 0.006346
0.005967 0.006775
0.005953 0.006260
0.005945 0.006740
0.005944 0.009018
0.005939 0.007337
0.005938 0.006448
0.005932 0.007537
0.005928 0.006375
0.005922 0.006797
0.005921 0.008784
0.005921 0.006530
0.005917 0.006252
0.005915 0.006078
0.005914 0.006831
0.005901 0.007588
0.005900 0.009081
0.005898 0.007324
0.005892 0.010259
0.005890 0.006298
0.005890 0.007472
0.005889 0.006069
0.005877 0.007076
0.005875 0.009627
0.005868 0.007335
0.005865 0.008718
0.005863 0.005933
0.005852 0.012850
0.005840 0.006882
0.005836 0.006080
0.005820 0.008266
0.005818 0.006197
0.005817 0.012396
0.005806 0.006315
0.005794 0.006815
0.005791 0.006249
0.005790 0.008574
0.005788 0.005883
0.005788 0.007262
0.005785 0.006533
0.005780 0.006651
0.005780 0.006308
0.005778 0.009315
0.005775 0.005801
0.005767 0.006130
0.005765 0.007189
0.005764 0.005808
0.005761 0.011609
0.005757 0.006095
0.005755 0.008307
0.005754 0.007190
0.005753 0.006877
0.005752 0.006239
0.005750 0.005780
0.005748 0.006049
0.005748 0.007945
0.005741 0.006307
0.005739 0.007268
0.005738 0.007822
0.005736 0.006389
0.005735 0.005872
0.005729 0.011237
0.005725 0.006298
0.005714 0.009476
0.005710 0.006369
0.005708 0.006794
0.005706 0.009890
0.005705 0.008002
0.005705 0.010626
0.005705 0.006461
0.005701 0.006818
0.005698 0.006886
0.005693 0.008901
0.005692 0.006872
0.005690 0.008907
0.005680 0.007625
0.005679 0.006341
0.005677 0.005862
0.005675 0.009256
0.005669 0.005980
0.005666 0.007074
0.005661 0.008208
0.005658 0.007744
0.005657 0.005834
0.005651 0.010939
0.005651 0.011572
0.005638 0.006024
0.005631 0.006032
0.005628 0.005631
0.005625 0.005873
0.005623 0.007001
0.005622 0.008423
0.005616 0.007523
0.005614 0.007409
0.005608 0.006173
0.005606 0.005677
0.005604 0.008589
0.005602 0.009310
0.005600 0.006449
0.005600 0.005622
0.005595 0.008528
0.005583 0.007174
0.005575 0.009049
0.005571 0.013421
0.005563 0.006831
0.005561 0.006346
0.005550 0.009726
0.005547 0.006198
0.005543 0.006004
0.005541 0.005689
0.005532 0.010039
0.005532 0.005808
0.005531 0.006921
0.005528 0.007310
0.005528 0.005629
0.005523 0.009522
0.005514 0.006065
0.005508 0.005863
0.005501 0.005796
0.005495 0.009580
0.005492 0.007492
0.005488 0.012332
0.005484 0.005565
0.005483 0.007075
0.005482 0.008521
0.005478 0.005879
0.005469 0.005610
0.005466 0.010364
0.005464 0.006265
0.005457 0.005545
0.005452 0.005943
0.005450 0.010162
0.005450 0.008636
0.005450 0.008516
0.005443 0.005894
0.005439 0.008690
0.005425 0.005977
0.005424 0.006762
0.005423 0.005844
0.005415 0.005652
0.005413 0.006518
0.005412 0.005898
0.005411 0.007046
0.005408 0.005845
0.005405 0.006454
0.005400 0.005540
0.005390 0.005755
0.005383 0.006735
0.005374 0.005580
0.005363 0.006098
0.005363 0.008343
0.005360 0.006364
0.005359 0.005400
0.005358 0.005474
0.005354 0.006854
0.005349 0.005452
0.005340 0.005971
0.005338 0.005602
0.005336 0.005444
0.005323 0.006774
0.005321 0.007693
0.005310 0.009638
0.005304 0.005506
0.005304 0.011684
0.005283 0.007000
0.005282 0.005503
0.005281 0.005431
0.005276 0.011076
0.005263 0.005417
0.005263 0.006593
0.005251 0.008143
0.005250 0.008811
0.005244 0.006192
0.005227 0.005410
0.005224 0.006070
0.005223 0.005244
0.005218 0.006347
0.005217 0.006394
0.005215 0.006064
0.005195 0.005235
0.005191 0.006141
0.005191 0.008086
0.005189 0.006493
0.005187 0.005613
0.005186 0.005563
0.005181 0.006695
0.005171 0.005721
0.005156 0.007239
0.005147 0.006378
0.005144 0.005840
0.005132 0.007580
0.005132 0.008068
0.005120 0.006391
0.005119 0.005205
0.005119 0.005150
0.005114 0.005143
0.005107 0.007183
0.005101 0.006605
0.005097 0.005121
0.005096 0.006835
0.005090 0.008464
0.005085 0.005512
0.005082 0.005144
0.005070 0.010886
0.005069 0.005624
0.005068 0.006444
0.005059 0.007234
0.005058 0.005335
0.005051 0.005154
0.005045 0.006131
0.005043 0.008512
0.005040 0.005394
0.005039 0.005819
0.005038 0.005538
0.005038 0.006312
0.005028 0.005034
0.005022 0.006617
0.005022 0.011978
0.005020 0.005681
0.005018 0.005689
0.005016 0.006800
0.005014 0.005414
0.005011 0.005828
0.005008 0.005869
0.005008 0.005493
0.005006 0.005063
0.005004 0.006134
0.005002 0.005392
0.004995 0.006173
0.004994 0.005363
0.004994 0.005287
0.004993 0.005149
0.004993 0.005570
0.004990 0.005555
0.004988 0.005395
0.004985 0.005638
0.004981 0.005811
0.004978 0.005260
0.004977 0.007166
0.004975 0.006691
0.004975 0.005595
0.004973 0.005140
0.004965 0.006275
0.004954 0.005643
0.004950 0.005201
0.004937 0.006691
0.004924 0.005197
0.004922 0.004965
0.004917 0.005020
0.004915 0.005355
0.004911 0.005389
0.004906 0.010131
0.004904 0.005503
0.004895 0.005985
0.004894 0.008886
0.004892 0.005045
0.004885 0.008689
0.004877 0.005005
0.004877 0.005560
0.004875 0.007721
0.004873 0.005635
0.004871 0.009051
0.004868 0.005241
0.004863 0.004941
0.004862 0.006826
0.004861 0.005193
0.004861 0.007130
0.004855 0.006589
0.004853 0.005018
0.004852 0.004944
0.004849 0.005701
0.004849 0.006727
0.004848 0.005585
0.004848 0.005363
0.004846 0.007008
0.004845 0.005853
0.004841 0.004882
0.004839 0.006088
0.004836 0.005976
0.004833 0.005338
0.004833 0.005145
0.004830 0.006310
0.004829 0.006035
0.004826 0.005874
0.004826 0.007517
0.004825 0.005560
0.004815 0.006166
0.004815 0.010093
0.004815 0.005005
0.004813 0.005290
0.004801 0.004994
0.004797 0.006252
0.004789 0.005191
0.004787 0.006281
0.004781 0.004809
0.004779 0.006940
0.004775 0.006037
0.004767 0.004987
0.004766 0.008809
0.004766 0.005867
0.004763 0.005765
0.004760 0.006475
0.004755 0.005153
0.004751 0.004830
0.004745 0.007363
0.004737 0.005892
0.004735 0.004740
0.004735 0.005222
0.004734 0.004978
0.004734 0.004794
0.004727 0.006250
0.004723 0.007362
0.004719 0.007424
0.004718 0.009741
0.004714 0.005038
0.004714 0.005294
0.004704 0.006186
0.004698 0.006486
0.004698 0.007266
0.004697 0.006061
0.004695 0.005131
0.004688 0.005360
0.004683 0.008468
0.004674 0.005922
0.004673 0.005977
0.004672 0.006084
0.004672 0.004887
0.004671 0.005139
0.004669 0.008493
0.004668 0.009153
0.004663 0.005631
0.004663 0.004935
0.004659 0.005797
0.004652 0.008830
0.004647 0.004934
0.004632 0.005093
0.004624 0.004899
0.004623 0.004853
0.004619 0.008329
0.004616 0.005739
0.004611 0.004693
0.004605 0.005934
0.004604 0.005437
0.004598 0.006316
0.004596 0.006508
0.004594 0.005674
0.004580 0.006019
0.004574 0.005166
0.004572 0.006126
0.004568 0.004640
0.004553 0.005091
0.004552 0.009348
0.004550 0.004552
0.004550 0.006565
0.004547 0.004727
0.004547 0.005555
0.004547 0.004975
0.004544 0.006137
0.004543 0.004813
0.004541 0.005583
0.004540 0.007113
0.004537 0.005041
0.004531 0.005112
0.004529 0.005609
0.004528 0.004557
0.004525 0.004668
0.004522 0.005103
0.004519 0.005702
0.004519 0.004531
0.004507 0.004732
0.004500 0.006543
0.004498 0.005968
0.004496 0.009030
0.004494 0.005132
0.004492 0.004527
0.004492 0.006032
0.004490 0.004938
0.004485 0.006674
0.004484 0.005151
0.004483 0.006026
0.004482 0.004666
0.004481 0.005758
0.004479 0.005245
0.004471 0.007558
0.004471 0.004486
0.004467 0.004810
0.004464 0.004588
0.004462 0.005399
0.004447 0.006183
0.004440 0.005811
0.004438 0.005008
0.004437 0.004528
0.004436 0.005318
0.004435 0.005468
0.004432 0.005982
0.004432 0.004848
0.004430 0.004624
0.004415 0.004743
0.004415 0.008676
0.004413 0.004783
0.004411 0.006060
0.004410 0.004808
0.004408 0.004729
0.004406 0.004655
0.004405 0.004447
0.004403 0.005008
0.004402 0.004962
0.004400 0.005281
0.004396 0.008456
0.004394 0.004527
0.004394 0.004513
0.004393 0.005257
0.004385 0.004857
0.004382 0.004516
0.004380 0.004891
0.004377 0.004961
0.004366 0.005009
0.004364 0.004531
0.004361 0.006169
0.004355 0.006065
0.004354 0.004606
0.004352 0.005751
0.004352 0.004412
0.004351 0.006593
0.004349 0.004592
0.004347 0.005531
0.004344 0.005464
0.004338 0.005847
0.004337 0.006518
0.004330 0.005706
0.004328 0.004401
0.004325 0.004878
0.004321 0.004731
0.004294 0.006468
0.004294 0.004780
0.004290 0.004306
0.004286 0.009296
0.004285 0.004686
0.004282 0.004330
0.004280 0.005874
0.004277 0.005544
0.004277 0.004913
0.004274 0.008258
0.004273 0.004436
0.004267 0.005516
0.004266 0.005557
0.004261 0.004319
0.004256 0.004905
0.004255 0.008400
0.004248 0.004832
0.004243 0.004313
0.004240 0.004528
0.004236 0.006046
0.004230 0.004645
0.004222 0.004582
0.004216 0.004709
0.004209 0.006556
0.004204 0.005340
0.004199 0.009544
0.004193 0.004204
0.004191 0.005524
0.004190 0.007159
0.004189 0.006914
0.004183 0.006641
0.004173 0.004324
0.004167 0.007253
0.004167 0.006746
0.004166 0.004185
0.004164 0.004580
0.004163 0.004855
0.004158 0.004790
0.004152 0.006812
0.004150 0.004792
0.004147 0.004186
0.004147 0.004239
0.004140 0.004700
0.004138 0.005786
0.004132 0.007084
0.004126 0.004495
0.004122 0.004266
0.004121 0.004633
0.004121 0.009390
0.004113 0.004201
0.004112 0.006351
0.004111 0.004425
0.004108 0.006119
0.004105 0.005502
0.004104 0.004300
0.004098 0.004468
0.004091 0.005808
0.004090 0.004312
0.004085 0.004958
0.004078 0.004135
0.004073 0.004418
0.004067 0.004068
0.004064 0.006529
0.004060 0.005315
0.004049 0.005592
0.004038 0.004508
0.004028 0.008009
0.004018 0.004037
0.004014 0.005415
0.004013 0.004189
0.004011 0.004026
0.004000 0.004167
0.003999 0.005349
0.003995 0.006722
0.003993 0.004088
0.003989 0.008175
0.003986 0.004204
0.003983 0.005919
0.003973 0.004066
0.003964 0.004280
0.003958 0.005366
0.003951 0.004389
0.003945 0.006061
0.003945 0.006485
0.003941 0.006856
0.003939 0.004001
0.003937 0.003957
0.003932 0.007267
0.003931 0.004049
0.003927 0.004319
0.003926 0.004948
0.003924 0.004001
0.003923 0.004546
0.003923 0.004769
0.003919 0.004233
0.003917 0.004268
0.003915 0.005816
0.003908 0.004666
0.003908 0.005029
0.003903 0.004017
0.003902 0.005110
0.003898 0.004057
0.003897 0.003922
0.003895 0.004056
0.003892 0.004606
0.003891 0.004913
0.003884 0.004980
0.003882 0.004400
0.003881 0.004163
0.003881 0.005208
0.003875 0.004499
0.003875 0.004396
0.003872 0.005173
0.003869 0.004100
0.003865 0.006152
0.003863 0.004372
0.003862 0.003868
0.003861 0.004000
0.003859 0.004753
0.003857 0.004763
0.003856 0.004666
0.003846 0.005531
0.003833 0.004171
0.003830 0.003966
0.003827 0.004983
0.003825 0.004126
0.003821 0.003856
0.003812 0.003926
0.003809 0.004839
0.003804 0.004450
0.003802 0.003958
0.003801 0.003861
0.003800 0.006564
0.003795 0.005565
0.003789 0.004605
0.003788 0.004305
0.003786 0.004868
0.003784 0.004444
0.003782 0.003825
0.003777 0.005640
0.003777 0.003974
0.003777 0.003829
0.003774 0.003861
0.003771 0.004293
0.003769 0.003940
0.003763 0.004877
0.003759 0.006324
0.003755 0.003844
0.003752 0.005009
0.003750 0.006604
0.003737 0.003789
0.003736 0.006009
0.003736 0.004122
0.003733 0.004581
0.003731 0.003864
0.003728 0.003806
0.003711 0.004238
0.003709 0.004145
0.003707 0.005207
0.003707 0.003776
0.003702 0.003711
0.003699 0.004797
0.003695 0.004090
0.003690 0.003760
0.003689 0.005382
0.003686 0.003804
0.003684 0.004288
0.003682 0.005086
0.003681 0.003919
0.003676 0.004302
0.003672 0.006218
0.003669 0.003963
0.003664 0.004141
0.003657 0.004041
0.003656 0.007035
0.003645 0.005127
0.003645 0.005187
0.003643 0.006285
0.003638 0.004638
0.003637 0.005400
0.003634 0.003911
0.003631 0.004052
0.003630 0.007943
0.003624 0.004348
0.003621 0.003846
0.003618 0.005074
0.003608 0.003875
0.003604 0.007364
0.003604 0.006319
0.003601 0.003629
0.003599 0.004417
0.003581 0.003630
0.003575 0.003726
0.003569 0.003619
0.003565 0.004141
0.003562 0.006208
0.003559 0.003681
0.003557 0.004326
0.003554 0.003600
0.003550 0.005441
0.003550 0.003929
0.003549 0.003682
0.003540 0.003669
0.003538 0.005452
0.003536 0.003567
0.003525 0.003592
0.003524 0.007711
0.003523 0.004480
0.003523 0.004099
0.003522 0.003813
0.003521 0.004019
0.003520 0.004124
0.003514 0.006587
0.003511 0.007291
0.003505 0.006802
0.003503 0.004321
0.003502 0.003707
0.003501 0.003735
0.003500 0.003591
0.003500 0.003807
0.003498 0.005403
0.003492 0.003780
0.003489 0.005000
0.003487 0.004940
0.003487 0.006727
0.003480 0.003877
0.003479 0.005265
0.003478 0.003853
0.003476 0.004039
0.003475 0.005209
0.003460 0.004037
0.003447 0.004142
0.003446 0.003493
0.003443 0.003548
0.003442 0.003728
0.003432 0.006278
0.003432 0.004101
0.003432 0.003751
0.003429 0.003431
0.003425 0.003723
0.003423 0.004180
0.003416 0.003472
0.003412 0.006585
0.003403 0.005894
0.003403 0.004555
0.003402 0.005252
0.003395 0.003412
0.003386 0.003764
0.003384 0.008588
0.003373 0.005479
0.003364 0.003414
0.003359 0.003914
0.003355 0.004732
0.003352 0.003615
0.003348 0.003381
0.003344 0.006074
0.003341 0.004134
0.003340 0.003575
0.003333 0.007341
0.003327 0.003328
0.003326 0.003938
0.003323 0.003709
0.003316 0.003913
0.003315 0.003463
0.003313 0.004241
0.003307 0.004589
0.003293 0.004703
0.003291 0.003577
0.003291 0.005154
0.003289 0.005130
0.003282 0.004496
0.003278 0.003301
0.003275 0.003447
0.003275 0.003712
0.003272 0.004551
0.003268 0.003470
0.003266 0.005046
0.003263 0.004102
0.003262 0.006124
0.003259 0.003679
0.003256 0.007353
0.003254 0.003547
0.003251 0.004847
0.003244 0.004043
0.003244 0.003503
0.003241 0.003462
0.003239 0.003695
0.003235 0.003617
0.003234 0.004451
0.003231 0.003652
0.003231 0.003679
0.003231 0.004522
0.003229 0.003529
0.003219 0.003760
0.003214 0.003266
0.003212 0.003929
0.003205 0.004107
0.003204 0.003292
0.003197 0.004147
0.003197 0.003233
0.003192 0.004025
0.003190 0.003759
0.003189 0.003872
0.003185 0.004006
0.003185 0.004457
0.003183 0.003394
0.003179 0.003954
0.003175 0.003237
0.003164 0.004401
0.003163 0.003373
0.003163 0.003989
0.003160 0.004255
0.003156 0.006704
0.003155 0.003503
0.003155 0.004148
0.003151 0.005295
0.003139 0.003243
0.003129 0.003302
0.003126 0.004960
0.003118 0.003611
0.003107 0.004331
0.003100 0.004165
0.003088 0.003737
0.003088 0.003574
0.003084 0.003627
0.003083 0.003105
0.003083 0.003643
0.003078 0.005530
0.003074 0.003085
0.003072 0.003493
0.003068 0.003345
0.003066 0.004773
0.003064 0.003275
0.003060 0.003120
0.003057 0.003066
0.003057 0.003610
0.003054 0.003443
0.003052 0.003976
0.003049 0.005022
0.003047 0.006192
0.003040 0.004041
0.003038 0.003807
0.003035 0.003062
0.003031 0.003799
0.003030 0.003555
0.003028 0.003782
0.003027 0.003079
0.003026 0.003701
0.003024 0.005041
0.003018 0.003975
0.003017 0.003907
0.003007 0.003389
0.003003 0.003453
0.003001 0.003402
0.003001 0.003787
0.002991 0.003181
0.002979 0.003840
0.002975 0.003035
0.002965 0.003021
0.002963 0.004901
0.002960 0.003373
0.002959 0.003084
0.002957 0.003792
0.002956 0.002965
0.002956 0.003873
0.002955 0.003026
0.002948 0.004706
0.002945 0.004122
0.002945 0.003707
0.002940 0.002954
0.002938 0.003109
0.002934 0.004152
0.002916 0.003958
0.002914 0.005642
0.002910 0.002928
0.002908 0.004271
0.002907 0.003198
0.002900 0.003739
0.002899 0.003077
0.002894 0.004352
0.002893 0.006299
0.002888 0.003714
0.002886 0.003246
0.002883 0.004317
0.002881 0.002898
0.002873 0.003149
0.002869 0.005035
0.002866 0.004652
0.002854 0.003389
0.002827 0.004451
0.002823 0.004039
0.002823 0.003039
0.002821 0.002958
0.002769 0.003016
0.002763 0.003382
0.002761 0.002846
0.002753 0.002800
0.002751 0.003604
0.002751 0.003544
0.002749 0.005871
0.002742 0.003580
0.002741 0.002805
0.002735 0.003402
0.002735 0.002911
0.002734 0.003421
0.002731 0.002800
0.002723 0.002803
0.002719 0.003764
0.002717 0.003058
0.002714 0.003082
0.002712 0.004921
0.002709 0.005655
0.002704 0.003222
0.002704 0.005559
0.002699 0.004203
0.002687 0.002855
0.002682 0.002864
0.002673 0.002810
0.002673 0.005188
0.002669 0.002949
0.002667 0.003368
0.002658 0.004411
0.002654 0.004789
0.002654 0.003702
0.002652 0.002753
0.002651 0.004200
0.002643 0.002716
0.002636 0.002685
0.002635 0.003376
0.002608 0.002981
0.002607 0.004132
0.002604 0.003735
0.002596 0.004123
0.002584 0.002858
0.002583 0.002730
0.002577 0.002594
0.002574 0.002873
0.002573 0.003408
0.002570 0.002571
0.002570 0.002607
0.002570 0.005129
0.002562 0.004169
0.002561 0.003115
0.002554 0.003155
0.002553 0.005916
0.002553 0.002763
0.002542 0.003042
0.002542 0.002904
0.002528 0.004798
0.002527 0.002935
0.002525 0.002837
0.002520 0.002855
0.002512 0.002586
0.002501 0.003412
0.002499 0.002600
0.002480 0.002535
0.002479 0.002586
0.002477 0.002822
0.002471 0.003167
0.002468 0.002524
0.002468 0.002953
0.002463 0.002806
0.002447 0.002933
0.002438 0.002992
0.002415 0.003968
0.002407 0.002689
0.002396 0.002727
0.002389 0.003236
0.002388 0.002771
0.002376 0.003648
0.002367 0.002466
0.002359 0.003134
0.002339 0.002421
0.002339 0.002779
0.002329 0.003569
0.002325 0.003115
0.002319 0.002881
0.002309 0.002524
0.002293 0.002619
0.002287 0.002515
0.002287 0.002953
0.002286 0.003580
0.002283 0.002560
0.002281 0.002354
0.002267 0.004020
0.002264 0.002471
0.002259 0.002337
0.002244 0.002245
0.002240 0.002288
0.002236 0.002269
0.002235 0.002740
0.002219 0.002940
0.002218 0.002368
0.002209 0.002621
0.002204 0.002622
0.002204 0.002474
0.002179 0.002348
0.002152 0.002422
0.002116 0.002775
0.002114 0.002434
0.002103 0.002346
0.002102 0.002145
0.002102 0.002183
0.002100 0.002187
0.002099 0.002198
0.002094 0.002732
0.002071 0.002185
0.002067 0.002234
0.002054 0.002679
0.002054 0.002173
0.002053 0.003509
0.002051 0.002067
0.002047 0.002186
0.002047 0.002400
0.002042 0.002076
0.002038 0.002142
0.002022 0.002381
0.002001 0.002135
0.002000 0.002413
0.001992 0.002068
0.001964 0.002117
0.001961 0.001968
0.001960 0.002889
0.001949 0.002038
0.001918 0.001992
0.001867 0.002087
0.001832 0.001915
0.001824 0.001950
0.001813 0.001946
0.001796 0.002313
0.001773 0.001974
0.001758 0.001950
0.001755 0.002794
0.001738 0.001789
0.001727 0.001913
0.001707 0.001786
0.001706 0.002462
0.001693 0.002019
0.001667 0.002055
0.001658 0.002122
0.001639 0.001726
0.001620 0.001861
0.001578 0.001708
0.001572 0.001734
0.001496 0.001500
0.001472 0.001676
0.001462 0.001513
0.001399 0.001434
0.001287 0.001335
0.000886 0.000910
0.000644 0.000711
