0.176987 0.187920
0.147929 0.155631
0.140474 0.182454
0.131873 0.174086
0.116755 0.132911
0.097708 0.102179
0.094358 0.114850
0.093650 0.132457
0.090451 0.091482
0.084500 0.101556
0.078274 0.092485
0.077354 0.093998
0.072854 0.100359
0.070178 0.083150
0.065990 0.069037
0.062797 0.065549
0.059257 0.067539
0.055217 0.060006
0.053704 0.063654
0.052117 0.058311
0.050720 0.050779
0.049985 0.059844
0.049242 0.050392
0.048252 0.051992
0.045551 0.052393
0.045536 0.048900
0.044984 0.046269
0.044027 0.044344
0.043754 0.044939
0.043262 0.070154
0.043178 0.049652
0.042953 0.045369
0.042583 0.044299
0.041490 0.102862
0.041059 0.041880
0.040097 0.045861
0.039788 0.056910
0.039651 0.046648
0.039526 0.047935
0.039430 0.041629
0.039141 0.047019
0.038954 0.051300
0.038796 0.045009
0.038322 0.054046
0.038135 0.040907
0.037491 0.051092
0.037093 0.041798
0.036322 0.060535
0.035742 0.039138
0.035722 0.036565
0.035596 0.036140
0.035505 0.042093
0.035487 0.049571
0.034614 0.039785
0.034532 0.034956
0.034264 0.042205
0.033639 0.042654
0.033434 0.033770
0.033366 0.040991
0.032583 0.035566
0.032300 0.035510
0.032191 0.041424
0.032191 0.040235
0.031795 0.035524
0.031686 0.033146
0.031551 0.038761
0.031140 0.033980
0.031091 0.031985
0.030805 0.039060
0.030291 0.040893
0.030234 0.031924
0.029889 0.035655
0.029733 0.032491
0.028300 0.029042
0.027785 0.032806
0.027759 0.033054
0.027715 0.032328
0.027639 0.046033
0.027406 0.033847
0.027258 0.035456
0.027062 0.031628
0.026982 0.027969
0.026854 0.034964
0.026833 0.029923
0.026721 0.027484
0.026624 0.028918
0.026437 0.026467
0.026288 0.027744
0.026107 0.032867
0.026075 0.028640
0.025875 0.026323
0.025754 0.026569
0.025488 0.042167
0.025380 0.043906
0.025244 0.038190
0.025009 0.033557
0.024912 0.025135
0.024632 0.026983
0.024438 0.037969
0.023940 0.038908
0.023913 0.025337
0.023779 0.024183
0.023667 0.023885
0.023548 0.024341
0.023518 0.029601
0.023413 0.025580
0.023408 0.026504
0.023351 0.023413
0.023333 0.024678
0.023329 0.026935
0.023322 0.024460
0.023138 0.028219
0.023013 0.024062
0.022958 0.024349
0.022940 0.028971
0.022915 0.023521
0.022915 0.037414
0.022905 0.029495
0.022809 0.024504
0.022747 0.027683
0.022586 0.029518
0.022434 0.023840
0.022299 0.026644
0.022157 0.022413
0.022076 0.023663
0.022006 0.022327
0.021995 0.029690
0.021883 0.023132
0.021881 0.023869
0.021859 0.022901
0.021851 0.033678
0.021787 0.023742
0.021779 0.023033
0.021742 0.035376
0.021554 0.038706
0.021469 0.037564
0.021411 0.026703
0.021393 0.036656
0.021209 0.022033
0.021129 0.022549
0.021106 0.028406
0.021097 0.022719
0.021051 0.021578
0.021028 0.027782
0.021016 0.029998
0.020929 0.022717
0.020805 0.024188
0.020725 0.021710
0.020665 0.028478
0.020628 0.021084
0.020592 0.020757
0.020568 0.024865
0.020527 0.021423
0.020493 0.024756
0.020403 0.024166
0.020081 0.020970
0.019939 0.024286
0.019917 0.028764
0.019909 0.020202
0.019850 0.021881
0.019835 0.026708
0.019816 0.022158
0.019810 0.028904
0.019759 0.023757
0.019717 0.027261
0.019599 0.028100
0.019462 0.027001
0.019405 0.026969
0.019397 0.026946
0.019386 0.022041
0.019347 0.026284
0.019278 0.029891
0.019269 0.019503
0.019250 0.021599
0.019229 0.020091
0.019151 0.027316
0.019109 0.034811
0.019067 0.022291
0.018986 0.019938
0.018957 0.027925
0.018932 0.019881
0.018927 0.028444
0.018924 0.020368
0.018902 0.021862
0.018891 0.022576
0.018842 0.018850
0.018736 0.025363
0.018710 0.021887
0.018553 0.028913
0.018395 0.025249
0.018323 0.025942
0.018262 0.023742
0.018227 0.020334
0.018212 0.019867
0.018183 0.021423
0.018164 0.023014
0.018144 0.026843
0.018086 0.027767
0.018069 0.023780
0.018008 0.018765
0.017935 0.023066
0.017921 0.018271
0.017875 0.018460
0.017871 0.025481
0.017838 0.021883
0.017813 0.019512
0.017765 0.019605
0.017652 0.017871
0.017530 0.017978
0.017509 0.018508
0.017464 0.018325
0.017416 0.026242
0.017282 0.017481
0.017205 0.017382
0.017197 0.024025
0.017136 0.022670
0.016998 0.020149
0.016904 0.018168
0.016867 0.026937
0.016860 0.017260
0.016847 0.021666
0.016737 0.018105
0.016667 0.017614
0.016629 0.020060
0.016611 0.021715
0.016606 0.021070
0.016597 0.021932
0.016581 0.018729
0.016575 0.019562
0.016514 0.020307
0.016481 0.027681
0.016468 0.018425
0.016455 0.020912
0.016442 0.021150
0.016412 0.029681
0.016331 0.018599
0.016208 0.017325
0.016153 0.020445
0.016142 0.020271
0.016132 0.023030
0.016115 0.018185
0.016113 0.016266
0.016108 0.016608
0.016098 0.016849
0.016086 0.019066
0.016069 0.016525
0.016000 0.016823
0.015934 0.026779
0.015896 0.018729
0.015840 0.016529
0.015837 0.020138
0.015821 0.017803
0.015808 0.016950
0.015779 0.016362
0.015722 0.019233
0.015714 0.016778
0.015694 0.027461
0.015684 0.017790
0.015665 0.016169
0.015639 0.015775
0.015629 0.016596
0.015583 0.017660
0.015465 0.024292
0.015460 0.020089
0.015455 0.015892
0.015429 0.029729
0.015404 0.015608
0.015380 0.017872
0.015367 0.019658
0.015304 0.020940
0.015301 0.015345
0.015299 0.015961
0.015240 0.018410
0.015225 0.016717
0.015175 0.016882
0.015155 0.016996
0.015097 0.016921
0.015060 0.015419
0.015036 0.017068
0.015015 0.019008
0.015010 0.020874
0.014982 0.022803
0.014969 0.031121
0.014945 0.023153
0.014943 0.014973
0.014936 0.021543
0.014922 0.023591
0.014916 0.019328
0.014915 0.015064
0.014896 0.024870
0.014884 0.015653
0.014815 0.014820
0.014778 0.014923
0.014774 0.015115
0.014700 0.020555
0.014692 0.016891
0.014672 0.016223
0.014658 0.016797
0.014577 0.018483
0.014528 0.028706
0.014518 0.023994
0.014507 0.016055
0.014503 0.017027
0.014490 0.014495
0.014476 0.016572
0.014436 0.016424
0.014435 0.016568
0.014416 0.014536
0.014388 0.014871
0.014381 0.019086
0.014353 0.018756
0.014305 0.015375
0.014303 0.014887
0.014276 0.017316
0.014204 0.019764
0.014131 0.015396
0.014096 0.016467
0.014062 0.014592
0.014061 0.019216
0.014023 0.018600
0.014009 0.020412
0.013978 0.019002
0.013972 0.014314
0.013927 0.025555
0.013912 0.017407
0.013897 0.014583
0.013894 0.015951
0.013865 0.018532
0.013855 0.019558
0.013852 0.019222
0.013846 0.016357
0.013829 0.014678
0.013791 0.014793
0.013786 0.015743
0.013757 0.016013
0.013749 0.014000
0.013744 0.018062
0.013708 0.016149
0.013695 0.014780
0.013670 0.018536
0.013629 0.030185
0.013627 0.015893
0.013613 0.016191
0.013596 0.013909
0.013547 0.016094
0.013541 0.023384
0.013533 0.015107
0.013530 0.016948
0.013501 0.015348
0.013501 0.016042
0.013490 0.018652
0.013436 0.014569
0.013396 0.015792
0.013391 0.013784
0.013390 0.019302
0.013387 0.014229
0.013383 0.014777
0.013381 0.017834
0.013373 0.017546
0.013371 0.014200
0.013241 0.018538
0.013214 0.015635
0.013200 0.014404
0.013194 0.014968
0.013184 0.014638
0.013182 0.014184
0.013180 0.019003
0.013177 0.013600
0.013101 0.023212
0.013074 0.014944
0.013006 0.013438
0.012992 0.013178
0.012975 0.024107
0.012972 0.018459
0.012899 0.014309
0.012891 0.015151
0.012885 0.013624
0.012885 0.015196
0.012880 0.015191
0.012861 0.012874
0.012854 0.015038
0.012840 0.015244
0.012818 0.012948
0.012806 0.013410
0.012726 0.015575
0.012703 0.013879
0.012703 0.013609
0.012676 0.014007
0.012676 0.014670
0.012663 0.017384
0.012646 0.012936
0.012639 0.016739
0.012634 0.014746
0.012631 0.016777
0.012631 0.013143
0.012619 0.015819
0.012607 0.019054
0.012590 0.016865
0.012580 0.016416
0.012563 0.015059
0.012527 0.014726
0.012524 0.012886
0.012523 0.012853
0.012522 0.015353
0.012511 0.014580
0.012496 0.014047
0.012464 0.014312
0.012435 0.018692
0.012435 0.019337
0.012425 0.014890
0.012421 0.013506
0.012362 0.012464
0.012357 0.015338
0.012353 0.013191
0.012297 0.014196
0.012239 0.020135
0.012209 0.015051
0.012164 0.013988
0.012147 0.013001
0.012142 0.013629
0.012134 0.012614
0.012130 0.012700
0.012106 0.016278
0.012051 0.015671
0.012050 0.012156
0.012049 0.012198
0.012033 0.014442
0.012031 0.012617
0.012014 0.012966
0.011994 0.014612
0.011989 0.013204
0.011982 0.014215
0.011977 0.018387
0.011973 0.012620
0.011963 0.012011
0.011949 0.012122
0.011934 0.012248
0.011932 0.011933
0.011894 0.012924
0.011893 0.012369
0.011890 0.012341
0.011816 0.012155
0.011808 0.012690
0.011799 0.012963
0.011794 0.019322
0.011743 0.012660
0.011742 0.012388
0.011737 0.014480
0.011722 0.018460
0.011705 0.012094
0.011701 0.012598
0.011696 0.013678
0.011694 0.011721
0.011641 0.011929
0.011623 0.012524
0.011600 0.012182
0.011592 0.011654
0.011590 0.011779
0.011543 0.017753
0.011537 0.012691
0.011528 0.011994
0.011518 0.018250
0.011508 0.011723
0.011477 0.012436
0.011466 0.022275
0.011461 0.012155
0.011452 0.013428
0.011436 0.015850
0.011395 0.012820
0.011389 0.014739
0.011386 0.011948
0.011377 0.011589
0.011334 0.019902
0.011327 0.011341
0.011320 0.014787
0.011307 0.011861
0.011302 0.013186
0.011286 0.018803
0.011229 0.012631
0.011228 0.017871
0.011219 0.011647
0.011213 0.014901
0.011201 0.013141
0.011182 0.012043
0.011180 0.017826
0.011177 0.018938
0.011176 0.014476
0.011135 0.013170
0.011132 0.014464
0.011118 0.014474
0.011107 0.012325
0.011094 0.012373
0.011089 0.013308
0.011063 0.011931
0.011055 0.012062
0.011046 0.015462
0.011046 0.012111
0.011032 0.014525
0.011018 0.011873
0.011018 0.011185
0.011014 0.013219
0.011012 0.013165
0.010996 0.015703
0.010991 0.013790
0.010984 0.011029
0.010982 0.011640
0.010982 0.011274
0.010967 0.011781
0.010963 0.014246
0.010954 0.011130
0.010944 0.014270
0.010941 0.017453
0.010938 0.012195
0.010929 0.011019
0.010915 0.021898
0.010910 0.011039
0.010908 0.013101
0.010843 0.013315
0.010842 0.012760
0.010840 0.011192
0.010840 0.011942
0.010810 0.011133
0.010807 0.011025
0.010804 0.016159
0.010768 0.011104
0.010763 0.011650
0.010760 0.011241
0.010749 0.019880
0.010749 0.016916
0.010740 0.010874
0.010735 0.011786
0.010733 0.018081
0.010727 0.011041
0.010720 0.011687
0.010719 0.011810
0.010717 0.020822
0.010713 0.014452
0.010679 0.010820
0.010666 0.013874
0.010638 0.012492
0.010636 0.014191
0.010633 0.014701
0.010567 0.013175
0.010561 0.014022
0.010555 0.010839
0.010553 0.011056
0.010552 0.012368
0.010533 0.011879
0.010531 0.013685
0.010486 0.013728
0.010481 0.011826
0.010454 0.020543
0.010436 0.017227
0.010431 0.013527
0.010422 0.011790
0.010422 0.011461
0.010422 0.017969
0.010408 0.011192
0.010386 0.012678
0.010376 0.016005
0.010370 0.012316
0.010367 0.013260
0.010364 0.012321
0.010344 0.010520
0.010308 0.011500
0.010305 0.010508
0.010304 0.012326
0.010293 0.019564
0.010291 0.011251
0.010287 0.010433
0.010271 0.010881
0.010251 0.011124
0.010230 0.011001
0.010224 0.013462
0.010219 0.010384
0.010215 0.010941
0.010188 0.013453
0.010186 0.014498
0.010182 0.011090
0.010177 0.012274
0.010174 0.011889
0.010173 0.022752
0.010172 0.010365
0.010172 0.010802
0.010166 0.011624
0.010148 0.010168
0.010146 0.010454
0.010136 0.010427
0.010135 0.011462
0.010117 0.010601
0.010113 0.010209
0.010107 0.010658
0.010105 0.010415
0.010101 0.014926
0.010101 0.010624
0.010090 0.011869
0.010060 0.015707
0.010056 0.010578
0.010026 0.012084
0.009983 0.012438
0.009972 0.010907
0.009954 0.009968
0.009924 0.011658
0.009917 0.014821
0.009905 0.011129
0.009887 0.013600
0.009884 0.010932
0.009884 0.010828
0.009882 0.010137
0.009876 0.012885
0.009869 0.010186
0.009866 0.009935
0.009861 0.010231
0.009848 0.010618
0.009844 0.015848
0.009844 0.010120
0.009842 0.010058
0.009829 0.010538
0.009827 0.012044
0.009816 0.018761
0.009816 0.015412
0.009812 0.016162
0.009801 0.010901
0.009788 0.012354
0.009787 0.016545
0.009786 0.012141
0.009749 0.017214
0.009746 0.011632
0.009738 0.016195
0.009732 0.010108
0.009725 0.011249
0.009722 0.011200
0.009716 0.010676
0.009713 0.010110
0.009697 0.010761
0.009690 0.010893
0.009689 0.010558
0.009683 0.014377
0.009670 0.010475
0.009665 0.012298
0.009641 0.012980
0.009624 0.015077
0.009618 0.012412
0.009613 0.010319
0.009612 0.012145
0.009608 0.009810
0.009604 0.013322
0.009599 0.009864
0.009538 0.011722
0.009537 0.011220
0.009526 0.010112
0.009503 0.011919
0.009502 0.010789
0.009502 0.010980
0.009501 0.010447
0.009495 0.013922
0.009479 0.016258
0.009479 0.010304
0.009478 0.009895
0.009453 0.014540
0.009448 0.010475
0.009437 0.009729
0.009435 0.013232
0.009431 0.010502
0.009427 0.010165
0.009426 0.010564
0.009424 0.014955
0.009421 0.015253
0.009407 0.009535
0.009402 0.011159
0.009396 0.010045
0.009390 0.009669
0.009374 0.009689
0.009367 0.009892
0.009365 0.010686
0.009359 0.011095
0.009358 0.015858
0.009343 0.015939
0.009343 0.012194
0.009313 0.015839
0.009311 0.010766
0.009293 0.012604
0.009267 0.009663
0.009265 0.011585
0.009262 0.009359
0.009249 0.012402
0.009248 0.012748
0.009245 0.009564
0.009242 0.013985
0.009223 0.010236
0.009219 0.009600
0.009216 0.012474
0.009214 0.009436
0.009211 0.009213
0.009196 0.012419
0.009184 0.010943
0.009179 0.012812
0.009171 0.010863
0.009161 0.012804
0.009151 0.011332
0.009147 0.012505
0.009137 0.010252
0.009135 0.011041
0.009132 0.009447
0.009130 0.009884
0.009129 0.012066
0.009125 0.009538
0.009119 0.009314
0.009113 0.011111
0.009079 0.017082
0.009074 0.010656
0.009073 0.009373
0.009059 0.017789
0.009059 0.010782
0.009058 0.010740
0.009052 0.012430
0.009049 0.009247
0.009034 0.012527
0.009029 0.011001
0.009012 0.009706
0.009009 0.011115
0.009004 0.009366
0.009001 0.009643
0.008992 0.014266
0.008989 0.011054
0.008971 0.010316
0.008964 0.009494
0.008962 0.009943
0.008952 0.017906
0.008951 0.009081
0.008951 0.011014
0.008950 0.015620
0.008949 0.010078
0.008948 0.009216
0.008947 0.009099
0.008938 0.010330
0.008936 0.008980
0.008929 0.009526
0.008919 0.010530
0.008906 0.009647
0.008905 0.008973
0.008900 0.014799
0.008890 0.009661
0.008890 0.013803
0.008888 0.008937
0.008884 0.009265
0.008880 0.018931
0.008878 0.012191
0.008867 0.010565
0.008855 0.010330
0.008852 0.009300
0.008849 0.012146
0.008848 0.010438
0.008846 0.010616
0.008833 0.010914
0.008820 0.011201
0.008810 0.010364
0.008807 0.013902
0.008804 0.015696
0.008793 0.018629
0.008789 0.009688
0.008785 0.009597
0.008785 0.009455
0.008779 0.012327
0.008777 0.010204
0.008771 0.016463
0.008769 0.008912
0.008769 0.008935
0.008765 0.013692
0.008756 0.013824
0.008755 0.009569
0.008754 0.018031
0.008752 0.012019
0.008744 0.010278
0.008739 0.009365
0.008733 0.009409
0.008716 0.010115
0.008704 0.014338
0.008696 0.016551
0.008685 0.012215
0.008679 0.012238
0.008677 0.010615
0.008676 0.009953
0.008676 0.014065
0.008675 0.009006
0.008673 0.014342
0.008670 0.008745
0.008650 0.021004
0.008647 0.008649
0.008643 0.010381
0.008643 0.009517
0.008642 0.008895
0.008641 0.011909
0.008639 0.009932
0.008638 0.013504
0.008638 0.008966
0.008634 0.010613
0.008630 0.008705
0.008629 0.011586
0.008628 0.013508
0.008616 0.012909
0.008612 0.016357
0.008611 0.009186
0.008611 0.009412
0.008610 0.008773
0.008598 0.011485
0.008595 0.009215
0.008574 0.009098
0.008558 0.012050
0.008554 0.010297
0.008538 0.018944
0.008537 0.009956
0.008530 0.009307
0.008523 0.009454
0.008508 0.009630
0.008504 0.008821
0.008498 0.014140
0.008497 0.010311
0.008495 0.008875
0.008474 0.014962
0.008465 0.010311
0.008461 0.012706
0.008452 0.008770
0.008431 0.019039
0.008428 0.009538
0.008412 0.008681
0.008412 0.009358
0.008394 0.009123
0.008392 0.008715
0.008390 0.009011
0.008387 0.010744
0.008370 0.008533
0.008354 0.009133
0.008351 0.018329
0.008350 0.012834
0.008345 0.011400
0.008341 0.008548
0.008332 0.008780
0.008316 0.011082
0.008302 0.019682
0.008301 0.008408
0.008300 0.009006
0.008296 0.010964
0.008293 0.014125
0.008280 0.008884
0.008265 0.008816
0.008253 0.008829
0.008250 0.009080
0.008247 0.008794
0.008245 0.009128
0.008242 0.012966
0.008238 0.008524
0.008236 0.008368
0.008235 0.014630
0.008226 0.008923
0.008225 0.010700
0.008225 0.009387
0.008208 0.011644
0.008191 0.009333
0.008191 0.008868
0.008190 0.008998
0.008187 0.008268
0.008181 0.008241
0.008158 0.009436
0.008152 0.009610
0.008140 0.008498
0.008137 0.013939
0.008134 0.009869
0.008128 0.014228
0.008114 0.008456
0.008110 0.009617
0.008108 0.011391
0.008104 0.011421
0.008100 0.008207
0.008089 0.010625
0.008086 0.013637
0.008086 0.009387
0.008076 0.008921
0.008062 0.010213
0.008062 0.009005
0.008059 0.009419
0.008053 0.008561
0.008052 0.008835
0.008045 0.009395
0.008042 0.009560
0.008027 0.011396
0.008018 0.010661
0.008017 0.016745
0.008010 0.008017
0.008002 0.008421
0.007992 0.008731
0.007981 0.009579
0.007951 0.008390
0.007950 0.015424
0.007945 0.009534
0.007940 0.009570
0.007936 0.012000
0.007925 0.008028
0.007921 0.009777
0.007917 0.010763
0.007916 0.015527
0.007905 0.010160
0.007895 0.009944
0.007893 0.009805
0.007883 0.008832
0.007883 0.010338
0.007880 0.008228
0.007872 0.009154
0.007862 0.011181
0.007861 0.008717
0.007858 0.013871
0.007850 0.008170
0.007832 0.010319
0.007826 0.009713
0.007825 0.012061
0.007821 0.009094
0.007817 0.009592
0.007810 0.011393
0.007807 0.008031
0.007805 0.012159
0.007803 0.008347
0.007798 0.008777
0.007795 0.008606
0.007790 0.007821
0.007785 0.009214
0.007785 0.011412
0.007779 0.012722
0.007771 0.010758
0.007760 0.009005
0.007757 0.008768
0.007754 0.008144
0.007753 0.008449
0.007753 0.008072
0.007732 0.007817
0.007724 0.012773
0.007722 0.008781
0.007719 0.009216
0.007704 0.011725
0.007688 0.013274
0.007687 0.009294
0.007685 0.009500
0.007673 0.010894
0.007660 0.007819
0.007652 0.010063
0.007636 0.010714
0.007633 0.009154
0.007626 0.007665
0.007622 0.011379
0.007617 0.007899
0.007616 0.008279
0.007602 0.008769
0.007575 0.009271
0.007562 0.013441
0.007553 0.009614
0.007552 0.009429
0.007551 0.010524
0.007550 0.009886
0.007537 0.008279
0.007536 0.010165
0.007530 0.008419
0.007527 0.009367
0.007524 0.008135
0.007514 0.012267
0.007511 0.007680
0.007509 0.011419
0.007503 0.007867
0.007492 0.011535
0.007478 0.017391
0.007474 0.007932
0.007471 0.007508
0.007470 0.016216
0.007469 0.007849
0.007455 0.009559
0.007442 0.008662
0.007438 0.008171
0.007437 0.009400
0.007435 0.012955
0.007435 0.007701
0.007420 0.008609
0.007407 0.012838
0.007407 0.007414
0.007406 0.010029
0.007405 0.007444
0.007403 0.009459
0.007399 0.008768
0.007394 0.008345
0.007391 0.009884
0.007385 0.009309
0.007383 0.007943
0.007355 0.010096
0.007339 0.007356
0.007337 0.008517
0.007329 0.009590
0.007326 0.010076
0.007299 0.013295
0.007294 0.009391
0.007293 0.011398
0.007291 0.008015
0.007268 0.008400
0.007264 0.010266
0.007262 0.009883
0.007251 0.007973
0.007250 0.007823
0.007249 0.007722
0.007244 0.011107
0.007243 0.008948
0.007238 0.008575
0.007235 0.009301
0.007222 0.009704
0.007221 0.009720
0.007214 0.008620
0.007192 0.008876
0.007190 0.007278
0.007155 0.007688
0.007154 0.007751
0.007151 0.007883
0.007147 0.009055
0.007116 0.011149
0.007116 0.010695
0.007104 0.008426
0.007084 0.008022
0.007083 0.008110
0.007080 0.009994
0.007075 0.009573
0.007073 0.008067
0.007073 0.010137
0.007066 0.007306
0.007056 0.012821
0.007050 0.013227
0.007044 0.010074
0.007042 0.010025
0.007038 0.011951
0.007024 0.007404
0.007022 0.009277
0.007017 0.007281
0.007014 0.008118
0.006995 0.007732
0.006991 0.007251
0.006988 0.007276
0.006971 0.008695
0.006965 0.008046
0.006964 0.011527
0.006960 0.008228
0.006958 0.007479
0.006953 0.007529
0.006948 0.007408
0.006945 0.007150
0.006941 0.009894
0.006937 0.011012
0.006936 0.007292
0.006936 0.010603
0.006934 0.008695
0.006932 0.013833
0.006924 0.007627
0.006904 0.007106
0.006894 0.007019
0.006893 0.007584
0.006881 0.007986
0.006880 0.009607
0.006873 0.012228
0.006860 0.007891
0.006860 0.008439
0.006858 0.008370
0.006834 0.007060
0.006814 0.010331
0.006812 0.007585
0.006805 0.007163
0.006797 0.006832
0.006793 0.007342
0.006779 0.007440
0.006777 0.008085
0.006770 0.008315
0.006769 0.007642
0.006768 0.008931
0.006766 0.008325
0.006762 0.008240
0.006759 0.007074
0.006754 0.008336
0.006740 0.007233
0.006737 0.007836
0.006734 0.008113
0.006728 0.007583
0.006718 0.009620
0.006717 0.011031
0.006714 0.007571
0.006712 0.010054
0.006711 0.006889
0.006703 0.008677
0.006700 0.009579
0.006697 0.007163
0.006696 0.007360
0.006695 0.015983
0.006690 0.007643
0.006689 0.007302
0.006673 0.008938
0.006670 0.010350
0.006670 0.007100
0.006666 0.013960
0.006659 0.006681
0.006659 0.008698
0.006658 0.009341
0.006655 0.008560
0.006649 0.008964
0.006646 0.006886
0.006646 0.007373
0.006632 0.007033
0.006619 0.006810
0.006616 0.007534
0.006614 0.008924
0.006611 0.010874
0.006607 0.010421
0.006602 0.008442
0.006599 0.007946
0.006597 0.012222
0.006594 0.017031
0.006592 0.008291
0.006587 0.010326
0.006586 0.008188
0.006584 0.014985
0.006581 0.006750
0.006547 0.007674
0.006545 0.009229
0.006544 0.009009
0.006532 0.009722
0.006529 0.009404
0.006518 0.007428
0.006517 0.008242
0.006513 0.006685
0.006501 0.006828
0.006495 0.007763
0.006489 0.006895
0.006483 0.008543
0.006473 0.007131
0.006472 0.007711
0.006470 0.008641
0.006446 0.006546
0.006444 0.010094
0.006438 0.006874
0.006415 0.007251
0.006404 0.006440
0.006398 0.007257
0.006397 0.011299
0.006395 0.009287
0.006393 0.007717
0.006389 0.006543
0.006389 0.006863
0.006386 0.007083
0.006384 0.007754
0.006376 0.007843
0.006376 0.006575
0.006358 0.006975
0.006351 0.006501
0.006342 0.006513
0.006334 0.006731
0.006328 0.007153
0.006328 0.006910
0.006317 0.006631
0.006315 0.007928
0.006313 0.006437
0.006310 0.006605
0.006308 0.007504
0.006307 0.006461
0.006298 0.011377
0.006296 0.007041
0.006292 0.007184
0.006292 0.006637
0.006290 0.007071
0.006289 0.010064
0.006277 0.010483
0.006267 0.007507
0.006267 0.006613
0.006267 0.006490
0.006264 0.008268
0.006259 0.006330
0.006242 0.007170
0.006241 0.006321
0.006240 0.007227
0.006234 0.006245
0.006206 0.007823
0.006200 0.006668
0.006195 0.006750
0.006194 0.010497
0.006186 0.006555
0.006185 0.008484
0.006174 0.009930
0.006173 0.006757
0.006170 0.006404
0.006167 0.009028
0.006164 0.011948
0.006163 0.008182
0.006161 0.007353
0.006153 0.006251
0.006147 0.010160
0.006145 0.006170
0.006142 0.006880
0.006142 0.012727
0.006141 0.007292
0.006141 0.007613
0.006136 0.009304
0.006133 0.007651
0.006120 0.006165
0.006112 0.010038
0.006109 0.006555
0.006092 0.008190
0.006087 0.007119
0.006087 0.007160
0.006085 0.009088
0.006079 0.011023
0.006074 0.008224
0.006060 0.006537
0.006055 0.007335
0.006051 0.012113
0.006045 0.010187
0.006043 0.006307
0.006041 0.006086
0.006017 0.007162
0.006008 0.011690
0.006004 0.006309
0.006003 0.007973
0.005999 0.007267
0.005998 0.006565
0.005998 0.006031
0.005990 0.006094
0.005985 0.006354
0.005979 0.006186
0.005973 0.009355
0.005972 0.010163
0.005968 0.007501
0.005958 0.006700
0.005956 0.006450
0.005950 0.008925
0.005949 0.005968
0.005923 0.006589
0.005922 0.006197
0.005917 0.006913
0.005915 0.006107
0.005914 0.010589
0.005911 0.007456
0.005910 0.006306
0.005908 0.006799
0.005898 0.006434
0.005885 0.007562
0.005880 0.006802
0.005863 0.005961
0.005860 0.006738
0.005854 0.008207
0.005846 0.006530
0.005842 0.005956
0.005839 0.006759
0.005833 0.006563
0.005832 0.006232
0.005829 0.006741
0.005828 0.006015
0.005827 0.007532
0.005820 0.005865
0.005805 0.006524
0.005796 0.007155
0.005787 0.010956
0.005786 0.009558
0.005761 0.009804
0.005759 0.006034
0.005757 0.009442
0.005753 0.006532
0.005748 0.006040
0.005746 0.008115
0.005737 0.005771
0.005729 0.006012
0.005721 0.009134
0.005721 0.007624
0.005720 0.005927
0.005711 0.010435
0.005708 0.009503
0.005689 0.006318
0.005685 0.005831
0.005683 0.006758
0.005676 0.007997
0.005675 0.006683
0.005659 0.008336
0.005655 0.006206
0.005649 0.006060
0.005647 0.006018
0.005646 0.006934
0.005642 0.008470
0.005637 0.005703
0.005630 0.005955
0.005630 0.008873
0.005625 0.006575
0.005620 0.007431
0.005614 0.010079
0.005613 0.006756
0.005612 0.006900
0.005612 0.007300
0.005607 0.007752
0.005607 0.006003
0.005595 0.007180
0.005582 0.005601
0.005579 0.006786
0.005564 0.005782
0.005564 0.005781
0.005560 0.005979
0.005557 0.012049
0.005554 0.005669
0.005553 0.005591
0.005536 0.005996
0.005523 0.009326
0.005516 0.006705
0.005514 0.006328
0.005511 0.006534
0.005505 0.006811
0.005504 0.006475
0.005501 0.006180
0.005480 0.008350
0.005470 0.007586
0.005469 0.009229
0.005465 0.006135
0.005463 0.005786
0.005458 0.006578
0.005455 0.008359
0.005453 0.005939
0.005452 0.007312
0.005448 0.007752
0.005437 0.006029
0.005436 0.006285
0.005433 0.005936
0.005425 0.005784
0.005423 0.008296
0.005420 0.007697
0.005416 0.007283
0.005415 0.008842
0.005411 0.005428
0.005411 0.006517
0.005401 0.006825
0.005400 0.006636
0.005398 0.005728
0.005397 0.008023
0.005390 0.005829
0.005380 0.006383
0.005380 0.007497
0.005379 0.006372
0.005379 0.007547
0.005366 0.006944
0.005364 0.006428
0.005362 0.007400
0.005359 0.008962
0.005351 0.006047
0.005351 0.008489
0.005347 0.006108
0.005340 0.005482
0.005326 0.006742
0.005325 0.006223
0.005313 0.007563
0.005309 0.006203
0.005307 0.007093
0.005292 0.010360
0.005290 0.006002
0.005288 0.005357
0.005285 0.006402
0.005283 0.006638
0.005281 0.010483
0.005270 0.005397
0.005265 0.005603
0.005265 0.007129
0.005253 0.010604
0.005252 0.007330
0.005247 0.005259
0.005240 0.007303
0.005238 0.010666
0.005234 0.006226
0.005227 0.009894
0.005226 0.005646
0.005220 0.009782
0.005217 0.006505
0.005197 0.008135
0.005194 0.005681
0.005185 0.008887
0.005163 0.005176
0.005161 0.008917
0.005157 0.006039
0.005150 0.005569
0.005148 0.005786
0.005132 0.006656
0.005126 0.006435
0.005121 0.007781
0.005118 0.005305
0.005112 0.011169
0.005093 0.005931
0.005088 0.005264
0.005086 0.005883
0.005086 0.005254
0.005083 0.008128
0.005080 0.005106
0.005062 0.005615
0.005061 0.005427
0.005058 0.005289
0.005053 0.005101
0.005049 0.005223
0.005044 0.006143
0.005043 0.007248
0.005040 0.006268
0.005038 0.006118
0.005028 0.008300
0.005025 0.005479
0.005023 0.005028
0.005018 0.005584
0.005017 0.005906
0.005008 0.005166
0.005004 0.006049
0.005002 0.013215
0.004997 0.005296
0.004985 0.005309
0.004981 0.006054
0.004971 0.005292
0.004970 0.005714
0.004968 0.006036
0.004962 0.005612
0.004950 0.005120
0.004949 0.004950
0.004939 0.011675
0.004934 0.005561
0.004932 0.004975
0.004929 0.004972
0.004929 0.007508
0.004928 0.005426
0.004904 0.006484
0.004903 0.006328
0.004903 0.006906
0.004901 0.004982
0.004901 0.007835
0.004900 0.005539
0.004892 0.005206
0.004883 0.005398
0.004882 0.006043
0.004876 0.005358
0.004872 0.005050
0.004871 0.008350
0.004863 0.012706
0.004847 0.006180
0.004841 0.009085
0.004836 0.005375
0.004828 0.006211
0.004827 0.005967
0.004818 0.005811
0.004816 0.005183
0.004814 0.005128
0.004807 0.004954
0.004804 0.008282
0.004804 0.008197
0.004801 0.006709
0.004800 0.005187
0.004800 0.004875
0.004798 0.007244
0.004795 0.006103
0.004794 0.004888
0.004792 0.004886
0.004786 0.005719
0.004783 0.008247
0.004782 0.006085
0.004776 0.005923
0.004772 0.005949
0.004769 0.007426
0.004747 0.004938
0.004747 0.004795
0.004743 0.006641
0.004742 0.005826
0.004732 0.004927
0.004731 0.004846
0.004728 0.005040
0.004723 0.006255
0.004717 0.004901
0.004715 0.011753
0.004715 0.005714
0.004705 0.006456
0.004702 0.008305
0.004698 0.005587
0.004692 0.004826
0.004675 0.006465
0.004668 0.009607
0.004665 0.007104
0.004662 0.006591
0.004661 0.004808
0.004661 0.004760
0.004658 0.004810
0.004656 0.015266
0.004646 0.005319
0.004642 0.005999
0.004641 0.009731
0.004639 0.005302
0.004638 0.007480
0.004634 0.006629
0.004633 0.004905
0.004626 0.005041
0.004623 0.004999
0.004620 0.005321
0.004616 0.005832
0.004613 0.004983
0.004612 0.005590
0.004612 0.004914
0.004609 0.005202
0.004604 0.005095
0.004599 0.007597
0.004598 0.004998
0.004560 0.004712
0.004553 0.004757
0.004550 0.004995
0.004540 0.007753
0.004540 0.004676
0.004534 0.005728
0.004533 0.005196
0.004531 0.005055
0.004513 0.005243
0.004501 0.005183
0.004492 0.005546
0.004492 0.005360
0.004489 0.006397
0.004487 0.006885
0.004483 0.005920
0.004482 0.004689
0.004478 0.006390
0.004475 0.004625
0.004471 0.007001
0.004470 0.006000
0.004468 0.004527
0.004463 0.006331
0.004459 0.009015
0.004455 0.007975
0.004452 0.008417
0.004448 0.004965
0.004438 0.004463
0.004430 0.008926
0.004428 0.004589
0.004424 0.005850
0.004422 0.006880
0.004421 0.005787
0.004409 0.008824
0.004405 0.004890
0.004392 0.006350
0.004389 0.010427
0.004387 0.005294
0.004386 0.007210
0.004376 0.004704
0.004363 0.005496
0.004358 0.004791
0.004348 0.005531
0.004345 0.006885
0.004340 0.006385
0.004336 0.007746
0.004331 0.007019
0.004329 0.005499
0.004324 0.004749
0.004321 0.008056
0.004317 0.005069
0.004310 0.006224
0.004304 0.005594
0.004290 0.006534
0.004282 0.006899
0.004276 0.005849
0.004265 0.004388
0.004258 0.006310
0.004250 0.005874
0.004232 0.006085
0.004224 0.005465
0.004222 0.004434
0.004215 0.004509
0.004201 0.005291
0.004189 0.004525
0.004189 0.004600
0.004186 0.004491
0.004175 0.004519
0.004170 0.006827
0.004148 0.007874
0.004148 0.005842
0.004148 0.005859
0.004145 0.006483
0.004144 0.004247
0.004134 0.008087
0.004128 0.004424
0.004126 0.006957
0.004125 0.005080
0.004120 0.004686
0.004120 0.005059
0.004120 0.004399
0.004113 0.007737
0.004108 0.005943
0.004105 0.008563
0.004099 0.005212
0.004075 0.007703
0.004071 0.004224
0.004067 0.004086
0.004059 0.004321
0.004030 0.004916
0.004027 0.004083
0.004024 0.004153
0.004021 0.005332
0.004008 0.005907
0.004001 0.005282
0.003999 0.004184
0.003983 0.007079
0.003979 0.004780
0.003973 0.004727
0.003969 0.005120
0.003957 0.004353
0.003954 0.005070
0.003949 0.004599
0.003947 0.006753
0.003933 0.004197
0.003927 0.004875
0.003918 0.005414
0.003911 0.004118
0.003905 0.003924
0.003903 0.005195
0.003893 0.004894
0.003889 0.004951
0.003884 0.005229
0.003883 0.004337
0.003873 0.004021
0.003850 0.008842
0.003849 0.004113
0.003848 0.005566
0.003840 0.005355
0.003838 0.004398
0.003837 0.005225
0.003826 0.003920
0.003826 0.005058
0.003824 0.004002
0.003822 0.003909
0.003817 0.006349
0.003805 0.003952
0.003803 0.004260
0.003801 0.006992
0.003781 0.004006
0.003780 0.003965
0.003773 0.004216
0.003765 0.005138
0.003758 0.004117
0.003740 0.003981
0.003733 0.003850
0.003724 0.005905
0.003724 0.004318
0.003723 0.004019
0.003718 0.005616
0.003713 0.003901
0.003708 0.004157
0.003701 0.006396
0.003681 0.007975
0.003675 0.003936
0.003675 0.004134
0.003674 0.005757
0.003665 0.003847
0.003656 0.006149
0.003641 0.004549
0.003633 0.004225
0.003627 0.004989
0.003626 0.003641
0.003617 0.004134
0.003610 0.005107
0.003567 0.003976
0.003553 0.003947
0.003520 0.004316
0.003516 0.004143
0.003513 0.003885
0.003496 0.004881
0.003494 0.004228
0.003489 0.005207
0.003478 0.005191
0.003461 0.003515
0.003443 0.004763
0.003438 0.003661
0.003437 0.004192
0.003416 0.004915
0.003410 0.004322
0.003406 0.003412
0.003403 0.003503
0.003391 0.005468
0.003383 0.004520
0.003381 0.004749
0.003381 0.003485
0.003380 0.006413
0.003380 0.003437
0.003370 0.003436
0.003368 0.003756
0.003353 0.003700
0.003314 0.004248
0.003276 0.003624
0.003253 0.003434
0.003249 0.003536
0.003246 0.003544
0.003207 0.003867
0.003200 0.004732
0.003182 0.003371
0.003151 0.003411
0.003132 0.003903
0.003100 0.004104
0.003090 0.003701
0.003058 0.003759
0.003055 0.003133
0.003044 0.003337
0.003025 0.003204
0.003024 0.003234
0.003009 0.003309
0.002993 0.003909
0.002948 0.003244
0.002905 0.004547
0.002865 0.003667
0.002820 0.003071
0.002790 0.003261
0.002764 0.003040
0.002758 0.002828
0.002756 0.003239
0.002751 0.002883
0.002721 0.002800
0.002639 0.002914
0.002602 0.002856
0.002443 0.002470
0.002429 0.002758
0.002408 0.002832
0.002389 0.003219
0.002383 0.002478
0.002356 0.002826
0.002349 0.002389
0.002306 0.002781
0.002296 0.002450
0.002213 0.003391
0.001837 0.002318
