0.315172 0.315413
0.217003 0.222879
0.160490 0.230238
0.154296 0.154570
0.154294 0.155096
0.146500 0.157178
0.145664 0.149658
0.145630 0.147336
0.143512 0.158523
0.139197 0.142008
0.119048 0.134112
0.110800 0.154751
0.092450 0.093025
0.092245 0.093593
0.092187 0.100011
0.087390 0.093397
0.086563 0.088565
0.085455 0.109870
0.077826 0.091100
0.075327 0.076431
0.069337 0.072953
0.067640 0.078694
0.064075 0.064187
0.063016 0.111445
0.062085 0.097896
0.062038 0.073219
0.059034 0.100317
0.058999 0.059721
0.058919 0.060151
0.055954 0.060084
0.054475 0.055064
0.053643 0.055692
0.053000 0.060987
0.051176 0.052121
0.050808 0.052777
0.050311 0.060208
0.050134 0.052846
0.049932 0.052128
0.049275 0.059149
0.049242 0.067356
0.048657 0.103314
0.047211 0.083698
0.046806 0.053335
0.046754 0.049768
0.046709 0.057046
0.046514 0.050007
0.046026 0.047330
0.045720 0.045731
0.044895 0.047043
0.043717 0.046262
0.042802 0.044034
0.042063 0.043945
0.041955 0.043124
0.041805 0.042136
0.041677 0.045623
0.041633 0.044968
0.041623 0.058579
0.041511 0.042268
0.040735 0.048290
0.040613 0.043458
0.040268 0.040518
0.040248 0.065770
0.039970 0.046871
0.038763 0.044172
0.038364 0.041367
0.037794 0.051985
0.037789 0.039502
0.037713 0.058035
0.037240 0.037722
0.037159 0.039227
0.037057 0.039431
0.036659 0.044496
0.035025 0.041205
0.034699 0.039788
0.034177 0.038744
0.033598 0.036380
0.033373 0.035257
0.032973 0.034170
0.032955 0.036193
0.032816 0.066095
0.032754 0.039340
0.032419 0.034605
0.032190 0.032240
0.032075 0.035008
0.032074 0.037161
0.031863 0.048769
0.031676 0.034389
0.031572 0.040846
0.031548 0.040069
0.031200 0.031353
0.031197 0.044383
0.031130 0.050157
0.030872 0.046015
0.030802 0.039930
0.030767 0.032765
0.030292 0.042352
0.030034 0.039245
0.029683 0.029844
0.029556 0.049744
0.029254 0.031651
0.029033 0.033234
0.029011 0.032789
0.028946 0.029177
0.028873 0.029209
0.028472 0.031446
0.028187 0.030418
0.028154 0.031227
0.028106 0.037644
0.027853 0.030769
0.027556 0.028081
0.027542 0.028430
0.027504 0.030852
0.027166 0.032047
0.027143 0.032415
0.027139 0.028555
0.027020 0.039147
0.027019 0.029329
0.026466 0.031065
0.026430 0.031281
0.026320 0.030587
0.026250 0.027167
0.026238 0.028019
0.026135 0.027730
0.025810 0.033711
0.025516 0.028756
0.025515 0.028531
0.025472 0.027670
0.025376 0.028141
0.024978 0.032078
0.024824 0.046803
0.024271 0.031320
0.024087 0.035621
0.024060 0.032887
0.023874 0.026395
0.023837 0.025452
0.023587 0.025923
0.023540 0.025531
0.023528 0.025164
0.023217 0.029674
0.023054 0.026671
0.022873 0.023091
0.022823 0.024312
0.022793 0.039371
0.022753 0.025192
0.022649 0.027687
0.022620 0.024611
0.022473 0.026664
0.022282 0.035713
0.021944 0.022067
0.021854 0.027109
0.021763 0.025235
0.021698 0.024736
0.021644 0.023143
0.021643 0.050132
0.021577 0.021691
0.021502 0.022791
0.021448 0.025711
0.021433 0.023203
0.021312 0.025329
0.021123 0.023118
0.021121 0.036439
0.021049 0.021815
0.020859 0.031320
0.020857 0.022638
0.020832 0.021883
0.020777 0.024165
0.020768 0.021166
0.020741 0.025005
0.020658 0.021077
0.020637 0.024764
0.020637 0.022637
0.020609 0.023134
0.020556 0.033281
0.020521 0.024722
0.020366 0.025190
0.020362 0.024218
0.020323 0.035193
0.020206 0.023427
0.020198 0.026258
0.020161 0.021937
0.020053 0.021034
0.020024 0.021899
0.020018 0.020067
0.019992 0.026539
0.019761 0.021141
0.019641 0.020282
0.019623 0.025005
0.019550 0.025018
0.019474 0.024271
0.019419 0.019428
0.019392 0.030443
0.019280 0.023377
0.019236 0.020817
0.019230 0.019617
0.019220 0.022369
0.019208 0.021103
0.019119 0.024460
0.019036 0.021273
0.018995 0.026132
0.018940 0.022816
0.018883 0.018908
0.018812 0.026593
0.018771 0.020670
0.018673 0.023625
0.018616 0.021183
0.018549 0.025040
0.018285 0.018483
0.018265 0.021936
0.018188 0.019568
0.018163 0.020941
0.018036 0.027541
0.018025 0.020012
0.018022 0.034543
0.017957 0.021025
0.017944 0.018120
0.017858 0.017985
0.017688 0.037112
0.017599 0.018204
0.017512 0.021283
0.017328 0.018737
0.017321 0.017664
0.017286 0.021125
0.017272 0.022446
0.017226 0.020801
0.017211 0.017940
0.017151 0.022446
0.017135 0.027182
0.017080 0.017358
0.017077 0.018843
0.017045 0.017507
0.017003 0.017691
0.016926 0.017478
0.016887 0.019417
0.016883 0.018034
0.016876 0.018342
0.016812 0.018292
0.016766 0.030029
0.016766 0.017133
0.016731 0.019808
0.016547 0.018207
0.016529 0.018824
0.016511 0.016720
0.016379 0.022938
0.016363 0.017978
0.016361 0.017170
0.016285 0.017936
0.016248 0.017061
0.016149 0.023063
0.016010 0.017664
0.015986 0.023438
0.015855 0.016245
0.015853 0.019767
0.015826 0.018706
0.015741 0.025372
0.015730 0.016608
0.015714 0.020458
0.015709 0.018350
0.015660 0.018768
0.015599 0.018451
0.015454 0.017455
0.015385 0.020640
0.015347 0.027840
0.015332 0.017470
0.015302 0.017959
0.015287 0.015633
0.015266 0.019172
0.015174 0.016958
0.015166 0.015173
0.015157 0.015502
0.015090 0.021188
0.015083 0.015157
0.015083 0.015729
0.015079 0.016367
0.015057 0.015105
0.015030 0.018839
0.014902 0.017740
0.014789 0.016247
0.014742 0.019223
0.014737 0.016651
0.014649 0.015318
0.014606 0.014677
0.014569 0.020307
0.014501 0.015460
0.014413 0.016246
0.014392 0.017765
0.014385 0.018598
0.014382 0.014427
0.014373 0.016726
0.014299 0.016381
0.014264 0.016017
0.014244 0.015970
0.014240 0.014759
0.014226 0.014487
0.014217 0.026410
0.014211 0.014772
0.014206 0.017012
0.014159 0.014217
0.014134 0.018352
0.014132 0.016554
0.014104 0.014479
0.014077 0.014608
0.014044 0.014171
0.014031 0.014426
0.014026 0.014654
0.014020 0.014262
0.014020 0.015385
0.013973 0.016419
0.013908 0.021819
0.013897 0.021280
0.013892 0.019944
0.013812 0.017872
0.013764 0.019120
0.013701 0.023737
0.013700 0.013902
0.013686 0.015759
0.013599 0.013852
0.013596 0.013644
0.013578 0.018425
0.013561 0.014265
0.013547 0.014832
0.013544 0.016467
0.013466 0.017077
0.013435 0.015744
0.013428 0.017442
0.013393 0.014789
0.013370 0.016334
0.013356 0.013508
0.013280 0.016881
0.013222 0.015006
0.013198 0.013345
0.013194 0.014975
0.013144 0.013490
0.013105 0.013539
0.013067 0.019513
0.013065 0.018953
0.013054 0.013991
0.013043 0.016947
0.012970 0.015148
0.012965 0.016772
0.012961 0.013134
0.012870 0.014617
0.012660 0.013700
0.012653 0.013908
0.012594 0.014280
0.012583 0.013753
0.012564 0.014458
0.012540 0.013041
0.012484 0.020075
0.012470 0.016392
0.012467 0.013147
0.012454 0.016928
0.012369 0.013107
0.012365 0.014352
0.012362 0.013229
0.012354 0.013422
0.012330 0.019581
0.012325 0.017988
0.012314 0.012534
0.012260 0.015183
0.012259 0.013806
0.012249 0.015475
0.012233 0.014889
0.012184 0.012583
0.012168 0.012566
0.012156 0.015944
0.012143 0.016137
0.012127 0.014118
0.012106 0.012722
0.012052 0.014315
0.012046 0.018132
0.012036 0.012754
0.012034 0.012930
0.012025 0.018268
0.012017 0.012424
0.012000 0.016222
0.011985 0.016069
0.011979 0.013257
0.011974 0.012767
0.011972 0.012181
0.011945 0.014237
0.011922 0.023215
0.011893 0.014285
0.011885 0.019202
0.011859 0.013816
0.011823 0.012088
0.011770 0.016585
0.011755 0.014208
0.011694 0.019288
0.011566 0.011790
0.011557 0.011709
0.011541 0.011727
0.011526 0.013643
0.011519 0.016225
0.011506 0.011507
0.011455 0.011879
0.011431 0.018835
0.011372 0.012170
0.011368 0.014482
0.011360 0.014478
0.011353 0.011460
0.011351 0.013709
0.011342 0.013677
0.011314 0.014582
0.011284 0.012827
0.011223 0.013628
0.011220 0.015366
0.011198 0.013838
0.011183 0.015029
0.011159 0.012879
0.011115 0.016144
0.011095 0.013653
0.011071 0.013091
0.011055 0.021440
0.011040 0.012032
0.011004 0.013043
0.011002 0.012511
0.010971 0.013265
0.010962 0.013808
0.010962 0.013152
0.010927 0.010985
0.010889 0.012050
0.010874 0.011513
0.010866 0.011669
0.010859 0.016967
0.010846 0.016368
0.010838 0.013448
0.010827 0.010886
0.010777 0.010916
0.010721 0.010841
0.010716 0.011736
0.010713 0.015231
0.010709 0.013174
0.010670 0.011431
0.010664 0.014796
0.010663 0.011615
0.010642 0.014765
0.010578 0.012545
0.010568 0.012387
0.010563 0.011025
0.010545 0.014186
0.010538 0.011042
0.010526 0.011020
0.010523 0.013510
0.010516 0.011019
0.010494 0.010849
0.010492 0.011651
0.010491 0.011048
0.010444 0.010861
0.010428 0.013895
0.010408 0.011038
0.010403 0.018799
0.010400 0.016348
0.010360 0.015219
0.010356 0.013295
0.010352 0.010983
0.010348 0.014462
0.010342 0.012589
0.010323 0.010842
0.010317 0.015928
0.010303 0.010807
0.010277 0.016429
0.010275 0.011765
0.010271 0.010435
0.010267 0.013829
0.010265 0.011144
0.010252 0.013403
0.010238 0.010479
0.010235 0.010259
0.010229 0.012319
0.010216 0.010761
0.010191 0.013324
0.010127 0.010981
0.010088 0.010815
0.010061 0.011206
0.010058 0.022505
0.010035 0.011258
0.010005 0.012993
0.010004 0.010658
0.010001 0.012864
0.009905 0.019997
0.009887 0.012223
0.009876 0.010605
0.009866 0.014513
0.009849 0.014667
0.009848 0.011971
0.009839 0.011133
0.009820 0.012338
0.009819 0.011724
0.009797 0.011317
0.009763 0.011835
0.009760 0.010017
0.009750 0.010175
0.009738 0.017643
0.009726 0.010783
0.009714 0.010299
0.009713 0.011245
0.009668 0.009779
0.009652 0.011702
0.009646 0.010304
0.009644 0.010709
0.009633 0.011796
0.009627 0.013784
0.009620 0.012123
0.009594 0.010370
0.009591 0.012323
0.009577 0.010609
0.009571 0.010921
0.009560 0.011163
0.009559 0.011851
0.009540 0.010331
0.009516 0.021260
0.009513 0.010841
0.009429 0.016209
0.009428 0.010989
0.009405 0.009593
0.009401 0.012612
0.009396 0.009827
0.009376 0.010484
0.009357 0.010436
0.009345 0.016334
0.009306 0.010885
0.009272 0.010726
0.009240 0.013461
0.009232 0.010329
0.009212 0.009320
0.009208 0.016301
0.009206 0.011666
0.009201 0.009921
0.009196 0.009440
0.009162 0.014558
0.009149 0.010367
0.009132 0.018445
0.009132 0.009403
0.009126 0.018398
0.008990 0.010336
0.008976 0.010556
0.008965 0.011930
0.008953 0.009250
0.008942 0.012136
0.008937 0.009788
0.008925 0.011422
0.008908 0.013476
0.008884 0.008962
0.008882 0.009529
0.008873 0.010595
0.008870 0.009478
0.008866 0.014708
0.008865 0.012857
0.008854 0.010558
0.008846 0.010323
0.008811 0.009368
0.008808 0.009345
0.008795 0.009052
0.008784 0.011177
0.008780 0.010052
0.008765 0.011434
0.008756 0.009488
0.008727 0.009828
0.008716 0.013985
0.008711 0.010205
0.008691 0.009019
0.008687 0.009012
0.008687 0.008755
0.008641 0.010370
0.008641 0.013355
0.008612 0.012422
0.008574 0.009356
0.008572 0.009234
0.008559 0.008863
0.008554 0.009039
0.008543 0.009409
0.008537 0.010242
0.008507 0.008890
0.008496 0.010042
0.008477 0.013606
0.008469 0.008839
0.008450 0.009879
0.008433 0.013175
0.008431 0.010233
0.008428 0.011657
0.008421 0.011945
0.008421 0.011575
0.008397 0.008684
0.008382 0.013417
0.008372 0.009058
0.008354 0.008695
0.008341 0.011292
0.008324 0.011883
0.008307 0.009394
0.008287 0.008488
0.008265 0.008660
0.008243 0.008681
0.008225 0.008605
0.008222 0.011919
0.008208 0.009634
0.008196 0.008809
0.008177 0.008669
0.008172 0.008940
0.008149 0.010818
0.008133 0.008191
0.008132 0.014279
0.008132 0.011919
0.008131 0.013138
0.008121 0.009419
0.008114 0.008988
0.008104 0.008974
0.008098 0.008862
0.008078 0.017228
0.008073 0.008290
0.008068 0.008343
0.008060 0.010958
0.008052 0.014461
0.008050 0.008360
0.008046 0.010753
0.008045 0.010473
0.008039 0.009576
0.008035 0.010564
0.008029 0.009481
0.008028 0.011662
0.008013 0.008805
0.008004 0.012892
0.007999 0.011370
0.007994 0.008819
0.007977 0.008114
0.007972 0.010702
0.007969 0.009017
0.007964 0.008715
0.007953 0.008367
0.007921 0.015846
0.007888 0.016047
0.007875 0.009392
0.007855 0.010317
0.007855 0.011552
0.007834 0.008153
0.007833 0.008754
0.007829 0.008549
0.007826 0.009333
0.007826 0.012117
0.007805 0.009609
0.007801 0.009230
0.007796 0.010516
0.007784 0.008519
0.007777 0.008266
0.007759 0.007862
0.007758 0.010716
0.007752 0.008306
0.007745 0.010489
0.007744 0.012100
0.007739 0.010241
0.007723 0.010439
0.007712 0.008058
0.007710 0.008313
0.007695 0.008917
0.007681 0.008638
0.007680 0.009594
0.007680 0.008920
0.007667 0.008301
0.007664 0.008109
0.007661 0.010471
0.007658 0.010254
0.007655 0.007815
0.007654 0.007797
0.007653 0.008735
0.007643 0.010269
0.007633 0.007962
0.007632 0.010762
0.007628 0.007781
0.007624 0.008354
0.007572 0.008479
0.007566 0.007952
0.007557 0.007617
0.007550 0.009624
0.007548 0.008726
0.007544 0.007607
0.007522 0.007740
0.007520 0.007580
0.007513 0.008330
0.007511 0.008436
0.007501 0.008030
0.007499 0.010762
0.007491 0.007552
0.007482 0.008342
0.007477 0.012553
0.007472 0.011177
0.007464 0.007843
0.007459 0.007548
0.007454 0.008197
0.007440 0.007901
0.007434 0.008310
0.007409 0.007592
0.007405 0.012340
0.007396 0.008550
0.007395 0.008376
0.007395 0.009072
0.007395 0.011502
0.007391 0.008670
0.007380 0.007777
0.007369 0.007548
0.007354 0.007598
0.007352 0.007884
0.007325 0.007378
0.007323 0.007877
0.007319 0.011640
0.007308 0.007496
0.007308 0.012085
0.007306 0.007630
0.007303 0.017609
0.007297 0.010188
0.007296 0.007805
0.007290 0.007855
0.007285 0.009562
0.007268 0.009550
0.007267 0.008359
0.007244 0.010311
0.007236 0.008015
0.007230 0.008072
0.007219 0.011141
0.007203 0.011058
0.007200 0.007362
0.007198 0.007422
0.007196 0.009591
0.007179 0.009396
0.007175 0.007609
0.007170 0.010689
0.007168 0.007558
0.007158 0.008305
0.007156 0.009614
0.007154 0.008710
0.007141 0.009523
0.007132 0.007503
0.007129 0.011113
0.007108 0.008532
0.007101 0.011961
0.007096 0.007210
0.007087 0.007535
0.007072 0.007091
0.007071 0.007338
0.007055 0.007666
0.007055 0.009491
0.007043 0.007086
0.007032 0.009426
0.007025 0.008547
0.007016 0.007310
0.006996 0.008124
0.006985 0.007108
0.006982 0.008794
0.006979 0.007086
0.006965 0.010900
0.006964 0.006996
0.006961 0.007749
0.006961 0.007969
0.006949 0.009728
0.006948 0.011122
0.006944 0.008128
0.006931 0.011509
0.006927 0.007149
0.006919 0.011865
0.006896 0.008815
0.006892 0.007014
0.006891 0.008776
0.006880 0.009925
0.006859 0.007161
0.006858 0.009322
0.006853 0.006996
0.006846 0.007635
0.006844 0.007935
0.006844 0.008730
0.006834 0.009986
0.006827 0.006965
0.006823 0.007258
0.006823 0.009486
0.006822 0.008234
0.006808 0.011203
0.006803 0.010532
0.006785 0.015012
0.006772 0.006995
0.006770 0.009238
0.006756 0.009465
0.006748 0.009351
0.006746 0.010802
0.006745 0.009185
0.006744 0.009485
0.006735 0.008009
0.006734 0.007494
0.006724 0.009029
0.006721 0.006997
0.006707 0.007952
0.006705 0.010801
0.006699 0.007274
0.006698 0.011869
0.006688 0.007242
0.006686 0.007049
0.006679 0.008561
0.006677 0.010063
0.006673 0.007711
0.006670 0.007766
0.006666 0.007449
0.006666 0.008083
0.006658 0.007268
0.006645 0.006852
0.006639 0.010231
0.006630 0.008091
0.006624 0.007045
0.006624 0.008009
0.006618 0.007509
0.006611 0.007026
0.006604 0.009992
0.006598 0.006856
0.006595 0.007023
0.006590 0.007817
0.006580 0.010009
0.006578 0.006779
0.006569 0.009680
0.006551 0.007462
0.006537 0.007607
0.006534 0.007234
0.006522 0.008083
0.006518 0.006598
0.006514 0.007207
0.006504 0.006996
0.006504 0.007802
0.006488 0.007838
0.006481 0.007495
0.006480 0.007371
0.006479 0.010722
0.006476 0.011946
0.006474 0.006749
0.006469 0.006518
0.006461 0.008294
0.006460 0.008302
0.006457 0.007687
0.006451 0.006606
0.006443 0.007401
0.006441 0.008574
0.006419 0.006799
0.006415 0.006755
0.006411 0.007651
0.006401 0.008131
0.006399 0.006792
0.006397 0.007072
0.006396 0.006784
0.006388 0.011230
0.006386 0.007793
0.006382 0.006552
0.006378 0.006777
0.006372 0.006539
0.006370 0.008056
0.006364 0.006911
0.006339 0.009046
0.006338 0.007202
0.006336 0.008385
0.006334 0.006429
0.006333 0.007161
0.006330 0.008475
0.006330 0.006428
0.006329 0.007304
0.006325 0.009290
0.006316 0.008120
0.006306 0.006431
0.006298 0.007171
0.006297 0.007383
0.006294 0.006328
0.006294 0.006364
0.006294 0.006317
0.006293 0.006335
0.006280 0.008589
0.006280 0.009896
0.006276 0.011118
0.006270 0.008499
0.006267 0.010063
0.006264 0.010970
0.006260 0.007907
0.006253 0.011056
0.006247 0.007648
0.006245 0.006299
0.006242 0.008182
0.006241 0.010097
0.006229 0.008871
0.006222 0.006277
0.006222 0.009175
0.006222 0.008342
0.006215 0.007346
0.006207 0.006405
0.006205 0.006367
0.006205 0.006283
0.006200 0.006201
0.006197 0.006500
0.006197 0.007547
0.006194 0.007029
0.006193 0.006468
0.006184 0.006220
0.006183 0.006403
0.006182 0.008058
0.006171 0.006225
0.006171 0.007456
0.006160 0.006823
0.006156 0.006814
0.006155 0.006722
0.006153 0.008577
0.006140 0.006581
0.006130 0.006524
0.006128 0.008077
0.006128 0.006178
0.006125 0.009381
0.006123 0.008142
0.006119 0.013031
0.006119 0.006420
0.006118 0.006811
0.006114 0.006205
0.006109 0.007954
0.006105 0.006438
0.006104 0.006221
0.006099 0.006173
0.006096 0.006431
0.006096 0.006108
0.006089 0.006772
0.006078 0.009523
0.006069 0.008159
0.006065 0.008098
0.006053 0.008322
0.006051 0.007944
0.006050 0.009775
0.006050 0.007126
0.006049 0.006243
0.006031 0.006236
0.006027 0.006221
0.006027 0.008386
0.006021 0.006549
0.006020 0.006492
0.006012 0.006997
0.006000 0.007234
0.005996 0.006725
0.005991 0.009210
0.005989 0.006088
0.005988 0.005991
0.005978 0.006060
0.005976 0.007543
0.005973 0.008326
0.005973 0.008113
0.005972 0.006713
0.005970 0.008088
0.005963 0.006506
0.005962 0.006149
0.005962 0.006031
0.005960 0.006122
0.005960 0.006174
0.005956 0.010536
0.005955 0.006191
0.005951 0.006912
0.005950 0.006795
0.005927 0.006308
0.005926 0.006153
0.005921 0.008067
0.005920 0.011707
0.005919 0.009014
0.005917 0.007896
0.005914 0.007085
0.005913 0.007264
0.005906 0.007015
0.005905 0.005990
0.005902 0.008812
0.005896 0.006679
0.005895 0.009399
0.005887 0.006293
0.005885 0.009152
0.005884 0.006094
0.005879 0.005928
0.005876 0.007490
0.005871 0.005920
0.005869 0.006272
0.005857 0.011495
0.005856 0.007263
0.005855 0.006457
0.005852 0.007750
0.005846 0.007268
0.005839 0.012270
0.005839 0.007333
0.005836 0.006872
0.005831 0.006794
0.005825 0.005978
0.005825 0.005877
0.005824 0.009591
0.005817 0.009132
0.005815 0.006293
0.005814 0.006798
0.005812 0.007830
0.005808 0.006077
0.005805 0.007818
0.005805 0.007010
0.005805 0.007428
0.005803 0.007434
0.005801 0.006217
0.005796 0.005932
0.005795 0.007273
0.005791 0.006126
0.005785 0.006013
0.005778 0.008148
0.005775 0.006868
0.005773 0.006088
0.005772 0.006711
0.005766 0.007957
0.005764 0.007994
0.005753 0.007598
0.005750 0.007859
0.005749 0.006095
0.005746 0.007812
0.005739 0.005842
0.005737 0.006391
0.005732 0.008782
0.005729 0.007256
0.005725 0.012688
0.005720 0.008037
0.005715 0.005882
0.005711 0.006402
0.005709 0.007519
0.005701 0.009354
0.005697 0.007985
0.005694 0.011250
0.005694 0.007181
0.005690 0.005712
0.005690 0.005981
0.005677 0.005982
0.005674 0.009866
0.005668 0.007367
0.005667 0.008355
0.005667 0.006013
0.005663 0.008667
0.005649 0.005794
0.005638 0.005702
0.005627 0.006474
0.005623 0.006184
0.005618 0.005724
0.005618 0.008913
0.005606 0.005649
0.005599 0.005653
0.005598 0.005985
0.005597 0.006249
0.005592 0.006082
0.005592 0.005873
0.005590 0.006819
0.005590 0.006127
0.005589 0.005802
0.005575 0.005741
0.005564 0.006496
0.005553 0.005913
0.005551 0.006443
0.005550 0.008269
0.005546 0.009604
0.005545 0.006260
0.005544 0.006748
0.005533 0.007151
0.005529 0.005893
0.005519 0.007801
0.005519 0.006892
0.005516 0.006286
0.005510 0.006313
0.005506 0.009121
0.005493 0.005672
0.005493 0.006037
0.005492 0.006588
0.005475 0.006562
0.005472 0.006415
0.005469 0.005581
0.005461 0.005842
0.005455 0.006771
0.005454 0.006437
0.005453 0.006013
0.005452 0.009246
0.005442 0.009000
0.005428 0.005449
0.005426 0.005701
0.005425 0.005529
0.005425 0.007704
0.005421 0.007891
0.005418 0.005543
0.005413 0.010890
0.005411 0.005683
0.005407 0.009211
0.005404 0.008480
0.005401 0.009874
0.005399 0.005470
0.005399 0.009725
0.005395 0.007664
0.005393 0.005580
0.005392 0.005788
0.005392 0.005914
0.005383 0.005429
0.005378 0.005737
0.005375 0.005976
0.005373 0.005613
0.005372 0.005443
0.005370 0.006690
0.005366 0.006256
0.005366 0.005668
0.005357 0.005390
0.005357 0.007381
0.005355 0.007013
0.005355 0.006307
0.005354 0.006188
0.005349 0.005440
0.005344 0.006538
0.005344 0.008778
0.005344 0.005724
0.005343 0.006508
0.005339 0.005443
0.005337 0.005468
0.005336 0.006963
0.005333 0.006737
0.005330 0.005438
0.005330 0.006818
0.005328 0.005645
0.005327 0.005944
0.005325 0.005443
0.005325 0.006284
0.005320 0.005686
0.005320 0.005759
0.005317 0.006179
0.005314 0.009206
0.005311 0.006753
0.005309 0.005967
0.005297 0.006225
0.005288 0.006026
0.005285 0.008247
0.005278 0.006668
0.005275 0.006084
0.005274 0.006268
0.005272 0.006331
0.005268 0.006273
0.005267 0.006529
0.005263 0.009023
0.005259 0.007197
0.005259 0.006587
0.005257 0.005483
0.005252 0.006193
0.005250 0.008528
0.005242 0.008422
0.005238 0.005417
0.005237 0.011318
0.005235 0.005285
0.005232 0.009252
0.005227 0.005458
0.005225 0.006183
0.005222 0.006249
0.005219 0.005292
0.005213 0.007525
0.005213 0.005692
0.005209 0.005212
0.005208 0.005272
0.005205 0.006080
0.005203 0.007364
0.005197 0.006252
0.005192 0.005307
0.005187 0.006358
0.005186 0.005334
0.005186 0.005310
0.005180 0.006100
0.005179 0.005366
0.005178 0.006070
0.005177 0.006550
0.005174 0.008358
0.005174 0.005946
0.005169 0.005590
0.005168 0.005194
0.005167 0.005577
0.005157 0.005953
0.005155 0.007585
0.005154 0.005361
0.005153 0.009769
0.005153 0.006016
0.005148 0.005613
0.005147 0.007070
0.005146 0.005693
0.005144 0.005205
0.005141 0.007869
0.005139 0.005228
0.005136 0.006159
0.005135 0.005938
0.005129 0.006865
0.005127 0.006043
0.005116 0.008745
0.005115 0.005336
0.005114 0.007047
0.005111 0.008016
0.005110 0.005177
0.005105 0.005115
0.005103 0.005561
0.005093 0.005455
0.005092 0.005986
0.005087 0.006834
0.005086 0.006661
0.005080 0.007208
0.005080 0.005398
0.005079 0.005376
0.005079 0.006919
0.005073 0.006136
0.005072 0.005419
0.005071 0.006310
0.005069 0.007424
0.005063 0.006271
0.005059 0.006823
0.005057 0.005368
0.005055 0.006143
0.005054 0.005371
0.005053 0.007263
0.005046 0.006854
0.005046 0.009438
0.005036 0.009795
0.005036 0.006130
0.005029 0.008738
0.005029 0.005751
0.005028 0.005713
0.005021 0.008213
0.005015 0.005459
0.005015 0.005662
0.005011 0.007765
0.005009 0.006690
0.005002 0.009401
0.005001 0.010275
0.005000 0.005322
0.004999 0.005342
0.004993 0.005997
0.004990 0.005441
0.004985 0.005763
0.004978 0.005267
0.004975 0.006032
0.004974 0.005261
0.004974 0.005097
0.004971 0.006377
0.004970 0.005746
0.004969 0.005030
0.004966 0.007919
0.004966 0.005586
0.004961 0.005950
0.004959 0.005214
0.004956 0.006974
0.004954 0.010530
0.004952 0.007157
0.004940 0.006174
0.004931 0.006554
0.004929 0.005178
0.004928 0.009190
0.004927 0.005413
0.004927 0.005079
0.004924 0.005599
0.004922 0.005117
0.004911 0.004928
0.004911 0.007811
0.004908 0.005659
0.004904 0.005508
0.004901 0.007256
0.004899 0.005678
0.004897 0.005904
0.004895 0.005804
0.004891 0.005626
0.004889 0.009489
0.004886 0.005273
0.004884 0.005723
0.004884 0.005083
0.004883 0.010305
0.004882 0.005061
0.004880 0.005677
0.004878 0.005594
0.004875 0.004977
0.004872 0.005309
0.004866 0.006233
0.004857 0.005020
0.004857 0.004883
0.004856 0.005178
0.004856 0.005206
0.004853 0.006750
0.004848 0.004996
0.004848 0.007376
0.004839 0.005398
0.004830 0.006431
0.004830 0.007543
0.004829 0.006013
0.004829 0.008410
0.004827 0.004857
0.004827 0.004890
0.004825 0.006156
0.004821 0.005779
0.004812 0.004872
0.004812 0.005517
0.004811 0.007312
0.004808 0.006627
0.004808 0.006147
0.004804 0.004841
0.004802 0.004827
0.004802 0.006708
0.004801 0.004924
0.004797 0.006776
0.004793 0.005048
0.004792 0.004839
0.004792 0.006430
0.004791 0.009304
0.004785 0.004836
0.004784 0.006690
0.004782 0.005239
0.004781 0.005415
0.004773 0.005014
0.004773 0.008098
0.004770 0.006277
0.004768 0.005077
0.004767 0.005218
0.004766 0.004774
0.004762 0.007556
0.004762 0.004786
0.004760 0.006243
0.004756 0.005043
0.004753 0.006604
0.004752 0.005340
0.004738 0.005148
0.004735 0.004926
0.004734 0.006223
0.004732 0.006585
0.004717 0.005151
0.004717 0.006295
0.004715 0.005596
0.004714 0.005318
0.004713 0.004929
0.004713 0.005678
0.004709 0.006294
0.004708 0.008127
0.004704 0.005759
0.004704 0.005705
0.004702 0.005267
0.004700 0.009314
0.004697 0.005775
0.004688 0.005533
0.004686 0.005495
0.004683 0.005075
0.004677 0.005372
0.004677 0.005893
0.004675 0.005707
0.004673 0.008644
0.004669 0.006332
0.004663 0.010846
0.004662 0.005158
0.004661 0.007255
0.004657 0.005276
0.004648 0.005510
0.004648 0.005612
0.004643 0.006258
0.004640 0.009515
0.004639 0.007115
0.004636 0.006194
0.004636 0.005886
0.004636 0.005382
0.004635 0.005164
0.004633 0.008291
0.004633 0.005327
0.004630 0.004732
0.004629 0.008921
0.004629 0.005232
0.004628 0.008628
0.004627 0.005162
0.004623 0.009107
0.004622 0.005448
0.004615 0.005544
0.004610 0.004969
0.004609 0.004999
0.004607 0.004946
0.004606 0.004928
0.004602 0.004825
0.004601 0.010169
0.004593 0.007571
0.004589 0.005944
0.004588 0.006310
0.004588 0.005389
0.004585 0.004966
0.004583 0.004836
0.004581 0.004622
0.004580 0.006266
0.004577 0.004761
0.004569 0.008841
0.004567 0.008014
0.004561 0.006039
0.004553 0.008379
0.004553 0.005954
0.004551 0.006542
0.004550 0.006523
0.004547 0.007869
0.004543 0.004810
0.004543 0.008896
0.004541 0.008360
0.004533 0.004906
0.004532 0.005991
0.004523 0.005603
0.004522 0.005369
0.004514 0.004584
0.004510 0.004640
0.004504 0.005041
0.004503 0.005070
0.004502 0.004743
0.004500 0.004924
0.004500 0.004592
0.004499 0.005290
0.004498 0.004568
0.004496 0.006324
0.004494 0.005188
0.004491 0.004616
0.004487 0.004489
0.004487 0.004652
0.004483 0.008686
0.004480 0.004833
0.004476 0.005863
0.004475 0.004977
0.004475 0.005282
0.004472 0.007343
0.004468 0.005986
0.004462 0.004863
0.004458 0.006976
0.004451 0.004545
0.004448 0.005855
0.004448 0.004802
0.004436 0.006605
0.004436 0.009977
0.004434 0.007484
0.004430 0.005608
0.004430 0.004677
0.004425 0.005230
0.004424 0.005280
0.004421 0.004652
0.004418 0.005898
0.004410 0.004842
0.004407 0.006399
0.004405 0.008744
0.004402 0.004698
0.004402 0.004558
0.004395 0.004819
0.004395 0.009161
0.004394 0.005013
0.004394 0.005465
0.004390 0.005494
0.004390 0.008761
0.004384 0.005439
0.004383 0.005529
0.004381 0.004858
0.004377 0.006042
0.004377 0.005028
0.004377 0.005574
0.004369 0.005742
0.004368 0.004377
0.004364 0.005754
0.004362 0.004464
0.004360 0.004410
0.004359 0.008109
0.004358 0.007433
0.004354 0.005642
0.004350 0.004390
0.004349 0.004499
0.004349 0.006584
0.004349 0.005934
0.004347 0.004723
0.004344 0.005091
0.004343 0.004951
0.004337 0.004875
0.004336 0.005417
0.004336 0.005120
0.004335 0.004553
0.004333 0.004341
0.004330 0.005259
0.004325 0.005156
0.004324 0.004351
0.004321 0.007595
0.004316 0.004542
0.004315 0.005116
0.004313 0.004846
0.004307 0.005254
0.004306 0.004591
0.004303 0.004556
0.004302 0.004321
0.004299 0.006954
0.004299 0.004756
0.004299 0.007140
0.004298 0.004438
0.004295 0.006459
0.004293 0.007354
0.004285 0.004618
0.004282 0.004680
0.004282 0.005836
0.004282 0.005074
0.004277 0.006177
0.004276 0.006402
0.004276 0.004604
0.004271 0.004985
0.004270 0.004758
0.004259 0.005407
0.004258 0.004641
0.004254 0.009755
0.004246 0.004613
0.004245 0.008467
0.004244 0.007338
0.004242 0.004459
0.004235 0.004511
0.004233 0.008379
0.004232 0.005300
0.004230 0.004688
0.004227 0.006579
0.004222 0.004993
0.004220 0.004581
0.004217 0.005236
0.004213 0.004668
0.004206 0.004334
0.004206 0.004615
0.004203 0.006590
0.004195 0.005163
0.004195 0.004229
0.004194 0.005950
0.004189 0.005327
0.004184 0.007250
0.004180 0.004217
0.004175 0.004372
0.004173 0.005121
0.004171 0.004359
0.004171 0.004534
0.004169 0.006894
0.004169 0.006435
0.004167 0.004916
0.004166 0.004980
0.004157 0.004456
0.004152 0.004827
0.004152 0.004641
0.004152 0.004321
0.004146 0.004516
0.004144 0.004758
0.004143 0.004704
0.004142 0.004563
0.004141 0.006123
0.004140 0.004355
0.004137 0.005770
0.004137 0.006074
0.004135 0.004524
0.004134 0.004831
0.004133 0.005736
0.004126 0.004199
0.004126 0.005891
0.004124 0.005602
0.004121 0.004524
0.004119 0.004567
0.004113 0.004116
0.004112 0.005824
0.004112 0.004531
0.004109 0.006859
0.004106 0.004449
0.004103 0.007192
0.004095 0.005584
0.004094 0.004163
0.004094 0.004473
0.004088 0.004475
0.004086 0.005124
0.004082 0.004258
0.004072 0.004975
0.004070 0.005147
0.004069 0.004373
0.004068 0.004524
0.004061 0.007974
0.004060 0.007079
0.004060 0.004246
0.004059 0.004462
0.004055 0.006983
0.004054 0.004472
0.004054 0.004926
0.004051 0.004621
0.004049 0.004386
0.004048 0.005361
0.004041 0.004153
0.004040 0.007218
0.004040 0.004645
0.004039 0.005996
0.004037 0.004549
0.004036 0.006709
0.004036 0.004288
0.004032 0.006196
0.004032 0.006817
0.004030 0.005227
0.004025 0.006062
0.004025 0.004266
0.004023 0.004519
0.004015 0.004193
0.004014 0.004908
0.004014 0.004888
0.004010 0.004696
0.004010 0.006355
0.004009 0.004718
0.004007 0.004030
0.004001 0.004172
0.004000 0.005537
0.003997 0.005892
0.003995 0.004212
0.003995 0.005058
0.003994 0.004129
0.003993 0.004094
0.003988 0.004940
0.003986 0.006787
0.003981 0.004207
0.003981 0.004419
0.003979 0.004137
0.003965 0.005110
0.003960 0.004280
0.003958 0.004524
0.003956 0.007130
0.003955 0.003975
0.003953 0.005255
0.003952 0.007109
0.003951 0.005037
0.003947 0.004894
0.003940 0.004072
0.003938 0.004374
0.003937 0.005567
0.003934 0.003979
0.003933 0.004305
0.003931 0.004103
0.003930 0.004196
0.003929 0.005148
0.003929 0.005614
0.003928 0.005121
0.003927 0.004735
0.003927 0.004073
0.003922 0.004331
0.003921 0.005998
0.003918 0.004453
0.003914 0.004104
0.003912 0.005257
0.003901 0.007189
0.003900 0.007196
0.003896 0.004171
0.003893 0.006616
0.003889 0.003904
0.003886 0.007058
0.003886 0.004135
0.003883 0.005130
0.003882 0.009457
0.003882 0.004558
0.003878 0.006346
0.003878 0.004288
0.003877 0.005132
0.003877 0.005883
0.003877 0.005287
0.003871 0.007793
0.003865 0.003996
0.003865 0.004083
0.003863 0.004280
0.003861 0.003867
0.003857 0.004338
0.003857 0.004091
0.003853 0.004300
0.003853 0.004363
0.003851 0.005341
0.003849 0.005312
0.003847 0.004141
0.003847 0.003954
0.003845 0.004335
0.003842 0.005217
0.003838 0.005933
0.003837 0.004110
0.003836 0.003839
0.003835 0.004439
0.003833 0.003883
0.003830 0.004920
0.003829 0.003945
0.003829 0.006230
0.003828 0.007565
0.003827 0.006648
0.003824 0.004083
0.003819 0.004505
0.003818 0.008373
0.003816 0.004506
0.003815 0.004807
0.003814 0.003918
0.003811 0.003989
0.003808 0.004889
0.003806 0.004996
0.003804 0.007177
0.003803 0.004563
0.003803 0.004033
0.003801 0.006762
0.003800 0.005072
0.003798 0.005601
0.003785 0.003881
0.003784 0.003994
0.003782 0.004955
0.003779 0.007245
0.003777 0.006621
0.003776 0.005258
0.003776 0.003897
0.003775 0.005937
0.003773 0.004416
0.003773 0.004829
0.003773 0.006519
0.003769 0.005899
0.003768 0.003903
0.003767 0.004965
0.003767 0.006869
0.003765 0.005222
0.003764 0.004423
0.003764 0.005648
0.003760 0.005708
0.003751 0.005001
0.003749 0.003874
0.003747 0.003849
0.003742 0.006405
0.003738 0.005908
0.003737 0.004930
0.003735 0.004081
0.003735 0.006799
0.003733 0.003858
0.003730 0.003902
0.003730 0.004016
0.003729 0.005145
0.003729 0.004037
0.003723 0.004252
0.003722 0.004609
0.003719 0.004655
0.003718 0.004090
0.003717 0.003938
0.003716 0.005272
0.003713 0.004644
0.003712 0.003904
0.003711 0.005531
0.003711 0.003901
0.003710 0.004383
0.003710 0.004253
0.003709 0.004359
0.003709 0.004283
0.003707 0.004849
0.003706 0.004101
0.003706 0.003782
0.003700 0.005739
0.003700 0.004597
0.003699 0.005811
0.003696 0.005049
0.003694 0.005561
0.003692 0.007372
0.003692 0.003708
0.003690 0.004598
0.003689 0.003721
0.003684 0.005177
0.003684 0.007368
0.003682 0.005040
0.003676 0.003954
0.003675 0.003826
0.003675 0.004162
0.003674 0.004783
0.003671 0.003920
0.003669 0.007365
0.003666 0.004749
0.003664 0.005264
0.003661 0.004360
0.003661 0.005030
0.003655 0.006290
0.003655 0.006290
0.003647 0.005053
0.003646 0.003999
0.003645 0.003703
0.003645 0.004595
0.003644 0.003962
0.003636 0.003799
0.003634 0.003732
0.003634 0.003844
0.003631 0.004862
0.003631 0.004909
0.003627 0.006610
0.003624 0.003671
0.003615 0.004193
0.003607 0.005266
0.003605 0.003744
0.003603 0.006792
0.003598 0.005531
0.003595 0.004020
0.003595 0.004788
0.003594 0.006882
0.003592 0.005282
0.003591 0.003700
0.003590 0.003790
0.003589 0.003907
0.003585 0.003768
0.003583 0.004786
0.003579 0.006309
0.003578 0.005033
0.003578 0.005799
0.003576 0.003925
0.003575 0.004851
0.003574 0.004597
0.003569 0.003645
0.003566 0.003759
0.003566 0.004856
0.003566 0.006227
0.003563 0.004937
0.003562 0.004840
0.003562 0.003630
0.003560 0.003913
0.003560 0.005940
0.003559 0.005763
0.003558 0.003919
0.003558 0.004296
0.003552 0.005371
0.003550 0.004026
0.003544 0.003887
0.003541 0.004045
0.003538 0.005574
0.003535 0.004654
0.003533 0.003858
0.003529 0.006822
0.003527 0.004154
0.003526 0.003697
0.003525 0.004514
0.003523 0.004428
0.003522 0.004562
0.003521 0.004248
0.003517 0.004375
0.003511 0.004785
0.003510 0.003647
0.003509 0.004232
0.003505 0.008240
0.003504 0.004671
0.003503 0.004429
0.003501 0.004379
0.003493 0.003496
0.003493 0.003925
0.003489 0.004089
0.003487 0.005443
0.003484 0.003796
0.003483 0.004336
0.003483 0.003628
0.003477 0.003901
0.003476 0.005642
0.003474 0.003610
0.003473 0.004415
0.003470 0.004182
0.003467 0.003528
0.003466 0.009124
0.003466 0.004042
0.003463 0.003489
0.003459 0.006653
0.003458 0.004361
0.003458 0.005669
0.003453 0.003637
0.003452 0.003822
0.003448 0.004134
0.003446 0.003933
0.003445 0.006474
0.003444 0.006110
0.003442 0.004526
0.003441 0.003461
0.003440 0.003723
0.003436 0.003799
0.003436 0.005743
0.003435 0.003719
0.003434 0.007778
0.003431 0.004408
0.003431 0.005189
0.003429 0.003511
0.003429 0.003733
0.003426 0.004447
0.003425 0.005277
0.003424 0.003485
0.003424 0.003846
0.003424 0.007832
0.003424 0.003664
0.003420 0.003423
0.003419 0.003854
0.003419 0.007091
0.003416 0.004800
0.003416 0.006680
0.003414 0.003430
0.003412 0.006929
0.003412 0.005238
0.003408 0.005218
0.003400 0.003995
0.003399 0.006492
0.003399 0.004184
0.003398 0.005159
0.003397 0.004699
0.003394 0.011056
0.003392 0.003727
0.003391 0.004257
0.003391 0.003762
0.003389 0.004856
0.003386 0.003817
0.003383 0.004206
0.003382 0.004051
0.003378 0.004080
0.003377 0.004062
0.003376 0.005670
0.003375 0.003819
0.003375 0.004611
0.003374 0.004075
0.003370 0.003526
0.003370 0.004025
0.003369 0.003484
0.003369 0.005916
0.003365 0.004080
0.003365 0.007056
0.003355 0.005531
0.003354 0.005191
0.003353 0.003781
0.003353 0.004167
0.003351 0.003951
0.003351 0.005077
0.003345 0.003512
0.003343 0.005781
0.003343 0.004936
0.003340 0.004464
0.003340 0.003613
0.003338 0.005109
0.003336 0.004557
0.003336 0.006084
0.003333 0.004720
0.003332 0.004025
0.003330 0.005345
0.003324 0.003827
0.003320 0.005314
0.003319 0.004170
0.003318 0.003390
0.003318 0.003326
0.003317 0.003354
0.003315 0.003983
0.003306 0.003782
0.003305 0.003802
0.003305 0.004198
0.003304 0.003741
0.003302 0.003876
0.003299 0.003817
0.003297 0.003593
0.003296 0.004467
0.003292 0.004988
0.003287 0.003999
0.003284 0.004552
0.003284 0.004813
0.003282 0.006677
0.003280 0.003693
0.003280 0.004021
0.003278 0.003371
0.003277 0.003375
0.003277 0.003464
0.003277 0.005124
0.003271 0.005353
0.003270 0.004425
0.003270 0.005095
0.003269 0.005666
0.003262 0.003891
0.003260 0.003464
0.003258 0.003692
0.003258 0.004208
0.003258 0.003411
0.003257 0.003328
0.003257 0.003380
0.003256 0.004543
0.003254 0.004716
0.003252 0.003414
0.003248 0.003604
0.003248 0.003478
0.003246 0.006803
0.003246 0.003985
0.003246 0.004787
0.003244 0.005218
0.003241 0.005620
0.003241 0.003614
0.003239 0.003550
0.003238 0.003866
0.003237 0.003535
0.003233 0.006080
0.003233 0.003325
0.003232 0.003383
0.003230 0.003614
0.003228 0.003526
0.003227 0.004288
0.003226 0.003839
0.003224 0.003482
0.003220 0.004207
0.003220 0.003584
0.003218 0.003609
0.003218 0.003663
0.003217 0.003996
0.003210 0.003533
0.003208 0.003391
0.003207 0.003472
0.003204 0.008689
0.003200 0.005273
0.003199 0.003415
0.003196 0.003878
0.003196 0.004354
0.003193 0.003546
0.003192 0.003615
0.003186 0.006152
0.003182 0.003406
0.003182 0.003227
0.003177 0.003900
0.003175 0.004854
0.003174 0.003229
0.003173 0.004492
0.003172 0.003706
0.003170 0.003491
0.003166 0.003252
0.003163 0.003917
0.003163 0.004785
0.003158 0.003207
0.003155 0.005023
0.003154 0.009443
0.003153 0.003596
0.003149 0.003346
0.003148 0.003715
0.003144 0.003173
0.003144 0.005366
0.003142 0.007666
0.003141 0.003256
0.003140 0.003202
0.003137 0.003308
0.003129 0.003261
0.003127 0.005359
0.003118 0.003464
0.003116 0.004357
0.003114 0.003344
0.003114 0.003283
0.003113 0.004285
0.003112 0.003164
0.003110 0.003475
0.003110 0.003222
0.003109 0.003758
0.003109 0.003475
0.003109 0.003611
0.003104 0.003128
0.003104 0.003385
0.003102 0.004182
0.003097 0.003411
0.003097 0.003731
0.003096 0.003268
0.003096 0.003853
0.003092 0.003202
0.003092 0.005283
0.003091 0.003255
0.003089 0.003486
0.003084 0.003582
0.003083 0.003685
0.003077 0.003659
0.003077 0.003128
0.003075 0.003310
0.003074 0.003466
0.003074 0.004473
0.003073 0.003316
0.003069 0.003399
0.003063 0.003445
0.003058 0.003247
0.003056 0.003069
0.003054 0.003068
0.003053 0.003697
0.003047 0.003553
0.003046 0.003265
0.003046 0.003917
0.003046 0.003082
0.003045 0.005241
0.003045 0.005951
0.003045 0.007582
0.003044 0.004089
0.003039 0.003228
0.003031 0.004065
0.003029 0.003360
0.003027 0.003810
0.003026 0.004338
0.003026 0.003167
0.003022 0.003376
0.003019 0.003907
0.003019 0.003099
0.003014 0.004953
0.003010 0.003390
0.003009 0.003410
0.003007 0.003399
0.003007 0.004078
0.003004 0.004075
0.003001 0.004377
0.002999 0.003385
0.002996 0.003011
0.002993 0.003605
0.002993 0.004209
0.002993 0.003090
0.002989 0.005281
0.002984 0.003194
0.002981 0.003585
0.002978 0.003459
0.002978 0.003039
0.002977 0.003557
0.002975 0.003102
0.002974 0.003191
0.002974 0.003165
0.002967 0.003456
0.002964 0.003567
0.002960 0.004539
0.002958 0.004148
0.002956 0.003095
0.002952 0.005675
0.002951 0.004903
0.002950 0.003021
0.002949 0.003510
0.002947 0.005996
0.002947 0.004004
0.002945 0.005490
0.002935 0.005683
0.002932 0.002976
0.002932 0.005919
0.002929 0.002967
0.002928 0.003544
0.002924 0.005012
0.002924 0.004237
0.002920 0.003052
0.002913 0.004156
0.002899 0.002997
0.002897 0.006530
0.002897 0.003298
0.002895 0.006177
0.002885 0.003137
0.002884 0.002948
0.002883 0.002985
0.002879 0.003119
0.002872 0.002927
0.002863 0.003907
0.002862 0.002895
0.002857 0.003058
0.002857 0.003293
0.002855 0.002957
0.002854 0.003091
0.002853 0.003505
0.002849 0.003040
0.002846 0.003418
0.002845 0.004542
0.002840 0.003612
0.002837 0.002998
0.002837 0.002993
0.002836 0.002982
0.002827 0.002843
0.002819 0.003383
0.002818 0.003564
0.002816 0.003245
0.002814 0.003645
0.002810 0.004084
0.002801 0.003051
0.002800 0.003046
0.002800 0.002830
0.002795 0.002854
0.002792 0.007286
0.002790 0.003785
0.002790 0.002851
0.002787 0.003000
0.002787 0.006234
0.002786 0.003472
0.002783 0.003406
0.002783 0.002929
0.002779 0.003649
0.002779 0.005139
0.002778 0.003363
0.002778 0.003700
0.002777 0.002902
0.002776 0.004121
0.002775 0.006762
0.002769 0.002998
0.002768 0.003094
0.002765 0.003059
0.002764 0.003269
0.002761 0.003148
0.002759 0.003107
0.002757 0.005170
0.002756 0.003581
0.002748 0.003637
0.002745 0.003338
0.002744 0.005073
0.002742 0.004617
0.002738 0.002849
0.002736 0.002904
0.002728 0.003871
0.002726 0.002990
0.002725 0.002931
0.002722 0.003506
0.002722 0.003308
0.002722 0.002911
0.002721 0.003284
0.002720 0.003180
0.002719 0.003112
0.002718 0.002851
0.002716 0.002995
0.002703 0.004504
0.002701 0.002894
0.002699 0.003231
0.002697 0.007237
0.002695 0.002757
0.002693 0.004481
0.002691 0.003268
0.002689 0.002768
0.002688 0.002720
0.002687 0.002988
0.002685 0.003034
0.002681 0.003426
0.002680 0.002952
0.002675 0.002746
0.002672 0.002913
0.002663 0.002985
0.002658 0.002668
0.002658 0.005240
0.002652 0.002970
0.002639 0.003932
0.002631 0.003780
0.002628 0.002797
0.002628 0.002704
0.002624 0.002911
0.002622 0.003907
0.002622 0.004023
0.002622 0.002878
0.002621 0.002633
0.002621 0.003071
0.002617 0.002747
0.002617 0.002687
0.002615 0.002873
0.002600 0.006044
0.002599 0.003434
0.002599 0.002850
0.002598 0.002694
0.002590 0.002998
0.002589 0.002891
0.002586 0.006224
0.002579 0.003125
0.002573 0.003013
0.002569 0.003376
0.002569 0.002608
0.002567 0.003859
0.002565 0.002910
0.002554 0.002940
0.002545 0.002804
0.002538 0.003640
0.002531 0.002937
0.002531 0.003684
0.002529 0.003413
0.002526 0.004471
0.002526 0.003281
0.002515 0.002687
0.002514 0.002541
0.002509 0.003603
0.002507 0.004416
0.002503 0.004617
0.002499 0.002903
0.002499 0.002524
0.002498 0.002531
0.002498 0.002743
0.002493 0.002843
0.002492 0.002602
0.002489 0.003221
0.002487 0.005403
0.002484 0.002586
0.002482 0.002556
0.002481 0.002905
0.002477 0.003117
0.002476 0.002870
0.002472 0.002532
0.002465 0.002807
0.002463 0.002542
0.002461 0.002569
0.002455 0.002936
0.002454 0.002878
0.002452 0.002914
0.002449 0.002734
0.002442 0.002689
0.002441 0.002783
0.002436 0.002581
0.002433 0.002505
0.002432 0.002713
0.002432 0.002436
0.002430 0.003648
0.002430 0.002814
0.002430 0.002442
0.002427 0.002525
0.002425 0.004021
0.002423 0.004245
0.002412 0.002418
0.002409 0.002739
0.002403 0.003244
0.002400 0.002688
0.002397 0.004487
0.002396 0.002592
0.002395 0.002669
0.002392 0.002572
0.002389 0.002452
0.002389 0.002788
0.002379 0.002747
0.002378 0.002522
0.002377 0.002543
0.002362 0.003625
0.002337 0.003647
0.002334 0.002803
0.002331 0.002735
0.002323 0.002513
0.002320 0.002996
0.002308 0.004080
0.002301 0.002325
0.002300 0.002799
0.002294 0.002565
0.002288 0.002834
0.002280 0.002846
0.002278 0.002373
0.002271 0.002512
0.002259 0.002278
0.002253 0.002462
0.002249 0.002281
0.002247 0.003082
0.002244 0.002248
0.002240 0.002613
0.002239 0.002289
0.002232 0.002811
0.002231 0.002269
0.002230 0.002324
0.002228 0.002245
0.002227 0.002663
0.002216 0.002810
0.002210 0.002504
0.002210 0.002456
0.002208 0.002407
0.002206 0.002240
0.002198 0.002217
0.002194 0.002481
0.002193 0.002970
0.002189 0.002249
0.002175 0.002233
0.002173 0.002660
0.002171 0.002185
0.002169 0.003030
0.002163 0.002522
0.002163 0.002245
0.002160 0.002256
0.002136 0.002397
0.002132 0.002772
0.002122 0.002699
0.002121 0.002294
0.002119 0.002139
0.002118 0.002302
0.002118 0.002123
0.002115 0.002187
0.002104 0.002562
0.002101 0.002221
0.002099 0.002338
0.002096 0.002156
0.002087 0.002161
0.002086 0.002415
0.002077 0.002186
0.002069 0.002573
0.002056 0.002429
0.002050 0.002609
0.002048 0.002193
0.002032 0.002064
0.002030 0.002089
0.002023 0.002395
0.002021 0.002337
0.002015 0.002376
0.002012 0.002091
0.002007 0.002249
0.001991 0.002685
0.001989 0.002287
0.001977 0.002583
0.001953 0.002013
0.001945 0.001993
0.001945 0.002230
0.001936 0.002305
0.001933 0.002407
0.001929 0.002024
0.001920 0.002017
0.001912 0.002192
0.001907 0.001929
0.001905 0.002315
0.001896 0.002430
0.001883 0.002052
0.001878 0.002142
0.001857 0.002478
0.001847 0.002072
0.001846 0.002040
0.001836 0.002078
0.001823 0.001920
0.001811 0.001895
0.001806 0.002025
0.001806 0.002129
0.001794 0.001927
0.001778 0.001964
0.001766 0.002007
0.001764 0.001933
0.001759 0.001816
0.001757 0.001900
0.001755 0.001808
0.001754 0.001942
0.001754 0.001954
0.001753 0.001851
0.001751 0.001774
0.001748 0.001890
0.001745 0.001770
0.001745 0.001828
0.001742 0.001918
0.001739 0.001808
0.001739 0.002079
0.001739 0.001795
0.001739 0.001945
0.001738 0.001912
0.001738 0.001965
0.001724 0.002244
0.001710 0.001988
0.001703 0.001716
0.001693 0.001878
0.001621 0.002050
0.001594 0.001847
0.001575 0.001857
0.001556 0.001589
0.001552 0.001596
0.001550 0.001978
0.001546 0.001618
0.001545 0.001622
0.001533 0.001562
0.001508 0.001583
0.001500 0.001567
0.001452 0.002067
0.001445 0.001682
0.001401 0.001704
0.001360 0.001798
0.001344 0.001369
0.001309 0.001740
0.001292 0.001363
0.001258 0.001437
0.001213 0.001353
0.001107 0.001403
0.000977 0.001041
0.000867 0.000878
