0.148295 0.152610
0.127239 0.139149
0.125969 0.191885
0.099212 0.131243
0.086977 0.087204
0.080352 0.129178
0.078204 0.087135
0.073190 0.074235
0.069598 0.074301
0.068499 0.076291
0.065566 0.078191
0.065301 0.067478
0.064997 0.069018
0.063947 0.070304
0.060996 0.063221
0.058441 0.063741
0.056481 0.073795
0.056111 0.068256
0.055909 0.063444
0.055590 0.057032
0.054605 0.085778
0.054511 0.070638
0.051809 0.057216
0.049323 0.050063
0.048727 0.052306
0.047788 0.051286
0.046292 0.051945
0.046169 0.046417
0.045645 0.046305
0.045620 0.048780
0.044253 0.049488
0.044155 0.048458
0.042768 0.043151
0.041941 0.055511
0.041885 0.045231
0.040899 0.043243
0.040805 0.041778
0.040480 0.049916
0.039871 0.049278
0.039608 0.048475
0.039589 0.040812
0.039512 0.046970
0.039506 0.049906
0.039200 0.040502
0.039022 0.043009
0.038045 0.042130
0.038025 0.040894
0.037895 0.040183
0.037817 0.037995
0.037494 0.054491
0.037439 0.045380
0.037393 0.039360
0.036954 0.036987
0.036935 0.037094
0.036182 0.036550
0.036045 0.038567
0.035732 0.040884
0.035577 0.060451
0.034389 0.036521
0.034187 0.035699
0.034170 0.034337
0.034115 0.035106
0.034029 0.035453
0.033790 0.053660
0.033750 0.033906
0.033716 0.050006
0.033621 0.034654
0.033485 0.040631
0.033275 0.050622
0.033179 0.035126
0.033146 0.035932
0.032605 0.036848
0.032180 0.034257
0.032092 0.042215
0.032086 0.040148
0.032035 0.033462
0.032024 0.036804
0.031908 0.047190
0.031772 0.043662
0.031677 0.037602
0.031338 0.033529
0.030942 0.033412
0.030567 0.033294
0.030241 0.037302
0.030236 0.037070
0.030210 0.037595
0.029767 0.030946
0.029450 0.031667
0.029449 0.037429
0.029308 0.032555
0.029059 0.030256
0.028986 0.029863
0.028721 0.043522
0.028436 0.037423
0.028392 0.029265
0.028230 0.032028
0.028188 0.046627
0.027997 0.031211
0.027943 0.034879
0.027918 0.041687
0.027709 0.032957
0.027496 0.029849
0.027476 0.036934
0.027458 0.028328
0.027449 0.028758
0.027449 0.032375
0.027332 0.036976
0.027270 0.029534
0.027230 0.034425
0.027204 0.027557
0.027111 0.032842
0.027085 0.037594
0.027084 0.034644
0.026997 0.037594
0.026937 0.029833
0.026859 0.028234
0.026715 0.030578
0.026713 0.028606
0.026665 0.028233
0.026424 0.026505
0.026417 0.032158
0.026412 0.030167
0.026294 0.031757
0.026230 0.039342
0.026205 0.028355
0.026187 0.029336
0.026131 0.032093
0.026091 0.029212
0.025973 0.031325
0.025929 0.029474
0.025700 0.027035
0.025679 0.031477
0.025517 0.045211
0.025297 0.045358
0.025217 0.025498
0.025174 0.028341
0.024867 0.025528
0.024691 0.028261
0.024625 0.026055
0.024566 0.028106
0.024562 0.027481
0.024525 0.034079
0.024495 0.029306
0.024467 0.025070
0.024432 0.027731
0.024355 0.024496
0.024317 0.024347
0.024273 0.024408
0.024269 0.029298
0.024233 0.036777
0.024118 0.030345
0.024094 0.026914
0.023864 0.025246
0.023793 0.028884
0.023755 0.040583
0.023742 0.026701
0.023684 0.024332
0.023676 0.029941
0.023658 0.025696
0.023642 0.028505
0.023586 0.025118
0.023544 0.023603
0.023333 0.023533
0.023283 0.026446
0.023177 0.025354
0.023141 0.029816
0.023039 0.023913
0.023018 0.024155
0.022983 0.024637
0.022974 0.023169
0.022973 0.038397
0.022884 0.027884
0.022735 0.038659
0.022704 0.031077
0.022680 0.026092
0.022675 0.028868
0.022646 0.025298
0.022522 0.026694
0.022412 0.029500
0.022380 0.026999
0.022236 0.024132
0.022208 0.025634
0.022145 0.025897
0.022118 0.025383
0.022059 0.026666
0.021988 0.023493
0.021977 0.026455
0.021862 0.023805
0.021860 0.026717
0.021816 0.026516
0.021612 0.025462
0.021607 0.026270
0.021590 0.025035
0.021456 0.024084
0.021362 0.023313
0.021298 0.025542
0.021171 0.022711
0.020976 0.030268
0.020971 0.022238
0.020942 0.022737
0.020911 0.021756
0.020903 0.024601
0.020842 0.022696
0.020832 0.022371
0.020787 0.030654
0.020785 0.026381
0.020757 0.024338
0.020664 0.026921
0.020635 0.024610
0.020633 0.023283
0.020452 0.033367
0.020433 0.020594
0.020414 0.021471
0.020393 0.020417
0.020356 0.027747
0.020335 0.021775
0.020312 0.021889
0.020162 0.026505
0.020157 0.038927
0.020128 0.020773
0.020064 0.022700
0.020036 0.023412
0.019963 0.022174
0.019960 0.027330
0.019953 0.030470
0.019922 0.025312
0.019904 0.036159
0.019854 0.022328
0.019821 0.021540
0.019799 0.021133
0.019771 0.022662
0.019749 0.021901
0.019705 0.019769
0.019654 0.021247
0.019629 0.029237
0.019584 0.027243
0.019528 0.027112
0.019489 0.019604
0.019303 0.020112
0.019292 0.020129
0.019282 0.025487
0.019225 0.019778
0.019036 0.025226
0.018933 0.020480
0.018898 0.020857
0.018871 0.020884
0.018840 0.019713
0.018835 0.019101
0.018809 0.022463
0.018728 0.021858
0.018663 0.029383
0.018614 0.026220
0.018593 0.018883
0.018589 0.022831
0.018583 0.020028
0.018477 0.018524
0.018460 0.031172
0.018421 0.019388
0.018418 0.019105
0.018399 0.022813
0.018393 0.018567
0.018365 0.018565
0.018356 0.020474
0.018320 0.018503
0.018315 0.040272
0.018307 0.026985
0.018304 0.021928
0.018260 0.028186
0.018258 0.021878
0.018213 0.023123
0.018207 0.019352
0.018190 0.034068
0.018187 0.019307
0.018178 0.034927
0.018160 0.035293
0.018113 0.027390
0.018069 0.018411
0.018054 0.019241
0.018011 0.031771
0.017986 0.027940
0.017957 0.018754
0.017944 0.018087
0.017941 0.028860
0.017935 0.021069
0.017849 0.019122
0.017817 0.019620
0.017671 0.017890
0.017652 0.022898
0.017636 0.040766
0.017614 0.022243
0.017612 0.018236
0.017583 0.021212
0.017582 0.022312
0.017560 0.033152
0.017534 0.020049
0.017529 0.018370
0.017499 0.022856
0.017472 0.032842
0.017349 0.017723
0.017337 0.018585
0.017302 0.018087
0.017286 0.022345
0.017259 0.017490
0.017254 0.018420
0.017237 0.023609
0.017116 0.028084
0.017107 0.020211
0.017087 0.017761
0.017068 0.019948
0.017057 0.018595
0.017053 0.017382
0.016904 0.017430
0.016859 0.017615
0.016858 0.017004
0.016812 0.020009
0.016809 0.020261
0.016806 0.017259
0.016792 0.018260
0.016792 0.018111
0.016780 0.020624
0.016707 0.018000
0.016696 0.017432
0.016668 0.023571
0.016666 0.016879
0.016655 0.016832
0.016652 0.033881
0.016629 0.018551
0.016617 0.022361
0.016615 0.021941
0.016589 0.019131
0.016563 0.029285
0.016559 0.023662
0.016558 0.016881
0.016518 0.022216
0.016514 0.034965
0.016453 0.028329
0.016400 0.016764
0.016364 0.017014
0.016359 0.019285
0.016343 0.020170
0.016336 0.023643
0.016317 0.019408
0.016304 0.022997
0.016301 0.029196
0.016269 0.025374
0.016175 0.028792
0.016153 0.016667
0.016143 0.022250
0.016132 0.017312
0.016097 0.019065
0.016088 0.017849
0.016067 0.017421
0.016019 0.018093
0.016011 0.018655
0.015995 0.018542
0.015968 0.016151
0.015964 0.019967
0.015958 0.016853
0.015952 0.016504
0.015951 0.017525
0.015940 0.022051
0.015907 0.016501
0.015880 0.019649
0.015877 0.019291
0.015825 0.017331
0.015811 0.024923
0.015766 0.016691
0.015762 0.017213
0.015747 0.017453
0.015719 0.021613
0.015716 0.015888
0.015715 0.016568
0.015674 0.016983
0.015654 0.020245
0.015577 0.019551
0.015571 0.016543
0.015552 0.020341
0.015534 0.015606
0.015482 0.021618
0.015463 0.029026
0.015436 0.027702
0.015417 0.018762
0.015402 0.019982
0.015395 0.016025
0.015372 0.019365
0.015369 0.030115
0.015363 0.015679
0.015274 0.015720
0.015266 0.016768
0.015250 0.020269
0.015222 0.025541
0.015170 0.023915
0.015167 0.017665
0.015146 0.020255
0.015099 0.032510
0.015082 0.016170
0.015081 0.015140
0.015073 0.016529
0.015052 0.025078
0.015020 0.017802
0.015020 0.016344
0.015006 0.016421
0.014959 0.016795
0.014946 0.017153
0.014930 0.017227
0.014929 0.019336
0.014925 0.027238
0.014923 0.016898
0.014878 0.014994
0.014864 0.022882
0.014829 0.017272
0.014796 0.019188
0.014789 0.017740
0.014770 0.018157
0.014741 0.014961
0.014720 0.016539
0.014691 0.016762
0.014678 0.017572
0.014646 0.021810
0.014643 0.015049
0.014613 0.017462
0.014610 0.017357
0.014584 0.021652
0.014571 0.016029
0.014533 0.015285
0.014509 0.014874
0.014503 0.016819
0.014503 0.016713
0.014468 0.019875
0.014463 0.020988
0.014447 0.025134
0.014445 0.027334
0.014440 0.014451
0.014404 0.015315
0.014391 0.023900
0.014377 0.015423
0.014345 0.014754
0.014309 0.021348
0.014301 0.016966
0.014299 0.014300
0.014294 0.016471
0.014280 0.016948
0.014254 0.016597
0.014249 0.016201
0.014240 0.014356
0.014240 0.015577
0.014239 0.018443
0.014184 0.019656
0.014139 0.019313
0.014111 0.014552
0.014106 0.014282
0.014098 0.030670
0.014046 0.017235
0.014037 0.014157
0.014036 0.014288
0.014036 0.023503
0.014033 0.016917
0.014017 0.024516
0.014013 0.015443
0.014000 0.016755
0.013987 0.018898
0.013964 0.014360
0.013923 0.014097
0.013871 0.013912
0.013870 0.016970
0.013840 0.014038
0.013832 0.016528
0.013803 0.013820
0.013790 0.017215
0.013760 0.014871
0.013750 0.014275
0.013743 0.014730
0.013736 0.018893
0.013716 0.015853
0.013715 0.029312
0.013711 0.014692
0.013693 0.014893
0.013684 0.014793
0.013644 0.014451
0.013635 0.025174
0.013607 0.015946
0.013597 0.017567
0.013560 0.013653
0.013537 0.014189
0.013529 0.013958
0.013524 0.013780
0.013524 0.017580
0.013522 0.013891
0.013510 0.021788
0.013493 0.018433
0.013484 0.013574
0.013483 0.017657
0.013482 0.014113
0.013432 0.014858
0.013430 0.016222
0.013427 0.013832
0.013422 0.016172
0.013372 0.014907
0.013363 0.027596
0.013361 0.015984
0.013360 0.017710
0.013338 0.031753
0.013322 0.013902
0.013317 0.016627
0.013302 0.013908
0.013279 0.021655
0.013273 0.013448
0.013270 0.020881
0.013247 0.015638
0.013218 0.014331
0.013201 0.017365
0.013194 0.025118
0.013178 0.013449
0.013175 0.016031
0.013173 0.014883
0.013164 0.014569
0.013148 0.016569
0.013117 0.014283
0.013115 0.015626
0.013103 0.016825
0.013096 0.018553
0.013092 0.013772
0.013074 0.015028
0.013043 0.015616
0.013039 0.018380
0.013038 0.015091
0.012987 0.013085
0.012982 0.017821
0.012960 0.013984
0.012957 0.028602
0.012941 0.019707
0.012930 0.015491
0.012915 0.021534
0.012914 0.015112
0.012913 0.015110
0.012911 0.016202
0.012860 0.015227
0.012846 0.014799
0.012821 0.012954
0.012819 0.015413
0.012791 0.017660
0.012775 0.015895
0.012774 0.018396
0.012766 0.020965
0.012758 0.016915
0.012744 0.012910
0.012719 0.014091
0.012702 0.015374
0.012678 0.019286
0.012633 0.016733
0.012626 0.014646
0.012621 0.012857
0.012598 0.014045
0.012560 0.017396
0.012550 0.015195
0.012534 0.022861
0.012525 0.016331
0.012519 0.013782
0.012514 0.012859
0.012508 0.015651
0.012493 0.012744
0.012481 0.014972
0.012471 0.014333
0.012454 0.014408
0.012454 0.013932
0.012454 0.016197
0.012447 0.014379
0.012414 0.013689
0.012389 0.017298
0.012388 0.015632
0.012354 0.018702
0.012353 0.013981
0.012324 0.014889
0.012322 0.013133
0.012308 0.022947
0.012291 0.013262
0.012278 0.024229
0.012249 0.012995
0.012218 0.013226
0.012217 0.018830
0.012210 0.016540
0.012176 0.012858
0.012171 0.013286
0.012171 0.019474
0.012140 0.016931
0.012133 0.013557
0.012133 0.013798
0.012131 0.013647
0.012129 0.015018
0.012124 0.013271
0.012123 0.015408
0.012079 0.019982
0.012036 0.013764
0.012024 0.012725
0.012007 0.013854
0.011965 0.018867
0.011922 0.011978
0.011889 0.019906
0.011863 0.013027
0.011835 0.021916
0.011835 0.013366
0.011832 0.012162
0.011815 0.015763
0.011805 0.014078
0.011790 0.015884
0.011788 0.011797
0.011769 0.014215
0.011755 0.012002
0.011749 0.012699
0.011730 0.014196
0.011724 0.016029
0.011714 0.025031
0.011696 0.012901
0.011687 0.014923
0.011667 0.014626
0.011647 0.012878
0.011625 0.012013
0.011606 0.013205
0.011583 0.020282
0.011575 0.013395
0.011553 0.012737
0.011534 0.012578
0.011506 0.020339
0.011497 0.012382
0.011490 0.015152
0.011470 0.014821
0.011445 0.012038
0.011432 0.017576
0.011417 0.013248
0.011405 0.016116
0.011403 0.014256
0.011334 0.017499
0.011329 0.020282
0.011324 0.019335
0.011322 0.014371
0.011292 0.011531
0.011271 0.013864
0.011268 0.011350
0.011250 0.011573
0.011239 0.011936
0.011239 0.016686
0.011234 0.021891
0.011232 0.011983
0.011199 0.011528
0.011181 0.011622
0.011174 0.011532
0.011147 0.011768
0.011130 0.011308
0.011128 0.011549
0.011110 0.014630
0.011095 0.011502
0.011092 0.013651
0.011091 0.011251
0.011082 0.012365
0.011050 0.016400
0.011048 0.012621
0.011023 0.011315
0.011014 0.018153
0.011009 0.011454
0.010985 0.011464
0.010976 0.021477
0.010952 0.011608
0.010934 0.011204
0.010916 0.011672
0.010911 0.020195
0.010909 0.012468
0.010903 0.012431
0.010870 0.014204
0.010857 0.016561
0.010842 0.011599
0.010799 0.012182
0.010792 0.020549
0.010751 0.011983
0.010745 0.013104
0.010719 0.025189
0.010702 0.016135
0.010689 0.022885
0.010687 0.011871
0.010686 0.011373
0.010659 0.016095
0.010631 0.012620
0.010629 0.011049
0.010614 0.013745
0.010600 0.014705
0.010580 0.015376
0.010578 0.011314
0.010550 0.012671
0.010542 0.018691
0.010542 0.017094
0.010487 0.010840
0.010420 0.010625
0.010410 0.011130
0.010394 0.012917
0.010373 0.010543
0.010348 0.012361
0.010347 0.011053
0.010257 0.013949
0.010257 0.012929
0.010245 0.015711
0.010214 0.012524
0.010193 0.013388
0.010190 0.014957
0.010183 0.011055
0.010163 0.013115
0.010153 0.010451
0.010142 0.010739
0.010136 0.010381
0.010114 0.013364
0.010089 0.011234
0.010081 0.011523
0.010065 0.012399
0.010024 0.015238
0.010021 0.018816
0.009972 0.015166
0.009960 0.012054
0.009943 0.013025
0.009941 0.012232
0.009916 0.009917
0.009912 0.012775
0.009898 0.010260
0.009885 0.010205
0.009867 0.010993
0.009835 0.010904
0.009805 0.010021
0.009779 0.009786
0.009760 0.014984
0.009741 0.011646
0.009721 0.010668
0.009717 0.009749
0.009665 0.011789
0.009665 0.010039
0.009650 0.011950
0.009634 0.012415
0.009624 0.010869
0.009623 0.010229
0.009613 0.009993
0.009604 0.010321
0.009555 0.009676
0.009534 0.010002
0.009533 0.011315
0.009520 0.009720
0.009514 0.011904
0.009504 0.009894
0.009482 0.016505
0.009479 0.019588
0.009470 0.012730
0.009464 0.010643
0.009441 0.010778
0.009387 0.009413
0.009382 0.009751
0.009359 0.012360
0.009350 0.010007
0.009340 0.009631
0.009311 0.014409
0.009306 0.015157
0.009305 0.017173
0.009272 0.010066
0.009210 0.009235
0.009199 0.009708
0.009187 0.010395
0.009142 0.010054
0.009109 0.010154
0.009107 0.011394
0.009087 0.009460
0.009079 0.009914
0.009069 0.009314
0.009067 0.010684
0.009065 0.009068
0.009065 0.009458
0.009054 0.009944
0.009053 0.009979
0.009044 0.017003
0.009033 0.009398
0.008992 0.012061
0.008963 0.011418
0.008951 0.010106
0.008948 0.015726
0.008927 0.010282
0.008916 0.014192
0.008912 0.009330
0.008898 0.008994
0.008875 0.013789
0.008868 0.009828
0.008859 0.009428
0.008857 0.010348
0.008849 0.010518
0.008832 0.009136
0.008831 0.010358
0.008814 0.009543
0.008806 0.009111
0.008802 0.009813
0.008792 0.008938
0.008772 0.011646
0.008727 0.009360
0.008725 0.009814
0.008717 0.008740
0.008689 0.010208
0.008682 0.010223
0.008663 0.009091
0.008649 0.008709
0.008639 0.009669
0.008602 0.011419
0.008602 0.010019
0.008584 0.011559
0.008583 0.009025
0.008579 0.008876
0.008562 0.008601
0.008559 0.011201
0.008559 0.008731
0.008557 0.008779
0.008553 0.008830
0.008535 0.011566
0.008524 0.009718
0.008522 0.016202
0.008505 0.008921
0.008503 0.009075
0.008498 0.009166
0.008494 0.008564
0.008487 0.011318
0.008476 0.009949
0.008449 0.008805
0.008424 0.014447
0.008408 0.008446
0.008400 0.010452
0.008395 0.009612
0.008392 0.009166
0.008335 0.014664
0.008333 0.009370
0.008332 0.013521
0.008316 0.008607
0.008308 0.009998
0.008302 0.008535
0.008217 0.008793
0.008141 0.010908
0.008088 0.008477
0.008079 0.008088
0.008066 0.009743
0.008065 0.008377
0.008026 0.008683
0.008022 0.009141
0.008003 0.010192
0.007999 0.009390
0.007999 0.008708
0.007967 0.013171
0.007962 0.009975
0.007956 0.008015
0.007951 0.008845
0.007950 0.010015
0.007943 0.008128
0.007912 0.010731
0.007911 0.008799
0.007897 0.013367
0.007890 0.009058
0.007879 0.010494
0.007875 0.013138
0.007863 0.009162
0.007851 0.009030
0.007812 0.008431
0.007809 0.013965
0.007787 0.009350
0.007760 0.007800
0.007752 0.008571
0.007744 0.012026
0.007730 0.009267
0.007725 0.008416
0.007718 0.007979
0.007708 0.010733
0.007693 0.009477
0.007672 0.007937
0.007668 0.018132
0.007664 0.010610
0.007657 0.009024
0.007652 0.009013
0.007650 0.007713
0.007642 0.009132
0.007634 0.007943
0.007631 0.011411
0.007628 0.008143
0.007603 0.013107
0.007558 0.008420
0.007539 0.008154
0.007529 0.009571
0.007515 0.009467
0.007513 0.008991
0.007511 0.008098
0.007509 0.008793
0.007504 0.008982
0.007502 0.015409
0.007497 0.008064
0.007437 0.008164
0.007435 0.011437
0.007426 0.008241
0.007421 0.008447
0.007411 0.007926
0.007408 0.009214
0.007389 0.007659
0.007377 0.007850
0.007350 0.008883
0.007345 0.007815
0.007334 0.007873
0.007328 0.009216
0.007316 0.008276
0.007313 0.011800
0.007297 0.008344
0.007286 0.008851
0.007286 0.007901
0.007281 0.008226
0.007269 0.008378
0.007267 0.008307
0.007262 0.008004
0.007250 0.008465
0.007250 0.012024
0.007241 0.010260
0.007241 0.007706
0.007238 0.008196
0.007228 0.008018
0.007205 0.008065
0.007181 0.007684
0.007174 0.008485
0.007169 0.010148
0.007167 0.008162
0.007128 0.007204
0.007120 0.008414
0.007106 0.008215
0.007098 0.007728
0.007088 0.008967
0.007085 0.009635
0.007077 0.010214
0.007073 0.008921
0.007067 0.014427
0.007041 0.007052
0.007020 0.007085
0.007012 0.008190
0.006998 0.008766
0.006962 0.007978
0.006928 0.010356
0.006902 0.008825
0.006898 0.008682
0.006893 0.008207
0.006881 0.008674
0.006862 0.009272
0.006845 0.006860
0.006838 0.007643
0.006837 0.006887
0.006834 0.008066
0.006814 0.010968
0.006808 0.007215
0.006771 0.007166
0.006759 0.006903
0.006741 0.009573
0.006735 0.010858
0.006729 0.006848
0.006724 0.007140
0.006676 0.008181
0.006672 0.006861
0.006670 0.009326
0.006669 0.011884
0.006665 0.006923
0.006658 0.008082
0.006649 0.007801
0.006649 0.010481
0.006648 0.010265
0.006647 0.008567
0.006646 0.008892
0.006624 0.006657
0.006621 0.011210
0.006619 0.006713
0.006613 0.009557
0.006607 0.006884
0.006596 0.009236
0.006584 0.010278
0.006557 0.012765
0.006534 0.009333
0.006510 0.010035
0.006503 0.006690
0.006502 0.006912
0.006498 0.006634
0.006491 0.008838
0.006488 0.007140
0.006486 0.006874
0.006453 0.006816
0.006441 0.011337
0.006441 0.006480
0.006423 0.006625
0.006422 0.006692
0.006416 0.008419
0.006411 0.007179
0.006392 0.006770
0.006388 0.008270
0.006351 0.008198
0.006350 0.006655
0.006349 0.006766
0.006301 0.007152
0.006298 0.007598
0.006281 0.010589
0.006270 0.006512
0.006266 0.006281
0.006264 0.006306
0.006239 0.006852
0.006239 0.006734
0.006226 0.006700
0.006223 0.006722
0.006219 0.006937
0.006188 0.009119
0.006177 0.006218
0.006154 0.006212
0.006151 0.008422
0.006141 0.007130
0.006128 0.011056
0.006126 0.007529
0.006119 0.006659
0.006116 0.007598
0.006095 0.007061
0.006089 0.007386
0.006083 0.008539
0.006080 0.006212
0.006075 0.007051
0.006070 0.010842
0.006057 0.007780
0.006040 0.009079
0.006034 0.006103
0.006027 0.009031
0.006025 0.007377
0.006024 0.006383
0.006014 0.006502
0.006005 0.006044
0.005991 0.007658
0.005975 0.006178
0.005971 0.008634
0.005963 0.007611
0.005958 0.006943
0.005957 0.008569
0.005954 0.008004
0.005925 0.006327
0.005904 0.006646
0.005897 0.010932
0.005887 0.006207
0.005880 0.008385
0.005879 0.007038
0.005872 0.006621
0.005861 0.007913
0.005861 0.007281
0.005839 0.006393
0.005813 0.005898
0.005810 0.006226
0.005798 0.010267
0.005776 0.006004
0.005774 0.005923
0.005767 0.008137
0.005764 0.007384
0.005763 0.006009
0.005761 0.006036
0.005756 0.005764
0.005756 0.005893
0.005737 0.008872
0.005734 0.007697
0.005728 0.006011
0.005702 0.006968
0.005696 0.009905
0.005696 0.005710
0.005693 0.006522
0.005691 0.006252
0.005681 0.005761
0.005673 0.007859
0.005671 0.008514
0.005664 0.005711
0.005654 0.009134
0.005648 0.007415
0.005643 0.005853
0.005642 0.006692
0.005639 0.006413
0.005630 0.013628
0.005608 0.007081
0.005605 0.005948
0.005593 0.006247
0.005566 0.005688
0.005566 0.006021
0.005550 0.011171
0.005550 0.005579
0.005537 0.006603
0.005529 0.006049
0.005519 0.010564
0.005519 0.006727
0.005511 0.005528
0.005497 0.011031
0.005491 0.006163
0.005462 0.006009
0.005457 0.006005
0.005446 0.006886
0.005444 0.005861
0.005433 0.007473
0.005417 0.007163
0.005410 0.006312
0.005392 0.007241
0.005391 0.008864
0.005387 0.005991
0.005376 0.005842
0.005372 0.007059
0.005371 0.005942
0.005371 0.006351
0.005371 0.009834
0.005364 0.005394
0.005361 0.006644
0.005358 0.005547
0.005354 0.005677
0.005352 0.006474
0.005345 0.005595
0.005336 0.005743
0.005333 0.006244
0.005332 0.005837
0.005331 0.010487
0.005320 0.009213
0.005319 0.006814
0.005304 0.007052
0.005299 0.005714
0.005269 0.005936
0.005252 0.007836
0.005242 0.012239
0.005221 0.006129
0.005218 0.005225
0.005218 0.005799
0.005215 0.007454
0.005204 0.005419
0.005189 0.005676
0.005183 0.005408
0.005181 0.009043
0.005143 0.006950
0.005134 0.005727
0.005127 0.005568
0.005123 0.005129
0.005117 0.006238
0.005095 0.006592
0.005093 0.006158
0.005092 0.007932
0.005087 0.005250
0.005074 0.005664
0.005065 0.006101
0.005065 0.008281
0.005061 0.007986
0.005051 0.005578
0.005036 0.005285
0.005035 0.005275
0.005034 0.005677
0.005024 0.006366
0.005019 0.005076
0.005015 0.005434
0.004995 0.006484
0.004991 0.005373
0.004990 0.007094
0.004986 0.005093
0.004975 0.005192
0.004963 0.006371
0.004944 0.004949
0.004943 0.008133
0.004920 0.009726
0.004907 0.005112
0.004904 0.006543
0.004902 0.005168
0.004891 0.005073
0.004881 0.005316
0.004868 0.005365
0.004860 0.005121
0.004856 0.005780
0.004851 0.009348
0.004849 0.005205
0.004846 0.007066
0.004839 0.005708
0.004839 0.005051
0.004833 0.006048
0.004832 0.005535
0.004829 0.005117
0.004806 0.005961
0.004806 0.007703
0.004805 0.006145
0.004803 0.005062
0.004794 0.005357
0.004794 0.004813
0.004791 0.004901
0.004791 0.005200
0.004786 0.005293
0.004784 0.004985
0.004779 0.006247
0.004775 0.006271
0.004772 0.004928
0.004769 0.004897
0.004765 0.005840
0.004764 0.005379
0.004762 0.004880
0.004756 0.005337
0.004755 0.005873
0.004754 0.005078
0.004733 0.006002
0.004728 0.005653
0.004719 0.004720
0.004700 0.005279
0.004689 0.005606
0.004679 0.005922
0.004678 0.006005
0.004671 0.005857
0.004670 0.008899
0.004641 0.006247
0.004626 0.005382
0.004624 0.005294
0.004618 0.005114
0.004617 0.005201
0.004609 0.004748
0.004600 0.006359
0.004600 0.004605
0.004596 0.006433
0.004589 0.006350
0.004588 0.005190
0.004575 0.006675
0.004566 0.004643
0.004563 0.005562
0.004557 0.007841
0.004554 0.004599
0.004554 0.004566
0.004531 0.004854
0.004525 0.005427
0.004517 0.006417
0.004512 0.005195
0.004509 0.004518
0.004504 0.007701
0.004481 0.007910
0.004477 0.007141
0.004449 0.007476
0.004446 0.004487
0.004440 0.004936
0.004402 0.006586
0.004389 0.005472
0.004387 0.004827
0.004375 0.004397
0.004371 0.006543
0.004357 0.005394
0.004349 0.006098
0.004344 0.004450
0.004338 0.004801
0.004328 0.005690
0.004327 0.005088
0.004326 0.006757
0.004323 0.005317
0.004323 0.005462
0.004322 0.006375
0.004320 0.005700
0.004307 0.006210
0.004293 0.004834
0.004281 0.004500
0.004280 0.004882
0.004269 0.007581
0.004254 0.004500
0.004248 0.004682
0.004234 0.004361
0.004233 0.004849
0.004231 0.005000
0.004221 0.005720
0.004217 0.004648
0.004209 0.004810
0.004205 0.004831
0.004199 0.007675
0.004177 0.004312
0.004154 0.006140
0.004147 0.004216
0.004137 0.004662
0.004137 0.004138
0.004136 0.004399
0.004135 0.004199
0.004128 0.005909
0.004116 0.007583
0.004116 0.004662
0.004109 0.004763
0.004104 0.004400
0.004103 0.004127
0.004102 0.004108
0.004100 0.005048
0.004096 0.004206
0.004086 0.004968
0.004084 0.007252
0.004082 0.004219
0.004076 0.005011
0.004074 0.004547
0.004070 0.004137
0.004069 0.007799
0.004056 0.005269
0.004038 0.004988
0.004035 0.004657
0.004029 0.004980
0.004026 0.004101
0.004026 0.004849
0.004009 0.004568
0.004001 0.005530
0.003998 0.008086
0.003990 0.005162
0.003988 0.004157
0.003988 0.004737
0.003981 0.005601
0.003978 0.004093
0.003975 0.004806
0.003968 0.004132
0.003967 0.006783
0.003961 0.004076
0.003944 0.005286
0.003942 0.004169
0.003938 0.004667
0.003938 0.004462
0.003916 0.005671
0.003912 0.004577
0.003910 0.005740
0.003903 0.004184
0.003900 0.004549
0.003900 0.003923
0.003893 0.004900
0.003892 0.004100
0.003889 0.004455
0.003887 0.004046
0.003875 0.004093
0.003863 0.004898
0.003861 0.007534
0.003858 0.004788
0.003857 0.004444
0.003852 0.005271
0.003851 0.004434
0.003846 0.006747
0.003835 0.004614
0.003835 0.006137
0.003833 0.004146
0.003825 0.004838
0.003813 0.004327
0.003803 0.008929
0.003801 0.003998
0.003797 0.004335
0.003777 0.005024
0.003767 0.004164
0.003766 0.006320
0.003765 0.003799
0.003758 0.005698
0.003747 0.004269
0.003741 0.004487
0.003732 0.004418
0.003729 0.004091
0.003720 0.004064
0.003713 0.006209
0.003710 0.003735
0.003703 0.003817
0.003702 0.004082
0.003699 0.003949
0.003696 0.003967
0.003691 0.003846
0.003679 0.004140
0.003674 0.004646
0.003674 0.003917
0.003668 0.004173
0.003665 0.003833
0.003664 0.004014
0.003662 0.004590
0.003656 0.004056
0.003649 0.003886
0.003645 0.004401
0.003635 0.004082
0.003624 0.004256
0.003615 0.004611
0.003608 0.003994
0.003608 0.004004
0.003593 0.005481
0.003587 0.003923
0.003577 0.005760
0.003575 0.006163
0.003575 0.003591
0.003547 0.003691
0.003547 0.004756
0.003546 0.005483
0.003543 0.005101
0.003535 0.004121
0.003531 0.003698
0.003526 0.004493
0.003523 0.003536
0.003521 0.003984
0.003518 0.003846
0.003507 0.004689
0.003497 0.006360
0.003496 0.004954
0.003483 0.003534
0.003483 0.004200
0.003480 0.004218
0.003478 0.003781
0.003478 0.003838
0.003475 0.005976
0.003473 0.003683
0.003469 0.003616
0.003465 0.003629
0.003461 0.004038
0.003460 0.003493
0.003459 0.004003
0.003450 0.006547
0.003448 0.004208
0.003447 0.003489
0.003445 0.003802
0.003437 0.004033
0.003432 0.005935
0.003431 0.005366
0.003429 0.006576
0.003427 0.004959
0.003424 0.005860
0.003414 0.003701
0.003409 0.003500
0.003409 0.003427
0.003404 0.003702
0.003401 0.003669
0.003400 0.006747
0.003394 0.003453
0.003389 0.003501
0.003381 0.003402
0.003368 0.005620
0.003366 0.003958
0.003363 0.004121
0.003360 0.003449
0.003360 0.003960
0.003359 0.003393
0.003351 0.003794
0.003339 0.005851
0.003336 0.004949
0.003335 0.003544
0.003323 0.003549
0.003316 0.003367
0.003314 0.003722
0.003311 0.004052
0.003303 0.003375
0.003293 0.003860
0.003292 0.003761
0.003292 0.005075
0.003284 0.005179
0.003271 0.003573
0.003268 0.003271
0.003265 0.003497
0.003257 0.005643
0.003251 0.004026
0.003250 0.003326
0.003246 0.003290
0.003227 0.004354
0.003220 0.003942
0.003219 0.003259
0.003218 0.005322
0.003200 0.004890
0.003199 0.004399
0.003197 0.006105
0.003187 0.005287
0.003184 0.003229
0.003183 0.003487
0.003178 0.003425
0.003164 0.005769
0.003163 0.003314
0.003160 0.003752
0.003146 0.004869
0.003141 0.004163
0.003128 0.004262
0.003126 0.006877
0.003126 0.006249
0.003120 0.004491
0.003111 0.003495
0.003110 0.006857
0.003098 0.003508
0.003097 0.003704
0.003084 0.003154
0.003072 0.003842
0.003065 0.003580
0.003050 0.003651
0.003029 0.004615
0.003023 0.003624
0.003010 0.004540
0.003006 0.003405
0.002982 0.004661
0.002981 0.004120
0.002979 0.004688
0.002976 0.004636
0.002955 0.003152
0.002951 0.004057
0.002948 0.006478
0.002932 0.003069
0.002924 0.004475
0.002915 0.003414
0.002907 0.003488
0.002907 0.002937
0.002907 0.003757
0.002903 0.005784
0.002900 0.002931
0.002884 0.003539
0.002883 0.003362
0.002878 0.003299
0.002877 0.003301
0.002869 0.003024
0.002864 0.003920
0.002858 0.004206
0.002853 0.003520
0.002849 0.004114
0.002845 0.005015
0.002844 0.003078
0.002842 0.005104
0.002842 0.003077
0.002826 0.003476
0.002823 0.003576
0.002822 0.003019
0.002820 0.003377
0.002808 0.004373
0.002800 0.002900
0.002768 0.002876
0.002763 0.003485
0.002759 0.003193
0.002757 0.003205
0.002749 0.005129
0.002741 0.002859
0.002727 0.003026
0.002719 0.004993
0.002718 0.003829
0.002712 0.003197
0.002710 0.002753
0.002704 0.002772
0.002696 0.002698
0.002690 0.003782
0.002679 0.003160
0.002673 0.002885
0.002669 0.003559
0.002664 0.003056
0.002657 0.002784
0.002656 0.003338
0.002643 0.003651
0.002627 0.003055
0.002608 0.002972
0.002608 0.002610
0.002593 0.002907
0.002589 0.002603
0.002587 0.002726
0.002572 0.002711
0.002566 0.003010
0.002557 0.002561
0.002553 0.002861
0.002549 0.002881
0.002538 0.002557
0.002531 0.002573
0.002521 0.002646
0.002501 0.002505
0.002470 0.002778
0.002467 0.003789
0.002466 0.003478
0.002456 0.004358
0.002422 0.002883
0.002391 0.002498
0.002386 0.002724
0.002375 0.002385
0.002371 0.002382
0.002348 0.002482
0.002327 0.002592
0.002293 0.002387
0.002290 0.002603
0.002285 0.002553
0.002276 0.002906
0.002259 0.002925
0.002247 0.002281
0.002226 0.002454
0.002219 0.002408
0.002205 0.002271
0.002157 0.002211
0.002152 0.003219
0.002146 0.002238
0.002141 0.002292
0.002131 0.002326
0.002124 0.002976
0.002079 0.003733
0.002073 0.002314
0.002054 0.002148
0.002048 0.002163
0.002031 0.002112
0.002030 0.004137
0.002027 0.002312
0.002015 0.002034
0.001999 0.002255
0.001996 0.002076
0.001983 0.002385
0.001978 0.002382
0.001962 0.002407
0.001959 0.002480
0.001951 0.002354
0.001941 0.002043
0.001933 0.001959
0.001861 0.002189
0.001819 0.001947
0.001804 0.002169
0.001768 0.001938
0.001751 0.002530
0.001746 0.001823
0.001741 0.001824
0.001713 0.002193
0.001709 0.001848
0.001687 0.001771
0.001679 0.001761
0.001639 0.001704
0.001583 0.001880
0.001581 0.001592
0.001564 0.001826
0.001532 0.001579
0.001506 0.001568
0.001478 0.001926
0.001437 0.001584
0.001404 0.001614
0.001401 0.001402
0.001217 0.001415
0.001174 0.001227
0.001111 0.001179
0.000986 0.001077
