0.184077 0.199121
0.184025 0.205125
0.148643 0.153609
0.148300 0.167930
0.144633 0.165846
0.099750 0.102581
0.081665 0.083695
0.080834 0.083494
0.074368 0.082243
0.072998 0.089528
0.072864 0.073240
0.072675 0.122387
0.067251 0.069702
0.065212 0.080697
0.062190 0.064663
0.061084 0.082548
0.058960 0.066792
0.058256 0.070657
0.057639 0.057961
0.057582 0.087154
0.056986 0.067481
0.056593 0.060141
0.055726 0.060815
0.055289 0.061065
0.055146 0.055881
0.054813 0.068341
0.052892 0.066751
0.052629 0.061231
0.052615 0.062248
0.052130 0.053453
0.051865 0.059312
0.051020 0.055837
0.051014 0.100171
0.049743 0.056528
0.047823 0.066355
0.046980 0.067735
0.046752 0.057105
0.046663 0.047490
0.046126 0.047220
0.045911 0.046647
0.045711 0.051665
0.045019 0.046350
0.044783 0.046813
0.044414 0.053140
0.044259 0.051810
0.044147 0.047592
0.043701 0.050416
0.043314 0.050150
0.043198 0.073385
0.042803 0.044453
0.042468 0.042803
0.041549 0.047475
0.041053 0.043722
0.040902 0.065784
0.040849 0.041566
0.040679 0.049518
0.040559 0.046155
0.040504 0.041099
0.040426 0.054896
0.039703 0.053336
0.039446 0.056312
0.039396 0.039502
0.039346 0.045234
0.039162 0.040436
0.038929 0.048027
0.038887 0.070874
0.038821 0.059366
0.038719 0.040600
0.038677 0.044886
0.038646 0.040055
0.038465 0.040261
0.038378 0.053549
0.038376 0.045182
0.038349 0.039095
0.038323 0.043028
0.038057 0.069160
0.038044 0.044806
0.038006 0.039677
0.037837 0.044739
0.037822 0.038474
0.037807 0.045103
0.037570 0.038237
0.037353 0.045367
0.037089 0.071239
0.036637 0.040432
0.036086 0.068375
0.035754 0.085956
0.035715 0.036872
0.035499 0.069340
0.035399 0.037378
0.035376 0.040792
0.035313 0.075720
0.035276 0.038397
0.035214 0.035490
0.035073 0.037578
0.035065 0.049029
0.034801 0.035284
0.034750 0.034761
0.034750 0.035401
0.034724 0.035294
0.034590 0.046651
0.034275 0.043059
0.033780 0.035811
0.033395 0.039354
0.033323 0.050845
0.033078 0.054316
0.033044 0.033988
0.033022 0.034237
0.032864 0.034606
0.032804 0.046737
0.032665 0.033096
0.032542 0.039103
0.032458 0.041365
0.032260 0.041945
0.032100 0.033480
0.031855 0.033902
0.031790 0.041182
0.031750 0.035773
0.031716 0.032837
0.031618 0.033740
0.031392 0.035069
0.031369 0.033916
0.031338 0.041093
0.031287 0.032211
0.031216 0.035481
0.031003 0.041095
0.030897 0.037508
0.030886 0.041637
0.030883 0.031285
0.030710 0.036920
0.030682 0.034468
0.030621 0.030710
0.030477 0.032150
0.030408 0.046715
0.030195 0.030888
0.030174 0.038724
0.030047 0.038190
0.030035 0.046626
0.030004 0.035910
0.029854 0.029958
0.029839 0.030525
0.029802 0.033868
0.029722 0.030148
0.029684 0.030875
0.029664 0.049471
0.029566 0.033865
0.029563 0.029888
0.029387 0.031015
0.029068 0.039304
0.029061 0.031923
0.028846 0.032886
0.028811 0.033695
0.028709 0.030460
0.028688 0.033864
0.028564 0.056510
0.028564 0.029588
0.028554 0.034346
0.028363 0.030419
0.028337 0.028557
0.028206 0.034339
0.028107 0.033667
0.028051 0.031284
0.027993 0.033598
0.027949 0.037880
0.027791 0.046288
0.027775 0.029152
0.027755 0.036463
0.027734 0.034351
0.027702 0.030574
0.027452 0.028863
0.027238 0.055823
0.027215 0.027662
0.027092 0.037328
0.027083 0.063840
0.026923 0.032364
0.026890 0.030049
0.026855 0.029788
0.026841 0.042405
0.026796 0.047168
0.026752 0.036572
0.026626 0.040219
0.026590 0.028518
0.026588 0.030240
0.026498 0.026984
0.026477 0.032662
0.026372 0.027207
0.026344 0.037901
0.026341 0.028635
0.026325 0.034217
0.026206 0.044419
0.026158 0.029109
0.026105 0.044138
0.026092 0.048004
0.025909 0.028047
0.025875 0.041115
0.025859 0.027020
0.025845 0.026355
0.025836 0.029373
0.025803 0.032823
0.025769 0.027173
0.025663 0.029707
0.025640 0.028332
0.025613 0.028308
0.025611 0.028663
0.025595 0.038395
0.025414 0.035629
0.025354 0.033775
0.025305 0.027227
0.025271 0.043473
0.025241 0.029214
0.025225 0.061754
0.025196 0.031185
0.025053 0.026934
0.024913 0.027132
0.024813 0.030412
0.024777 0.024902
0.024721 0.027232
0.024716 0.034004
0.024670 0.030160
0.024660 0.024721
0.024553 0.032498
0.024544 0.027835
0.024454 0.032773
0.024426 0.024800
0.024279 0.038601
0.024246 0.024852
0.024193 0.030834
0.024078 0.025378
0.024055 0.025582
0.024036 0.024497
0.023994 0.029683
0.023987 0.024908
0.023954 0.026399
0.023930 0.028475
0.023718 0.029243
0.023709 0.041036
0.023671 0.047402
0.023627 0.027702
0.023586 0.024354
0.023583 0.025642
0.023577 0.034164
0.023404 0.029275
0.023326 0.027436
0.023211 0.027624
0.022962 0.027566
0.022933 0.035704
0.022862 0.023928
0.022861 0.026810
0.022860 0.027502
0.022743 0.023257
0.022694 0.026721
0.022686 0.032261
0.022657 0.022662
0.022646 0.023694
0.022641 0.022860
0.022614 0.023519
0.022592 0.024350
0.022565 0.023627
0.022512 0.026459
0.022409 0.027019
0.022406 0.029878
0.022362 0.034427
0.022342 0.022352
0.022070 0.024290
0.021814 0.022729
0.021692 0.023840
0.021671 0.026235
0.021472 0.043720
0.021467 0.023181
0.021428 0.033749
0.021308 0.026292
0.021275 0.024907
0.021270 0.030196
0.021270 0.028573
0.021269 0.024641
0.021245 0.021601
0.021089 0.030521
0.021020 0.032922
0.020992 0.026557
0.020908 0.034396
0.020728 0.028301
0.020707 0.022605
0.020574 0.021408
0.020429 0.036292
0.020366 0.024059
0.020320 0.037780
0.020313 0.021441
0.020284 0.023327
0.020142 0.023704
0.020123 0.031183
0.020119 0.027858
0.020029 0.021082
0.019978 0.024703
0.019964 0.023524
0.019942 0.029042
0.019781 0.019991
0.019770 0.020733
0.019749 0.020124
0.019726 0.020157
0.019716 0.023468
0.019688 0.024870
0.019661 0.031736
0.019659 0.020917
0.019602 0.019799
0.019557 0.020850
0.019545 0.024938
0.019504 0.021923
0.019478 0.022472
0.019429 0.020612
0.019395 0.027487
0.019365 0.024467
0.019211 0.033142
0.019161 0.022143
0.019109 0.020939
0.018965 0.019087
0.018959 0.023115
0.018941 0.019563
0.018934 0.027180
0.018834 0.018941
0.018811 0.019140
0.018743 0.020711
0.018654 0.020964
0.018605 0.021578
0.018472 0.023562
0.018422 0.019018
0.018332 0.026719
0.018325 0.020270
0.018266 0.020530
0.018238 0.020567
0.018228 0.018288
0.018192 0.020728
0.018185 0.019187
0.018167 0.019438
0.018123 0.019862
0.017998 0.026760
0.017867 0.023514
0.017777 0.018379
0.017754 0.027778
0.017746 0.026344
0.017719 0.019126
0.017717 0.025061
0.017703 0.020031
0.017645 0.019555
0.017613 0.018745
0.017607 0.021172
0.017590 0.023438
0.017527 0.018807
0.017516 0.018161
0.017497 0.038632
0.017470 0.017707
0.017456 0.027577
0.017441 0.027259
0.017407 0.018573
0.017349 0.017691
0.017333 0.019621
0.017316 0.042919
0.017316 0.020852
0.017259 0.017351
0.017248 0.020536
0.017246 0.017603
0.017217 0.023405
0.017214 0.018646
0.017134 0.028740
0.017093 0.018793
0.017048 0.018937
0.017028 0.019231
0.017019 0.018857
0.016979 0.028914
0.016926 0.019489
0.016921 0.023187
0.016901 0.020087
0.016874 0.022925
0.016870 0.026129
0.016868 0.019705
0.016857 0.017377
0.016811 0.017816
0.016721 0.016905
0.016716 0.016846
0.016693 0.026540
0.016690 0.026804
0.016652 0.023557
0.016630 0.018908
0.016625 0.016981
0.016609 0.023859
0.016582 0.021189
0.016564 0.026388
0.016503 0.020241
0.016418 0.016924
0.016398 0.018065
0.016394 0.017102
0.016376 0.021300
0.016350 0.019207
0.016302 0.016429
0.016290 0.016849
0.016290 0.028217
0.016265 0.019227
0.016263 0.022494
0.016176 0.016549
0.016146 0.017752
0.016127 0.018036
0.016111 0.018491
0.016110 0.025847
0.016087 0.021967
0.016069 0.018778
0.016064 0.016135
0.016051 0.018741
0.016032 0.016880
0.015985 0.018044
0.015982 0.016410
0.015951 0.016169
0.015928 0.016195
0.015905 0.016008
0.015891 0.022894
0.015832 0.020211
0.015824 0.016431
0.015821 0.025658
0.015811 0.018298
0.015808 0.017260
0.015790 0.026995
0.015784 0.016821
0.015770 0.021323
0.015704 0.016875
0.015685 0.015752
0.015652 0.017931
0.015599 0.018319
0.015484 0.018312
0.015477 0.016384
0.015436 0.021047
0.015428 0.015448
0.015409 0.020857
0.015406 0.016613
0.015330 0.015377
0.015300 0.022145
0.015203 0.016724
0.015178 0.023387
0.015166 0.020778
0.015156 0.015751
0.015149 0.017762
0.015140 0.018793
0.015078 0.016304
0.015077 0.015394
0.015071 0.020384
0.014956 0.018042
0.014949 0.015580
0.014914 0.018508
0.014877 0.019279
0.014831 0.020560
0.014779 0.015157
0.014755 0.028113
0.014753 0.023089
0.014703 0.026668
0.014697 0.015070
0.014657 0.019662
0.014621 0.020451
0.014614 0.015722
0.014604 0.029332
0.014602 0.014831
0.014600 0.024308
0.014561 0.016765
0.014547 0.019970
0.014517 0.014728
0.014491 0.018638
0.014466 0.016948
0.014407 0.014577
0.014407 0.016688
0.014384 0.021579
0.014376 0.024371
0.014365 0.019598
0.014359 0.015120
0.014356 0.015592
0.014257 0.014287
0.014255 0.015256
0.014250 0.018432
0.014206 0.017260
0.014177 0.015185
0.014173 0.018640
0.014142 0.043103
0.014135 0.018237
0.014134 0.018758
0.014132 0.016550
0.014129 0.020814
0.014127 0.014283
0.014103 0.015761
0.014081 0.023737
0.014080 0.014104
0.014054 0.016083
0.014046 0.015560
0.013987 0.018055
0.013983 0.013987
0.013979 0.016155
0.013978 0.014784
0.013977 0.016021
0.013974 0.014806
0.013958 0.014075
0.013954 0.014578
0.013936 0.018038
0.013934 0.015936
0.013920 0.026002
0.013896 0.018236
0.013892 0.016083
0.013872 0.020375
0.013841 0.017626
0.013841 0.017114
0.013840 0.014551
0.013840 0.033174
0.013788 0.016006
0.013777 0.014282
0.013764 0.017291
0.013688 0.015296
0.013667 0.022166
0.013610 0.014289
0.013609 0.016795
0.013582 0.016026
0.013578 0.019335
0.013530 0.014080
0.013497 0.015575
0.013430 0.014599
0.013428 0.013761
0.013425 0.016103
0.013413 0.014291
0.013398 0.014903
0.013391 0.013609
0.013390 0.014043
0.013376 0.013763
0.013372 0.013735
0.013357 0.013830
0.013352 0.016314
0.013331 0.013766
0.013327 0.014441
0.013313 0.014521
0.013301 0.017470
0.013288 0.013514
0.013274 0.014507
0.013265 0.013413
0.013212 0.014479
0.013205 0.015632
0.013197 0.015777
0.013196 0.018303
0.013167 0.015331
0.013156 0.013633
0.013105 0.013189
0.013092 0.017788
0.013085 0.013840
0.013077 0.016964
0.013073 0.013881
0.013048 0.016915
0.013030 0.017445
0.013006 0.013728
0.013003 0.013370
0.012980 0.014653
0.012973 0.023862
0.012965 0.014136
0.012954 0.017755
0.012947 0.015528
0.012940 0.013601
0.012924 0.014926
0.012906 0.013118
0.012883 0.023747
0.012863 0.013914
0.012835 0.014331
0.012827 0.013127
0.012812 0.015622
0.012811 0.016897
0.012807 0.014963
0.012798 0.018601
0.012793 0.014295
0.012784 0.016946
0.012781 0.013452
0.012774 0.013560
0.012744 0.013454
0.012724 0.014299
0.012722 0.014364
0.012716 0.019706
0.012710 0.013334
0.012710 0.017923
0.012689 0.013653
0.012658 0.013102
0.012655 0.017366
0.012646 0.013744
0.012646 0.012792
0.012636 0.019172
0.012619 0.013849
0.012602 0.016838
0.012599 0.015629
0.012572 0.013611
0.012569 0.016450
0.012532 0.012628
0.012504 0.017711
0.012476 0.015459
0.012464 0.012751
0.012446 0.013125
0.012443 0.013370
0.012442 0.016850
0.012434 0.013157
0.012413 0.012986
0.012410 0.014700
0.012409 0.017333
0.012398 0.020917
0.012397 0.013553
0.012344 0.012582
0.012328 0.014734
0.012315 0.013467
0.012310 0.013990
0.012302 0.017422
0.012281 0.018865
0.012281 0.012354
0.012277 0.014217
0.012270 0.012813
0.012268 0.014969
0.012249 0.015829
0.012248 0.019045
0.012248 0.014138
0.012239 0.013741
0.012230 0.023394
0.012226 0.013531
0.012221 0.014182
0.012220 0.020101
0.012205 0.018866
0.012199 0.013042
0.012193 0.015093
0.012185 0.013252
0.012156 0.012187
0.012131 0.013697
0.012123 0.014380
0.012108 0.014727
0.012078 0.013973
0.012072 0.012871
0.012054 0.019437
0.012040 0.016269
0.012026 0.016401
0.012024 0.020156
0.012021 0.012129
0.012012 0.017009
0.011991 0.016935
0.011980 0.012727
0.011954 0.016338
0.011945 0.015140
0.011944 0.020087
0.011938 0.011997
0.011937 0.013237
0.011932 0.012573
0.011929 0.011940
0.011894 0.012136
0.011864 0.017888
0.011861 0.013247
0.011853 0.017583
0.011835 0.018734
0.011799 0.024480
0.011776 0.015604
0.011774 0.012362
0.011761 0.014087
0.011715 0.012744
0.011713 0.013620
0.011711 0.014083
0.011687 0.014220
0.011676 0.015094
0.011646 0.012029
0.011631 0.014057
0.011565 0.017622
0.011541 0.015296
0.011535 0.011844
0.011527 0.013943
0.011494 0.014007
0.011481 0.011531
0.011476 0.027385
0.011463 0.013676
0.011461 0.014786
0.011400 0.018363
0.011379 0.011820
0.011377 0.016594
0.011373 0.013021
0.011363 0.012673
0.011363 0.011722
0.011307 0.013260
0.011307 0.013485
0.011303 0.027781
0.011300 0.019339
0.011291 0.018906
0.011285 0.012242
0.011276 0.014532
0.011265 0.013527
0.011256 0.017212
0.011251 0.011820
0.011244 0.012890
0.011218 0.016355
0.011209 0.012636
0.011203 0.011213
0.011194 0.021680
0.011191 0.013865
0.011177 0.012132
0.011175 0.011817
0.011167 0.011845
0.011162 0.011269
0.011146 0.019045
0.011142 0.016919
0.011121 0.012777
0.011109 0.011845
0.011105 0.012337
0.011100 0.019396
0.011096 0.015153
0.011096 0.012222
0.011065 0.012850
0.011064 0.015016
0.011059 0.016323
0.011048 0.014797
0.011027 0.017438
0.011019 0.017281
0.011015 0.016336
0.011015 0.011688
0.011011 0.011971
0.011010 0.012649
0.011005 0.013267
0.011001 0.012001
0.010984 0.013550
0.010979 0.020922
0.010965 0.012350
0.010962 0.016308
0.010953 0.012775
0.010952 0.017970
0.010944 0.017834
0.010936 0.012258
0.010935 0.018655
0.010921 0.014682
0.010900 0.010931
0.010898 0.011577
0.010895 0.011142
0.010887 0.011936
0.010885 0.018127
0.010861 0.014841
0.010861 0.013185
0.010859 0.012434
0.010844 0.014893
0.010843 0.011491
0.010839 0.011412
0.010814 0.015273
0.010806 0.011136
0.010794 0.015190
0.010780 0.015150
0.010774 0.011199
0.010766 0.012134
0.010765 0.010992
0.010754 0.010845
0.010734 0.012214
0.010721 0.010986
0.010720 0.010959
0.010719 0.014388
0.010715 0.017709
0.010690 0.012253
0.010689 0.011024
0.010666 0.012467
0.010662 0.015571
0.010651 0.012168
0.010649 0.014273
0.010647 0.012294
0.010646 0.010752
0.010646 0.013632
0.010640 0.011100
0.010639 0.011936
0.010626 0.013097
0.010626 0.010775
0.010617 0.011217
0.010611 0.010741
0.010603 0.019809
0.010597 0.013225
0.010591 0.011369
0.010583 0.011315
0.010561 0.010871
0.010560 0.010825
0.010544 0.011045
0.010536 0.012865
0.010531 0.010798
0.010525 0.010615
0.010515 0.013060
0.010500 0.013645
0.010498 0.017991
0.010475 0.011907
0.010472 0.013193
0.010468 0.010676
0.010465 0.011292
0.010457 0.015514
0.010447 0.011284
0.010445 0.017773
0.010421 0.011268
0.010409 0.010706
0.010406 0.016373
0.010399 0.013543
0.010396 0.023188
0.010382 0.010717
0.010382 0.011061
0.010375 0.011026
0.010371 0.010416
0.010370 0.013964
0.010337 0.014477
0.010336 0.011180
0.010331 0.011482
0.010314 0.012795
0.010312 0.014613
0.010308 0.010377
0.010306 0.010395
0.010297 0.016480
0.010281 0.010354
0.010248 0.010308
0.010235 0.010553
0.010234 0.011342
0.010230 0.010693
0.010228 0.012664
0.010223 0.011137
0.010218 0.015571
0.010197 0.014172
0.010193 0.010691
0.010187 0.010333
0.010181 0.010571
0.010179 0.011683
0.010167 0.020182
0.010163 0.012747
0.010162 0.013627
0.010160 0.011225
0.010159 0.013766
0.010156 0.013113
0.010134 0.011385
0.010129 0.010440
0.010122 0.010170
0.010117 0.011541
0.010108 0.011312
0.010079 0.010632
0.010071 0.023459
0.010070 0.014059
0.010062 0.019833
0.010058 0.010944
0.010057 0.010757
0.010053 0.016786
0.010024 0.012239
0.010021 0.012410
0.010020 0.010529
0.010013 0.010014
0.010011 0.010192
0.010009 0.012938
0.009989 0.010528
0.009976 0.010307
0.009963 0.011348
0.009958 0.011913
0.009954 0.012486
0.009954 0.014262
0.009949 0.010477
0.009944 0.012320
0.009936 0.013861
0.009933 0.010291
0.009926 0.018237
0.009922 0.009973
0.009915 0.010393
0.009909 0.014809
0.009908 0.012421
0.009902 0.010435
0.009902 0.010474
0.009899 0.015276
0.009897 0.012084
0.009896 0.010496
0.009893 0.011127
0.009888 0.014939
0.009886 0.013622
0.009885 0.011027
0.009884 0.021242
0.009882 0.012265
0.009878 0.009991
0.009860 0.012243
0.009856 0.010858
0.009849 0.010844
0.009843 0.014693
0.009837 0.010344
0.009825 0.013542
0.009808 0.014946
0.009805 0.016353
0.009803 0.017871
0.009802 0.010591
0.009792 0.010671
0.009788 0.010321
0.009787 0.014603
0.009777 0.010100
0.009777 0.012343
0.009766 0.011321
0.009764 0.010075
0.009761 0.015263
0.009756 0.014597
0.009755 0.010234
0.009748 0.013983
0.009740 0.020539
0.009730 0.013362
0.009713 0.009778
0.009708 0.015276
0.009695 0.013563
0.009691 0.015339
0.009678 0.010067
0.009675 0.009847
0.009671 0.010022
0.009666 0.010324
0.009664 0.010040
0.009654 0.014031
0.009654 0.009677
0.009650 0.011764
0.009647 0.010440
0.009634 0.010519
0.009631 0.013933
0.009628 0.011156
0.009622 0.010888
0.009618 0.018224
0.009616 0.013144
0.009613 0.010811
0.009613 0.011641
0.009607 0.015228
0.009603 0.010054
0.009596 0.017833
0.009583 0.010145
0.009561 0.010589
0.009548 0.009925
0.009547 0.009798
0.009544 0.014156
0.009544 0.010492
0.009537 0.018085
0.009535 0.010215
0.009534 0.012475
0.009533 0.012639
0.009528 0.010315
0.009523 0.011063
0.009517 0.011626
0.009509 0.010161
0.009507 0.009657
0.009497 0.017490
0.009495 0.009599
0.009489 0.009966
0.009482 0.010413
0.009482 0.010048
0.009480 0.009649
0.009477 0.010108
0.009471 0.012927
0.009469 0.011134
0.009466 0.012837
0.009465 0.015049
0.009463 0.015671
0.009462 0.009546
0.009431 0.021692
0.009416 0.009576
0.009414 0.009649
0.009406 0.009966
0.009403 0.011968
0.009397 0.009490
0.009393 0.012643
0.009387 0.011414
0.009385 0.011524
0.009384 0.016506
0.009381 0.015314
0.009361 0.013249
0.009357 0.009448
0.009357 0.011060
0.009347 0.009412
0.009346 0.011852
0.009344 0.012171
0.009339 0.010526
0.009338 0.015822
0.009329 0.013895
0.009323 0.010939
0.009320 0.012995
0.009318 0.021092
0.009307 0.017675
0.009306 0.009715
0.009295 0.011077
0.009293 0.009365
0.009291 0.012950
0.009290 0.012748
0.009288 0.009466
0.009284 0.009636
0.009282 0.009920
0.009281 0.011872
0.009279 0.013586
0.009273 0.010892
0.009253 0.012510
0.009245 0.009410
0.009243 0.010343
0.009242 0.014745
0.009220 0.009422
0.009198 0.009242
0.009180 0.009747
0.009167 0.011689
0.009167 0.010004
0.009163 0.009320
0.009158 0.011249
0.009149 0.014717
0.009147 0.010200
0.009141 0.009747
0.009136 0.014528
0.009127 0.010585
0.009121 0.011074
0.009120 0.012116
0.009118 0.009797
0.009115 0.012777
0.009096 0.015061
0.009096 0.013278
0.009093 0.009165
0.009092 0.009798
0.009087 0.009477
0.009085 0.009401
0.009084 0.011025
0.009079 0.009995
0.009070 0.012670
0.009064 0.016581
0.009063 0.010994
0.009061 0.009901
0.009043 0.009460
0.009037 0.017078
0.009025 0.011312
0.009013 0.014152
0.008992 0.010294
0.008990 0.009683
0.008988 0.009113
0.008985 0.009221
0.008981 0.011779
0.008973 0.009368
0.008960 0.014119
0.008960 0.009872
0.008954 0.014460
0.008954 0.009259
0.008951 0.009324
0.008950 0.011429
0.008949 0.015676
0.008946 0.008978
0.008945 0.012328
0.008944 0.009025
0.008943 0.009123
0.008941 0.011646
0.008937 0.009747
0.008921 0.009753
0.008920 0.009076
0.008898 0.012054
0.008882 0.010155
0.008882 0.009405
0.008881 0.009662
0.008880 0.009003
0.008872 0.009418
0.008864 0.012793
0.008857 0.009467
0.008856 0.008908
0.008851 0.011321
0.008840 0.011687
0.008833 0.009036
0.008831 0.009736
0.008825 0.011833
0.008819 0.010991
0.008818 0.010647
0.008816 0.010154
0.008816 0.014243
0.008805 0.015722
0.008803 0.009650
0.008803 0.009215
0.008798 0.012301
0.008797 0.009030
0.008776 0.010215
0.008772 0.009681
0.008768 0.008927
0.008763 0.011041
0.008763 0.016428
0.008761 0.009044
0.008759 0.009337
0.008759 0.011595
0.008755 0.016827
0.008754 0.008786
0.008732 0.009484
0.008728 0.011085
0.008724 0.009232
0.008715 0.020990
0.008712 0.010126
0.008691 0.011491
0.008689 0.011500
0.008687 0.011472
0.008678 0.008741
0.008672 0.014067
0.008659 0.010543
0.008657 0.009407
0.008646 0.011377
0.008639 0.014799
0.008634 0.014811
0.008615 0.009127
0.008603 0.010863
0.008595 0.008947
0.008594 0.012930
0.008589 0.009805
0.008582 0.008861
0.008580 0.017514
0.008575 0.008866
0.008568 0.011122
0.008559 0.014364
0.008555 0.010489
0.008538 0.009968
0.008531 0.014649
0.008523 0.009673
0.008519 0.009432
0.008513 0.009800
0.008511 0.008687
0.008496 0.011189
0.008493 0.008587
0.008486 0.009110
0.008473 0.010687
0.008471 0.009989
0.008469 0.008585
0.008468 0.008914
0.008464 0.009607
0.008461 0.009309
0.008460 0.010438
0.008457 0.009462
0.008447 0.011617
0.008433 0.010481
0.008431 0.009984
0.008430 0.011839
0.008426 0.009780
0.008418 0.012283
0.008408 0.009948
0.008407 0.010267
0.008406 0.009251
0.008402 0.009353
0.008398 0.009048
0.008392 0.008613
0.008389 0.009481
0.008387 0.008960
0.008374 0.008747
0.008371 0.011669
0.008366 0.010167
0.008366 0.009378
0.008362 0.009617
0.008355 0.013000
0.008349 0.010580
0.008347 0.017072
0.008347 0.009566
0.008347 0.009689
0.008346 0.013389
0.008344 0.017143
0.008343 0.009139
0.008337 0.011401
0.008328 0.016197
0.008321 0.008358
0.008320 0.008782
0.008318 0.009447
0.008312 0.008385
0.008302 0.017205
0.008295 0.011179
0.008289 0.021835
0.008286 0.011665
0.008264 0.014223
0.008264 0.011995
0.008263 0.011789
0.008260 0.012951
0.008260 0.012652
0.008259 0.008588
0.008250 0.008292
0.008249 0.009016
0.008245 0.012336
0.008242 0.010320
0.008230 0.010092
0.008227 0.009084
0.008219 0.011068
0.008217 0.015341
0.008204 0.008557
0.008201 0.008632
0.008200 0.012982
0.008198 0.010262
0.008194 0.009122
0.008190 0.008278
0.008185 0.011986
0.008176 0.011155
0.008160 0.008530
0.008158 0.008886
0.008157 0.010514
0.008153 0.009012
0.008152 0.015674
0.008147 0.014365
0.008136 0.008830
0.008134 0.008739
0.008131 0.009556
0.008130 0.009370
0.008111 0.009913
0.008110 0.010547
0.008106 0.008398
0.008100 0.008237
0.008096 0.011467
0.008089 0.011812
0.008084 0.013022
0.008072 0.008157
0.008069 0.009803
0.008067 0.012694
0.008062 0.011702
0.008055 0.009739
0.008051 0.010041
0.008041 0.009102
0.008037 0.010033
0.008035 0.008800
0.008023 0.011718
0.008021 0.011458
0.008018 0.008268
0.008015 0.008687
0.008014 0.013125
0.008011 0.008346
0.008008 0.008915
0.007998 0.009440
0.007995 0.008764
0.007994 0.010369
0.007986 0.016460
0.007983 0.008077
0.007978 0.011781
0.007977 0.008093
0.007976 0.008114
0.007973 0.015605
0.007957 0.009645
0.007949 0.011211
0.007948 0.009667
0.007934 0.009583
0.007928 0.008077
0.007927 0.007942
0.007919 0.010127
0.007914 0.007996
0.007909 0.014779
0.007907 0.008486
0.007905 0.010466
0.007904 0.014417
0.007903 0.011471
0.007900 0.008111
0.007899 0.008596
0.007879 0.009830
0.007876 0.011343
0.007874 0.009540
0.007871 0.008578
0.007867 0.010912
0.007851 0.007914
0.007849 0.008066
0.007839 0.008569
0.007838 0.008878
0.007837 0.009288
0.007832 0.015609
0.007831 0.008656
0.007831 0.009215
0.007825 0.012398
0.007808 0.011948
0.007805 0.008159
0.007795 0.007935
0.007783 0.009300
0.007782 0.008420
0.007773 0.009945
0.007767 0.008119
0.007765 0.009209
0.007758 0.014430
0.007758 0.010245
0.007754 0.010661
0.007746 0.008049
0.007742 0.008911
0.007740 0.008552
0.007737 0.008789
0.007734 0.010443
0.007733 0.010231
0.007732 0.013410
0.007717 0.007992
0.007711 0.008166
0.007709 0.009109
0.007709 0.007763
0.007708 0.012806
0.007707 0.010036
0.007703 0.008106
0.007702 0.008737
0.007694 0.014723
0.007691 0.010248
0.007682 0.010442
0.007673 0.008762
0.007665 0.007776
0.007665 0.012142
0.007664 0.009876
0.007661 0.009544
0.007658 0.008871
0.007657 0.010431
0.007657 0.010779
0.007648 0.008978
0.007644 0.008972
0.007640 0.008253
0.007639 0.009312
0.007634 0.014905
0.007614 0.007851
0.007608 0.009639
0.007608 0.016200
0.007598 0.008459
0.007596 0.008191
0.007596 0.010443
0.007595 0.012055
0.007595 0.012441
0.007589 0.009877
0.007584 0.008076
0.007583 0.009506
0.007575 0.008091
0.007570 0.007581
0.007566 0.012436
0.007560 0.007787
0.007542 0.008701
0.007539 0.008368
0.007539 0.007983
0.007536 0.016708
0.007534 0.011933
0.007530 0.007593
0.007529 0.010073
0.007529 0.010538
0.007528 0.007648
0.007509 0.013035
0.007506 0.011981
0.007505 0.008892
0.007495 0.008204
0.007487 0.008760
0.007485 0.008452
0.007481 0.008510
0.007478 0.007586
0.007475 0.007853
0.007469 0.010570
0.007466 0.008087
0.007463 0.008994
0.007461 0.008131
0.007456 0.008350
0.007441 0.008189
0.007440 0.007773
0.007439 0.007539
0.007432 0.012435
0.007425 0.008090
0.007422 0.008973
0.007416 0.008512
0.007416 0.010434
0.007413 0.007415
0.007405 0.009016
0.007395 0.007920
0.007389 0.011257
0.007388 0.008035
0.007380 0.011327
0.007379 0.014147
0.007367 0.010200
0.007366 0.007572
0.007362 0.011845
0.007360 0.007500
0.007351 0.007713
0.007351 0.008700
0.007348 0.008766
0.007346 0.008352
0.007340 0.008106
0.007340 0.013403
0.007332 0.011983
0.007331 0.007478
0.007318 0.011311
0.007312 0.012070
0.007308 0.014070
0.007302 0.014684
0.007301 0.010655
0.007289 0.009735
0.007283 0.008396
0.007282 0.007601
0.007277 0.007951
0.007276 0.008926
0.007274 0.012880
0.007268 0.007329
0.007267 0.009173
0.007265 0.007811
0.007262 0.011937
0.007261 0.007592
0.007260 0.007892
0.007260 0.008946
0.007260 0.008964
0.007259 0.008757
0.007253 0.007350
0.007249 0.012454
0.007245 0.009908
0.007240 0.013351
0.007231 0.007385
0.007228 0.011928
0.007220 0.008438
0.007212 0.009387
0.007210 0.007611
0.007209 0.007476
0.007203 0.010218
0.007199 0.007612
0.007174 0.007182
0.007167 0.008483
0.007166 0.007867
0.007165 0.007196
0.007159 0.008638
0.007158 0.010253
0.007156 0.007633
0.007149 0.008647
0.007143 0.007223
0.007142 0.009904
0.007132 0.008231
0.007131 0.007526
0.007130 0.007929
0.007124 0.007645
0.007120 0.008601
0.007119 0.007437
0.007118 0.007240
0.007117 0.007201
0.007112 0.009200
0.007110 0.008708
0.007104 0.008509
0.007101 0.009950
0.007097 0.007146
0.007095 0.008129
0.007094 0.008191
0.007068 0.010482
0.007065 0.007538
0.007065 0.010078
0.007049 0.008481
0.007046 0.007065
0.007039 0.010723
0.007039 0.008553
0.007024 0.007469
0.007020 0.008266
0.007006 0.007284
0.007006 0.008087
0.006988 0.007361
0.006985 0.007934
0.006974 0.009059
0.006966 0.007056
0.006963 0.008894
0.006949 0.011240
0.006948 0.007834
0.006945 0.008189
0.006938 0.007659
0.006937 0.007033
0.006937 0.010034
0.006936 0.008237
0.006935 0.009385
0.006931 0.009250
0.006926 0.007298
0.006920 0.012138
0.006915 0.008141
0.006912 0.007618
0.006907 0.009861
0.006904 0.016080
0.006896 0.007141
0.006890 0.010634
0.006889 0.009613
0.006886 0.007640
0.006885 0.014633
0.006885 0.012096
0.006876 0.007329
0.006875 0.008821
0.006874 0.007795
0.006872 0.009088
0.006862 0.009281
0.006842 0.007984
0.006839 0.010083
0.006835 0.006874
0.006833 0.007557
0.006831 0.009868
0.006826 0.006977
0.006823 0.011897
0.006817 0.007834
0.006816 0.007701
0.006809 0.007269
0.006806 0.007947
0.006801 0.006853
0.006797 0.009122
0.006796 0.006843
0.006789 0.013261
0.006785 0.007242
0.006773 0.006971
0.006760 0.006840
0.006752 0.009426
0.006752 0.007852
0.006746 0.007283
0.006744 0.007497
0.006743 0.008492
0.006731 0.008075
0.006724 0.008926
0.006718 0.007427
0.006717 0.013939
0.006707 0.007001
0.006707 0.007142
0.006705 0.008218
0.006699 0.006782
0.006694 0.008398
0.006692 0.007652
0.006686 0.012135
0.006683 0.009297
0.006677 0.008812
0.006670 0.007263
0.006669 0.007943
0.006668 0.007585
0.006666 0.017039
0.006660 0.007910
0.006660 0.008242
0.006658 0.007845
0.006656 0.006708
0.006652 0.009488
0.006650 0.007189
0.006648 0.006807
0.006639 0.009926
0.006638 0.006848
0.006635 0.009657
0.006633 0.008613
0.006624 0.007244
0.006622 0.007833
0.006621 0.013855
0.006612 0.007194
0.006606 0.011382
0.006602 0.007686
0.006599 0.006816
0.006589 0.011071
0.006578 0.006831
0.006575 0.006769
0.006574 0.010282
0.006564 0.006645
0.006561 0.007155
0.006560 0.011091
0.006557 0.006624
0.006550 0.010033
0.006542 0.008298
0.006540 0.006577
0.006539 0.008413
0.006539 0.007086
0.006538 0.009972
0.006535 0.009735
0.006528 0.007496
0.006527 0.006969
0.006525 0.007301
0.006515 0.007780
0.006509 0.007372
0.006503 0.009961
0.006496 0.008507
0.006492 0.010894
0.006485 0.009155
0.006483 0.008469
0.006481 0.010067
0.006476 0.006551
0.006469 0.007829
0.006467 0.007865
0.006466 0.008412
0.006464 0.006944
0.006461 0.010663
0.006443 0.007604
0.006443 0.006979
0.006441 0.006955
0.006440 0.011510
0.006437 0.007232
0.006435 0.007495
0.006431 0.011336
0.006424 0.006694
0.006421 0.013710
0.006419 0.006941
0.006411 0.007027
0.006401 0.006943
0.006397 0.006508
0.006393 0.006715
0.006370 0.007812
0.006359 0.007111
0.006358 0.007134
0.006350 0.007378
0.006345 0.007676
0.006339 0.007860
0.006332 0.008385
0.006329 0.007711
0.006323 0.006475
0.006320 0.011298
0.006316 0.006322
0.006313 0.006563
0.006312 0.006501
0.006301 0.009764
0.006298 0.007134
0.006297 0.009763
0.006295 0.007453
0.006281 0.006283
0.006275 0.006613
0.006273 0.008800
0.006271 0.006378
0.006269 0.006557
0.006266 0.007448
0.006261 0.006590
0.006255 0.010438
0.006242 0.007150
0.006241 0.008188
0.006239 0.006366
0.006238 0.007199
0.006236 0.007471
0.006234 0.009050
0.006227 0.006770
0.006217 0.006830
0.006213 0.008167
0.006203 0.006388
0.006202 0.007306
0.006201 0.006215
0.006200 0.010078
0.006198 0.006562
0.006192 0.006886
0.006191 0.007109
0.006188 0.007895
0.006179 0.007299
0.006179 0.006890
0.006177 0.007515
0.006172 0.007121
0.006165 0.006741
0.006154 0.016957
0.006153 0.006521
0.006149 0.010782
0.006137 0.006144
0.006136 0.007020
0.006127 0.009201
0.006127 0.009775
0.006124 0.010628
0.006119 0.007713
0.006117 0.007349
0.006104 0.012591
0.006098 0.006312
0.006094 0.011793
0.006093 0.006439
0.006087 0.006256
0.006082 0.007404
0.006076 0.012037
0.006074 0.006403
0.006062 0.006381
0.006055 0.008713
0.006055 0.009226
0.006048 0.006563
0.006044 0.006914
0.006040 0.007857
0.006023 0.009876
0.006014 0.007212
0.006010 0.008116
0.006001 0.008098
0.005988 0.007029
0.005988 0.007345
0.005985 0.008213
0.005982 0.006790
0.005982 0.009161
0.005980 0.011519
0.005974 0.008589
0.005974 0.007323
0.005973 0.007045
0.005972 0.006206
0.005970 0.011856
0.005969 0.006283
0.005957 0.007836
0.005948 0.007391
0.005942 0.009201
0.005938 0.006230
0.005922 0.008411
0.005921 0.006186
0.005913 0.006041
0.005912 0.007539
0.005907 0.006137
0.005902 0.008857
0.005902 0.006074
0.005897 0.008436
0.005892 0.008171
0.005890 0.011604
0.005888 0.007656
0.005886 0.006740
0.005881 0.007835
0.005874 0.007273
0.005874 0.011437
0.005871 0.005986
0.005871 0.012835
0.005869 0.006905
0.005866 0.006523
0.005862 0.006303
0.005858 0.009084
0.005851 0.008462
0.005850 0.008477
0.005846 0.008177
0.005826 0.007228
0.005820 0.008395
0.005818 0.007161
0.005814 0.006150
0.005811 0.008230
0.005811 0.005879
0.005809 0.010980
0.005800 0.010306
0.005796 0.009182
0.005794 0.005932
0.005794 0.006795
0.005791 0.005796
0.005791 0.006079
0.005787 0.006497
0.005763 0.005980
0.005761 0.011881
0.005760 0.005803
0.005750 0.007813
0.005747 0.007729
0.005746 0.008971
0.005740 0.007829
0.005738 0.007123
0.005732 0.009045
0.005730 0.006435
0.005723 0.005919
0.005719 0.006241
0.005712 0.006215
0.005710 0.007367
0.005705 0.006002
0.005692 0.009951
0.005689 0.006056
0.005688 0.006576
0.005677 0.008051
0.005670 0.005793
0.005670 0.006539
0.005667 0.007000
0.005654 0.006657
0.005651 0.005656
0.005642 0.007953
0.005641 0.009140
0.005640 0.006393
0.005637 0.006412
0.005633 0.006798
0.005630 0.007332
0.005629 0.005688
0.005624 0.006726
0.005624 0.006091
0.005616 0.006005
0.005598 0.008579
0.005594 0.006357
0.005593 0.009062
0.005591 0.007265
0.005583 0.007322
0.005581 0.005781
0.005579 0.005657
0.005574 0.006873
0.005574 0.006331
0.005564 0.008414
0.005563 0.007528
0.005553 0.008329
0.005551 0.007174
0.005546 0.005895
0.005540 0.007742
0.005531 0.005557
0.005529 0.009720
0.005522 0.005522
0.005513 0.005610
0.005501 0.005802
0.005496 0.007632
0.005489 0.007730
0.005488 0.006805
0.005487 0.011109
0.005487 0.006450
0.005480 0.007579
0.005479 0.005502
0.005478 0.005653
0.005477 0.007321
0.005467 0.007411
0.005463 0.005729
0.005449 0.005450
0.005449 0.010890
0.005445 0.006046
0.005436 0.008701
0.005426 0.006924
0.005419 0.006606
0.005406 0.006741
0.005402 0.005860
0.005401 0.006436
0.005401 0.010682
0.005393 0.005433
0.005389 0.005682
0.005385 0.006308
0.005367 0.005556
0.005363 0.006189
0.005361 0.006323
0.005357 0.008618
0.005322 0.005486
0.005319 0.006584
0.005318 0.006461
0.005303 0.009144
0.005298 0.005822
0.005265 0.005871
0.005260 0.005919
0.005255 0.006643
0.005247 0.005490
0.005242 0.006666
0.005240 0.005268
0.005237 0.006917
0.005216 0.007653
0.005215 0.005431
0.005211 0.005526
0.005200 0.005307
0.005185 0.005892
0.005182 0.006673
0.005178 0.005873
0.005162 0.006682
0.005161 0.005337
0.005161 0.005806
0.005160 0.006263
0.005159 0.009957
0.005157 0.006028
0.005144 0.005721
0.005143 0.005144
0.005138 0.005296
0.005135 0.006647
0.005129 0.005385
0.005129 0.006063
0.005075 0.006665
0.005066 0.006171
0.005049 0.005587
0.005047 0.005108
0.005045 0.005423
0.005041 0.005488
0.005036 0.005289
0.005034 0.006394
0.005030 0.006545
0.005029 0.006007
0.005019 0.010106
0.005015 0.005201
0.005012 0.006541
0.005004 0.006482
0.005001 0.005341
0.004995 0.008154
0.004992 0.004992
0.004986 0.005019
0.004962 0.005982
0.004949 0.006203
0.004948 0.005867
0.004927 0.005379
0.004926 0.008392
0.004921 0.005711
0.004915 0.005943
0.004912 0.005111
0.004876 0.005327
0.004872 0.005111
0.004864 0.005066
0.004855 0.004911
0.004844 0.005278
0.004841 0.005089
0.004825 0.005052
0.004822 0.005039
0.004814 0.005335
0.004797 0.005168
0.004790 0.007843
0.004787 0.008226
0.004783 0.006047
0.004770 0.006485
0.004755 0.005229
0.004715 0.005594
0.004707 0.009806
0.004705 0.005610
0.004705 0.004895
0.004699 0.004803
0.004694 0.005162
0.004694 0.004703
0.004691 0.009655
0.004691 0.004820
0.004690 0.007391
0.004682 0.005623
0.004665 0.005376
0.004663 0.004788
0.004659 0.004806
0.004659 0.006672
0.004636 0.009856
0.004627 0.004909
0.004624 0.005287
0.004618 0.004966
0.004603 0.005589
0.004573 0.005477
0.004566 0.005231
0.004514 0.005116
0.004512 0.004913
0.004495 0.005501
0.004488 0.008386
0.004477 0.004806
0.004471 0.005358
0.004457 0.004468
0.004446 0.004579
0.004436 0.004447
0.004436 0.004787
0.004397 0.004732
0.004382 0.004754
0.004374 0.004408
0.004370 0.005080
0.004368 0.006437
0.004357 0.008135
0.004336 0.004592
0.004333 0.004541
0.004282 0.004997
0.004279 0.005133
0.004269 0.008287
0.004250 0.004493
0.004246 0.005218
0.004243 0.006530
0.004241 0.005179
0.004238 0.004589
0.004236 0.004546
0.004234 0.004747
0.004222 0.004921
0.004220 0.004380
0.004215 0.004663
0.004180 0.004909
0.004155 0.005591
0.004140 0.005021
0.004132 0.004485
0.004128 0.004229
0.004113 0.005499
0.004104 0.004996
0.004094 0.004519
0.004092 0.004635
0.004081 0.004114
0.004061 0.004825
0.004058 0.004641
0.004055 0.005287
0.004035 0.004108
0.004019 0.004059
0.004017 0.006741
0.004017 0.004112
0.004015 0.004521
0.004012 0.004790
0.003985 0.005089
0.003974 0.004140
0.003962 0.004461
0.003907 0.003915
0.003905 0.004628
0.003891 0.003967
0.003815 0.004344
0.003785 0.004462
0.003778 0.003849
0.003775 0.004209
0.003757 0.003790
0.003731 0.003867
0.003726 0.004604
0.003705 0.004041
0.003695 0.004424
0.003692 0.003808
0.003689 0.004040
0.003645 0.004725
0.003552 0.003746
0.003530 0.004670
0.003523 0.003940
0.003491 0.004580
0.003442 0.006136
0.003335 0.004132
0.003334 0.003493
0.003287 0.003350
0.003145 0.003309
0.003132 0.003642
0.003071 0.003600
0.003009 0.003330
0.002967 0.003341
0.002874 0.003047
0.002790 0.002811
0.002608 0.003468
0.002597 0.002821
0.002577 0.002627
0.002493 0.002844
0.002470 0.002591
0.002464 0.002918
0.002412 0.002687
0.002377 0.002952
0.002317 0.002655
0.002117 0.002221
0.002013 0.002058
0.001717 0.002200
