0.378238 0.384427
0.307688 0.316524
0.229004 0.260403
0.222047 0.266360
0.171762 0.181634
0.161318 0.174823
0.155588 0.162460
0.144146 0.157326
0.123348 0.132686
0.104562 0.109881
0.093503 0.111361
0.085060 0.086122
0.084654 0.103131
0.080742 0.091607
0.076522 0.078579
0.075696 0.085466
0.075139 0.083257
0.067428 0.088069
0.066571 0.067398
0.064957 0.071681
0.063070 0.106069
0.062707 0.106034
0.062095 0.062520
0.061117 0.073347
0.058751 0.071261
0.056090 0.069853
0.055206 0.055625
0.054839 0.058792
0.054444 0.077600
0.053881 0.054337
0.053848 0.081925
0.053753 0.054032
0.053265 0.053777
0.051416 0.070663
0.051298 0.055859
0.051026 0.067183
0.050997 0.053342
0.050421 0.053180
0.050127 0.054852
0.049991 0.055173
0.048604 0.064930
0.048380 0.057114
0.046859 0.052425
0.046465 0.060014
0.046145 0.075537
0.045682 0.066416
0.045371 0.047540
0.044991 0.046455
0.044690 0.045202
0.043602 0.043956
0.043229 0.071040
0.042589 0.043753
0.042428 0.045107
0.042394 0.044527
0.042185 0.055587
0.042139 0.045451
0.041897 0.041916
0.041815 0.046996
0.041479 0.042144
0.041405 0.042457
0.040711 0.042891
0.039650 0.053247
0.039084 0.042011
0.039058 0.043124
0.038783 0.048661
0.038589 0.040083
0.038128 0.039525
0.037601 0.039974
0.037419 0.049513
0.037130 0.043012
0.036950 0.044723
0.035598 0.039987
0.035572 0.036510
0.035423 0.036203
0.035409 0.042601
0.035309 0.059167
0.035225 0.036889
0.034867 0.071350
0.034401 0.046603
0.032988 0.036911
0.032911 0.033280
0.032776 0.036598
0.032740 0.034330
0.032380 0.041579
0.032360 0.048147
0.032238 0.033639
0.032167 0.032572
0.031927 0.033297
0.031652 0.038413
0.031590 0.035387
0.031446 0.035354
0.031347 0.041360
0.031259 0.031961
0.031208 0.035048
0.031198 0.041882
0.030922 0.031502
0.030326 0.031527
0.030003 0.046195
0.029991 0.034730
0.029723 0.031169
0.029600 0.030407
0.029228 0.034148
0.029078 0.033533
0.029045 0.044725
0.029039 0.029853
0.028577 0.030956
0.028431 0.042590
0.028229 0.030670
0.028067 0.029008
0.027936 0.038868
0.027870 0.030306
0.027669 0.032270
0.027557 0.036326
0.027167 0.044114
0.027163 0.030165
0.027132 0.032912
0.027099 0.032029
0.027084 0.034898
0.027035 0.029004
0.026896 0.045407
0.026871 0.039813
0.026755 0.043885
0.026661 0.026773
0.026642 0.027565
0.026618 0.036525
0.026348 0.034377
0.026346 0.032203
0.026237 0.027642
0.026160 0.030322
0.026079 0.030124
0.026039 0.044054
0.025906 0.032554
0.025842 0.031321
0.025801 0.034545
0.025800 0.029528
0.025737 0.028966
0.025700 0.025886
0.025697 0.027694
0.025660 0.026507
0.025563 0.026913
0.025516 0.032835
0.025431 0.028052
0.025372 0.033985
0.025334 0.026306
0.025303 0.025564
0.025293 0.027344
0.025276 0.025502
0.025200 0.026326
0.025157 0.033715
0.025058 0.035105
0.024922 0.026110
0.024870 0.029597
0.024697 0.034000
0.024587 0.025751
0.024355 0.032321
0.024252 0.029610
0.024143 0.024378
0.023976 0.031149
0.023923 0.024134
0.023630 0.025471
0.023567 0.030298
0.023527 0.024576
0.023506 0.027087
0.023240 0.027831
0.023169 0.026845
0.023058 0.026322
0.023023 0.024289
0.023007 0.032794
0.022826 0.027614
0.022817 0.025034
0.022673 0.027116
0.022660 0.027888
0.022460 0.028388
0.022458 0.024987
0.022426 0.027110
0.022273 0.027483
0.022076 0.025041
0.021939 0.022852
0.021911 0.022766
0.021897 0.039311
0.021894 0.024838
0.021843 0.041270
0.021793 0.022863
0.021773 0.037302
0.021735 0.024217
0.021698 0.041522
0.021696 0.023150
0.021675 0.024054
0.021654 0.024431
0.021573 0.025920
0.021333 0.021733
0.021291 0.031917
0.021266 0.027782
0.021095 0.022079
0.021064 0.023646
0.021046 0.024769
0.020984 0.026202
0.020975 0.021081
0.020965 0.024559
0.020935 0.027722
0.020927 0.029981
0.020700 0.022211
0.020681 0.021911
0.020641 0.027477
0.020586 0.031700
0.020539 0.021086
0.020503 0.026755
0.020452 0.023335
0.020448 0.022590
0.020393 0.020585
0.020349 0.024769
0.020301 0.020501
0.020229 0.023235
0.020223 0.022633
0.020219 0.023520
0.020207 0.022359
0.020165 0.021971
0.020131 0.037128
0.020116 0.022278
0.020115 0.024235
0.020011 0.021717
0.019999 0.020000
0.019981 0.028066
0.019974 0.019984
0.019972 0.020765
0.019954 0.021084
0.019908 0.021313
0.019823 0.024947
0.019791 0.024587
0.019777 0.020959
0.019747 0.021416
0.019729 0.020592
0.019683 0.019862
0.019678 0.024226
0.019529 0.027794
0.019435 0.020845
0.019393 0.024124
0.019367 0.024956
0.019366 0.031846
0.019280 0.027352
0.019253 0.023808
0.019250 0.019546
0.019212 0.023375
0.019189 0.020551
0.019170 0.020411
0.019146 0.030896
0.019145 0.022674
0.019136 0.034308
0.019086 0.020569
0.019029 0.021324
0.018982 0.024311
0.018924 0.021837
0.018805 0.025021
0.018801 0.018949
0.018750 0.022569
0.018716 0.021172
0.018683 0.019210
0.018664 0.022293
0.018580 0.024501
0.018567 0.020758
0.018506 0.021776
0.018479 0.018724
0.018337 0.018692
0.018274 0.018489
0.018258 0.028680
0.018242 0.020442
0.018216 0.020735
0.018202 0.019099
0.018191 0.023635
0.018162 0.028265
0.018150 0.019743
0.018119 0.018648
0.018106 0.019617
0.018040 0.022115
0.018035 0.021578
0.018023 0.020125
0.018013 0.019336
0.018005 0.019189
0.017988 0.021434
0.017949 0.030370
0.017932 0.018113
0.017852 0.018586
0.017825 0.022402
0.017823 0.027227
0.017810 0.029181
0.017734 0.018610
0.017722 0.020929
0.017714 0.022505
0.017699 0.018603
0.017681 0.024236
0.017604 0.021232
0.017600 0.023343
0.017578 0.018233
0.017565 0.026643
0.017564 0.017644
0.017505 0.020105
0.017452 0.021898
0.017385 0.017825
0.017369 0.022440
0.017313 0.028261
0.017241 0.019252
0.017189 0.017906
0.017165 0.017264
0.017155 0.024201
0.017154 0.017932
0.017117 0.019926
0.017111 0.023357
0.017096 0.033970
0.017069 0.021831
0.016996 0.018554
0.016984 0.018057
0.016944 0.023685
0.016932 0.018616
0.016910 0.021168
0.016873 0.019047
0.016816 0.046711
0.016810 0.019844
0.016759 0.017689
0.016741 0.016882
0.016711 0.028221
0.016707 0.022684
0.016703 0.022166
0.016695 0.017653
0.016690 0.018861
0.016596 0.018177
0.016566 0.018740
0.016558 0.018927
0.016526 0.023481
0.016485 0.026392
0.016450 0.017644
0.016440 0.018873
0.016425 0.017123
0.016374 0.021206
0.016304 0.025403
0.016285 0.027927
0.016255 0.021813
0.016236 0.016562
0.016212 0.017687
0.016168 0.033808
0.016098 0.017173
0.016097 0.016181
0.016044 0.016979
0.015997 0.019614
0.015974 0.019225
0.015971 0.018027
0.015911 0.016505
0.015904 0.024557
0.015896 0.017099
0.015895 0.016047
0.015866 0.019539
0.015855 0.019277
0.015835 0.019361
0.015800 0.023646
0.015788 0.017492
0.015736 0.018418
0.015734 0.021871
0.015729 0.016091
0.015727 0.016025
0.015690 0.020203
0.015679 0.018488
0.015677 0.019289
0.015671 0.015693
0.015666 0.021327
0.015651 0.018311
0.015612 0.017435
0.015596 0.017410
0.015595 0.018574
0.015590 0.015830
0.015587 0.020062
0.015568 0.023659
0.015558 0.017415
0.015557 0.026345
0.015543 0.018200
0.015522 0.023446
0.015518 0.021536
0.015512 0.016429
0.015493 0.016553
0.015490 0.015901
0.015483 0.022144
0.015481 0.019481
0.015414 0.021278
0.015392 0.015632
0.015381 0.019252
0.015369 0.021677
0.015365 0.019474
0.015357 0.015739
0.015349 0.020249
0.015337 0.019367
0.015324 0.016179
0.015271 0.017826
0.015253 0.018680
0.015243 0.019295
0.015234 0.016569
0.015225 0.015827
0.015215 0.016441
0.015151 0.017477
0.015072 0.016611
0.015069 0.015071
0.015019 0.015929
0.015003 0.015594
0.015003 0.017892
0.014981 0.015251
0.014977 0.020105
0.014975 0.016341
0.014969 0.020253
0.014941 0.022928
0.014922 0.014995
0.014900 0.016894
0.014875 0.014879
0.014810 0.020141
0.014800 0.020143
0.014785 0.015287
0.014779 0.018976
0.014761 0.027482
0.014760 0.014944
0.014752 0.018069
0.014712 0.018649
0.014709 0.024963
0.014699 0.019058
0.014677 0.015032
0.014673 0.018680
0.014641 0.024078
0.014630 0.021215
0.014618 0.021028
0.014563 0.015908
0.014549 0.023132
0.014540 0.021898
0.014532 0.019057
0.014530 0.015551
0.014520 0.016374
0.014502 0.019345
0.014476 0.015826
0.014452 0.018110
0.014436 0.014816
0.014422 0.019416
0.014418 0.016129
0.014398 0.015602
0.014392 0.021020
0.014375 0.014380
0.014365 0.030708
0.014355 0.016419
0.014348 0.016062
0.014327 0.017280
0.014306 0.014480
0.014301 0.016086
0.014288 0.018249
0.014287 0.018916
0.014280 0.016450
0.014278 0.014939
0.014248 0.021302
0.014224 0.023607
0.014203 0.018421
0.014197 0.021190
0.014195 0.015654
0.014178 0.015301
0.014171 0.016943
0.014164 0.015521
0.014153 0.014165
0.014102 0.017020
0.014078 0.017311
0.014059 0.014495
0.014050 0.017817
0.014017 0.024789
0.014017 0.015633
0.013999 0.016364
0.013984 0.019088
0.013966 0.018382
0.013920 0.015893
0.013920 0.020137
0.013899 0.014303
0.013891 0.025404
0.013876 0.016179
0.013874 0.017891
0.013873 0.014280
0.013856 0.013999
0.013782 0.019332
0.013766 0.014205
0.013740 0.023339
0.013690 0.023565
0.013680 0.014282
0.013679 0.016161
0.013651 0.013886
0.013637 0.021150
0.013634 0.016054
0.013633 0.022001
0.013628 0.014794
0.013583 0.015712
0.013574 0.013715
0.013562 0.013730
0.013559 0.015677
0.013558 0.014196
0.013554 0.013645
0.013521 0.014412
0.013467 0.019587
0.013455 0.014913
0.013451 0.015361
0.013408 0.025901
0.013403 0.013594
0.013402 0.014590
0.013402 0.017274
0.013367 0.019099
0.013364 0.015659
0.013353 0.017249
0.013353 0.019426
0.013344 0.013575
0.013332 0.014204
0.013331 0.014573
0.013328 0.018217
0.013328 0.014174
0.013319 0.017228
0.013314 0.013696
0.013314 0.013751
0.013312 0.013735
0.013305 0.014441
0.013300 0.013459
0.013299 0.017002
0.013292 0.015089
0.013290 0.013635
0.013276 0.021619
0.013266 0.018956
0.013264 0.014042
0.013251 0.016059
0.013248 0.015957
0.013206 0.013450
0.013193 0.014895
0.013172 0.016339
0.013159 0.016525
0.013152 0.013992
0.013128 0.013539
0.013124 0.017545
0.013112 0.015337
0.013109 0.017057
0.013107 0.015311
0.013097 0.019613
0.013087 0.017099
0.013083 0.014709
0.013079 0.013129
0.013078 0.024591
0.013073 0.021881
0.013043 0.014056
0.013025 0.013308
0.012980 0.013643
0.012976 0.017937
0.012964 0.017288
0.012945 0.012951
0.012915 0.018928
0.012901 0.022695
0.012860 0.014001
0.012852 0.014778
0.012839 0.013498
0.012837 0.014953
0.012819 0.015358
0.012815 0.018901
0.012749 0.013675
0.012716 0.015029
0.012709 0.013114
0.012698 0.014825
0.012657 0.014711
0.012650 0.012905
0.012648 0.013401
0.012633 0.012647
0.012619 0.017622
0.012613 0.014692
0.012606 0.013029
0.012591 0.012706
0.012590 0.013165
0.012580 0.012925
0.012540 0.014135
0.012510 0.014926
0.012509 0.013451
0.012503 0.013511
0.012491 0.016906
0.012456 0.012592
0.012452 0.017055
0.012442 0.012808
0.012435 0.013762
0.012430 0.012794
0.012425 0.013794
0.012423 0.012844
0.012406 0.016516
0.012394 0.014402
0.012381 0.016952
0.012379 0.013071
0.012371 0.013413
0.012337 0.012447
0.012322 0.017999
0.012317 0.016140
0.012275 0.012559
0.012260 0.013997
0.012258 0.013439
0.012248 0.014018
0.012243 0.014379
0.012242 0.012336
0.012237 0.013074
0.012235 0.015237
0.012233 0.022335
0.012232 0.021114
0.012228 0.013722
0.012217 0.013888
0.012215 0.013545
0.012210 0.012752
0.012209 0.012268
0.012209 0.013474
0.012200 0.012755
0.012198 0.015862
0.012181 0.012669
0.012173 0.014150
0.012171 0.012298
0.012109 0.027617
0.012107 0.015438
0.012104 0.012990
0.012094 0.021566
0.012093 0.014159
0.012076 0.014246
0.012074 0.013984
0.012066 0.012805
0.012063 0.023900
0.012051 0.013058
0.012048 0.012845
0.012011 0.013524
0.011996 0.014034
0.011992 0.013527
0.011988 0.014115
0.011984 0.015761
0.011977 0.013756
0.011964 0.012082
0.011962 0.019387
0.011945 0.014322
0.011941 0.012515
0.011930 0.016550
0.011911 0.015738
0.011907 0.012321
0.011905 0.012240
0.011889 0.013737
0.011885 0.016876
0.011881 0.013266
0.011859 0.013150
0.011839 0.018861
0.011835 0.014993
0.011826 0.019527
0.011825 0.012511
0.011811 0.023896
0.011809 0.012255
0.011804 0.016118
0.011781 0.014543
0.011761 0.011801
0.011759 0.012368
0.011759 0.013356
0.011749 0.017035
0.011729 0.014010
0.011724 0.011742
0.011708 0.017590
0.011699 0.012680
0.011694 0.013336
0.011690 0.014581
0.011682 0.017118
0.011675 0.013517
0.011671 0.011828
0.011656 0.021491
0.011641 0.016336
0.011632 0.013335
0.011624 0.014336
0.011609 0.012871
0.011577 0.013760
0.011556 0.017178
0.011552 0.011810
0.011536 0.011626
0.011506 0.014242
0.011497 0.017111
0.011494 0.012273
0.011476 0.016163
0.011476 0.012210
0.011470 0.012270
0.011468 0.014149
0.011464 0.017463
0.011460 0.024310
0.011450 0.013975
0.011444 0.019297
0.011440 0.011542
0.011437 0.021044
0.011428 0.019791
0.011419 0.015366
0.011413 0.014199
0.011413 0.013653
0.011407 0.021374
0.011387 0.016130
0.011381 0.012043
0.011372 0.015901
0.011370 0.013642
0.011370 0.011499
0.011365 0.022864
0.011360 0.015345
0.011357 0.018699
0.011356 0.013663
0.011343 0.011605
0.011339 0.022517
0.011332 0.011903
0.011322 0.026674
0.011308 0.014778
0.011304 0.016793
0.011293 0.011893
0.011278 0.025894
0.011276 0.019936
0.011262 0.013205
0.011260 0.014664
0.011260 0.013725
0.011258 0.012072
0.011252 0.016917
0.011252 0.013409
0.011249 0.018674
0.011230 0.012960
0.011226 0.015599
0.011194 0.013504
0.011193 0.015107
0.011181 0.013373
0.011175 0.014283
0.011167 0.013100
0.011160 0.013963
0.011156 0.017055
0.011143 0.016395
0.011138 0.011687
0.011129 0.011199
0.011121 0.012085
0.011118 0.014989
0.011111 0.011798
0.011106 0.014101
0.011101 0.015667
0.011099 0.017848
0.011096 0.011578
0.011096 0.012682
0.011085 0.012546
0.011041 0.011166
0.011031 0.011274
0.011030 0.013872
0.011023 0.011436
0.011019 0.013873
0.011013 0.017583
0.011011 0.011153
0.011011 0.021875
0.011007 0.011286
0.011002 0.016184
0.010999 0.013825
0.010992 0.011086
0.010984 0.013021
0.010982 0.011441
0.010981 0.011679
0.010961 0.011056
0.010955 0.012985
0.010942 0.014550
0.010942 0.010976
0.010940 0.012194
0.010918 0.012853
0.010913 0.010941
0.010899 0.012269
0.010878 0.016361
0.010877 0.015674
0.010869 0.011760
0.010863 0.013489
0.010860 0.011286
0.010859 0.014550
0.010857 0.011289
0.010855 0.011510
0.010833 0.012709
0.010830 0.015826
0.010811 0.019188
0.010810 0.011736
0.010782 0.010928
0.010779 0.011734
0.010773 0.011259
0.010769 0.013838
0.010766 0.011322
0.010764 0.019477
0.010764 0.010840
0.010752 0.010768
0.010716 0.015597
0.010687 0.015547
0.010677 0.011948
0.010676 0.014597
0.010664 0.011115
0.010649 0.012211
0.010641 0.015219
0.010636 0.015070
0.010631 0.014733
0.010626 0.010867
0.010625 0.011696
0.010617 0.012766
0.010596 0.011111
0.010584 0.015944
0.010583 0.011417
0.010580 0.011224
0.010574 0.011243
0.010573 0.012278
0.010569 0.011721
0.010557 0.016440
0.010552 0.010943
0.010548 0.011883
0.010543 0.015615
0.010526 0.013018
0.010522 0.011028
0.010518 0.010758
0.010511 0.012047
0.010498 0.010835
0.010490 0.013075
0.010486 0.011151
0.010480 0.011258
0.010479 0.011676
0.010477 0.019909
0.010455 0.017625
0.010454 0.012293
0.010453 0.018999
0.010453 0.012571
0.010428 0.015910
0.010426 0.010446
0.010408 0.010597
0.010402 0.010496
0.010398 0.012648
0.010395 0.012475
0.010392 0.010477
0.010391 0.010421
0.010390 0.010823
0.010389 0.011837
0.010388 0.011890
0.010372 0.010723
0.010369 0.021651
0.010366 0.012253
0.010360 0.010830
0.010359 0.010669
0.010357 0.011959
0.010352 0.010733
0.010340 0.024028
0.010331 0.014691
0.010327 0.013133
0.010325 0.012928
0.010323 0.014242
0.010323 0.014373
0.010317 0.013169
0.010315 0.015418
0.010312 0.010961
0.010307 0.010328
0.010306 0.010668
0.010298 0.019033
0.010295 0.013164
0.010284 0.014176
0.010284 0.014757
0.010283 0.010741
0.010280 0.011509
0.010275 0.010362
0.010273 0.015596
0.010269 0.011417
0.010268 0.016797
0.010266 0.013771
0.010254 0.012041
0.010238 0.012793
0.010233 0.020778
0.010228 0.015177
0.010220 0.012832
0.010216 0.020744
0.010214 0.016917
0.010214 0.011423
0.010207 0.013393
0.010203 0.012036
0.010199 0.010346
0.010198 0.012227
0.010182 0.014474
0.010181 0.012988
0.010171 0.012281
0.010158 0.015006
0.010155 0.011473
0.010153 0.011802
0.010150 0.011031
0.010150 0.013608
0.010147 0.010198
0.010147 0.011216
0.010141 0.010621
0.010140 0.012540
0.010134 0.013174
0.010113 0.013813
0.010108 0.014131
0.010097 0.011961
0.010085 0.014475
0.010084 0.021304
0.010083 0.010247
0.010070 0.010278
0.010062 0.012195
0.010060 0.010359
0.010048 0.013209
0.010047 0.011416
0.010046 0.013844
0.010043 0.011618
0.010037 0.010258
0.010014 0.018636
0.009999 0.010470
0.009999 0.012839
0.009991 0.018001
0.009990 0.010307
0.009981 0.010541
0.009980 0.011400
0.009974 0.010206
0.009972 0.018799
0.009967 0.018645
0.009966 0.014893
0.009949 0.010845
0.009930 0.011000
0.009925 0.010027
0.009921 0.017050
0.009919 0.014061
0.009901 0.011502
0.009899 0.012695
0.009897 0.012565
0.009897 0.010206
0.009890 0.010343
0.009890 0.014943
0.009886 0.010080
0.009884 0.016452
0.009876 0.010824
0.009875 0.011702
0.009873 0.013604
0.009869 0.011313
0.009855 0.012663
0.009849 0.010395
0.009831 0.012318
0.009829 0.019232
0.009826 0.026209
0.009820 0.010298
0.009815 0.010052
0.009813 0.010018
0.009805 0.010143
0.009778 0.012582
0.009769 0.013514
0.009761 0.010959
0.009743 0.010282
0.009734 0.009991
0.009728 0.009893
0.009726 0.013054
0.009725 0.012796
0.009725 0.010160
0.009720 0.016681
0.009718 0.010913
0.009708 0.010887
0.009704 0.010407
0.009695 0.009847
0.009694 0.012028
0.009687 0.013330
0.009683 0.012187
0.009679 0.010279
0.009674 0.013177
0.009669 0.009795
0.009667 0.011696
0.009666 0.009854
0.009664 0.014239
0.009661 0.014665
0.009660 0.012168
0.009659 0.010265
0.009652 0.018328
0.009640 0.012317
0.009637 0.009819
0.009631 0.013574
0.009620 0.010008
0.009617 0.012261
0.009612 0.018312
0.009608 0.009776
0.009605 0.009878
0.009595 0.013685
0.009592 0.010909
0.009580 0.009917
0.009563 0.018583
0.009547 0.013844
0.009546 0.017617
0.009546 0.012462
0.009544 0.010314
0.009538 0.014326
0.009528 0.010484
0.009528 0.010280
0.009527 0.009776
0.009512 0.012867
0.009506 0.011795
0.009497 0.009622
0.009496 0.010009
0.009486 0.009570
0.009482 0.010303
0.009467 0.009896
0.009465 0.009550
0.009448 0.023329
0.009424 0.010045
0.009421 0.011502
0.009420 0.010276
0.009405 0.015782
0.009396 0.010111
0.009393 0.013083
0.009389 0.014181
0.009378 0.014319
0.009359 0.009888
0.009357 0.018873
0.009349 0.009849
0.009342 0.010871
0.009328 0.012462
0.009322 0.010326
0.009317 0.009527
0.009316 0.011518
0.009313 0.010395
0.009308 0.010263
0.009302 0.011199
0.009291 0.011632
0.009288 0.010146
0.009288 0.009388
0.009276 0.010319
0.009273 0.014119
0.009271 0.012878
0.009259 0.009326
0.009251 0.014946
0.009250 0.009563
0.009245 0.009355
0.009240 0.010684
0.009239 0.010148
0.009238 0.010667
0.009234 0.011690
0.009230 0.010150
0.009227 0.014817
0.009209 0.009785
0.009206 0.015729
0.009205 0.010622
0.009201 0.010203
0.009190 0.012166
0.009184 0.009714
0.009183 0.009691
0.009182 0.012715
0.009173 0.009237
0.009163 0.011321
0.009163 0.012295
0.009160 0.011480
0.009159 0.014099
0.009154 0.010185
0.009153 0.009886
0.009153 0.010205
0.009144 0.009355
0.009140 0.010562
0.009128 0.009310
0.009124 0.010977
0.009117 0.009906
0.009116 0.010772
0.009111 0.009781
0.009105 0.011209
0.009105 0.011071
0.009104 0.017157
0.009100 0.013428
0.009094 0.012950
0.009082 0.010996
0.009072 0.009123
0.009067 0.009748
0.009058 0.009435
0.009054 0.009855
0.009051 0.010239
0.009022 0.011959
0.009017 0.011319
0.008999 0.010613
0.008994 0.011467
0.008993 0.014493
0.008991 0.014130
0.008989 0.009546
0.008988 0.009001
0.008986 0.016844
0.008976 0.010442
0.008970 0.013932
0.008965 0.009026
0.008956 0.015925
0.008956 0.010379
0.008955 0.009518
0.008945 0.010230
0.008940 0.011171
0.008939 0.009088
0.008938 0.009362
0.008927 0.015618
0.008925 0.013324
0.008915 0.009058
0.008906 0.009204
0.008905 0.010459
0.008902 0.009961
0.008899 0.008969
0.008897 0.009276
0.008890 0.008995
0.008889 0.011683
0.008877 0.009252
0.008873 0.009263
0.008870 0.014191
0.008869 0.008973
0.008868 0.014501
0.008856 0.009703
0.008843 0.011250
0.008840 0.009698
0.008831 0.012706
0.008829 0.009965
0.008821 0.016932
0.008812 0.009462
0.008812 0.009650
0.008806 0.015931
0.008797 0.016384
0.008797 0.010318
0.008796 0.011283
0.008786 0.012210
0.008784 0.015326
0.008779 0.014077
0.008779 0.013474
0.008771 0.010271
0.008771 0.013982
0.008755 0.011596
0.008754 0.008858
0.008744 0.009779
0.008741 0.009112
0.008721 0.011073
0.008714 0.009737
0.008713 0.012755
0.008710 0.008893
0.008706 0.010101
0.008706 0.009160
0.008704 0.012482
0.008698 0.011570
0.008692 0.010339
0.008691 0.016768
0.008690 0.012033
0.008683 0.009885
0.008682 0.008857
0.008681 0.010782
0.008678 0.010774
0.008676 0.012980
0.008672 0.010399
0.008670 0.014982
0.008667 0.011479
0.008664 0.011194
0.008662 0.010712
0.008658 0.011714
0.008657 0.009223
0.008657 0.010399
0.008653 0.012748
0.008643 0.010138
0.008641 0.012319
0.008640 0.011180
0.008638 0.011136
0.008637 0.008771
0.008626 0.009769
0.008621 0.009134
0.008621 0.009371
0.008615 0.010027
0.008611 0.010552
0.008610 0.009019
0.008610 0.008653
0.008607 0.010038
0.008598 0.011453
0.008595 0.010265
0.008593 0.010943
0.008583 0.010473
0.008581 0.008728
0.008580 0.011549
0.008575 0.010402
0.008569 0.012363
0.008566 0.015752
0.008565 0.015159
0.008564 0.009391
0.008559 0.008862
0.008554 0.009711
0.008553 0.010086
0.008550 0.016890
0.008550 0.008723
0.008547 0.011599
0.008543 0.014212
0.008534 0.012069
0.008533 0.010812
0.008531 0.009228
0.008526 0.008585
0.008524 0.011333
0.008521 0.016940
0.008518 0.012749
0.008518 0.010176
0.008516 0.009031
0.008509 0.009877
0.008505 0.008515
0.008504 0.009131
0.008498 0.009898
0.008497 0.013729
0.008492 0.010790
0.008487 0.013300
0.008484 0.009667
0.008481 0.009032
0.008479 0.008507
0.008470 0.012212
0.008468 0.009861
0.008455 0.015057
0.008455 0.009022
0.008455 0.013667
0.008449 0.010880
0.008448 0.013413
0.008435 0.014829
0.008432 0.012916
0.008430 0.010875
0.008429 0.008545
0.008426 0.008531
0.008423 0.009992
0.008413 0.013068
0.008408 0.009114
0.008398 0.015290
0.008393 0.008980
0.008387 0.011448
0.008387 0.008837
0.008386 0.013302
0.008379 0.010756
0.008376 0.009315
0.008373 0.009214
0.008368 0.010461
0.008367 0.008847
0.008361 0.010248
0.008360 0.008766
0.008358 0.011359
0.008358 0.009016
0.008354 0.012214
0.008350 0.008987
0.008348 0.015043
0.008347 0.008566
0.008345 0.012040
0.008333 0.008868
0.008332 0.010407
0.008331 0.018101
0.008327 0.008440
0.008324 0.009023
0.008319 0.011066
0.008319 0.010421
0.008317 0.010756
0.008311 0.008794
0.008305 0.008807
0.008302 0.015585
0.008301 0.008397
0.008297 0.009112
0.008293 0.008843
0.008287 0.016954
0.008286 0.008823
0.008276 0.016995
0.008273 0.008855
0.008272 0.008493
0.008269 0.013216
0.008262 0.008356
0.008259 0.010705
0.008255 0.010962
0.008251 0.008759
0.008250 0.008849
0.008247 0.009584
0.008246 0.010471
0.008244 0.009390
0.008241 0.008286
0.008237 0.010836
0.008233 0.008560
0.008231 0.010281
0.008226 0.011999
0.008223 0.016924
0.008215 0.008662
0.008188 0.009621
0.008185 0.012070
0.008184 0.009605
0.008182 0.008496
0.008173 0.009555
0.008172 0.009306
0.008164 0.008874
0.008154 0.008360
0.008154 0.011839
0.008149 0.010214
0.008145 0.014627
0.008140 0.012503
0.008135 0.011410
0.008130 0.009160
0.008125 0.008745
0.008123 0.010292
0.008116 0.010099
0.008111 0.012281
0.008107 0.009232
0.008099 0.011693
0.008098 0.012452
0.008097 0.009986
0.008093 0.008249
0.008092 0.008921
0.008079 0.011548
0.008077 0.008168
0.008063 0.009016
0.008055 0.008138
0.008045 0.016478
0.008040 0.014617
0.008036 0.008564
0.008033 0.009761
0.008030 0.008539
0.008029 0.011960
0.008027 0.008197
0.008026 0.011714
0.008025 0.009327
0.008019 0.014545
0.008017 0.014110
0.008016 0.014001
0.008014 0.009988
0.008009 0.011529
0.008004 0.008056
0.008003 0.008139
0.007999 0.009343
0.007991 0.008026
0.007989 0.008028
0.007988 0.009158
0.007987 0.010965
0.007985 0.010282
0.007982 0.008893
0.007981 0.020107
0.007981 0.009527
0.007978 0.010702
0.007976 0.008201
0.007971 0.015983
0.007956 0.008090
0.007953 0.008855
0.007950 0.008787
0.007947 0.008584
0.007935 0.012554
0.007931 0.008453
0.007926 0.007977
0.007918 0.008212
0.007915 0.013780
0.007915 0.011148
0.007906 0.009184
0.007905 0.012320
0.007902 0.008608
0.007901 0.008115
0.007898 0.009453
0.007898 0.016138
0.007895 0.011353
0.007890 0.009811
0.007888 0.017779
0.007886 0.008195
0.007871 0.009697
0.007862 0.008034
0.007861 0.008332
0.007859 0.009020
0.007859 0.009036
0.007853 0.008496
0.007853 0.009362
0.007851 0.008595
0.007840 0.008166
0.007837 0.008301
0.007837 0.007885
0.007836 0.013360
0.007834 0.011038
0.007831 0.015842
0.007830 0.011444
0.007824 0.008504
0.007815 0.011769
0.007815 0.009528
0.007809 0.009952
0.007798 0.008227
0.007798 0.009346
0.007795 0.009123
0.007795 0.012175
0.007791 0.012129
0.007786 0.012931
0.007785 0.009616
0.007780 0.012145
0.007779 0.008612
0.007773 0.010165
0.007770 0.009773
0.007764 0.012814
0.007761 0.014397
0.007757 0.007925
0.007747 0.009797
0.007742 0.015414
0.007742 0.010974
0.007720 0.008198
0.007719 0.008480
0.007717 0.009303
0.007713 0.008960
0.007710 0.014479
0.007706 0.009636
0.007703 0.007710
0.007700 0.008505
0.007699 0.009010
0.007698 0.007855
0.007697 0.009098
0.007693 0.014312
0.007689 0.008688
0.007689 0.009185
0.007687 0.007708
0.007687 0.009892
0.007676 0.008562
0.007675 0.008389
0.007668 0.009881
0.007666 0.012244
0.007664 0.008236
0.007654 0.008428
0.007652 0.010148
0.007651 0.007966
0.007649 0.011769
0.007648 0.011255
0.007646 0.009097
0.007642 0.008653
0.007636 0.008946
0.007635 0.007803
0.007633 0.013324
0.007633 0.009276
0.007628 0.007731
0.007626 0.008589
0.007625 0.010143
0.007623 0.008552
0.007621 0.009930
0.007619 0.008309
0.007616 0.010054
0.007613 0.008082
0.007612 0.013237
0.007609 0.007705
0.007605 0.011964
0.007600 0.007876
0.007599 0.009902
0.007590 0.010025
0.007578 0.010319
0.007570 0.008344
0.007569 0.010927
0.007569 0.009889
0.007564 0.011656
0.007559 0.012285
0.007556 0.008640
0.007553 0.014558
0.007548 0.008829
0.007546 0.008061
0.007544 0.011885
0.007542 0.010007
0.007538 0.007638
0.007537 0.007761
0.007524 0.012701
0.007520 0.009184
0.007515 0.007795
0.007515 0.008430
0.007513 0.013273
0.007511 0.007559
0.007499 0.008383
0.007498 0.013790
0.007495 0.009263
0.007488 0.011092
0.007485 0.008155
0.007480 0.008264
0.007480 0.008257
0.007476 0.012360
0.007456 0.007457
0.007456 0.010198
0.007456 0.008427
0.007455 0.007902
0.007451 0.007770
0.007445 0.008306
0.007445 0.011933
0.007435 0.007628
0.007434 0.012466
0.007432 0.007610
0.007431 0.017815
0.007431 0.008521
0.007427 0.009359
0.007425 0.017984
0.007425 0.008024
0.007420 0.009794
0.007420 0.008704
0.007419 0.008332
0.007418 0.012007
0.007414 0.009208
0.007414 0.008399
0.007412 0.007592
0.007409 0.011675
0.007408 0.007669
0.007406 0.013445
0.007404 0.011142
0.007403 0.007614
0.007394 0.013608
0.007392 0.007788
0.007387 0.009066
0.007380 0.009903
0.007377 0.007478
0.007372 0.009093
0.007367 0.007591
0.007366 0.008737
0.007363 0.007928
0.007361 0.007689
0.007360 0.008404
0.007351 0.007780
0.007349 0.009444
0.007344 0.007508
0.007343 0.010686
0.007342 0.013535
0.007340 0.015606
0.007331 0.011950
0.007325 0.009181
0.007319 0.010462
0.007315 0.008121
0.007298 0.008570
0.007296 0.013285
0.007296 0.007549
0.007291 0.007962
0.007288 0.007871
0.007288 0.009740
0.007287 0.017893
0.007278 0.007955
0.007273 0.007475
0.007264 0.010706
0.007258 0.008466
0.007256 0.012676
0.007254 0.014591
0.007254 0.007303
0.007250 0.010051
0.007249 0.009324
0.007247 0.007714
0.007244 0.008364
0.007242 0.009007
0.007242 0.008513
0.007240 0.008866
0.007237 0.013551
0.007236 0.007638
0.007232 0.010974
0.007230 0.008131
0.007225 0.008160
0.007224 0.012536
0.007222 0.008067
0.007218 0.009232
0.007216 0.010048
0.007215 0.010405
0.007207 0.010067
0.007204 0.008236
0.007192 0.007581
0.007191 0.008153
0.007186 0.010400
0.007184 0.008910
0.007184 0.011545
0.007182 0.011809
0.007182 0.011422
0.007179 0.009355
0.007172 0.008078
0.007165 0.008017
0.007163 0.009411
0.007162 0.008298
0.007161 0.008073
0.007161 0.010637
0.007146 0.007183
0.007135 0.007896
0.007121 0.010541
0.007119 0.007495
0.007118 0.008755
0.007105 0.007931
0.007100 0.008405
0.007100 0.011016
0.007093 0.010620
0.007086 0.011575
0.007083 0.009589
0.007076 0.014282
0.007075 0.011179
0.007073 0.015463
0.007069 0.015628
0.007064 0.007610
0.007062 0.012194
0.007059 0.009319
0.007055 0.008036
0.007050 0.007471
0.007050 0.009692
0.007049 0.008392
0.007047 0.010732
0.007045 0.008040
0.007042 0.007266
0.007029 0.013587
0.007027 0.008601
0.007025 0.007899
0.007022 0.008149
0.007018 0.010744
0.007016 0.009455
0.007014 0.009026
0.007003 0.009677
0.006992 0.008031
0.006991 0.007088
0.006990 0.007768
0.006978 0.007216
0.006977 0.007660
0.006969 0.016512
0.006968 0.007971
0.006966 0.009032
0.006962 0.009778
0.006951 0.007858
0.006944 0.009775
0.006941 0.007118
0.006939 0.008241
0.006937 0.008421
0.006925 0.006970
0.006923 0.007089
0.006918 0.008027
0.006917 0.008696
0.006914 0.008046
0.006913 0.006948
0.006910 0.007532
0.006909 0.007244
0.006901 0.010402
0.006899 0.012128
0.006896 0.007127
0.006893 0.013098
0.006886 0.009954
0.006880 0.007839
0.006862 0.011937
0.006860 0.007036
0.006859 0.012859
0.006859 0.006917
0.006857 0.009887
0.006854 0.008757
0.006853 0.008538
0.006852 0.008941
0.006851 0.010298
0.006844 0.009056
0.006840 0.011452
0.006840 0.007032
0.006834 0.007550
0.006832 0.015789
0.006832 0.007280
0.006825 0.008307
0.006825 0.007306
0.006819 0.016194
0.006818 0.007676
0.006814 0.008791
0.006811 0.007187
0.006805 0.006982
0.006803 0.007460
0.006803 0.016646
0.006795 0.007876
0.006783 0.007882
0.006782 0.008461
0.006781 0.007162
0.006781 0.008671
0.006778 0.007641
0.006777 0.007442
0.006776 0.015475
0.006767 0.007742
0.006764 0.006963
0.006763 0.008811
0.006760 0.009566
0.006755 0.006808
0.006749 0.007189
0.006748 0.008325
0.006745 0.008611
0.006740 0.008628
0.006737 0.008117
0.006734 0.006763
0.006719 0.012901
0.006718 0.009361
0.006714 0.008792
0.006713 0.008263
0.006711 0.008179
0.006706 0.008748
0.006703 0.006905
0.006702 0.008274
0.006698 0.006923
0.006697 0.010214
0.006694 0.011403
0.006694 0.012037
0.006693 0.010963
0.006692 0.009718
0.006691 0.006917
0.006691 0.007342
0.006689 0.007417
0.006686 0.006922
0.006683 0.008293
0.006679 0.012628
0.006667 0.007695
0.006664 0.008098
0.006663 0.009490
0.006658 0.008229
0.006658 0.007149
0.006641 0.007616
0.006636 0.006830
0.006634 0.009715
0.006634 0.007513
0.006628 0.008487
0.006628 0.006888
0.006626 0.008175
0.006611 0.008900
0.006609 0.008221
0.006606 0.008296
0.006602 0.013470
0.006599 0.007807
0.006594 0.007413
0.006589 0.010593
0.006583 0.007703
0.006581 0.006628
0.006579 0.007568
0.006578 0.007637
0.006576 0.007059
0.006571 0.008670
0.006567 0.007544
0.006564 0.013716
0.006561 0.007347
0.006561 0.007912
0.006551 0.011271
0.006547 0.009231
0.006543 0.007035
0.006540 0.007334
0.006532 0.007462
0.006532 0.009558
0.006528 0.006569
0.006528 0.006934
0.006521 0.009888
0.006520 0.010835
0.006518 0.010753
0.006517 0.008673
0.006510 0.006967
0.006509 0.008099
0.006506 0.008732
0.006499 0.009587
0.006498 0.012126
0.006498 0.006958
0.006497 0.008430
0.006495 0.008653
0.006489 0.007039
0.006478 0.009637
0.006477 0.007939
0.006473 0.009561
0.006470 0.008697
0.006463 0.007131
0.006448 0.006963
0.006448 0.006730
0.006447 0.008547
0.006447 0.012784
0.006443 0.011085
0.006440 0.010548
0.006435 0.009725
0.006429 0.007437
0.006423 0.009669
0.006422 0.008287
0.006422 0.006962
0.006420 0.009852
0.006415 0.007056
0.006415 0.012752
0.006410 0.006447
0.006408 0.008758
0.006407 0.007734
0.006389 0.013881
0.006387 0.006757
0.006387 0.006661
0.006382 0.006645
0.006371 0.011254
0.006367 0.009595
0.006365 0.010665
0.006349 0.009588
0.006347 0.008817
0.006346 0.012674
0.006333 0.006783
0.006331 0.012256
0.006329 0.007220
0.006326 0.013102
0.006321 0.012124
0.006320 0.008472
0.006318 0.007075
0.006318 0.013718
0.006309 0.007676
0.006301 0.009684
0.006300 0.010341
0.006289 0.006470
0.006286 0.006615
0.006283 0.007823
0.006280 0.010369
0.006277 0.013321
0.006274 0.006905
0.006274 0.006612
0.006269 0.006738
0.006258 0.006296
0.006257 0.013797
0.006244 0.008904
0.006235 0.008779
0.006233 0.009185
0.006228 0.006537
0.006226 0.008838
0.006223 0.006820
0.006214 0.006492
0.006209 0.012016
0.006202 0.012103
0.006201 0.009096
0.006198 0.006479
0.006195 0.012997
0.006192 0.007110
0.006192 0.006665
0.006189 0.013227
0.006180 0.011304
0.006175 0.006866
0.006174 0.008409
0.006171 0.006426
0.006169 0.008025
0.006161 0.006469
0.006150 0.011411
0.006145 0.010230
0.006144 0.008201
0.006142 0.007807
0.006136 0.006863
0.006135 0.009101
0.006131 0.011382
0.006129 0.007285
0.006126 0.006194
0.006123 0.012818
0.006118 0.010063
0.006116 0.009317
0.006108 0.006594
0.006107 0.006180
0.006105 0.007052
0.006098 0.006597
0.006087 0.014322
0.006080 0.006403
0.006080 0.007727
0.006079 0.007357
0.006077 0.007763
0.006075 0.008433
0.006073 0.007155
0.006072 0.007519
0.006070 0.010600
0.006064 0.008519
0.006063 0.006526
0.006044 0.009467
0.006038 0.011595
0.006030 0.006126
0.006020 0.007769
0.006015 0.006048
0.005999 0.008560
0.005997 0.009817
0.005991 0.006015
0.005987 0.008369
0.005981 0.006603
0.005980 0.012227
0.005980 0.006609
0.005979 0.006547
0.005975 0.006406
0.005974 0.006067
0.005968 0.008457
0.005966 0.008222
0.005965 0.006269
0.005955 0.006889
0.005954 0.006638
0.005952 0.006105
0.005951 0.013128
0.005950 0.007555
0.005933 0.007845
0.005926 0.006064
0.005921 0.006037
0.005920 0.006265
0.005919 0.007342
0.005918 0.011517
0.005910 0.006633
0.005910 0.006133
0.005909 0.006661
0.005900 0.006510
0.005893 0.005967
0.005885 0.009054
0.005880 0.008263
0.005876 0.009934
0.005876 0.007524
0.005870 0.008160
0.005862 0.007840
0.005861 0.007479
0.005859 0.007905
0.005858 0.006630
0.005854 0.006488
0.005847 0.009114
0.005833 0.007893
0.005830 0.007031
0.005829 0.007152
0.005822 0.006182
0.005821 0.011024
0.005821 0.006118
0.005816 0.007018
0.005812 0.006230
0.005799 0.007851
0.005783 0.006660
0.005781 0.006517
0.005770 0.006827
0.005767 0.008896
0.005767 0.006997
0.005759 0.006249
0.005752 0.006005
0.005734 0.008315
0.005733 0.005832
0.005729 0.006251
0.005723 0.005844
0.005723 0.007326
0.005716 0.006334
0.005716 0.006409
0.005710 0.007182
0.005706 0.005784
0.005700 0.006227
0.005700 0.006692
0.005688 0.005749
0.005687 0.007079
0.005681 0.010179
0.005671 0.007919
0.005670 0.006633
0.005663 0.006124
0.005661 0.007378
0.005654 0.007063
0.005651 0.010577
0.005643 0.007596
0.005636 0.006463
0.005631 0.006192
0.005624 0.005736
0.005622 0.015053
0.005615 0.005876
0.005615 0.011754
0.005614 0.006653
0.005614 0.007626
0.005598 0.005855
0.005596 0.007845
0.005595 0.005606
0.005594 0.010830
0.005594 0.006261
0.005588 0.006933
0.005586 0.005700
0.005574 0.005624
0.005567 0.006351
0.005564 0.005565
0.005550 0.006051
0.005550 0.008123
0.005544 0.005912
0.005525 0.007400
0.005519 0.005524
0.005518 0.007095
0.005514 0.011063
0.005507 0.005700
0.005506 0.005640
0.005505 0.007806
0.005499 0.005589
0.005490 0.007805
0.005488 0.009271
0.005488 0.007381
0.005474 0.005690
0.005464 0.012829
0.005458 0.006369
0.005434 0.005525
0.005422 0.007211
0.005417 0.006240
0.005414 0.005572
0.005403 0.005612
0.005389 0.005535
0.005382 0.006436
0.005372 0.006470
0.005363 0.005862
0.005351 0.008354
0.005351 0.007895
0.005350 0.005441
0.005341 0.006875
0.005340 0.005565
0.005335 0.005388
0.005333 0.008085
0.005327 0.006157
0.005317 0.005424
0.005310 0.005603
0.005299 0.005781
0.005298 0.009177
0.005295 0.005515
0.005295 0.007236
0.005290 0.005767
0.005288 0.005680
0.005277 0.005355
0.005274 0.006665
0.005269 0.008874
0.005267 0.007120
0.005267 0.005840
0.005262 0.009037
0.005252 0.006413
0.005251 0.007806
0.005221 0.006084
0.005212 0.005626
0.005201 0.005779
0.005185 0.005591
0.005180 0.005282
0.005174 0.009085
0.005173 0.007606
0.005160 0.005651
0.005158 0.005606
0.005155 0.006584
0.005145 0.005484
0.005143 0.007786
0.005143 0.005235
0.005140 0.009663
0.005137 0.007593
0.005132 0.007504
0.005130 0.005205
0.005126 0.005509
0.005116 0.005889
0.005110 0.007635
0.005109 0.005453
0.005103 0.005172
0.005102 0.005976
0.005101 0.005258
0.005100 0.008127
0.005091 0.005346
0.005070 0.005257
0.005070 0.006836
0.005042 0.006657
0.005029 0.005567
0.005027 0.006639
0.004980 0.005712
0.004975 0.005418
0.004965 0.006326
0.004958 0.007132
0.004955 0.005256
0.004953 0.005435
0.004944 0.005225
0.004937 0.005890
0.004931 0.005074
0.004931 0.005543
0.004929 0.005682
0.004909 0.005187
0.004907 0.004996
0.004905 0.006295
0.004877 0.005103
0.004876 0.004974
0.004869 0.005016
0.004859 0.005600
0.004857 0.007320
0.004852 0.004991
0.004839 0.005040
0.004838 0.006917
0.004828 0.005603
0.004820 0.004823
0.004816 0.005488
0.004813 0.005532
0.004813 0.008701
0.004805 0.005412
0.004782 0.005072
0.004781 0.008801
0.004772 0.009704
0.004770 0.005616
0.004755 0.005452
0.004752 0.005940
0.004739 0.005303
0.004739 0.004745
0.004732 0.005070
0.004724 0.006257
0.004716 0.004854
0.004710 0.004714
0.004708 0.005024
0.004703 0.005103
0.004703 0.005024
0.004691 0.005376
0.004686 0.004867
0.004678 0.006560
0.004654 0.005057
0.004654 0.004760
0.004642 0.004828
0.004619 0.004668
0.004588 0.006034
0.004585 0.004625
0.004576 0.004980
0.004571 0.005989
0.004557 0.006015
0.004555 0.006990
0.004554 0.005502
0.004553 0.006246
0.004540 0.004995
0.004515 0.004839
0.004511 0.004830
0.004506 0.004535
0.004501 0.006876
0.004498 0.004761
0.004496 0.004759
0.004491 0.004775
0.004488 0.004957
0.004479 0.005278
0.004463 0.006169
0.004457 0.004476
0.004455 0.004494
0.004453 0.004829
0.004450 0.004797
0.004443 0.004870
0.004440 0.005083
0.004435 0.005137
0.004423 0.004772
0.004393 0.005130
0.004392 0.005619
0.004385 0.004828
0.004375 0.005201
0.004366 0.004523
0.004360 0.006690
0.004355 0.004655
0.004354 0.004410
0.004346 0.004503
0.004329 0.004829
0.004317 0.004334
0.004312 0.004316
0.004304 0.006636
0.004279 0.004493
0.004265 0.005348
0.004259 0.004667
0.004231 0.004691
0.004221 0.004331
0.004213 0.004805
0.004203 0.005820
0.004202 0.004422
0.004201 0.004521
0.004197 0.004977
0.004193 0.004675
0.004192 0.004534
0.004180 0.004193
0.004169 0.004311
0.004168 0.004863
0.004167 0.004743
0.004164 0.005025
0.004162 0.004294
0.004137 0.005489
0.004135 0.006215
0.004126 0.004365
0.004122 0.004246
0.004120 0.004176
0.004088 0.004688
0.004061 0.004607
0.004056 0.004142
0.004036 0.004467
0.004032 0.004688
0.004001 0.005371
0.003989 0.004851
0.003963 0.005419
0.003953 0.004006
0.003934 0.004103
0.003920 0.004233
0.003910 0.004061
0.003905 0.004891
0.003873 0.004080
0.003854 0.004137
0.003811 0.004265
0.003795 0.005632
0.003782 0.004255
0.003782 0.004212
0.003772 0.004002
0.003740 0.004389
0.003730 0.003839
0.003701 0.003785
0.003688 0.004814
0.003678 0.003906
0.003677 0.004136
0.003654 0.003849
0.003613 0.004171
0.003594 0.004050
0.003572 0.003723
0.003540 0.003543
0.003529 0.003948
0.003521 0.004113
0.003518 0.003553
0.003485 0.004466
0.003436 0.004031
0.003378 0.003761
0.003363 0.004111
0.003336 0.003909
0.003304 0.003977
0.003295 0.003842
0.003293 0.003406
0.003285 0.003606
0.003189 0.003987
0.003130 0.005432
0.003082 0.003663
0.003080 0.003393
0.003047 0.004135
0.003039 0.003891
0.002979 0.003142
0.002964 0.002975
0.002785 0.004143
0.002648 0.002679
0.002483 0.002972
0.002361 0.002625
0.002221 0.002305
0.002042 0.002146
0.001849 0.001987
0.001399 0.001422
