0.306760 0.387179
0.130606 0.133982
0.091887 0.105363
0.087400 0.094280
0.085734 0.097902
0.080420 0.080710
0.076302 0.085820
0.068441 0.071628
0.066860 0.082746
0.065510 0.075340
0.065324 0.074480
0.063874 0.063951
0.063732 0.066210
0.063500 0.066281
0.063317 0.069616
0.062513 0.071437
0.060702 0.072840
0.060502 0.063860
0.059560 0.060856
0.058327 0.088943
0.056624 0.056679
0.055663 0.058105
0.055454 0.057866
0.054509 0.057812
0.054292 0.059276
0.053114 0.060120
0.052928 0.068870
0.052885 0.057628
0.052812 0.056586
0.052729 0.070561
0.051656 0.055380
0.051626 0.051796
0.051554 0.088067
0.050757 0.054361
0.050642 0.058626
0.050547 0.064357
0.050396 0.051295
0.049320 0.050258
0.049244 0.052602
0.048610 0.058256
0.048521 0.064877
0.047941 0.056863
0.047276 0.062571
0.047230 0.052011
0.047178 0.061112
0.046572 0.067361
0.046485 0.062249
0.046095 0.066157
0.045788 0.057911
0.045758 0.075688
0.044874 0.048811
0.044366 0.046228
0.044187 0.045266
0.044008 0.045511
0.043134 0.051371
0.042932 0.062559
0.042855 0.062222
0.042642 0.044630
0.041931 0.043763
0.041267 0.059161
0.040557 0.063717
0.040506 0.043023
0.040373 0.046889
0.039888 0.040264
0.039888 0.063725
0.039565 0.040383
0.038976 0.043935
0.038968 0.039364
0.038857 0.044530
0.037668 0.040600
0.037659 0.041290
0.037621 0.045804
0.037443 0.059129
0.037374 0.041256
0.037367 0.060140
0.037364 0.042645
0.037224 0.037973
0.037200 0.075656
0.037098 0.048672
0.036539 0.037922
0.036348 0.048711
0.035192 0.035723
0.034747 0.042642
0.034369 0.059517
0.034037 0.039781
0.033200 0.044659
0.032996 0.039929
0.032963 0.034121
0.032748 0.050213
0.032741 0.047137
0.032561 0.032893
0.032502 0.046805
0.032198 0.052435
0.031255 0.036215
0.031241 0.044870
0.031235 0.041172
0.031201 0.031347
0.030869 0.031528
0.030763 0.031451
0.030540 0.055475
0.030294 0.037536
0.030092 0.041712
0.029827 0.031343
0.029821 0.038138
0.029687 0.031802
0.029498 0.047562
0.029498 0.033417
0.029403 0.032263
0.029246 0.036158
0.028881 0.032623
0.028859 0.030761
0.028086 0.031155
0.027761 0.035015
0.027492 0.027667
0.027376 0.032814
0.026751 0.028407
0.026678 0.027585
0.026505 0.035566
0.026504 0.029357
0.026122 0.029712
0.025954 0.028380
0.025888 0.026576
0.025857 0.039457
0.025674 0.028771
0.025508 0.039916
0.025358 0.025962
0.025356 0.025745
0.025268 0.029251
0.025070 0.025578
0.025063 0.029501
0.024976 0.025442
0.024805 0.025594
0.024603 0.030260
0.024562 0.027955
0.024418 0.027107
0.024211 0.025765
0.024073 0.031855
0.024070 0.027000
0.023870 0.025765
0.023828 0.025217
0.023788 0.028806
0.023625 0.035589
0.023601 0.024149
0.023509 0.033905
0.023508 0.027823
0.023289 0.025385
0.023132 0.023517
0.022849 0.027154
0.022829 0.023208
0.022807 0.025978
0.022792 0.028093
0.022577 0.031101
0.022437 0.023539
0.022233 0.035108
0.022225 0.022921
0.022081 0.033616
0.022069 0.023504
0.022065 0.024118
0.021950 0.023558
0.021791 0.024031
0.021728 0.025523
0.021501 0.028050
0.021466 0.021970
0.021167 0.021995
0.020954 0.024765
0.020898 0.026460
0.020792 0.022939
0.020750 0.023895
0.020740 0.022552
0.020726 0.029017
0.020438 0.031749
0.020384 0.032241
0.020320 0.024193
0.020305 0.024684
0.020217 0.023999
0.020149 0.028897
0.020110 0.026095
0.020103 0.046469
0.019975 0.022540
0.019907 0.021652
0.019831 0.019999
0.019763 0.022040
0.019735 0.023950
0.019702 0.020868
0.019567 0.019849
0.019525 0.021177
0.019174 0.022994
0.019118 0.019735
0.019117 0.019730
0.018967 0.029035
0.018869 0.019317
0.018662 0.019308
0.018661 0.029080
0.018622 0.019504
0.018469 0.021830
0.018374 0.028966
0.018362 0.019664
0.018212 0.027090
0.018194 0.023896
0.018130 0.018559
0.018126 0.024617
0.017965 0.020034
0.017799 0.018114
0.017792 0.018945
0.017750 0.019304
0.017743 0.020698
0.017690 0.028975
0.017681 0.017924
0.017666 0.025093
0.017664 0.018293
0.017659 0.018960
0.017512 0.022065
0.017469 0.018142
0.017459 0.017648
0.017455 0.026785
0.017452 0.018942
0.017328 0.020539
0.017305 0.017820
0.017181 0.019585
0.017169 0.018035
0.017105 0.021391
0.016948 0.021336
0.016920 0.017072
0.016913 0.021582
0.016804 0.019774
0.016788 0.018600
0.016770 0.029160
0.016761 0.026290
0.016741 0.023504
0.016741 0.022488
0.016681 0.021065
0.016655 0.023279
0.016495 0.023643
0.016453 0.021518
0.016426 0.019348
0.016379 0.026587
0.016344 0.016698
0.016280 0.016836
0.016251 0.017443
0.016215 0.019387
0.016210 0.016280
0.016204 0.017754
0.016088 0.017512
0.016050 0.016220
0.016026 0.019690
0.015931 0.016212
0.015892 0.015979
0.015777 0.023933
0.015741 0.017829
0.015650 0.025115
0.015627 0.016245
0.015579 0.020103
0.015508 0.020102
0.015431 0.016130
0.015426 0.015773
0.015411 0.019114
0.015399 0.021676
0.015392 0.018202
0.015370 0.017483
0.015232 0.017352
0.015219 0.020119
0.015210 0.021438
0.015158 0.023846
0.015155 0.020034
0.015062 0.015313
0.015035 0.019509
0.015024 0.017117
0.015004 0.016298
0.014986 0.015099
0.014760 0.016377
0.014598 0.015401
0.014352 0.016494
0.014329 0.033410
0.014265 0.016332
0.014254 0.014313
0.014244 0.017483
0.014191 0.014624
0.014175 0.016425
0.014121 0.015132
0.014120 0.018835
0.014017 0.018684
0.013945 0.016416
0.013898 0.016785
0.013874 0.015343
0.013769 0.016547
0.013681 0.014469
0.013621 0.015363
0.013584 0.017702
0.013575 0.017569
0.013504 0.018186
0.013465 0.016961
0.013462 0.018115
0.013383 0.016244
0.013340 0.018868
0.013275 0.015876
0.013270 0.015233
0.013235 0.015471
0.013233 0.018958
0.013198 0.017934
0.013183 0.019263
0.013060 0.017577
0.013059 0.013392
0.013041 0.024611
0.012932 0.013750
0.012894 0.017061
0.012888 0.014345
0.012840 0.012859
0.012808 0.021007
0.012784 0.012809
0.012738 0.017189
0.012731 0.015040
0.012722 0.016557
0.012692 0.018249
0.012563 0.014475
0.012534 0.012619
0.012526 0.016778
0.012499 0.013535
0.012498 0.015495
0.012343 0.014488
0.012181 0.013965
0.012167 0.013639
0.012165 0.014562
0.012161 0.012871
0.012154 0.016239
0.012141 0.012468
0.012042 0.013645
0.012039 0.012144
0.012039 0.017476
0.011981 0.013424
0.011975 0.018834
0.011952 0.013182
0.011939 0.012041
0.011863 0.014423
0.011862 0.011881
0.011858 0.011898
0.011832 0.011904
0.011785 0.014445
0.011748 0.013659
0.011720 0.012485
0.011706 0.013872
0.011705 0.012422
0.011683 0.012427
0.011675 0.015756
0.011626 0.012380
0.011609 0.025761
0.011584 0.012368
0.011537 0.012062
0.011533 0.011642
0.011510 0.017241
0.011499 0.013469
0.011498 0.014133
0.011318 0.015204
0.011316 0.016896
0.011308 0.011446
0.011301 0.014158
0.011285 0.012300
0.011254 0.015544
0.011241 0.013200
0.011207 0.017535
0.011170 0.012756
0.011129 0.011324
0.011125 0.015488
0.011113 0.013543
0.011097 0.011424
0.011074 0.011505
0.011069 0.011586
0.011039 0.011179
0.011037 0.013234
0.010992 0.012088
0.010980 0.013886
0.010975 0.011712
0.010974 0.015440
0.010919 0.011024
0.010896 0.013324
0.010884 0.011331
0.010868 0.012229
0.010799 0.017330
0.010763 0.011388
0.010752 0.011754
0.010752 0.017653
0.010751 0.011108
0.010745 0.013761
0.010738 0.011162
0.010730 0.017130
0.010673 0.012966
0.010671 0.011375
0.010642 0.011955
0.010612 0.016292
0.010541 0.011639
0.010528 0.015618
0.010512 0.011396
0.010510 0.010860
0.010470 0.011741
0.010401 0.010508
0.010401 0.016119
0.010360 0.010528
0.010326 0.011169
0.010310 0.012845
0.010283 0.012076
0.010269 0.010352
0.010234 0.012202
0.010215 0.010909
0.010199 0.010384
0.010156 0.010168
0.010155 0.010558
0.010148 0.016275
0.010146 0.013929
0.010136 0.010208
0.010126 0.011352
0.010110 0.010254
0.010095 0.010584
0.010093 0.010240
0.010055 0.010877
0.010051 0.011598
0.010048 0.010146
0.010042 0.020609
0.010006 0.017333
0.009997 0.010435
0.009994 0.010364
0.009983 0.011059
0.009979 0.013194
0.009973 0.011169
0.009969 0.019625
0.009953 0.010732
0.009928 0.013669
0.009928 0.013139
0.009908 0.009913
0.009888 0.010784
0.009866 0.019656
0.009843 0.010259
0.009830 0.011360
0.009817 0.011423
0.009793 0.010849
0.009792 0.013303
0.009788 0.010359
0.009785 0.011747
0.009778 0.012416
0.009713 0.009970
0.009670 0.014564
0.009653 0.014722
0.009634 0.010000
0.009633 0.009975
0.009633 0.011957
0.009616 0.010137
0.009599 0.011037
0.009586 0.012164
0.009586 0.009693
0.009576 0.011534
0.009576 0.009654
0.009549 0.014223
0.009483 0.010469
0.009473 0.011341
0.009471 0.014256
0.009452 0.009542
0.009444 0.010401
0.009442 0.013060
0.009409 0.009427
0.009408 0.010862
0.009396 0.011265
0.009385 0.010603
0.009339 0.010835
0.009326 0.009683
0.009301 0.010143
0.009295 0.015434
0.009288 0.009849
0.009286 0.009537
0.009284 0.009693
0.009269 0.012546
0.009249 0.011199
0.009243 0.012513
0.009241 0.010505
0.009238 0.012437
0.009192 0.009804
0.009178 0.010766
0.009101 0.009892
0.009099 0.009324
0.009091 0.009968
0.009088 0.009895
0.009086 0.010151
0.009075 0.013701
0.009072 0.010737
0.009057 0.009270
0.009055 0.018972
0.009054 0.009560
0.009053 0.011088
0.009051 0.009312
0.009047 0.014410
0.009039 0.010154
0.009034 0.011434
0.009031 0.011542
0.009006 0.011304
0.008998 0.014677
0.008973 0.008989
0.008955 0.012454
0.008935 0.014050
0.008917 0.016172
0.008917 0.010638
0.008894 0.010540
0.008879 0.010618
0.008878 0.009519
0.008871 0.012304
0.008863 0.018314
0.008856 0.008913
0.008836 0.008874
0.008807 0.010113
0.008794 0.010487
0.008792 0.011475
0.008791 0.010875
0.008790 0.014233
0.008755 0.008984
0.008750 0.010576
0.008738 0.014395
0.008722 0.008977
0.008715 0.008994
0.008707 0.013157
0.008680 0.012767
0.008674 0.013784
0.008669 0.014417
0.008655 0.014091
0.008648 0.009382
0.008611 0.012311
0.008609 0.010240
0.008604 0.009448
0.008603 0.010116
0.008603 0.010694
0.008595 0.012120
0.008590 0.011629
0.008583 0.013191
0.008576 0.008745
0.008572 0.008919
0.008545 0.010557
0.008544 0.010967
0.008540 0.014881
0.008539 0.008778
0.008514 0.008731
0.008510 0.009192
0.008503 0.014305
0.008502 0.008938
0.008501 0.009655
0.008456 0.008459
0.008455 0.008559
0.008442 0.010546
0.008437 0.008687
0.008429 0.010027
0.008422 0.008730
0.008417 0.008920
0.008411 0.008423
0.008408 0.008754
0.008382 0.008383
0.008382 0.009014
0.008374 0.008666
0.008367 0.009424
0.008351 0.009724
0.008341 0.011103
0.008341 0.009413
0.008339 0.010208
0.008331 0.011232
0.008318 0.010614
0.008316 0.008645
0.008295 0.013419
0.008295 0.008413
0.008281 0.011360
0.008279 0.008387
0.008272 0.008609
0.008256 0.008348
0.008230 0.008387
0.008229 0.008451
0.008224 0.008705
0.008202 0.009218
0.008201 0.011954
0.008194 0.009090
0.008191 0.011339
0.008184 0.008551
0.008182 0.013291
0.008170 0.009364
0.008157 0.008516
0.008141 0.008418
0.008138 0.008283
0.008133 0.008785
0.008127 0.013021
0.008119 0.016037
0.008116 0.008160
0.008114 0.008510
0.008091 0.009121
0.008072 0.010152
0.008056 0.010298
0.008056 0.008064
0.008048 0.008680
0.008011 0.011224
0.008009 0.010039
0.007993 0.008963
0.007991 0.009727
0.007974 0.008106
0.007965 0.008927
0.007959 0.015274
0.007958 0.008320
0.007953 0.008233
0.007945 0.008513
0.007941 0.013181
0.007932 0.009049
0.007925 0.010061
0.007925 0.007960
0.007923 0.009132
0.007922 0.008044
0.007920 0.009017
0.007906 0.008252
0.007905 0.008381
0.007902 0.010292
0.007901 0.009580
0.007890 0.008707
0.007884 0.009644
0.007882 0.009357
0.007879 0.009476
0.007875 0.011449
0.007855 0.008815
0.007848 0.011589
0.007814 0.008173
0.007802 0.014728
0.007786 0.008673
0.007766 0.008099
0.007765 0.008532
0.007764 0.011340
0.007742 0.012301
0.007731 0.014773
0.007730 0.008987
0.007730 0.008003
0.007711 0.007805
0.007707 0.012367
0.007706 0.008188
0.007699 0.008515
0.007684 0.007787
0.007683 0.010928
0.007683 0.008871
0.007682 0.008895
0.007681 0.007783
0.007653 0.009271
0.007645 0.011887
0.007644 0.010244
0.007642 0.010233
0.007638 0.008342
0.007635 0.008906
0.007628 0.008431
0.007622 0.008669
0.007622 0.008113
0.007620 0.009748
0.007619 0.013972
0.007615 0.011800
0.007614 0.010620
0.007600 0.009419
0.007595 0.008757
0.007586 0.007611
0.007585 0.009584
0.007584 0.009100
0.007583 0.010730
0.007581 0.009023
0.007581 0.009221
0.007580 0.008240
0.007568 0.007753
0.007566 0.007728
0.007556 0.008938
0.007550 0.007558
0.007545 0.007915
0.007543 0.012954
0.007533 0.008380
0.007527 0.007568
0.007515 0.008442
0.007501 0.008814
0.007499 0.008032
0.007497 0.009261
0.007494 0.009356
0.007494 0.009075
0.007492 0.009566
0.007486 0.010744
0.007484 0.015047
0.007483 0.009881
0.007482 0.007634
0.007478 0.007864
0.007476 0.007832
0.007472 0.011492
0.007472 0.009395
0.007470 0.008743
0.007445 0.008213
0.007439 0.010183
0.007437 0.008243
0.007430 0.007572
0.007425 0.007541
0.007416 0.007735
0.007410 0.008174
0.007398 0.008139
0.007389 0.009066
0.007386 0.010835
0.007382 0.009261
0.007380 0.009123
0.007378 0.008062
0.007374 0.007381
0.007373 0.007552
0.007370 0.012583
0.007370 0.009337
0.007366 0.008130
0.007355 0.007667
0.007338 0.007792
0.007330 0.007676
0.007324 0.009852
0.007322 0.007475
0.007285 0.009318
0.007280 0.009979
0.007278 0.008388
0.007260 0.007745
0.007256 0.007779
0.007253 0.007508
0.007253 0.012113
0.007252 0.007433
0.007245 0.010154
0.007241 0.012254
0.007228 0.008673
0.007227 0.008483
0.007217 0.009169
0.007205 0.008274
0.007198 0.009335
0.007185 0.008033
0.007181 0.007271
0.007157 0.008295
0.007157 0.008427
0.007152 0.013635
0.007144 0.013339
0.007142 0.007143
0.007138 0.007180
0.007137 0.007461
0.007137 0.008785
0.007131 0.007209
0.007131 0.007143
0.007128 0.012024
0.007126 0.011169
0.007120 0.009151
0.007116 0.007286
0.007113 0.010888
0.007103 0.007476
0.007101 0.007427
0.007093 0.009915
0.007090 0.009179
0.007088 0.009230
0.007088 0.009293
0.007086 0.010715
0.007071 0.008037
0.007069 0.007762
0.007062 0.009122
0.007059 0.007954
0.007055 0.007878
0.007050 0.013279
0.007048 0.007353
0.007042 0.007232
0.007039 0.007416
0.007034 0.011538
0.007023 0.007865
0.007013 0.007763
0.007013 0.011616
0.007011 0.009452
0.007011 0.007258
0.007006 0.007684
0.007001 0.009540
0.006983 0.007119
0.006982 0.009056
0.006976 0.007116
0.006976 0.011167
0.006971 0.007280
0.006964 0.012440
0.006958 0.008267
0.006956 0.008764
0.006955 0.008148
0.006952 0.007204
0.006951 0.008075
0.006949 0.011339
0.006943 0.007223
0.006942 0.014729
0.006941 0.007104
0.006940 0.008265
0.006939 0.007658
0.006937 0.007422
0.006936 0.007725
0.006934 0.007468
0.006928 0.008684
0.006926 0.007043
0.006924 0.007944
0.006916 0.012447
0.006916 0.007540
0.006899 0.006958
0.006898 0.007338
0.006898 0.009686
0.006896 0.008041
0.006882 0.008531
0.006873 0.007439
0.006869 0.008055
0.006868 0.009181
0.006865 0.006874
0.006862 0.010158
0.006860 0.008396
0.006855 0.007329
0.006838 0.007638
0.006836 0.008639
0.006834 0.008842
0.006832 0.008580
0.006831 0.007151
0.006831 0.007209
0.006819 0.009386
0.006813 0.010115
0.006803 0.006824
0.006787 0.007178
0.006785 0.007662
0.006785 0.007312
0.006783 0.009577
0.006772 0.015227
0.006771 0.008293
0.006770 0.008678
0.006766 0.008209
0.006757 0.006847
0.006755 0.006825
0.006752 0.006776
0.006739 0.007431
0.006738 0.007461
0.006731 0.009742
0.006728 0.009793
0.006718 0.011715
0.006717 0.010108
0.006713 0.009209
0.006711 0.006777
0.006706 0.010644
0.006695 0.007030
0.006683 0.007458
0.006681 0.007091
0.006680 0.013501
0.006674 0.006866
0.006668 0.010930
0.006665 0.006751
0.006661 0.007961
0.006652 0.008068
0.006649 0.007986
0.006645 0.008908
0.006640 0.006926
0.006637 0.008060
0.006634 0.006717
0.006625 0.006845
0.006619 0.006887
0.006618 0.006794
0.006617 0.007907
0.006614 0.009391
0.006614 0.006744
0.006610 0.009107
0.006609 0.008194
0.006607 0.007856
0.006607 0.006838
0.006604 0.007085
0.006593 0.007113
0.006586 0.006842
0.006586 0.010035
0.006577 0.008174
0.006564 0.006791
0.006561 0.007837
0.006560 0.011697
0.006555 0.009102
0.006554 0.007176
0.006551 0.007258
0.006536 0.006950
0.006535 0.006770
0.006532 0.007909
0.006519 0.011081
0.006514 0.006912
0.006513 0.006531
0.006509 0.007255
0.006505 0.007541
0.006505 0.009365
0.006496 0.010975
0.006495 0.006952
0.006491 0.006849
0.006478 0.007224
0.006473 0.006514
0.006473 0.008220
0.006472 0.006841
0.006472 0.007353
0.006467 0.010766
0.006463 0.006563
0.006463 0.007434
0.006461 0.007029
0.006459 0.009012
0.006447 0.006530
0.006443 0.011595
0.006443 0.006575
0.006440 0.007146
0.006434 0.007275
0.006434 0.006462
0.006425 0.006837
0.006424 0.006882
0.006423 0.006860
0.006418 0.006903
0.006416 0.008737
0.006411 0.006497
0.006409 0.006759
0.006408 0.009997
0.006406 0.007364
0.006404 0.008535
0.006404 0.006641
0.006400 0.007946
0.006383 0.009353
0.006383 0.006952
0.006380 0.009510
0.006371 0.006856
0.006368 0.006816
0.006367 0.009174
0.006358 0.007967
0.006344 0.007062
0.006339 0.008269
0.006337 0.006798
0.006336 0.007639
0.006334 0.009414
0.006334 0.006348
0.006330 0.007580
0.006329 0.007013
0.006327 0.006860
0.006327 0.006602
0.006325 0.007504
0.006322 0.006350
0.006322 0.006392
0.006321 0.008853
0.006314 0.007792
0.006304 0.007019
0.006301 0.006390
0.006292 0.007197
0.006288 0.006632
0.006286 0.007203
0.006284 0.006377
0.006282 0.008732
0.006281 0.006713
0.006276 0.007608
0.006272 0.006992
0.006267 0.008264
0.006264 0.010203
0.006257 0.007816
0.006257 0.007426
0.006255 0.006458
0.006248 0.010282
0.006248 0.007795
0.006247 0.012424
0.006247 0.008996
0.006242 0.006252
0.006236 0.006529
0.006235 0.006247
0.006232 0.006577
0.006231 0.006810
0.006221 0.006908
0.006215 0.006279
0.006214 0.008226
0.006212 0.014205
0.006211 0.006558
0.006211 0.006898
0.006202 0.006310
0.006202 0.007374
0.006198 0.006240
0.006197 0.006816
0.006191 0.006908
0.006181 0.006399
0.006173 0.008243
0.006172 0.006341
0.006166 0.007165
0.006157 0.007327
0.006154 0.006326
0.006153 0.007297
0.006132 0.008112
0.006132 0.006796
0.006127 0.011657
0.006119 0.009877
0.006116 0.006509
0.006114 0.008227
0.006106 0.006964
0.006105 0.006377
0.006101 0.006945
0.006092 0.007881
0.006090 0.006475
0.006088 0.008414
0.006087 0.007420
0.006082 0.008193
0.006080 0.007069
0.006080 0.006845
0.006078 0.007974
0.006073 0.007158
0.006072 0.007328
0.006071 0.007790
0.006069 0.007850
0.006068 0.011718
0.006068 0.006191
0.006065 0.006484
0.006065 0.006137
0.006063 0.006742
0.006063 0.009414
0.006059 0.007058
0.006057 0.006102
0.006056 0.011139
0.006054 0.012234
0.006054 0.006754
0.006046 0.007169
0.006027 0.007271
0.006017 0.011725
0.006012 0.007511
0.006011 0.008376
0.006010 0.007427
0.006006 0.006389
0.006005 0.011071
0.006005 0.008003
0.005993 0.007692
0.005993 0.006822
0.005985 0.009704
0.005982 0.006318
0.005981 0.007734
0.005972 0.006591
0.005968 0.006198
0.005962 0.006998
0.005960 0.006492
0.005959 0.014013
0.005957 0.006321
0.005952 0.007736
0.005947 0.006428
0.005933 0.007905
0.005930 0.006570
0.005919 0.014913
0.005917 0.007581
0.005910 0.006576
0.005908 0.007085
0.005907 0.008202
0.005906 0.006031
0.005906 0.006245
0.005899 0.007135
0.005896 0.006575
0.005896 0.008087
0.005895 0.010324
0.005891 0.007063
0.005887 0.007745
0.005886 0.013881
0.005882 0.005907
0.005876 0.006043
0.005876 0.006134
0.005873 0.009826
0.005872 0.006120
0.005872 0.005949
0.005870 0.007414
0.005870 0.007713
0.005870 0.007898
0.005866 0.009692
0.005865 0.006584
0.005863 0.005890
0.005861 0.007756
0.005860 0.006441
0.005856 0.006696
0.005849 0.010375
0.005845 0.006079
0.005842 0.006244
0.005842 0.006896
0.005841 0.006164
0.005839 0.010197
0.005830 0.006072
0.005827 0.007418
0.005826 0.006316
0.005823 0.008672
0.005823 0.005919
0.005823 0.007016
0.005822 0.005883
0.005818 0.005854
0.005816 0.007416
0.005814 0.006463
0.005811 0.006722
0.005809 0.006944
0.005808 0.010685
0.005808 0.006804
0.005805 0.008745
0.005804 0.006605
0.005800 0.007343
0.005799 0.006895
0.005794 0.007683
0.005791 0.006222
0.005791 0.006249
0.005790 0.007580
0.005790 0.007193
0.005789 0.015540
0.005784 0.005917
0.005782 0.008810
0.005776 0.007726
0.005775 0.006063
0.005773 0.006521
0.005765 0.006102
0.005763 0.006034
0.005760 0.007238
0.005755 0.005835
0.005745 0.006219
0.005737 0.006789
0.005734 0.006367
0.005728 0.006662
0.005726 0.007532
0.005724 0.010670
0.005714 0.012845
0.005713 0.006905
0.005709 0.006366
0.005709 0.006682
0.005704 0.006833
0.005697 0.008542
0.005696 0.009787
0.005696 0.009474
0.005689 0.006096
0.005687 0.006626
0.005682 0.010759
0.005679 0.006384
0.005678 0.005877
0.005677 0.005968
0.005676 0.007755
0.005672 0.006814
0.005670 0.007454
0.005669 0.005796
0.005667 0.006495
0.005665 0.007290
0.005659 0.006873
0.005655 0.006668
0.005653 0.008927
0.005652 0.013196
0.005650 0.006929
0.005649 0.006287
0.005649 0.006534
0.005645 0.006990
0.005644 0.007296
0.005642 0.006479
0.005642 0.005896
0.005642 0.006078
0.005639 0.005822
0.005636 0.006812
0.005635 0.005896
0.005634 0.006497
0.005633 0.007670
0.005633 0.010108
0.005632 0.007352
0.005625 0.006061
0.005622 0.006721
0.005622 0.006598
0.005617 0.005625
0.005616 0.006050
0.005613 0.006301
0.005608 0.005960
0.005605 0.006431
0.005604 0.005795
0.005600 0.006182
0.005599 0.007785
0.005597 0.006140
0.005596 0.005762
0.005596 0.006487
0.005595 0.005821
0.005591 0.006308
0.005589 0.006221
0.005586 0.005973
0.005585 0.010740
0.005579 0.005657
0.005579 0.005732
0.005572 0.006202
0.005572 0.011111
0.005568 0.005595
0.005567 0.008639
0.005566 0.007682
0.005561 0.006731
0.005560 0.005948
0.005558 0.005919
0.005556 0.006827
0.005555 0.005624
0.005553 0.010013
0.005543 0.007884
0.005543 0.006668
0.005542 0.007828
0.005537 0.007380
0.005536 0.006167
0.005534 0.005808
0.005532 0.009217
0.005532 0.006193
0.005531 0.007725
0.005530 0.009613
0.005526 0.005774
0.005522 0.006377
0.005522 0.010187
0.005519 0.008211
0.005519 0.005783
0.005514 0.006361
0.005512 0.006573
0.005511 0.006091
0.005509 0.006305
0.005508 0.006665
0.005501 0.005895
0.005495 0.006686
0.005491 0.011950
0.005490 0.005900
0.005489 0.006892
0.005487 0.005559
0.005487 0.009952
0.005484 0.005531
0.005479 0.006043
0.005478 0.005484
0.005474 0.007407
0.005472 0.007234
0.005469 0.013708
0.005463 0.005849
0.005459 0.006421
0.005458 0.006000
0.005457 0.005565
0.005454 0.006660
0.005454 0.006150
0.005451 0.008109
0.005448 0.006235
0.005445 0.005503
0.005444 0.008683
0.005436 0.006299
0.005435 0.008021
0.005431 0.006380
0.005431 0.008189
0.005430 0.007239
0.005430 0.005464
0.005423 0.006300
0.005420 0.007463
0.005420 0.005626
0.005416 0.006307
0.005415 0.011299
0.005414 0.006634
0.005414 0.005967
0.005413 0.007864
0.005400 0.006745
0.005400 0.005642
0.005400 0.006513
0.005399 0.006310
0.005398 0.006121
0.005397 0.007332
0.005397 0.006331
0.005395 0.007193
0.005394 0.008355
0.005390 0.006404
0.005386 0.005750
0.005380 0.007576
0.005379 0.009622
0.005366 0.006319
0.005363 0.005424
0.005355 0.005995
0.005354 0.005716
0.005352 0.006173
0.005349 0.005661
0.005345 0.007680
0.005344 0.005773
0.005343 0.007665
0.005338 0.006084
0.005335 0.007640
0.005335 0.007078
0.005334 0.007180
0.005333 0.006057
0.005333 0.005469
0.005332 0.008489
0.005331 0.005968
0.005330 0.006637
0.005330 0.006753
0.005327 0.005608
0.005325 0.006589
0.005317 0.006628
0.005314 0.007884
0.005313 0.006089
0.005309 0.005949
0.005306 0.005812
0.005305 0.006097
0.005302 0.006405
0.005300 0.005589
0.005299 0.008417
0.005299 0.005542
0.005299 0.010942
0.005297 0.009991
0.005292 0.005367
0.005291 0.007753
0.005288 0.008597
0.005287 0.005557
0.005284 0.005869
0.005276 0.007433
0.005276 0.006090
0.005275 0.005283
0.005270 0.005513
0.005265 0.005406
0.005265 0.008171
0.005264 0.009012
0.005262 0.005732
0.005262 0.006324
0.005261 0.006746
0.005260 0.006127
0.005251 0.006305
0.005248 0.006136
0.005245 0.007688
0.005245 0.005320
0.005242 0.007717
0.005240 0.005584
0.005238 0.005827
0.005236 0.008190
0.005233 0.006807
0.005230 0.006136
0.005229 0.005847
0.005224 0.006018
0.005220 0.006978
0.005219 0.007377
0.005217 0.008207
0.005215 0.008230
0.005213 0.005617
0.005211 0.005900
0.005200 0.009017
0.005198 0.005804
0.005198 0.005685
0.005189 0.005721
0.005189 0.005579
0.005186 0.005629
0.005184 0.011586
0.005176 0.008488
0.005176 0.008637
0.005173 0.007420
0.005167 0.011324
0.005163 0.007929
0.005161 0.006857
0.005158 0.005458
0.005157 0.007616
0.005155 0.009652
0.005153 0.005635
0.005152 0.006173
0.005150 0.005293
0.005149 0.006153
0.005148 0.005238
0.005145 0.005890
0.005143 0.006682
0.005143 0.005830
0.005142 0.008011
0.005141 0.007587
0.005139 0.006495
0.005137 0.008112
0.005135 0.006294
0.005130 0.005792
0.005127 0.005688
0.005126 0.007184
0.005123 0.006833
0.005122 0.006215
0.005121 0.008014
0.005117 0.008958
0.005111 0.008068
0.005110 0.005567
0.005109 0.007731
0.005106 0.005382
0.005102 0.008789
0.005102 0.008405
0.005101 0.007969
0.005098 0.006174
0.005093 0.005584
0.005090 0.008019
0.005088 0.007653
0.005086 0.005113
0.005084 0.007405
0.005084 0.006968
0.005080 0.006044
0.005076 0.005568
0.005076 0.006519
0.005073 0.005606
0.005072 0.006109
0.005069 0.005176
0.005069 0.009674
0.005067 0.005540
0.005066 0.006521
0.005066 0.007534
0.005060 0.005757
0.005060 0.005458
0.005056 0.006314
0.005055 0.009832
0.005054 0.007883
0.005054 0.006238
0.005053 0.009070
0.005048 0.009006
0.005048 0.005147
0.005048 0.005792
0.005041 0.006829
0.005040 0.009148
0.005040 0.006499
0.005039 0.005789
0.005037 0.005827
0.005037 0.005380
0.005037 0.006288
0.005036 0.009311
0.005035 0.008855
0.005034 0.005323
0.005034 0.007945
0.005033 0.006556
0.005032 0.005623
0.005031 0.007412
0.005031 0.006296
0.005030 0.007358
0.005029 0.005431
0.005029 0.009214
0.005028 0.009408
0.005028 0.005966
0.005027 0.005644
0.005026 0.005992
0.005026 0.005222
0.005026 0.005705
0.005026 0.005142
0.005025 0.005289
0.005025 0.005158
0.005023 0.006931
0.005022 0.005147
0.005022 0.005844
0.005020 0.007168
0.005019 0.005674
0.005019 0.011062
0.005008 0.009541
0.005006 0.005846
0.005004 0.007995
0.005002 0.007384
0.005000 0.006402
0.005000 0.008147
0.004999 0.005922
0.004998 0.005160
0.004996 0.006429
0.004991 0.009874
0.004987 0.005583
0.004985 0.005767
0.004981 0.005384
0.004978 0.005792
0.004972 0.006673
0.004971 0.005601
0.004969 0.006523
0.004963 0.006466
0.004961 0.005197
0.004960 0.005927
0.004959 0.005072
0.004957 0.005094
0.004955 0.007901
0.004954 0.005151
0.004954 0.005065
0.004954 0.004995
0.004952 0.005191
0.004951 0.005310
0.004949 0.006785
0.004949 0.006497
0.004948 0.005443
0.004946 0.006513
0.004946 0.005770
0.004943 0.005259
0.004942 0.004966
0.004939 0.005172
0.004938 0.005579
0.004937 0.006392
0.004933 0.005125
0.004933 0.005265
0.004931 0.006008
0.004928 0.004995
0.004925 0.006349
0.004918 0.006214
0.004915 0.007864
0.004915 0.006095
0.004914 0.007142
0.004913 0.007267
0.004913 0.005505
0.004913 0.005163
0.004913 0.009687
0.004912 0.006692
0.004912 0.005578
0.004911 0.005483
0.004909 0.006732
0.004908 0.007372
0.004908 0.006006
0.004907 0.005383
0.004904 0.004986
0.004901 0.006410
0.004900 0.004941
0.004894 0.005723
0.004893 0.004998
0.004891 0.006862
0.004891 0.007414
0.004889 0.006826
0.004889 0.007597
0.004889 0.007747
0.004888 0.005310
0.004886 0.008225
0.004885 0.006090
0.004883 0.005166
0.004882 0.005444
0.004877 0.006619
0.004877 0.006803
0.004876 0.011854
0.004872 0.005169
0.004870 0.005531
0.004869 0.005458
0.004866 0.006367
0.004865 0.006559
0.004861 0.007310
0.004860 0.005042
0.004858 0.006774
0.004857 0.009416
0.004853 0.006167
0.004852 0.004903
0.004852 0.005617
0.004849 0.005110
0.004848 0.006480
0.004847 0.005353
0.004847 0.005446
0.004841 0.006575
0.004841 0.010415
0.004839 0.005798
0.004839 0.005609
0.004838 0.004974
0.004837 0.005819
0.004837 0.007495
0.004837 0.006768
0.004836 0.008212
0.004834 0.005116
0.004834 0.005328
0.004834 0.006490
0.004831 0.005773
0.004825 0.005107
0.004822 0.006234
0.004819 0.005178
0.004817 0.005937
0.004817 0.007422
0.004816 0.007586
0.004809 0.004852
0.004807 0.007250
0.004806 0.005200
0.004805 0.007415
0.004805 0.005294
0.004804 0.006346
0.004803 0.004844
0.004795 0.006305
0.004794 0.005720
0.004791 0.006064
0.004788 0.005780
0.004787 0.005775
0.004786 0.006703
0.004785 0.005205
0.004784 0.006693
0.004781 0.005492
0.004780 0.005597
0.004778 0.006307
0.004777 0.013231
0.004775 0.008461
0.004773 0.006997
0.004771 0.008350
0.004767 0.006202
0.004766 0.004910
0.004763 0.006129
0.004762 0.007823
0.004760 0.006864
0.004760 0.006470
0.004759 0.006601
0.004756 0.005389
0.004755 0.004814
0.004752 0.008155
0.004751 0.005178
0.004751 0.005269
0.004748 0.005262
0.004748 0.008135
0.004743 0.006268
0.004739 0.004745
0.004729 0.005732
0.004728 0.005792
0.004726 0.006415
0.004726 0.005522
0.004723 0.005365
0.004722 0.008319
0.004719 0.004841
0.004712 0.005114
0.004711 0.006560
0.004710 0.007546
0.004709 0.007354
0.004708 0.006971
0.004706 0.005019
0.004702 0.005240
0.004702 0.005072
0.004702 0.006542
0.004701 0.006139
0.004701 0.007584
0.004699 0.004798
0.004697 0.006177
0.004695 0.006938
0.004692 0.004988
0.004690 0.004977
0.004686 0.005052
0.004684 0.004756
0.004682 0.005225
0.004682 0.005108
0.004681 0.005757
0.004674 0.005760
0.004669 0.005634
0.004667 0.006883
0.004666 0.007635
0.004663 0.006388
0.004663 0.009476
0.004662 0.005418
0.004660 0.006207
0.004660 0.007303
0.004659 0.005450
0.004657 0.006860
0.004656 0.005319
0.004654 0.005261
0.004651 0.004750
0.004645 0.005232
0.004644 0.008714
0.004643 0.006662
0.004643 0.005245
0.004642 0.008250
0.004639 0.008506
0.004638 0.005828
0.004638 0.007005
0.004635 0.004891
0.004633 0.005816
0.004632 0.005933
0.004630 0.006572
0.004627 0.006325
0.004626 0.007063
0.004624 0.006276
0.004623 0.008200
0.004622 0.004920
0.004621 0.006272
0.004621 0.004762
0.004620 0.005895
0.004619 0.009812
0.004617 0.005622
0.004617 0.005262
0.004616 0.008901
0.004615 0.011107
0.004614 0.004800
0.004613 0.005073
0.004610 0.007790
0.004609 0.005980
0.004609 0.005108
0.004607 0.005431
0.004606 0.005148
0.004603 0.008338
0.004600 0.005168
0.004598 0.008823
0.004597 0.005804
0.004596 0.009641
0.004596 0.009933
0.004595 0.006434
0.004591 0.009599
0.004586 0.008310
0.004586 0.008365
0.004586 0.009593
0.004580 0.005200
0.004570 0.004740
0.004568 0.009581
0.004567 0.005208
0.004565 0.004677
0.004562 0.005361
0.004559 0.006399
0.004553 0.005526
0.004551 0.006386
0.004551 0.004882
0.004550 0.004607
0.004548 0.005685
0.004547 0.004558
0.004546 0.004787
0.004545 0.005696
0.004543 0.004781
0.004542 0.007574
0.004540 0.004611
0.004538 0.005722
0.004536 0.006874
0.004534 0.004590
0.004531 0.004555
0.004528 0.006750
0.004526 0.010019
0.004525 0.004738
0.004522 0.005134
0.004521 0.006315
0.004518 0.006465
0.004508 0.005246
0.004506 0.006728
0.004505 0.005255
0.004502 0.008289
0.004490 0.005351
0.004488 0.004871
0.004486 0.005265
0.004486 0.005330
0.004483 0.005600
0.004483 0.004989
0.004481 0.005554
0.004481 0.004624
0.004478 0.004608
0.004478 0.005713
0.004477 0.004931
0.004475 0.005114
0.004475 0.007522
0.004474 0.010111
0.004473 0.004840
0.004473 0.006030
0.004469 0.004940
0.004468 0.010784
0.004468 0.005533
0.004466 0.005470
0.004458 0.004526
0.004457 0.006670
0.004457 0.004484
0.004456 0.005279
0.004456 0.005724
0.004454 0.005013
0.004452 0.007754
0.004451 0.004516
0.004445 0.007735
0.004439 0.009251
0.004434 0.005017
0.004433 0.005694
0.004432 0.006657
0.004424 0.005108
0.004423 0.004440
0.004422 0.005469
0.004419 0.005040
0.004418 0.006926
0.004415 0.004592
0.004413 0.005360
0.004411 0.008294
0.004406 0.004557
0.004404 0.005427
0.004401 0.004850
0.004399 0.006733
0.004395 0.005011
0.004394 0.004565
0.004379 0.005181
0.004376 0.004501
0.004373 0.004985
0.004372 0.004475
0.004369 0.005930
0.004368 0.005245
0.004367 0.006824
0.004362 0.004462
0.004362 0.004393
0.004362 0.006831
0.004354 0.005052
0.004350 0.006793
0.004349 0.004726
0.004348 0.004444
0.004348 0.006141
0.004348 0.004735
0.004345 0.004352
0.004345 0.006514
0.004344 0.004374
0.004343 0.005227
0.004342 0.004647
0.004340 0.010738
0.004340 0.004429
0.004339 0.004374
0.004331 0.005877
0.004330 0.004649
0.004330 0.005171
0.004330 0.006070
0.004323 0.004791
0.004322 0.004500
0.004321 0.007863
0.004311 0.005230
0.004309 0.004315
0.004308 0.005359
0.004304 0.005712
0.004299 0.008472
0.004298 0.004722
0.004296 0.005589
0.004296 0.005089
0.004292 0.004923
0.004292 0.005574
0.004290 0.007301
0.004289 0.004731
0.004288 0.006930
0.004285 0.004664
0.004283 0.008467
0.004281 0.005256
0.004281 0.004381
0.004280 0.004669
0.004278 0.004691
0.004277 0.004281
0.004275 0.006196
0.004272 0.004910
0.004271 0.006794
0.004268 0.007299
0.004265 0.004331
0.004263 0.006423
0.004262 0.004366
0.004262 0.007486
0.004259 0.006463
0.004257 0.004520
0.004257 0.007864
0.004256 0.004552
0.004255 0.005553
0.004255 0.005790
0.004254 0.004581
0.004250 0.009385
0.004245 0.004753
0.004245 0.004340
0.004241 0.007751
0.004239 0.005729
0.004239 0.006490
0.004234 0.004551
0.004234 0.004463
0.004233 0.004856
0.004229 0.004669
0.004227 0.008868
0.004221 0.006981
0.004221 0.007735
0.004219 0.007145
0.004218 0.004827
0.004218 0.007456
0.004218 0.006085
0.004216 0.008024
0.004216 0.006020
0.004215 0.005417
0.004214 0.005548
0.004212 0.007139
0.004210 0.004505
0.004210 0.004215
0.004208 0.004868
0.004208 0.005913
0.004207 0.004984
0.004207 0.004821
0.004206 0.010200
0.004206 0.004441
0.004202 0.004671
0.004201 0.004240
0.004200 0.009314
0.004197 0.008991
0.004196 0.004304
0.004188 0.007656
0.004187 0.007466
0.004184 0.005268
0.004179 0.007590
0.004178 0.005297
0.004178 0.009396
0.004174 0.008343
0.004174 0.007152
0.004174 0.004207
0.004173 0.007430
0.004171 0.005255
0.004171 0.004432
0.004167 0.005395
0.004157 0.004894
0.004157 0.006330
0.004152 0.007872
0.004152 0.004160
0.004151 0.004252
0.004150 0.005266
0.004147 0.004165
0.004144 0.008616
0.004143 0.004432
0.004141 0.005965
0.004138 0.004549
0.004136 0.004545
0.004124 0.007216
0.004123 0.004488
0.004121 0.004183
0.004120 0.004759
0.004120 0.007791
0.004118 0.004861
0.004116 0.005088
0.004112 0.006098
0.004104 0.004472
0.004096 0.006702
0.004095 0.004672
0.004091 0.005351
0.004089 0.008054
0.004085 0.004262
0.004084 0.006131
0.004083 0.004659
0.004073 0.007369
0.004069 0.004261
0.004069 0.004921
0.004067 0.004456
0.004067 0.005175
0.004066 0.006324
0.004066 0.005931
0.004062 0.004187
0.004061 0.004160
0.004061 0.006689
0.004061 0.004585
0.004056 0.005492
0.004055 0.004107
0.004052 0.004851
0.004049 0.006410
0.004049 0.005455
0.004045 0.004083
0.004041 0.004291
0.004040 0.007644
0.004038 0.004051
0.004036 0.004087
0.004033 0.004538
0.004032 0.011349
0.004027 0.004768
0.004023 0.004211
0.004018 0.004579
0.004017 0.004633
0.004017 0.004196
0.004011 0.004071
0.004009 0.005299
0.004008 0.004524
0.004007 0.004291
0.004006 0.004052
0.004004 0.004763
0.004000 0.007360
0.004000 0.004571
0.003997 0.006909
0.003995 0.004669
0.003991 0.004298
0.003988 0.006825
0.003987 0.006722
0.003983 0.004003
0.003981 0.005043
0.003980 0.008374
0.003975 0.004671
0.003969 0.004296
0.003963 0.004989
0.003961 0.006712
0.003960 0.004043
0.003960 0.007138
0.003956 0.004059
0.003955 0.004739
0.003954 0.005839
0.003949 0.004287
0.003941 0.004215
0.003936 0.006205
0.003936 0.003961
0.003933 0.004133
0.003932 0.004358
0.003932 0.003996
0.003930 0.004487
0.003929 0.005923
0.003929 0.004243
0.003923 0.004255
0.003923 0.004704
0.003918 0.004167
0.003912 0.005795
0.003904 0.004373
0.003902 0.004187
0.003901 0.004328
0.003899 0.004856
0.003897 0.004044
0.003895 0.004025
0.003895 0.005773
0.003888 0.004784
0.003887 0.004140
0.003887 0.008223
0.003881 0.004366
0.003878 0.004562
0.003877 0.005535
0.003873 0.005011
0.003865 0.004028
0.003862 0.004340
0.003862 0.005711
0.003861 0.005412
0.003861 0.003931
0.003859 0.004073
0.003858 0.003985
0.003854 0.004840
0.003854 0.005694
0.003853 0.004187
0.003853 0.004900
0.003852 0.004001
0.003850 0.004598
0.003847 0.004263
0.003847 0.004262
0.003846 0.004741
0.003844 0.004305
0.003841 0.006059
0.003840 0.003848
0.003839 0.006641
0.003837 0.005460
0.003836 0.004152
0.003835 0.004325
0.003834 0.004549
0.003831 0.004809
0.003828 0.004413
0.003826 0.004029
0.003813 0.004667
0.003811 0.005726
0.003801 0.004795
0.003797 0.005138
0.003795 0.003833
0.003795 0.004747
0.003790 0.005794
0.003790 0.004509
0.003789 0.004160
0.003787 0.003863
0.003785 0.004585
0.003780 0.004349
0.003779 0.004869
0.003773 0.006450
0.003772 0.004663
0.003771 0.005307
0.003769 0.006603
0.003768 0.005980
0.003767 0.004857
0.003765 0.004735
0.003761 0.003837
0.003759 0.004268
0.003758 0.006534
0.003758 0.004222
0.003750 0.006069
0.003742 0.004136
0.003733 0.003867
0.003733 0.005748
0.003730 0.003887
0.003729 0.004794
0.003722 0.003967
0.003722 0.004451
0.003722 0.003797
0.003721 0.005510
0.003718 0.004126
0.003717 0.009504
0.003715 0.004286
0.003715 0.004351
0.003707 0.004050
0.003705 0.004021
0.003698 0.005960
0.003698 0.009445
0.003695 0.003883
0.003694 0.004319
0.003694 0.003995
0.003693 0.003930
0.003692 0.004242
0.003690 0.003888
0.003688 0.005909
0.003685 0.004868
0.003681 0.003812
0.003681 0.004804
0.003674 0.003681
0.003672 0.003793
0.003671 0.005753
0.003668 0.004231
0.003666 0.003744
0.003665 0.005522
0.003664 0.004104
0.003663 0.004361
0.003659 0.004376
0.003658 0.004457
0.003651 0.005067
0.003651 0.007159
0.003650 0.004369
0.003649 0.003836
0.003646 0.004226
0.003643 0.008475
0.003642 0.004321
0.003638 0.005363
0.003636 0.004433
0.003635 0.003929
0.003635 0.004762
0.003633 0.005086
0.003630 0.003784
0.003626 0.006376
0.003623 0.004069
0.003618 0.005575
0.003614 0.005682
0.003610 0.004844
0.003608 0.003799
0.003607 0.008354
0.003597 0.003724
0.003587 0.003915
0.003584 0.003956
0.003582 0.004233
0.003576 0.003865
0.003573 0.003914
0.003572 0.003601
0.003568 0.004484
0.003560 0.003698
0.003558 0.003637
0.003558 0.005385
0.003556 0.004040
0.003555 0.005621
0.003553 0.003773
0.003545 0.005687
0.003537 0.004671
0.003534 0.004971
0.003530 0.003654
0.003522 0.003763
0.003520 0.006850
0.003520 0.004322
0.003520 0.003987
0.003517 0.003616
0.003509 0.003531
0.003506 0.003582
0.003500 0.004544
0.003496 0.004249
0.003495 0.004122
0.003494 0.003875
0.003490 0.005059
0.003490 0.008008
0.003486 0.003723
0.003484 0.004884
0.003481 0.003591
0.003481 0.004572
0.003473 0.003821
0.003472 0.004387
0.003471 0.003540
0.003468 0.003725
0.003461 0.003605
0.003457 0.003523
0.003457 0.004127
0.003454 0.003585
0.003450 0.003522
0.003449 0.006419
0.003447 0.004674
0.003440 0.003866
0.003434 0.003481
0.003433 0.003435
0.003429 0.004748
0.003420 0.004989
0.003409 0.003763
0.003408 0.003825
0.003405 0.003529
0.003402 0.003673
0.003391 0.005285
0.003386 0.003765
0.003383 0.004017
0.003374 0.004645
0.003371 0.004134
0.003369 0.003769
0.003365 0.003978
0.003357 0.003506
0.003357 0.003764
0.003352 0.003737
0.003345 0.003432
0.003339 0.003423
0.003335 0.003699
0.003320 0.004110
0.003319 0.003538
0.003316 0.004109
0.003314 0.005676
0.003311 0.003658
0.003301 0.003788
0.003276 0.003692
0.003273 0.003975
0.003273 0.004047
0.003268 0.003630
0.003265 0.003457
0.003255 0.004113
0.003252 0.003591
0.003242 0.003936
0.003237 0.005153
0.003233 0.003785
0.003232 0.004640
0.003225 0.004132
0.003216 0.004852
0.003207 0.004545
0.003197 0.004912
0.003196 0.003559
0.003193 0.003372
0.003192 0.003450
0.003179 0.003552
0.003178 0.003204
0.003176 0.004294
0.003170 0.003178
0.003168 0.003423
0.003163 0.003555
0.003163 0.003215
0.003155 0.003251
0.003152 0.004507
0.003149 0.004084
0.003142 0.003176
0.003137 0.003940
0.003137 0.004839
0.003125 0.003460
0.003112 0.003426
0.003098 0.003183
0.003092 0.003352
0.003091 0.003227
0.003090 0.003595
0.003087 0.003330
0.003087 0.003637
0.003086 0.003771
0.003084 0.004025
0.003080 0.003475
0.003068 0.003358
0.003050 0.003063
0.003045 0.003312
0.003041 0.003387
0.003038 0.003923
0.003037 0.003883
0.003026 0.004075
0.003025 0.003203
0.003017 0.003149
0.003011 0.003963
0.003010 0.004149
0.003006 0.003657
0.002999 0.003130
0.002997 0.003659
0.002988 0.003279
0.002966 0.005187
0.002964 0.003791
0.002949 0.003010
0.002947 0.003052
0.002944 0.002975
0.002904 0.004209
0.002904 0.003386
0.002902 0.003420
0.002883 0.003788
0.002876 0.003437
0.002876 0.003273
0.002857 0.002926
0.002847 0.002972
0.002841 0.003230
0.002825 0.003009
0.002820 0.004522
0.002807 0.004430
0.002806 0.003391
0.002795 0.002946
0.002784 0.002886
0.002776 0.003400
0.002770 0.002857
0.002766 0.004029
0.002757 0.002887
0.002749 0.003557
0.002748 0.002750
0.002725 0.003481
0.002718 0.003531
0.002708 0.002906
0.002673 0.002777
0.002666 0.003036
0.002663 0.002938
0.002648 0.002827
0.002645 0.004034
0.002644 0.002731
0.002623 0.003009
0.002607 0.002798
0.002595 0.002730
0.002586 0.003101
0.002574 0.003049
0.002569 0.002661
0.002560 0.003468
0.002556 0.002693
0.002534 0.003384
0.002496 0.002702
0.002488 0.002701
0.002482 0.002496
0.002477 0.002594
0.002477 0.002727
0.002456 0.002907
0.002451 0.002758
0.002442 0.003109
0.002440 0.002549
0.002432 0.003384
0.002414 0.002450
0.002412 0.002567
0.002385 0.002621
0.002384 0.002559
0.002367 0.002665
0.002336 0.002438
0.002326 0.002882
0.002321 0.002762
0.002277 0.002828
0.002276 0.002424
0.002267 0.002427
0.002264 0.003291
0.002257 0.002472
0.002215 0.002299
0.002195 0.002375
0.002188 0.002866
0.002179 0.002238
0.002164 0.002194
0.002155 0.002277
0.002119 0.002463
0.002062 0.002157
0.002033 0.002301
0.002002 0.002060
0.001980 0.002644
0.001915 0.001924
0.001913 0.002075
0.001886 0.002237
0.001847 0.001990
0.001566 0.001698
0.001557 0.001742
0.001298 0.001423
