0.128186 0.132652
0.098888 0.134643
0.095203 0.108172
0.093945 0.142853
0.085162 0.089146
0.084575 0.099846
0.082001 0.082440
0.080002 0.119345
0.079345 0.113518
0.078534 0.105382
0.076345 0.078926
0.076157 0.078040
0.075218 0.076418
0.071952 0.072658
0.070483 0.121588
0.070047 0.070731
0.069767 0.149007
0.069603 0.080302
0.068825 0.076031
0.067957 0.073403
0.066563 0.069677
0.064026 0.084298
0.057634 0.081655
0.054599 0.073238
0.054280 0.077965
0.053658 0.080938
0.050879 0.052319
0.050694 0.059442
0.049823 0.050373
0.048655 0.090762
0.048374 0.061979
0.047821 0.053744
0.047731 0.048121
0.047380 0.055519
0.046901 0.055763
0.046377 0.049627
0.044548 0.071849
0.044505 0.046937
0.043921 0.050782
0.043638 0.045576
0.043337 0.051669
0.042715 0.046073
0.042664 0.044359
0.041851 0.048270
0.040849 0.042565
0.040736 0.056624
0.040327 0.040956
0.040269 0.060509
0.040082 0.040775
0.039882 0.043518
0.039719 0.040397
0.039489 0.045211
0.039154 0.049962
0.038926 0.042104
0.038912 0.052060
0.038531 0.051682
0.038435 0.043931
0.038150 0.039158
0.037863 0.039596
0.037561 0.040525
0.037524 0.039721
0.037458 0.045986
0.037258 0.046652
0.036820 0.036994
0.036584 0.037962
0.035557 0.046901
0.035512 0.044777
0.035230 0.055910
0.034037 0.034089
0.033536 0.034589
0.033523 0.036017
0.033444 0.033602
0.033281 0.035393
0.033166 0.048536
0.033072 0.040312
0.032918 0.033566
0.032916 0.034399
0.032915 0.054674
0.032906 0.034312
0.032748 0.033734
0.032728 0.034017
0.032512 0.051305
0.032425 0.034181
0.032240 0.036746
0.032226 0.035757
0.031887 0.032670
0.031718 0.032408
0.031637 0.032606
0.031607 0.033142
0.031588 0.031622
0.031352 0.040479
0.031338 0.044878
0.031155 0.036974
0.031096 0.032883
0.030303 0.040318
0.030273 0.037940
0.030182 0.056171
0.030056 0.035898
0.030028 0.043125
0.029652 0.031126
0.029597 0.035479
0.029545 0.030798
0.029484 0.037108
0.029462 0.038197
0.029425 0.029591
0.029357 0.035038
0.029281 0.041721
0.029219 0.042941
0.029134 0.030950
0.029085 0.046547
0.028866 0.034015
0.028783 0.030850
0.028630 0.031431
0.028518 0.028825
0.028492 0.030471
0.028204 0.031929
0.027874 0.028805
0.027854 0.028844
0.027698 0.037045
0.027688 0.039035
0.027642 0.028302
0.027637 0.029980
0.027600 0.031281
0.027381 0.027696
0.027329 0.035582
0.027154 0.028971
0.026843 0.042716
0.026580 0.035640
0.026572 0.040245
0.026519 0.028355
0.026516 0.033941
0.026437 0.028715
0.026392 0.038982
0.026109 0.027007
0.026101 0.026353
0.026061 0.033927
0.026038 0.035927
0.026001 0.026023
0.025967 0.032863
0.025620 0.025673
0.025494 0.026263
0.025434 0.026542
0.025346 0.030611
0.025316 0.026935
0.025215 0.035172
0.025099 0.031747
0.025087 0.029258
0.025033 0.028174
0.024768 0.025686
0.024708 0.028835
0.024689 0.028055
0.024688 0.026466
0.024660 0.030727
0.024411 0.025649
0.024138 0.026273
0.024130 0.027701
0.024091 0.029825
0.024075 0.025896
0.024043 0.038078
0.023963 0.034863
0.023795 0.035762
0.023791 0.034364
0.023671 0.033049
0.023661 0.030222
0.023514 0.028574
0.023158 0.027474
0.023133 0.023181
0.023118 0.027978
0.023100 0.028776
0.023081 0.024011
0.022992 0.023371
0.022978 0.023010
0.022951 0.029908
0.022837 0.032618
0.022796 0.033169
0.022770 0.022929
0.022726 0.026258
0.022646 0.027787
0.022556 0.027204
0.022461 0.033099
0.022336 0.035039
0.022323 0.022990
0.022310 0.023818
0.022273 0.037361
0.022246 0.023380
0.022060 0.024699
0.022018 0.022834
0.021963 0.022122
0.021805 0.024052
0.021718 0.038408
0.021613 0.021744
0.021540 0.026304
0.021493 0.031744
0.021458 0.024413
0.021447 0.032539
0.021404 0.028243
0.021353 0.021937
0.021279 0.025167
0.021230 0.022198
0.021229 0.032022
0.021064 0.021634
0.021008 0.022445
0.020988 0.025594
0.020940 0.025004
0.020922 0.021366
0.020911 0.021835
0.020889 0.025532
0.020646 0.021460
0.020641 0.026767
0.020619 0.038268
0.020616 0.025873
0.020606 0.022076
0.020605 0.022073
0.020566 0.029430
0.020496 0.027387
0.020457 0.022536
0.020432 0.023794
0.020363 0.021099
0.020262 0.022583
0.020253 0.025001
0.020189 0.021938
0.020156 0.034192
0.020086 0.021534
0.020042 0.021208
0.019970 0.020582
0.019910 0.022105
0.019910 0.021694
0.019812 0.021186
0.019675 0.022700
0.019659 0.020225
0.019654 0.032421
0.019626 0.019807
0.019620 0.024204
0.019563 0.023174
0.019558 0.023663
0.019426 0.020732
0.019383 0.022028
0.019371 0.019931
0.019338 0.019514
0.019298 0.020797
0.019297 0.024563
0.019254 0.022341
0.019225 0.020320
0.019156 0.032281
0.019059 0.028512
0.018973 0.024148
0.018967 0.019080
0.018942 0.019416
0.018918 0.020735
0.018790 0.019719
0.018743 0.025641
0.018677 0.019017
0.018640 0.019266
0.018539 0.019442
0.018474 0.019331
0.018459 0.021030
0.018443 0.019123
0.018442 0.018772
0.018431 0.018904
0.018384 0.022646
0.018376 0.036847
0.018333 0.018651
0.018329 0.021708
0.018326 0.024695
0.018312 0.022815
0.018212 0.018511
0.018175 0.029364
0.018165 0.029967
0.018150 0.022360
0.018103 0.028593
0.018014 0.018474
0.017934 0.023053
0.017925 0.018307
0.017925 0.018233
0.017917 0.018982
0.017917 0.020652
0.017902 0.021706
0.017870 0.021770
0.017837 0.021549
0.017827 0.018879
0.017764 0.021195
0.017735 0.026488
0.017718 0.019364
0.017681 0.021638
0.017651 0.021127
0.017613 0.018397
0.017572 0.017712
0.017570 0.023304
0.017539 0.017974
0.017527 0.018309
0.017518 0.022835
0.017449 0.023500
0.017403 0.019331
0.017346 0.021281
0.017314 0.017906
0.017314 0.019966
0.017290 0.020962
0.017285 0.020501
0.017218 0.017220
0.017174 0.020322
0.017105 0.021662
0.017094 0.019159
0.017060 0.018389
0.017057 0.018160
0.017030 0.017881
0.016974 0.020382
0.016840 0.017191
0.016818 0.027210
0.016791 0.022427
0.016790 0.017049
0.016785 0.020264
0.016756 0.016843
0.016751 0.019524
0.016748 0.017834
0.016736 0.020448
0.016699 0.017359
0.016684 0.020101
0.016637 0.021207
0.016628 0.018623
0.016596 0.023729
0.016541 0.021631
0.016535 0.017760
0.016527 0.023349
0.016508 0.027049
0.016489 0.016979
0.016443 0.018316
0.016421 0.022103
0.016336 0.026178
0.016278 0.022220
0.016224 0.022997
0.016223 0.021346
0.016157 0.016342
0.016091 0.019243
0.016086 0.020736
0.016025 0.017583
0.016011 0.023241
0.016006 0.018183
0.016003 0.018002
0.015998 0.016644
0.015998 0.018626
0.015922 0.017847
0.015873 0.016477
0.015866 0.024075
0.015851 0.020081
0.015851 0.017423
0.015823 0.026703
0.015822 0.016543
0.015819 0.016291
0.015818 0.025320
0.015704 0.018585
0.015699 0.016115
0.015672 0.024884
0.015622 0.020318
0.015590 0.017459
0.015571 0.023833
0.015538 0.016258
0.015528 0.016356
0.015519 0.023547
0.015504 0.025118
0.015481 0.015879
0.015465 0.017927
0.015438 0.015907
0.015422 0.016045
0.015419 0.016737
0.015409 0.016851
0.015401 0.017200
0.015366 0.017108
0.015364 0.015457
0.015303 0.017661
0.015287 0.020955
0.015245 0.017475
0.015216 0.017756
0.015201 0.017536
0.015192 0.017414
0.015179 0.015263
0.015130 0.015652
0.015123 0.017097
0.015110 0.016555
0.015107 0.019708
0.015095 0.015991
0.015081 0.017553
0.015074 0.019307
0.015064 0.016115
0.015043 0.015444
0.015032 0.015371
0.015028 0.016696
0.015016 0.015348
0.015012 0.017150
0.014979 0.018722
0.014977 0.020478
0.014944 0.017474
0.014933 0.020596
0.014932 0.017453
0.014914 0.015111
0.014900 0.015525
0.014891 0.017090
0.014878 0.015212
0.014857 0.027252
0.014809 0.022565
0.014797 0.015439
0.014788 0.019735
0.014788 0.015951
0.014785 0.015755
0.014780 0.015946
0.014752 0.016508
0.014693 0.017758
0.014677 0.015157
0.014676 0.015765
0.014672 0.015023
0.014650 0.014732
0.014625 0.017962
0.014623 0.017854
0.014623 0.017022
0.014588 0.015616
0.014574 0.014866
0.014553 0.017651
0.014552 0.016997
0.014534 0.014904
0.014520 0.025782
0.014514 0.019677
0.014510 0.017681
0.014506 0.015698
0.014475 0.015944
0.014449 0.016213
0.014437 0.021109
0.014418 0.017898
0.014342 0.015552
0.014341 0.016313
0.014216 0.014267
0.014189 0.014601
0.014184 0.014493
0.014166 0.015181
0.014130 0.022447
0.014125 0.020610
0.014120 0.016299
0.014118 0.018054
0.014093 0.021322
0.014083 0.014460
0.014034 0.017258
0.014024 0.022951
0.014023 0.015118
0.013973 0.023018
0.013936 0.014212
0.013910 0.017471
0.013862 0.015083
0.013856 0.015461
0.013838 0.019074
0.013827 0.014026
0.013802 0.017776
0.013798 0.016482
0.013757 0.016036
0.013724 0.013975
0.013717 0.015168
0.013680 0.014045
0.013675 0.017710
0.013640 0.016204
0.013614 0.013874
0.013613 0.016922
0.013607 0.018630
0.013565 0.016188
0.013558 0.014692
0.013549 0.014331
0.013526 0.015799
0.013507 0.015564
0.013507 0.015555
0.013506 0.016334
0.013506 0.013965
0.013496 0.015029
0.013464 0.014465
0.013461 0.015056
0.013399 0.019220
0.013394 0.014596
0.013355 0.014306
0.013352 0.017639
0.013340 0.016896
0.013330 0.014534
0.013309 0.015220
0.013299 0.013704
0.013296 0.015898
0.013291 0.014884
0.013283 0.013867
0.013266 0.016490
0.013219 0.014785
0.013171 0.013868
0.013170 0.013698
0.013146 0.013690
0.013140 0.015829
0.013132 0.014273
0.013115 0.014213
0.013110 0.019624
0.013102 0.013330
0.013088 0.013667
0.013054 0.013369
0.013038 0.013455
0.013035 0.016035
0.013017 0.013586
0.013014 0.014982
0.013009 0.013057
0.013006 0.013749
0.013006 0.014092
0.012961 0.013444
0.012960 0.012992
0.012950 0.014705
0.012942 0.015476
0.012932 0.014455
0.012920 0.016686
0.012908 0.013808
0.012906 0.013182
0.012893 0.014067
0.012889 0.014403
0.012887 0.013180
0.012887 0.017668
0.012877 0.015387
0.012852 0.021696
0.012844 0.013323
0.012841 0.016997
0.012840 0.014032
0.012823 0.016156
0.012815 0.019264
0.012815 0.014615
0.012810 0.016229
0.012798 0.015837
0.012774 0.015358
0.012770 0.013247
0.012756 0.014414
0.012754 0.019084
0.012748 0.012784
0.012747 0.015130
0.012726 0.012943
0.012710 0.019057
0.012695 0.014870
0.012689 0.012737
0.012689 0.013340
0.012682 0.017957
0.012650 0.013953
0.012648 0.012781
0.012640 0.017253
0.012604 0.021719
0.012575 0.021451
0.012565 0.014564
0.012557 0.021428
0.012553 0.013879
0.012543 0.013876
0.012541 0.013250
0.012539 0.019818
0.012471 0.012731
0.012450 0.012590
0.012441 0.013480
0.012390 0.018712
0.012368 0.012913
0.012364 0.022344
0.012342 0.013619
0.012329 0.012618
0.012326 0.015899
0.012305 0.022927
0.012299 0.016972
0.012296 0.014770
0.012250 0.016916
0.012243 0.012349
0.012240 0.012636
0.012239 0.026754
0.012215 0.012308
0.012194 0.013046
0.012176 0.019595
0.012168 0.022405
0.012155 0.012859
0.012152 0.016886
0.012138 0.012936
0.012133 0.012549
0.012132 0.013555
0.012131 0.014561
0.012114 0.012364
0.012104 0.016227
0.012096 0.013935
0.012059 0.012549
0.012040 0.016605
0.012013 0.012806
0.012013 0.021416
0.011990 0.020818
0.011987 0.012937
0.011979 0.016507
0.011974 0.013061
0.011970 0.013193
0.011964 0.014435
0.011964 0.012911
0.011961 0.023357
0.011956 0.012578
0.011942 0.014145
0.011934 0.012319
0.011903 0.012223
0.011891 0.018873
0.011886 0.012464
0.011874 0.015155
0.011862 0.012058
0.011856 0.012369
0.011853 0.012291
0.011847 0.012530
0.011835 0.013740
0.011835 0.013031
0.011831 0.012221
0.011827 0.019852
0.011824 0.012317
0.011814 0.012022
0.011811 0.013663
0.011810 0.015160
0.011788 0.012390
0.011771 0.014860
0.011769 0.012664
0.011760 0.012466
0.011748 0.012314
0.011747 0.013816
0.011744 0.014252
0.011732 0.012465
0.011711 0.012281
0.011685 0.011782
0.011683 0.011863
0.011680 0.013939
0.011678 0.012367
0.011661 0.012750
0.011658 0.012257
0.011649 0.013220
0.011641 0.012869
0.011628 0.012271
0.011623 0.013671
0.011622 0.012998
0.011622 0.012901
0.011610 0.013438
0.011609 0.012412
0.011606 0.012079
0.011602 0.015886
0.011583 0.015993
0.011574 0.013430
0.011572 0.013473
0.011570 0.012976
0.011542 0.013823
0.011530 0.016891
0.011527 0.012907
0.011516 0.013827
0.011492 0.014844
0.011492 0.012275
0.011485 0.014775
0.011481 0.012974
0.011480 0.019660
0.011476 0.012304
0.011470 0.011690
0.011465 0.013961
0.011465 0.014496
0.011463 0.011705
0.011459 0.011484
0.011456 0.011551
0.011434 0.011981
0.011425 0.016539
0.011398 0.012977
0.011386 0.012176
0.011369 0.012906
0.011362 0.014051
0.011362 0.017926
0.011361 0.014413
0.011357 0.014456
0.011338 0.013398
0.011330 0.013477
0.011322 0.017433
0.011318 0.011845
0.011310 0.016413
0.011303 0.014772
0.011292 0.016818
0.011291 0.012838
0.011283 0.013097
0.011279 0.016781
0.011256 0.011832
0.011250 0.014254
0.011236 0.012308
0.011234 0.011352
0.011222 0.018742
0.011222 0.011255
0.011218 0.012828
0.011206 0.011992
0.011188 0.013280
0.011177 0.012084
0.011143 0.011676
0.011140 0.012627
0.011138 0.013077
0.011133 0.017885
0.011127 0.011990
0.011122 0.015783
0.011121 0.012272
0.011102 0.012566
0.011101 0.012802
0.011088 0.011516
0.011080 0.013873
0.011060 0.015263
0.011055 0.014916
0.011040 0.012562
0.011039 0.013232
0.011037 0.014897
0.011025 0.011629
0.011022 0.013481
0.011022 0.013217
0.011003 0.012179
0.010999 0.016205
0.010996 0.015077
0.010992 0.011066
0.010984 0.013814
0.010978 0.012009
0.010976 0.017597
0.010972 0.014748
0.010969 0.012810
0.010969 0.018974
0.010962 0.011440
0.010945 0.013552
0.010942 0.012457
0.010941 0.010964
0.010940 0.014518
0.010937 0.011080
0.010934 0.011097
0.010928 0.011346
0.010910 0.010984
0.010894 0.013240
0.010893 0.012797
0.010888 0.012094
0.010886 0.011119
0.010885 0.021433
0.010884 0.011127
0.010878 0.011902
0.010869 0.011955
0.010862 0.010917
0.010850 0.012061
0.010850 0.017110
0.010836 0.012513
0.010834 0.015403
0.010822 0.011268
0.010817 0.012681
0.010789 0.010949
0.010789 0.018198
0.010771 0.014100
0.010753 0.012905
0.010745 0.019816
0.010743 0.013766
0.010723 0.015357
0.010713 0.011607
0.010704 0.020202
0.010702 0.011123
0.010700 0.011950
0.010686 0.011349
0.010686 0.011690
0.010679 0.012708
0.010674 0.013072
0.010666 0.016738
0.010661 0.018901
0.010659 0.015428
0.010653 0.010843
0.010652 0.014041
0.010644 0.012573
0.010638 0.011774
0.010625 0.014469
0.010621 0.011841
0.010619 0.011605
0.010613 0.013602
0.010608 0.015481
0.010588 0.010840
0.010575 0.010843
0.010565 0.011590
0.010562 0.012669
0.010552 0.011136
0.010538 0.015437
0.010518 0.010591
0.010512 0.014045
0.010511 0.010704
0.010500 0.013610
0.010499 0.013256
0.010494 0.012492
0.010486 0.014639
0.010479 0.011506
0.010472 0.011173
0.010461 0.011338
0.010454 0.010650
0.010446 0.010875
0.010424 0.012248
0.010422 0.010428
0.010420 0.017401
0.010400 0.011660
0.010371 0.011596
0.010354 0.011005
0.010342 0.011360
0.010341 0.010385
0.010339 0.011992
0.010339 0.010774
0.010330 0.010388
0.010325 0.012265
0.010322 0.013665
0.010315 0.011623
0.010311 0.012931
0.010305 0.011538
0.010305 0.015496
0.010294 0.012806
0.010293 0.011398
0.010291 0.011159
0.010281 0.013192
0.010277 0.011738
0.010271 0.011512
0.010270 0.010889
0.010259 0.010485
0.010256 0.019428
0.010251 0.011782
0.010245 0.013592
0.010232 0.011812
0.010227 0.011869
0.010225 0.010811
0.010213 0.012711
0.010210 0.011531
0.010205 0.013578
0.010204 0.016134
0.010200 0.011935
0.010185 0.014398
0.010181 0.011235
0.010179 0.010433
0.010179 0.013069
0.010162 0.013341
0.010162 0.011184
0.010161 0.010363
0.010160 0.011002
0.010159 0.011115
0.010148 0.013980
0.010143 0.010237
0.010140 0.010335
0.010139 0.017340
0.010138 0.010282
0.010131 0.010414
0.010131 0.013839
0.010116 0.011160
0.010089 0.022668
0.010084 0.013051
0.010079 0.012215
0.010079 0.017997
0.010071 0.016044
0.010063 0.012209
0.010054 0.011354
0.010053 0.011659
0.010040 0.011427
0.010036 0.010141
0.010035 0.011281
0.010029 0.012441
0.010029 0.010471
0.010012 0.019473
0.009995 0.012509
0.009972 0.011286
0.009971 0.010486
0.009966 0.010154
0.009961 0.010372
0.009961 0.011791
0.009956 0.014189
0.009947 0.016405
0.009939 0.010533
0.009929 0.010441
0.009928 0.013289
0.009924 0.010046
0.009914 0.012409
0.009913 0.011574
0.009911 0.010365
0.009907 0.010770
0.009890 0.012578
0.009867 0.016911
0.009865 0.015201
0.009859 0.013388
0.009849 0.011457
0.009848 0.012804
0.009844 0.011691
0.009842 0.009842
0.009841 0.009903
0.009841 0.017294
0.009839 0.014511
0.009825 0.011249
0.009815 0.013138
0.009810 0.009860
0.009806 0.013327
0.009800 0.010207
0.009798 0.009861
0.009790 0.014706
0.009782 0.011145
0.009767 0.019385
0.009767 0.012848
0.009756 0.014334
0.009752 0.010325
0.009746 0.009887
0.009741 0.010058
0.009736 0.013864
0.009725 0.018172
0.009720 0.021605
0.009719 0.016284
0.009717 0.017389
0.009712 0.012097
0.009708 0.010115
0.009702 0.011861
0.009699 0.009766
0.009694 0.011832
0.009685 0.011443
0.009680 0.010123
0.009680 0.013510
0.009679 0.010845
0.009678 0.010695
0.009660 0.010465
0.009658 0.015604
0.009647 0.009685
0.009646 0.009675
0.009633 0.013328
0.009632 0.011987
0.009622 0.012489
0.009618 0.014154
0.009601 0.010265
0.009585 0.011913
0.009581 0.014230
0.009573 0.015397
0.009568 0.010700
0.009567 0.011034
0.009566 0.011191
0.009566 0.016613
0.009560 0.010298
0.009547 0.010487
0.009544 0.010297
0.009539 0.012791
0.009538 0.010946
0.009535 0.009628
0.009533 0.011925
0.009528 0.009919
0.009527 0.013728
0.009527 0.010025
0.009518 0.011611
0.009517 0.012306
0.009515 0.010072
0.009514 0.011895
0.009504 0.012457
0.009502 0.009860
0.009500 0.009610
0.009500 0.014245
0.009498 0.009715
0.009492 0.010858
0.009490 0.011704
0.009480 0.009633
0.009475 0.009552
0.009472 0.010092
0.009467 0.010223
0.009466 0.011187
0.009457 0.009665
0.009449 0.014524
0.009431 0.009568
0.009429 0.015000
0.009421 0.028008
0.009421 0.010661
0.009415 0.009452
0.009413 0.021665
0.009413 0.011745
0.009411 0.016165
0.009411 0.010589
0.009405 0.010600
0.009402 0.012049
0.009398 0.015927
0.009394 0.016967
0.009367 0.012475
0.009367 0.011704
0.009360 0.010924
0.009355 0.010830
0.009351 0.011350
0.009345 0.009831
0.009340 0.009985
0.009336 0.011151
0.009327 0.010236
0.009323 0.016001
0.009321 0.010757
0.009319 0.015380
0.009316 0.010626
0.009312 0.009679
0.009309 0.009755
0.009299 0.010246
0.009299 0.009332
0.009291 0.015483
0.009285 0.009844
0.009284 0.010920
0.009282 0.013511
0.009281 0.009653
0.009278 0.011084
0.009278 0.009400
0.009265 0.012213
0.009249 0.018488
0.009248 0.011547
0.009246 0.009657
0.009242 0.010855
0.009234 0.009384
0.009232 0.009555
0.009231 0.010906
0.009230 0.009245
0.009229 0.010916
0.009229 0.010945
0.009215 0.009246
0.009214 0.009504
0.009213 0.011150
0.009211 0.010060
0.009209 0.011514
0.009208 0.009297
0.009201 0.009752
0.009186 0.012125
0.009175 0.010300
0.009170 0.011231
0.009169 0.013791
0.009168 0.009842
0.009159 0.010028
0.009156 0.010869
0.009150 0.010458
0.009150 0.018754
0.009146 0.011308
0.009139 0.010168
0.009126 0.010849
0.009116 0.011069
0.009115 0.009269
0.009111 0.011477
0.009110 0.009949
0.009101 0.012126
0.009096 0.010548
0.009095 0.009252
0.009093 0.009861
0.009090 0.009441
0.009088 0.009908
0.009079 0.009200
0.009077 0.009730
0.009073 0.011691
0.009068 0.014266
0.009054 0.012037
0.009041 0.010275
0.009039 0.009132
0.009038 0.010059
0.009029 0.016968
0.009028 0.013236
0.009022 0.017894
0.009013 0.010246
0.009011 0.010646
0.009010 0.013933
0.009006 0.011417
0.009006 0.012297
0.009005 0.011991
0.008994 0.009214
0.008991 0.010911
0.008982 0.013137
0.008982 0.014578
0.008976 0.009988
0.008970 0.012648
0.008970 0.011078
0.008963 0.012094
0.008950 0.009015
0.008945 0.009018
0.008935 0.009097
0.008934 0.009840
0.008924 0.011650
0.008914 0.010559
0.008914 0.016328
0.008912 0.009131
0.008908 0.020707
0.008903 0.012991
0.008902 0.010065
0.008899 0.014411
0.008898 0.015206
0.008897 0.009587
0.008889 0.009765
0.008887 0.009649
0.008886 0.009493
0.008884 0.011545
0.008879 0.012955
0.008877 0.010502
0.008877 0.012415
0.008877 0.009405
0.008870 0.012716
0.008869 0.017562
0.008868 0.016527
0.008853 0.009868
0.008841 0.011848
0.008836 0.011462
0.008831 0.010180
0.008829 0.014671
0.008828 0.013438
0.008816 0.013638
0.008801 0.011097
0.008801 0.009696
0.008800 0.018404
0.008799 0.009333
0.008798 0.014449
0.008793 0.014123
0.008791 0.014562
0.008791 0.011294
0.008786 0.009082
0.008785 0.014476
0.008780 0.009381
0.008777 0.011804
0.008773 0.011126
0.008751 0.010188
0.008747 0.012945
0.008747 0.009495
0.008737 0.009442
0.008736 0.010533
0.008729 0.009427
0.008728 0.010296
0.008719 0.009046
0.008717 0.013339
0.008712 0.010912
0.008704 0.015603
0.008703 0.016256
0.008698 0.008993
0.008696 0.014251
0.008696 0.012134
0.008694 0.009067
0.008687 0.008794
0.008684 0.009932
0.008679 0.011619
0.008677 0.010095
0.008673 0.010130
0.008670 0.012939
0.008663 0.009573
0.008655 0.014987
0.008655 0.010206
0.008651 0.010050
0.008641 0.010941
0.008639 0.015169
0.008638 0.009922
0.008633 0.014698
0.008631 0.009480
0.008631 0.008742
0.008622 0.008712
0.008618 0.011921
0.008615 0.016628
0.008615 0.019786
0.008612 0.013369
0.008612 0.009011
0.008608 0.009620
0.008607 0.008662
0.008603 0.013591
0.008595 0.011802
0.008594 0.013177
0.008589 0.012215
0.008578 0.011182
0.008575 0.010118
0.008571 0.014406
0.008567 0.009923
0.008563 0.011565
0.008561 0.008992
0.008558 0.010139
0.008555 0.013433
0.008552 0.011121
0.008549 0.008737
0.008544 0.011523
0.008519 0.012260
0.008515 0.014873
0.008514 0.013423
0.008510 0.008546
0.008508 0.015210
0.008502 0.008756
0.008500 0.011388
0.008491 0.014781
0.008490 0.008596
0.008489 0.008689
0.008482 0.008796
0.008481 0.010667
0.008478 0.011103
0.008477 0.008826
0.008474 0.009951
0.008473 0.009045
0.008471 0.008773
0.008461 0.009520
0.008457 0.009185
0.008457 0.010984
0.008455 0.013207
0.008454 0.009445
0.008451 0.008464
0.008446 0.009011
0.008445 0.008524
0.008444 0.011596
0.008437 0.010993
0.008432 0.011322
0.008431 0.009059
0.008429 0.008691
0.008425 0.009477
0.008423 0.008517
0.008422 0.008582
0.008420 0.009651
0.008418 0.009422
0.008417 0.008923
0.008412 0.013224
0.008410 0.009162
0.008408 0.008988
0.008405 0.009271
0.008405 0.009124
0.008395 0.011895
0.008385 0.009277
0.008384 0.009066
0.008383 0.013959
0.008382 0.008729
0.008380 0.008544
0.008380 0.008459
0.008378 0.012393
0.008374 0.010147
0.008371 0.009522
0.008361 0.009918
0.008344 0.009717
0.008340 0.016094
0.008339 0.017435
0.008331 0.008400
0.008330 0.008771
0.008329 0.009125
0.008328 0.008472
0.008325 0.008766
0.008325 0.009030
0.008315 0.011902
0.008315 0.008614
0.008314 0.009943
0.008310 0.009159
0.008310 0.010094
0.008309 0.011195
0.008309 0.011351
0.008306 0.013198
0.008304 0.010487
0.008304 0.010151
0.008292 0.008665
0.008287 0.008760
0.008282 0.014471
0.008280 0.011707
0.008280 0.009138
0.008279 0.008769
0.008269 0.008510
0.008266 0.008513
0.008265 0.010611
0.008263 0.009359
0.008262 0.010654
0.008249 0.008307
0.008245 0.008561
0.008243 0.013952
0.008234 0.009885
0.008231 0.008468
0.008226 0.011921
0.008217 0.009977
0.008211 0.008584
0.008209 0.012786
0.008200 0.009308
0.008195 0.015883
0.008191 0.008632
0.008186 0.012114
0.008184 0.010226
0.008184 0.009452
0.008183 0.008591
0.008183 0.014119
0.008172 0.008193
0.008162 0.010422
0.008161 0.008912
0.008158 0.012539
0.008158 0.009534
0.008157 0.008442
0.008154 0.012957
0.008152 0.014173
0.008138 0.013477
0.008137 0.009395
0.008136 0.009212
0.008126 0.009905
0.008123 0.009687
0.008121 0.008376
0.008120 0.014984
0.008120 0.011871
0.008117 0.009634
0.008116 0.009112
0.008116 0.009150
0.008115 0.014823
0.008115 0.010114
0.008110 0.009029
0.008101 0.009563
0.008099 0.008500
0.008098 0.008414
0.008097 0.013153
0.008095 0.014794
0.008093 0.012205
0.008089 0.009678
0.008087 0.016631
0.008075 0.009430
0.008074 0.008122
0.008074 0.008232
0.008073 0.008906
0.008073 0.008619
0.008064 0.010109
0.008050 0.008703
0.008042 0.009786
0.008042 0.015937
0.008041 0.008230
0.008039 0.010998
0.008032 0.011646
0.008031 0.008147
0.008026 0.008045
0.008022 0.009482
0.008018 0.008858
0.008009 0.014129
0.008006 0.008356
0.008005 0.008345
0.007998 0.010906
0.007987 0.008054
0.007986 0.011381
0.007978 0.008446
0.007973 0.009156
0.007967 0.008884
0.007967 0.009788
0.007965 0.009232
0.007964 0.014239
0.007964 0.008097
0.007958 0.012647
0.007957 0.008945
0.007954 0.009627
0.007954 0.007962
0.007951 0.010020
0.007942 0.016978
0.007941 0.011978
0.007936 0.008822
0.007919 0.008170
0.007918 0.017711
0.007917 0.009218
0.007916 0.009566
0.007913 0.009129
0.007910 0.013135
0.007909 0.007990
0.007904 0.008788
0.007904 0.008268
0.007894 0.011271
0.007891 0.009344
0.007890 0.008074
0.007886 0.010392
0.007886 0.008084
0.007881 0.008597
0.007873 0.011204
0.007870 0.013747
0.007867 0.007959
0.007866 0.010317
0.007860 0.009406
0.007860 0.009871
0.007859 0.009788
0.007852 0.010073
0.007852 0.012511
0.007850 0.013746
0.007846 0.010624
0.007844 0.009793
0.007842 0.008075
0.007842 0.011264
0.007833 0.010761
0.007831 0.008448
0.007825 0.009179
0.007803 0.009753
0.007800 0.010422
0.007800 0.013483
0.007798 0.008337
0.007795 0.013638
0.007794 0.008360
0.007793 0.007816
0.007793 0.008928
0.007788 0.008176
0.007785 0.007873
0.007784 0.008199
0.007779 0.008078
0.007777 0.008162
0.007771 0.011155
0.007766 0.008371
0.007765 0.008070
0.007760 0.009855
0.007757 0.008191
0.007756 0.008817
0.007756 0.013399
0.007755 0.009114
0.007751 0.008411
0.007748 0.008032
0.007745 0.008698
0.007745 0.007790
0.007740 0.008792
0.007734 0.009751
0.007730 0.010895
0.007730 0.007736
0.007729 0.009278
0.007727 0.008002
0.007722 0.015343
0.007722 0.010987
0.007715 0.015577
0.007712 0.008913
0.007711 0.009149
0.007704 0.007805
0.007697 0.008390
0.007694 0.011317
0.007690 0.010082
0.007683 0.011403
0.007682 0.008024
0.007681 0.008356
0.007679 0.008118
0.007677 0.012563
0.007676 0.008008
0.007671 0.007852
0.007668 0.009074
0.007666 0.010215
0.007663 0.007877
0.007659 0.015554
0.007658 0.009122
0.007656 0.010772
0.007655 0.012900
0.007653 0.012956
0.007652 0.012001
0.007648 0.007760
0.007648 0.016245
0.007643 0.009620
0.007642 0.018114
0.007639 0.008189
0.007634 0.010884
0.007628 0.011185
0.007618 0.009172
0.007617 0.008793
0.007610 0.007933
0.007608 0.018506
0.007608 0.008876
0.007606 0.008251
0.007605 0.009029
0.007605 0.008095
0.007595 0.008497
0.007584 0.008349
0.007580 0.010752
0.007578 0.011210
0.007575 0.007807
0.007574 0.010279
0.007573 0.007848
0.007572 0.007775
0.007563 0.011291
0.007561 0.008197
0.007557 0.012074
0.007551 0.007996
0.007548 0.008817
0.007547 0.010413
0.007545 0.007937
0.007544 0.013936
0.007543 0.008315
0.007542 0.008091
0.007541 0.007945
0.007541 0.007789
0.007541 0.009757
0.007537 0.008739
0.007536 0.007847
0.007527 0.007932
0.007527 0.008035
0.007516 0.011003
0.007515 0.007693
0.007513 0.011603
0.007512 0.008875
0.007511 0.009610
0.007508 0.010370
0.007499 0.009064
0.007498 0.010812
0.007496 0.013940
0.007480 0.009690
0.007478 0.008000
0.007478 0.007857
0.007467 0.007562
0.007461 0.008344
0.007458 0.008135
0.007454 0.014076
0.007453 0.009058
0.007452 0.014168
0.007449 0.008042
0.007448 0.008474
0.007447 0.011933
0.007446 0.008626
0.007439 0.008917
0.007429 0.007835
0.007428 0.008149
0.007424 0.007912
0.007424 0.007630
0.007424 0.007856
0.007419 0.007541
0.007418 0.007805
0.007417 0.010494
0.007415 0.010388
0.007411 0.008568
0.007404 0.007808
0.007403 0.007677
0.007399 0.007643
0.007394 0.007722
0.007388 0.012161
0.007387 0.007524
0.007387 0.007876
0.007386 0.012133
0.007386 0.007617
0.007385 0.008813
0.007385 0.007940
0.007385 0.013286
0.007384 0.008807
0.007379 0.008209
0.007379 0.015633
0.007379 0.007550
0.007378 0.013945
0.007377 0.007762
0.007377 0.013819
0.007377 0.009604
0.007374 0.007388
0.007372 0.008166
0.007371 0.008790
0.007370 0.008878
0.007366 0.009609
0.007366 0.008162
0.007362 0.007683
0.007359 0.010397
0.007359 0.009282
0.007355 0.007798
0.007354 0.016184
0.007347 0.007425
0.007346 0.009773
0.007345 0.008381
0.007344 0.007424
0.007343 0.007714
0.007341 0.008938
0.007340 0.013142
0.007339 0.008375
0.007335 0.010222
0.007331 0.012027
0.007328 0.009307
0.007325 0.007445
0.007324 0.007937
0.007324 0.010629
0.007322 0.008300
0.007315 0.013624
0.007315 0.008026
0.007311 0.008930
0.007305 0.009348
0.007305 0.008050
0.007304 0.014634
0.007304 0.012483
0.007295 0.012716
0.007295 0.009413
0.007289 0.014573
0.007286 0.007331
0.007285 0.018372
0.007283 0.007710
0.007272 0.014807
0.007267 0.007813
0.007265 0.010789
0.007260 0.009452
0.007258 0.009284
0.007253 0.008403
0.007253 0.008684
0.007247 0.010866
0.007246 0.007254
0.007244 0.009294
0.007235 0.010856
0.007233 0.007612
0.007231 0.014307
0.007230 0.007446
0.007228 0.008531
0.007228 0.008766
0.007226 0.010376
0.007223 0.011422
0.007219 0.007441
0.007219 0.007310
0.007216 0.009283
0.007215 0.011526
0.007213 0.007483
0.007213 0.007428
0.007212 0.011732
0.007212 0.007254
0.007211 0.008493
0.007207 0.009640
0.007202 0.008150
0.007199 0.010989
0.007195 0.009585
0.007195 0.007445
0.007194 0.008301
0.007193 0.007496
0.007190 0.008811
0.007184 0.008850
0.007181 0.007676
0.007168 0.014760
0.007168 0.010188
0.007168 0.009096
0.007165 0.008434
0.007164 0.007242
0.007160 0.007826
0.007155 0.009764
0.007153 0.009723
0.007152 0.007610
0.007150 0.008062
0.007147 0.007664
0.007141 0.007456
0.007140 0.007904
0.007137 0.007545
0.007135 0.007754
0.007131 0.009334
0.007129 0.008053
0.007122 0.008463
0.007118 0.007943
0.007112 0.007351
0.007108 0.007328
0.007105 0.007443
0.007100 0.011493
0.007100 0.008271
0.007100 0.009571
0.007099 0.007710
0.007097 0.012932
0.007092 0.008733
0.007083 0.007151
0.007083 0.007791
0.007077 0.007214
0.007075 0.008630
0.007073 0.009059
0.007072 0.007119
0.007071 0.008955
0.007062 0.007222
0.007060 0.010359
0.007056 0.008658
0.007054 0.008108
0.007051 0.010410
0.007050 0.007557
0.007048 0.007982
0.007046 0.009838
0.007045 0.007234
0.007044 0.007239
0.007043 0.011942
0.007039 0.009369
0.007038 0.010012
0.007036 0.007073
0.007036 0.016034
0.007035 0.008346
0.007035 0.007260
0.007033 0.007173
0.007032 0.013438
0.007030 0.014556
0.007029 0.007359
0.007024 0.007870
0.007020 0.007049
0.007020 0.012800
0.007019 0.007337
0.007016 0.007277
0.007014 0.008384
0.007009 0.009097
0.007009 0.007052
0.007008 0.007549
0.007007 0.007142
0.007007 0.007224
0.007001 0.007230
0.007001 0.016593
0.006997 0.008646
0.006988 0.007800
0.006987 0.007412
0.006986 0.009131
0.006985 0.011089
0.006982 0.007206
0.006980 0.007592
0.006980 0.007977
0.006972 0.007946
0.006965 0.014061
0.006965 0.013924
0.006954 0.010241
0.006949 0.010106
0.006948 0.010205
0.006948 0.008752
0.006947 0.007656
0.006942 0.007734
0.006938 0.007266
0.006938 0.008504
0.006933 0.007099
0.006927 0.009895
0.006920 0.006992
0.006916 0.013977
0.006911 0.007016
0.006911 0.014518
0.006901 0.009270
0.006901 0.009496
0.006899 0.007279
0.006898 0.008968
0.006897 0.009894
0.006896 0.007951
0.006892 0.007247
0.006888 0.007633
0.006887 0.007968
0.006885 0.007262
0.006883 0.007006
0.006880 0.007012
0.006877 0.007241
0.006871 0.007130
0.006870 0.012110
0.006866 0.008937
0.006864 0.007734
0.006863 0.009920
0.006862 0.007297
0.006860 0.007244
0.006849 0.009801
0.006847 0.013130
0.006847 0.007679
0.006847 0.006864
0.006837 0.009206
0.006830 0.009067
0.006828 0.009444
0.006826 0.006837
0.006824 0.007788
0.006821 0.007722
0.006817 0.008655
0.006817 0.012297
0.006810 0.007254
0.006809 0.010277
0.006809 0.010611
0.006809 0.007188
0.006807 0.011210
0.006804 0.006878
0.006803 0.010275
0.006802 0.007616
0.006799 0.017573
0.006788 0.006814
0.006786 0.009092
0.006786 0.007759
0.006784 0.007678
0.006779 0.008326
0.006776 0.012942
0.006776 0.007048
0.006774 0.006982
0.006774 0.006862
0.006772 0.006846
0.006769 0.008827
0.006767 0.008948
0.006765 0.009452
0.006765 0.012590
0.006763 0.007578
0.006754 0.008358
0.006749 0.010735
0.006743 0.009159
0.006742 0.006760
0.006732 0.007658
0.006732 0.007508
0.006730 0.007289
0.006729 0.012486
0.006729 0.007258
0.006726 0.006861
0.006725 0.010103
0.006717 0.008888
0.006715 0.009021
0.006711 0.009535
0.006711 0.012941
0.006709 0.008595
0.006705 0.010542
0.006705 0.007019
0.006703 0.006864
0.006699 0.006700
0.006698 0.008586
0.006695 0.008526
0.006693 0.007243
0.006688 0.007269
0.006683 0.008807
0.006675 0.006758
0.006667 0.009160
0.006665 0.006763
0.006665 0.010555
0.006660 0.007679
0.006660 0.010792
0.006659 0.009907
0.006658 0.006977
0.006643 0.009885
0.006642 0.007282
0.006641 0.007705
0.006639 0.007582
0.006638 0.008312
0.006638 0.009881
0.006630 0.007160
0.006629 0.008282
0.006624 0.007737
0.006624 0.006770
0.006622 0.007182
0.006621 0.011391
0.006617 0.009212
0.006612 0.011756
0.006612 0.008084
0.006609 0.006749
0.006604 0.008702
0.006600 0.007629
0.006595 0.007092
0.006593 0.007718
0.006592 0.009676
0.006591 0.006674
0.006590 0.007283
0.006586 0.007134
0.006585 0.007073
0.006584 0.009640
0.006584 0.012554
0.006584 0.008037
0.006581 0.007859
0.006578 0.006594
0.006576 0.007603
0.006576 0.006899
0.006575 0.007331
0.006572 0.007198
0.006568 0.006892
0.006568 0.008711
0.006563 0.009305
0.006561 0.007232
0.006561 0.007732
0.006553 0.008898
0.006549 0.010704
0.006548 0.007224
0.006547 0.006584
0.006542 0.010110
0.006541 0.007192
0.006539 0.006738
0.006532 0.006698
0.006530 0.008133
0.006527 0.009211
0.006527 0.007175
0.006523 0.006912
0.006523 0.006832
0.006520 0.006827
0.006518 0.009744
0.006515 0.007542
0.006512 0.006867
0.006505 0.009949
0.006500 0.008367
0.006500 0.014277
0.006500 0.008136
0.006496 0.008042
0.006496 0.010853
0.006494 0.010725
0.006492 0.007641
0.006490 0.006920
0.006489 0.006575
0.006484 0.006817
0.006480 0.013069
0.006479 0.007250
0.006478 0.013440
0.006476 0.007275
0.006475 0.007057
0.006474 0.006801
0.006474 0.006931
0.006474 0.008844
0.006473 0.006883
0.006469 0.007317
0.006467 0.009686
0.006463 0.007900
0.006462 0.015718
0.006460 0.006524
0.006455 0.010522
0.006454 0.006867
0.006452 0.006877
0.006448 0.007295
0.006448 0.009167
0.006441 0.012094
0.006438 0.013451
0.006437 0.007497
0.006433 0.014739
0.006432 0.006989
0.006431 0.012243
0.006422 0.006844
0.006417 0.009594
0.006417 0.008104
0.006416 0.011461
0.006412 0.007588
0.006412 0.007032
0.006410 0.009416
0.006409 0.006481
0.006405 0.006746
0.006400 0.006459
0.006388 0.010113
0.006387 0.006997
0.006386 0.008120
0.006385 0.006873
0.006384 0.011996
0.006383 0.009739
0.006379 0.011699
0.006377 0.008149
0.006374 0.008112
0.006367 0.012645
0.006362 0.006393
0.006357 0.007516
0.006357 0.008776
0.006356 0.009175
0.006354 0.006811
0.006353 0.006839
0.006352 0.006427
0.006351 0.009446
0.006344 0.009851
0.006341 0.007464
0.006341 0.008424
0.006340 0.006882
0.006339 0.006978
0.006330 0.007095
0.006321 0.008801
0.006315 0.008193
0.006314 0.006404
0.006312 0.007312
0.006309 0.015089
0.006303 0.007147
0.006299 0.010173
0.006295 0.007504
0.006294 0.006784
0.006288 0.008664
0.006288 0.006480
0.006285 0.009594
0.006283 0.007467
0.006275 0.007210
0.006273 0.007616
0.006272 0.007391
0.006271 0.006664
0.006268 0.007927
0.006267 0.011825
0.006267 0.008728
0.006264 0.008837
0.006264 0.008056
0.006262 0.007955
0.006262 0.010846
0.006259 0.007385
0.006254 0.008324
0.006251 0.009607
0.006250 0.006465
0.006248 0.008298
0.006248 0.006789
0.006247 0.008430
0.006245 0.007818
0.006244 0.008397
0.006241 0.007468
0.006241 0.008127
0.006239 0.007010
0.006236 0.009392
0.006234 0.010314
0.006234 0.009404
0.006234 0.006814
0.006232 0.008413
0.006226 0.008204
0.006226 0.010769
0.006224 0.009258
0.006223 0.007196
0.006222 0.007037
0.006221 0.006486
0.006221 0.008324
0.006221 0.007307
0.006219 0.006401
0.006219 0.007546
0.006217 0.006263
0.006217 0.006380
0.006215 0.006895
0.006212 0.007667
0.006209 0.013714
0.006205 0.006344
0.006204 0.006288
0.006204 0.006729
0.006202 0.007696
0.006201 0.016101
0.006200 0.007561
0.006197 0.007686
0.006195 0.008506
0.006191 0.007331
0.006189 0.006509
0.006188 0.006736
0.006180 0.006989
0.006179 0.007886
0.006176 0.009677
0.006175 0.007183
0.006174 0.011696
0.006174 0.010357
0.006169 0.007337
0.006169 0.007225
0.006155 0.006199
0.006152 0.006762
0.006152 0.008053
0.006151 0.007227
0.006143 0.006579
0.006137 0.009498
0.006133 0.007326
0.006132 0.006373
0.006130 0.006216
0.006128 0.006928
0.006125 0.007069
0.006121 0.007521
0.006120 0.007109
0.006119 0.006309
0.006117 0.006274
0.006117 0.012471
0.006115 0.010120
0.006106 0.008250
0.006104 0.007879
0.006104 0.009775
0.006095 0.006155
0.006094 0.007538
0.006093 0.010739
0.006085 0.006775
0.006084 0.006125
0.006083 0.007481
0.006081 0.010053
0.006072 0.010033
0.006071 0.010410
0.006067 0.008766
0.006062 0.008008
0.006056 0.009255
0.006050 0.009387
0.006044 0.007123
0.006042 0.007501
0.006036 0.009898
0.006032 0.012989
0.006029 0.006135
0.006028 0.007101
0.006025 0.006705
0.006024 0.006133
0.006023 0.006656
0.006023 0.007174
0.006019 0.007898
0.006018 0.008702
0.006016 0.006894
0.006014 0.007665
0.006014 0.006551
0.006011 0.006852
0.006008 0.006353
0.006005 0.006268
0.006001 0.007050
0.006000 0.006322
0.005995 0.009525
0.005994 0.006755
0.005985 0.010152
0.005983 0.006121
0.005980 0.006580
0.005980 0.005994
0.005978 0.006964
0.005975 0.006229
0.005973 0.006222
0.005972 0.012091
0.005965 0.009836
0.005963 0.006395
0.005960 0.006715
0.005957 0.007107
0.005956 0.013710
0.005950 0.008350
0.005950 0.009310
0.005946 0.007724
0.005941 0.006677
0.005940 0.006192
0.005931 0.006902
0.005929 0.006694
0.005922 0.009770
0.005920 0.006227
0.005919 0.008408
0.005914 0.007533
0.005909 0.006757
0.005909 0.006017
0.005907 0.006901
0.005907 0.005914
0.005907 0.006196
0.005906 0.006150
0.005905 0.011792
0.005900 0.013490
0.005899 0.007290
0.005897 0.005999
0.005893 0.007519
0.005890 0.006226
0.005890 0.007879
0.005886 0.008145
0.005885 0.006243
0.005880 0.006640
0.005876 0.011209
0.005876 0.007651
0.005873 0.007143
0.005864 0.007705
0.005861 0.006724
0.005854 0.005872
0.005851 0.006563
0.005848 0.005903
0.005847 0.006058
0.005846 0.005867
0.005845 0.005976
0.005844 0.006101
0.005841 0.009015
0.005841 0.008893
0.005823 0.006560
0.005822 0.007128
0.005821 0.007259
0.005820 0.007234
0.005820 0.006046
0.005812 0.007662
0.005811 0.006097
0.005810 0.008018
0.005810 0.009365
0.005803 0.006770
0.005799 0.008567
0.005798 0.006465
0.005796 0.006034
0.005795 0.010349
0.005786 0.011039
0.005785 0.007711
0.005784 0.007422
0.005773 0.007191
0.005772 0.006112
0.005768 0.005778
0.005767 0.006474
0.005763 0.008375
0.005761 0.008334
0.005760 0.006507
0.005760 0.006344
0.005758 0.006053
0.005757 0.005900
0.005756 0.006357
0.005755 0.005947
0.005755 0.006712
0.005748 0.007408
0.005748 0.009399
0.005742 0.013109
0.005740 0.007319
0.005738 0.008120
0.005726 0.006122
0.005720 0.006458
0.005716 0.006440
0.005713 0.006410
0.005711 0.005800
0.005708 0.006541
0.005708 0.006019
0.005706 0.006308
0.005705 0.006275
0.005701 0.007500
0.005700 0.006975
0.005699 0.011709
0.005699 0.005766
0.005698 0.005781
0.005687 0.009493
0.005685 0.005911
0.005685 0.006137
0.005678 0.006916
0.005673 0.008209
0.005667 0.005752
0.005663 0.006343
0.005662 0.008052
0.005660 0.007121
0.005657 0.006631
0.005653 0.007955
0.005650 0.005957
0.005645 0.006875
0.005644 0.007076
0.005642 0.005775
0.005641 0.005875
0.005641 0.006989
0.005638 0.006060
0.005635 0.005924
0.005635 0.006137
0.005629 0.006111
0.005623 0.008287
0.005621 0.011222
0.005620 0.006624
0.005620 0.007235
0.005619 0.006814
0.005617 0.005639
0.005615 0.006942
0.005614 0.008839
0.005611 0.005688
0.005610 0.006706
0.005610 0.006135
0.005606 0.007388
0.005606 0.007094
0.005603 0.005650
0.005601 0.006026
0.005600 0.010097
0.005600 0.009045
0.005597 0.006526
0.005596 0.012833
0.005596 0.009838
0.005594 0.007169
0.005591 0.008298
0.005590 0.005851
0.005587 0.006276
0.005587 0.005620
0.005585 0.007928
0.005584 0.007355
0.005580 0.006487
0.005574 0.005948
0.005568 0.005680
0.005567 0.007121
0.005566 0.005749
0.005566 0.006136
0.005559 0.005629
0.005558 0.005761
0.005558 0.005825
0.005557 0.005754
0.005557 0.006175
0.005554 0.005765
0.005554 0.006068
0.005554 0.007782
0.005553 0.007488
0.005550 0.009562
0.005550 0.005953
0.005545 0.009586
0.005537 0.006373
0.005535 0.006044
0.005532 0.007741
0.005531 0.006736
0.005527 0.006665
0.005526 0.005799
0.005517 0.006146
0.005511 0.008241
0.005510 0.006056
0.005506 0.005908
0.005504 0.006627
0.005500 0.006074
0.005496 0.006053
0.005491 0.006504
0.005489 0.005590
0.005486 0.007967
0.005483 0.006238
0.005481 0.007711
0.005480 0.006288
0.005477 0.012161
0.005477 0.006167
0.005474 0.007013
0.005465 0.007189
0.005465 0.008031
0.005463 0.007662
0.005460 0.006202
0.005459 0.005951
0.005453 0.006020
0.005448 0.005844
0.005443 0.005973
0.005434 0.006932
0.005433 0.008354
0.005425 0.007144
0.005422 0.005584
0.005420 0.005424
0.005418 0.005484
0.005415 0.007847
0.005411 0.006832
0.005409 0.006737
0.005408 0.005544
0.005406 0.008339
0.005403 0.005821
0.005397 0.006645
0.005397 0.006737
0.005397 0.008053
0.005393 0.008041
0.005390 0.010169
0.005388 0.006651
0.005388 0.011142
0.005383 0.005662
0.005382 0.007589
0.005377 0.008772
0.005376 0.006541
0.005364 0.007985
0.005361 0.007030
0.005360 0.006980
0.005353 0.005739
0.005343 0.009177
0.005342 0.005495
0.005342 0.005548
0.005341 0.006744
0.005341 0.008048
0.005335 0.006178
0.005334 0.005485
0.005333 0.005724
0.005330 0.005424
0.005330 0.007661
0.005327 0.005563
0.005322 0.009334
0.005320 0.006371
0.005319 0.007442
0.005315 0.010907
0.005311 0.005801
0.005307 0.005345
0.005307 0.006683
0.005306 0.007395
0.005305 0.005978
0.005302 0.009450
0.005302 0.005775
0.005302 0.005745
0.005300 0.006528
0.005300 0.008317
0.005295 0.006216
0.005293 0.006475
0.005293 0.008708
0.005293 0.005410
0.005291 0.007089
0.005291 0.006884
0.005290 0.005847
0.005289 0.006281
0.005283 0.006074
0.005282 0.009878
0.005277 0.007750
0.005277 0.006723
0.005265 0.005667
0.005258 0.007040
0.005250 0.006873
0.005248 0.006968
0.005248 0.005333
0.005242 0.007812
0.005238 0.010582
0.005231 0.006884
0.005226 0.005426
0.005215 0.007172
0.005215 0.005468
0.005211 0.005241
0.005210 0.005795
0.005208 0.011045
0.005204 0.008886
0.005202 0.006003
0.005197 0.005540
0.005190 0.006247
0.005189 0.007419
0.005188 0.007525
0.005182 0.006417
0.005181 0.005983
0.005175 0.006653
0.005173 0.005813
0.005168 0.006446
0.005165 0.007669
0.005165 0.005425
0.005163 0.007542
0.005142 0.005608
0.005137 0.005753
0.005132 0.006832
0.005125 0.005210
0.005123 0.005621
0.005121 0.007698
0.005119 0.006155
0.005116 0.006183
0.005116 0.005624
0.005112 0.005221
0.005106 0.006551
0.005105 0.005845
0.005102 0.006315
0.005100 0.006838
0.005089 0.010208
0.005085 0.008960
0.005077 0.007473
0.005077 0.006164
0.005073 0.010647
0.005057 0.005747
0.005050 0.006471
0.005050 0.008071
0.005043 0.010129
0.005042 0.007321
0.005041 0.008584
0.005041 0.006813
0.005039 0.006463
0.005038 0.007399
0.005032 0.005866
0.005029 0.006300
0.005025 0.008968
0.005021 0.005874
0.005020 0.006189
0.005019 0.007427
0.005019 0.006541
0.005018 0.005383
0.005018 0.005504
0.005016 0.008225
0.005015 0.005753
0.005013 0.005654
0.005011 0.005647
0.004999 0.007044
0.004998 0.005751
0.004994 0.005082
0.004992 0.005352
0.004991 0.005505
0.004988 0.005534
0.004985 0.006275
0.004980 0.005366
0.004979 0.006400
0.004976 0.006080
0.004971 0.008871
0.004971 0.006998
0.004969 0.005924
0.004964 0.005405
0.004959 0.005388
0.004958 0.005267
0.004939 0.005152
0.004936 0.006100
0.004934 0.006602
0.004930 0.006597
0.004928 0.005724
0.004926 0.005097
0.004926 0.007144
0.004926 0.005792
0.004922 0.006319
0.004917 0.005619
0.004916 0.004942
0.004914 0.005665
0.004913 0.009907
0.004911 0.006403
0.004911 0.005768
0.004906 0.005722
0.004905 0.004914
0.004905 0.007164
0.004900 0.005577
0.004899 0.004984
0.004897 0.006963
0.004897 0.005623
0.004894 0.005023
0.004893 0.004998
0.004893 0.005198
0.004890 0.009463
0.004884 0.006850
0.004880 0.006043
0.004873 0.005334
0.004872 0.005154
0.004865 0.006851
0.004863 0.005942
0.004862 0.006464
0.004857 0.005520
0.004855 0.004998
0.004852 0.006552
0.004851 0.005473
0.004848 0.005930
0.004847 0.005022
0.004830 0.005269
0.004828 0.005163
0.004812 0.006820
0.004804 0.009130
0.004801 0.006783
0.004797 0.005585
0.004792 0.004902
0.004791 0.006995
0.004791 0.006902
0.004777 0.004795
0.004777 0.006068
0.004776 0.008196
0.004773 0.008960
0.004771 0.004877
0.004770 0.005444
0.004761 0.004947
0.004754 0.007470
0.004751 0.004865
0.004750 0.005538
0.004736 0.004849
0.004727 0.005069
0.004726 0.004843
0.004716 0.005860
0.004713 0.005298
0.004710 0.004775
0.004708 0.005536
0.004702 0.004961
0.004697 0.005809
0.004692 0.005338
0.004691 0.009391
0.004686 0.005015
0.004675 0.006742
0.004672 0.004914
0.004671 0.006656
0.004669 0.005839
0.004666 0.004994
0.004665 0.004956
0.004663 0.007628
0.004658 0.004947
0.004656 0.004671
0.004642 0.004838
0.004641 0.006892
0.004641 0.005477
0.004631 0.007144
0.004626 0.005085
0.004625 0.006410
0.004616 0.005364
0.004616 0.007341
0.004613 0.004794
0.004608 0.005290
0.004608 0.004614
0.004606 0.004626
0.004604 0.007229
0.004604 0.006142
0.004603 0.008624
0.004587 0.010091
0.004583 0.005535
0.004583 0.005268
0.004576 0.004731
0.004575 0.004663
0.004575 0.009845
0.004565 0.006413
0.004565 0.005261
0.004563 0.006045
0.004560 0.004844
0.004552 0.005071
0.004552 0.004965
0.004551 0.005664
0.004546 0.005327
0.004545 0.005896
0.004529 0.004840
0.004526 0.004672
0.004522 0.008148
0.004518 0.005175
0.004514 0.004868
0.004500 0.004849
0.004485 0.005791
0.004478 0.005291
0.004475 0.005184
0.004472 0.007164
0.004446 0.004513
0.004444 0.004999
0.004443 0.004921
0.004436 0.005488
0.004427 0.005522
0.004425 0.004428
0.004419 0.005251
0.004416 0.005816
0.004409 0.005079
0.004407 0.004442
0.004401 0.006366
0.004400 0.005042
0.004398 0.004695
0.004396 0.005564
0.004391 0.004893
0.004389 0.005259
0.004385 0.004399
0.004374 0.005499
0.004370 0.004420
0.004369 0.004535
0.004363 0.004588
0.004361 0.004618
0.004348 0.005207
0.004340 0.005344
0.004338 0.004812
0.004331 0.004337
0.004327 0.004570
0.004326 0.005530
0.004321 0.010991
0.004300 0.004324
0.004296 0.005386
0.004293 0.004655
0.004293 0.004779
0.004289 0.004501
0.004288 0.004668
0.004287 0.005308
0.004284 0.004299
0.004281 0.005025
0.004277 0.005020
0.004267 0.004926
0.004265 0.004267
0.004249 0.004453
0.004237 0.006619
0.004231 0.004707
0.004216 0.006306
0.004214 0.005352
0.004213 0.004265
0.004193 0.004399
0.004192 0.004812
0.004185 0.005337
0.004177 0.004741
0.004158 0.007667
0.004156 0.004473
0.004148 0.004483
0.004147 0.005350
0.004145 0.005003
0.004142 0.004276
0.004141 0.005414
0.004140 0.006023
0.004137 0.005662
0.004124 0.004184
0.004120 0.004273
0.004089 0.005838
0.004087 0.004660
0.004087 0.004252
0.004081 0.004270
0.004078 0.004705
0.004049 0.004265
0.004036 0.004562
0.004027 0.005235
0.004013 0.004284
0.004011 0.005107
0.004003 0.004095
0.003989 0.004899
0.003985 0.004692
0.003979 0.004335
0.003978 0.004927
0.003977 0.005525
0.003975 0.004373
0.003971 0.004308
0.003967 0.004466
0.003959 0.004766
0.003959 0.004525
0.003931 0.004542
0.003919 0.004029
0.003915 0.004421
0.003912 0.005852
0.003900 0.004623
0.003890 0.006377
0.003868 0.004335
0.003861 0.004169
0.003855 0.004073
0.003850 0.003882
0.003842 0.004065
0.003824 0.004759
0.003807 0.004930
0.003804 0.005995
0.003802 0.004844
0.003797 0.003969
0.003793 0.003830
0.003767 0.004089
0.003755 0.003935
0.003746 0.004650
0.003726 0.003978
0.003723 0.003739
0.003705 0.004232
0.003698 0.003843
0.003697 0.003952
0.003659 0.003835
0.003622 0.003728
0.003588 0.003855
0.003579 0.004089
0.003574 0.004335
0.003539 0.003691
0.003538 0.004427
0.003530 0.004520
0.003519 0.003732
0.003480 0.004352
0.003476 0.003851
0.003447 0.003625
0.003435 0.003538
0.003434 0.003529
0.003434 0.004179
0.003430 0.003645
0.003421 0.008263
0.003392 0.003699
0.003351 0.003508
0.003347 0.004621
0.003346 0.003979
0.003343 0.003355
0.003337 0.003438
0.003315 0.003477
0.003309 0.005535
0.003301 0.003829
0.003300 0.003759
0.003282 0.005222
0.003220 0.004498
0.003204 0.003390
0.003193 0.003399
0.003171 0.003307
0.003152 0.003497
0.003120 0.003210
0.003119 0.003357
0.003093 0.003303
0.003061 0.003182
0.003044 0.003094
0.003038 0.003631
0.003023 0.003362
0.003018 0.003382
0.002900 0.003318
0.002884 0.003073
0.002850 0.002917
0.002827 0.003476
0.002819 0.003739
0.002729 0.002799
0.002727 0.002895
0.002724 0.002861
0.002712 0.002991
0.002618 0.002905
0.002595 0.002706
0.002588 0.002623
0.002580 0.003064
0.002523 0.002567
0.002481 0.002560
0.002407 0.002515
0.002401 0.002665
0.002359 0.002697
0.002342 0.002597
0.002338 0.002589
0.002252 0.002697
0.002167 0.002221
0.002151 0.002160
0.002032 0.002272
0.001973 0.002087
0.001930 0.001972
0.001855 0.001871
0.001633 0.001928
0.001483 0.001487
0.001467 0.001520
