0.233934 0.234600
0.192803 0.197079
0.169164 0.216016
0.118146 0.137353
0.112284 0.113246
0.110269 0.114505
0.107413 0.162294
0.104167 0.110050
0.100777 0.101246
0.087692 0.100715
0.080080 0.080240
0.078423 0.079394
0.076570 0.100929
0.073001 0.075009
0.072461 0.084951
0.070790 0.079963
0.068032 0.070914
0.066614 0.067190
0.065511 0.076626
0.060813 0.066139
0.059651 0.061709
0.059585 0.063191
0.057007 0.078351
0.056504 0.060051
0.055722 0.072536
0.055610 0.060723
0.055036 0.063039
0.052987 0.057237
0.050173 0.053242
0.048928 0.051433
0.046257 0.047004
0.045937 0.066115
0.045935 0.046077
0.045509 0.056762
0.044735 0.077646
0.043913 0.048266
0.043748 0.060865
0.043165 0.043734
0.043005 0.043621
0.042544 0.064591
0.042041 0.042410
0.041897 0.044018
0.041811 0.048534
0.041538 0.061891
0.041129 0.042737
0.040972 0.044145
0.040895 0.046790
0.040787 0.058759
0.040625 0.044348
0.039341 0.041836
0.039254 0.041094
0.039235 0.040659
0.038953 0.038979
0.038648 0.049278
0.038543 0.065634
0.038168 0.050845
0.038116 0.041213
0.038114 0.046735
0.037847 0.040402
0.037793 0.038761
0.037485 0.045768
0.037370 0.038690
0.037105 0.039301
0.037067 0.037286
0.036976 0.041050
0.036742 0.047707
0.036684 0.040580
0.036516 0.039008
0.036402 0.049991
0.035883 0.070737
0.035810 0.036610
0.035802 0.037037
0.035642 0.041179
0.035182 0.036782
0.035179 0.046016
0.034856 0.037463
0.034813 0.043994
0.034695 0.036633
0.034193 0.036178
0.034075 0.035960
0.033779 0.047716
0.033585 0.035294
0.033560 0.035629
0.033557 0.046777
0.033473 0.047703
0.033400 0.034166
0.033347 0.047625
0.033329 0.043762
0.033116 0.033315
0.033102 0.034957
0.033059 0.034811
0.033054 0.036912
0.033047 0.037072
0.032831 0.036419
0.032764 0.034405
0.032563 0.071149
0.032168 0.032795
0.032145 0.033471
0.031974 0.034390
0.031659 0.033250
0.031285 0.031692
0.031250 0.037103
0.031206 0.037384
0.031110 0.035655
0.030990 0.048344
0.030989 0.031593
0.030953 0.048750
0.030596 0.038499
0.030504 0.030582
0.030303 0.034154
0.030301 0.031866
0.030086 0.033523
0.029989 0.034676
0.029914 0.035451
0.029900 0.037846
0.029896 0.045727
0.029786 0.033081
0.029758 0.039683
0.029631 0.030627
0.029574 0.042674
0.029472 0.034027
0.029421 0.041444
0.029238 0.031081
0.029213 0.041885
0.029007 0.030516
0.028900 0.029005
0.028878 0.038296
0.028748 0.030297
0.028731 0.032061
0.028509 0.036933
0.028343 0.036788
0.028312 0.042933
0.028290 0.030756
0.028276 0.028463
0.028269 0.035817
0.028222 0.029285
0.027969 0.040542
0.027941 0.032356
0.027840 0.029864
0.027708 0.028187
0.027554 0.037349
0.027520 0.028801
0.027480 0.030368
0.027403 0.028829
0.027312 0.047223
0.027268 0.029538
0.027250 0.029889
0.027183 0.031260
0.027168 0.027231
0.027042 0.033049
0.027035 0.031872
0.026891 0.027373
0.026817 0.040302
0.026814 0.027099
0.026812 0.032988
0.026745 0.027968
0.026679 0.030638
0.026663 0.029351
0.026621 0.030530
0.026580 0.034117
0.026536 0.026556
0.026442 0.031688
0.026392 0.047972
0.026384 0.026936
0.026368 0.028512
0.026301 0.031039
0.026240 0.029675
0.026194 0.029831
0.026118 0.026484
0.026100 0.039106
0.026026 0.026955
0.025964 0.029107
0.025959 0.029931
0.025903 0.030683
0.025900 0.037496
0.025899 0.030482
0.025840 0.028442
0.025797 0.045534
0.025764 0.038642
0.025669 0.027387
0.025521 0.032279
0.025499 0.039672
0.025471 0.034572
0.025460 0.025675
0.025427 0.027336
0.025408 0.030374
0.025406 0.034343
0.025223 0.033052
0.025218 0.037862
0.025132 0.027567
0.025108 0.026777
0.025058 0.043675
0.024982 0.033651
0.024934 0.028266
0.024888 0.026378
0.024877 0.026692
0.024827 0.028866
0.024787 0.028754
0.024703 0.025785
0.024619 0.030803
0.024593 0.025746
0.024574 0.025354
0.024538 0.026307
0.024412 0.028856
0.024392 0.032697
0.024372 0.025920
0.024342 0.041210
0.024258 0.027370
0.024224 0.024385
0.024062 0.024714
0.024057 0.055962
0.024016 0.026883
0.023962 0.036662
0.023920 0.035495
0.023846 0.046189
0.023819 0.024022
0.023759 0.042825
0.023758 0.027913
0.023726 0.027504
0.023724 0.025362
0.023713 0.029912
0.023644 0.023900
0.023628 0.050819
0.023604 0.047685
0.023573 0.025485
0.023469 0.027665
0.023423 0.031781
0.023359 0.025729
0.023334 0.027760
0.023318 0.023466
0.023285 0.036301
0.023192 0.023507
0.023109 0.030432
0.023105 0.023394
0.023033 0.023097
0.022994 0.024401
0.022981 0.024120
0.022959 0.026726
0.022959 0.027107
0.022946 0.033716
0.022873 0.023369
0.022823 0.026152
0.022783 0.023136
0.022617 0.023794
0.022614 0.033990
0.022536 0.034812
0.022502 0.028833
0.022454 0.028920
0.022446 0.022993
0.022346 0.025674
0.022255 0.035387
0.022237 0.023736
0.022168 0.023238
0.022136 0.032003
0.022101 0.024050
0.022071 0.024362
0.022061 0.023325
0.021977 0.034331
0.021975 0.021978
0.021930 0.022849
0.021854 0.022864
0.021804 0.041609
0.021769 0.022234
0.021719 0.022318
0.021709 0.024292
0.021698 0.022949
0.021638 0.021757
0.021628 0.022269
0.021600 0.028025
0.021588 0.024199
0.021583 0.043490
0.021548 0.028236
0.021534 0.035580
0.021506 0.023500
0.021414 0.024162
0.021402 0.021963
0.021352 0.024439
0.021334 0.021883
0.021332 0.026232
0.021306 0.032912
0.021291 0.027862
0.021277 0.036200
0.021258 0.036119
0.021207 0.027702
0.021175 0.043619
0.020887 0.026384
0.020880 0.029845
0.020848 0.034984
0.020835 0.029978
0.020797 0.027729
0.020745 0.024104
0.020743 0.023351
0.020704 0.022859
0.020636 0.021406
0.020636 0.022076
0.020633 0.036106
0.020625 0.020711
0.020579 0.021095
0.020578 0.023380
0.020576 0.024423
0.020567 0.021439
0.020554 0.021253
0.020552 0.027316
0.020478 0.032125
0.020469 0.026000
0.020411 0.030110
0.020365 0.020386
0.020353 0.029474
0.020346 0.020453
0.020337 0.023161
0.020286 0.023542
0.020238 0.022981
0.020211 0.023956
0.020145 0.022244
0.020139 0.021043
0.020113 0.022954
0.020097 0.020920
0.020039 0.040853
0.020020 0.021999
0.020015 0.024231
0.019993 0.029999
0.019989 0.025111
0.019987 0.023498
0.019983 0.023643
0.019933 0.021592
0.019931 0.022259
0.019805 0.027263
0.019768 0.022666
0.019752 0.021130
0.019701 0.020684
0.019663 0.024092
0.019659 0.021454
0.019648 0.020762
0.019643 0.033891
0.019623 0.028291
0.019593 0.019725
0.019591 0.033674
0.019574 0.021612
0.019571 0.029105
0.019543 0.023758
0.019506 0.023331
0.019502 0.024379
0.019498 0.019578
0.019488 0.025621
0.019476 0.025765
0.019474 0.020965
0.019455 0.027991
0.019437 0.034480
0.019433 0.020963
0.019412 0.025070
0.019368 0.022888
0.019348 0.027396
0.019306 0.022326
0.019277 0.022850
0.019271 0.022168
0.019215 0.038490
0.019200 0.026761
0.019187 0.019974
0.019180 0.025523
0.019124 0.021857
0.019124 0.024132
0.019122 0.019979
0.019113 0.020570
0.019109 0.019988
0.019095 0.020068
0.019078 0.025360
0.019069 0.020360
0.019048 0.045961
0.019035 0.027930
0.019031 0.019197
0.019026 0.040965
0.019018 0.021912
0.019001 0.025148
0.019000 0.032006
0.018975 0.022162
0.018952 0.023230
0.018928 0.021603
0.018919 0.020090
0.018834 0.029032
0.018825 0.032053
0.018797 0.019815
0.018793 0.036330
0.018778 0.023454
0.018743 0.019558
0.018717 0.031511
0.018648 0.021875
0.018564 0.019264
0.018548 0.023949
0.018487 0.025832
0.018484 0.030694
0.018473 0.026006
0.018431 0.019801
0.018409 0.020259
0.018381 0.019591
0.018340 0.027760
0.018331 0.025425
0.018317 0.019935
0.018301 0.020706
0.018299 0.025887
0.018256 0.030778
0.018249 0.021545
0.018248 0.022405
0.018217 0.019314
0.018194 0.020351
0.018179 0.019757
0.018126 0.019188
0.018078 0.024203
0.018048 0.018227
0.018026 0.021324
0.018018 0.026452
0.017996 0.018515
0.017965 0.021122
0.017943 0.034155
0.017935 0.023914
0.017933 0.020066
0.017929 0.018468
0.017872 0.021480
0.017864 0.019628
0.017844 0.019369
0.017844 0.018896
0.017832 0.021747
0.017829 0.022620
0.017798 0.023578
0.017771 0.018710
0.017747 0.021271
0.017741 0.023737
0.017700 0.019858
0.017689 0.021462
0.017687 0.017766
0.017669 0.018832
0.017659 0.022506
0.017636 0.018481
0.017629 0.018654
0.017607 0.032863
0.017603 0.018736
0.017603 0.023697
0.017600 0.019100
0.017570 0.023728
0.017563 0.018761
0.017530 0.018003
0.017516 0.018600
0.017502 0.022055
0.017500 0.022401
0.017461 0.025896
0.017447 0.020301
0.017441 0.026807
0.017430 0.021829
0.017384 0.022238
0.017337 0.026324
0.017300 0.030385
0.017295 0.017820
0.017294 0.023626
0.017256 0.017784
0.017256 0.017819
0.017255 0.023469
0.017219 0.017389
0.017190 0.022040
0.017129 0.018995
0.017069 0.017287
0.017060 0.020173
0.017015 0.023716
0.016997 0.017081
0.016984 0.024717
0.016961 0.018550
0.016958 0.021570
0.016948 0.023614
0.016944 0.017632
0.016896 0.025154
0.016836 0.020444
0.016792 0.017634
0.016785 0.019695
0.016754 0.024327
0.016752 0.019281
0.016725 0.017459
0.016715 0.032175
0.016685 0.017916
0.016678 0.032429
0.016616 0.017843
0.016616 0.018985
0.016592 0.025017
0.016585 0.019217
0.016554 0.019652
0.016531 0.033628
0.016529 0.018291
0.016526 0.022233
0.016433 0.016892
0.016428 0.021045
0.016424 0.020342
0.016417 0.024324
0.016392 0.035397
0.016387 0.021785
0.016387 0.029205
0.016377 0.028779
0.016375 0.032202
0.016372 0.017892
0.016360 0.018111
0.016345 0.022330
0.016343 0.019606
0.016294 0.017688
0.016292 0.016406
0.016262 0.016903
0.016227 0.018280
0.016189 0.028001
0.016085 0.021349
0.016076 0.018461
0.016026 0.016794
0.015999 0.018642
0.015984 0.018991
0.015977 0.020573
0.015931 0.016908
0.015927 0.020976
0.015910 0.018146
0.015901 0.019177
0.015900 0.021033
0.015860 0.018267
0.015855 0.016387
0.015841 0.017881
0.015835 0.020033
0.015813 0.017731
0.015796 0.020064
0.015781 0.016760
0.015684 0.016812
0.015615 0.023639
0.015607 0.016681
0.015586 0.020273
0.015585 0.017660
0.015541 0.034724
0.015539 0.020941
0.015529 0.016957
0.015500 0.033646
0.015467 0.025415
0.015447 0.016151
0.015427 0.016171
0.015401 0.018479
0.015397 0.019801
0.015380 0.018228
0.015346 0.017026
0.015323 0.022059
0.015307 0.017096
0.015305 0.015893
0.015297 0.018025
0.015242 0.016178
0.015241 0.015963
0.015237 0.023399
0.015188 0.021581
0.015170 0.024390
0.015159 0.027484
0.015141 0.016852
0.015126 0.017408
0.015115 0.015516
0.015092 0.017925
0.015074 0.016222
0.015073 0.016376
0.015067 0.018222
0.015067 0.016506
0.015063 0.016018
0.015052 0.016866
0.015044 0.020306
0.015043 0.017604
0.014988 0.015981
0.014938 0.016433
0.014928 0.017599
0.014919 0.018213
0.014917 0.016091
0.014907 0.023308
0.014895 0.024898
0.014847 0.023749
0.014838 0.025511
0.014835 0.021271
0.014826 0.016094
0.014776 0.014940
0.014764 0.018066
0.014755 0.015212
0.014751 0.022656
0.014750 0.015386
0.014737 0.018336
0.014699 0.014942
0.014696 0.015055
0.014667 0.024307
0.014611 0.026995
0.014609 0.022706
0.014604 0.024705
0.014602 0.014648
0.014591 0.019721
0.014581 0.015732
0.014574 0.017241
0.014533 0.028364
0.014521 0.023764
0.014499 0.014969
0.014490 0.016236
0.014485 0.014630
0.014473 0.027186
0.014456 0.014603
0.014453 0.015556
0.014418 0.017313
0.014414 0.015011
0.014366 0.014760
0.014351 0.018072
0.014318 0.015959
0.014310 0.026956
0.014304 0.016523
0.014299 0.014775
0.014296 0.020297
0.014295 0.015943
0.014294 0.014932
0.014290 0.014592
0.014279 0.016026
0.014275 0.017029
0.014269 0.014967
0.014258 0.015898
0.014251 0.024431
0.014249 0.022874
0.014244 0.015007
0.014216 0.017852
0.014192 0.025961
0.014187 0.018651
0.014186 0.015050
0.014159 0.015387
0.014158 0.016808
0.014134 0.016950
0.014132 0.015998
0.014093 0.025294
0.014064 0.017799
0.014061 0.016477
0.014053 0.023373
0.014032 0.015322
0.014024 0.018914
0.014011 0.021340
0.014007 0.015505
0.013998 0.020601
0.013983 0.018502
0.013966 0.014578
0.013961 0.014335
0.013947 0.013962
0.013944 0.016246
0.013939 0.019469
0.013914 0.016631
0.013892 0.014070
0.013888 0.014168
0.013878 0.023948
0.013876 0.015028
0.013870 0.014755
0.013868 0.025644
0.013856 0.015328
0.013850 0.014403
0.013826 0.014418
0.013813 0.013823
0.013784 0.025445
0.013783 0.017878
0.013778 0.014004
0.013777 0.016735
0.013752 0.020164
0.013722 0.018459
0.013721 0.017791
0.013719 0.022961
0.013718 0.014201
0.013712 0.015577
0.013697 0.014658
0.013693 0.014006
0.013672 0.017348
0.013631 0.014298
0.013592 0.014555
0.013579 0.015559
0.013561 0.021084
0.013526 0.015638
0.013512 0.014041
0.013511 0.022881
0.013503 0.015813
0.013493 0.025003
0.013488 0.013537
0.013483 0.015102
0.013478 0.019155
0.013475 0.019706
0.013470 0.013945
0.013469 0.013933
0.013460 0.017089
0.013457 0.016059
0.013453 0.013809
0.013446 0.015239
0.013434 0.015455
0.013429 0.014722
0.013407 0.013660
0.013400 0.013525
0.013387 0.014085
0.013382 0.016331
0.013375 0.017842
0.013350 0.013958
0.013347 0.026945
0.013332 0.020945
0.013280 0.018869
0.013279 0.015034
0.013270 0.014292
0.013268 0.016079
0.013266 0.014130
0.013258 0.013777
0.013253 0.017251
0.013251 0.038472
0.013231 0.015466
0.013225 0.014983
0.013207 0.031949
0.013182 0.013282
0.013153 0.014217
0.013139 0.027402
0.013138 0.020305
0.013136 0.016898
0.013128 0.022872
0.013112 0.016129
0.013102 0.013202
0.013085 0.013254
0.013083 0.016063
0.013082 0.017996
0.013067 0.025696
0.013062 0.013142
0.013047 0.014311
0.013045 0.014435
0.013044 0.013875
0.013035 0.015480
0.013019 0.028694
0.013009 0.021421
0.012998 0.013301
0.012951 0.022983
0.012923 0.015284
0.012899 0.013910
0.012889 0.015179
0.012857 0.014879
0.012856 0.013586
0.012853 0.013010
0.012851 0.013069
0.012799 0.014502
0.012782 0.014093
0.012778 0.013597
0.012774 0.016316
0.012768 0.013170
0.012752 0.013429
0.012748 0.013491
0.012743 0.014084
0.012742 0.013400
0.012739 0.017361
0.012730 0.014160
0.012708 0.018972
0.012699 0.013753
0.012699 0.016117
0.012697 0.014493
0.012695 0.025386
0.012694 0.012713
0.012693 0.016511
0.012681 0.015238
0.012667 0.014205
0.012658 0.012894
0.012649 0.022904
0.012644 0.019723
0.012638 0.016457
0.012630 0.013550
0.012625 0.012909
0.012593 0.014785
0.012591 0.013101
0.012589 0.016710
0.012575 0.014884
0.012563 0.015761
0.012530 0.022323
0.012526 0.013807
0.012525 0.018154
0.012521 0.012801
0.012513 0.014776
0.012510 0.015377
0.012510 0.013069
0.012493 0.012980
0.012491 0.012625
0.012473 0.015085
0.012460 0.023017
0.012458 0.018184
0.012453 0.023527
0.012446 0.017138
0.012417 0.016797
0.012415 0.017673
0.012407 0.017064
0.012401 0.013253
0.012395 0.013298
0.012385 0.022535
0.012380 0.014242
0.012377 0.015411
0.012367 0.020772
0.012359 0.014481
0.012355 0.015227
0.012338 0.012629
0.012335 0.012666
0.012328 0.013119
0.012310 0.013718
0.012282 0.013245
0.012275 0.014679
0.012267 0.012420
0.012267 0.022797
0.012265 0.014205
0.012265 0.015793
0.012261 0.021332
0.012260 0.014328
0.012255 0.012373
0.012246 0.018410
0.012238 0.013638
0.012225 0.012667
0.012210 0.025390
0.012206 0.013951
0.012203 0.014568
0.012163 0.013009
0.012156 0.012309
0.012138 0.012497
0.012134 0.013730
0.012131 0.013034
0.012122 0.012802
0.012121 0.012889
0.012115 0.013194
0.012092 0.016299
0.012080 0.012096
0.012075 0.014706
0.012067 0.013054
0.012064 0.013551
0.012056 0.015072
0.012041 0.012583
0.012040 0.013659
0.012028 0.021923
0.012027 0.012988
0.012012 0.013400
0.012009 0.014149
0.011988 0.014192
0.011968 0.016262
0.011967 0.015222
0.011964 0.020015
0.011954 0.012006
0.011940 0.013188
0.011936 0.013017
0.011930 0.012112
0.011908 0.014446
0.011860 0.014585
0.011845 0.012066
0.011842 0.022542
0.011814 0.012093
0.011813 0.016920
0.011784 0.016335
0.011779 0.012954
0.011778 0.015041
0.011777 0.012239
0.011773 0.016717
0.011770 0.012083
0.011759 0.012033
0.011740 0.018676
0.011725 0.030885
0.011720 0.013545
0.011707 0.015374
0.011696 0.014567
0.011695 0.014634
0.011690 0.012289
0.011689 0.012825
0.011683 0.012650
0.011653 0.012264
0.011650 0.023315
0.011645 0.026412
0.011645 0.014064
0.011642 0.012914
0.011627 0.012206
0.011626 0.014873
0.011588 0.017186
0.011582 0.011997
0.011581 0.012078
0.011545 0.012349
0.011542 0.020962
0.011539 0.013181
0.011533 0.013253
0.011492 0.011543
0.011487 0.012291
0.011480 0.012077
0.011461 0.015391
0.011448 0.011465
0.011447 0.016042
0.011433 0.016204
0.011425 0.018718
0.011423 0.019047
0.011416 0.013764
0.011408 0.014142
0.011389 0.011677
0.011378 0.011389
0.011373 0.012452
0.011347 0.014394
0.011331 0.017484
0.011331 0.013568
0.011330 0.011924
0.011302 0.012553
0.011281 0.011330
0.011257 0.015440
0.011241 0.014169
0.011239 0.016251
0.011238 0.014112
0.011226 0.021541
0.011217 0.011374
0.011204 0.017691
0.011200 0.013681
0.011196 0.016292
0.011161 0.011231
0.011155 0.014624
0.011143 0.013602
0.011135 0.013214
0.011131 0.011250
0.011129 0.011780
0.011127 0.019874
0.011115 0.012121
0.011110 0.013634
0.011108 0.017748
0.011103 0.011415
0.011076 0.015538
0.011076 0.020191
0.011074 0.014307
0.011073 0.012381
0.011070 0.012844
0.011064 0.016348
0.011061 0.012451
0.011056 0.012361
0.011041 0.017421
0.011040 0.015812
0.011029 0.011546
0.011026 0.011181
0.011025 0.014975
0.011024 0.014739
0.011010 0.015179
0.011010 0.012179
0.011003 0.020297
0.010999 0.017664
0.010994 0.012819
0.010992 0.011197
0.010986 0.013163
0.010977 0.012277
0.010975 0.011477
0.010974 0.013166
0.010960 0.011305
0.010959 0.012512
0.010957 0.013015
0.010950 0.012628
0.010943 0.011124
0.010940 0.011096
0.010933 0.018093
0.010930 0.012519
0.010919 0.011772
0.010913 0.011780
0.010910 0.010927
0.010903 0.015831
0.010900 0.012214
0.010897 0.013221
0.010887 0.011965
0.010886 0.011038
0.010886 0.022444
0.010885 0.018273
0.010877 0.012658
0.010852 0.013999
0.010850 0.011890
0.010848 0.011410
0.010848 0.018591
0.010847 0.014421
0.010845 0.011826
0.010836 0.017294
0.010826 0.012173
0.010814 0.013732
0.010807 0.011058
0.010801 0.013702
0.010790 0.011063
0.010787 0.012090
0.010785 0.011017
0.010779 0.011480
0.010773 0.013351
0.010765 0.011770
0.010761 0.012204
0.010761 0.011268
0.010756 0.011158
0.010742 0.011755
0.010739 0.012852
0.010732 0.011359
0.010722 0.011072
0.010706 0.011362
0.010687 0.012731
0.010684 0.025982
0.010684 0.013503
0.010680 0.011320
0.010678 0.013827
0.010678 0.011463
0.010663 0.026654
0.010653 0.010949
0.010643 0.011749
0.010631 0.011335
0.010624 0.012047
0.010623 0.010863
0.010614 0.015053
0.010610 0.013302
0.010591 0.012514
0.010567 0.021424
0.010558 0.014168
0.010547 0.012752
0.010544 0.013855
0.010519 0.011408
0.010505 0.012269
0.010490 0.011192
0.010489 0.026180
0.010474 0.019665
0.010470 0.014615
0.010463 0.012531
0.010451 0.010839
0.010437 0.011581
0.010406 0.012878
0.010392 0.010749
0.010382 0.011268
0.010381 0.011297
0.010376 0.011101
0.010372 0.011875
0.010369 0.015666
0.010366 0.010827
0.010365 0.010831
0.010363 0.011353
0.010353 0.010665
0.010348 0.013068
0.010345 0.013326
0.010344 0.010607
0.010344 0.010583
0.010343 0.010906
0.010336 0.011945
0.010333 0.011389
0.010332 0.013762
0.010325 0.010851
0.010314 0.010619
0.010314 0.018885
0.010312 0.019550
0.010306 0.010942
0.010305 0.013480
0.010297 0.015943
0.010296 0.012239
0.010287 0.014826
0.010282 0.012535
0.010281 0.011224
0.010268 0.011423
0.010268 0.012760
0.010267 0.012272
0.010265 0.012784
0.010263 0.015228
0.010260 0.012897
0.010257 0.013610
0.010249 0.011973
0.010248 0.011043
0.010246 0.023833
0.010241 0.010245
0.010234 0.010640
0.010229 0.016146
0.010227 0.010663
0.010219 0.017060
0.010208 0.010268
0.010203 0.012440
0.010200 0.010243
0.010186 0.010806
0.010186 0.011243
0.010178 0.011008
0.010165 0.010461
0.010158 0.011016
0.010154 0.010587
0.010143 0.011172
0.010137 0.010191
0.010137 0.019061
0.010107 0.015198
0.010098 0.014695
0.010087 0.010307
0.010085 0.010358
0.010085 0.010486
0.010063 0.011510
0.010058 0.012316
0.010053 0.011518
0.010034 0.010607
0.010033 0.017406
0.010033 0.011980
0.010031 0.010982
0.010028 0.011028
0.010004 0.010311
0.010002 0.013006
0.010001 0.016678
0.009983 0.011286
0.009982 0.016841
0.009981 0.010225
0.009967 0.010784
0.009967 0.019429
0.009956 0.011392
0.009951 0.010229
0.009949 0.012274
0.009938 0.009951
0.009933 0.012304
0.009931 0.012457
0.009923 0.010422
0.009916 0.009972
0.009913 0.011576
0.009901 0.010694
0.009895 0.016354
0.009888 0.011316
0.009887 0.010574
0.009886 0.011295
0.009867 0.011967
0.009859 0.010424
0.009851 0.010031
0.009846 0.010019
0.009844 0.010135
0.009843 0.010626
0.009834 0.010768
0.009824 0.012953
0.009808 0.012505
0.009808 0.010037
0.009798 0.014832
0.009795 0.010808
0.009789 0.014627
0.009785 0.009960
0.009779 0.013267
0.009762 0.010829
0.009758 0.013679
0.009754 0.011943
0.009745 0.013895
0.009743 0.012759
0.009741 0.020297
0.009738 0.015607
0.009734 0.010637
0.009733 0.012010
0.009707 0.014765
0.009696 0.012244
0.009688 0.012054
0.009688 0.010212
0.009680 0.011208
0.009679 0.011078
0.009677 0.009861
0.009670 0.014022
0.009667 0.016734
0.009657 0.016223
0.009652 0.012973
0.009644 0.013669
0.009638 0.011346
0.009631 0.010353
0.009623 0.011360
0.009611 0.012334
0.009603 0.010171
0.009595 0.011020
0.009583 0.015890
0.009577 0.010762
0.009567 0.011367
0.009567 0.010427
0.009557 0.010238
0.009557 0.015193
0.009550 0.010125
0.009547 0.014374
0.009546 0.015715
0.009542 0.010438
0.009541 0.010812
0.009536 0.009678
0.009534 0.009584
0.009531 0.010423
0.009528 0.011513
0.009526 0.009841
0.009522 0.010865
0.009513 0.011294
0.009510 0.009993
0.009504 0.010269
0.009504 0.012371
0.009499 0.011025
0.009494 0.017105
0.009486 0.012449
0.009480 0.009493
0.009475 0.012695
0.009472 0.009494
0.009471 0.010646
0.009467 0.013575
0.009467 0.011199
0.009452 0.014094
0.009448 0.010058
0.009439 0.014681
0.009420 0.017336
0.009414 0.011139
0.009411 0.011016
0.009411 0.012531
0.009399 0.010819
0.009399 0.012379
0.009396 0.011067
0.009394 0.009710
0.009380 0.011036
0.009378 0.013135
0.009375 0.010806
0.009340 0.009601
0.009334 0.010554
0.009331 0.009877
0.009330 0.009405
0.009304 0.010273
0.009292 0.009442
0.009290 0.009515
0.009279 0.009639
0.009264 0.009478
0.009258 0.022618
0.009257 0.009321
0.009256 0.013820
0.009256 0.011448
0.009248 0.012036
0.009238 0.010513
0.009236 0.011254
0.009235 0.011012
0.009232 0.010242
0.009230 0.010172
0.009217 0.009934
0.009217 0.013707
0.009216 0.012095
0.009207 0.009624
0.009207 0.015011
0.009204 0.010773
0.009190 0.009222
0.009187 0.012594
0.009185 0.012364
0.009184 0.010291
0.009158 0.009306
0.009154 0.009744
0.009154 0.012519
0.009150 0.009657
0.009149 0.009734
0.009146 0.016247
0.009134 0.010652
0.009125 0.011243
0.009122 0.009504
0.009107 0.013117
0.009097 0.012017
0.009091 0.016811
0.009091 0.019838
0.009081 0.014200
0.009080 0.012641
0.009078 0.012134
0.009075 0.015044
0.009065 0.010334
0.009056 0.018367
0.009050 0.012807
0.009042 0.009054
0.009037 0.009196
0.009033 0.012788
0.009032 0.010060
0.009030 0.012829
0.009023 0.009153
0.009022 0.014292
0.008997 0.011463
0.008987 0.009626
0.008982 0.010000
0.008973 0.019915
0.008971 0.011433
0.008961 0.014409
0.008959 0.010132
0.008955 0.012886
0.008953 0.014366
0.008949 0.011008
0.008949 0.017062
0.008947 0.010792
0.008944 0.021097
0.008942 0.012697
0.008933 0.008981
0.008918 0.012954
0.008917 0.011083
0.008916 0.013502
0.008912 0.010659
0.008910 0.009396
0.008898 0.010769
0.008898 0.009628
0.008883 0.008993
0.008868 0.011197
0.008867 0.008970
0.008857 0.010318
0.008855 0.021607
0.008849 0.010286
0.008843 0.009274
0.008841 0.011036
0.008835 0.008939
0.008829 0.010565
0.008819 0.009901
0.008817 0.009172
0.008812 0.010592
0.008810 0.011084
0.008809 0.012538
0.008805 0.010317
0.008796 0.015294
0.008794 0.016024
0.008794 0.011633
0.008783 0.013526
0.008782 0.011423
0.008775 0.012727
0.008766 0.013946
0.008764 0.008953
0.008756 0.011069
0.008753 0.009092
0.008751 0.008978
0.008749 0.009034
0.008730 0.009699
0.008729 0.008917
0.008725 0.010667
0.008723 0.008793
0.008700 0.009394
0.008698 0.009535
0.008691 0.011682
0.008688 0.009823
0.008685 0.009816
0.008682 0.009477
0.008680 0.011204
0.008669 0.009425
0.008661 0.009219
0.008658 0.009966
0.008651 0.009796
0.008650 0.009732
0.008644 0.011990
0.008636 0.013786
0.008634 0.009750
0.008632 0.012918
0.008630 0.015210
0.008625 0.010377
0.008625 0.008719
0.008621 0.009001
0.008619 0.008664
0.008608 0.013868
0.008603 0.010265
0.008600 0.009047
0.008597 0.008747
0.008588 0.010256
0.008581 0.009784
0.008581 0.011137
0.008580 0.015663
0.008535 0.008860
0.008527 0.010509
0.008527 0.009066
0.008518 0.008595
0.008515 0.010416
0.008511 0.013243
0.008509 0.012782
0.008507 0.008547
0.008506 0.009155
0.008506 0.009056
0.008506 0.009075
0.008505 0.011988
0.008493 0.009215
0.008492 0.010037
0.008489 0.009423
0.008487 0.011730
0.008486 0.008945
0.008482 0.008654
0.008465 0.013338
0.008457 0.010708
0.008455 0.013987
0.008450 0.011281
0.008421 0.009231
0.008413 0.016218
0.008412 0.012980
0.008412 0.012681
0.008412 0.009011
0.008404 0.009082
0.008399 0.010471
0.008399 0.010346
0.008396 0.010047
0.008394 0.009278
0.008388 0.009610
0.008365 0.008951
0.008358 0.013893
0.008354 0.009174
0.008341 0.008752
0.008340 0.008610
0.008340 0.009298
0.008339 0.012008
0.008334 0.010425
0.008334 0.009660
0.008333 0.012409
0.008329 0.008704
0.008326 0.010070
0.008322 0.009792
0.008320 0.009305
0.008316 0.011665
0.008314 0.012004
0.008311 0.008412
0.008311 0.009167
0.008310 0.010439
0.008303 0.010325
0.008303 0.009150
0.008300 0.010160
0.008298 0.011460
0.008294 0.009268
0.008293 0.013615
0.008281 0.009733
0.008280 0.009890
0.008277 0.008685
0.008273 0.018381
0.008269 0.008700
0.008268 0.009463
0.008256 0.008759
0.008250 0.011612
0.008249 0.010640
0.008249 0.012914
0.008246 0.010426
0.008241 0.013025
0.008241 0.008617
0.008223 0.016362
0.008220 0.013283
0.008218 0.013407
0.008217 0.009815
0.008211 0.008670
0.008210 0.015169
0.008202 0.010860
0.008199 0.009937
0.008197 0.019485
0.008177 0.009128
0.008172 0.010965
0.008167 0.017053
0.008152 0.012867
0.008142 0.008557
0.008141 0.010978
0.008138 0.009963
0.008135 0.008377
0.008133 0.008875
0.008132 0.011019
0.008119 0.013199
0.008118 0.010290
0.008086 0.009965
0.008085 0.013537
0.008077 0.011082
0.008074 0.008477
0.008072 0.016442
0.008071 0.011908
0.008058 0.008929
0.008057 0.009623
0.008055 0.009511
0.008052 0.008275
0.008051 0.010821
0.008049 0.010290
0.008048 0.008799
0.008045 0.008419
0.008034 0.009025
0.008031 0.011201
0.008030 0.008944
0.008030 0.008589
0.008022 0.010861
0.008019 0.010397
0.008018 0.009233
0.008012 0.009070
0.008011 0.009049
0.008008 0.020365
0.008007 0.010500
0.008005 0.008158
0.007996 0.012004
0.007995 0.009584
0.007993 0.015424
0.007989 0.008973
0.007985 0.011517
0.007985 0.009117
0.007984 0.011630
0.007980 0.008577
0.007970 0.009442
0.007968 0.014579
0.007952 0.009414
0.007950 0.012024
0.007944 0.010105
0.007931 0.008423
0.007928 0.013683
0.007917 0.009841
0.007916 0.008691
0.007911 0.010385
0.007905 0.015039
0.007896 0.007968
0.007894 0.009130
0.007889 0.007996
0.007880 0.008864
0.007877 0.009518
0.007875 0.010731
0.007868 0.008206
0.007860 0.009729
0.007844 0.009848
0.007844 0.008219
0.007830 0.008005
0.007828 0.009046
0.007819 0.011768
0.007819 0.007845
0.007812 0.008306
0.007812 0.007921
0.007797 0.008118
0.007796 0.009936
0.007775 0.012887
0.007766 0.010468
0.007765 0.007917
0.007765 0.010829
0.007752 0.008583
0.007747 0.012326
0.007746 0.007746
0.007745 0.008899
0.007742 0.008361
0.007733 0.009153
0.007732 0.008449
0.007731 0.008036
0.007731 0.007811
0.007725 0.010852
0.007722 0.008859
0.007713 0.008946
0.007710 0.007775
0.007708 0.016161
0.007707 0.008676
0.007707 0.007924
0.007695 0.015642
0.007692 0.010024
0.007685 0.008569
0.007677 0.011278
0.007675 0.007873
0.007674 0.011478
0.007673 0.009615
0.007669 0.008537
0.007656 0.009883
0.007655 0.008733
0.007648 0.007850
0.007648 0.013794
0.007646 0.008740
0.007631 0.007798
0.007627 0.008592
0.007620 0.009298
0.007607 0.014291
0.007605 0.007623
0.007603 0.007858
0.007599 0.009369
0.007598 0.009980
0.007593 0.009109
0.007585 0.008883
0.007582 0.009085
0.007579 0.009156
0.007577 0.007781
0.007576 0.008134
0.007574 0.011934
0.007567 0.008751
0.007566 0.013668
0.007556 0.009997
0.007555 0.009744
0.007552 0.009538
0.007544 0.011508
0.007538 0.012428
0.007536 0.009021
0.007532 0.009275
0.007526 0.009463
0.007525 0.013869
0.007518 0.013732
0.007514 0.011332
0.007510 0.007553
0.007490 0.008310
0.007486 0.008431
0.007486 0.008191
0.007485 0.007994
0.007484 0.007797
0.007478 0.007905
0.007474 0.008229
0.007470 0.007749
0.007468 0.013397
0.007467 0.007699
0.007466 0.010966
0.007460 0.009689
0.007460 0.011636
0.007458 0.007542
0.007451 0.007630
0.007450 0.010157
0.007450 0.007651
0.007444 0.009132
0.007434 0.008495
0.007425 0.007750
0.007424 0.009498
0.007423 0.007964
0.007423 0.009982
0.007422 0.010140
0.007410 0.007954
0.007403 0.007469
0.007400 0.007412
0.007392 0.008540
0.007388 0.007796
0.007385 0.012091
0.007384 0.014158
0.007383 0.010659
0.007383 0.007728
0.007382 0.009197
0.007374 0.008033
0.007373 0.007870
0.007372 0.011840
0.007369 0.010784
0.007361 0.009495
0.007358 0.009898
0.007345 0.007597
0.007331 0.013043
0.007326 0.007948
0.007326 0.009050
0.007325 0.014988
0.007322 0.008971
0.007320 0.011864
0.007315 0.008749
0.007315 0.009705
0.007311 0.008520
0.007310 0.007430
0.007309 0.015531
0.007298 0.007984
0.007294 0.007567
0.007293 0.016649
0.007293 0.008963
0.007291 0.007826
0.007290 0.007444
0.007284 0.008497
0.007283 0.008283
0.007281 0.007304
0.007280 0.010731
0.007276 0.009816
0.007275 0.010603
0.007274 0.008345
0.007268 0.011257
0.007258 0.007830
0.007255 0.019795
0.007250 0.009827
0.007250 0.007816
0.007247 0.008509
0.007242 0.008522
0.007239 0.007892
0.007237 0.008042
0.007237 0.009285
0.007235 0.007351
0.007233 0.008696
0.007227 0.012245
0.007227 0.007459
0.007225 0.007801
0.007221 0.008823
0.007217 0.008550
0.007217 0.011605
0.007215 0.009270
0.007210 0.007809
0.007209 0.008467
0.007209 0.008398
0.007201 0.007766
0.007196 0.007916
0.007194 0.007600
0.007187 0.008006
0.007184 0.007500
0.007182 0.010362
0.007182 0.007299
0.007174 0.009076
0.007172 0.013700
0.007172 0.008287
0.007169 0.010289
0.007139 0.007704
0.007132 0.008029
0.007131 0.007761
0.007129 0.007949
0.007126 0.007162
0.007122 0.008179
0.007117 0.009952
0.007112 0.007896
0.007106 0.008968
0.007098 0.007503
0.007091 0.007094
0.007076 0.007457
0.007048 0.009683
0.007047 0.008736
0.007043 0.007453
0.007034 0.010702
0.007026 0.007226
0.007022 0.007051
0.007017 0.013383
0.007014 0.007472
0.007012 0.008006
0.007005 0.008180
0.006996 0.008127
0.006993 0.013364
0.006992 0.007814
0.006983 0.007075
0.006982 0.009818
0.006981 0.009104
0.006974 0.009518
0.006973 0.008220
0.006962 0.008346
0.006958 0.006979
0.006955 0.007415
0.006951 0.007092
0.006950 0.008099
0.006948 0.007203
0.006946 0.007787
0.006943 0.014861
0.006942 0.014034
0.006937 0.007863
0.006932 0.009665
0.006932 0.007484
0.006927 0.008487
0.006926 0.007511
0.006915 0.007797
0.006912 0.008122
0.006911 0.011075
0.006908 0.009711
0.006906 0.008886
0.006905 0.007337
0.006891 0.009201
0.006891 0.007586
0.006890 0.007373
0.006883 0.008218
0.006880 0.007113
0.006873 0.007845
0.006868 0.008474
0.006862 0.009916
0.006860 0.007051
0.006859 0.007622
0.006857 0.007445
0.006856 0.009248
0.006850 0.007337
0.006849 0.007423
0.006848 0.008581
0.006847 0.007251
0.006841 0.008215
0.006836 0.008584
0.006824 0.010484
0.006813 0.008482
0.006812 0.008951
0.006811 0.007321
0.006805 0.008784
0.006791 0.006900
0.006788 0.007199
0.006786 0.008461
0.006784 0.008977
0.006778 0.016068
0.006772 0.007437
0.006770 0.010007
0.006769 0.009160
0.006768 0.013157
0.006767 0.008163
0.006751 0.007867
0.006744 0.010581
0.006743 0.008292
0.006739 0.007391
0.006734 0.006848
0.006732 0.008704
0.006729 0.009789
0.006713 0.008190
0.006709 0.007172
0.006708 0.006889
0.006706 0.007514
0.006696 0.008230
0.006692 0.012403
0.006690 0.006748
0.006685 0.007198
0.006675 0.010248
0.006672 0.008126
0.006667 0.006916
0.006657 0.007454
0.006655 0.006710
0.006649 0.009130
0.006646 0.008491
0.006640 0.006995
0.006636 0.010145
0.006628 0.012389
0.006624 0.006716
0.006623 0.008591
0.006618 0.007065
0.006610 0.010365
0.006609 0.009411
0.006607 0.006643
0.006606 0.015754
0.006606 0.008996
0.006596 0.007463
0.006591 0.007145
0.006581 0.007619
0.006580 0.006943
0.006579 0.008247
0.006564 0.008452
0.006563 0.008988
0.006555 0.008552
0.006554 0.006967
0.006544 0.010181
0.006538 0.008271
0.006529 0.006960
0.006527 0.006891
0.006526 0.006729
0.006524 0.007318
0.006521 0.007005
0.006520 0.010334
0.006518 0.007367
0.006518 0.008875
0.006516 0.010752
0.006515 0.010758
0.006509 0.006679
0.006506 0.007119
0.006498 0.006656
0.006494 0.008387
0.006493 0.008500
0.006490 0.009900
0.006488 0.006752
0.006477 0.009305
0.006477 0.007144
0.006473 0.006581
0.006471 0.006863
0.006462 0.007831
0.006459 0.007269
0.006448 0.007362
0.006432 0.006691
0.006408 0.008575
0.006404 0.008466
0.006401 0.010760
0.006399 0.007465
0.006398 0.006668
0.006397 0.007356
0.006387 0.010354
0.006375 0.006639
0.006364 0.006667
0.006363 0.007317
0.006362 0.006897
0.006354 0.007461
0.006353 0.006416
0.006349 0.006630
0.006349 0.006461
0.006344 0.006997
0.006341 0.009409
0.006337 0.008808
0.006331 0.006392
0.006321 0.011680
0.006320 0.009654
0.006307 0.010099
0.006300 0.006903
0.006298 0.010274
0.006297 0.009672
0.006296 0.011607
0.006281 0.012060
0.006279 0.009091
0.006273 0.006790
0.006272 0.007201
0.006265 0.011635
0.006259 0.007111
0.006257 0.013042
0.006249 0.009312
0.006247 0.006549
0.006246 0.006314
0.006238 0.006675
0.006235 0.008247
0.006234 0.007010
0.006234 0.008045
0.006230 0.010027
0.006225 0.008961
0.006225 0.009338
0.006225 0.008333
0.006219 0.007568
0.006210 0.006896
0.006205 0.007423
0.006198 0.007563
0.006198 0.009462
0.006190 0.007242
0.006187 0.006202
0.006182 0.009755
0.006181 0.007873
0.006178 0.007538
0.006174 0.010475
0.006169 0.007257
0.006167 0.008318
0.006165 0.006530
0.006160 0.013398
0.006148 0.008783
0.006142 0.009870
0.006127 0.007336
0.006110 0.010806
0.006103 0.007343
0.006096 0.007289
0.006093 0.007662
0.006072 0.015185
0.006065 0.006084
0.006058 0.006117
0.006056 0.007556
0.006053 0.007685
0.006049 0.009936
0.006042 0.010641
0.006040 0.009143
0.006035 0.010727
0.006035 0.007974
0.006031 0.010398
0.006029 0.008788
0.006017 0.006432
0.006015 0.006715
0.006007 0.008669
0.006007 0.013051
0.006004 0.007303
0.006004 0.006322
0.006003 0.006847
0.005991 0.006131
0.005989 0.006579
0.005987 0.006619
0.005985 0.006263
0.005984 0.006162
0.005980 0.010327
0.005979 0.008585
0.005975 0.008689
0.005966 0.008947
0.005963 0.006297
0.005958 0.006043
0.005952 0.011052
0.005948 0.012591
0.005943 0.007982
0.005941 0.006656
0.005940 0.005969
0.005939 0.010865
0.005939 0.006142
0.005931 0.008098
0.005929 0.011967
0.005926 0.007570
0.005926 0.006625
0.005924 0.010960
0.005922 0.006531
0.005914 0.007863
0.005911 0.006751
0.005907 0.005972
0.005892 0.006523
0.005884 0.008601
0.005883 0.009477
0.005880 0.010004
0.005872 0.006960
0.005869 0.006415
0.005862 0.007737
0.005845 0.006448
0.005844 0.009382
0.005842 0.008098
0.005842 0.010670
0.005840 0.012601
0.005837 0.008388
0.005834 0.009804
0.005834 0.005939
0.005829 0.005906
0.005825 0.006930
0.005814 0.006638
0.005808 0.007395
0.005808 0.006243
0.005806 0.008151
0.005792 0.009425
0.005784 0.007094
0.005770 0.006892
0.005762 0.007070
0.005762 0.008644
0.005761 0.008398
0.005756 0.007684
0.005755 0.011424
0.005746 0.010919
0.005746 0.005871
0.005729 0.006249
0.005725 0.008348
0.005719 0.007345
0.005700 0.006881
0.005700 0.006129
0.005689 0.010188
0.005682 0.006155
0.005676 0.010034
0.005673 0.006523
0.005666 0.006413
0.005660 0.010481
0.005660 0.007302
0.005652 0.006124
0.005650 0.005707
0.005650 0.007658
0.005649 0.012304
0.005645 0.007600
0.005644 0.006107
0.005642 0.006057
0.005641 0.010192
0.005639 0.007015
0.005637 0.008441
0.005635 0.008719
0.005634 0.006648
0.005631 0.009753
0.005624 0.007993
0.005623 0.006397
0.005618 0.009309
0.005617 0.005725
0.005608 0.006334
0.005604 0.013053
0.005593 0.006976
0.005587 0.005598
0.005587 0.005779
0.005586 0.006182
0.005574 0.008255
0.005566 0.005668
0.005553 0.007871
0.005548 0.006255
0.005544 0.013237
0.005540 0.009810
0.005537 0.011879
0.005535 0.010492
0.005534 0.006629
0.005532 0.005667
0.005530 0.005634
0.005517 0.008847
0.005511 0.006477
0.005504 0.006073
0.005503 0.006516
0.005500 0.006182
0.005490 0.006178
0.005465 0.006199
0.005461 0.007109
0.005455 0.005758
0.005455 0.007314
0.005453 0.006007
0.005450 0.007925
0.005446 0.008191
0.005444 0.006626
0.005443 0.008643
0.005441 0.006205
0.005440 0.006002
0.005423 0.005929
0.005420 0.006402
0.005416 0.013826
0.005415 0.005636
0.005409 0.005975
0.005406 0.006500
0.005403 0.011002
0.005380 0.008560
0.005377 0.005689
0.005377 0.006290
0.005370 0.005910
0.005365 0.006951
0.005344 0.008538
0.005342 0.005471
0.005339 0.005578
0.005331 0.008469
0.005327 0.006008
0.005327 0.005558
0.005315 0.007614
0.005310 0.005414
0.005303 0.006559
0.005292 0.011123
0.005289 0.005337
0.005286 0.006527
0.005282 0.007346
0.005279 0.007017
0.005273 0.011551
0.005269 0.006908
0.005266 0.005477
0.005252 0.005269
0.005244 0.006409
0.005229 0.007741
0.005226 0.005693
0.005226 0.005492
0.005223 0.005864
0.005218 0.005881
0.005216 0.008906
0.005208 0.010426
0.005203 0.005231
0.005201 0.005311
0.005198 0.005443
0.005198 0.005764
0.005193 0.008520
0.005192 0.005497
0.005178 0.007038
0.005175 0.006862
0.005165 0.005782
0.005158 0.005753
0.005155 0.006790
0.005150 0.007394
0.005135 0.005508
0.005131 0.005391
0.005126 0.006002
0.005113 0.005445
0.005108 0.005208
0.005100 0.005958
0.005075 0.005134
0.005071 0.006162
0.005071 0.005778
0.005068 0.006039
0.005057 0.005153
0.005054 0.005896
0.005045 0.005299
0.005042 0.006279
0.005037 0.005671
0.005035 0.007997
0.005032 0.005404
0.005029 0.005411
0.005017 0.005304
0.005011 0.005676
0.004994 0.005285
0.004966 0.007309
0.004961 0.005179
0.004958 0.005296
0.004955 0.005514
0.004941 0.005715
0.004935 0.005439
0.004931 0.005613
0.004931 0.008344
0.004919 0.005593
0.004913 0.004941
0.004896 0.006109
0.004893 0.004901
0.004872 0.005545
0.004871 0.004896
0.004867 0.005118
0.004825 0.005724
0.004821 0.004878
0.004802 0.005180
0.004802 0.005842
0.004796 0.005616
0.004785 0.004816
0.004782 0.004942
0.004770 0.005500
0.004761 0.009900
0.004759 0.005349
0.004755 0.006632
0.004754 0.005289
0.004740 0.004983
0.004738 0.007627
0.004737 0.005320
0.004736 0.004866
0.004716 0.005048
0.004710 0.004801
0.004690 0.005373
0.004690 0.005495
0.004681 0.004745
0.004680 0.004831
0.004659 0.006292
0.004652 0.006436
0.004651 0.004969
0.004649 0.005847
0.004646 0.005342
0.004589 0.004761
0.004588 0.004774
0.004586 0.004782
0.004582 0.006495
0.004560 0.006955
0.004559 0.004583
0.004557 0.006673
0.004552 0.006111
0.004550 0.004895
0.004547 0.005608
0.004521 0.006623
0.004520 0.004932
0.004515 0.006106
0.004490 0.005777
0.004490 0.005281
0.004470 0.005367
0.004465 0.005191
0.004464 0.005336
0.004458 0.006066
0.004454 0.004792
0.004444 0.005236
0.004433 0.004948
0.004431 0.004776
0.004421 0.006466
0.004413 0.005430
0.004413 0.006595
0.004412 0.006273
0.004386 0.006376
0.004386 0.004398
0.004383 0.006359
0.004382 0.004844
0.004353 0.005460
0.004350 0.005656
0.004344 0.004658
0.004301 0.004306
0.004300 0.006186
0.004299 0.004464
0.004289 0.004695
0.004285 0.004797
0.004281 0.005311
0.004275 0.004970
0.004272 0.004486
0.004272 0.005199
0.004261 0.005308
0.004245 0.004464
0.004234 0.005315
0.004230 0.005249
0.004229 0.004538
0.004229 0.004258
0.004214 0.005691
0.004207 0.005020
0.004207 0.004327
0.004205 0.004549
0.004200 0.004245
0.004190 0.004649
0.004188 0.005041
0.004184 0.004805
0.004173 0.005073
0.004167 0.004579
0.004159 0.004202
0.004113 0.005140
0.004099 0.004104
0.004088 0.006209
0.004085 0.004575
0.004080 0.004993
0.004063 0.004532
0.004058 0.004874
0.003978 0.005564
0.003957 0.004338
0.003885 0.004285
0.003869 0.004388
0.003840 0.004318
0.003796 0.004114
0.003795 0.004205
0.003782 0.004064
0.003705 0.003741
0.003679 0.004344
0.003675 0.004067
0.003638 0.004589
0.003604 0.003616
0.003570 0.003756
0.003558 0.003836
0.003532 0.003728
0.003506 0.003912
0.003470 0.003579
0.003470 0.003749
0.003443 0.004176
0.003373 0.003951
0.003264 0.003265
0.003221 0.003357
0.003184 0.003297
0.003087 0.004122
0.003053 0.003374
0.003040 0.004034
0.002995 0.003260
0.002982 0.003279
0.002976 0.003244
0.002963 0.003083
0.002958 0.003309
0.002843 0.003127
0.002806 0.002930
0.002773 0.003030
0.002735 0.003024
0.002723 0.003239
0.002625 0.002875
0.002529 0.002656
0.001992 0.002065
