0.204710 0.207974
0.189365 0.199661
0.129056 0.140755
0.119091 0.139497
0.116576 0.131797
0.107710 0.126686
0.097690 0.101381
0.097299 0.136053
0.086490 0.141197
0.082479 0.103014
0.080659 0.099011
0.078876 0.082832
0.076907 0.201678
0.074629 0.084214
0.071401 0.080539
0.071261 0.074319
0.071253 0.078509
0.069183 0.074939
0.067523 0.081563
0.065190 0.123256
0.064103 0.065877
0.063547 0.085373
0.063306 0.068514
0.062957 0.087164
0.061664 0.089603
0.061319 0.063021
0.058816 0.065454
0.057790 0.065607
0.057377 0.059825
0.056425 0.059396
0.056326 0.058372
0.056008 0.117711
0.055650 0.057993
0.055605 0.055882
0.055036 0.073646
0.054364 0.067964
0.053911 0.065977
0.053602 0.054419
0.052274 0.054859
0.052168 0.074654
0.052066 0.082424
0.051599 0.051949
0.051389 0.053980
0.051161 0.067618
0.050943 0.052850
0.050613 0.084779
0.050115 0.094379
0.049741 0.054090
0.048665 0.059547
0.047542 0.065218
0.047350 0.047497
0.046505 0.051050
0.046224 0.050591
0.045843 0.047240
0.045413 0.051892
0.044695 0.047650
0.044306 0.044721
0.044093 0.044144
0.042793 0.045718
0.041997 0.052387
0.041732 0.048258
0.041529 0.041768
0.039839 0.041229
0.039566 0.041520
0.039422 0.041741
0.039412 0.045328
0.039216 0.064135
0.038990 0.053038
0.038645 0.047978
0.038637 0.038970
0.037861 0.040977
0.037258 0.041224
0.037177 0.037180
0.037080 0.045303
0.036990 0.043545
0.036425 0.046328
0.036254 0.063484
0.036104 0.046397
0.036042 0.047256
0.035920 0.036193
0.035658 0.037397
0.035322 0.041810
0.035311 0.035509
0.035165 0.037719
0.035119 0.038441
0.035019 0.037072
0.034907 0.036568
0.034548 0.050835
0.034527 0.039865
0.034137 0.035061
0.033743 0.035401
0.033609 0.052264
0.033319 0.036883
0.033079 0.066596
0.032965 0.037274
0.032586 0.033065
0.032427 0.035189
0.032413 0.040326
0.032352 0.032679
0.032191 0.052914
0.032173 0.033657
0.031767 0.037258
0.031529 0.043412
0.031292 0.031478
0.031004 0.031123
0.029550 0.036464
0.029289 0.046235
0.029132 0.041619
0.028853 0.030459
0.028720 0.055108
0.028362 0.032377
0.028092 0.032730
0.028044 0.035326
0.027777 0.043837
0.027665 0.044092
0.027599 0.028241
0.027390 0.037141
0.027322 0.034239
0.027073 0.031204
0.026947 0.027746
0.026858 0.028084
0.026719 0.030410
0.026604 0.041369
0.026579 0.028816
0.026503 0.027649
0.026466 0.034524
0.026338 0.032403
0.026317 0.026592
0.026221 0.030187
0.026078 0.026257
0.026009 0.027873
0.025789 0.028038
0.025614 0.028756
0.025513 0.027273
0.025489 0.028778
0.025430 0.026713
0.025429 0.026409
0.025315 0.031284
0.025282 0.026393
0.024992 0.026594
0.024877 0.025700
0.024793 0.032007
0.024772 0.044906
0.024719 0.027896
0.024698 0.030109
0.024679 0.026673
0.024611 0.043481
0.024435 0.033892
0.024276 0.026322
0.024238 0.026389
0.024165 0.032686
0.023891 0.027219
0.023857 0.024588
0.023817 0.033321
0.023799 0.024155
0.023684 0.032434
0.023565 0.027872
0.023472 0.024500
0.023457 0.023526
0.023333 0.024086
0.023112 0.031686
0.023023 0.026794
0.022808 0.023567
0.022791 0.023984
0.022763 0.022860
0.022721 0.032704
0.022699 0.027457
0.022615 0.024008
0.022547 0.028211
0.022521 0.024198
0.022476 0.024298
0.022324 0.022605
0.022296 0.022317
0.022255 0.023497
0.022235 0.022371
0.022186 0.025443
0.022135 0.022519
0.022069 0.022674
0.022067 0.022326
0.021999 0.027102
0.021938 0.026282
0.021780 0.028932
0.021695 0.025436
0.021548 0.024733
0.021355 0.024520
0.021355 0.038046
0.021305 0.021629
0.021290 0.034257
0.021212 0.021389
0.021211 0.025507
0.021146 0.023752
0.021131 0.022467
0.021055 0.025085
0.020967 0.021400
0.020854 0.034558
0.020811 0.022707
0.020807 0.021552
0.020695 0.026826
0.020650 0.022855
0.020643 0.021351
0.020448 0.023650
0.020445 0.023264
0.020398 0.023791
0.020344 0.024264
0.020339 0.022793
0.020333 0.021760
0.020287 0.021950
0.020140 0.022169
0.020137 0.024354
0.019948 0.022735
0.019939 0.020871
0.019933 0.023940
0.019933 0.022491
0.019915 0.020755
0.019877 0.023839
0.019872 0.022542
0.019853 0.022931
0.019821 0.026615
0.019757 0.023112
0.019562 0.023385
0.019561 0.021037
0.019495 0.023283
0.019455 0.029001
0.019444 0.023000
0.019351 0.026182
0.019335 0.021904
0.019266 0.019350
0.019252 0.020770
0.019214 0.020301
0.019148 0.019948
0.019107 0.020214
0.019073 0.026014
0.018954 0.022655
0.018942 0.019119
0.018905 0.021885
0.018862 0.029664
0.018846 0.023333
0.018827 0.025077
0.018759 0.022186
0.018731 0.022906
0.018580 0.018651
0.018579 0.019175
0.018415 0.025967
0.018338 0.032708
0.018305 0.022471
0.018291 0.023390
0.018270 0.031647
0.018245 0.021865
0.018231 0.021571
0.018209 0.024228
0.018162 0.020029
0.018158 0.022351
0.018158 0.023171
0.018117 0.018348
0.018018 0.019304
0.017946 0.031257
0.017900 0.027315
0.017752 0.023816
0.017750 0.019074
0.017687 0.019651
0.017686 0.017831
0.017682 0.018045
0.017681 0.018821
0.017662 0.020896
0.017610 0.025229
0.017552 0.027536
0.017372 0.023674
0.017351 0.027990
0.017304 0.017580
0.017287 0.020903
0.017285 0.019803
0.017218 0.017897
0.017167 0.019630
0.017111 0.021955
0.017039 0.018940
0.016995 0.021165
0.016994 0.024215
0.016905 0.019394
0.016870 0.021871
0.016836 0.027040
0.016782 0.018604
0.016752 0.020272
0.016704 0.022167
0.016654 0.018978
0.016645 0.023323
0.016572 0.018584
0.016502 0.017604
0.016491 0.021975
0.016431 0.024377
0.016418 0.025120
0.016305 0.016512
0.016274 0.016815
0.016262 0.018371
0.016210 0.029141
0.016178 0.018695
0.016165 0.017894
0.016146 0.017642
0.016093 0.025740
0.016058 0.022128
0.016045 0.016874
0.015991 0.016103
0.015939 0.019564
0.015937 0.025925
0.015928 0.036436
0.015904 0.016697
0.015833 0.021472
0.015809 0.016289
0.015798 0.017385
0.015743 0.027111
0.015613 0.022687
0.015588 0.021153
0.015577 0.017372
0.015568 0.021749
0.015522 0.017849
0.015433 0.021212
0.015390 0.017162
0.015383 0.021062
0.015308 0.017270
0.015301 0.016266
0.015295 0.016809
0.015292 0.015340
0.015252 0.016570
0.015236 0.016467
0.015234 0.015368
0.015232 0.016199
0.015213 0.015774
0.015189 0.019462
0.015124 0.015505
0.015112 0.025626
0.015066 0.020767
0.015056 0.016007
0.015023 0.015775
0.015018 0.015275
0.015015 0.016071
0.015011 0.015154
0.015006 0.023107
0.014958 0.019260
0.014944 0.021515
0.014891 0.022071
0.014850 0.019152
0.014843 0.014869
0.014818 0.016169
0.014818 0.018778
0.014804 0.016196
0.014802 0.021119
0.014788 0.017397
0.014750 0.014851
0.014738 0.015634
0.014735 0.019356
0.014710 0.015640
0.014705 0.015959
0.014705 0.015472
0.014635 0.015239
0.014609 0.018366
0.014577 0.018020
0.014569 0.014589
0.014522 0.018530
0.014497 0.017572
0.014456 0.018604
0.014453 0.016971
0.014434 0.014473
0.014430 0.024939
0.014361 0.023182
0.014334 0.014339
0.014315 0.015929
0.014305 0.018319
0.014300 0.015126
0.014298 0.015332
0.014217 0.022927
0.014209 0.017119
0.014192 0.016986
0.014181 0.014768
0.014180 0.016614
0.014176 0.016425
0.014174 0.014839
0.014139 0.024935
0.014127 0.020959
0.014114 0.014981
0.014097 0.015474
0.014089 0.014884
0.014088 0.018438
0.014054 0.018407
0.014026 0.024798
0.014020 0.014193
0.014008 0.022104
0.013994 0.016462
0.013946 0.015312
0.013937 0.016642
0.013904 0.017897
0.013899 0.015289
0.013891 0.019612
0.013874 0.014772
0.013873 0.014942
0.013854 0.015880
0.013802 0.014716
0.013795 0.014728
0.013775 0.016899
0.013608 0.016514
0.013586 0.014108
0.013579 0.014266
0.013533 0.019209
0.013481 0.018631
0.013467 0.013488
0.013464 0.016595
0.013440 0.014386
0.013402 0.016309
0.013250 0.020144
0.013222 0.022311
0.013219 0.016088
0.013203 0.016660
0.013158 0.024847
0.013152 0.014913
0.013139 0.013458
0.013119 0.013153
0.013084 0.016967
0.013067 0.018355
0.013040 0.013217
0.013004 0.015058
0.012997 0.014354
0.012994 0.014175
0.012963 0.014049
0.012960 0.013674
0.012951 0.014470
0.012950 0.014138
0.012939 0.013904
0.012869 0.015802
0.012843 0.015628
0.012811 0.013509
0.012774 0.013948
0.012748 0.020547
0.012726 0.015012
0.012702 0.014061
0.012694 0.013004
0.012691 0.018786
0.012678 0.018125
0.012653 0.017655
0.012585 0.017078
0.012552 0.012579
0.012533 0.015810
0.012521 0.013040
0.012475 0.017375
0.012445 0.012699
0.012427 0.020772
0.012425 0.014575
0.012424 0.012831
0.012423 0.012714
0.012412 0.012799
0.012406 0.016050
0.012393 0.014236
0.012376 0.012597
0.012363 0.012938
0.012355 0.012362
0.012312 0.013712
0.012307 0.016197
0.012304 0.013294
0.012302 0.019942
0.012287 0.015893
0.012285 0.018825
0.012281 0.013130
0.012250 0.017557
0.012234 0.013296
0.012209 0.012438
0.012201 0.015401
0.012189 0.018180
0.012137 0.014869
0.012132 0.015707
0.012120 0.016683
0.012114 0.013483
0.012111 0.013030
0.012093 0.013560
0.012080 0.017306
0.012079 0.012742
0.012075 0.016367
0.012031 0.015360
0.012029 0.012800
0.012009 0.012742
0.012001 0.013428
0.011991 0.012764
0.011988 0.012405
0.011981 0.015965
0.011963 0.011996
0.011945 0.016946
0.011935 0.018650
0.011931 0.012096
0.011925 0.014889
0.011918 0.024938
0.011917 0.012022
0.011907 0.012475
0.011903 0.017923
0.011895 0.016932
0.011894 0.015642
0.011871 0.015783
0.011835 0.013815
0.011823 0.011959
0.011820 0.014010
0.011817 0.014007
0.011811 0.012324
0.011791 0.014820
0.011725 0.011993
0.011689 0.011734
0.011679 0.018609
0.011658 0.013584
0.011650 0.015367
0.011647 0.021619
0.011628 0.013603
0.011626 0.012518
0.011619 0.018269
0.011596 0.021204
0.011560 0.013242
0.011549 0.015605
0.011547 0.014167
0.011531 0.011802
0.011528 0.016642
0.011521 0.013171
0.011501 0.022702
0.011497 0.011988
0.011489 0.011691
0.011470 0.016750
0.011468 0.013813
0.011463 0.012575
0.011451 0.014382
0.011448 0.030409
0.011443 0.011660
0.011439 0.012925
0.011401 0.013576
0.011390 0.017114
0.011379 0.017791
0.011375 0.013440
0.011369 0.021524
0.011365 0.012211
0.011326 0.016477
0.011278 0.013978
0.011277 0.018744
0.011252 0.012394
0.011242 0.016972
0.011224 0.014089
0.011201 0.015761
0.011187 0.011257
0.011182 0.011448
0.011176 0.015854
0.011155 0.011568
0.011126 0.011458
0.011119 0.014665
0.011113 0.018538
0.011076 0.012706
0.011075 0.019346
0.011064 0.013740
0.011046 0.019391
0.011034 0.011388
0.011032 0.013318
0.011032 0.019461
0.011021 0.012405
0.011020 0.011744
0.011020 0.011055
0.011006 0.011790
0.011000 0.011197
0.010985 0.018264
0.010981 0.011950
0.010969 0.011119
0.010952 0.011000
0.010941 0.019224
0.010931 0.014920
0.010903 0.014029
0.010902 0.011790
0.010887 0.025489
0.010857 0.017522
0.010836 0.013142
0.010822 0.010885
0.010790 0.013816
0.010772 0.015127
0.010770 0.013207
0.010757 0.014243
0.010743 0.011320
0.010717 0.011589
0.010690 0.012255
0.010680 0.013350
0.010658 0.016706
0.010645 0.019564
0.010642 0.010972
0.010632 0.018516
0.010566 0.013856
0.010566 0.017983
0.010560 0.010851
0.010549 0.010847
0.010547 0.010916
0.010516 0.017398
0.010507 0.011029
0.010494 0.011347
0.010473 0.011505
0.010472 0.010589
0.010471 0.012225
0.010405 0.012973
0.010370 0.011122
0.010357 0.010499
0.010350 0.013807
0.010345 0.013903
0.010319 0.013267
0.010313 0.012023
0.010271 0.011903
0.010270 0.011892
0.010246 0.024447
0.010239 0.016540
0.010231 0.010953
0.010217 0.010251
0.010209 0.016835
0.010204 0.012225
0.010204 0.015572
0.010201 0.011982
0.010178 0.010457
0.010149 0.010301
0.010110 0.014039
0.010104 0.010516
0.010100 0.014330
0.010098 0.024238
0.010089 0.014049
0.010074 0.011168
0.010067 0.012990
0.010060 0.015772
0.010045 0.013791
0.010044 0.013565
0.010040 0.011695
0.010034 0.014926
0.010028 0.010525
0.010023 0.010661
0.010020 0.011914
0.010017 0.010918
0.010008 0.010759
0.010000 0.011863
0.009996 0.018131
0.009990 0.010258
0.009942 0.011028
0.009922 0.012735
0.009920 0.012290
0.009917 0.010480
0.009908 0.010984
0.009904 0.013184
0.009899 0.010866
0.009876 0.009949
0.009874 0.011430
0.009864 0.012726
0.009855 0.011598
0.009852 0.015561
0.009815 0.012287
0.009792 0.010351
0.009787 0.010789
0.009776 0.010665
0.009768 0.010391
0.009764 0.022081
0.009751 0.009977
0.009732 0.009904
0.009696 0.010240
0.009687 0.010846
0.009646 0.017259
0.009636 0.018665
0.009625 0.010334
0.009617 0.010617
0.009616 0.011202
0.009601 0.018120
0.009597 0.018691
0.009583 0.015482
0.009560 0.011272
0.009556 0.009568
0.009551 0.014995
0.009534 0.010039
0.009531 0.011260
0.009531 0.011555
0.009523 0.011579
0.009522 0.009545
0.009518 0.010054
0.009499 0.011238
0.009489 0.017188
0.009474 0.013458
0.009452 0.009661
0.009434 0.010451
0.009404 0.011929
0.009391 0.009788
0.009373 0.016106
0.009370 0.009586
0.009348 0.010449
0.009346 0.009644
0.009320 0.012559
0.009313 0.009403
0.009281 0.010053
0.009268 0.014107
0.009267 0.009429
0.009257 0.011203
0.009225 0.019174
0.009218 0.017999
0.009207 0.012028
0.009198 0.010585
0.009195 0.011472
0.009182 0.010075
0.009180 0.013175
0.009179 0.010488
0.009172 0.011001
0.009157 0.010378
0.009141 0.010229
0.009140 0.011965
0.009128 0.009905
0.009099 0.009563
0.009092 0.009936
0.009067 0.009836
0.009063 0.012256
0.009060 0.013747
0.009057 0.010576
0.009054 0.012494
0.009040 0.010883
0.009029 0.009661
0.009028 0.009747
0.009003 0.014468
0.008994 0.009537
0.008974 0.009324
0.008967 0.009095
0.008942 0.013381
0.008941 0.011203
0.008931 0.010571
0.008930 0.012889
0.008929 0.015591
0.008921 0.009438
0.008898 0.009043
0.008875 0.009465
0.008870 0.012751
0.008848 0.011193
0.008813 0.009654
0.008794 0.010320
0.008788 0.011147
0.008781 0.010214
0.008770 0.009600
0.008723 0.010907
0.008708 0.009501
0.008686 0.008945
0.008683 0.010686
0.008671 0.012677
0.008662 0.009086
0.008662 0.008942
0.008660 0.009854
0.008656 0.009762
0.008633 0.012915
0.008622 0.009324
0.008619 0.009305
0.008611 0.009461
0.008610 0.009588
0.008592 0.008955
0.008588 0.009778
0.008587 0.013784
0.008567 0.008648
0.008564 0.009036
0.008555 0.010257
0.008526 0.008631
0.008523 0.012834
0.008502 0.009908
0.008492 0.010190
0.008492 0.009429
0.008478 0.012945
0.008468 0.009421
0.008465 0.011653
0.008457 0.009937
0.008455 0.017751
0.008455 0.008674
0.008442 0.009345
0.008422 0.009187
0.008417 0.009791
0.008415 0.011222
0.008413 0.010667
0.008362 0.016994
0.008356 0.016650
0.008351 0.010961
0.008319 0.009334
0.008294 0.010383
0.008290 0.010273
0.008284 0.009000
0.008273 0.008667
0.008265 0.009453
0.008259 0.009312
0.008259 0.015132
0.008237 0.008336
0.008227 0.008334
0.008225 0.012524
0.008214 0.009136
0.008210 0.013711
0.008209 0.010747
0.008204 0.008629
0.008187 0.008250
0.008186 0.011209
0.008166 0.008971
0.008133 0.012036
0.008130 0.009004
0.008064 0.008655
0.008061 0.010843
0.008028 0.011029
0.008027 0.014068
0.008020 0.009128
0.008019 0.011157
0.008007 0.008531
0.008006 0.010454
0.008001 0.008374
0.007991 0.011507
0.007986 0.009374
0.007975 0.008959
0.007939 0.009277
0.007931 0.008594
0.007926 0.016478
0.007923 0.008162
0.007922 0.008430
0.007910 0.008517
0.007907 0.007929
0.007897 0.010191
0.007895 0.008022
0.007895 0.008937
0.007894 0.007981
0.007893 0.010054
0.007892 0.008006
0.007886 0.010502
0.007886 0.008352
0.007857 0.008304
0.007853 0.010362
0.007849 0.008573
0.007847 0.009248
0.007845 0.009697
0.007832 0.012176
0.007831 0.010919
0.007820 0.008507
0.007818 0.009645
0.007804 0.008223
0.007782 0.012231
0.007772 0.010969
0.007753 0.009527
0.007751 0.008821
0.007729 0.008028
0.007707 0.011399
0.007664 0.007763
0.007660 0.011660
0.007616 0.007634
0.007615 0.008361
0.007601 0.009431
0.007596 0.010422
0.007594 0.007887
0.007592 0.009856
0.007592 0.009158
0.007578 0.011470
0.007577 0.008295
0.007551 0.010694
0.007544 0.012921
0.007542 0.008742
0.007536 0.007983
0.007525 0.013474
0.007522 0.009969
0.007505 0.008014
0.007504 0.010759
0.007491 0.010529
0.007486 0.007558
0.007480 0.007845
0.007479 0.013087
0.007461 0.008778
0.007454 0.008818
0.007445 0.008778
0.007442 0.007724
0.007438 0.007441
0.007436 0.007569
0.007410 0.010760
0.007399 0.007437
0.007392 0.008371
0.007391 0.008863
0.007387 0.008902
0.007385 0.013144
0.007383 0.009577
0.007374 0.007548
0.007345 0.007644
0.007338 0.009490
0.007335 0.008020
0.007333 0.007584
0.007327 0.008386
0.007316 0.008802
0.007316 0.007676
0.007299 0.008488
0.007295 0.010571
0.007278 0.010455
0.007267 0.009493
0.007263 0.008090
0.007243 0.007426
0.007234 0.012878
0.007226 0.009043
0.007213 0.010313
0.007201 0.008150
0.007199 0.009806
0.007195 0.007221
0.007190 0.007945
0.007182 0.009839
0.007178 0.007249
0.007177 0.013500
0.007165 0.008132
0.007162 0.015963
0.007160 0.008795
0.007158 0.013299
0.007155 0.007358
0.007144 0.010111
0.007133 0.008519
0.007127 0.007893
0.007123 0.009134
0.007121 0.007207
0.007121 0.007769
0.007106 0.015588
0.007102 0.007384
0.007083 0.008000
0.007060 0.007104
0.007054 0.007896
0.007054 0.009764
0.007046 0.009531
0.007042 0.009046
0.007032 0.009514
0.007011 0.007167
0.007008 0.014039
0.007004 0.008147
0.007004 0.007062
0.007003 0.007877
0.007002 0.008186
0.006973 0.007754
0.006955 0.007183
0.006950 0.008762
0.006946 0.007182
0.006935 0.009461
0.006925 0.009847
0.006922 0.008489
0.006919 0.007026
0.006906 0.007478
0.006906 0.011976
0.006904 0.009893
0.006885 0.007270
0.006884 0.007458
0.006871 0.007622
0.006869 0.012366
0.006865 0.006931
0.006856 0.009036
0.006852 0.007761
0.006845 0.007623
0.006830 0.007614
0.006829 0.006903
0.006818 0.008514
0.006812 0.007263
0.006808 0.007959
0.006803 0.010531
0.006794 0.007592
0.006790 0.007290
0.006787 0.008701
0.006786 0.008129
0.006781 0.008222
0.006778 0.006952
0.006762 0.009088
0.006751 0.006940
0.006747 0.007801
0.006739 0.007335
0.006734 0.009900
0.006704 0.007828
0.006702 0.012142
0.006700 0.008927
0.006700 0.006785
0.006699 0.006831
0.006698 0.007690
0.006680 0.008366
0.006679 0.006825
0.006676 0.010978
0.006674 0.007421
0.006659 0.006863
0.006656 0.006780
0.006642 0.006883
0.006640 0.008800
0.006624 0.006861
0.006614 0.006687
0.006610 0.008077
0.006606 0.009650
0.006605 0.007775
0.006592 0.009359
0.006586 0.007407
0.006585 0.006788
0.006582 0.012435
0.006573 0.007227
0.006571 0.008604
0.006571 0.006609
0.006548 0.007185
0.006542 0.009475
0.006530 0.007760
0.006528 0.007238
0.006520 0.013121
0.006519 0.007054
0.006509 0.009634
0.006496 0.007090
0.006495 0.007871
0.006489 0.006829
0.006489 0.008656
0.006483 0.009416
0.006469 0.006732
0.006467 0.010080
0.006466 0.007979
0.006459 0.006542
0.006453 0.007723
0.006447 0.008046
0.006447 0.006580
0.006427 0.006524
0.006421 0.008208
0.006420 0.007615
0.006419 0.009194
0.006419 0.007175
0.006416 0.006815
0.006416 0.007630
0.006415 0.008800
0.006415 0.006911
0.006407 0.007290
0.006402 0.007929
0.006401 0.014453
0.006401 0.006579
0.006400 0.010157
0.006399 0.006890
0.006393 0.011578
0.006369 0.007501
0.006365 0.007984
0.006365 0.009033
0.006362 0.006401
0.006362 0.006734
0.006358 0.008353
0.006356 0.009093
0.006356 0.006872
0.006355 0.007221
0.006324 0.006380
0.006323 0.010199
0.006312 0.007033
0.006302 0.006652
0.006294 0.010390
0.006264 0.007599
0.006257 0.011105
0.006257 0.006348
0.006251 0.008745
0.006227 0.007205
0.006214 0.006601
0.006213 0.007947
0.006210 0.007063
0.006201 0.006394
0.006200 0.007500
0.006189 0.006386
0.006172 0.009748
0.006154 0.009293
0.006151 0.007013
0.006125 0.011889
0.006121 0.006489
0.006115 0.006130
0.006112 0.006317
0.006098 0.006681
0.006093 0.007891
0.006086 0.006814
0.006074 0.008204
0.006073 0.006206
0.006073 0.006120
0.006072 0.007204
0.006072 0.007792
0.006070 0.006339
0.006065 0.006095
0.006051 0.006137
0.006050 0.006053
0.006050 0.006168
0.006047 0.006810
0.006043 0.006135
0.006021 0.008737
0.006021 0.006154
0.006019 0.007073
0.006017 0.007698
0.006014 0.006125
0.006007 0.008265
0.006006 0.006293
0.005996 0.009623
0.005990 0.007805
0.005986 0.006445
0.005977 0.007593
0.005961 0.006364
0.005960 0.008127
0.005959 0.006415
0.005954 0.006477
0.005953 0.008947
0.005952 0.007155
0.005951 0.008365
0.005950 0.006644
0.005946 0.006084
0.005945 0.008822
0.005942 0.006872
0.005941 0.008303
0.005938 0.006029
0.005931 0.006647
0.005929 0.012188
0.005927 0.006970
0.005926 0.007389
0.005912 0.006144
0.005895 0.010087
0.005890 0.006183
0.005885 0.008585
0.005874 0.014936
0.005867 0.006451
0.005861 0.007594
0.005859 0.006266
0.005854 0.008145
0.005854 0.007656
0.005852 0.008242
0.005852 0.006333
0.005843 0.013848
0.005839 0.006452
0.005835 0.006650
0.005830 0.008427
0.005823 0.006329
0.005818 0.007131
0.005815 0.006657
0.005793 0.006496
0.005789 0.008233
0.005789 0.010579
0.005784 0.005823
0.005784 0.006824
0.005783 0.006462
0.005778 0.006158
0.005772 0.005985
0.005768 0.007005
0.005763 0.006404
0.005756 0.005803
0.005755 0.009332
0.005750 0.006141
0.005747 0.007104
0.005744 0.009092
0.005741 0.006085
0.005739 0.005747
0.005736 0.006033
0.005726 0.008936
0.005725 0.008310
0.005724 0.006895
0.005719 0.006106
0.005716 0.008696
0.005714 0.005890
0.005692 0.008697
0.005690 0.011904
0.005688 0.007904
0.005688 0.006819
0.005677 0.007040
0.005668 0.008339
0.005659 0.007592
0.005651 0.011132
0.005626 0.005901
0.005623 0.007182
0.005620 0.007052
0.005620 0.006464
0.005620 0.005938
0.005615 0.009641
0.005610 0.011089
0.005607 0.005773
0.005605 0.010215
0.005599 0.005856
0.005598 0.010183
0.005584 0.006661
0.005581 0.006301
0.005580 0.006876
0.005580 0.005632
0.005571 0.012081
0.005562 0.007197
0.005561 0.006080
0.005552 0.007249
0.005541 0.005677
0.005540 0.005602
0.005539 0.005610
0.005512 0.006261
0.005511 0.009030
0.005509 0.008975
0.005508 0.005705
0.005505 0.006192
0.005501 0.006059
0.005500 0.006118
0.005497 0.006320
0.005491 0.005729
0.005471 0.005877
0.005471 0.006920
0.005469 0.006031
0.005467 0.007859
0.005462 0.011215
0.005458 0.006709
0.005457 0.006128
0.005455 0.008410
0.005452 0.005610
0.005444 0.006599
0.005433 0.006228
0.005431 0.006153
0.005424 0.005746
0.005415 0.007814
0.005413 0.005920
0.005393 0.005807
0.005390 0.005475
0.005383 0.005605
0.005380 0.006647
0.005380 0.008152
0.005376 0.005591
0.005373 0.006486
0.005373 0.006791
0.005367 0.006733
0.005354 0.006437
0.005353 0.005385
0.005351 0.007640
0.005342 0.006064
0.005333 0.009347
0.005332 0.007221
0.005330 0.005346
0.005321 0.008934
0.005319 0.006086
0.005319 0.006004
0.005314 0.005536
0.005308 0.006250
0.005305 0.005460
0.005302 0.007663
0.005301 0.008830
0.005295 0.005741
0.005290 0.005667
0.005284 0.006678
0.005270 0.005530
0.005268 0.008378
0.005264 0.006938
0.005261 0.006486
0.005261 0.005891
0.005260 0.005526
0.005255 0.005622
0.005254 0.006185
0.005252 0.010027
0.005251 0.006227
0.005247 0.005499
0.005247 0.005358
0.005240 0.005358
0.005234 0.005290
0.005233 0.005513
0.005229 0.005405
0.005227 0.006500
0.005225 0.007197
0.005220 0.007308
0.005215 0.005449
0.005215 0.006767
0.005207 0.005334
0.005205 0.006054
0.005201 0.005710
0.005200 0.006130
0.005195 0.008435
0.005191 0.007005
0.005190 0.005372
0.005189 0.005225
0.005188 0.005974
0.005187 0.005267
0.005179 0.006117
0.005176 0.005904
0.005174 0.005621
0.005170 0.006255
0.005170 0.006138
0.005159 0.005351
0.005155 0.005324
0.005149 0.005350
0.005148 0.005869
0.005148 0.005540
0.005128 0.006491
0.005125 0.010000
0.005124 0.008342
0.005124 0.005169
0.005120 0.005862
0.005115 0.005517
0.005107 0.006576
0.005103 0.005122
0.005103 0.006049
0.005101 0.005295
0.005100 0.005894
0.005099 0.007712
0.005098 0.006146
0.005095 0.005659
0.005095 0.005356
0.005088 0.005365
0.005087 0.005485
0.005085 0.005197
0.005083 0.006803
0.005081 0.007574
0.005076 0.005297
0.005076 0.007648
0.005071 0.005612
0.005068 0.007233
0.005059 0.005786
0.005051 0.005163
0.005048 0.007320
0.005040 0.006171
0.005039 0.008351
0.005038 0.005204
0.005025 0.005059
0.005018 0.005250
0.005015 0.011510
0.005015 0.005685
0.005013 0.005153
0.005008 0.005144
0.005007 0.005368
0.005005 0.005078
0.005002 0.006639
0.004992 0.006391
0.004990 0.006747
0.004981 0.005213
0.004979 0.005268
0.004977 0.009529
0.004964 0.005012
0.004954 0.005156
0.004949 0.005792
0.004948 0.005000
0.004946 0.006741
0.004941 0.005390
0.004940 0.005545
0.004937 0.006902
0.004935 0.005144
0.004934 0.005478
0.004930 0.005239
0.004929 0.006058
0.004922 0.004940
0.004909 0.008275
0.004886 0.005368
0.004885 0.005287
0.004883 0.008129
0.004883 0.006971
0.004882 0.005962
0.004880 0.005969
0.004874 0.006760
0.004865 0.005070
0.004863 0.004907
0.004863 0.006855
0.004861 0.005441
0.004847 0.004962
0.004842 0.006334
0.004837 0.006217
0.004835 0.005369
0.004831 0.004968
0.004830 0.007475
0.004828 0.006959
0.004828 0.005283
0.004820 0.005204
0.004819 0.005392
0.004818 0.006574
0.004811 0.005483
0.004809 0.005677
0.004805 0.004810
0.004804 0.005831
0.004804 0.006655
0.004803 0.005053
0.004803 0.004901
0.004796 0.004985
0.004791 0.005482
0.004790 0.005895
0.004788 0.006095
0.004787 0.004862
0.004783 0.005312
0.004782 0.004886
0.004774 0.004961
0.004769 0.007928
0.004764 0.008028
0.004763 0.006275
0.004758 0.005495
0.004753 0.004910
0.004750 0.004849
0.004749 0.005088
0.004749 0.004752
0.004745 0.004912
0.004744 0.006192
0.004743 0.005614
0.004738 0.009234
0.004738 0.007835
0.004733 0.008162
0.004731 0.005659
0.004729 0.005551
0.004729 0.007378
0.004724 0.009225
0.004724 0.005001
0.004723 0.008494
0.004721 0.004963
0.004718 0.004984
0.004716 0.005583
0.004712 0.005817
0.004712 0.006032
0.004711 0.006589
0.004710 0.004856
0.004710 0.005225
0.004705 0.004710
0.004694 0.005408
0.004687 0.009219
0.004686 0.005198
0.004680 0.005761
0.004676 0.005069
0.004670 0.007409
0.004662 0.005643
0.004660 0.004938
0.004655 0.006147
0.004655 0.005008
0.004653 0.005408
0.004651 0.005114
0.004650 0.005110
0.004647 0.006826
0.004646 0.005344
0.004639 0.004930
0.004638 0.004897
0.004633 0.006050
0.004631 0.005954
0.004630 0.004758
0.004629 0.006460
0.004627 0.005805
0.004627 0.005246
0.004625 0.004982
0.004615 0.005513
0.004606 0.006130
0.004603 0.004605
0.004603 0.007005
0.004596 0.010207
0.004595 0.008348
0.004595 0.004605
0.004584 0.004653
0.004584 0.004698
0.004583 0.005141
0.004566 0.005767
0.004563 0.005347
0.004551 0.005530
0.004548 0.006611
0.004544 0.004877
0.004544 0.004724
0.004543 0.005406
0.004532 0.006080
0.004531 0.005507
0.004526 0.006322
0.004523 0.007053
0.004520 0.005666
0.004515 0.005075
0.004514 0.005689
0.004514 0.005505
0.004513 0.004515
0.004512 0.007583
0.004510 0.004723
0.004510 0.004530
0.004509 0.006955
0.004508 0.005126
0.004506 0.009544
0.004502 0.007110
0.004502 0.008340
0.004487 0.004519
0.004480 0.008239
0.004475 0.004735
0.004473 0.008085
0.004469 0.007135
0.004467 0.004895
0.004462 0.004636
0.004455 0.007850
0.004449 0.004881
0.004447 0.005975
0.004440 0.006765
0.004434 0.005783
0.004432 0.004498
0.004429 0.005810
0.004423 0.004672
0.004420 0.006734
0.004414 0.010384
0.004411 0.006933
0.004407 0.005461
0.004405 0.006153
0.004402 0.004727
0.004400 0.004644
0.004398 0.005613
0.004385 0.004870
0.004381 0.004598
0.004378 0.005087
0.004377 0.006036
0.004368 0.007623
0.004366 0.004464
0.004365 0.004829
0.004363 0.004446
0.004357 0.005768
0.004352 0.004448
0.004345 0.004381
0.004342 0.004550
0.004342 0.004790
0.004340 0.004523
0.004333 0.005020
0.004329 0.006164
0.004329 0.007450
0.004328 0.005003
0.004327 0.005106
0.004325 0.005670
0.004317 0.009136
0.004317 0.005339
0.004316 0.007763
0.004312 0.005125
0.004310 0.009165
0.004309 0.005222
0.004306 0.007427
0.004305 0.008840
0.004304 0.006470
0.004303 0.004644
0.004299 0.005871
0.004295 0.004299
0.004295 0.005291
0.004295 0.005283
0.004294 0.011033
0.004292 0.005180
0.004284 0.004822
0.004282 0.005873
0.004281 0.007263
0.004271 0.004923
0.004270 0.004333
0.004268 0.004287
0.004263 0.004309
0.004260 0.004653
0.004260 0.006234
0.004259 0.004658
0.004255 0.005813
0.004254 0.005054
0.004252 0.005729
0.004252 0.005977
0.004250 0.004418
0.004246 0.006184
0.004246 0.004863
0.004245 0.004274
0.004243 0.005662
0.004243 0.005254
0.004241 0.004463
0.004240 0.004733
0.004239 0.005755
0.004232 0.004394
0.004230 0.004246
0.004228 0.004370
0.004226 0.004400
0.004223 0.004243
0.004220 0.006125
0.004219 0.004716
0.004217 0.004697
0.004216 0.004758
0.004216 0.005505
0.004208 0.004677
0.004206 0.004520
0.004200 0.004977
0.004200 0.004336
0.004195 0.004588
0.004194 0.004371
0.004190 0.004316
0.004190 0.006247
0.004188 0.005867
0.004188 0.007425
0.004187 0.004468
0.004180 0.004363
0.004176 0.004785
0.004174 0.005677
0.004161 0.004707
0.004161 0.004581
0.004159 0.004472
0.004158 0.004619
0.004158 0.005645
0.004153 0.006160
0.004153 0.004943
0.004150 0.004873
0.004150 0.004337
0.004145 0.004404
0.004145 0.004640
0.004141 0.004788
0.004136 0.007932
0.004134 0.004812
0.004132 0.004287
0.004132 0.004897
0.004132 0.005534
0.004129 0.006299
0.004126 0.005138
0.004120 0.004386
0.004114 0.005134
0.004112 0.004620
0.004109 0.004619
0.004109 0.004944
0.004102 0.004825
0.004102 0.006608
0.004092 0.004942
0.004085 0.005095
0.004081 0.006101
0.004078 0.005366
0.004069 0.004846
0.004068 0.004665
0.004063 0.004618
0.004062 0.004808
0.004059 0.007251
0.004054 0.009131
0.004051 0.006009
0.004048 0.004288
0.004044 0.004343
0.004039 0.004260
0.004033 0.004445
0.004032 0.004063
0.004026 0.005606
0.004025 0.004040
0.004020 0.004102
0.004017 0.004371
0.004017 0.006823
0.004017 0.005512
0.004013 0.004798
0.004013 0.004590
0.004005 0.004121
0.003998 0.004378
0.003991 0.004518
0.003990 0.004924
0.003988 0.006063
0.003983 0.006045
0.003979 0.005164
0.003979 0.005197
0.003978 0.004839
0.003976 0.004441
0.003975 0.004985
0.003974 0.005294
0.003974 0.004387
0.003974 0.004142
0.003971 0.004365
0.003964 0.004194
0.003957 0.007191
0.003957 0.006698
0.003953 0.004007
0.003947 0.004429
0.003943 0.005003
0.003943 0.004170
0.003942 0.004034
0.003942 0.005994
0.003937 0.004270
0.003935 0.006107
0.003930 0.004512
0.003929 0.004019
0.003928 0.006119
0.003927 0.005931
0.003926 0.004241
0.003926 0.005363
0.003925 0.005222
0.003924 0.003952
0.003921 0.006557
0.003921 0.004867
0.003919 0.004313
0.003919 0.003926
0.003914 0.005885
0.003913 0.005507
0.003911 0.004245
0.003906 0.005961
0.003904 0.004983
0.003900 0.005463
0.003900 0.008322
0.003897 0.004074
0.003896 0.004256
0.003895 0.005153
0.003884 0.005629
0.003884 0.004200
0.003873 0.003882
0.003869 0.003987
0.003866 0.005026
0.003861 0.003998
0.003860 0.004071
0.003858 0.007353
0.003854 0.006355
0.003840 0.003849
0.003837 0.004393
0.003828 0.005771
0.003828 0.006098
0.003827 0.004962
0.003825 0.003969
0.003821 0.007377
0.003819 0.003823
0.003817 0.005540
0.003816 0.003875
0.003807 0.003846
0.003807 0.004070
0.003807 0.005994
0.003801 0.004233
0.003800 0.003986
0.003800 0.004286
0.003795 0.005374
0.003795 0.005675
0.003792 0.005495
0.003786 0.003789
0.003785 0.004682
0.003783 0.004071
0.003780 0.004835
0.003777 0.005659
0.003777 0.004814
0.003776 0.005392
0.003773 0.004216
0.003770 0.004745
0.003768 0.004101
0.003765 0.005954
0.003763 0.006164
0.003760 0.003825
0.003760 0.005940
0.003756 0.004758
0.003754 0.004076
0.003752 0.004876
0.003741 0.004699
0.003738 0.004563
0.003737 0.004362
0.003733 0.007095
0.003732 0.006557
0.003730 0.004354
0.003729 0.005135
0.003728 0.006077
0.003721 0.006561
0.003720 0.006317
0.003716 0.004200
0.003715 0.003789
0.003713 0.008561
0.003712 0.006736
0.003711 0.004822
0.003706 0.004198
0.003696 0.006910
0.003693 0.004078
0.003693 0.003957
0.003692 0.005113
0.003692 0.005600
0.003689 0.004486
0.003685 0.004000
0.003675 0.007568
0.003672 0.006417
0.003671 0.005703
0.003670 0.005084
0.003669 0.006265
0.003669 0.004729
0.003667 0.007813
0.003660 0.005284
0.003655 0.004953
0.003654 0.003701
0.003653 0.004284
0.003651 0.007138
0.003650 0.003842
0.003648 0.004315
0.003647 0.004243
0.003645 0.004306
0.003641 0.004462
0.003640 0.006957
0.003639 0.004265
0.003638 0.005991
0.003636 0.004641
0.003633 0.003670
0.003631 0.003827
0.003623 0.005228
0.003622 0.005597
0.003620 0.004025
0.003617 0.005438
0.003616 0.006729
0.003614 0.003892
0.003606 0.005430
0.003604 0.008087
0.003599 0.003678
0.003590 0.006697
0.003587 0.003918
0.003584 0.003659
0.003581 0.004548
0.003581 0.006528
0.003580 0.003591
0.003579 0.006822
0.003578 0.004319
0.003563 0.006537
0.003561 0.003782
0.003557 0.004429
0.003556 0.003686
0.003554 0.005773
0.003544 0.004807
0.003543 0.004280
0.003542 0.003978
0.003536 0.006059
0.003536 0.003813
0.003536 0.004153
0.003532 0.003636
0.003532 0.004344
0.003531 0.005148
0.003531 0.003661
0.003524 0.004886
0.003522 0.004839
0.003518 0.003683
0.003518 0.005538
0.003516 0.004128
0.003513 0.003844
0.003512 0.003851
0.003509 0.008733
0.003507 0.004902
0.003506 0.006334
0.003502 0.003830
0.003501 0.003959
0.003493 0.005094
0.003491 0.005085
0.003488 0.005403
0.003488 0.005144
0.003487 0.005312
0.003483 0.004125
0.003482 0.004027
0.003482 0.003535
0.003481 0.004404
0.003480 0.006254
0.003478 0.003645
0.003478 0.004054
0.003473 0.006553
0.003468 0.004035
0.003464 0.004996
0.003457 0.004247
0.003455 0.004112
0.003451 0.004007
0.003449 0.003611
0.003445 0.007182
0.003441 0.008434
0.003441 0.003525
0.003439 0.003473
0.003435 0.003749
0.003435 0.004395
0.003429 0.004029
0.003428 0.003529
0.003419 0.003850
0.003415 0.004676
0.003411 0.003543
0.003411 0.003543
0.003407 0.003575
0.003400 0.004468
0.003398 0.003678
0.003394 0.004410
0.003388 0.004186
0.003378 0.003550
0.003375 0.004547
0.003373 0.005569
0.003372 0.004665
0.003372 0.003922
0.003370 0.004018
0.003359 0.003409
0.003358 0.003697
0.003357 0.003661
0.003356 0.004744
0.003350 0.003428
0.003346 0.003375
0.003343 0.003585
0.003341 0.004370
0.003339 0.003720
0.003334 0.003582
0.003327 0.003997
0.003324 0.003690
0.003321 0.006058
0.003319 0.005869
0.003315 0.007539
0.003313 0.004182
0.003311 0.003468
0.003309 0.004843
0.003306 0.003376
0.003305 0.004185
0.003302 0.004249
0.003297 0.003806
0.003296 0.006879
0.003287 0.005503
0.003274 0.004748
0.003274 0.003620
0.003272 0.003487
0.003263 0.003508
0.003256 0.003715
0.003248 0.005429
0.003232 0.003475
0.003228 0.003287
0.003225 0.003700
0.003224 0.003289
0.003223 0.003346
0.003222 0.003317
0.003218 0.003335
0.003216 0.003918
0.003213 0.003309
0.003201 0.003773
0.003198 0.003262
0.003190 0.003358
0.003185 0.003711
0.003179 0.007045
0.003176 0.003706
0.003168 0.003857
0.003158 0.003237
0.003149 0.003502
0.003149 0.003545
0.003145 0.003357
0.003144 0.003693
0.003143 0.005226
0.003140 0.007154
0.003136 0.004327
0.003136 0.003364
0.003134 0.004024
0.003123 0.004405
0.003097 0.003326
0.003094 0.003671
0.003077 0.003397
0.003076 0.003156
0.003072 0.004593
0.003069 0.003537
0.003065 0.003148
0.003064 0.003103
0.003063 0.003636
0.003059 0.004017
0.003057 0.004202
0.003054 0.005281
0.003051 0.004288
0.003049 0.004326
0.003044 0.003183
0.003041 0.003139
0.003034 0.004249
0.003031 0.003415
0.003030 0.003074
0.003029 0.004018
0.003023 0.003092
0.003001 0.004519
0.003000 0.004465
0.002996 0.006333
0.002994 0.003067
0.002989 0.003755
0.002988 0.003355
0.002988 0.003067
0.002987 0.004294
0.002986 0.003029
0.002974 0.003946
0.002972 0.003602
0.002966 0.003407
0.002963 0.004522
0.002960 0.003075
0.002956 0.003010
0.002944 0.003877
0.002940 0.003210
0.002934 0.004526
0.002927 0.003078
0.002909 0.002932
0.002906 0.003642
0.002898 0.002909
0.002897 0.003530
0.002897 0.004892
0.002879 0.003195
0.002876 0.005796
0.002869 0.002942
0.002852 0.003251
0.002846 0.002941
0.002838 0.003034
0.002833 0.002867
0.002833 0.004757
0.002832 0.003003
0.002825 0.002876
0.002822 0.003072
0.002803 0.002851
0.002787 0.002813
0.002767 0.003287
0.002746 0.003091
0.002736 0.003910
0.002734 0.002917
0.002731 0.002917
0.002725 0.004462
0.002719 0.002763
0.002715 0.003123
0.002715 0.003371
0.002713 0.002961
0.002696 0.003080
0.002686 0.002777
0.002686 0.003068
0.002667 0.003033
0.002665 0.002751
0.002661 0.002779
0.002657 0.002805
0.002656 0.002744
0.002644 0.003868
0.002635 0.003655
0.002634 0.002794
0.002620 0.002695
0.002614 0.002655
0.002613 0.002844
0.002601 0.003111
0.002579 0.002819
0.002579 0.002602
0.002572 0.002725
0.002570 0.002794
0.002563 0.002668
0.002538 0.003002
0.002538 0.003302
0.002527 0.002849
0.002517 0.003863
0.002516 0.002965
0.002510 0.006298
0.002509 0.002754
0.002505 0.002532
0.002504 0.002848
0.002499 0.003450
0.002491 0.002540
0.002488 0.002787
0.002486 0.002644
0.002478 0.002554
0.002472 0.002600
0.002468 0.002767
0.002460 0.002800
0.002444 0.003666
0.002437 0.002842
0.002433 0.003335
0.002427 0.003357
0.002425 0.002955
0.002425 0.002973
0.002421 0.002709
0.002416 0.002429
0.002401 0.003037
0.002401 0.002860
0.002400 0.002731
0.002390 0.003412
0.002362 0.002619
0.002358 0.002723
0.002335 0.002339
0.002326 0.003443
0.002323 0.002478
0.002307 0.003242
0.002305 0.003387
0.002301 0.002418
0.002287 0.002315
0.002279 0.002756
0.002248 0.002912
0.002224 0.002880
0.002213 0.002565
0.002208 0.002994
0.002201 0.002509
0.002198 0.002258
0.002124 0.002169
0.002110 0.002228
0.002086 0.002165
0.002082 0.002719
0.002044 0.002315
0.001992 0.002039
0.001977 0.002018
0.001959 0.002287
0.001880 0.001958
0.001877 0.002125
0.001873 0.001892
0.001863 0.002206
0.001826 0.001866
0.001679 0.001754
0.001583 0.001871
0.001528 0.001627
0.001512 0.001761
0.001499 0.001876
0.001462 0.001860
0.001410 0.001481
0.001379 0.001399
0.001309 0.001509
0.001258 0.001444
0.001135 0.001259
0.001128 0.001217
0.000555 0.000597
