0.157912 0.169590
0.140997 0.211327
0.125740 0.129733
0.120185 0.139061
0.109479 0.112822
0.100399 0.130614
0.094347 0.096289
0.092149 0.108187
0.089512 0.093034
0.084040 0.097171
0.070930 0.080548
0.069431 0.074196
0.062127 0.070530
0.058955 0.061783
0.058286 0.078813
0.058240 0.059233
0.058165 0.063149
0.056372 0.057582
0.055706 0.062222
0.053762 0.059450
0.052559 0.067989
0.051810 0.053694
0.051629 0.053267
0.051310 0.058626
0.051178 0.055743
0.050005 0.077037
0.049874 0.054195
0.049089 0.054506
0.049040 0.049330
0.047189 0.054812
0.047074 0.050440
0.046858 0.056849
0.045183 0.078340
0.044722 0.062282
0.044329 0.063224
0.044259 0.065858
0.043479 0.064809
0.043436 0.049565
0.042910 0.048155
0.042273 0.044400
0.041954 0.043686
0.041765 0.050754
0.041432 0.057847
0.041409 0.048364
0.040924 0.078883
0.040542 0.050132
0.040460 0.068347
0.039257 0.043027
0.039214 0.048131
0.038210 0.038970
0.038156 0.038782
0.037955 0.050059
0.037948 0.041923
0.037645 0.053422
0.037644 0.039937
0.037637 0.038921
0.037340 0.042063
0.036915 0.039264
0.035699 0.036330
0.035250 0.055380
0.035063 0.039754
0.034963 0.050028
0.034958 0.039686
0.034751 0.047719
0.034574 0.042366
0.034056 0.034483
0.034039 0.034469
0.034007 0.036573
0.033545 0.041292
0.033314 0.035385
0.033072 0.038565
0.032962 0.044500
0.032941 0.033110
0.032739 0.052517
0.032680 0.035021
0.032676 0.055202
0.032466 0.034241
0.032399 0.038911
0.032380 0.033673
0.032203 0.032297
0.032196 0.035711
0.032195 0.034258
0.032156 0.040358
0.032033 0.046240
0.032000 0.032210
0.031623 0.043201
0.031495 0.032143
0.031449 0.032379
0.031269 0.043421
0.031127 0.031906
0.031118 0.031754
0.030889 0.031402
0.030788 0.032489
0.030703 0.031402
0.030661 0.051230
0.030504 0.034485
0.030421 0.032713
0.030020 0.032636
0.029984 0.038845
0.029969 0.040764
0.029913 0.042873
0.029870 0.061235
0.029840 0.031775
0.029542 0.042372
0.029540 0.035049
0.029420 0.035155
0.029413 0.029564
0.028957 0.030112
0.028895 0.030237
0.028718 0.029856
0.028206 0.029197
0.028132 0.029971
0.028043 0.032724
0.027954 0.056281
0.027662 0.032969
0.027613 0.027819
0.027604 0.031208
0.027447 0.029381
0.027421 0.030767
0.027369 0.037560
0.027293 0.036678
0.027110 0.036258
0.027001 0.034817
0.026920 0.032834
0.026864 0.045546
0.026762 0.030084
0.026643 0.034530
0.026631 0.029629
0.026565 0.038255
0.026504 0.028794
0.026169 0.033226
0.026073 0.030175
0.025964 0.033772
0.025792 0.036427
0.025647 0.031897
0.025568 0.028393
0.025501 0.028863
0.025442 0.025583
0.025415 0.026243
0.025227 0.027542
0.025205 0.028041
0.025205 0.035068
0.025181 0.025917
0.025162 0.033653
0.025070 0.028971
0.025059 0.025938
0.025049 0.026509
0.024840 0.038056
0.024657 0.043616
0.024436 0.042911
0.024296 0.025434
0.024278 0.024315
0.024220 0.026077
0.024112 0.038630
0.024101 0.028162
0.024087 0.025157
0.024043 0.024077
0.024033 0.024503
0.024022 0.030738
0.023840 0.026444
0.023769 0.029474
0.023765 0.025832
0.023519 0.024555
0.023415 0.033861
0.023349 0.023960
0.023286 0.035001
0.023050 0.023399
0.022860 0.024573
0.022849 0.040562
0.022834 0.024622
0.022728 0.033802
0.022706 0.028993
0.022658 0.034666
0.022650 0.034125
0.022628 0.023107
0.022623 0.025034
0.022615 0.027040
0.022568 0.023535
0.022499 0.029320
0.022432 0.032455
0.022403 0.025851
0.022336 0.026263
0.022333 0.024290
0.022193 0.023347
0.022187 0.029720
0.022155 0.025026
0.022119 0.030839
0.022085 0.024770
0.022077 0.023427
0.022026 0.024400
0.022023 0.022766
0.021999 0.041456
0.021978 0.027515
0.021978 0.022641
0.021934 0.025266
0.021933 0.023010
0.021913 0.023371
0.021912 0.030817
0.021893 0.029688
0.021888 0.040490
0.021884 0.035429
0.021761 0.032982
0.021750 0.026657
0.021688 0.024342
0.021685 0.029045
0.021668 0.027950
0.021620 0.022621
0.021548 0.026755
0.021445 0.026709
0.021408 0.021675
0.021301 0.031877
0.021277 0.024257
0.021181 0.025153
0.021106 0.028473
0.021027 0.029334
0.021023 0.028635
0.021022 0.026446
0.020783 0.026092
0.020763 0.024205
0.020733 0.028074
0.020723 0.020806
0.020723 0.030391
0.020667 0.022416
0.020637 0.025271
0.020604 0.020800
0.020591 0.036604
0.020489 0.020796
0.020484 0.023037
0.020403 0.021080
0.020401 0.021102
0.020401 0.025376
0.020368 0.022285
0.020334 0.034127
0.020320 0.021251
0.020237 0.021105
0.020234 0.023092
0.020035 0.021881
0.019998 0.024020
0.019988 0.031439
0.019958 0.020555
0.019925 0.035967
0.019904 0.020569
0.019895 0.030785
0.019865 0.021454
0.019860 0.025193
0.019851 0.020063
0.019842 0.022151
0.019798 0.020079
0.019710 0.022525
0.019686 0.019927
0.019679 0.019718
0.019629 0.026302
0.019466 0.021657
0.019454 0.019555
0.019403 0.019965
0.019388 0.021651
0.019346 0.022552
0.019343 0.020032
0.019292 0.023399
0.019198 0.020316
0.019188 0.021019
0.019168 0.020016
0.019168 0.025963
0.019080 0.021657
0.019077 0.031933
0.019013 0.025047
0.018976 0.023848
0.018964 0.025822
0.018964 0.025141
0.018941 0.030856
0.018922 0.021579
0.018914 0.019205
0.018877 0.020359
0.018859 0.019663
0.018851 0.021019
0.018760 0.023625
0.018692 0.027785
0.018675 0.019023
0.018639 0.043546
0.018598 0.031416
0.018533 0.032865
0.018523 0.024288
0.018516 0.018792
0.018494 0.021608
0.018476 0.020794
0.018409 0.019788
0.018374 0.032925
0.018352 0.038739
0.018348 0.022750
0.018330 0.028816
0.018260 0.026181
0.018245 0.021162
0.018214 0.033575
0.018212 0.028338
0.018197 0.020511
0.018166 0.022555
0.018146 0.018241
0.018048 0.020011
0.018020 0.021818
0.018003 0.020174
0.017988 0.018669
0.017959 0.022104
0.017840 0.018437
0.017822 0.024849
0.017817 0.025799
0.017816 0.018082
0.017809 0.019206
0.017805 0.019089
0.017783 0.019366
0.017748 0.022122
0.017677 0.018942
0.017657 0.018207
0.017652 0.020947
0.017628 0.023501
0.017604 0.019935
0.017602 0.026800
0.017582 0.017871
0.017576 0.017942
0.017556 0.026228
0.017555 0.030276
0.017525 0.022301
0.017523 0.019545
0.017518 0.024988
0.017478 0.022549
0.017471 0.021879
0.017468 0.020426
0.017457 0.021963
0.017446 0.017572
0.017431 0.022047
0.017394 0.017786
0.017351 0.018089
0.017310 0.017810
0.017285 0.019166
0.017281 0.018416
0.017258 0.025087
0.017228 0.017855
0.017176 0.031715
0.017176 0.019467
0.017168 0.017192
0.017102 0.019006
0.017009 0.020869
0.016987 0.022217
0.016970 0.018555
0.016959 0.019335
0.016949 0.022595
0.016897 0.018411
0.016830 0.018001
0.016822 0.018047
0.016814 0.020983
0.016798 0.019576
0.016744 0.026274
0.016735 0.018922
0.016724 0.021433
0.016716 0.023126
0.016703 0.022655
0.016701 0.017243
0.016694 0.023779
0.016691 0.018981
0.016672 0.017407
0.016618 0.027863
0.016596 0.017913
0.016596 0.024278
0.016585 0.027848
0.016528 0.022057
0.016525 0.016544
0.016513 0.020243
0.016502 0.017433
0.016476 0.022811
0.016456 0.016624
0.016436 0.016823
0.016418 0.018711
0.016385 0.021909
0.016342 0.018539
0.016313 0.026107
0.016312 0.019659
0.016279 0.017947
0.016254 0.016479
0.016226 0.016820
0.016186 0.016651
0.016186 0.016837
0.016183 0.017230
0.016175 0.016762
0.016173 0.020502
0.016157 0.019126
0.016154 0.019909
0.016147 0.017015
0.016052 0.025175
0.016039 0.020992
0.015995 0.025997
0.015985 0.018362
0.015959 0.016955
0.015952 0.016166
0.015909 0.016367
0.015823 0.017585
0.015802 0.018785
0.015792 0.019183
0.015779 0.018232
0.015779 0.024967
0.015763 0.017843
0.015741 0.021014
0.015741 0.020805
0.015716 0.018561
0.015710 0.015806
0.015692 0.019672
0.015688 0.017576
0.015669 0.018906
0.015657 0.018430
0.015655 0.016086
0.015646 0.019942
0.015645 0.019154
0.015645 0.016612
0.015639 0.016982
0.015559 0.015658
0.015552 0.025810
0.015548 0.017236
0.015538 0.017348
0.015510 0.018853
0.015488 0.017657
0.015485 0.019430
0.015482 0.024633
0.015479 0.028217
0.015467 0.016656
0.015456 0.019402
0.015439 0.018872
0.015433 0.024131
0.015394 0.017701
0.015392 0.015826
0.015385 0.025994
0.015363 0.016483
0.015356 0.016211
0.015282 0.015476
0.015281 0.023192
0.015240 0.016223
0.015225 0.017211
0.015209 0.023170
0.015209 0.015739
0.015173 0.015533
0.015074 0.015596
0.015073 0.015500
0.015060 0.015739
0.015059 0.015365
0.015054 0.019513
0.015029 0.034983
0.015004 0.016504
0.014996 0.015460
0.014965 0.017577
0.014957 0.018232
0.014950 0.016812
0.014948 0.018482
0.014911 0.022471
0.014910 0.017732
0.014909 0.016366
0.014907 0.015891
0.014892 0.019477
0.014873 0.017162
0.014862 0.016421
0.014826 0.022426
0.014816 0.022108
0.014806 0.016487
0.014802 0.021688
0.014797 0.016325
0.014716 0.015987
0.014711 0.017897
0.014695 0.014724
0.014685 0.015437
0.014662 0.018143
0.014625 0.022791
0.014613 0.020536
0.014579 0.020044
0.014567 0.018049
0.014521 0.019964
0.014515 0.017211
0.014495 0.018740
0.014470 0.018524
0.014469 0.016713
0.014459 0.020187
0.014449 0.021538
0.014446 0.031278
0.014438 0.014884
0.014395 0.028101
0.014394 0.014500
0.014391 0.015204
0.014386 0.015101
0.014374 0.014424
0.014373 0.016852
0.014354 0.022774
0.014341 0.019225
0.014334 0.015178
0.014284 0.014911
0.014280 0.016820
0.014258 0.014474
0.014215 0.014291
0.014211 0.017175
0.014207 0.017097
0.014200 0.014528
0.014195 0.015976
0.014191 0.016076
0.014179 0.015688
0.014172 0.016643
0.014170 0.017695
0.014162 0.023637
0.014161 0.014948
0.014126 0.016982
0.014120 0.019609
0.014106 0.018248
0.014078 0.026917
0.014063 0.014829
0.014057 0.017873
0.014056 0.023368
0.014026 0.014854
0.013986 0.016428
0.013985 0.016359
0.013983 0.019468
0.013981 0.014289
0.013977 0.015296
0.013961 0.018172
0.013960 0.014967
0.013960 0.022586
0.013958 0.015429
0.013950 0.018596
0.013932 0.014379
0.013929 0.016594
0.013929 0.014918
0.013915 0.020949
0.013909 0.019685
0.013889 0.019719
0.013881 0.016166
0.013874 0.015261
0.013856 0.013875
0.013848 0.015040
0.013847 0.014345
0.013843 0.013852
0.013833 0.015127
0.013832 0.014857
0.013813 0.016207
0.013806 0.014260
0.013801 0.021504
0.013801 0.016161
0.013781 0.014344
0.013768 0.016204
0.013755 0.017993
0.013754 0.014026
0.013741 0.014178
0.013725 0.017830
0.013719 0.014156
0.013712 0.017227
0.013697 0.015734
0.013693 0.016683
0.013672 0.014684
0.013664 0.015379
0.013647 0.014193
0.013629 0.013673
0.013614 0.014686
0.013614 0.019790
0.013608 0.028861
0.013587 0.015957
0.013573 0.013601
0.013561 0.015195
0.013554 0.014704
0.013548 0.015076
0.013514 0.021319
0.013501 0.014997
0.013459 0.015109
0.013453 0.021995
0.013450 0.016447
0.013445 0.015968
0.013360 0.014382
0.013347 0.021500
0.013321 0.013953
0.013308 0.014845
0.013301 0.016850
0.013290 0.013664
0.013277 0.016075
0.013273 0.013542
0.013268 0.014622
0.013254 0.013439
0.013247 0.013518
0.013245 0.016717
0.013233 0.016064
0.013227 0.014099
0.013201 0.014133
0.013180 0.013901
0.013177 0.021517
0.013174 0.014813
0.013167 0.014551
0.013159 0.014636
0.013106 0.015723
0.013106 0.013898
0.013086 0.014655
0.013085 0.013457
0.013080 0.014161
0.013072 0.013283
0.013026 0.013328
0.013023 0.013904
0.012996 0.014774
0.012984 0.014069
0.012983 0.016047
0.012942 0.014341
0.012911 0.013082
0.012895 0.013007
0.012888 0.017989
0.012883 0.015985
0.012871 0.014537
0.012863 0.017232
0.012859 0.018482
0.012853 0.017112
0.012848 0.013266
0.012827 0.013207
0.012821 0.013447
0.012819 0.019194
0.012807 0.012880
0.012801 0.016760
0.012795 0.014780
0.012794 0.015387
0.012775 0.014768
0.012767 0.013258
0.012759 0.021208
0.012745 0.019013
0.012733 0.015744
0.012722 0.014345
0.012718 0.014165
0.012716 0.019273
0.012712 0.016214
0.012711 0.016983
0.012680 0.022078
0.012661 0.017116
0.012649 0.013731
0.012637 0.013540
0.012583 0.016847
0.012583 0.019524
0.012576 0.021595
0.012552 0.012922
0.012535 0.013221
0.012534 0.012885
0.012532 0.020703
0.012523 0.014360
0.012513 0.014628
0.012513 0.018807
0.012502 0.013163
0.012478 0.012614
0.012475 0.014590
0.012473 0.016202
0.012464 0.013141
0.012452 0.013143
0.012452 0.013262
0.012419 0.012981
0.012409 0.013482
0.012390 0.012530
0.012386 0.015878
0.012382 0.016859
0.012376 0.021386
0.012370 0.013331
0.012367 0.014853
0.012355 0.013198
0.012345 0.012884
0.012339 0.015115
0.012314 0.012542
0.012302 0.012535
0.012274 0.012424
0.012268 0.012958
0.012252 0.012791
0.012233 0.016779
0.012211 0.012717
0.012197 0.014506
0.012193 0.014873
0.012187 0.013116
0.012172 0.025361
0.012153 0.012382
0.012147 0.019969
0.012137 0.018781
0.012113 0.014848
0.012104 0.015982
0.012101 0.021672
0.012091 0.013886
0.012089 0.015889
0.012080 0.012652
0.012072 0.012376
0.012068 0.013829
0.012055 0.012872
0.012054 0.012796
0.012045 0.014086
0.012038 0.016973
0.012030 0.012723
0.012029 0.012191
0.012009 0.020408
0.012006 0.012889
0.012000 0.012792
0.011990 0.020719
0.011974 0.022096
0.011971 0.012661
0.011967 0.013595
0.011949 0.022972
0.011947 0.015718
0.011946 0.014662
0.011945 0.012825
0.011940 0.014298
0.011930 0.013223
0.011924 0.014653
0.011920 0.012633
0.011916 0.013234
0.011896 0.014437
0.011889 0.017244
0.011889 0.014648
0.011877 0.015012
0.011873 0.019557
0.011866 0.013298
0.011850 0.015444
0.011849 0.012733
0.011841 0.014486
0.011835 0.012572
0.011834 0.012774
0.011833 0.016275
0.011829 0.017652
0.011826 0.019273
0.011816 0.017824
0.011810 0.012186
0.011809 0.012884
0.011801 0.011848
0.011801 0.017325
0.011795 0.012393
0.011786 0.016313
0.011755 0.012305
0.011754 0.013679
0.011746 0.017585
0.011734 0.014208
0.011725 0.012287
0.011702 0.017929
0.011702 0.015931
0.011699 0.011744
0.011685 0.015688
0.011685 0.011892
0.011655 0.012862
0.011653 0.011788
0.011644 0.013559
0.011641 0.012881
0.011625 0.017824
0.011611 0.016669
0.011603 0.012594
0.011583 0.013432
0.011547 0.013166
0.011545 0.012844
0.011523 0.012744
0.011518 0.012475
0.011517 0.014571
0.011510 0.017054
0.011509 0.011710
0.011504 0.018898
0.011501 0.014300
0.011499 0.016633
0.011495 0.024588
0.011483 0.015545
0.011473 0.011549
0.011459 0.011695
0.011456 0.014379
0.011450 0.011466
0.011446 0.011872
0.011421 0.015981
0.011419 0.013413
0.011416 0.011445
0.011408 0.014601
0.011401 0.013606
0.011397 0.013104
0.011395 0.011483
0.011378 0.013095
0.011376 0.013762
0.011372 0.023379
0.011371 0.012069
0.011365 0.012946
0.011364 0.014561
0.011359 0.013654
0.011358 0.011528
0.011344 0.014273
0.011338 0.011552
0.011326 0.013441
0.011317 0.018371
0.011314 0.011930
0.011313 0.011516
0.011301 0.019957
0.011285 0.018227
0.011281 0.015680
0.011270 0.012344
0.011267 0.011862
0.011256 0.015561
0.011250 0.014365
0.011243 0.012398
0.011241 0.014324
0.011231 0.013093
0.011224 0.011925
0.011218 0.022159
0.011212 0.013129
0.011208 0.012535
0.011204 0.012782
0.011204 0.011276
0.011179 0.012588
0.011170 0.011989
0.011165 0.015873
0.011153 0.012490
0.011142 0.013639
0.011116 0.011212
0.011109 0.011127
0.011108 0.018249
0.011094 0.017730
0.011093 0.013094
0.011093 0.015488
0.011091 0.012021
0.011083 0.012299
0.011081 0.013807
0.011069 0.013246
0.011064 0.013015
0.011058 0.012132
0.011057 0.011419
0.011048 0.018786
0.011039 0.022071
0.011025 0.011599
0.011022 0.011399
0.011016 0.012451
0.010993 0.011391
0.010992 0.011613
0.010990 0.012312
0.010990 0.011917
0.010986 0.019095
0.010981 0.015449
0.010980 0.017378
0.010974 0.013288
0.010972 0.015951
0.010971 0.017168
0.010959 0.023709
0.010950 0.013000
0.010943 0.013667
0.010937 0.012785
0.010929 0.012467
0.010911 0.012953
0.010911 0.013426
0.010906 0.012026
0.010893 0.011936
0.010886 0.011596
0.010883 0.025172
0.010882 0.011581
0.010875 0.017558
0.010861 0.011665
0.010853 0.011190
0.010850 0.015073
0.010826 0.019344
0.010818 0.016807
0.010818 0.011225
0.010814 0.017725
0.010813 0.013574
0.010807 0.011139
0.010804 0.011520
0.010798 0.015613
0.010798 0.020670
0.010785 0.015334
0.010782 0.013460
0.010781 0.011043
0.010780 0.011040
0.010777 0.015747
0.010761 0.019184
0.010754 0.011845
0.010748 0.012393
0.010745 0.011187
0.010723 0.011717
0.010711 0.011070
0.010710 0.010717
0.010702 0.012624
0.010697 0.023608
0.010695 0.012032
0.010669 0.012071
0.010665 0.013215
0.010650 0.011986
0.010643 0.011647
0.010641 0.010734
0.010638 0.012561
0.010635 0.010728
0.010609 0.011067
0.010609 0.016063
0.010597 0.017445
0.010583 0.013682
0.010582 0.012126
0.010572 0.011085
0.010555 0.011623
0.010538 0.016166
0.010538 0.012683
0.010505 0.012007
0.010499 0.012357
0.010497 0.015103
0.010492 0.011904
0.010478 0.015728
0.010467 0.017453
0.010463 0.011190
0.010445 0.015906
0.010425 0.014609
0.010421 0.011672
0.010420 0.021530
0.010418 0.010627
0.010416 0.013842
0.010411 0.012031
0.010408 0.017337
0.010386 0.014305
0.010374 0.011203
0.010373 0.011658
0.010367 0.012402
0.010362 0.013307
0.010350 0.010405
0.010349 0.013578
0.010345 0.013918
0.010345 0.019053
0.010339 0.013479
0.010338 0.010447
0.010331 0.010482
0.010331 0.010865
0.010324 0.011691
0.010318 0.019517
0.010305 0.023746
0.010290 0.010489
0.010278 0.010309
0.010275 0.013221
0.010268 0.016705
0.010263 0.012808
0.010255 0.020494
0.010251 0.010742
0.010243 0.011041
0.010240 0.010742
0.010233 0.025589
0.010226 0.016364
0.010221 0.010717
0.010217 0.011827
0.010215 0.011179
0.010212 0.010393
0.010185 0.015334
0.010179 0.010453
0.010171 0.011558
0.010168 0.012226
0.010155 0.013024
0.010155 0.012649
0.010128 0.010670
0.010128 0.010506
0.010098 0.018182
0.010094 0.010902
0.010091 0.011522
0.010085 0.011066
0.010084 0.010726
0.010082 0.011307
0.010044 0.010797
0.010039 0.010144
0.010019 0.010905
0.010018 0.010542
0.010016 0.016162
0.010006 0.012201
0.010002 0.011417
0.010001 0.011431
0.009995 0.011026
0.009981 0.010226
0.009969 0.010282
0.009969 0.013027
0.009963 0.010405
0.009958 0.010553
0.009951 0.016384
0.009944 0.015645
0.009922 0.009922
0.009922 0.009922
0.009910 0.011295
0.009899 0.012462
0.009890 0.010558
0.009886 0.011832
0.009886 0.011925
0.009882 0.010957
0.009879 0.013527
0.009865 0.012803
0.009864 0.014265
0.009863 0.014395
0.009857 0.011552
0.009848 0.013746
0.009846 0.011172
0.009843 0.010563
0.009834 0.011012
0.009832 0.014032
0.009832 0.009990
0.009826 0.023982
0.009819 0.011212
0.009813 0.013101
0.009812 0.010010
0.009811 0.014622
0.009809 0.016159
0.009790 0.012253
0.009784 0.013406
0.009781 0.015713
0.009762 0.013878
0.009761 0.010419
0.009752 0.019465
0.009744 0.009960
0.009736 0.009785
0.009731 0.009982
0.009728 0.010236
0.009721 0.013157
0.009718 0.012689
0.009695 0.010060
0.009695 0.015304
0.009689 0.010484
0.009678 0.021443
0.009674 0.015111
0.009671 0.015302
0.009671 0.011371
0.009666 0.013840
0.009663 0.010575
0.009657 0.010209
0.009651 0.015789
0.009645 0.011199
0.009641 0.009775
0.009640 0.009859
0.009635 0.012497
0.009632 0.010237
0.009631 0.009917
0.009627 0.012888
0.009623 0.011558
0.009619 0.009719
0.009617 0.014447
0.009616 0.009666
0.009616 0.011211
0.009610 0.012249
0.009604 0.010506
0.009601 0.012651
0.009599 0.009645
0.009598 0.016139
0.009598 0.012846
0.009597 0.012766
0.009596 0.009836
0.009571 0.013162
0.009554 0.010695
0.009544 0.009712
0.009543 0.013443
0.009526 0.011582
0.009522 0.013104
0.009520 0.014881
0.009518 0.010920
0.009501 0.013110
0.009500 0.009651
0.009489 0.011950
0.009487 0.010453
0.009481 0.012708
0.009476 0.012692
0.009466 0.009635
0.009461 0.012940
0.009456 0.012256
0.009456 0.010670
0.009454 0.014904
0.009453 0.010891
0.009452 0.009472
0.009447 0.009901
0.009446 0.009813
0.009437 0.011718
0.009423 0.009862
0.009418 0.009965
0.009415 0.010282
0.009414 0.009703
0.009410 0.009582
0.009404 0.012132
0.009402 0.010253
0.009394 0.010741
0.009390 0.009828
0.009388 0.010552
0.009383 0.010627
0.009374 0.013357
0.009359 0.010498
0.009354 0.014954
0.009348 0.009612
0.009347 0.010937
0.009332 0.011572
0.009328 0.013137
0.009305 0.009627
0.009297 0.010561
0.009294 0.009953
0.009289 0.010596
0.009289 0.020561
0.009288 0.014070
0.009278 0.015582
0.009272 0.009705
0.009268 0.018608
0.009266 0.016009
0.009265 0.012896
0.009260 0.009885
0.009255 0.012608
0.009254 0.009462
0.009252 0.011136
0.009247 0.017653
0.009244 0.012087
0.009241 0.010407
0.009237 0.009328
0.009235 0.010372
0.009234 0.013452
0.009208 0.011839
0.009208 0.011874
0.009207 0.009664
0.009206 0.009285
0.009204 0.009845
0.009200 0.011885
0.009200 0.011677
0.009199 0.016124
0.009196 0.011090
0.009195 0.009259
0.009181 0.009930
0.009181 0.012381
0.009170 0.009631
0.009168 0.010724
0.009167 0.012416
0.009164 0.010248
0.009154 0.012751
0.009152 0.010872
0.009148 0.010340
0.009145 0.011160
0.009135 0.012309
0.009116 0.019162
0.009111 0.012889
0.009103 0.012213
0.009090 0.009831
0.009086 0.013627
0.009086 0.014266
0.009086 0.009111
0.009058 0.014477
0.009049 0.009488
0.009047 0.010305
0.009047 0.009367
0.009044 0.013715
0.009036 0.010772
0.009034 0.009933
0.009032 0.010689
0.009030 0.009227
0.009020 0.014106
0.009011 0.018122
0.009002 0.014862
0.009001 0.012367
0.008998 0.019544
0.008994 0.009352
0.008993 0.010235
0.008988 0.020865
0.008982 0.013256
0.008981 0.010700
0.008975 0.010125
0.008972 0.009523
0.008963 0.013791
0.008963 0.010656
0.008950 0.013808
0.008949 0.009018
0.008940 0.010041
0.008936 0.009590
0.008930 0.009005
0.008914 0.013704
0.008914 0.010955
0.008912 0.010204
0.008905 0.009294
0.008899 0.008970
0.008898 0.010208
0.008881 0.011357
0.008876 0.010707
0.008856 0.009654
0.008856 0.010565
0.008851 0.010409
0.008843 0.016533
0.008838 0.017074
0.008833 0.008996
0.008807 0.010342
0.008807 0.010960
0.008806 0.009274
0.008802 0.012338
0.008795 0.009306
0.008795 0.015472
0.008791 0.011581
0.008788 0.014684
0.008778 0.010048
0.008772 0.020212
0.008767 0.010028
0.008767 0.008813
0.008759 0.016575
0.008758 0.012483
0.008755 0.009494
0.008753 0.008872
0.008743 0.012233
0.008736 0.011359
0.008733 0.011728
0.008731 0.008955
0.008731 0.008744
0.008727 0.009985
0.008727 0.009271
0.008721 0.008823
0.008720 0.009612
0.008719 0.012301
0.008714 0.010108
0.008705 0.010094
0.008697 0.009354
0.008686 0.012231
0.008677 0.012901
0.008676 0.013240
0.008670 0.008879
0.008653 0.008979
0.008651 0.008998
0.008650 0.008657
0.008642 0.015883
0.008640 0.011096
0.008636 0.011043
0.008630 0.012014
0.008628 0.012579
0.008627 0.010893
0.008627 0.009616
0.008623 0.012548
0.008612 0.011283
0.008611 0.010974
0.008609 0.009291
0.008608 0.011042
0.008603 0.009184
0.008599 0.011962
0.008588 0.008894
0.008577 0.011553
0.008574 0.008705
0.008573 0.014447
0.008569 0.009464
0.008557 0.009751
0.008554 0.017217
0.008553 0.009473
0.008552 0.009801
0.008546 0.018288
0.008539 0.011288
0.008537 0.008888
0.008531 0.009760
0.008528 0.009032
0.008525 0.010060
0.008517 0.010584
0.008511 0.008958
0.008503 0.009387
0.008500 0.009083
0.008498 0.008829
0.008497 0.009426
0.008494 0.008702
0.008486 0.011295
0.008476 0.012379
0.008469 0.010570
0.008469 0.008792
0.008466 0.017042
0.008466 0.014243
0.008461 0.009850
0.008460 0.015538
0.008454 0.009396
0.008449 0.008872
0.008449 0.009690
0.008440 0.010248
0.008436 0.011675
0.008431 0.009043
0.008428 0.008770
0.008422 0.009346
0.008420 0.011417
0.008412 0.011477
0.008411 0.010157
0.008407 0.008963
0.008406 0.008638
0.008396 0.009794
0.008391 0.010153
0.008390 0.010888
0.008390 0.009021
0.008389 0.010439
0.008359 0.015042
0.008357 0.009015
0.008349 0.008351
0.008340 0.008662
0.008336 0.008377
0.008336 0.011175
0.008333 0.009251
0.008325 0.011754
0.008324 0.009776
0.008321 0.010403
0.008317 0.008666
0.008310 0.009581
0.008305 0.009102
0.008303 0.010925
0.008297 0.008687
0.008292 0.010361
0.008292 0.009795
0.008285 0.011479
0.008284 0.008658
0.008271 0.009934
0.008267 0.009844
0.008260 0.009420
0.008247 0.014018
0.008245 0.013171
0.008237 0.009029
0.008233 0.009482
0.008226 0.009463
0.008225 0.009811
0.008217 0.009298
0.008211 0.013564
0.008202 0.010804
0.008196 0.008854
0.008191 0.008948
0.008184 0.008313
0.008181 0.013539
0.008179 0.011376
0.008178 0.015371
0.008176 0.009635
0.008166 0.020145
0.008156 0.008892
0.008156 0.008684
0.008148 0.015513
0.008140 0.008347
0.008140 0.009357
0.008136 0.009812
0.008123 0.008267
0.008112 0.008617
0.008102 0.008470
0.008101 0.011859
0.008097 0.009897
0.008090 0.010898
0.008088 0.008621
0.008087 0.008204
0.008085 0.008665
0.008078 0.011450
0.008078 0.008870
0.008068 0.008947
0.008063 0.008693
0.008061 0.008784
0.008061 0.008243
0.008061 0.011208
0.008058 0.011754
0.008045 0.008884
0.008043 0.009011
0.008032 0.009077
0.008024 0.008684
0.008015 0.008513
0.008010 0.008150
0.008006 0.012508
0.008001 0.008689
0.007997 0.008087
0.007993 0.012325
0.007990 0.008903
0.007990 0.008427
0.007982 0.008817
0.007980 0.008158
0.007977 0.010696
0.007976 0.008587
0.007963 0.008209
0.007962 0.012456
0.007958 0.008633
0.007957 0.014145
0.007950 0.008656
0.007945 0.008812
0.007945 0.009072
0.007931 0.009152
0.007925 0.007937
0.007920 0.009022
0.007905 0.009921
0.007900 0.010547
0.007894 0.008070
0.007889 0.008417
0.007887 0.010139
0.007880 0.008325
0.007872 0.008089
0.007872 0.008353
0.007872 0.010006
0.007868 0.008054
0.007867 0.010567
0.007865 0.008444
0.007857 0.008126
0.007854 0.009205
0.007852 0.008146
0.007843 0.010118
0.007839 0.012063
0.007831 0.009139
0.007831 0.009605
0.007828 0.008874
0.007825 0.007988
0.007824 0.008606
0.007823 0.011569
0.007821 0.010182
0.007815 0.009635
0.007812 0.009978
0.007808 0.009153
0.007798 0.008142
0.007796 0.007895
0.007788 0.007999
0.007781 0.017163
0.007780 0.008387
0.007780 0.008749
0.007777 0.010885
0.007776 0.008421
0.007768 0.009995
0.007763 0.013810
0.007763 0.009513
0.007752 0.008843
0.007750 0.008029
0.007742 0.007906
0.007742 0.009200
0.007737 0.007785
0.007729 0.008130
0.007716 0.009205
0.007712 0.010037
0.007702 0.008122
0.007700 0.009225
0.007691 0.009421
0.007691 0.008714
0.007685 0.009182
0.007681 0.007720
0.007674 0.009294
0.007671 0.010768
0.007670 0.010688
0.007667 0.008984
0.007666 0.007796
0.007665 0.008632
0.007660 0.010869
0.007646 0.013920
0.007639 0.010918
0.007632 0.013745
0.007630 0.007891
0.007630 0.010143
0.007630 0.008379
0.007626 0.007778
0.007625 0.008018
0.007622 0.008788
0.007614 0.014378
0.007610 0.008056
0.007608 0.008552
0.007606 0.007927
0.007602 0.009290
0.007599 0.011036
0.007592 0.007795
0.007591 0.008283
0.007586 0.010445
0.007579 0.008182
0.007577 0.010750
0.007577 0.007838
0.007569 0.013916
0.007568 0.015919
0.007561 0.008117
0.007555 0.009613
0.007548 0.013706
0.007548 0.008002
0.007542 0.013537
0.007541 0.010854
0.007536 0.012081
0.007521 0.010443
0.007518 0.009729
0.007512 0.008997
0.007503 0.011592
0.007503 0.016525
0.007503 0.011408
0.007499 0.011038
0.007498 0.010710
0.007487 0.013963
0.007486 0.010263
0.007476 0.007823
0.007476 0.010031
0.007472 0.013076
0.007470 0.007740
0.007463 0.008897
0.007463 0.007651
0.007461 0.009886
0.007457 0.008664
0.007457 0.014943
0.007456 0.008031
0.007452 0.010043
0.007452 0.011701
0.007448 0.011153
0.007440 0.013806
0.007433 0.010021
0.007433 0.009481
0.007433 0.007703
0.007433 0.009237
0.007419 0.010395
0.007413 0.008333
0.007401 0.011951
0.007396 0.007731
0.007377 0.007704
0.007370 0.010086
0.007370 0.007742
0.007370 0.007934
0.007368 0.009765
0.007367 0.008577
0.007357 0.008040
0.007356 0.008312
0.007356 0.010699
0.007354 0.013315
0.007352 0.007564
0.007347 0.010288
0.007342 0.011219
0.007340 0.008473
0.007340 0.008829
0.007335 0.008464
0.007333 0.009607
0.007330 0.007562
0.007328 0.012872
0.007328 0.008086
0.007323 0.007382
0.007318 0.012049
0.007312 0.008260
0.007310 0.007688
0.007309 0.014089
0.007299 0.009453
0.007299 0.011004
0.007296 0.007389
0.007292 0.008145
0.007286 0.008443
0.007285 0.007480
0.007280 0.010096
0.007278 0.009083
0.007277 0.007485
0.007273 0.008388
0.007266 0.007831
0.007256 0.007691
0.007250 0.010310
0.007240 0.008593
0.007237 0.008927
0.007235 0.008089
0.007221 0.017979
0.007218 0.008104
0.007213 0.009655
0.007210 0.009817
0.007208 0.007249
0.007203 0.007856
0.007197 0.009738
0.007196 0.007218
0.007193 0.007412
0.007192 0.009633
0.007186 0.017111
0.007184 0.007891
0.007180 0.008170
0.007176 0.012427
0.007168 0.008846
0.007166 0.010395
0.007165 0.011840
0.007154 0.007227
0.007154 0.013375
0.007141 0.008209
0.007139 0.009162
0.007138 0.009904
0.007136 0.011759
0.007134 0.007993
0.007124 0.009608
0.007121 0.007729
0.007120 0.013540
0.007118 0.010365
0.007117 0.010833
0.007114 0.007784
0.007113 0.009501
0.007109 0.010017
0.007107 0.009753
0.007103 0.007318
0.007102 0.008756
0.007102 0.007254
0.007101 0.007874
0.007099 0.009683
0.007094 0.011172
0.007086 0.008747
0.007083 0.008723
0.007080 0.007843
0.007076 0.007522
0.007075 0.007229
0.007075 0.008709
0.007072 0.007223
0.007069 0.009814
0.007069 0.007672
0.007067 0.011968
0.007067 0.007852
0.007060 0.007395
0.007056 0.007068
0.007054 0.007939
0.007049 0.010358
0.007039 0.010030
0.007039 0.014205
0.007034 0.008283
0.007032 0.007159
0.007024 0.007765
0.007021 0.007228
0.007018 0.009609
0.007018 0.007782
0.007016 0.007536
0.007016 0.007044
0.007015 0.007600
0.007011 0.009832
0.007000 0.009675
0.006995 0.010960
0.006983 0.009838
0.006974 0.007381
0.006964 0.007413
0.006962 0.007021
0.006954 0.008082
0.006948 0.007699
0.006944 0.008560
0.006939 0.007530
0.006935 0.007273
0.006935 0.007869
0.006923 0.007938
0.006921 0.007887
0.006912 0.010349
0.006907 0.007044
0.006903 0.008651
0.006895 0.007056
0.006888 0.007809
0.006886 0.007017
0.006885 0.008598
0.006883 0.007066
0.006882 0.008671
0.006878 0.009748
0.006864 0.007711
0.006862 0.010487
0.006857 0.006917
0.006849 0.009191
0.006849 0.007082
0.006847 0.007267
0.006841 0.009240
0.006837 0.007610
0.006833 0.008235
0.006828 0.008400
0.006822 0.008613
0.006818 0.006899
0.006817 0.010490
0.006811 0.007529
0.006805 0.007512
0.006799 0.006821
0.006796 0.008583
0.006795 0.007078
0.006795 0.007561
0.006794 0.006965
0.006794 0.007101
0.006793 0.012605
0.006792 0.007014
0.006792 0.008212
0.006786 0.007398
0.006777 0.006944
0.006766 0.010659
0.006761 0.008097
0.006758 0.007815
0.006751 0.006883
0.006750 0.007190
0.006740 0.007963
0.006738 0.007853
0.006728 0.008541
0.006721 0.006892
0.006720 0.010878
0.006713 0.012556
0.006712 0.006795
0.006704 0.008397
0.006704 0.007521
0.006695 0.008761
0.006690 0.007141
0.006689 0.006797
0.006686 0.007650
0.006684 0.009235
0.006669 0.009539
0.006668 0.007585
0.006659 0.006795
0.006659 0.009816
0.006657 0.006670
0.006655 0.009107
0.006651 0.008037
0.006651 0.007706
0.006651 0.012378
0.006645 0.007195
0.006645 0.013920
0.006644 0.008524
0.006642 0.007636
0.006639 0.011161
0.006633 0.006693
0.006629 0.011060
0.006628 0.006666
0.006619 0.009356
0.006617 0.006862
0.006613 0.013304
0.006611 0.007751
0.006607 0.009571
0.006607 0.006802
0.006591 0.006917
0.006590 0.010526
0.006584 0.006810
0.006578 0.007793
0.006576 0.007569
0.006568 0.012769
0.006568 0.007100
0.006568 0.008179
0.006565 0.006798
0.006562 0.008158
0.006558 0.008615
0.006557 0.009007
0.006556 0.008560
0.006554 0.010853
0.006550 0.006647
0.006548 0.007691
0.006546 0.009308
0.006546 0.006589
0.006544 0.008178
0.006543 0.007823
0.006541 0.006660
0.006538 0.008666
0.006537 0.006648
0.006534 0.007539
0.006533 0.010662
0.006527 0.008074
0.006523 0.006795
0.006508 0.010562
0.006505 0.008050
0.006503 0.006640
0.006496 0.011247
0.006494 0.007479
0.006489 0.007200
0.006486 0.008057
0.006481 0.009517
0.006477 0.007053
0.006477 0.011586
0.006470 0.007753
0.006470 0.007621
0.006464 0.006787
0.006464 0.009227
0.006462 0.006657
0.006461 0.006818
0.006458 0.007690
0.006458 0.006648
0.006454 0.011984
0.006452 0.010826
0.006439 0.007741
0.006439 0.007801
0.006438 0.007539
0.006434 0.013826
0.006430 0.009761
0.006428 0.008273
0.006427 0.007084
0.006419 0.006617
0.006416 0.008066
0.006411 0.008859
0.006405 0.007442
0.006403 0.006559
0.006401 0.010259
0.006400 0.008268
0.006400 0.007655
0.006396 0.008532
0.006391 0.007655
0.006391 0.007952
0.006390 0.006964
0.006387 0.007236
0.006384 0.009097
0.006379 0.008244
0.006379 0.009858
0.006377 0.006989
0.006375 0.008384
0.006374 0.008161
0.006374 0.006388
0.006371 0.008189
0.006368 0.006786
0.006356 0.006593
0.006354 0.009454
0.006348 0.008529
0.006346 0.007020
0.006344 0.008341
0.006342 0.010885
0.006337 0.009688
0.006336 0.006450
0.006331 0.006768
0.006330 0.007483
0.006316 0.015926
0.006311 0.009711
0.006298 0.008188
0.006292 0.006774
0.006290 0.006989
0.006289 0.006488
0.006287 0.007596
0.006285 0.007087
0.006283 0.006393
0.006283 0.007106
0.006264 0.011268
0.006263 0.007040
0.006244 0.007556
0.006243 0.008648
0.006243 0.006344
0.006232 0.006649
0.006231 0.014583
0.006230 0.011699
0.006230 0.007613
0.006228 0.008417
0.006227 0.006306
0.006225 0.007931
0.006225 0.007046
0.006223 0.006998
0.006221 0.006899
0.006221 0.006781
0.006216 0.006309
0.006212 0.007084
0.006198 0.009082
0.006195 0.007390
0.006192 0.007987
0.006191 0.006413
0.006191 0.010862
0.006181 0.010780
0.006174 0.008734
0.006173 0.006313
0.006173 0.006433
0.006170 0.006500
0.006168 0.009343
0.006160 0.006278
0.006158 0.006714
0.006155 0.006197
0.006153 0.006796
0.006152 0.013618
0.006149 0.007481
0.006145 0.008319
0.006141 0.006909
0.006136 0.008645
0.006136 0.009176
0.006134 0.008320
0.006133 0.006918
0.006130 0.006921
0.006121 0.008093
0.006117 0.008126
0.006103 0.009284
0.006099 0.006590
0.006090 0.006864
0.006076 0.006794
0.006074 0.013954
0.006073 0.007975
0.006071 0.006541
0.006068 0.006441
0.006068 0.007994
0.006059 0.007283
0.006057 0.007749
0.006052 0.006260
0.006051 0.007108
0.006046 0.010441
0.006042 0.010268
0.006040 0.006108
0.006037 0.006514
0.006026 0.009133
0.006010 0.008293
0.006010 0.006073
0.006009 0.006228
0.006005 0.006198
0.005999 0.006264
0.005999 0.006209
0.005998 0.006994
0.005997 0.006338
0.005985 0.006649
0.005984 0.007053
0.005984 0.008110
0.005981 0.006355
0.005972 0.008081
0.005964 0.008922
0.005952 0.012102
0.005947 0.007672
0.005943 0.006086
0.005940 0.006117
0.005940 0.006426
0.005940 0.009777
0.005939 0.009570
0.005938 0.006085
0.005938 0.009529
0.005935 0.007736
0.005933 0.010073
0.005931 0.006268
0.005928 0.009002
0.005917 0.006061
0.005914 0.005955
0.005914 0.006980
0.005908 0.009470
0.005908 0.008529
0.005906 0.006236
0.005905 0.007077
0.005899 0.006361
0.005898 0.007167
0.005891 0.006389
0.005891 0.008172
0.005890 0.006145
0.005890 0.006328
0.005887 0.006099
0.005880 0.010141
0.005880 0.005888
0.005877 0.008801
0.005877 0.007826
0.005865 0.007862
0.005862 0.006006
0.005860 0.007293
0.005860 0.009967
0.005858 0.005985
0.005854 0.006297
0.005852 0.005989
0.005849 0.006004
0.005848 0.006525
0.005847 0.007680
0.005839 0.010107
0.005837 0.006631
0.005824 0.007001
0.005824 0.005894
0.005823 0.006855
0.005817 0.009292
0.005816 0.006287
0.005815 0.006518
0.005814 0.012032
0.005810 0.005824
0.005810 0.007739
0.005809 0.006723
0.005809 0.006264
0.005806 0.006200
0.005805 0.006550
0.005803 0.005887
0.005801 0.005810
0.005799 0.006563
0.005794 0.005993
0.005793 0.007740
0.005787 0.006076
0.005785 0.007934
0.005784 0.006537
0.005770 0.007585
0.005764 0.006539
0.005761 0.006139
0.005760 0.006340
0.005750 0.008464
0.005745 0.007457
0.005741 0.005797
0.005739 0.006450
0.005738 0.005845
0.005734 0.006520
0.005730 0.009064
0.005720 0.010785
0.005719 0.009578
0.005718 0.005805
0.005715 0.005723
0.005713 0.012074
0.005708 0.012203
0.005707 0.006027
0.005707 0.005933
0.005702 0.009295
0.005693 0.005753
0.005687 0.005975
0.005682 0.005698
0.005677 0.007494
0.005675 0.007186
0.005660 0.008032
0.005654 0.006609
0.005650 0.008334
0.005650 0.007073
0.005647 0.006153
0.005646 0.007126
0.005645 0.010180
0.005642 0.006031
0.005637 0.007348
0.005637 0.006113
0.005636 0.006815
0.005629 0.010833
0.005627 0.006805
0.005624 0.007768
0.005619 0.006218
0.005616 0.010189
0.005607 0.007029
0.005607 0.006551
0.005605 0.005971
0.005600 0.006199
0.005599 0.006672
0.005595 0.005752
0.005592 0.005749
0.005592 0.005898
0.005591 0.007899
0.005589 0.006634
0.005588 0.008152
0.005587 0.007315
0.005587 0.007735
0.005587 0.006752
0.005586 0.006389
0.005580 0.006790
0.005576 0.007383
0.005573 0.005651
0.005572 0.005989
0.005572 0.006588
0.005552 0.006306
0.005549 0.005942
0.005549 0.007798
0.005536 0.006656
0.005532 0.005915
0.005532 0.007552
0.005530 0.006178
0.005528 0.005935
0.005527 0.006019
0.005525 0.005624
0.005524 0.005908
0.005515 0.008047
0.005513 0.005897
0.005510 0.006090
0.005503 0.006456
0.005498 0.006800
0.005493 0.006892
0.005490 0.006612
0.005490 0.005671
0.005489 0.006663
0.005487 0.006607
0.005486 0.005827
0.005484 0.005508
0.005481 0.005537
0.005480 0.005653
0.005472 0.008546
0.005459 0.006423
0.005457 0.006832
0.005448 0.005645
0.005446 0.005457
0.005446 0.006198
0.005443 0.005484
0.005438 0.005981
0.005437 0.006863
0.005434 0.005813
0.005433 0.005724
0.005429 0.006180
0.005426 0.005953
0.005423 0.006127
0.005422 0.009758
0.005419 0.005814
0.005414 0.006002
0.005413 0.006337
0.005411 0.007948
0.005406 0.008821
0.005399 0.005432
0.005393 0.006870
0.005389 0.005556
0.005386 0.005934
0.005386 0.006072
0.005377 0.006592
0.005376 0.006316
0.005374 0.006313
0.005370 0.006346
0.005365 0.011235
0.005364 0.007812
0.005361 0.006025
0.005357 0.007783
0.005354 0.010238
0.005352 0.005416
0.005352 0.008164
0.005347 0.011111
0.005344 0.005392
0.005339 0.005371
0.005333 0.006136
0.005333 0.005597
0.005333 0.005476
0.005327 0.005398
0.005326 0.008001
0.005325 0.009660
0.005325 0.005750
0.005315 0.005414
0.005310 0.007316
0.005305 0.006312
0.005303 0.005593
0.005302 0.006876
0.005293 0.006204
0.005292 0.007009
0.005290 0.007906
0.005283 0.009305
0.005282 0.006842
0.005277 0.006544
0.005273 0.006549
0.005271 0.007180
0.005260 0.005677
0.005256 0.006010
0.005249 0.007854
0.005229 0.006698
0.005227 0.010062
0.005224 0.005329
0.005224 0.005619
0.005222 0.005441
0.005221 0.005650
0.005219 0.005566
0.005214 0.006335
0.005210 0.005943
0.005208 0.006328
0.005193 0.005553
0.005192 0.008348
0.005192 0.007972
0.005190 0.009594
0.005189 0.005392
0.005188 0.009938
0.005184 0.006908
0.005178 0.005287
0.005173 0.005365
0.005167 0.005447
0.005167 0.007613
0.005166 0.005492
0.005159 0.005261
0.005158 0.005455
0.005153 0.005926
0.005153 0.009895
0.005152 0.006154
0.005152 0.006807
0.005148 0.008064
0.005143 0.005745
0.005142 0.005967
0.005140 0.005572
0.005139 0.007048
0.005136 0.010818
0.005135 0.008048
0.005118 0.006669
0.005116 0.006090
0.005111 0.006962
0.005108 0.006648
0.005100 0.005432
0.005099 0.007286
0.005098 0.005763
0.005096 0.008516
0.005091 0.005120
0.005088 0.005614
0.005085 0.005089
0.005085 0.006825
0.005084 0.006280
0.005083 0.005263
0.005076 0.005377
0.005072 0.006197
0.005072 0.007946
0.005067 0.005211
0.005067 0.005591
0.005066 0.007730
0.005061 0.005973
0.005060 0.007633
0.005055 0.005594
0.005054 0.005152
0.005053 0.007019
0.005045 0.005076
0.005044 0.005594
0.005043 0.006316
0.005040 0.005849
0.005040 0.006446
0.005034 0.005774
0.005033 0.006858
0.005031 0.005844
0.005030 0.006875
0.005028 0.007004
0.005022 0.005046
0.005018 0.006269
0.005013 0.007748
0.005012 0.005579
0.005011 0.009712
0.005003 0.005406
0.005003 0.007971
0.005002 0.006247
0.005000 0.007067
0.004998 0.007280
0.004997 0.005502
0.004994 0.006180
0.004992 0.005407
0.004990 0.005077
0.004987 0.005250
0.004987 0.005397
0.004985 0.007367
0.004984 0.005802
0.004984 0.005529
0.004981 0.006247
0.004979 0.005070
0.004972 0.005408
0.004970 0.006441
0.004969 0.005793
0.004967 0.005199
0.004966 0.005284
0.004960 0.005063
0.004956 0.006983
0.004953 0.005206
0.004950 0.005015
0.004943 0.008029
0.004922 0.005042
0.004922 0.005457
0.004922 0.007659
0.004913 0.005131
0.004910 0.005164
0.004910 0.006267
0.004909 0.004946
0.004909 0.004979
0.004908 0.005842
0.004895 0.007512
0.004892 0.007683
0.004889 0.007176
0.004888 0.005406
0.004886 0.007655
0.004877 0.005006
0.004872 0.005101
0.004870 0.005334
0.004869 0.006406
0.004866 0.005565
0.004865 0.005379
0.004863 0.004945
0.004861 0.005200
0.004860 0.005844
0.004857 0.008318
0.004848 0.004877
0.004847 0.008046
0.004846 0.004942
0.004845 0.008217
0.004844 0.006046
0.004844 0.005016
0.004835 0.004842
0.004834 0.006850
0.004826 0.009295
0.004821 0.005316
0.004815 0.005428
0.004813 0.008865
0.004797 0.006743
0.004794 0.006102
0.004792 0.005695
0.004791 0.007961
0.004788 0.005017
0.004786 0.005342
0.004777 0.008000
0.004772 0.007514
0.004771 0.007831
0.004769 0.005708
0.004766 0.004936
0.004764 0.004934
0.004762 0.006234
0.004761 0.004964
0.004761 0.004900
0.004760 0.004929
0.004758 0.007461
0.004751 0.005667
0.004751 0.006252
0.004750 0.006260
0.004742 0.005129
0.004728 0.007880
0.004728 0.004792
0.004727 0.004787
0.004725 0.007891
0.004722 0.005146
0.004720 0.007398
0.004719 0.007092
0.004717 0.006957
0.004716 0.008320
0.004716 0.006112
0.004715 0.004759
0.004709 0.006994
0.004707 0.005106
0.004704 0.005451
0.004704 0.006743
0.004703 0.005749
0.004701 0.005096
0.004695 0.005078
0.004694 0.006119
0.004692 0.006906
0.004692 0.004788
0.004692 0.005120
0.004671 0.006729
0.004668 0.005032
0.004665 0.005348
0.004661 0.005022
0.004660 0.005146
0.004660 0.006332
0.004654 0.005012
0.004650 0.005649
0.004632 0.007450
0.004627 0.006716
0.004627 0.004712
0.004627 0.004699
0.004623 0.005593
0.004620 0.006646
0.004619 0.005139
0.004616 0.004710
0.004611 0.007067
0.004602 0.005304
0.004601 0.005264
0.004591 0.005716
0.004588 0.004655
0.004574 0.007059
0.004571 0.004583
0.004571 0.007061
0.004570 0.008403
0.004569 0.004763
0.004568 0.004693
0.004564 0.007032
0.004560 0.005943
0.004550 0.005095
0.004548 0.004896
0.004545 0.004832
0.004544 0.004856
0.004538 0.008692
0.004531 0.005649
0.004529 0.004655
0.004524 0.006155
0.004523 0.004697
0.004522 0.005591
0.004520 0.006825
0.004517 0.005079
0.004513 0.006981
0.004510 0.007199
0.004509 0.005918
0.004507 0.008364
0.004496 0.007294
0.004489 0.011488
0.004488 0.005703
0.004486 0.004829
0.004475 0.007702
0.004474 0.004580
0.004469 0.004765
0.004459 0.004684
0.004451 0.004897
0.004448 0.007087
0.004447 0.005567
0.004442 0.004519
0.004431 0.008727
0.004431 0.004997
0.004421 0.005557
0.004409 0.011083
0.004409 0.006679
0.004407 0.004587
0.004405 0.004585
0.004401 0.007310
0.004401 0.005190
0.004399 0.006433
0.004399 0.007039
0.004383 0.005479
0.004382 0.004712
0.004381 0.009856
0.004380 0.005294
0.004375 0.004692
0.004372 0.004590
0.004365 0.005162
0.004365 0.004675
0.004365 0.005381
0.004363 0.004427
0.004363 0.005335
0.004362 0.005551
0.004362 0.004739
0.004360 0.004446
0.004358 0.005462
0.004358 0.005302
0.004357 0.009469
0.004346 0.005577
0.004335 0.005034
0.004332 0.006456
0.004332 0.004970
0.004332 0.006189
0.004331 0.006101
0.004330 0.006093
0.004326 0.004600
0.004325 0.004701
0.004302 0.004708
0.004293 0.005702
0.004290 0.004299
0.004287 0.004993
0.004285 0.004441
0.004284 0.005631
0.004284 0.006200
0.004280 0.004545
0.004276 0.004277
0.004275 0.005457
0.004273 0.006476
0.004267 0.005160
0.004259 0.008653
0.004259 0.007077
0.004258 0.008402
0.004256 0.005132
0.004255 0.005639
0.004253 0.004918
0.004245 0.004315
0.004241 0.007520
0.004240 0.006503
0.004237 0.004496
0.004237 0.004306
0.004236 0.004454
0.004232 0.004887
0.004232 0.004376
0.004224 0.004386
0.004223 0.004304
0.004222 0.009484
0.004221 0.004296
0.004220 0.004402
0.004219 0.004556
0.004218 0.007972
0.004218 0.004464
0.004214 0.004584
0.004211 0.006424
0.004210 0.006649
0.004204 0.005370
0.004204 0.004835
0.004203 0.010548
0.004201 0.005744
0.004201 0.004701
0.004200 0.005196
0.004190 0.004405
0.004190 0.004468
0.004189 0.004325
0.004186 0.004515
0.004184 0.004195
0.004184 0.007002
0.004175 0.008552
0.004174 0.005330
0.004167 0.004288
0.004166 0.004312
0.004166 0.005773
0.004162 0.006229
0.004157 0.004886
0.004154 0.004505
0.004154 0.006357
0.004147 0.005207
0.004142 0.009235
0.004131 0.004135
0.004123 0.004692
0.004119 0.004494
0.004115 0.004281
0.004111 0.004228
0.004107 0.005394
0.004094 0.004446
0.004087 0.006736
0.004087 0.007026
0.004081 0.006271
0.004075 0.005473
0.004069 0.004173
0.004069 0.005986
0.004066 0.004620
0.004066 0.005188
0.004063 0.005005
0.004059 0.006183
0.004057 0.004600
0.004055 0.004112
0.004053 0.004054
0.004050 0.005906
0.004022 0.004197
0.004019 0.009043
0.004018 0.004178
0.004015 0.004217
0.004009 0.004949
0.004006 0.004429
0.004005 0.005152
0.004003 0.004316
0.003998 0.005742
0.003997 0.004516
0.003996 0.005722
0.003991 0.007006
0.003990 0.004517
0.003988 0.006802
0.003983 0.005898
0.003979 0.004058
0.003977 0.005043
0.003976 0.005401
0.003973 0.004456
0.003972 0.004840
0.003971 0.003996
0.003969 0.005107
0.003968 0.003975
0.003967 0.003979
0.003960 0.004113
0.003959 0.004735
0.003957 0.005936
0.003956 0.004226
0.003949 0.004855
0.003946 0.004179
0.003939 0.004278
0.003938 0.003978
0.003934 0.004816
0.003934 0.004042
0.003933 0.008966
0.003933 0.004181
0.003928 0.004598
0.003927 0.004388
0.003919 0.006568
0.003912 0.005976
0.003910 0.005933
0.003908 0.004710
0.003906 0.009105
0.003898 0.007730
0.003894 0.004361
0.003893 0.004070
0.003893 0.004428
0.003892 0.004703
0.003878 0.007061
0.003871 0.004273
0.003869 0.004174
0.003867 0.005181
0.003867 0.005395
0.003866 0.006732
0.003862 0.004207
0.003860 0.004334
0.003859 0.008366
0.003851 0.004105
0.003832 0.004273
0.003824 0.005178
0.003821 0.004120
0.003821 0.004032
0.003820 0.005234
0.003815 0.004321
0.003813 0.005645
0.003810 0.003909
0.003806 0.005158
0.003803 0.004393
0.003798 0.005002
0.003793 0.003824
0.003785 0.004158
0.003785 0.003831
0.003784 0.003817
0.003783 0.004343
0.003780 0.004207
0.003773 0.005667
0.003772 0.005532
0.003771 0.004148
0.003770 0.003800
0.003768 0.004702
0.003765 0.003867
0.003765 0.004300
0.003759 0.004128
0.003754 0.005802
0.003753 0.004447
0.003745 0.003983
0.003737 0.003793
0.003729 0.004380
0.003726 0.003800
0.003724 0.004427
0.003720 0.003877
0.003719 0.004352
0.003718 0.003998
0.003718 0.004009
0.003715 0.006513
0.003714 0.004185
0.003709 0.004061
0.003703 0.004650
0.003702 0.005800
0.003692 0.003818
0.003689 0.004011
0.003681 0.005084
0.003681 0.007439
0.003667 0.005441
0.003645 0.003931
0.003643 0.005022
0.003628 0.003822
0.003624 0.003920
0.003622 0.004034
0.003619 0.004000
0.003615 0.003809
0.003614 0.004247
0.003613 0.004081
0.003601 0.004187
0.003583 0.003968
0.003576 0.003935
0.003576 0.004028
0.003571 0.004554
0.003563 0.004853
0.003563 0.004121
0.003559 0.004869
0.003540 0.003967
0.003517 0.004210
0.003506 0.004481
0.003504 0.004454
0.003501 0.003760
0.003500 0.003534
0.003499 0.003919
0.003491 0.004262
0.003491 0.005308
0.003487 0.003832
0.003474 0.003773
0.003472 0.003616
0.003472 0.003585
0.003459 0.003626
0.003453 0.003534
0.003450 0.004000
0.003413 0.003452
0.003377 0.004973
0.003371 0.003654
0.003355 0.004407
0.003346 0.003618
0.003342 0.004335
0.003339 0.003586
0.003336 0.004858
0.003320 0.006391
0.003312 0.003342
0.003301 0.003347
0.003278 0.003365
0.003276 0.003570
0.003255 0.003559
0.003254 0.003697
0.003249 0.003824
0.003248 0.003314
0.003247 0.004055
0.003245 0.003516
0.003244 0.003993
0.003244 0.003998
0.003208 0.003609
0.003204 0.003646
0.003198 0.003235
0.003153 0.003324
0.003131 0.003855
0.003109 0.003489
0.003109 0.003698
0.003100 0.004929
0.003100 0.003508
0.003096 0.003330
0.003092 0.003475
0.003089 0.003126
0.003060 0.003193
0.003059 0.003157
0.003044 0.003238
0.003039 0.003326
0.003032 0.003358
0.003019 0.003143
0.003017 0.003764
0.003006 0.003879
0.002974 0.004232
0.002963 0.003227
0.002955 0.003067
0.002954 0.003044
0.002949 0.003576
0.002943 0.003971
0.002938 0.003626
0.002916 0.003266
0.002910 0.003276
0.002904 0.002953
0.002902 0.004206
0.002875 0.002942
0.002873 0.002899
0.002869 0.002905
0.002862 0.003241
0.002848 0.003041
0.002838 0.003281
0.002831 0.003459
0.002827 0.002831
0.002794 0.003180
0.002792 0.003085
0.002792 0.002970
0.002788 0.003008
0.002774 0.002790
0.002737 0.003093
0.002680 0.002693
0.002668 0.002789
0.002661 0.003857
0.002640 0.002955
0.002637 0.002998
0.002632 0.002825
0.002623 0.003084
0.002611 0.003120
0.002589 0.002734
0.002570 0.002836
0.002562 0.003183
0.002558 0.003211
0.002555 0.002691
0.002538 0.003113
0.002534 0.002613
0.002476 0.002512
0.002461 0.002494
0.002457 0.002724
0.002429 0.003409
0.002414 0.002517
0.002396 0.002809
0.002360 0.002676
0.002360 0.002689
0.002298 0.004066
0.002239 0.002271
0.002205 0.002407
0.002172 0.002857
0.002147 0.002175
0.002116 0.002141
0.002112 0.002260
0.001665 0.001912
0.001636 0.001665
0.000848 0.000887
