0.162306 0.171936
0.143767 0.184756
0.129066 0.132471
0.123436 0.127430
0.118810 0.149017
0.117231 0.169196
0.111652 0.158204
0.106914 0.111966
0.104754 0.143908
0.104486 0.154191
0.099394 0.125565
0.098831 0.103935
0.092828 0.121290
0.086777 0.093497
0.085580 0.091722
0.082229 0.106567
0.082055 0.086967
0.081953 0.126951
0.066451 0.089967
0.065822 0.081863
0.065428 0.075280
0.064285 0.071807
0.063658 0.069599
0.063427 0.100566
0.062677 0.071128
0.061980 0.063876
0.061395 0.068935
0.059849 0.070443
0.058259 0.067504
0.056431 0.062879
0.055563 0.064686
0.054735 0.070305
0.053922 0.054800
0.053652 0.068923
0.052515 0.061879
0.052514 0.055956
0.052080 0.055391
0.051620 0.056576
0.051389 0.061762
0.051317 0.063853
0.051037 0.064825
0.050757 0.057412
0.050654 0.051596
0.050514 0.063052
0.050171 0.055294
0.049039 0.053643
0.048806 0.074728
0.048770 0.048903
0.048456 0.071702
0.047591 0.053125
0.047495 0.055811
0.047236 0.048344
0.046853 0.048924
0.046517 0.047260
0.046452 0.061406
0.046262 0.052942
0.046104 0.050051
0.046055 0.047263
0.045955 0.053022
0.045624 0.053893
0.045523 0.053138
0.045504 0.048399
0.045503 0.074946
0.045350 0.048303
0.045104 0.048057
0.044981 0.050263
0.044950 0.050335
0.044879 0.066844
0.044395 0.071277
0.044211 0.048155
0.043680 0.055793
0.043402 0.063222
0.043324 0.053839
0.043256 0.049705
0.043059 0.048498
0.042732 0.046512
0.042629 0.050918
0.042285 0.068761
0.042218 0.045156
0.041366 0.052411
0.041332 0.060705
0.041131 0.055437
0.040895 0.049905
0.040679 0.055015
0.040628 0.048061
0.040463 0.052488
0.040297 0.042560
0.040235 0.048450
0.039852 0.042194
0.039634 0.073320
0.039546 0.048003
0.039541 0.040827
0.039516 0.044385
0.039291 0.065106
0.038932 0.057230
0.038716 0.041690
0.038585 0.047939
0.038245 0.043280
0.038214 0.057435
0.038168 0.049615
0.037902 0.039864
0.037754 0.038358
0.037690 0.049678
0.037497 0.043263
0.037416 0.037432
0.037357 0.039461
0.037207 0.042749
0.037158 0.058948
0.037120 0.037124
0.036610 0.038385
0.036538 0.039474
0.036521 0.038411
0.036311 0.049721
0.035979 0.047329
0.035737 0.044319
0.035609 0.036203
0.035426 0.051845
0.035145 0.037197
0.035078 0.056298
0.034900 0.048915
0.034676 0.037988
0.034627 0.057140
0.034585 0.048462
0.034582 0.043573
0.034486 0.078165
0.034160 0.039600
0.034081 0.055974
0.033996 0.035520
0.033969 0.036502
0.033144 0.043024
0.033113 0.033751
0.033059 0.033430
0.033044 0.033434
0.032938 0.044221
0.032896 0.059115
0.032843 0.041310
0.032754 0.055345
0.032647 0.053382
0.032593 0.041076
0.032500 0.038679
0.032391 0.034174
0.032385 0.033812
0.032363 0.032436
0.032335 0.035384
0.032319 0.034942
0.032250 0.034049
0.032176 0.050553
0.032096 0.032122
0.031716 0.033290
0.031498 0.035182
0.031329 0.034205
0.031310 0.035861
0.031105 0.033682
0.031028 0.053917
0.030758 0.057736
0.030590 0.034909
0.030588 0.046670
0.030231 0.030332
0.029942 0.031423
0.029937 0.031371
0.029927 0.029985
0.029764 0.038707
0.029692 0.032162
0.029504 0.034580
0.029451 0.031109
0.029429 0.036649
0.029289 0.033361
0.029150 0.044157
0.028822 0.056326
0.028807 0.071658
0.028464 0.037198
0.028343 0.028402
0.028300 0.048299
0.028128 0.066525
0.028082 0.029168
0.027623 0.035332
0.027602 0.031023
0.027530 0.030168
0.027471 0.039925
0.027027 0.030949
0.026760 0.034769
0.026740 0.047339
0.026705 0.038079
0.026637 0.027026
0.026588 0.027515
0.026547 0.026584
0.026070 0.029494
0.026049 0.026683
0.026027 0.032395
0.025749 0.029303
0.025727 0.037909
0.025697 0.032068
0.025213 0.025463
0.025211 0.027169
0.025113 0.034061
0.024854 0.028928
0.024470 0.026607
0.024434 0.026038
0.024376 0.025766
0.024352 0.035244
0.024333 0.034882
0.024118 0.028058
0.023982 0.032269
0.023754 0.024240
0.023748 0.026564
0.023689 0.033549
0.023525 0.025886
0.023436 0.025798
0.023340 0.026019
0.023177 0.040272
0.023151 0.027049
0.023125 0.028881
0.023114 0.023682
0.023110 0.028888
0.023108 0.029576
0.022844 0.027138
0.022776 0.023184
0.022762 0.030595
0.022683 0.026439
0.022514 0.023785
0.022338 0.023382
0.022270 0.030974
0.022212 0.022993
0.022136 0.034672
0.021968 0.023171
0.021935 0.023071
0.021871 0.023071
0.021870 0.026701
0.021860 0.029586
0.021782 0.022415
0.021590 0.023358
0.021531 0.025508
0.021487 0.022068
0.021282 0.026429
0.021226 0.039217
0.021183 0.034765
0.021143 0.021425
0.021120 0.023427
0.020930 0.027552
0.020858 0.025863
0.020591 0.035349
0.020584 0.022206
0.020308 0.021740
0.020221 0.025228
0.020176 0.026488
0.020091 0.022750
0.020030 0.028058
0.020029 0.024286
0.020026 0.036726
0.020013 0.028042
0.019978 0.020877
0.019965 0.020152
0.019908 0.020088
0.019881 0.021359
0.019862 0.020545
0.019850 0.021966
0.019757 0.022862
0.019638 0.020087
0.019603 0.021210
0.019433 0.021536
0.019431 0.021446
0.019390 0.024270
0.019267 0.027977
0.019250 0.019657
0.019080 0.023742
0.019039 0.022254
0.018834 0.021584
0.018811 0.019330
0.018807 0.019282
0.018725 0.025266
0.018685 0.019204
0.018671 0.022949
0.018611 0.025809
0.018595 0.018969
0.018575 0.025535
0.018509 0.021806
0.018391 0.019289
0.018348 0.019475
0.018208 0.025260
0.018195 0.018577
0.018191 0.020298
0.018159 0.018753
0.018104 0.027046
0.018103 0.018262
0.018019 0.022850
0.017894 0.025043
0.017731 0.018146
0.017713 0.019294
0.017623 0.017982
0.017371 0.018887
0.017310 0.019644
0.017288 0.017944
0.017284 0.022456
0.017263 0.020552
0.017230 0.018666
0.017084 0.020521
0.017079 0.024947
0.017052 0.021131
0.017009 0.017412
0.016917 0.021404
0.016752 0.017593
0.016750 0.020229
0.016729 0.019945
0.016595 0.022037
0.016568 0.017170
0.016411 0.017158
0.016388 0.022768
0.016341 0.018385
0.016258 0.016858
0.016217 0.025913
0.016169 0.019705
0.016073 0.021627
0.015919 0.016075
0.015897 0.016460
0.015682 0.023145
0.015593 0.015828
0.015337 0.017838
0.015205 0.019188
0.015180 0.015225
0.015176 0.017100
0.015091 0.015484
0.015089 0.015190
0.015045 0.015146
0.015022 0.016975
0.015017 0.019285
0.014950 0.015342
0.014938 0.016324
0.014901 0.014937
0.014864 0.029040
0.014761 0.015596
0.014700 0.016210
0.014635 0.017696
0.014598 0.020067
0.014554 0.015075
0.014494 0.015516
0.014411 0.016701
0.014376 0.014957
0.014357 0.016265
0.014314 0.017239
0.014290 0.017286
0.014278 0.014590
0.014258 0.017731
0.014256 0.022564
0.014215 0.016172
0.014170 0.020338
0.014069 0.026297
0.014022 0.014271
0.014020 0.022965
0.014012 0.018073
0.014002 0.023143
0.013979 0.016892
0.013868 0.014097
0.013836 0.014411
0.013802 0.017840
0.013783 0.020784
0.013713 0.014994
0.013704 0.019058
0.013602 0.015319
0.013590 0.014198
0.013580 0.014080
0.013559 0.021107
0.013533 0.014582
0.013525 0.015558
0.013502 0.022984
0.013501 0.017192
0.013492 0.013559
0.013476 0.014311
0.013418 0.014369
0.013284 0.015844
0.013274 0.014540
0.013270 0.014281
0.013146 0.017423
0.013098 0.015258
0.013095 0.022726
0.013024 0.014774
0.013016 0.014397
0.012976 0.016212
0.012952 0.014689
0.012948 0.012960
0.012941 0.013666
0.012885 0.018603
0.012878 0.016285
0.012849 0.014125
0.012637 0.019042
0.012601 0.015352
0.012594 0.014455
0.012561 0.016107
0.012550 0.012961
0.012509 0.012978
0.012478 0.015502
0.012477 0.012497
0.012462 0.012989
0.012440 0.013126
0.012432 0.023629
0.012409 0.016435
0.012404 0.013365
0.012398 0.018181
0.012393 0.015066
0.012390 0.013445
0.012387 0.014416
0.012343 0.012452
0.012329 0.016230
0.012309 0.012770
0.012263 0.013133
0.012220 0.013261
0.012174 0.013482
0.012152 0.016015
0.012099 0.012126
0.012095 0.014505
0.012075 0.020326
0.012028 0.012314
0.011981 0.012715
0.011973 0.013682
0.011964 0.013417
0.011944 0.013189
0.011932 0.014924
0.011916 0.012470
0.011767 0.018104
0.011765 0.012136
0.011734 0.015098
0.011715 0.017323
0.011694 0.014311
0.011686 0.012483
0.011642 0.012467
0.011636 0.016211
0.011566 0.013195
0.011554 0.023330
0.011550 0.013319
0.011518 0.012866
0.011509 0.015507
0.011497 0.014468
0.011494 0.011655
0.011425 0.016457
0.011381 0.021756
0.011360 0.014118
0.011344 0.016599
0.011330 0.023216
0.011310 0.017310
0.011295 0.012129
0.011290 0.012056
0.011281 0.014148
0.011280 0.017976
0.011274 0.014388
0.011261 0.012624
0.011254 0.014217
0.011231 0.012601
0.011198 0.013611
0.011179 0.011329
0.011168 0.014212
0.011147 0.016337
0.011138 0.014817
0.011137 0.013914
0.011136 0.012058
0.011104 0.017954
0.011088 0.011839
0.011082 0.012663
0.011041 0.020410
0.011021 0.011345
0.011011 0.011691
0.010977 0.015299
0.010972 0.011668
0.010953 0.011525
0.010889 0.012107
0.010882 0.011080
0.010856 0.012119
0.010843 0.011881
0.010830 0.012448
0.010795 0.014406
0.010788 0.011724
0.010781 0.013446
0.010780 0.011163
0.010768 0.013885
0.010764 0.022565
0.010732 0.011288
0.010657 0.012639
0.010629 0.016628
0.010565 0.011716
0.010550 0.016513
0.010537 0.010997
0.010521 0.016130
0.010506 0.015489
0.010486 0.012169
0.010482 0.010588
0.010474 0.011992
0.010462 0.012220
0.010461 0.013939
0.010412 0.015518
0.010411 0.012077
0.010406 0.011268
0.010397 0.010573
0.010353 0.014512
0.010350 0.011650
0.010329 0.012843
0.010311 0.011271
0.010298 0.011976
0.010281 0.011580
0.010253 0.011323
0.010223 0.014697
0.010220 0.014974
0.010186 0.019143
0.010182 0.014575
0.010180 0.010963
0.010176 0.013036
0.010154 0.012280
0.010102 0.015676
0.010099 0.010144
0.010087 0.012899
0.010053 0.010417
0.010044 0.010385
0.010008 0.010090
0.009962 0.010122
0.009959 0.012185
0.009956 0.010922
0.009906 0.015030
0.009892 0.014871
0.009859 0.012120
0.009853 0.014486
0.009841 0.012552
0.009758 0.009995
0.009747 0.014309
0.009712 0.013831
0.009703 0.009746
0.009701 0.013006
0.009673 0.010302
0.009672 0.011418
0.009632 0.011700
0.009599 0.012111
0.009591 0.012633
0.009583 0.013296
0.009570 0.009986
0.009567 0.010876
0.009545 0.009826
0.009543 0.010264
0.009542 0.010121
0.009459 0.009626
0.009458 0.010121
0.009451 0.009713
0.009442 0.014934
0.009442 0.014144
0.009440 0.010203
0.009410 0.012315
0.009402 0.009503
0.009401 0.011114
0.009389 0.009501
0.009389 0.010596
0.009381 0.010858
0.009365 0.010795
0.009342 0.012806
0.009340 0.020440
0.009277 0.012011
0.009268 0.010459
0.009258 0.012731
0.009237 0.011112
0.009230 0.012774
0.009219 0.009696
0.009219 0.010221
0.009199 0.009486
0.009193 0.010197
0.009177 0.009820
0.009163 0.011517
0.009158 0.014387
0.009148 0.009950
0.009107 0.013373
0.009105 0.013494
0.009093 0.009516
0.009078 0.013243
0.009074 0.009610
0.009054 0.009967
0.009053 0.010200
0.008991 0.013879
0.008967 0.014332
0.008962 0.010212
0.008947 0.012876
0.008935 0.009190
0.008923 0.013494
0.008897 0.013553
0.008847 0.009561
0.008829 0.010293
0.008827 0.013020
0.008825 0.010364
0.008809 0.008878
0.008798 0.009730
0.008776 0.013165
0.008775 0.010455
0.008733 0.010625
0.008731 0.009730
0.008713 0.009923
0.008708 0.009378
0.008689 0.010029
0.008682 0.014713
0.008681 0.010501
0.008672 0.009742
0.008670 0.021969
0.008669 0.008825
0.008669 0.009192
0.008667 0.009177
0.008656 0.010597
0.008655 0.012488
0.008650 0.009771
0.008650 0.011523
0.008649 0.009245
0.008641 0.012488
0.008639 0.010460
0.008631 0.009676
0.008627 0.013238
0.008602 0.010794
0.008602 0.008716
0.008570 0.013770
0.008561 0.010272
0.008559 0.014548
0.008556 0.011641
0.008556 0.009080
0.008541 0.016354
0.008539 0.013407
0.008535 0.012982
0.008529 0.011788
0.008526 0.008826
0.008499 0.008867
0.008497 0.008622
0.008464 0.010576
0.008440 0.009061
0.008425 0.009898
0.008419 0.011211
0.008411 0.008753
0.008410 0.008946
0.008384 0.015421
0.008383 0.008481
0.008382 0.010269
0.008382 0.015555
0.008376 0.014584
0.008366 0.009509
0.008349 0.010073
0.008331 0.009171
0.008310 0.009522
0.008301 0.014763
0.008299 0.008756
0.008293 0.008442
0.008289 0.008418
0.008271 0.010536
0.008265 0.010440
0.008260 0.015872
0.008248 0.009025
0.008247 0.009835
0.008227 0.008626
0.008220 0.009124
0.008209 0.009087
0.008207 0.009730
0.008192 0.009185
0.008176 0.010609
0.008130 0.009604
0.008127 0.011425
0.008117 0.008250
0.008115 0.013702
0.008111 0.009664
0.008106 0.008335
0.008096 0.017249
0.008076 0.008252
0.008062 0.009108
0.008030 0.011260
0.008028 0.009864
0.008023 0.010463
0.008018 0.008650
0.008017 0.008776
0.008015 0.008885
0.008013 0.008203
0.008001 0.008859
0.007996 0.009391
0.007996 0.008408
0.007991 0.009179
0.007983 0.009354
0.007974 0.008514
0.007967 0.014291
0.007956 0.008462
0.007950 0.011212
0.007944 0.010691
0.007944 0.012931
0.007938 0.017311
0.007935 0.009672
0.007927 0.008526
0.007910 0.014724
0.007908 0.009171
0.007900 0.008411
0.007900 0.010245
0.007900 0.010582
0.007891 0.010297
0.007890 0.008032
0.007868 0.007904
0.007859 0.011621
0.007844 0.009046
0.007841 0.008567
0.007819 0.008329
0.007803 0.008531
0.007803 0.008612
0.007801 0.010601
0.007800 0.008454
0.007799 0.008143
0.007797 0.008647
0.007789 0.007826
0.007784 0.011395
0.007774 0.007861
0.007764 0.007977
0.007755 0.007765
0.007747 0.007908
0.007739 0.008377
0.007729 0.008739
0.007705 0.012541
0.007700 0.008203
0.007696 0.009205
0.007690 0.008396
0.007677 0.008205
0.007659 0.011150
0.007651 0.012980
0.007644 0.008777
0.007633 0.009474
0.007630 0.011543
0.007629 0.008154
0.007622 0.007778
0.007620 0.009107
0.007586 0.008253
0.007572 0.007753
0.007572 0.013121
0.007568 0.011715
0.007568 0.010029
0.007565 0.009830
0.007562 0.009787
0.007551 0.007648
0.007541 0.011476
0.007525 0.007686
0.007520 0.009757
0.007519 0.009658
0.007516 0.013496
0.007512 0.008408
0.007501 0.008104
0.007491 0.008326
0.007479 0.016065
0.007454 0.007606
0.007453 0.007573
0.007452 0.008590
0.007450 0.007733
0.007447 0.008100
0.007440 0.009895
0.007438 0.007448
0.007430 0.010773
0.007411 0.007509
0.007395 0.010897
0.007390 0.008426
0.007389 0.011096
0.007382 0.007956
0.007376 0.007523
0.007372 0.008500
0.007372 0.012823
0.007368 0.008271
0.007351 0.007772
0.007344 0.007648
0.007340 0.007450
0.007339 0.007707
0.007339 0.007692
0.007334 0.008415
0.007333 0.013158
0.007316 0.008167
0.007315 0.007402
0.007313 0.011786
0.007306 0.007451
0.007303 0.013937
0.007297 0.007756
0.007293 0.009437
0.007285 0.008066
0.007281 0.008841
0.007279 0.009787
0.007250 0.008681
0.007240 0.011199
0.007239 0.011980
0.007232 0.007574
0.007229 0.007700
0.007226 0.007533
0.007219 0.008350
0.007217 0.007887
0.007216 0.008493
0.007204 0.010382
0.007202 0.008732
0.007201 0.008605
0.007199 0.007863
0.007190 0.007454
0.007188 0.009953
0.007180 0.010600
0.007176 0.007270
0.007166 0.007747
0.007165 0.007628
0.007160 0.007220
0.007159 0.008410
0.007156 0.007189
0.007155 0.008412
0.007154 0.012077
0.007149 0.007816
0.007148 0.008321
0.007143 0.009010
0.007132 0.008514
0.007131 0.009034
0.007129 0.010002
0.007125 0.007623
0.007117 0.007637
0.007111 0.007374
0.007106 0.008281
0.007105 0.007157
0.007097 0.007295
0.007096 0.007534
0.007082 0.007553
0.007081 0.008011
0.007076 0.007132
0.007072 0.007510
0.007069 0.014161
0.007033 0.007137
0.007029 0.008116
0.007027 0.007403
0.007019 0.007541
0.007013 0.008618
0.007011 0.007059
0.007008 0.007419
0.007006 0.007441
0.007000 0.007343
0.006995 0.010111
0.006993 0.007881
0.006992 0.008167
0.006992 0.009585
0.006991 0.009406
0.006970 0.012652
0.006957 0.010332
0.006953 0.009621
0.006952 0.009796
0.006944 0.008733
0.006943 0.007096
0.006941 0.011905
0.006930 0.007075
0.006928 0.009934
0.006925 0.010105
0.006921 0.007174
0.006919 0.007257
0.006917 0.007483
0.006897 0.007794
0.006896 0.015807
0.006890 0.008106
0.006890 0.006913
0.006887 0.011209
0.006883 0.007705
0.006878 0.006963
0.006862 0.008259
0.006862 0.009210
0.006856 0.007780
0.006850 0.009366
0.006835 0.006897
0.006815 0.009342
0.006814 0.006928
0.006813 0.007109
0.006810 0.014352
0.006806 0.007771
0.006803 0.007973
0.006798 0.007787
0.006798 0.007518
0.006788 0.007531
0.006783 0.011258
0.006783 0.006842
0.006778 0.009224
0.006773 0.008007
0.006763 0.007011
0.006763 0.007278
0.006758 0.007975
0.006756 0.010882
0.006752 0.008617
0.006739 0.007141
0.006739 0.011572
0.006734 0.006842
0.006730 0.007275
0.006722 0.010704
0.006720 0.007581
0.006717 0.006972
0.006704 0.006767
0.006700 0.007216
0.006699 0.008007
0.006694 0.008595
0.006689 0.008451
0.006688 0.007581
0.006674 0.007341
0.006667 0.007121
0.006657 0.006988
0.006655 0.007073
0.006654 0.007803
0.006648 0.011477
0.006647 0.008846
0.006644 0.008078
0.006642 0.006726
0.006635 0.006654
0.006633 0.008014
0.006628 0.014393
0.006622 0.007872
0.006611 0.009265
0.006611 0.007579
0.006609 0.006714
0.006609 0.007097
0.006605 0.009222
0.006605 0.014200
0.006596 0.007894
0.006595 0.007332
0.006592 0.007192
0.006592 0.007620
0.006590 0.006744
0.006583 0.008109
0.006582 0.006821
0.006575 0.007296
0.006567 0.007355
0.006566 0.010709
0.006558 0.007615
0.006557 0.007105
0.006556 0.006852
0.006552 0.007707
0.006545 0.006733
0.006531 0.006639
0.006528 0.006936
0.006527 0.007128
0.006524 0.006733
0.006521 0.008816
0.006515 0.009518
0.006512 0.008996
0.006505 0.007750
0.006504 0.006903
0.006503 0.009493
0.006498 0.006517
0.006497 0.009564
0.006497 0.007727
0.006493 0.008183
0.006489 0.007872
0.006487 0.006606
0.006485 0.008739
0.006476 0.008333
0.006476 0.008008
0.006473 0.007025
0.006470 0.013314
0.006464 0.007096
0.006463 0.014587
0.006462 0.006660
0.006460 0.006507
0.006459 0.007924
0.006455 0.007431
0.006454 0.006816
0.006453 0.007328
0.006449 0.012198
0.006449 0.006753
0.006436 0.007138
0.006436 0.006636
0.006435 0.006645
0.006429 0.007308
0.006423 0.009019
0.006423 0.006995
0.006421 0.007030
0.006416 0.006420
0.006414 0.011290
0.006412 0.006421
0.006403 0.007553
0.006400 0.009797
0.006398 0.006699
0.006393 0.007408
0.006388 0.007460
0.006365 0.006461
0.006360 0.008503
0.006358 0.006637
0.006357 0.008033
0.006351 0.006534
0.006351 0.006615
0.006341 0.007136
0.006324 0.009516
0.006321 0.012635
0.006320 0.008124
0.006318 0.006335
0.006317 0.006720
0.006316 0.007619
0.006313 0.010314
0.006311 0.006481
0.006309 0.006507
0.006290 0.007484
0.006290 0.007730
0.006289 0.007633
0.006288 0.006842
0.006286 0.008347
0.006284 0.007279
0.006284 0.009389
0.006275 0.008202
0.006275 0.006921
0.006270 0.009280
0.006270 0.007793
0.006269 0.006457
0.006269 0.006298
0.006267 0.009661
0.006260 0.006426
0.006256 0.007087
0.006253 0.008117
0.006250 0.006446
0.006246 0.009584
0.006232 0.009662
0.006228 0.006254
0.006223 0.008340
0.006211 0.007415
0.006207 0.006738
0.006206 0.009073
0.006189 0.006447
0.006183 0.011994
0.006174 0.006628
0.006173 0.006712
0.006170 0.006424
0.006167 0.008278
0.006160 0.006194
0.006157 0.007624
0.006155 0.007390
0.006154 0.006366
0.006154 0.007488
0.006145 0.008197
0.006140 0.008994
0.006130 0.011719
0.006127 0.006372
0.006123 0.008508
0.006120 0.006848
0.006113 0.007473
0.006109 0.012484
0.006106 0.006828
0.006091 0.010401
0.006090 0.007635
0.006079 0.007032
0.006076 0.009971
0.006073 0.006282
0.006071 0.007170
0.006070 0.007292
0.006067 0.009235
0.006067 0.006159
0.006054 0.006744
0.006042 0.007457
0.006042 0.007467
0.006039 0.006580
0.006033 0.006206
0.006033 0.006853
0.006025 0.009389
0.006020 0.006025
0.006012 0.006152
0.006003 0.006048
0.006002 0.007717
0.006001 0.007777
0.005993 0.008567
0.005993 0.007515
0.005992 0.007869
0.005981 0.006831
0.005979 0.006460
0.005975 0.007554
0.005974 0.006820
0.005974 0.006255
0.005973 0.006668
0.005970 0.006864
0.005966 0.008091
0.005963 0.006225
0.005959 0.007594
0.005958 0.008050
0.005956 0.006178
0.005954 0.007823
0.005948 0.006743
0.005946 0.009322
0.005944 0.006701
0.005942 0.006658
0.005942 0.006613
0.005937 0.006453
0.005937 0.006861
0.005932 0.006112
0.005928 0.008580
0.005924 0.006571
0.005922 0.009369
0.005921 0.008237
0.005905 0.006355
0.005903 0.008937
0.005902 0.007920
0.005898 0.007544
0.005892 0.006896
0.005890 0.006911
0.005889 0.007090
0.005888 0.006468
0.005881 0.006106
0.005880 0.006704
0.005877 0.006815
0.005876 0.009209
0.005872 0.007370
0.005867 0.007906
0.005866 0.006643
0.005858 0.006853
0.005855 0.008205
0.005854 0.006978
0.005849 0.006086
0.005846 0.005853
0.005842 0.006144
0.005838 0.006138
0.005835 0.008170
0.005834 0.006858
0.005834 0.007130
0.005833 0.005901
0.005832 0.005956
0.005831 0.005864
0.005830 0.007344
0.005829 0.006979
0.005829 0.008324
0.005828 0.007061
0.005825 0.006205
0.005824 0.009319
0.005822 0.009128
0.005817 0.005822
0.005813 0.009742
0.005812 0.005882
0.005811 0.006444
0.005805 0.009712
0.005799 0.007330
0.005799 0.006399
0.005798 0.006794
0.005793 0.013165
0.005792 0.007487
0.005791 0.010625
0.005788 0.005973
0.005787 0.006078
0.005786 0.007324
0.005784 0.006800
0.005783 0.006963
0.005780 0.005804
0.005777 0.007816
0.005777 0.005912
0.005776 0.005974
0.005774 0.006881
0.005773 0.006614
0.005765 0.007610
0.005765 0.006080
0.005761 0.006552
0.005759 0.006061
0.005757 0.006103
0.005750 0.006222
0.005749 0.006040
0.005747 0.007305
0.005745 0.005749
0.005739 0.006620
0.005736 0.006837
0.005736 0.007183
0.005735 0.005979
0.005734 0.008256
0.005730 0.005836
0.005729 0.005801
0.005729 0.005781
0.005727 0.006890
0.005725 0.006718
0.005723 0.007178
0.005721 0.012773
0.005715 0.008624
0.005710 0.009496
0.005701 0.006875
0.005690 0.006447
0.005681 0.006472
0.005678 0.006431
0.005678 0.006746
0.005677 0.007472
0.005677 0.006165
0.005671 0.005910
0.005668 0.006985
0.005664 0.007273
0.005660 0.008998
0.005653 0.010021
0.005649 0.005964
0.005643 0.006340
0.005640 0.009815
0.005630 0.008052
0.005629 0.005877
0.005627 0.005895
0.005624 0.005939
0.005624 0.007406
0.005622 0.008123
0.005620 0.006128
0.005620 0.005719
0.005620 0.009717
0.005613 0.006166
0.005607 0.006387
0.005600 0.005615
0.005600 0.005795
0.005599 0.006443
0.005594 0.009317
0.005591 0.006153
0.005588 0.009404
0.005587 0.007558
0.005585 0.005806
0.005579 0.005938
0.005575 0.006359
0.005572 0.006380
0.005571 0.009086
0.005561 0.008784
0.005560 0.005844
0.005558 0.005697
0.005554 0.005823
0.005553 0.009264
0.005548 0.005552
0.005546 0.006349
0.005542 0.005829
0.005541 0.005574
0.005540 0.008588
0.005540 0.005587
0.005537 0.005679
0.005530 0.006798
0.005525 0.007280
0.005521 0.005747
0.005519 0.006794
0.005518 0.005959
0.005514 0.009049
0.005510 0.005911
0.005504 0.006260
0.005502 0.005606
0.005502 0.008989
0.005499 0.006935
0.005491 0.005773
0.005489 0.009778
0.005487 0.007525
0.005485 0.005684
0.005481 0.005756
0.005478 0.006032
0.005474 0.008955
0.005467 0.007482
0.005464 0.005732
0.005463 0.006332
0.005463 0.007962
0.005462 0.005864
0.005461 0.006448
0.005459 0.005602
0.005458 0.006676
0.005453 0.008854
0.005452 0.006407
0.005444 0.006559
0.005442 0.005719
0.005441 0.007597
0.005440 0.010025
0.005438 0.009177
0.005432 0.005453
0.005431 0.007856
0.005427 0.005783
0.005426 0.006364
0.005425 0.007114
0.005425 0.005762
0.005425 0.007792
0.005421 0.006178
0.005420 0.007334
0.005419 0.006637
0.005419 0.005528
0.005418 0.005947
0.005418 0.005422
0.005417 0.007660
0.005415 0.005464
0.005413 0.005435
0.005404 0.006242
0.005400 0.010866
0.005400 0.007573
0.005399 0.006753
0.005396 0.006675
0.005393 0.010077
0.005392 0.006687
0.005391 0.005509
0.005391 0.005468
0.005390 0.005962
0.005389 0.005939
0.005388 0.007015
0.005387 0.006340
0.005387 0.005782
0.005385 0.006937
0.005376 0.006802
0.005376 0.005899
0.005371 0.009284
0.005365 0.005925
0.005359 0.009542
0.005355 0.005539
0.005350 0.006547
0.005348 0.006583
0.005345 0.005521
0.005343 0.006713
0.005342 0.005440
0.005337 0.005572
0.005336 0.005370
0.005329 0.007087
0.005321 0.006310
0.005318 0.005754
0.005318 0.007056
0.005310 0.006071
0.005305 0.006573
0.005305 0.006194
0.005303 0.007515
0.005299 0.010755
0.005297 0.006791
0.005296 0.005311
0.005294 0.005725
0.005291 0.006964
0.005290 0.005352
0.005289 0.006997
0.005288 0.007373
0.005288 0.010705
0.005285 0.006832
0.005281 0.007646
0.005279 0.006569
0.005274 0.005645
0.005272 0.008896
0.005272 0.008618
0.005270 0.005338
0.005269 0.005435
0.005267 0.005540
0.005265 0.007487
0.005253 0.007306
0.005248 0.005497
0.005245 0.009195
0.005244 0.005669
0.005242 0.006659
0.005238 0.006101
0.005236 0.005566
0.005235 0.009082
0.005232 0.009075
0.005232 0.005841
0.005222 0.005802
0.005219 0.005676
0.005218 0.008023
0.005215 0.007061
0.005213 0.005442
0.005212 0.006863
0.005211 0.008885
0.005210 0.006171
0.005210 0.006280
0.005207 0.007660
0.005207 0.008202
0.005207 0.005490
0.005205 0.006375
0.005205 0.007813
0.005203 0.006400
0.005193 0.005613
0.005192 0.006109
0.005192 0.006297
0.005191 0.005356
0.005188 0.010939
0.005185 0.005879
0.005181 0.005343
0.005181 0.006754
0.005177 0.007201
0.005175 0.005668
0.005172 0.005657
0.005165 0.008400
0.005164 0.008228
0.005156 0.009027
0.005155 0.007815
0.005147 0.005396
0.005146 0.005333
0.005144 0.008560
0.005141 0.007231
0.005140 0.005315
0.005137 0.005844
0.005136 0.006931
0.005134 0.007068
0.005130 0.006632
0.005130 0.005881
0.005122 0.007044
0.005121 0.007047
0.005114 0.005454
0.005114 0.005121
0.005112 0.010689
0.005108 0.005570
0.005104 0.007123
0.005104 0.010185
0.005103 0.006545
0.005102 0.008466
0.005102 0.006302
0.005089 0.006000
0.005089 0.005708
0.005085 0.008411
0.005083 0.005241
0.005078 0.007735
0.005076 0.006436
0.005073 0.005778
0.005072 0.005600
0.005068 0.005244
0.005068 0.005557
0.005059 0.006195
0.005054 0.005252
0.005049 0.006697
0.005044 0.005192
0.005044 0.005315
0.005044 0.005811
0.005044 0.005343
0.005043 0.005066
0.005041 0.005113
0.005033 0.007920
0.005032 0.006804
0.005031 0.005532
0.005030 0.005057
0.005030 0.005692
0.005030 0.005269
0.005028 0.008257
0.005025 0.007082
0.005025 0.009709
0.005024 0.005980
0.005023 0.009065
0.005020 0.005338
0.005019 0.005178
0.005015 0.005389
0.005014 0.005262
0.005012 0.006210
0.005011 0.005269
0.005004 0.005536
0.005004 0.005220
0.005004 0.006647
0.005001 0.005689
0.005000 0.005711
0.005000 0.005147
0.005000 0.005419
0.004998 0.008282
0.004998 0.005032
0.004996 0.005583
0.004996 0.005156
0.004995 0.005059
0.004990 0.009538
0.004989 0.005707
0.004989 0.007387
0.004987 0.007371
0.004987 0.008998
0.004984 0.007171
0.004981 0.005890
0.004977 0.007941
0.004977 0.005892
0.004977 0.007905
0.004975 0.005184
0.004974 0.005350
0.004972 0.006768
0.004972 0.008125
0.004966 0.007408
0.004965 0.010161
0.004962 0.005033
0.004961 0.007678
0.004955 0.005717
0.004953 0.011150
0.004952 0.005613
0.004940 0.005494
0.004940 0.009841
0.004939 0.005564
0.004939 0.009628
0.004934 0.006650
0.004926 0.005179
0.004924 0.005239
0.004920 0.005166
0.004918 0.005462
0.004915 0.004998
0.004915 0.007723
0.004915 0.006805
0.004911 0.005252
0.004909 0.005247
0.004908 0.005181
0.004905 0.006344
0.004904 0.005960
0.004903 0.005114
0.004902 0.006410
0.004902 0.008499
0.004901 0.008237
0.004900 0.006025
0.004897 0.008092
0.004897 0.005608
0.004895 0.006571
0.004893 0.005263
0.004892 0.005818
0.004892 0.004927
0.004883 0.007113
0.004882 0.006113
0.004875 0.005853
0.004875 0.005658
0.004874 0.005940
0.004872 0.006719
0.004871 0.005384
0.004869 0.005322
0.004867 0.006512
0.004867 0.005080
0.004860 0.005332
0.004858 0.006170
0.004854 0.015209
0.004852 0.004901
0.004847 0.006929
0.004842 0.005058
0.004834 0.005865
0.004829 0.006304
0.004829 0.005908
0.004828 0.007422
0.004825 0.008802
0.004824 0.004835
0.004818 0.008746
0.004818 0.005764
0.004811 0.004877
0.004811 0.005828
0.004808 0.006611
0.004808 0.007945
0.004807 0.007424
0.004806 0.007086
0.004803 0.005287
0.004800 0.004871
0.004798 0.005932
0.004796 0.006824
0.004796 0.005523
0.004796 0.005956
0.004788 0.009756
0.004785 0.007911
0.004785 0.005015
0.004783 0.006325
0.004776 0.005214
0.004774 0.007367
0.004772 0.007827
0.004770 0.004794
0.004762 0.008044
0.004756 0.006004
0.004753 0.006053
0.004749 0.006526
0.004748 0.005446
0.004748 0.004846
0.004744 0.004877
0.004740 0.005203
0.004739 0.004877
0.004736 0.005113
0.004731 0.006441
0.004730 0.005595
0.004721 0.005456
0.004720 0.005554
0.004719 0.004844
0.004717 0.005302
0.004715 0.004905
0.004714 0.005368
0.004713 0.005153
0.004711 0.004889
0.004709 0.005991
0.004709 0.005314
0.004707 0.004745
0.004705 0.004747
0.004704 0.008229
0.004696 0.005160
0.004694 0.005197
0.004691 0.004856
0.004687 0.005532
0.004683 0.005732
0.004683 0.004693
0.004680 0.006503
0.004679 0.008444
0.004676 0.005540
0.004673 0.010457
0.004672 0.008381
0.004661 0.004748
0.004660 0.005305
0.004659 0.008902
0.004654 0.004968
0.004654 0.005675
0.004652 0.006008
0.004652 0.005884
0.004648 0.008850
0.004643 0.005197
0.004641 0.005273
0.004639 0.008363
0.004634 0.007531
0.004631 0.004713
0.004624 0.008625
0.004623 0.004939
0.004618 0.005556
0.004616 0.005581
0.004616 0.005477
0.004614 0.005780
0.004612 0.005329
0.004611 0.005804
0.004610 0.005042
0.004609 0.004687
0.004606 0.005527
0.004604 0.007466
0.004603 0.008014
0.004600 0.006168
0.004600 0.009059
0.004599 0.008540
0.004598 0.005336
0.004597 0.005173
0.004597 0.005109
0.004595 0.004644
0.004595 0.005152
0.004594 0.006698
0.004593 0.004640
0.004591 0.004693
0.004590 0.005203
0.004590 0.008627
0.004588 0.005120
0.004585 0.004967
0.004585 0.004936
0.004580 0.004934
0.004579 0.005001
0.004574 0.007517
0.004566 0.006284
0.004564 0.005808
0.004564 0.005319
0.004563 0.004725
0.004561 0.005110
0.004558 0.004844
0.004555 0.007819
0.004554 0.005397
0.004549 0.004598
0.004549 0.004876
0.004549 0.005583
0.004548 0.007212
0.004547 0.004976
0.004545 0.007938
0.004544 0.004930
0.004543 0.006026
0.004539 0.005441
0.004530 0.005773
0.004529 0.004556
0.004520 0.009534
0.004519 0.004692
0.004519 0.005290
0.004517 0.004566
0.004516 0.005915
0.004512 0.004666
0.004503 0.004839
0.004501 0.005137
0.004500 0.005097
0.004495 0.005662
0.004493 0.009009
0.004492 0.004821
0.004491 0.010088
0.004488 0.004907
0.004488 0.005301
0.004484 0.005129
0.004482 0.004546
0.004482 0.005069
0.004482 0.005210
0.004481 0.004560
0.004476 0.004662
0.004475 0.005219
0.004473 0.006776
0.004471 0.004642
0.004469 0.010110
0.004469 0.004846
0.004468 0.004755
0.004466 0.007103
0.004465 0.005054
0.004456 0.007928
0.004454 0.007686
0.004453 0.005276
0.004450 0.004613
0.004448 0.004581
0.004447 0.006626
0.004445 0.008906
0.004443 0.005726
0.004440 0.005722
0.004437 0.006002
0.004437 0.007089
0.004436 0.007310
0.004435 0.005965
0.004432 0.004773
0.004432 0.004899
0.004431 0.010071
0.004424 0.005091
0.004420 0.005624
0.004418 0.004501
0.004417 0.004681
0.004417 0.007033
0.004416 0.007239
0.004416 0.008053
0.004406 0.004696
0.004406 0.008286
0.004400 0.004999
0.004396 0.004797
0.004394 0.004749
0.004388 0.004495
0.004387 0.005486
0.004386 0.004427
0.004382 0.005425
0.004382 0.004756
0.004382 0.006600
0.004380 0.005010
0.004376 0.005877
0.004375 0.004861
0.004373 0.004819
0.004372 0.005689
0.004371 0.004706
0.004369 0.004465
0.004367 0.005025
0.004365 0.006103
0.004362 0.005036
0.004360 0.006874
0.004357 0.004551
0.004355 0.004559
0.004352 0.005875
0.004344 0.007522
0.004342 0.005763
0.004341 0.007070
0.004339 0.004758
0.004335 0.006539
0.004331 0.004357
0.004331 0.007540
0.004327 0.005019
0.004326 0.007344
0.004325 0.004342
0.004323 0.005644
0.004322 0.004907
0.004320 0.005193
0.004319 0.004348
0.004319 0.004343
0.004312 0.009002
0.004311 0.005530
0.004311 0.004347
0.004310 0.004920
0.004309 0.005514
0.004307 0.005411
0.004307 0.006358
0.004291 0.005881
0.004290 0.006392
0.004285 0.004837
0.004282 0.004555
0.004279 0.009462
0.004277 0.009279
0.004277 0.004839
0.004268 0.004986
0.004267 0.004302
0.004265 0.004453
0.004261 0.004435
0.004260 0.004798
0.004260 0.004260
0.004255 0.005486
0.004254 0.005507
0.004252 0.006119
0.004250 0.004974
0.004248 0.005101
0.004247 0.004959
0.004246 0.004627
0.004242 0.006013
0.004241 0.004905
0.004241 0.004482
0.004240 0.006112
0.004238 0.005399
0.004235 0.006559
0.004233 0.008610
0.004233 0.005355
0.004227 0.005303
0.004220 0.004284
0.004220 0.007661
0.004220 0.004336
0.004217 0.004353
0.004215 0.005577
0.004213 0.004692
0.004212 0.006454
0.004212 0.004369
0.004206 0.004255
0.004202 0.004468
0.004199 0.008383
0.004199 0.004641
0.004195 0.006837
0.004195 0.005324
0.004194 0.005070
0.004193 0.005916
0.004193 0.004354
0.004192 0.004700
0.004192 0.004587
0.004191 0.004462
0.004191 0.007736
0.004189 0.004970
0.004187 0.007202
0.004187 0.005127
0.004186 0.004252
0.004185 0.004955
0.004179 0.004968
0.004177 0.005824
0.004177 0.004489
0.004176 0.004229
0.004176 0.005852
0.004174 0.006893
0.004173 0.004779
0.004172 0.004707
0.004171 0.005247
0.004166 0.006047
0.004162 0.005667
0.004161 0.006132
0.004160 0.004673
0.004152 0.004910
0.004148 0.004391
0.004148 0.004156
0.004147 0.004764
0.004145 0.006397
0.004145 0.005321
0.004144 0.005796
0.004144 0.004160
0.004144 0.006938
0.004142 0.004465
0.004132 0.005443
0.004128 0.006034
0.004126 0.004182
0.004125 0.004290
0.004121 0.005052
0.004119 0.004447
0.004117 0.004201
0.004115 0.005811
0.004114 0.004773
0.004113 0.005260
0.004111 0.005143
0.004111 0.004170
0.004108 0.004917
0.004105 0.007302
0.004102 0.004816
0.004101 0.005134
0.004099 0.008146
0.004098 0.005172
0.004097 0.004713
0.004094 0.010723
0.004094 0.005947
0.004093 0.005775
0.004090 0.004815
0.004088 0.004202
0.004086 0.005036
0.004085 0.007402
0.004085 0.004498
0.004084 0.004352
0.004083 0.007171
0.004083 0.004277
0.004081 0.004541
0.004079 0.005029
0.004077 0.005820
0.004065 0.004585
0.004063 0.005044
0.004062 0.005321
0.004062 0.004551
0.004061 0.004600
0.004059 0.007788
0.004058 0.005624
0.004057 0.006058
0.004056 0.004276
0.004056 0.005206
0.004056 0.005055
0.004056 0.005310
0.004054 0.004144
0.004051 0.004737
0.004050 0.005210
0.004044 0.004495
0.004042 0.004963
0.004037 0.004750
0.004034 0.005199
0.004030 0.005586
0.004030 0.004327
0.004027 0.004993
0.004017 0.004056
0.004014 0.004086
0.004011 0.005093
0.004005 0.004420
0.004002 0.008469
0.004002 0.004282
0.003996 0.004417
0.003995 0.005909
0.003992 0.005455
0.003991 0.004281
0.003990 0.004336
0.003980 0.005403
0.003975 0.005195
0.003974 0.004634
0.003972 0.004348
0.003972 0.004555
0.003972 0.005721
0.003972 0.004164
0.003968 0.007024
0.003967 0.006450
0.003964 0.004219
0.003962 0.006241
0.003962 0.004137
0.003961 0.004742
0.003958 0.008090
0.003958 0.004046
0.003957 0.004357
0.003957 0.004276
0.003955 0.006220
0.003953 0.004203
0.003952 0.004348
0.003952 0.007047
0.003950 0.004009
0.003948 0.004120
0.003946 0.004909
0.003944 0.004503
0.003943 0.004519
0.003941 0.006213
0.003940 0.005456
0.003938 0.003971
0.003936 0.005972
0.003935 0.007176
0.003932 0.005974
0.003924 0.005154
0.003924 0.004629
0.003924 0.005306
0.003921 0.005337
0.003920 0.005424
0.003915 0.005784
0.003910 0.005345
0.003908 0.004048
0.003908 0.004130
0.003903 0.003990
0.003902 0.004709
0.003900 0.004433
0.003900 0.004491
0.003899 0.004063
0.003899 0.005330
0.003896 0.005096
0.003896 0.004676
0.003894 0.006183
0.003893 0.004589
0.003892 0.005712
0.003890 0.006941
0.003890 0.004142
0.003886 0.005432
0.003884 0.006542
0.003882 0.004786
0.003879 0.003891
0.003879 0.007090
0.003877 0.005151
0.003876 0.005701
0.003874 0.007927
0.003873 0.006454
0.003870 0.006845
0.003870 0.005801
0.003866 0.003917
0.003866 0.005313
0.003861 0.006560
0.003861 0.004345
0.003860 0.005238
0.003859 0.004278
0.003858 0.004295
0.003857 0.004886
0.003855 0.005285
0.003854 0.004280
0.003852 0.006446
0.003850 0.004665
0.003850 0.004255
0.003849 0.006695
0.003847 0.004106
0.003846 0.005123
0.003846 0.004531
0.003842 0.003887
0.003830 0.008086
0.003828 0.003991
0.003823 0.004160
0.003820 0.004539
0.003817 0.004710
0.003816 0.003841
0.003815 0.007354
0.003814 0.005630
0.003812 0.005295
0.003811 0.004861
0.003810 0.005091
0.003804 0.004221
0.003798 0.004335
0.003796 0.004842
0.003794 0.006300
0.003794 0.005101
0.003793 0.004064
0.003792 0.004805
0.003792 0.004191
0.003791 0.004524
0.003790 0.004110
0.003785 0.004750
0.003781 0.004119
0.003781 0.005227
0.003778 0.006636
0.003777 0.006899
0.003776 0.005447
0.003771 0.005585
0.003769 0.004001
0.003767 0.004456
0.003766 0.005832
0.003766 0.005290
0.003763 0.004819
0.003758 0.005903
0.003755 0.004986
0.003750 0.007289
0.003749 0.007617
0.003749 0.003862
0.003749 0.004064
0.003749 0.003761
0.003747 0.005891
0.003747 0.004845
0.003746 0.004260
0.003745 0.004245
0.003744 0.006010
0.003744 0.005993
0.003743 0.005026
0.003742 0.003944
0.003740 0.003952
0.003739 0.003807
0.003738 0.003792
0.003736 0.003844
0.003732 0.004262
0.003731 0.004888
0.003729 0.004932
0.003726 0.006193
0.003723 0.003896
0.003721 0.004379
0.003721 0.004205
0.003718 0.004456
0.003718 0.006697
0.003716 0.004157
0.003712 0.006707
0.003712 0.003906
0.003710 0.006086
0.003708 0.003813
0.003705 0.004595
0.003705 0.004224
0.003704 0.004743
0.003702 0.004342
0.003702 0.003717
0.003701 0.004347
0.003700 0.004192
0.003696 0.003997
0.003694 0.008104
0.003693 0.004680
0.003693 0.003781
0.003691 0.003725
0.003690 0.007894
0.003690 0.007428
0.003690 0.004184
0.003689 0.005784
0.003689 0.003958
0.003685 0.004295
0.003684 0.004784
0.003682 0.003844
0.003678 0.003870
0.003678 0.004858
0.003677 0.003872
0.003676 0.004397
0.003675 0.004298
0.003670 0.003805
0.003668 0.003878
0.003667 0.004796
0.003664 0.003775
0.003662 0.005447
0.003657 0.003768
0.003654 0.005436
0.003652 0.005675
0.003647 0.005325
0.003646 0.004891
0.003645 0.004154
0.003639 0.004984
0.003637 0.006571
0.003636 0.003975
0.003635 0.005505
0.003630 0.004189
0.003630 0.006394
0.003629 0.004417
0.003628 0.005310
0.003619 0.003652
0.003619 0.003771
0.003616 0.004332
0.003613 0.004082
0.003611 0.003699
0.003611 0.005216
0.003608 0.005227
0.003605 0.004412
0.003604 0.003671
0.003604 0.004311
0.003603 0.004634
0.003600 0.005183
0.003600 0.005374
0.003599 0.004569
0.003598 0.003994
0.003595 0.007671
0.003594 0.004116
0.003589 0.004907
0.003587 0.003632
0.003586 0.003822
0.003586 0.005395
0.003586 0.003952
0.003584 0.003884
0.003583 0.003737
0.003583 0.003680
0.003582 0.005044
0.003581 0.003974
0.003577 0.003883
0.003575 0.003839
0.003572 0.006075
0.003568 0.004487
0.003567 0.006690
0.003566 0.003759
0.003566 0.004098
0.003566 0.003948
0.003565 0.006858
0.003561 0.004870
0.003559 0.005567
0.003559 0.003853
0.003556 0.004535
0.003556 0.003703
0.003550 0.004335
0.003548 0.004852
0.003541 0.006211
0.003540 0.004411
0.003535 0.006193
0.003531 0.004295
0.003531 0.005454
0.003530 0.004051
0.003528 0.006498
0.003526 0.004640
0.003522 0.010094
0.003519 0.003770
0.003517 0.004523
0.003515 0.003604
0.003514 0.005856
0.003513 0.006660
0.003511 0.006747
0.003510 0.004302
0.003509 0.008326
0.003509 0.007209
0.003502 0.003839
0.003500 0.003793
0.003500 0.003811
0.003499 0.005910
0.003496 0.007421
0.003495 0.003888
0.003492 0.005081
0.003491 0.003526
0.003488 0.004325
0.003487 0.003571
0.003482 0.003642
0.003479 0.004847
0.003477 0.005035
0.003475 0.007612
0.003474 0.005616
0.003474 0.003954
0.003471 0.005291
0.003471 0.005289
0.003467 0.009938
0.003465 0.007251
0.003460 0.004077
0.003460 0.003649
0.003459 0.003936
0.003459 0.003569
0.003452 0.005012
0.003449 0.007636
0.003446 0.004757
0.003445 0.005432
0.003443 0.004774
0.003443 0.004215
0.003443 0.003718
0.003442 0.004352
0.003442 0.005181
0.003441 0.003875
0.003441 0.003942
0.003440 0.006583
0.003437 0.003856
0.003435 0.004291
0.003434 0.003594
0.003433 0.005745
0.003428 0.003460
0.003427 0.003473
0.003424 0.003999
0.003422 0.004176
0.003419 0.003602
0.003418 0.003774
0.003416 0.003449
0.003410 0.004786
0.003408 0.004026
0.003407 0.007346
0.003407 0.004335
0.003406 0.006429
0.003406 0.005371
0.003398 0.004886
0.003397 0.003400
0.003394 0.003493
0.003388 0.003551
0.003386 0.003631
0.003386 0.005333
0.003383 0.007063
0.003380 0.003665
0.003377 0.004289
0.003375 0.003596
0.003375 0.004171
0.003372 0.004973
0.003372 0.004763
0.003368 0.004292
0.003368 0.003758
0.003365 0.003749
0.003363 0.003772
0.003355 0.003545
0.003347 0.004229
0.003345 0.003583
0.003344 0.003391
0.003337 0.003430
0.003331 0.003998
0.003328 0.007220
0.003325 0.005180
0.003322 0.003700
0.003320 0.003655
0.003310 0.008211
0.003310 0.003530
0.003308 0.005342
0.003306 0.004665
0.003305 0.004008
0.003297 0.006081
0.003295 0.006590
0.003292 0.004074
0.003292 0.004647
0.003291 0.003350
0.003287 0.003352
0.003285 0.005247
0.003279 0.004005
0.003271 0.003685
0.003268 0.003406
0.003265 0.003291
0.003264 0.004634
0.003255 0.003279
0.003254 0.004203
0.003247 0.004336
0.003247 0.003456
0.003245 0.003510
0.003245 0.003455
0.003245 0.003586
0.003241 0.003268
0.003240 0.003445
0.003240 0.003585
0.003240 0.006170
0.003239 0.007297
0.003237 0.004308
0.003236 0.004406
0.003235 0.003248
0.003234 0.003924
0.003227 0.003629
0.003227 0.003740
0.003224 0.003258
0.003223 0.003872
0.003209 0.006318
0.003205 0.003206
0.003205 0.003399
0.003203 0.007629
0.003193 0.003583
0.003184 0.006172
0.003183 0.003222
0.003180 0.003444
0.003175 0.003887
0.003175 0.006290
0.003173 0.004942
0.003171 0.003862
0.003158 0.003178
0.003157 0.003461
0.003156 0.003974
0.003145 0.003600
0.003142 0.003731
0.003138 0.003463
0.003138 0.003354
0.003136 0.004441
0.003131 0.003519
0.003129 0.003798
0.003128 0.005398
0.003125 0.003171
0.003125 0.003649
0.003122 0.003193
0.003121 0.003137
0.003113 0.003994
0.003113 0.003488
0.003108 0.003183
0.003108 0.003582
0.003105 0.003312
0.003102 0.003547
0.003099 0.003256
0.003096 0.007407
0.003095 0.003286
0.003091 0.008087
0.003091 0.003278
0.003091 0.003110
0.003071 0.004760
0.003065 0.003278
0.003055 0.003145
0.003051 0.004220
0.003044 0.006190
0.003039 0.003241
0.003033 0.003207
0.003033 0.003181
0.003031 0.003361
0.003030 0.004190
0.003030 0.003737
0.003023 0.003083
0.003022 0.004092
0.003019 0.003294
0.003014 0.003017
0.003012 0.003251
0.003011 0.003413
0.003009 0.003464
0.003008 0.003291
0.003007 0.003526
0.003004 0.003251
0.002988 0.003260
0.002987 0.003032
0.002986 0.003695
0.002986 0.005418
0.002979 0.003266
0.002976 0.004081
0.002975 0.003317
0.002974 0.003211
0.002973 0.003106
0.002967 0.002981
0.002964 0.003423
0.002964 0.003536
0.002944 0.003143
0.002936 0.003762
0.002928 0.003002
0.002928 0.004895
0.002914 0.004037
0.002906 0.003295
0.002905 0.004070
0.002894 0.002993
0.002884 0.002891
0.002876 0.003564
0.002876 0.003052
0.002873 0.004928
0.002872 0.002928
0.002860 0.003051
0.002850 0.004464
0.002848 0.003009
0.002840 0.003606
0.002834 0.002942
0.002828 0.003002
0.002818 0.002881
0.002801 0.003357
0.002798 0.002924
0.002798 0.003574
0.002790 0.003441
0.002768 0.002785
0.002762 0.003182
0.002761 0.003531
0.002759 0.002787
0.002757 0.002803
0.002757 0.002956
0.002756 0.002879
0.002754 0.002821
0.002751 0.003131
0.002735 0.003737
0.002734 0.004316
0.002732 0.003340
0.002730 0.004463
0.002730 0.003706
0.002727 0.003309
0.002721 0.003282
0.002718 0.003725
0.002717 0.002928
0.002715 0.002770
0.002711 0.002866
0.002704 0.005147
0.002704 0.003683
0.002701 0.003271
0.002698 0.002856
0.002696 0.002775
0.002694 0.003078
0.002665 0.002904
0.002663 0.003037
0.002651 0.003195
0.002651 0.002667
0.002651 0.002886
0.002643 0.003300
0.002640 0.003401
0.002631 0.002839
0.002629 0.003006
0.002627 0.003197
0.002625 0.003104
0.002622 0.002751
0.002612 0.002640
0.002602 0.002974
0.002599 0.003413
0.002591 0.005238
0.002587 0.002602
0.002579 0.003013
0.002556 0.002679
0.002555 0.003776
0.002553 0.002838
0.002553 0.002831
0.002550 0.002952
0.002540 0.002660
0.002532 0.002573
0.002530 0.003840
0.002517 0.003433
0.002512 0.002921
0.002497 0.002611
0.002497 0.002793
0.002488 0.003037
0.002487 0.002633
0.002476 0.002546
0.002470 0.002491
0.002459 0.002704
0.002448 0.002704
0.002443 0.002922
0.002418 0.003408
0.002416 0.003156
0.002414 0.002458
0.002413 0.003429
0.002408 0.003015
0.002404 0.002576
0.002402 0.003015
0.002389 0.002449
0.002385 0.003544
0.002375 0.003328
0.002356 0.002376
0.002351 0.003453
0.002331 0.003170
0.002325 0.002791
0.002321 0.002430
0.002317 0.002591
0.002307 0.002568
0.002303 0.002340
0.002301 0.002356
0.002284 0.003032
0.002280 0.003025
0.002257 0.002983
0.002229 0.002236
0.002228 0.002835
0.002220 0.002401
0.002214 0.002299
0.002209 0.002322
0.002180 0.002317
0.002117 0.002242
0.002112 0.002466
0.002088 0.002367
0.002081 0.002111
0.002026 0.002168
0.001993 0.002021
0.001951 0.002833
0.001926 0.001973
0.001911 0.001927
0.001793 0.001895
0.001784 0.001846
0.001733 0.001761
0.001603 0.001834
