0.116316 0.138144
0.079284 0.097885
0.078864 0.081434
0.071250 0.080528
0.068812 0.077884
0.067725 0.072579
0.067489 0.068978
0.065752 0.096666
0.062117 0.068799
0.059953 0.071810
0.059285 0.072363
0.059060 0.074495
0.058616 0.070393
0.055488 0.057953
0.055432 0.058436
0.055392 0.055623
0.055068 0.063523
0.054821 0.059678
0.054217 0.055588
0.054195 0.066285
0.052701 0.053163
0.052109 0.053369
0.052038 0.091131
0.051376 0.066121
0.051049 0.065461
0.051041 0.072310
0.050974 0.053206
0.049582 0.052809
0.049565 0.055702
0.049369 0.088442
0.048972 0.066126
0.048441 0.054730
0.048269 0.061353
0.047797 0.065385
0.047594 0.068522
0.047447 0.062414
0.047187 0.053115
0.046829 0.046847
0.046743 0.057320
0.046520 0.081936
0.046090 0.050868
0.045917 0.047572
0.045878 0.052221
0.045692 0.048918
0.045586 0.050984
0.045164 0.049338
0.045111 0.061348
0.044997 0.050379
0.044790 0.055455
0.043845 0.047538
0.043797 0.045530
0.042355 0.042428
0.042066 0.048452
0.041696 0.049296
0.041665 0.079411
0.041280 0.060752
0.041240 0.054988
0.041127 0.046208
0.041114 0.057107
0.040313 0.041941
0.039752 0.049252
0.038830 0.040702
0.038741 0.055324
0.038669 0.055866
0.038034 0.039484
0.037843 0.039431
0.037331 0.037931
0.036616 0.038944
0.036418 0.037461
0.036190 0.059585
0.036186 0.039888
0.036018 0.038942
0.035920 0.039736
0.035757 0.040277
0.035395 0.057291
0.035096 0.038294
0.035000 0.050112
0.034991 0.064234
0.034862 0.037549
0.034319 0.035374
0.034108 0.034825
0.034108 0.038446
0.033942 0.038799
0.033826 0.044181
0.033815 0.042067
0.033674 0.041028
0.033669 0.041504
0.033530 0.036691
0.033503 0.044217
0.033428 0.045731
0.033373 0.040216
0.033328 0.045075
0.033267 0.040495
0.033076 0.034829
0.032773 0.043975
0.032229 0.060136
0.032133 0.035523
0.031495 0.037658
0.031261 0.031728
0.031240 0.039136
0.031224 0.034472
0.031139 0.037911
0.031051 0.047306
0.030984 0.062320
0.030641 0.059414
0.030558 0.041335
0.030485 0.030536
0.030447 0.045345
0.030398 0.031017
0.029879 0.034422
0.029321 0.036994
0.029286 0.038231
0.029274 0.030013
0.029256 0.040573
0.029139 0.032604
0.029123 0.030265
0.029066 0.030173
0.029013 0.030423
0.028948 0.034068
0.028902 0.032389
0.028565 0.034270
0.028320 0.031336
0.027968 0.051339
0.027394 0.028498
0.027358 0.039189
0.027232 0.030387
0.027221 0.035043
0.027100 0.027111
0.027083 0.038061
0.026932 0.028820
0.026914 0.026967
0.026849 0.032433
0.026840 0.029283
0.026752 0.053986
0.026684 0.028386
0.026642 0.029048
0.025914 0.032571
0.025859 0.027096
0.025851 0.029549
0.025685 0.027549
0.025571 0.034409
0.025555 0.030614
0.025491 0.028056
0.025477 0.025545
0.025397 0.026352
0.024961 0.026476
0.024925 0.025244
0.024864 0.025510
0.024766 0.026937
0.024643 0.026814
0.024599 0.029831
0.024432 0.026233
0.024324 0.024951
0.024293 0.046424
0.023580 0.032026
0.023453 0.023883
0.023381 0.023577
0.023340 0.029021
0.023313 0.034524
0.023309 0.023688
0.023038 0.028295
0.023016 0.025097
0.022976 0.024448
0.022771 0.024166
0.022619 0.035093
0.022578 0.023650
0.022560 0.026176
0.022450 0.033535
0.022415 0.024361
0.022399 0.026304
0.022342 0.023631
0.022307 0.024514
0.022174 0.023261
0.022158 0.026625
0.022130 0.022831
0.021784 0.024208
0.021657 0.034980
0.021469 0.022002
0.021416 0.028840
0.021221 0.022057
0.021136 0.022017
0.021091 0.021919
0.020929 0.022330
0.020927 0.020965
0.020856 0.022486
0.020787 0.025673
0.020753 0.028535
0.020715 0.022769
0.020694 0.024953
0.020660 0.022992
0.020657 0.030354
0.020551 0.023085
0.020550 0.023966
0.020548 0.030120
0.020500 0.027923
0.020386 0.021783
0.020282 0.020886
0.020265 0.025274
0.020230 0.024983
0.020217 0.023567
0.020203 0.020755
0.020145 0.021718
0.020104 0.020138
0.020060 0.027299
0.020038 0.020342
0.020022 0.022656
0.020014 0.034358
0.019965 0.031028
0.019914 0.020173
0.019914 0.023350
0.019881 0.025394
0.019877 0.041074
0.019869 0.020290
0.019836 0.023120
0.019773 0.020603
0.019704 0.020068
0.019647 0.020104
0.019569 0.020791
0.019536 0.027318
0.019378 0.020702
0.019355 0.035905
0.019293 0.021948
0.019256 0.028746
0.019239 0.024875
0.019132 0.019402
0.019090 0.022398
0.019064 0.027764
0.018994 0.026875
0.018976 0.034436
0.018954 0.021979
0.018937 0.023926
0.018928 0.019210
0.018876 0.020304
0.018828 0.019175
0.018649 0.037489
0.018570 0.025099
0.018568 0.030083
0.018527 0.020947
0.018517 0.019548
0.018414 0.022463
0.018407 0.018424
0.018366 0.020599
0.018365 0.031760
0.018322 0.034139
0.018306 0.035251
0.018178 0.018290
0.018169 0.018452
0.018140 0.020034
0.018128 0.025170
0.018053 0.020433
0.018039 0.019299
0.018039 0.035088
0.017876 0.018479
0.017862 0.026915
0.017861 0.019443
0.017857 0.021616
0.017747 0.031842
0.017745 0.017920
0.017723 0.018384
0.017689 0.024071
0.017587 0.020442
0.017564 0.021579
0.017526 0.018116
0.017401 0.028128
0.017364 0.018263
0.017357 0.017372
0.017344 0.020517
0.017312 0.017698
0.017223 0.017952
0.017223 0.018331
0.017153 0.020212
0.017112 0.019867
0.017072 0.020740
0.016995 0.021751
0.016968 0.017793
0.016905 0.017264
0.016855 0.017373
0.016775 0.023443
0.016759 0.021166
0.016748 0.022768
0.016708 0.018529
0.016649 0.021857
0.016613 0.016994
0.016535 0.019687
0.016519 0.019058
0.016502 0.017816
0.016490 0.016660
0.016482 0.016786
0.016458 0.023343
0.016427 0.018971
0.016419 0.024008
0.016254 0.028211
0.016242 0.024984
0.016241 0.027876
0.016235 0.016932
0.016232 0.017026
0.016182 0.027088
0.016176 0.024671
0.016154 0.023618
0.016113 0.024116
0.016085 0.016446
0.016051 0.016074
0.016001 0.016090
0.015943 0.022102
0.015937 0.018502
0.015931 0.023420
0.015913 0.028318
0.015905 0.020518
0.015901 0.018650
0.015852 0.019563
0.015816 0.016291
0.015720 0.026852
0.015703 0.024994
0.015666 0.028401
0.015642 0.016900
0.015630 0.021639
0.015619 0.015705
0.015500 0.016135
0.015483 0.027442
0.015479 0.015782
0.015478 0.023021
0.015443 0.019007
0.015398 0.018453
0.015350 0.018033
0.015332 0.020774
0.015320 0.024491
0.015310 0.018643
0.015285 0.016131
0.015245 0.017367
0.015221 0.021576
0.015205 0.017689
0.015190 0.018313
0.015189 0.016684
0.015144 0.015956
0.015119 0.017902
0.015077 0.024864
0.015054 0.017176
0.015036 0.023309
0.014953 0.019025
0.014941 0.020002
0.014922 0.025409
0.014920 0.015553
0.014911 0.017662
0.014855 0.022057
0.014808 0.018600
0.014797 0.015650
0.014770 0.022811
0.014769 0.015328
0.014764 0.017664
0.014713 0.015015
0.014711 0.016915
0.014702 0.022203
0.014686 0.016050
0.014668 0.016473
0.014655 0.017093
0.014628 0.021176
0.014617 0.015209
0.014580 0.018380
0.014538 0.016306
0.014528 0.014791
0.014472 0.016200
0.014465 0.015183
0.014444 0.014557
0.014420 0.017486
0.014413 0.014475
0.014344 0.014389
0.014299 0.015450
0.014294 0.015152
0.014226 0.024743
0.014203 0.020979
0.014179 0.014541
0.014143 0.014151
0.014137 0.018318
0.014094 0.014986
0.014083 0.016194
0.014050 0.014687
0.014012 0.014253
0.013987 0.014702
0.013987 0.016616
0.013954 0.017668
0.013923 0.016136
0.013901 0.015421
0.013852 0.018255
0.013848 0.014279
0.013774 0.016530
0.013773 0.015745
0.013760 0.015564
0.013754 0.013915
0.013736 0.020840
0.013720 0.016333
0.013716 0.015906
0.013688 0.015389
0.013656 0.016160
0.013643 0.019204
0.013642 0.015410
0.013619 0.013742
0.013611 0.015942
0.013605 0.015537
0.013554 0.013832
0.013547 0.024075
0.013531 0.015138
0.013506 0.019716
0.013497 0.013925
0.013492 0.014072
0.013475 0.018796
0.013435 0.013983
0.013358 0.014106
0.013347 0.022433
0.013344 0.015742
0.013341 0.022666
0.013340 0.013561
0.013333 0.015299
0.013282 0.013764
0.013277 0.013853
0.013221 0.013627
0.013204 0.013232
0.013169 0.013916
0.013156 0.016102
0.013117 0.014677
0.013108 0.015747
0.013103 0.013255
0.013070 0.017700
0.013069 0.014725
0.013041 0.013064
0.013024 0.014381
0.013015 0.016751
0.013012 0.013040
0.012970 0.013394
0.012959 0.014663
0.012935 0.013577
0.012934 0.016455
0.012891 0.014537
0.012849 0.013188
0.012838 0.013887
0.012833 0.014132
0.012805 0.013208
0.012796 0.012953
0.012786 0.013123
0.012780 0.019590
0.012767 0.014633
0.012754 0.012866
0.012753 0.013842
0.012752 0.015019
0.012752 0.014238
0.012751 0.021853
0.012739 0.017938
0.012722 0.015726
0.012683 0.016773
0.012674 0.013792
0.012669 0.015359
0.012641 0.020223
0.012623 0.016225
0.012614 0.017561
0.012592 0.020723
0.012589 0.015041
0.012574 0.013409
0.012570 0.015250
0.012525 0.012740
0.012524 0.020980
0.012507 0.013053
0.012495 0.017417
0.012493 0.022162
0.012476 0.013548
0.012463 0.014451
0.012459 0.014046
0.012458 0.013824
0.012446 0.014919
0.012444 0.014102
0.012435 0.013492
0.012433 0.020241
0.012429 0.015454
0.012400 0.013789
0.012385 0.012405
0.012384 0.012583
0.012380 0.014248
0.012379 0.012782
0.012359 0.013074
0.012353 0.014301
0.012345 0.018350
0.012335 0.012802
0.012333 0.019421
0.012322 0.015802
0.012313 0.016178
0.012294 0.012790
0.012294 0.013354
0.012277 0.012283
0.012258 0.012278
0.012252 0.015214
0.012241 0.012540
0.012212 0.014835
0.012198 0.013126
0.012191 0.013297
0.012142 0.012764
0.012142 0.012717
0.012130 0.012495
0.012109 0.014544
0.012107 0.012637
0.012097 0.012487
0.012063 0.015420
0.011998 0.018099
0.011997 0.019215
0.011990 0.016708
0.011969 0.013315
0.011951 0.012174
0.011949 0.015491
0.011938 0.013829
0.011920 0.014029
0.011899 0.014340
0.011894 0.014250
0.011889 0.012347
0.011864 0.014413
0.011842 0.014048
0.011836 0.012829
0.011833 0.018972
0.011823 0.019893
0.011819 0.014106
0.011816 0.015839
0.011814 0.016402
0.011795 0.013211
0.011786 0.013381
0.011777 0.016915
0.011775 0.012739
0.011774 0.012181
0.011760 0.015106
0.011686 0.016581
0.011685 0.016984
0.011682 0.016981
0.011679 0.014292
0.011676 0.014039
0.011665 0.021922
0.011662 0.017985
0.011596 0.011685
0.011594 0.016793
0.011576 0.017040
0.011573 0.012515
0.011528 0.011638
0.011525 0.014113
0.011525 0.015576
0.011477 0.012904
0.011461 0.017526
0.011452 0.011941
0.011426 0.015230
0.011418 0.012027
0.011410 0.015489
0.011407 0.011434
0.011404 0.013086
0.011401 0.012393
0.011378 0.018447
0.011366 0.016854
0.011343 0.011399
0.011342 0.011584
0.011302 0.015994
0.011277 0.013547
0.011275 0.015054
0.011274 0.011675
0.011267 0.019080
0.011262 0.011812
0.011255 0.012649
0.011237 0.011698
0.011232 0.012049
0.011225 0.015966
0.011204 0.014693
0.011171 0.011186
0.011146 0.015447
0.011135 0.011508
0.011111 0.013194
0.011043 0.013169
0.011041 0.012656
0.011039 0.015031
0.011020 0.014496
0.011007 0.015710
0.011006 0.015147
0.011005 0.016975
0.010985 0.011770
0.010982 0.011675
0.010967 0.012691
0.010954 0.017198
0.010947 0.012356
0.010943 0.012960
0.010940 0.012057
0.010935 0.011066
0.010927 0.014809
0.010916 0.012542
0.010908 0.013244
0.010902 0.014764
0.010892 0.011919
0.010881 0.016824
0.010876 0.012636
0.010839 0.011256
0.010829 0.011614
0.010823 0.011441
0.010819 0.012871
0.010812 0.012011
0.010773 0.012534
0.010766 0.013919
0.010758 0.013309
0.010756 0.011113
0.010746 0.011525
0.010742 0.011988
0.010740 0.011516
0.010704 0.012352
0.010701 0.011150
0.010698 0.012119
0.010695 0.014949
0.010680 0.011544
0.010676 0.012544
0.010649 0.016364
0.010645 0.010857
0.010642 0.021969
0.010638 0.010848
0.010634 0.011464
0.010629 0.013284
0.010624 0.011026
0.010618 0.012036
0.010610 0.010779
0.010604 0.011374
0.010602 0.011238
0.010595 0.019807
0.010565 0.010944
0.010546 0.012786
0.010545 0.022972
0.010525 0.014381
0.010521 0.011258
0.010506 0.010878
0.010491 0.013213
0.010489 0.010942
0.010478 0.014618
0.010478 0.017581
0.010477 0.015205
0.010473 0.011003
0.010466 0.011665
0.010463 0.010968
0.010456 0.016650
0.010453 0.011667
0.010436 0.015409
0.010420 0.013912
0.010416 0.013568
0.010411 0.010794
0.010409 0.020324
0.010407 0.010495
0.010405 0.012944
0.010401 0.011205
0.010397 0.015630
0.010395 0.010597
0.010388 0.012495
0.010379 0.018119
0.010372 0.016964
0.010368 0.010924
0.010353 0.011625
0.010344 0.015279
0.010318 0.010578
0.010316 0.010498
0.010305 0.010979
0.010294 0.013949
0.010290 0.010547
0.010264 0.019119
0.010239 0.020487
0.010239 0.012811
0.010232 0.010241
0.010230 0.010235
0.010221 0.019594
0.010203 0.013040
0.010201 0.011932
0.010194 0.013671
0.010188 0.013927
0.010175 0.010485
0.010161 0.019570
0.010160 0.010651
0.010149 0.011003
0.010142 0.010504
0.010130 0.013832
0.010118 0.010767
0.010083 0.013344
0.010080 0.010368
0.010070 0.013485
0.010043 0.010801
0.010043 0.010061
0.010038 0.010316
0.010016 0.012214
0.010014 0.012105
0.009994 0.011713
0.009989 0.012869
0.009982 0.010942
0.009966 0.013209
0.009964 0.015912
0.009959 0.010300
0.009956 0.010448
0.009951 0.010276
0.009951 0.010069
0.009949 0.010306
0.009948 0.010460
0.009886 0.009986
0.009868 0.015229
0.009866 0.012256
0.009864 0.009869
0.009862 0.017196
0.009847 0.014051
0.009841 0.016379
0.009832 0.011060
0.009829 0.012997
0.009814 0.011985
0.009806 0.010080
0.009780 0.011867
0.009772 0.009962
0.009764 0.011631
0.009760 0.009843
0.009759 0.011195
0.009756 0.013099
0.009750 0.010713
0.009750 0.017799
0.009749 0.015339
0.009736 0.009912
0.009733 0.010965
0.009708 0.012125
0.009705 0.010665
0.009701 0.012559
0.009692 0.012280
0.009647 0.014129
0.009640 0.010053
0.009625 0.011625
0.009625 0.010418
0.009589 0.011504
0.009585 0.012155
0.009570 0.009903
0.009568 0.012230
0.009564 0.015343
0.009563 0.012284
0.009554 0.011886
0.009546 0.010454
0.009545 0.013698
0.009541 0.010932
0.009538 0.012599
0.009530 0.010790
0.009523 0.014218
0.009523 0.009835
0.009512 0.010742
0.009512 0.010202
0.009490 0.011366
0.009471 0.018477
0.009463 0.009719
0.009442 0.016367
0.009425 0.012557
0.009414 0.010914
0.009409 0.014792
0.009408 0.009485
0.009407 0.016741
0.009400 0.012628
0.009388 0.010772
0.009380 0.011215
0.009379 0.018837
0.009377 0.010686
0.009365 0.012637
0.009355 0.010078
0.009347 0.009578
0.009342 0.009433
0.009332 0.009740
0.009324 0.011252
0.009324 0.010052
0.009323 0.010054
0.009321 0.010611
0.009319 0.009642
0.009314 0.010979
0.009313 0.010983
0.009304 0.016531
0.009294 0.009309
0.009287 0.011091
0.009284 0.012160
0.009277 0.012746
0.009276 0.010896
0.009271 0.013118
0.009270 0.013163
0.009263 0.011324
0.009262 0.013486
0.009257 0.009986
0.009257 0.014001
0.009242 0.010075
0.009236 0.010440
0.009236 0.016440
0.009233 0.009591
0.009229 0.009341
0.009216 0.009746
0.009215 0.011749
0.009204 0.012770
0.009190 0.009521
0.009156 0.013572
0.009149 0.017346
0.009149 0.010033
0.009137 0.012020
0.009133 0.010838
0.009118 0.017892
0.009111 0.009141
0.009096 0.009728
0.009095 0.009180
0.009079 0.009576
0.009079 0.012245
0.009059 0.009835
0.009057 0.009806
0.009038 0.009991
0.009029 0.010074
0.009029 0.011536
0.009014 0.010741
0.009013 0.019696
0.009009 0.011841
0.009002 0.010532
0.008999 0.011173
0.008993 0.009820
0.008982 0.011516
0.008968 0.008979
0.008962 0.011129
0.008955 0.018288
0.008945 0.015727
0.008932 0.009169
0.008929 0.011040
0.008928 0.016338
0.008926 0.010382
0.008926 0.010813
0.008926 0.016450
0.008922 0.010247
0.008902 0.010317
0.008891 0.011197
0.008879 0.010931
0.008879 0.009519
0.008873 0.009684
0.008868 0.009778
0.008868 0.015208
0.008866 0.008922
0.008847 0.008922
0.008835 0.009487
0.008824 0.012805
0.008822 0.015675
0.008805 0.008968
0.008803 0.010149
0.008802 0.009000
0.008792 0.009761
0.008788 0.009118
0.008786 0.016114
0.008784 0.010531
0.008778 0.008877
0.008766 0.012482
0.008765 0.011543
0.008764 0.009322
0.008762 0.008810
0.008755 0.010201
0.008755 0.009100
0.008752 0.008799
0.008744 0.008787
0.008737 0.012023
0.008734 0.012845
0.008732 0.009117
0.008727 0.009733
0.008725 0.009739
0.008718 0.010029
0.008718 0.009360
0.008706 0.009595
0.008699 0.009237
0.008693 0.008754
0.008681 0.009043
0.008677 0.009159
0.008675 0.009657
0.008673 0.010918
0.008656 0.009461
0.008656 0.014164
0.008654 0.021046
0.008653 0.008755
0.008648 0.008984
0.008635 0.011926
0.008627 0.008865
0.008627 0.009771
0.008607 0.009505
0.008607 0.008623
0.008597 0.008900
0.008596 0.012012
0.008587 0.012679
0.008571 0.008900
0.008565 0.008940
0.008565 0.010002
0.008561 0.015659
0.008559 0.008797
0.008555 0.010797
0.008551 0.008934
0.008547 0.011150
0.008538 0.009886
0.008534 0.014900
0.008526 0.009278
0.008516 0.010081
0.008509 0.008733
0.008509 0.010143
0.008507 0.014222
0.008494 0.011494
0.008484 0.008925
0.008483 0.009689
0.008475 0.009500
0.008461 0.010526
0.008461 0.008534
0.008442 0.008475
0.008421 0.010716
0.008418 0.008684
0.008412 0.008913
0.008412 0.010150
0.008408 0.009497
0.008406 0.009131
0.008404 0.009046
0.008401 0.008811
0.008399 0.014963
0.008398 0.008872
0.008393 0.009175
0.008389 0.013222
0.008383 0.008836
0.008374 0.008523
0.008370 0.008737
0.008370 0.010431
0.008354 0.008855
0.008348 0.008948
0.008341 0.009870
0.008336 0.012366
0.008331 0.009369
0.008313 0.009982
0.008310 0.008512
0.008309 0.010616
0.008304 0.009176
0.008292 0.009216
0.008291 0.009638
0.008282 0.010236
0.008276 0.010254
0.008270 0.009039
0.008265 0.017181
0.008264 0.008356
0.008261 0.010079
0.008261 0.009017
0.008256 0.014209
0.008255 0.014984
0.008255 0.011773
0.008254 0.008741
0.008249 0.008277
0.008247 0.010409
0.008221 0.010332
0.008220 0.008237
0.008213 0.009006
0.008210 0.009211
0.008207 0.010817
0.008197 0.008842
0.008193 0.010075
0.008188 0.012013
0.008184 0.013254
0.008180 0.010555
0.008174 0.011476
0.008164 0.013922
0.008156 0.010913
0.008155 0.009674
0.008154 0.009554
0.008152 0.010799
0.008152 0.013122
0.008145 0.015868
0.008144 0.010250
0.008140 0.017800
0.008137 0.008398
0.008131 0.009095
0.008129 0.008472
0.008128 0.012929
0.008118 0.012610
0.008118 0.009047
0.008113 0.008181
0.008113 0.014228
0.008110 0.009229
0.008105 0.008462
0.008105 0.009881
0.008104 0.008399
0.008097 0.008711
0.008090 0.010972
0.008077 0.008588
0.008069 0.011246
0.008065 0.010360
0.008061 0.009200
0.008060 0.013389
0.008057 0.008967
0.008049 0.008646
0.008047 0.012734
0.008044 0.009352
0.008042 0.008483
0.008038 0.010742
0.008036 0.009506
0.008028 0.008052
0.008027 0.010546
0.008024 0.008509
0.008024 0.013012
0.008021 0.008914
0.008017 0.011801
0.008017 0.010739
0.008016 0.012308
0.008014 0.009435
0.008007 0.008112
0.007996 0.009464
0.007991 0.008790
0.007987 0.008845
0.007983 0.008304
0.007975 0.008986
0.007971 0.010077
0.007970 0.009979
0.007970 0.010747
0.007956 0.009383
0.007954 0.014452
0.007937 0.008900
0.007935 0.008092
0.007934 0.009919
0.007931 0.011137
0.007921 0.008221
0.007919 0.009051
0.007916 0.011690
0.007915 0.010424
0.007914 0.011166
0.007914 0.010113
0.007912 0.008492
0.007909 0.008711
0.007905 0.008143
0.007892 0.011048
0.007892 0.008118
0.007891 0.009929
0.007882 0.011206
0.007875 0.009199
0.007874 0.008364
0.007861 0.009329
0.007853 0.009234
0.007836 0.013077
0.007835 0.008224
0.007835 0.011018
0.007833 0.007887
0.007825 0.010450
0.007822 0.012269
0.007822 0.008697
0.007817 0.009273
0.007815 0.008128
0.007807 0.010203
0.007801 0.010441
0.007792 0.013361
0.007788 0.011934
0.007775 0.007911
0.007764 0.007893
0.007760 0.009291
0.007751 0.009131
0.007751 0.008165
0.007746 0.007795
0.007746 0.010748
0.007744 0.013757
0.007741 0.007868
0.007741 0.009388
0.007739 0.008923
0.007732 0.009067
0.007728 0.008940
0.007720 0.008871
0.007711 0.010233
0.007711 0.009022
0.007700 0.011779
0.007698 0.008246
0.007694 0.008335
0.007689 0.009084
0.007685 0.007975
0.007682 0.011863
0.007677 0.009825
0.007672 0.008763
0.007669 0.013458
0.007668 0.008400
0.007659 0.009360
0.007656 0.009550
0.007643 0.010319
0.007641 0.010378
0.007625 0.009081
0.007624 0.009514
0.007623 0.008657
0.007620 0.011233
0.007618 0.013021
0.007605 0.007952
0.007604 0.008942
0.007603 0.011258
0.007600 0.007669
0.007597 0.008714
0.007590 0.007638
0.007582 0.008674
0.007579 0.013852
0.007578 0.007743
0.007574 0.008606
0.007570 0.008007
0.007570 0.008092
0.007569 0.007962
0.007562 0.007637
0.007558 0.016716
0.007556 0.007634
0.007555 0.008528
0.007550 0.008037
0.007549 0.012120
0.007549 0.009069
0.007532 0.007665
0.007531 0.010874
0.007524 0.008658
0.007524 0.007997
0.007523 0.008562
0.007519 0.008069
0.007517 0.007550
0.007516 0.008629
0.007516 0.008495
0.007515 0.012248
0.007509 0.009863
0.007507 0.008757
0.007505 0.012745
0.007503 0.007710
0.007500 0.008851
0.007499 0.011171
0.007482 0.008532
0.007477 0.012809
0.007473 0.008211
0.007472 0.007770
0.007466 0.008044
0.007461 0.007746
0.007451 0.008505
0.007448 0.007993
0.007438 0.014757
0.007437 0.015636
0.007421 0.010658
0.007420 0.009011
0.007418 0.008107
0.007404 0.007957
0.007404 0.009697
0.007392 0.008788
0.007391 0.008002
0.007391 0.013396
0.007390 0.008222
0.007389 0.007414
0.007387 0.008501
0.007386 0.007732
0.007383 0.009310
0.007376 0.007480
0.007375 0.007562
0.007371 0.008950
0.007368 0.008359
0.007367 0.008550
0.007360 0.007933
0.007358 0.008227
0.007358 0.010962
0.007350 0.011038
0.007346 0.007516
0.007339 0.007471
0.007338 0.010741
0.007333 0.008566
0.007320 0.011560
0.007318 0.011161
0.007317 0.009908
0.007316 0.009501
0.007315 0.008308
0.007315 0.007376
0.007314 0.010039
0.007313 0.009140
0.007311 0.007693
0.007311 0.012518
0.007310 0.007329
0.007310 0.007478
0.007300 0.007588
0.007299 0.008377
0.007299 0.010031
0.007283 0.010269
0.007280 0.007686
0.007280 0.007580
0.007276 0.008680
0.007274 0.007768
0.007273 0.009296
0.007266 0.009407
0.007255 0.010014
0.007254 0.012223
0.007253 0.008085
0.007251 0.010896
0.007250 0.012917
0.007250 0.009200
0.007250 0.008786
0.007250 0.015268
0.007242 0.007557
0.007238 0.008004
0.007236 0.012163
0.007233 0.007711
0.007227 0.007804
0.007224 0.009371
0.007221 0.010144
0.007219 0.008995
0.007219 0.011672
0.007214 0.007286
0.007213 0.009087
0.007206 0.010646
0.007205 0.007874
0.007200 0.007386
0.007197 0.008346
0.007193 0.014276
0.007192 0.008780
0.007191 0.010292
0.007179 0.007767
0.007177 0.010868
0.007176 0.007481
0.007173 0.008617
0.007167 0.010325
0.007167 0.007458
0.007158 0.007645
0.007155 0.012136
0.007152 0.008117
0.007149 0.008069
0.007144 0.008726
0.007141 0.007792
0.007135 0.009102
0.007127 0.013024
0.007125 0.007156
0.007118 0.007662
0.007115 0.007125
0.007109 0.008252
0.007108 0.007918
0.007106 0.007794
0.007105 0.009554
0.007105 0.008065
0.007098 0.007305
0.007092 0.007267
0.007091 0.008566
0.007088 0.007774
0.007088 0.007722
0.007087 0.007257
0.007087 0.011493
0.007075 0.007252
0.007071 0.014205
0.007061 0.007736
0.007052 0.007077
0.007049 0.009183
0.007049 0.008095
0.007049 0.007306
0.007041 0.008007
0.007029 0.008429
0.007023 0.007844
0.007019 0.008607
0.007005 0.008190
0.007002 0.007927
0.006996 0.007492
0.006996 0.008922
0.006985 0.015702
0.006967 0.010347
0.006956 0.014885
0.006947 0.007389
0.006946 0.009644
0.006940 0.007048
0.006937 0.007799
0.006934 0.014425
0.006925 0.007514
0.006918 0.006960
0.006917 0.007354
0.006911 0.009501
0.006908 0.007448
0.006902 0.008090
0.006901 0.009871
0.006900 0.007078
0.006898 0.011670
0.006898 0.014124
0.006897 0.010718
0.006896 0.008421
0.006896 0.007621
0.006894 0.008344
0.006891 0.007347
0.006890 0.007656
0.006889 0.008800
0.006888 0.007269
0.006883 0.007420
0.006879 0.007115
0.006876 0.007625
0.006875 0.009657
0.006873 0.008553
0.006870 0.006950
0.006863 0.007022
0.006863 0.007589
0.006857 0.006859
0.006853 0.007463
0.006853 0.007236
0.006848 0.008924
0.006843 0.007742
0.006838 0.010056
0.006838 0.006965
0.006837 0.006892
0.006827 0.007003
0.006820 0.012645
0.006815 0.009039
0.006814 0.012518
0.006814 0.006975
0.006811 0.007006
0.006807 0.008556
0.006799 0.008019
0.006797 0.008127
0.006796 0.008528
0.006796 0.007389
0.006795 0.006801
0.006793 0.007771
0.006792 0.007493
0.006791 0.008362
0.006789 0.015807
0.006777 0.008904
0.006775 0.007521
0.006773 0.006856
0.006772 0.008343
0.006770 0.006825
0.006758 0.011314
0.006758 0.010618
0.006745 0.007939
0.006745 0.006857
0.006734 0.006746
0.006728 0.012741
0.006726 0.008528
0.006723 0.009082
0.006722 0.006787
0.006717 0.011170
0.006715 0.006897
0.006715 0.015831
0.006713 0.006976
0.006706 0.009039
0.006704 0.007954
0.006703 0.008815
0.006690 0.007912
0.006686 0.011778
0.006685 0.009496
0.006677 0.007335
0.006675 0.010758
0.006674 0.007102
0.006670 0.008745
0.006670 0.008000
0.006658 0.009892
0.006649 0.009219
0.006647 0.006868
0.006641 0.006653
0.006631 0.007577
0.006622 0.008917
0.006620 0.008006
0.006611 0.007024
0.006610 0.006635
0.006608 0.007653
0.006606 0.008234
0.006603 0.009410
0.006600 0.008616
0.006595 0.006809
0.006594 0.007043
0.006586 0.007124
0.006585 0.006753
0.006581 0.007160
0.006574 0.006920
0.006573 0.006925
0.006573 0.010022
0.006563 0.006926
0.006557 0.007015
0.006551 0.009737
0.006549 0.006810
0.006540 0.007045
0.006536 0.008975
0.006535 0.006539
0.006529 0.007213
0.006518 0.008362
0.006516 0.007229
0.006513 0.008525
0.006507 0.011065
0.006506 0.006659
0.006504 0.006720
0.006503 0.007462
0.006502 0.007932
0.006498 0.007306
0.006498 0.008215
0.006494 0.011358
0.006491 0.006539
0.006491 0.007881
0.006485 0.011085
0.006479 0.009467
0.006478 0.006959
0.006478 0.006489
0.006475 0.008197
0.006473 0.008330
0.006469 0.007397
0.006468 0.012533
0.006465 0.006631
0.006455 0.015244
0.006451 0.006942
0.006448 0.007075
0.006445 0.009357
0.006440 0.010028
0.006438 0.009611
0.006438 0.007368
0.006435 0.007991
0.006428 0.006468
0.006426 0.006532
0.006426 0.010556
0.006425 0.006462
0.006420 0.006881
0.006413 0.007624
0.006412 0.007759
0.006410 0.008151
0.006406 0.007676
0.006404 0.006763
0.006404 0.006690
0.006402 0.010398
0.006401 0.008958
0.006397 0.008336
0.006393 0.007617
0.006393 0.006432
0.006391 0.009337
0.006387 0.009652
0.006386 0.010793
0.006383 0.006473
0.006380 0.006526
0.006378 0.007310
0.006375 0.007871
0.006374 0.009073
0.006373 0.006618
0.006369 0.006519
0.006369 0.010829
0.006363 0.008812
0.006360 0.007634
0.006353 0.007985
0.006347 0.006471
0.006347 0.008229
0.006341 0.008701
0.006336 0.006865
0.006333 0.007013
0.006330 0.006496
0.006329 0.008306
0.006324 0.007237
0.006322 0.008171
0.006318 0.006327
0.006316 0.006379
0.006312 0.011395
0.006311 0.007421
0.006307 0.006760
0.006303 0.006769
0.006302 0.007256
0.006300 0.007756
0.006295 0.006855
0.006294 0.007622
0.006293 0.008701
0.006288 0.006330
0.006287 0.009011
0.006279 0.011692
0.006268 0.007942
0.006262 0.007639
0.006262 0.006904
0.006261 0.008173
0.006260 0.007774
0.006256 0.006974
0.006247 0.006970
0.006243 0.006820
0.006243 0.006438
0.006241 0.006564
0.006239 0.012243
0.006239 0.007209
0.006239 0.006373
0.006215 0.006589
0.006211 0.009283
0.006209 0.008623
0.006202 0.007567
0.006202 0.006546
0.006201 0.007450
0.006200 0.009842
0.006198 0.006686
0.006196 0.006941
0.006196 0.009059
0.006194 0.006813
0.006194 0.006214
0.006192 0.007891
0.006191 0.006572
0.006183 0.007110
0.006182 0.007739
0.006181 0.008127
0.006181 0.009840
0.006176 0.008671
0.006176 0.007536
0.006175 0.010133
0.006174 0.010292
0.006171 0.007286
0.006162 0.006526
0.006160 0.007980
0.006157 0.006327
0.006148 0.007883
0.006147 0.007333
0.006145 0.006333
0.006143 0.007488
0.006142 0.006607
0.006141 0.006282
0.006139 0.006725
0.006138 0.006854
0.006133 0.011596
0.006129 0.006188
0.006129 0.006883
0.006127 0.007536
0.006126 0.006471
0.006126 0.006747
0.006124 0.011263
0.006115 0.009249
0.006115 0.009965
0.006114 0.007062
0.006113 0.010989
0.006111 0.006331
0.006109 0.012070
0.006105 0.006502
0.006105 0.012317
0.006103 0.008678
0.006103 0.011003
0.006102 0.006578
0.006100 0.009565
0.006097 0.006168
0.006096 0.006192
0.006095 0.009329
0.006094 0.008074
0.006091 0.007991
0.006088 0.007757
0.006088 0.008138
0.006087 0.006887
0.006081 0.007620
0.006079 0.010338
0.006078 0.006407
0.006076 0.006244
0.006076 0.006282
0.006070 0.008001
0.006067 0.007471
0.006063 0.007511
0.006060 0.006531
0.006060 0.006705
0.006059 0.006640
0.006056 0.007481
0.006056 0.006087
0.006054 0.007687
0.006051 0.006114
0.006050 0.006934
0.006049 0.007330
0.006047 0.007269
0.006047 0.007195
0.006046 0.008790
0.006046 0.008871
0.006045 0.006205
0.006044 0.006254
0.006039 0.009156
0.006038 0.006402
0.006037 0.007358
0.006036 0.006379
0.006035 0.006547
0.006035 0.011402
0.006035 0.006388
0.006028 0.009095
0.006023 0.006079
0.006021 0.008245
0.006020 0.009427
0.006020 0.006023
0.006020 0.006535
0.006019 0.006969
0.006018 0.008594
0.006016 0.006468
0.006012 0.006181
0.006007 0.007875
0.006000 0.009779
0.005999 0.006789
0.005998 0.006427
0.005994 0.007065
0.005992 0.006540
0.005990 0.006376
0.005989 0.006794
0.005988 0.010051
0.005984 0.006002
0.005979 0.007736
0.005978 0.007783
0.005976 0.007123
0.005975 0.006761
0.005975 0.006387
0.005974 0.006688
0.005973 0.006092
0.005971 0.011154
0.005970 0.006219
0.005967 0.007510
0.005964 0.006050
0.005963 0.006717
0.005953 0.006175
0.005948 0.006055
0.005948 0.007920
0.005946 0.006781
0.005942 0.009951
0.005941 0.006482
0.005938 0.007623
0.005937 0.007927
0.005933 0.007038
0.005931 0.006119
0.005924 0.006439
0.005919 0.006997
0.005908 0.006095
0.005908 0.006752
0.005907 0.008886
0.005906 0.009538
0.005906 0.008560
0.005905 0.006434
0.005902 0.007805
0.005901 0.009338
0.005900 0.008957
0.005899 0.012262
0.005892 0.006114
0.005889 0.007491
0.005886 0.006422
0.005886 0.007130
0.005885 0.005986
0.005884 0.008085
0.005881 0.006217
0.005880 0.007350
0.005877 0.006038
0.005876 0.006101
0.005876 0.006899
0.005872 0.006775
0.005865 0.006407
0.005864 0.010111
0.005862 0.005937
0.005862 0.007631
0.005861 0.006570
0.005859 0.007292
0.005858 0.006936
0.005857 0.006861
0.005856 0.008133
0.005855 0.006912
0.005851 0.006645
0.005845 0.011052
0.005845 0.008402
0.005844 0.005887
0.005843 0.007353
0.005843 0.009959
0.005843 0.008320
0.005840 0.006108
0.005840 0.005887
0.005839 0.013989
0.005836 0.008230
0.005836 0.005943
0.005834 0.006109
0.005831 0.010099
0.005829 0.006591
0.005828 0.008228
0.005826 0.006653
0.005824 0.006020
0.005811 0.008298
0.005808 0.008420
0.005808 0.008739
0.005803 0.005875
0.005797 0.006775
0.005792 0.005906
0.005791 0.010486
0.005789 0.007453
0.005788 0.006375
0.005788 0.005982
0.005788 0.009480
0.005788 0.006848
0.005787 0.009776
0.005785 0.007354
0.005782 0.006400
0.005772 0.007036
0.005770 0.007347
0.005769 0.010276
0.005764 0.011417
0.005760 0.005820
0.005758 0.007006
0.005758 0.005808
0.005757 0.005788
0.005755 0.006496
0.005751 0.006832
0.005751 0.007856
0.005742 0.008023
0.005741 0.008741
0.005740 0.006010
0.005736 0.010577
0.005736 0.007450
0.005732 0.011089
0.005730 0.007557
0.005717 0.008732
0.005716 0.011320
0.005715 0.011452
0.005712 0.005886
0.005710 0.006009
0.005709 0.007366
0.005706 0.007313
0.005701 0.007732
0.005699 0.005725
0.005698 0.005816
0.005697 0.005953
0.005692 0.005955
0.005691 0.006435
0.005685 0.006477
0.005685 0.011206
0.005684 0.007681
0.005682 0.006500
0.005681 0.006430
0.005679 0.008231
0.005675 0.005743
0.005671 0.012738
0.005671 0.005823
0.005669 0.005809
0.005666 0.009933
0.005664 0.007721
0.005663 0.006707
0.005662 0.007342
0.005658 0.005972
0.005656 0.008357
0.005654 0.009402
0.005654 0.005699
0.005653 0.006210
0.005650 0.007119
0.005650 0.007018
0.005650 0.008394
0.005641 0.008615
0.005640 0.007552
0.005638 0.007126
0.005638 0.006119
0.005637 0.007154
0.005634 0.005816
0.005634 0.011640
0.005631 0.006119
0.005630 0.006188
0.005630 0.007918
0.005628 0.005696
0.005626 0.006343
0.005623 0.005887
0.005619 0.010160
0.005618 0.008539
0.005618 0.008575
0.005618 0.006751
0.005614 0.005672
0.005611 0.007549
0.005610 0.007685
0.005609 0.008770
0.005606 0.006262
0.005602 0.005679
0.005599 0.006146
0.005596 0.005840
0.005595 0.007527
0.005593 0.005896
0.005584 0.010891
0.005583 0.008845
0.005578 0.006088
0.005576 0.014138
0.005574 0.009321
0.005572 0.007450
0.005568 0.009018
0.005563 0.005789
0.005561 0.009604
0.005561 0.005764
0.005557 0.008981
0.005554 0.008979
0.005553 0.005691
0.005553 0.006099
0.005551 0.006080
0.005546 0.006358
0.005543 0.010742
0.005541 0.006169
0.005533 0.009894
0.005533 0.005988
0.005533 0.007207
0.005533 0.009973
0.005528 0.007265
0.005527 0.006212
0.005523 0.006207
0.005519 0.006614
0.005519 0.008536
0.005518 0.006743
0.005512 0.006233
0.005511 0.006236
0.005508 0.010752
0.005507 0.007164
0.005507 0.005730
0.005507 0.005830
0.005505 0.013534
0.005504 0.005902
0.005503 0.007738
0.005502 0.006998
0.005501 0.007359
0.005493 0.006150
0.005490 0.007380
0.005490 0.008420
0.005490 0.008357
0.005490 0.006894
0.005487 0.006209
0.005486 0.007401
0.005485 0.008748
0.005485 0.010831
0.005485 0.008029
0.005482 0.006172
0.005478 0.006157
0.005478 0.008450
0.005473 0.007261
0.005471 0.006588
0.005469 0.007037
0.005468 0.008018
0.005466 0.006089
0.005464 0.007328
0.005464 0.006705
0.005461 0.011087
0.005461 0.008078
0.005459 0.006818
0.005457 0.006243
0.005456 0.006334
0.005455 0.009668
0.005454 0.005584
0.005453 0.007300
0.005449 0.006861
0.005447 0.007759
0.005442 0.005446
0.005439 0.005974
0.005439 0.006572
0.005433 0.007204
0.005430 0.007775
0.005426 0.007335
0.005424 0.008141
0.005421 0.006618
0.005420 0.006350
0.005418 0.006646
0.005415 0.007997
0.005411 0.007015
0.005409 0.006560
0.005409 0.005754
0.005409 0.006163
0.005408 0.006779
0.005408 0.007476
0.005397 0.005926
0.005395 0.006020
0.005393 0.005976
0.005392 0.005507
0.005387 0.008426
0.005387 0.006710
0.005386 0.008405
0.005385 0.006000
0.005385 0.008052
0.005382 0.006631
0.005381 0.006740
0.005379 0.007101
0.005372 0.009636
0.005363 0.005591
0.005361 0.005555
0.005360 0.005602
0.005360 0.007058
0.005359 0.007571
0.005356 0.006777
0.005356 0.008307
0.005356 0.005809
0.005356 0.007659
0.005355 0.007092
0.005355 0.005638
0.005353 0.005418
0.005348 0.005695
0.005347 0.006508
0.005346 0.005690
0.005345 0.006511
0.005342 0.005889
0.005341 0.005866
0.005337 0.007864
0.005336 0.007953
0.005335 0.005602
0.005334 0.005405
0.005334 0.008089
0.005332 0.009335
0.005332 0.006084
0.005331 0.006987
0.005330 0.007208
0.005327 0.005713
0.005326 0.006426
0.005326 0.010852
0.005324 0.007687
0.005324 0.007388
0.005323 0.007812
0.005322 0.011727
0.005319 0.006212
0.005316 0.006197
0.005314 0.008085
0.005307 0.005621
0.005302 0.006706
0.005302 0.006420
0.005300 0.005933
0.005299 0.008937
0.005299 0.010705
0.005297 0.008215
0.005295 0.005882
0.005292 0.005870
0.005290 0.008435
0.005284 0.010831
0.005281 0.006138
0.005280 0.010071
0.005275 0.005512
0.005274 0.007082
0.005274 0.005720
0.005272 0.005297
0.005268 0.005919
0.005267 0.013166
0.005265 0.008705
0.005263 0.006754
0.005262 0.008167
0.005258 0.005518
0.005257 0.005489
0.005255 0.005333
0.005254 0.006903
0.005253 0.010396
0.005244 0.008554
0.005244 0.007130
0.005240 0.007670
0.005240 0.005306
0.005239 0.009508
0.005238 0.006893
0.005236 0.009106
0.005236 0.007540
0.005231 0.005488
0.005230 0.005891
0.005229 0.007452
0.005224 0.006028
0.005221 0.006535
0.005218 0.007097
0.005210 0.005673
0.005207 0.005436
0.005205 0.007608
0.005204 0.008164
0.005200 0.005418
0.005200 0.005679
0.005197 0.006182
0.005191 0.005310
0.005190 0.009594
0.005183 0.005233
0.005183 0.006608
0.005181 0.006319
0.005181 0.006799
0.005180 0.005346
0.005175 0.005466
0.005171 0.005902
0.005167 0.006355
0.005164 0.005272
0.005159 0.005334
0.005152 0.009178
0.005151 0.009201
0.005151 0.009135
0.005151 0.010090
0.005148 0.006514
0.005147 0.005167
0.005143 0.008159
0.005142 0.008911
0.005141 0.006811
0.005141 0.006375
0.005140 0.006061
0.005138 0.010086
0.005136 0.006123
0.005133 0.010505
0.005132 0.005609
0.005129 0.006567
0.005128 0.005223
0.005127 0.005982
0.005118 0.005725
0.005118 0.007809
0.005117 0.005226
0.005115 0.006829
0.005109 0.005928
0.005109 0.008054
0.005106 0.008838
0.005104 0.005482
0.005103 0.007315
0.005094 0.006114
0.005093 0.009363
0.005082 0.005469
0.005076 0.006055
0.005075 0.005539
0.005072 0.005609
0.005070 0.005731
0.005069 0.005662
0.005068 0.007015
0.005064 0.005407
0.005059 0.009082
0.005057 0.005322
0.005056 0.005609
0.005053 0.006283
0.005052 0.005140
0.005047 0.006104
0.005047 0.010265
0.005040 0.006901
0.005036 0.009047
0.005035 0.007940
0.005035 0.008020
0.005035 0.007779
0.005034 0.008951
0.005033 0.006329
0.005033 0.005076
0.005024 0.005937
0.005018 0.005739
0.005014 0.005365
0.005012 0.005160
0.005011 0.006098
0.005007 0.006314
0.005002 0.007886
0.005002 0.005456
0.004998 0.005965
0.004998 0.009921
0.004993 0.005784
0.004991 0.005049
0.004986 0.005262
0.004982 0.008123
0.004980 0.005421
0.004978 0.005508
0.004976 0.006305
0.004973 0.005636
0.004971 0.006395
0.004969 0.005689
0.004967 0.006414
0.004966 0.004970
0.004964 0.007984
0.004961 0.008663
0.004959 0.005969
0.004957 0.005954
0.004956 0.009436
0.004954 0.006114
0.004952 0.009000
0.004947 0.005082
0.004945 0.006729
0.004945 0.007684
0.004936 0.009054
0.004935 0.007888
0.004935 0.005105
0.004935 0.009265
0.004934 0.005599
0.004934 0.004988
0.004932 0.005590
0.004930 0.007252
0.004929 0.007765
0.004929 0.007767
0.004928 0.005257
0.004925 0.004938
0.004924 0.005542
0.004924 0.005747
0.004918 0.005331
0.004913 0.008375
0.004912 0.006186
0.004911 0.005330
0.004911 0.007660
0.004909 0.005331
0.004909 0.005144
0.004903 0.005886
0.004897 0.006729
0.004889 0.005439
0.004884 0.005088
0.004881 0.005707
0.004881 0.005176
0.004878 0.005340
0.004872 0.005948
0.004871 0.008656
0.004870 0.006958
0.004865 0.006148
0.004864 0.005187
0.004864 0.005183
0.004856 0.005997
0.004853 0.009537
0.004853 0.007772
0.004853 0.008451
0.004852 0.005008
0.004847 0.008722
0.004846 0.005077
0.004846 0.009401
0.004846 0.006139
0.004842 0.007183
0.004839 0.008986
0.004834 0.005590
0.004832 0.009602
0.004830 0.005042
0.004827 0.008891
0.004826 0.005481
0.004826 0.005120
0.004826 0.007293
0.004825 0.005813
0.004823 0.008442
0.004819 0.006358
0.004818 0.007505
0.004813 0.004956
0.004810 0.005135
0.004807 0.004942
0.004805 0.005116
0.004800 0.005741
0.004799 0.006902
0.004797 0.005227
0.004793 0.006952
0.004787 0.005563
0.004783 0.009455
0.004783 0.007549
0.004782 0.005272
0.004781 0.005574
0.004780 0.004847
0.004779 0.005653
0.004777 0.009836
0.004774 0.004979
0.004774 0.004848
0.004772 0.006506
0.004770 0.007943
0.004769 0.010439
0.004765 0.005950
0.004764 0.005703
0.004761 0.004803
0.004757 0.008622
0.004754 0.005005
0.004753 0.006752
0.004752 0.005407
0.004752 0.006507
0.004741 0.005580
0.004741 0.006300
0.004740 0.005874
0.004740 0.006388
0.004739 0.005978
0.004739 0.008865
0.004736 0.005805
0.004734 0.005815
0.004729 0.007339
0.004726 0.009013
0.004723 0.006006
0.004721 0.005344
0.004720 0.007746
0.004712 0.004905
0.004709 0.007652
0.004709 0.005033
0.004709 0.006288
0.004708 0.008045
0.004699 0.005499
0.004696 0.008252
0.004695 0.005182
0.004694 0.004721
0.004692 0.004960
0.004691 0.006059
0.004687 0.005945
0.004685 0.004763
0.004684 0.005510
0.004684 0.008856
0.004682 0.007813
0.004679 0.004965
0.004676 0.005193
0.004672 0.007142
0.004671 0.005780
0.004670 0.004708
0.004666 0.007937
0.004656 0.007701
0.004656 0.005364
0.004656 0.009407
0.004653 0.005380
0.004648 0.004765
0.004647 0.005685
0.004645 0.009261
0.004644 0.005355
0.004640 0.005777
0.004638 0.005563
0.004638 0.006834
0.004638 0.006177
0.004630 0.005368
0.004627 0.005276
0.004623 0.004743
0.004620 0.006893
0.004616 0.007193
0.004615 0.005536
0.004614 0.004885
0.004607 0.005020
0.004601 0.004812
0.004601 0.006377
0.004596 0.009118
0.004594 0.007325
0.004593 0.008393
0.004592 0.008104
0.004590 0.004796
0.004589 0.004882
0.004585 0.005712
0.004584 0.006045
0.004582 0.008050
0.004580 0.005976
0.004579 0.004587
0.004559 0.005271
0.004559 0.005369
0.004559 0.004910
0.004558 0.004715
0.004557 0.005037
0.004556 0.005421
0.004556 0.004797
0.004553 0.004598
0.004546 0.008709
0.004546 0.004748
0.004546 0.006316
0.004545 0.004627
0.004539 0.008874
0.004537 0.005062
0.004534 0.004897
0.004534 0.004746
0.004532 0.004548
0.004531 0.004663
0.004528 0.006069
0.004527 0.009419
0.004523 0.004619
0.004522 0.005481
0.004519 0.008050
0.004519 0.005111
0.004518 0.004703
0.004518 0.004652
0.004512 0.007336
0.004508 0.007967
0.004500 0.005852
0.004499 0.007783
0.004492 0.005610
0.004487 0.007188
0.004486 0.007851
0.004486 0.004560
0.004485 0.004878
0.004481 0.005291
0.004481 0.005152
0.004479 0.008931
0.004478 0.004494
0.004477 0.004556
0.004476 0.005749
0.004475 0.004544
0.004472 0.010222
0.004465 0.004575
0.004465 0.004706
0.004462 0.007656
0.004460 0.005929
0.004460 0.010720
0.004460 0.005159
0.004458 0.004701
0.004457 0.007057
0.004453 0.006763
0.004452 0.005690
0.004443 0.006854
0.004432 0.006592
0.004429 0.004806
0.004425 0.010321
0.004424 0.004621
0.004418 0.010926
0.004411 0.004760
0.004411 0.005536
0.004410 0.010647
0.004406 0.004425
0.004405 0.007460
0.004402 0.006158
0.004401 0.006138
0.004398 0.005366
0.004398 0.004609
0.004396 0.005456
0.004394 0.004804
0.004393 0.004921
0.004393 0.006761
0.004383 0.005773
0.004382 0.004682
0.004375 0.005618
0.004372 0.005690
0.004371 0.005106
0.004366 0.005193
0.004366 0.005821
0.004366 0.005064
0.004361 0.008251
0.004352 0.004489
0.004350 0.009191
0.004348 0.004678
0.004347 0.004698
0.004347 0.009368
0.004346 0.004592
0.004335 0.004775
0.004333 0.010527
0.004331 0.006860
0.004327 0.004446
0.004327 0.004481
0.004323 0.004810
0.004321 0.004923
0.004321 0.007945
0.004318 0.004596
0.004312 0.010114
0.004312 0.009839
0.004307 0.004909
0.004298 0.004913
0.004294 0.004681
0.004294 0.004674
0.004294 0.006282
0.004292 0.004951
0.004291 0.004993
0.004291 0.004729
0.004286 0.004516
0.004284 0.004514
0.004268 0.007190
0.004266 0.004913
0.004265 0.005523
0.004264 0.004661
0.004263 0.006249
0.004262 0.004850
0.004262 0.006015
0.004261 0.005890
0.004259 0.005403
0.004247 0.006363
0.004241 0.007124
0.004238 0.005536
0.004236 0.004402
0.004235 0.004383
0.004225 0.004307
0.004225 0.004393
0.004219 0.004260
0.004208 0.004659
0.004194 0.004371
0.004191 0.005019
0.004190 0.004755
0.004189 0.004358
0.004189 0.004676
0.004189 0.004648
0.004182 0.004581
0.004176 0.004935
0.004168 0.004492
0.004164 0.007824
0.004160 0.004925
0.004157 0.005020
0.004157 0.004688
0.004156 0.006041
0.004151 0.006961
0.004151 0.004215
0.004150 0.005316
0.004145 0.005266
0.004140 0.007015
0.004136 0.006084
0.004133 0.007042
0.004130 0.005608
0.004126 0.005562
0.004121 0.004358
0.004117 0.004405
0.004115 0.004878
0.004114 0.004490
0.004113 0.005415
0.004112 0.005408
0.004109 0.004485
0.004101 0.004196
0.004095 0.004476
0.004093 0.005037
0.004085 0.004688
0.004083 0.004706
0.004082 0.004306
0.004081 0.004333
0.004079 0.005106
0.004078 0.004200
0.004073 0.004246
0.004066 0.005078
0.004041 0.004767
0.004040 0.004930
0.004033 0.007885
0.004030 0.006337
0.004027 0.005630
0.004027 0.004289
0.004027 0.004656
0.004025 0.006708
0.004024 0.006799
0.004023 0.006069
0.004017 0.004682
0.004014 0.004292
0.004000 0.006282
0.003997 0.004924
0.003982 0.004112
0.003978 0.004012
0.003975 0.004710
0.003975 0.005402
0.003974 0.005634
0.003972 0.004585
0.003970 0.004372
0.003965 0.004145
0.003958 0.004042
0.003947 0.004687
0.003941 0.004497
0.003940 0.004147
0.003939 0.004903
0.003939 0.004459
0.003939 0.006084
0.003935 0.005204
0.003931 0.004189
0.003922 0.004305
0.003916 0.004100
0.003915 0.003933
0.003913 0.004167
0.003903 0.004031
0.003894 0.004732
0.003891 0.004768
0.003889 0.004630
0.003888 0.003989
0.003885 0.005788
0.003871 0.007666
0.003864 0.003971
0.003864 0.004623
0.003849 0.004071
0.003841 0.004125
0.003838 0.004257
0.003836 0.005312
0.003831 0.004294
0.003815 0.004595
0.003814 0.006143
0.003809 0.003834
0.003809 0.006216
0.003784 0.006175
0.003778 0.003939
0.003776 0.004599
0.003764 0.003953
0.003734 0.003745
0.003731 0.003878
0.003720 0.004413
0.003713 0.004525
0.003711 0.004337
0.003707 0.005010
0.003701 0.005349
0.003699 0.003785
0.003697 0.004160
0.003689 0.004103
0.003685 0.003926
0.003684 0.003784
0.003679 0.004196
0.003672 0.004675
0.003670 0.006602
0.003660 0.003904
0.003651 0.005514
0.003645 0.003688
0.003637 0.004744
0.003635 0.004485
0.003634 0.003862
0.003632 0.003736
0.003629 0.005278
0.003625 0.004226
0.003622 0.005082
0.003618 0.006038
0.003617 0.003869
0.003615 0.005480
0.003601 0.003675
0.003588 0.004243
0.003584 0.003836
0.003583 0.003800
0.003577 0.004329
0.003569 0.003848
0.003567 0.004173
0.003563 0.003698
0.003562 0.003578
0.003551 0.004239
0.003546 0.003627
0.003546 0.003883
0.003543 0.004047
0.003541 0.004200
0.003539 0.005534
0.003532 0.004308
0.003531 0.004711
0.003527 0.003962
0.003525 0.003606
0.003525 0.004186
0.003501 0.003545
0.003478 0.005533
0.003465 0.004142
0.003461 0.003817
0.003453 0.003805
0.003448 0.004237
0.003434 0.003676
0.003434 0.003707
0.003433 0.003951
0.003410 0.003487
0.003406 0.004325
0.003405 0.003674
0.003396 0.003899
0.003372 0.003852
0.003367 0.004081
0.003362 0.004390
0.003361 0.003959
0.003353 0.003811
0.003339 0.004405
0.003294 0.003677
0.003288 0.003903
0.003277 0.003492
0.003271 0.006043
0.003262 0.003665
0.003257 0.003318
0.003252 0.003519
0.003248 0.003431
0.003247 0.005209
0.003237 0.003400
0.003235 0.003502
0.003217 0.003289
0.003182 0.003930
0.003169 0.003424
0.003162 0.003809
0.003161 0.003546
0.003158 0.003307
0.003156 0.003403
0.003152 0.003634
0.003150 0.003181
0.003129 0.003133
0.003122 0.003701
0.003107 0.003536
0.003094 0.003562
0.003086 0.003451
0.003083 0.003192
0.003071 0.003681
0.003060 0.003487
0.003045 0.003520
0.003033 0.003296
0.003016 0.003328
0.003003 0.003005
0.002964 0.004766
0.002959 0.003066
0.002958 0.003036
0.002905 0.002970
0.002904 0.003420
0.002893 0.003795
0.002890 0.002977
0.002890 0.004673
0.002878 0.002978
0.002852 0.003282
0.002849 0.003408
0.002832 0.003498
0.002815 0.002876
0.002805 0.003202
0.002777 0.002862
0.002751 0.002959
0.002717 0.002945
0.002715 0.002724
0.002696 0.002779
0.002692 0.002845
0.002667 0.003258
0.002661 0.002903
0.002622 0.002672
0.002622 0.002683
0.002609 0.003185
0.002565 0.002875
0.002560 0.002864
0.002509 0.003262
0.002505 0.002985
0.002496 0.003594
0.002490 0.002595
0.002470 0.002605
0.002456 0.002592
0.002427 0.002719
0.002390 0.002702
0.002373 0.002716
0.002276 0.002795
0.002245 0.002478
0.002176 0.002303
0.002136 0.002693
0.002062 0.002269
0.002055 0.002076
0.002010 0.002138
0.002003 0.002180
0.001820 0.002278
0.001680 0.001726
0.001679 0.001728
0.001676 0.001881
0.001554 0.001670
0.001011 0.001109
0.000901 0.000904
