0.116916 0.120858
0.109652 0.126294
0.103443 0.106838
0.090153 0.095117
0.079202 0.083808
0.073514 0.077037
0.071959 0.074823
0.070702 0.093616
0.070365 0.071727
0.068442 0.085171
0.064531 0.069783
0.063745 0.073525
0.062549 0.087509
0.062468 0.075721
0.057270 0.100503
0.057249 0.089099
0.057143 0.060228
0.056713 0.058568
0.055021 0.063555
0.054958 0.058761
0.054262 0.058192
0.053268 0.064031
0.052804 0.057618
0.051020 0.053657
0.050257 0.061603
0.049845 0.053944
0.049582 0.055291
0.049166 0.052385
0.049107 0.050801
0.048759 0.057172
0.048653 0.093193
0.048533 0.049707
0.047644 0.047753
0.047614 0.056531
0.047202 0.054811
0.047173 0.052692
0.046281 0.053692
0.046146 0.047400
0.045923 0.049968
0.045819 0.055712
0.045254 0.048727
0.044862 0.053819
0.044775 0.084376
0.044336 0.047620
0.044162 0.045798
0.044120 0.053810
0.043963 0.047133
0.043845 0.046582
0.043295 0.045201
0.043276 0.048902
0.042730 0.044382
0.042717 0.067209
0.042702 0.062716
0.042514 0.065779
0.042460 0.045710
0.042117 0.045123
0.041951 0.046363
0.041521 0.058286
0.041065 0.041861
0.040987 0.051062
0.040137 0.056430
0.038805 0.054879
0.038518 0.067571
0.038422 0.039096
0.038202 0.040436
0.038199 0.051991
0.038082 0.039563
0.038061 0.043090
0.037939 0.041032
0.037655 0.042676
0.037576 0.045371
0.037198 0.039824
0.037178 0.037949
0.037103 0.037618
0.036621 0.037909
0.036613 0.038012
0.036258 0.038902
0.036129 0.042631
0.035999 0.044846
0.035992 0.039468
0.035167 0.045156
0.035052 0.042156
0.035034 0.046721
0.034952 0.038238
0.034490 0.046315
0.034342 0.039236
0.034182 0.056485
0.034112 0.034284
0.033954 0.037007
0.033488 0.048241
0.033295 0.043747
0.033274 0.035975
0.033251 0.040304
0.033228 0.058172
0.033080 0.042135
0.032909 0.039172
0.032798 0.039303
0.032503 0.040297
0.032380 0.070787
0.032250 0.033015
0.032199 0.039316
0.032156 0.034195
0.032134 0.035333
0.031734 0.033671
0.031702 0.035196
0.031694 0.032548
0.031552 0.041972
0.031548 0.034965
0.031528 0.048215
0.031351 0.034267
0.031251 0.046849
0.031217 0.031616
0.030820 0.033212
0.030801 0.034455
0.030553 0.034204
0.030361 0.043915
0.030150 0.030895
0.030102 0.031950
0.029519 0.030030
0.029427 0.041783
0.029346 0.031137
0.029343 0.034493
0.029267 0.030887
0.029230 0.031565
0.029188 0.034169
0.029179 0.034100
0.028781 0.029242
0.028616 0.037524
0.028128 0.035766
0.027927 0.028376
0.027764 0.027958
0.027753 0.033624
0.027658 0.032582
0.027545 0.030615
0.027512 0.029440
0.027243 0.030803
0.027225 0.033442
0.026913 0.028967
0.026852 0.036412
0.026825 0.031264
0.026623 0.026762
0.026617 0.027935
0.026579 0.027288
0.026521 0.029324
0.026422 0.032645
0.026379 0.029552
0.026308 0.027628
0.026166 0.026205
0.026073 0.037657
0.026070 0.027821
0.026054 0.026191
0.025944 0.036354
0.025934 0.030486
0.025253 0.026170
0.025218 0.027476
0.025211 0.029931
0.025179 0.028686
0.025174 0.026113
0.025159 0.030015
0.025073 0.031213
0.025067 0.026310
0.025038 0.026680
0.025026 0.032168
0.024976 0.030260
0.024965 0.051083
0.024958 0.038343
0.024906 0.031585
0.024902 0.026446
0.024896 0.025952
0.024758 0.030693
0.024668 0.027414
0.024648 0.029193
0.024583 0.040445
0.024567 0.024770
0.024554 0.030206
0.024397 0.029480
0.024381 0.026354
0.024306 0.025382
0.024191 0.029828
0.024096 0.025512
0.024070 0.025709
0.023972 0.026200
0.023958 0.037247
0.023837 0.024477
0.023759 0.037487
0.023611 0.038777
0.023600 0.024450
0.023541 0.026619
0.023482 0.028960
0.023428 0.037575
0.023391 0.023993
0.023388 0.034451
0.023375 0.025790
0.023221 0.024359
0.023138 0.033817
0.023133 0.023274
0.023130 0.028560
0.023064 0.025012
0.023026 0.026722
0.023011 0.036948
0.022983 0.023731
0.022955 0.035784
0.022953 0.024965
0.022917 0.030275
0.022707 0.024695
0.022703 0.023395
0.022494 0.025478
0.022327 0.024251
0.022272 0.022794
0.022259 0.024528
0.022177 0.023721
0.022172 0.025734
0.022129 0.030786
0.022006 0.023938
0.021978 0.027705
0.021957 0.022378
0.021806 0.032801
0.021773 0.025276
0.021755 0.021812
0.021715 0.030476
0.021679 0.024290
0.021679 0.029567
0.021639 0.022010
0.021626 0.033151
0.021620 0.023734
0.021592 0.024051
0.021587 0.026852
0.021538 0.037509
0.021391 0.028710
0.021334 0.023407
0.021270 0.033176
0.021258 0.035025
0.021223 0.021562
0.021195 0.023628
0.021185 0.045425
0.021148 0.021811
0.021100 0.031732
0.021100 0.025340
0.021031 0.026491
0.021004 0.023321
0.020994 0.025006
0.020977 0.026026
0.020937 0.026012
0.020891 0.024558
0.020854 0.022620
0.020799 0.021961
0.020789 0.023567
0.020772 0.034473
0.020752 0.022372
0.020728 0.024169
0.020710 0.022348
0.020655 0.020948
0.020644 0.025019
0.020639 0.032057
0.020628 0.022100
0.020589 0.034653
0.020554 0.028213
0.020528 0.022602
0.020511 0.028894
0.020509 0.023313
0.020479 0.032300
0.020465 0.021173
0.020414 0.024105
0.020395 0.024781
0.020382 0.037445
0.020363 0.024106
0.020336 0.020805
0.020332 0.021590
0.020328 0.022065
0.020296 0.032345
0.020259 0.023854
0.020248 0.023355
0.020177 0.027266
0.020152 0.026937
0.020136 0.020687
0.020101 0.020519
0.020092 0.023975
0.020048 0.025485
0.019999 0.023687
0.019987 0.025669
0.019981 0.028635
0.019979 0.020172
0.019936 0.034875
0.019934 0.038786
0.019907 0.024374
0.019867 0.022184
0.019831 0.021409
0.019822 0.019994
0.019818 0.020219
0.019784 0.020242
0.019781 0.021037
0.019758 0.024426
0.019738 0.024738
0.019726 0.027641
0.019723 0.022734
0.019672 0.027969
0.019669 0.019965
0.019656 0.020594
0.019652 0.020895
0.019618 0.022767
0.019541 0.019914
0.019479 0.020389
0.019447 0.024396
0.019443 0.019891
0.019428 0.023421
0.019425 0.021056
0.019419 0.032388
0.019401 0.019733
0.019396 0.029657
0.019343 0.021732
0.019332 0.019855
0.019310 0.019484
0.019267 0.022844
0.019225 0.022532
0.019215 0.021018
0.019177 0.027019
0.019164 0.024987
0.019144 0.028642
0.019121 0.020745
0.019115 0.036052
0.019093 0.026103
0.019089 0.019338
0.019060 0.021557
0.019022 0.023733
0.019012 0.028168
0.018991 0.032814
0.018982 0.020060
0.018940 0.020341
0.018797 0.021822
0.018763 0.024767
0.018739 0.027369
0.018733 0.037300
0.018725 0.019459
0.018699 0.020401
0.018640 0.019603
0.018611 0.023138
0.018587 0.027097
0.018580 0.024882
0.018571 0.018844
0.018534 0.018746
0.018517 0.020886
0.018502 0.019907
0.018471 0.019615
0.018438 0.025642
0.018397 0.019915
0.018384 0.018609
0.018355 0.023582
0.018353 0.022235
0.018353 0.020838
0.018303 0.030006
0.018295 0.019192
0.018201 0.020397
0.018198 0.024292
0.018178 0.037017
0.018131 0.021538
0.018121 0.021046
0.018084 0.020628
0.018060 0.021801
0.018016 0.018080
0.018006 0.020789
0.017997 0.028460
0.017992 0.018596
0.017962 0.021857
0.017927 0.021719
0.017899 0.018918
0.017888 0.023297
0.017882 0.023691
0.017876 0.018141
0.017863 0.023557
0.017834 0.024993
0.017795 0.021605
0.017784 0.023007
0.017779 0.019142
0.017726 0.022091
0.017689 0.030168
0.017648 0.019469
0.017642 0.018985
0.017635 0.020504
0.017623 0.019709
0.017557 0.020029
0.017532 0.027728
0.017509 0.017916
0.017499 0.017777
0.017480 0.017585
0.017461 0.020580
0.017453 0.018229
0.017406 0.022734
0.017384 0.021379
0.017382 0.020590
0.017363 0.021327
0.017343 0.027508
0.017329 0.018688
0.017305 0.017421
0.017287 0.024832
0.017251 0.020798
0.017242 0.024320
0.017236 0.017540
0.017199 0.018752
0.017145 0.018862
0.017129 0.020861
0.017124 0.021329
0.017118 0.018107
0.017109 0.019720
0.017106 0.019449
0.017090 0.025810
0.017038 0.018132
0.016999 0.018490
0.016980 0.046439
0.016950 0.018036
0.016932 0.022992
0.016926 0.017247
0.016834 0.018209
0.016827 0.017249
0.016806 0.023914
0.016789 0.018817
0.016725 0.017419
0.016716 0.017652
0.016661 0.024082
0.016608 0.017123
0.016604 0.022550
0.016580 0.032741
0.016503 0.023140
0.016488 0.019904
0.016466 0.023435
0.016465 0.017680
0.016459 0.025060
0.016447 0.016477
0.016445 0.018385
0.016443 0.018379
0.016412 0.020819
0.016386 0.019391
0.016377 0.016901
0.016377 0.024879
0.016354 0.026101
0.016352 0.018920
0.016343 0.022202
0.016284 0.018632
0.016280 0.018713
0.016247 0.017222
0.016237 0.026755
0.016167 0.017099
0.016161 0.021292
0.016158 0.016776
0.016121 0.016628
0.016019 0.016299
0.016014 0.018357
0.015997 0.016029
0.015996 0.016076
0.015968 0.018822
0.015952 0.016989
0.015922 0.022234
0.015918 0.024170
0.015907 0.016158
0.015902 0.017440
0.015901 0.019214
0.015901 0.022026
0.015897 0.030643
0.015894 0.021540
0.015864 0.016537
0.015850 0.024824
0.015844 0.016127
0.015837 0.021415
0.015837 0.022620
0.015832 0.018369
0.015825 0.016893
0.015796 0.016207
0.015776 0.017343
0.015759 0.022204
0.015757 0.016146
0.015756 0.020733
0.015751 0.019407
0.015726 0.016824
0.015691 0.019234
0.015689 0.020639
0.015600 0.016787
0.015558 0.021209
0.015549 0.016349
0.015544 0.018216
0.015494 0.017308
0.015486 0.017474
0.015455 0.018720
0.015451 0.015928
0.015396 0.017857
0.015389 0.019319
0.015380 0.024997
0.015374 0.015431
0.015358 0.020673
0.015356 0.031354
0.015344 0.021336
0.015343 0.017949
0.015314 0.016132
0.015313 0.018020
0.015304 0.020818
0.015285 0.015852
0.015278 0.017627
0.015238 0.031185
0.015227 0.017573
0.015226 0.018184
0.015217 0.016026
0.015163 0.017998
0.015157 0.016600
0.015123 0.015740
0.015119 0.017080
0.015102 0.016115
0.015077 0.015357
0.015060 0.022649
0.015054 0.015187
0.015038 0.019185
0.015034 0.021161
0.015025 0.019564
0.015018 0.020115
0.015000 0.031080
0.014989 0.016100
0.014987 0.019367
0.014986 0.015287
0.014967 0.023802
0.014939 0.016514
0.014933 0.023231
0.014915 0.016578
0.014912 0.015533
0.014895 0.015803
0.014893 0.023306
0.014869 0.017195
0.014843 0.021097
0.014826 0.016476
0.014826 0.017835
0.014824 0.025478
0.014822 0.015381
0.014810 0.024272
0.014801 0.018153
0.014778 0.015333
0.014774 0.018742
0.014767 0.018611
0.014766 0.019272
0.014745 0.015572
0.014739 0.015360
0.014729 0.021954
0.014717 0.017270
0.014705 0.017821
0.014689 0.015334
0.014677 0.017207
0.014671 0.016447
0.014651 0.014656
0.014580 0.016502
0.014580 0.016091
0.014580 0.015951
0.014579 0.016325
0.014572 0.015680
0.014571 0.018099
0.014564 0.015654
0.014556 0.020137
0.014551 0.015480
0.014545 0.019272
0.014543 0.015873
0.014525 0.014613
0.014522 0.016027
0.014499 0.017085
0.014461 0.016135
0.014452 0.017750
0.014415 0.015343
0.014402 0.019061
0.014384 0.020095
0.014372 0.014818
0.014359 0.022663
0.014357 0.020564
0.014346 0.017247
0.014337 0.015290
0.014329 0.027845
0.014317 0.015184
0.014306 0.014846
0.014301 0.017244
0.014298 0.016950
0.014292 0.017455
0.014288 0.014344
0.014286 0.017522
0.014281 0.021651
0.014275 0.014520
0.014273 0.018279
0.014261 0.014779
0.014260 0.016167
0.014227 0.016251
0.014219 0.015084
0.014208 0.025863
0.014208 0.018484
0.014195 0.016717
0.014191 0.014700
0.014148 0.017985
0.014147 0.014316
0.014142 0.018905
0.014118 0.022262
0.014117 0.015915
0.014113 0.015534
0.014110 0.016552
0.014105 0.017187
0.014088 0.015691
0.014086 0.017559
0.014086 0.015446
0.014075 0.017719
0.014069 0.016173
0.014066 0.016474
0.014063 0.017453
0.014056 0.016119
0.014048 0.014863
0.014044 0.018607
0.014044 0.019516
0.014042 0.015589
0.014039 0.020035
0.014020 0.021671
0.013995 0.027363
0.013984 0.014831
0.013972 0.015015
0.013946 0.015873
0.013943 0.014553
0.013941 0.014683
0.013931 0.023288
0.013927 0.015088
0.013925 0.017268
0.013874 0.018756
0.013858 0.024768
0.013855 0.013898
0.013843 0.018748
0.013839 0.015101
0.013830 0.016814
0.013813 0.016347
0.013795 0.014404
0.013787 0.030003
0.013784 0.014142
0.013781 0.020445
0.013773 0.017553
0.013768 0.015768
0.013767 0.021009
0.013753 0.013974
0.013721 0.014190
0.013717 0.015898
0.013716 0.014316
0.013710 0.014059
0.013702 0.015899
0.013689 0.015874
0.013686 0.021353
0.013684 0.013717
0.013661 0.017060
0.013636 0.016443
0.013615 0.017495
0.013609 0.016302
0.013596 0.024487
0.013570 0.014176
0.013566 0.021200
0.013561 0.015887
0.013550 0.015677
0.013549 0.020868
0.013532 0.015090
0.013527 0.014032
0.013512 0.017012
0.013503 0.014617
0.013470 0.014596
0.013459 0.013562
0.013455 0.013733
0.013440 0.013843
0.013427 0.014100
0.013426 0.015894
0.013422 0.016391
0.013405 0.014762
0.013398 0.014247
0.013392 0.013430
0.013386 0.017018
0.013381 0.014636
0.013378 0.015511
0.013371 0.017237
0.013371 0.022962
0.013339 0.013482
0.013339 0.013784
0.013328 0.013586
0.013302 0.017341
0.013267 0.013419
0.013263 0.018298
0.013255 0.013450
0.013252 0.013455
0.013246 0.013317
0.013243 0.013938
0.013218 0.013896
0.013211 0.015651
0.013199 0.013290
0.013189 0.017644
0.013186 0.014176
0.013180 0.013894
0.013174 0.022751
0.013149 0.015705
0.013147 0.013965
0.013144 0.014110
0.013141 0.014492
0.013141 0.020312
0.013134 0.018019
0.013128 0.014982
0.013124 0.013684
0.013116 0.018827
0.013104 0.014260
0.013103 0.017453
0.013094 0.013987
0.013093 0.015135
0.013089 0.013165
0.013047 0.013419
0.013046 0.013088
0.013037 0.014390
0.013036 0.020115
0.013034 0.018821
0.013034 0.016472
0.013032 0.026023
0.013030 0.015649
0.013021 0.014547
0.013014 0.017393
0.013012 0.015764
0.013011 0.013514
0.013005 0.013113
0.012998 0.013113
0.012996 0.013106
0.012990 0.013426
0.012983 0.013324
0.012981 0.016236
0.012963 0.014432
0.012952 0.013408
0.012944 0.015365
0.012929 0.014920
0.012924 0.013804
0.012920 0.013870
0.012914 0.025096
0.012912 0.014265
0.012900 0.014702
0.012890 0.013114
0.012884 0.019721
0.012876 0.018928
0.012872 0.014488
0.012865 0.015883
0.012853 0.013739
0.012839 0.016864
0.012826 0.013327
0.012812 0.016025
0.012800 0.013341
0.012799 0.015051
0.012794 0.014820
0.012781 0.013721
0.012781 0.016021
0.012780 0.014234
0.012767 0.015032
0.012758 0.014141
0.012755 0.024802
0.012749 0.015154
0.012747 0.013902
0.012725 0.014112
0.012711 0.019881
0.012689 0.014806
0.012678 0.018541
0.012674 0.014316
0.012671 0.012821
0.012670 0.014454
0.012664 0.016281
0.012661 0.015003
0.012626 0.017167
0.012621 0.013853
0.012614 0.016776
0.012610 0.012844
0.012608 0.014916
0.012607 0.012818
0.012600 0.012705
0.012597 0.013165
0.012597 0.012704
0.012596 0.014016
0.012595 0.013404
0.012571 0.016757
0.012569 0.019104
0.012565 0.015104
0.012564 0.014406
0.012555 0.015686
0.012547 0.013144
0.012537 0.013571
0.012529 0.020253
0.012527 0.014525
0.012527 0.013659
0.012526 0.020796
0.012526 0.015318
0.012524 0.012863
0.012518 0.013676
0.012517 0.014033
0.012486 0.012653
0.012483 0.014543
0.012472 0.016892
0.012466 0.012692
0.012461 0.016324
0.012447 0.012541
0.012439 0.016762
0.012437 0.015452
0.012430 0.013644
0.012423 0.020228
0.012421 0.018614
0.012407 0.012573
0.012388 0.012739
0.012387 0.012745
0.012372 0.016340
0.012370 0.014451
0.012352 0.014648
0.012349 0.012967
0.012342 0.018339
0.012326 0.014825
0.012320 0.015429
0.012318 0.012406
0.012314 0.013356
0.012314 0.012928
0.012303 0.019213
0.012292 0.016905
0.012287 0.012316
0.012286 0.016714
0.012279 0.015826
0.012278 0.012749
0.012271 0.013135
0.012265 0.022468
0.012261 0.014462
0.012259 0.016769
0.012251 0.015410
0.012241 0.012336
0.012240 0.014761
0.012238 0.015010
0.012224 0.015205
0.012219 0.017626
0.012216 0.018996
0.012213 0.015664
0.012212 0.014128
0.012208 0.013681
0.012205 0.014164
0.012194 0.017589
0.012192 0.013051
0.012184 0.012478
0.012175 0.013120
0.012172 0.013201
0.012170 0.012726
0.012165 0.015152
0.012153 0.017789
0.012151 0.013602
0.012149 0.015667
0.012148 0.019295
0.012143 0.016392
0.012131 0.019214
0.012131 0.012225
0.012128 0.015110
0.012128 0.015739
0.012119 0.015635
0.012117 0.015468
0.012103 0.015406
0.012100 0.012610
0.012092 0.014064
0.012090 0.013337
0.012087 0.013577
0.012085 0.013689
0.012085 0.012972
0.012073 0.013680
0.012072 0.013515
0.012069 0.013811
0.012068 0.014332
0.012063 0.019733
0.012063 0.014864
0.012055 0.013278
0.012032 0.019215
0.012032 0.015284
0.012024 0.015667
0.012020 0.013197
0.012016 0.013921
0.012010 0.012931
0.012004 0.020039
0.011969 0.012082
0.011959 0.014005
0.011956 0.013359
0.011954 0.012682
0.011948 0.012836
0.011941 0.015181
0.011938 0.013500
0.011935 0.015688
0.011933 0.012404
0.011931 0.015987
0.011926 0.014774
0.011905 0.019266
0.011904 0.012389
0.011904 0.012635
0.011897 0.012765
0.011892 0.013943
0.011888 0.012311
0.011880 0.015123
0.011864 0.012136
0.011858 0.011950
0.011836 0.015395
0.011832 0.017313
0.011824 0.014745
0.011821 0.018090
0.011815 0.013160
0.011809 0.013094
0.011802 0.012319
0.011796 0.013761
0.011793 0.011984
0.011792 0.012553
0.011792 0.011945
0.011791 0.011872
0.011789 0.011895
0.011788 0.012539
0.011776 0.012141
0.011776 0.026621
0.011775 0.014606
0.011765 0.012328
0.011764 0.014214
0.011756 0.016059
0.011750 0.013292
0.011744 0.013139
0.011734 0.012704
0.011733 0.011948
0.011728 0.012991
0.011724 0.015301
0.011724 0.011730
0.011724 0.017011
0.011723 0.019674
0.011720 0.012071
0.011716 0.012832
0.011713 0.012347
0.011709 0.011943
0.011699 0.013266
0.011687 0.012006
0.011660 0.013535
0.011658 0.019310
0.011653 0.011755
0.011639 0.018366
0.011636 0.014831
0.011629 0.012177
0.011625 0.013112
0.011619 0.016891
0.011618 0.020725
0.011613 0.013577
0.011606 0.011860
0.011599 0.011783
0.011596 0.013881
0.011594 0.013210
0.011582 0.023509
0.011580 0.013337
0.011579 0.012883
0.011578 0.013636
0.011572 0.017503
0.011571 0.011788
0.011565 0.014375
0.011560 0.016943
0.011560 0.012326
0.011556 0.012477
0.011550 0.011734
0.011550 0.012531
0.011549 0.014508
0.011547 0.017038
0.011541 0.012557
0.011536 0.012975
0.011533 0.015557
0.011525 0.013746
0.011518 0.016292
0.011515 0.012391
0.011512 0.024991
0.011503 0.012069
0.011499 0.014119
0.011483 0.013820
0.011479 0.019370
0.011476 0.016039
0.011451 0.012433
0.011448 0.013613
0.011438 0.014340
0.011432 0.013023
0.011428 0.011775
0.011428 0.012365
0.011426 0.016639
0.011416 0.021367
0.011411 0.014816
0.011409 0.013388
0.011406 0.013284
0.011403 0.011587
0.011397 0.014474
0.011391 0.013797
0.011389 0.013418
0.011375 0.021244
0.011370 0.013987
0.011368 0.012966
0.011360 0.013331
0.011359 0.011969
0.011350 0.013425
0.011344 0.013161
0.011341 0.015348
0.011330 0.013369
0.011320 0.018497
0.011320 0.015954
0.011319 0.017059
0.011301 0.012821
0.011297 0.013347
0.011289 0.011367
0.011289 0.012924
0.011289 0.013184
0.011287 0.011895
0.011287 0.011314
0.011277 0.016706
0.011268 0.012167
0.011266 0.012104
0.011260 0.017517
0.011256 0.012535
0.011244 0.018081
0.011242 0.012887
0.011241 0.014905
0.011239 0.014078
0.011239 0.012296
0.011238 0.016853
0.011233 0.012500
0.011227 0.022551
0.011223 0.012422
0.011219 0.011447
0.011219 0.013298
0.011218 0.012870
0.011214 0.014499
0.011213 0.011847
0.011209 0.013559
0.011199 0.012970
0.011198 0.011618
0.011194 0.014421
0.011188 0.014214
0.011184 0.011771
0.011179 0.013357
0.011179 0.011421
0.011176 0.012970
0.011176 0.012733
0.011168 0.013553
0.011167 0.011512
0.011166 0.012734
0.011157 0.011294
0.011157 0.011916
0.011153 0.012058
0.011153 0.012773
0.011149 0.011541
0.011148 0.011570
0.011147 0.011770
0.011142 0.021199
0.011141 0.012603
0.011138 0.011221
0.011129 0.020607
0.011120 0.012311
0.011115 0.012999
0.011113 0.013726
0.011112 0.011757
0.011109 0.015940
0.011105 0.011144
0.011102 0.018158
0.011093 0.017026
0.011089 0.014114
0.011088 0.014481
0.011088 0.014561
0.011087 0.012397
0.011072 0.012196
0.011072 0.011669
0.011071 0.011555
0.011062 0.015567
0.011059 0.012747
0.011043 0.012840
0.011034 0.020225
0.011031 0.012739
0.011028 0.011727
0.011025 0.012323
0.011017 0.012214
0.011013 0.023530
0.011005 0.012956
0.011000 0.012950
0.010999 0.015165
0.010975 0.011296
0.010974 0.012088
0.010963 0.011646
0.010941 0.014121
0.010939 0.011684
0.010938 0.011156
0.010932 0.012615
0.010924 0.011835
0.010923 0.012946
0.010920 0.012793
0.010918 0.012624
0.010910 0.011831
0.010906 0.014562
0.010902 0.012243
0.010901 0.012962
0.010896 0.012926
0.010895 0.010897
0.010893 0.017292
0.010892 0.014293
0.010890 0.011096
0.010888 0.014346
0.010869 0.014203
0.010864 0.011807
0.010859 0.013758
0.010854 0.011486
0.010850 0.012469
0.010848 0.011776
0.010846 0.011419
0.010839 0.021261
0.010835 0.020749
0.010835 0.015386
0.010834 0.012826
0.010827 0.020833
0.010821 0.012500
0.010810 0.012238
0.010807 0.016541
0.010795 0.011626
0.010793 0.013802
0.010785 0.015388
0.010781 0.011148
0.010779 0.013335
0.010777 0.012143
0.010768 0.011173
0.010759 0.015191
0.010758 0.014213
0.010751 0.018804
0.010748 0.012581
0.010746 0.019602
0.010745 0.016100
0.010742 0.013528
0.010730 0.012338
0.010720 0.017903
0.010720 0.018846
0.010711 0.013588
0.010704 0.015249
0.010701 0.013108
0.010696 0.014299
0.010696 0.011865
0.010690 0.018184
0.010688 0.012115
0.010685 0.010746
0.010683 0.011006
0.010683 0.014029
0.010679 0.015268
0.010678 0.011902
0.010675 0.011450
0.010675 0.011330
0.010671 0.019435
0.010671 0.011009
0.010657 0.020607
0.010653 0.016627
0.010649 0.011367
0.010647 0.013880
0.010647 0.017795
0.010632 0.012941
0.010630 0.012977
0.010623 0.010657
0.010623 0.017504
0.010617 0.013787
0.010616 0.016257
0.010615 0.012018
0.010610 0.016052
0.010610 0.011055
0.010586 0.012797
0.010584 0.013253
0.010581 0.011157
0.010580 0.010954
0.010580 0.012578
0.010572 0.010715
0.010567 0.011456
0.010554 0.011333
0.010552 0.011160
0.010552 0.014570
0.010546 0.011761
0.010545 0.012160
0.010544 0.022430
0.010544 0.010692
0.010543 0.011550
0.010541 0.011954
0.010540 0.010591
0.010533 0.010534
0.010525 0.011832
0.010521 0.010545
0.010521 0.010841
0.010517 0.019594
0.010514 0.015639
0.010514 0.011189
0.010513 0.012823
0.010511 0.010718
0.010506 0.011338
0.010503 0.011197
0.010495 0.015093
0.010492 0.012492
0.010489 0.010570
0.010481 0.010744
0.010477 0.013789
0.010473 0.011832
0.010471 0.012387
0.010467 0.012831
0.010467 0.012772
0.010463 0.011681
0.010461 0.012899
0.010456 0.021876
0.010456 0.015040
0.010452 0.017637
0.010448 0.011597
0.010445 0.011667
0.010444 0.010588
0.010439 0.011387
0.010439 0.012193
0.010438 0.015143
0.010438 0.011332
0.010435 0.018396
0.010433 0.015722
0.010420 0.011273
0.010419 0.011311
0.010417 0.019829
0.010417 0.013977
0.010414 0.013999
0.010412 0.022973
0.010409 0.013673
0.010402 0.013440
0.010395 0.015062
0.010393 0.011973
0.010391 0.015695
0.010388 0.013884
0.010388 0.011625
0.010386 0.015742
0.010385 0.010707
0.010378 0.019577
0.010375 0.015625
0.010372 0.011429
0.010370 0.012271
0.010362 0.014619
0.010360 0.010451
0.010359 0.010397
0.010358 0.011780
0.010352 0.011021
0.010352 0.010391
0.010347 0.017449
0.010346 0.011300
0.010345 0.014878
0.010341 0.019608
0.010332 0.019969
0.010332 0.011630
0.010326 0.011574
0.010314 0.011610
0.010308 0.011556
0.010307 0.010969
0.010302 0.019314
0.010301 0.011759
0.010297 0.013491
0.010293 0.010330
0.010289 0.010523
0.010285 0.012854
0.010276 0.020020
0.010275 0.012382
0.010259 0.018730
0.010254 0.012201
0.010249 0.010678
0.010249 0.012022
0.010242 0.010774
0.010236 0.010601
0.010231 0.012424
0.010230 0.010457
0.010224 0.013269
0.010221 0.010760
0.010208 0.014387
0.010205 0.012404
0.010200 0.016531
0.010197 0.015474
0.010196 0.010975
0.010189 0.010418
0.010183 0.011129
0.010180 0.010404
0.010175 0.016044
0.010166 0.014125
0.010161 0.013921
0.010158 0.012357
0.010150 0.010265
0.010149 0.017697
0.010137 0.010953
0.010135 0.014638
0.010134 0.013578
0.010132 0.014722
0.010117 0.012344
0.010114 0.010957
0.010108 0.015323
0.010102 0.010884
0.010093 0.010966
0.010090 0.014580
0.010085 0.010139
0.010081 0.011507
0.010061 0.015070
0.010061 0.010275
0.010056 0.010449
0.010052 0.011109
0.010050 0.017136
0.010050 0.010079
0.010049 0.015320
0.010048 0.010285
0.010047 0.010716
0.010043 0.013325
0.010041 0.011413
0.010041 0.010258
0.010035 0.010640
0.010028 0.014448
0.010028 0.010987
0.010025 0.014146
0.010024 0.010757
0.010022 0.010490
0.010015 0.010367
0.010014 0.010665
0.010009 0.012136
0.010009 0.010129
0.010007 0.015187
0.010003 0.013758
0.010000 0.012180
0.009994 0.010703
0.009992 0.016871
0.009987 0.022447
0.009984 0.011446
0.009984 0.011169
0.009980 0.010704
0.009969 0.012800
0.009952 0.010558
0.009950 0.019808
0.009946 0.011941
0.009935 0.012281
0.009934 0.011537
0.009929 0.011576
0.009929 0.010731
0.009928 0.012480
0.009921 0.016084
0.009920 0.012248
0.009919 0.010705
0.009916 0.011404
0.009913 0.013784
0.009913 0.010151
0.009904 0.011950
0.009900 0.011110
0.009886 0.015536
0.009886 0.015757
0.009885 0.012923
0.009879 0.009883
0.009877 0.013463
0.009877 0.009895
0.009876 0.012930
0.009871 0.010577
0.009868 0.014139
0.009861 0.010292
0.009858 0.010901
0.009857 0.013554
0.009856 0.010409
0.009855 0.013222
0.009855 0.009925
0.009846 0.010246
0.009845 0.012137
0.009843 0.011006
0.009843 0.010791
0.009835 0.013574
0.009831 0.010135
0.009825 0.011551
0.009824 0.011070
0.009823 0.010735
0.009823 0.011971
0.009821 0.012514
0.009819 0.010150
0.009817 0.021958
0.009815 0.010778
0.009814 0.013693
0.009807 0.012522
0.009805 0.011575
0.009804 0.012430
0.009804 0.015032
0.009801 0.011159
0.009801 0.010642
0.009800 0.011547
0.009799 0.010845
0.009797 0.010050
0.009796 0.011458
0.009796 0.012371
0.009794 0.014270
0.009794 0.011451
0.009785 0.011999
0.009784 0.018982
0.009781 0.012403
0.009780 0.010426
0.009779 0.010816
0.009775 0.011201
0.009773 0.011701
0.009770 0.015148
0.009769 0.011578
0.009764 0.010182
0.009762 0.010077
0.009753 0.021493
0.009751 0.017146
0.009750 0.010190
0.009744 0.013642
0.009742 0.010206
0.009729 0.014721
0.009728 0.011586
0.009728 0.010109
0.009726 0.021413
0.009725 0.011062
0.009724 0.010451
0.009719 0.011693
0.009719 0.009762
0.009717 0.009796
0.009717 0.014234
0.009715 0.011671
0.009707 0.011364
0.009706 0.010079
0.009700 0.013463
0.009687 0.010347
0.009686 0.010091
0.009685 0.010266
0.009681 0.011531
0.009673 0.010020
0.009668 0.011934
0.009656 0.020322
0.009655 0.009831
0.009655 0.011540
0.009654 0.009747
0.009654 0.010238
0.009653 0.011524
0.009651 0.013160
0.009646 0.012646
0.009640 0.014706
0.009637 0.016905
0.009634 0.010352
0.009632 0.011047
0.009632 0.010371
0.009629 0.010692
0.009626 0.013052
0.009624 0.016415
0.009623 0.011138
0.009622 0.010078
0.009618 0.010153
0.009617 0.013107
0.009613 0.013593
0.009612 0.009981
0.009611 0.011583
0.009610 0.018606
0.009606 0.011405
0.009606 0.016307
0.009606 0.013718
0.009600 0.020547
0.009598 0.013040
0.009590 0.014417
0.009588 0.017653
0.009585 0.011716
0.009583 0.009942
0.009583 0.015241
0.009581 0.010161
0.009581 0.010406
0.009579 0.010162
0.009576 0.010634
0.009576 0.009878
0.009575 0.010496
0.009574 0.022010
0.009573 0.012276
0.009572 0.012050
0.009571 0.011196
0.009571 0.011408
0.009548 0.013810
0.009547 0.009614
0.009543 0.010015
0.009542 0.013196
0.009541 0.010121
0.009534 0.011702
0.009533 0.012093
0.009522 0.012137
0.009521 0.009674
0.009519 0.012996
0.009504 0.012969
0.009504 0.011991
0.009504 0.011704
0.009500 0.010259
0.009495 0.009561
0.009491 0.018553
0.009489 0.014920
0.009489 0.012702
0.009487 0.009911
0.009478 0.015958
0.009477 0.010385
0.009476 0.009656
0.009471 0.011461
0.009463 0.011341
0.009459 0.012601
0.009459 0.009648
0.009458 0.011694
0.009451 0.016557
0.009449 0.012293
0.009447 0.010254
0.009444 0.015473
0.009442 0.013176
0.009441 0.016307
0.009433 0.017580
0.009432 0.015068
0.009431 0.015083
0.009430 0.009627
0.009417 0.012171
0.009417 0.012153
0.009415 0.011370
0.009414 0.016220
0.009410 0.011966
0.009409 0.014146
0.009407 0.011291
0.009403 0.009584
0.009398 0.009619
0.009395 0.009559
0.009390 0.010132
0.009386 0.014204
0.009386 0.009558
0.009383 0.012717
0.009383 0.011503
0.009381 0.019144
0.009378 0.011123
0.009377 0.017565
0.009371 0.009829
0.009371 0.016282
0.009358 0.010134
0.009355 0.010455
0.009353 0.012477
0.009353 0.011550
0.009352 0.014383
0.009350 0.009775
0.009343 0.010086
0.009338 0.009376
0.009320 0.011737
0.009315 0.013992
0.009307 0.013882
0.009307 0.010096
0.009304 0.015608
0.009301 0.011511
0.009298 0.012280
0.009292 0.009871
0.009286 0.010035
0.009271 0.014033
0.009269 0.009458
0.009261 0.010956
0.009251 0.010078
0.009242 0.012480
0.009240 0.016922
0.009233 0.010611
0.009232 0.015947
0.009230 0.009422
0.009230 0.019523
0.009227 0.013691
0.009224 0.016529
0.009220 0.014230
0.009218 0.011939
0.009214 0.016511
0.009214 0.010870
0.009214 0.011271
0.009206 0.009897
0.009201 0.009550
0.009200 0.010249
0.009198 0.012220
0.009197 0.009473
0.009197 0.015109
0.009194 0.014281
0.009194 0.009333
0.009190 0.010631
0.009190 0.009634
0.009181 0.009443
0.009176 0.009929
0.009173 0.012962
0.009169 0.015057
0.009164 0.012844
0.009164 0.022082
0.009163 0.011495
0.009160 0.016599
0.009155 0.011876
0.009155 0.012681
0.009151 0.010504
0.009151 0.013242
0.009149 0.009651
0.009146 0.013638
0.009146 0.013680
0.009145 0.009611
0.009145 0.009719
0.009138 0.012227
0.009135 0.010443
0.009133 0.011295
0.009130 0.012364
0.009126 0.017680
0.009125 0.010520
0.009125 0.010219
0.009120 0.015660
0.009120 0.015185
0.009115 0.010662
0.009114 0.018993
0.009114 0.009941
0.009109 0.009779
0.009107 0.011161
0.009105 0.010596
0.009096 0.011639
0.009095 0.011083
0.009085 0.009510
0.009083 0.009585
0.009074 0.011002
0.009072 0.010626
0.009071 0.010385
0.009070 0.009842
0.009066 0.018877
0.009065 0.013980
0.009064 0.009532
0.009058 0.010893
0.009053 0.009688
0.009053 0.009133
0.009047 0.013774
0.009038 0.009603
0.009038 0.010956
0.009024 0.009905
0.009018 0.012715
0.009016 0.012207
0.009016 0.010522
0.009016 0.010171
0.009014 0.009546
0.009012 0.009990
0.009005 0.011141
0.009003 0.011835
0.009001 0.012883
0.008998 0.015507
0.008997 0.009016
0.008994 0.013519
0.008993 0.016955
0.008991 0.009168
0.008988 0.009632
0.008984 0.009192
0.008984 0.011419
0.008981 0.025827
0.008972 0.010851
0.008969 0.010539
0.008967 0.009706
0.008966 0.013943
0.008963 0.013370
0.008956 0.013209
0.008947 0.013590
0.008945 0.011217
0.008941 0.009715
0.008932 0.009226
0.008930 0.010219
0.008930 0.010395
0.008929 0.011217
0.008927 0.011606
0.008927 0.015209
0.008927 0.020045
0.008927 0.009849
0.008922 0.010462
0.008921 0.009029
0.008915 0.011004
0.008914 0.009828
0.008911 0.008963
0.008910 0.009209
0.008910 0.010216
0.008909 0.009454
0.008909 0.009211
0.008905 0.014848
0.008903 0.008926
0.008903 0.009001
0.008901 0.009562
0.008901 0.012698
0.008897 0.010026
0.008887 0.010920
0.008882 0.009740
0.008878 0.008969
0.008876 0.011768
0.008873 0.012338
0.008873 0.009874
0.008869 0.009286
0.008869 0.016273
0.008867 0.009415
0.008859 0.012414
0.008859 0.009376
0.008856 0.017121
0.008854 0.010021
0.008853 0.011046
0.008853 0.014789
0.008853 0.012079
0.008845 0.009493
0.008845 0.012759
0.008842 0.016791
0.008841 0.011407
0.008838 0.012477
0.008835 0.012202
0.008829 0.012340
0.008828 0.009182
0.008827 0.010149
0.008825 0.013175
0.008821 0.010509
0.008821 0.011205
0.008818 0.010167
0.008817 0.009188
0.008817 0.009467
0.008816 0.012284
0.008809 0.010077
0.008809 0.009082
0.008797 0.009571
0.008797 0.009034
0.008797 0.009984
0.008796 0.012021
0.008794 0.018545
0.008792 0.009253
0.008789 0.008913
0.008788 0.013102
0.008786 0.009159
0.008786 0.013963
0.008781 0.016067
0.008781 0.015524
0.008778 0.010609
0.008776 0.010023
0.008773 0.012460
0.008770 0.010157
0.008764 0.010717
0.008763 0.009938
0.008762 0.009331
0.008761 0.015452
0.008758 0.008849
0.008757 0.010122
0.008757 0.009833
0.008754 0.009085
0.008751 0.011268
0.008750 0.016635
0.008746 0.009306
0.008745 0.013533
0.008744 0.008899
0.008739 0.009126
0.008733 0.010069
0.008733 0.011781
0.008732 0.014310
0.008730 0.010193
0.008729 0.009146
0.008725 0.017042
0.008724 0.010625
0.008719 0.017552
0.008718 0.010019
0.008716 0.010980
0.008715 0.009212
0.008715 0.017317
0.008712 0.008742
0.008703 0.010899
0.008691 0.010149
0.008687 0.012293
0.008684 0.011070
0.008682 0.011812
0.008674 0.014923
0.008670 0.010493
0.008668 0.009564
0.008667 0.014201
0.008663 0.011234
0.008660 0.013338
0.008653 0.013764
0.008645 0.011048
0.008640 0.009269
0.008634 0.010050
0.008630 0.014345
0.008628 0.009230
0.008625 0.014349
0.008619 0.009945
0.008615 0.013237
0.008614 0.012062
0.008608 0.009162
0.008605 0.012533
0.008601 0.014921
0.008596 0.009741
0.008590 0.008621
0.008588 0.015092
0.008580 0.008612
0.008577 0.011500
0.008577 0.008682
0.008575 0.012983
0.008566 0.008724
0.008561 0.018076
0.008556 0.015224
0.008553 0.013312
0.008542 0.011895
0.008538 0.009054
0.008536 0.009728
0.008536 0.010033
0.008535 0.008614
0.008530 0.009324
0.008525 0.008879
0.008521 0.009530
0.008516 0.010048
0.008515 0.014548
0.008510 0.008887
0.008508 0.010274
0.008507 0.019168
0.008507 0.008884
0.008506 0.008767
0.008505 0.010571
0.008503 0.008977
0.008499 0.008643
0.008497 0.013608
0.008497 0.008889
0.008497 0.009792
0.008496 0.008513
0.008486 0.009684
0.008486 0.009528
0.008485 0.011210
0.008476 0.009167
0.008472 0.008883
0.008471 0.012463
0.008463 0.011248
0.008458 0.010264
0.008458 0.014697
0.008458 0.012686
0.008452 0.008803
0.008446 0.009482
0.008446 0.011949
0.008445 0.016129
0.008443 0.009169
0.008434 0.011319
0.008433 0.013392
0.008429 0.010099
0.008425 0.013703
0.008421 0.011563
0.008420 0.010073
0.008419 0.012571
0.008417 0.014046
0.008412 0.010527
0.008407 0.008491
0.008405 0.010116
0.008402 0.012129
0.008401 0.014574
0.008401 0.015763
0.008401 0.009241
0.008399 0.009892
0.008399 0.012621
0.008396 0.008540
0.008395 0.010952
0.008394 0.008522
0.008392 0.008449
0.008382 0.012653
0.008378 0.013401
0.008378 0.015687
0.008377 0.010428
0.008375 0.010558
0.008374 0.009219
0.008374 0.009112
0.008372 0.009924
0.008370 0.008715
0.008367 0.009637
0.008366 0.013903
0.008364 0.008860
0.008360 0.012061
0.008344 0.014146
0.008343 0.011936
0.008343 0.008630
0.008340 0.008759
0.008336 0.011595
0.008335 0.010185
0.008328 0.012921
0.008326 0.014315
0.008325 0.018591
0.008325 0.009331
0.008322 0.008818
0.008317 0.011193
0.008316 0.014992
0.008310 0.012940
0.008307 0.009446
0.008302 0.010269
0.008298 0.020801
0.008296 0.009861
0.008296 0.020046
0.008289 0.013895
0.008282 0.020759
0.008281 0.015414
0.008276 0.009710
0.008275 0.017931
0.008274 0.009314
0.008266 0.010921
0.008260 0.009090
0.008256 0.009078
0.008256 0.011727
0.008255 0.012946
0.008253 0.009415
0.008249 0.009787
0.008248 0.009322
0.008243 0.009191
0.008240 0.016808
0.008231 0.010139
0.008228 0.008897
0.008224 0.021930
0.008217 0.015016
0.008216 0.011746
0.008215 0.016355
0.008215 0.008970
0.008212 0.016356
0.008206 0.012239
0.008198 0.013211
0.008195 0.011582
0.008194 0.008866
0.008192 0.008586
0.008191 0.012142
0.008189 0.010427
0.008182 0.012873
0.008179 0.012323
0.008175 0.008755
0.008169 0.009026
0.008166 0.008267
0.008164 0.010394
0.008164 0.008467
0.008159 0.010501
0.008156 0.017766
0.008152 0.008675
0.008151 0.008600
0.008151 0.009081
0.008142 0.008336
0.008137 0.014591
0.008136 0.008581
0.008133 0.010777
0.008133 0.010716
0.008133 0.009826
0.008131 0.009021
0.008131 0.009889
0.008131 0.015470
0.008126 0.009863
0.008124 0.016438
0.008119 0.008959
0.008118 0.012143
0.008118 0.011277
0.008115 0.008316
0.008107 0.008913
0.008107 0.010308
0.008104 0.008466
0.008101 0.010033
0.008096 0.012881
0.008093 0.015970
0.008089 0.008766
0.008081 0.011316
0.008081 0.010542
0.008073 0.008587
0.008068 0.008096
0.008065 0.013882
0.008065 0.009627
0.008062 0.010501
0.008059 0.017687
0.008056 0.013858
0.008046 0.008847
0.008043 0.008311
0.008042 0.009889
0.008040 0.010038
0.008033 0.011468
0.008033 0.010363
0.008032 0.017053
0.008031 0.008649
0.008031 0.014268
0.008025 0.009526
0.008017 0.008317
0.008009 0.017571
0.008007 0.008027
0.008002 0.008593
0.007997 0.013187
0.007991 0.008192
0.007991 0.014642
0.007990 0.017963
0.007987 0.009217
0.007983 0.010402
0.007982 0.013833
0.007980 0.022558
0.007978 0.011701
0.007974 0.008174
0.007974 0.015942
0.007973 0.012996
0.007968 0.008776
0.007960 0.009184
0.007957 0.013874
0.007953 0.009922
0.007947 0.009786
0.007944 0.009811
0.007938 0.008461
0.007938 0.008735
0.007933 0.008271
0.007928 0.010379
0.007925 0.010353
0.007921 0.008175
0.007921 0.010106
0.007920 0.013690
0.007919 0.008852
0.007917 0.008919
0.007917 0.009223
0.007913 0.009135
0.007912 0.008148
0.007912 0.010987
0.007910 0.011052
0.007906 0.015311
0.007900 0.007966
0.007900 0.010106
0.007896 0.010492
0.007896 0.008150
0.007895 0.012823
0.007895 0.012959
0.007894 0.008529
0.007889 0.016884
0.007887 0.017814
0.007887 0.016919
0.007884 0.007905
0.007884 0.017303
0.007884 0.008648
0.007883 0.009624
0.007871 0.014332
0.007867 0.008398
0.007863 0.010773
0.007863 0.008397
0.007862 0.009945
0.007857 0.008699
0.007853 0.008749
0.007848 0.007862
0.007846 0.009731
0.007843 0.008111
0.007841 0.008481
0.007829 0.011450
0.007826 0.008023
0.007826 0.008417
0.007825 0.012231
0.007825 0.008051
0.007821 0.013256
0.007814 0.012570
0.007812 0.009182
0.007811 0.011509
0.007800 0.009658
0.007798 0.007809
0.007796 0.009217
0.007791 0.010406
0.007790 0.007850
0.007780 0.008245
0.007780 0.012708
0.007776 0.018634
0.007771 0.009123
0.007767 0.008136
0.007765 0.013534
0.007765 0.009351
0.007764 0.015801
0.007760 0.010724
0.007752 0.008242
0.007749 0.009286
0.007749 0.007796
0.007745 0.008060
0.007744 0.009487
0.007743 0.009376
0.007739 0.013147
0.007739 0.008861
0.007737 0.012753
0.007736 0.008420
0.007734 0.013142
0.007730 0.011252
0.007727 0.008118
0.007726 0.009265
0.007721 0.007801
0.007720 0.009062
0.007720 0.009259
0.007715 0.008970
0.007713 0.008789
0.007711 0.007802
0.007710 0.007977
0.007704 0.007782
0.007699 0.008974
0.007699 0.015698
0.007699 0.008812
0.007697 0.011202
0.007696 0.007849
0.007684 0.007773
0.007684 0.014015
0.007677 0.007770
0.007677 0.011780
0.007671 0.007694
0.007670 0.007718
0.007666 0.010894
0.007663 0.017262
0.007659 0.007689
0.007657 0.012648
0.007650 0.007985
0.007639 0.012527
0.007636 0.007811
0.007634 0.008388
0.007618 0.007893
0.007617 0.010424
0.007615 0.009124
0.007611 0.008511
0.007605 0.008067
0.007599 0.012958
0.007594 0.008596
0.007585 0.008113
0.007584 0.012224
0.007581 0.013821
0.007579 0.009024
0.007578 0.014023
0.007575 0.008546
0.007575 0.011568
0.007573 0.009392
0.007569 0.012307
0.007558 0.008642
0.007554 0.009979
0.007549 0.008950
0.007547 0.007686
0.007538 0.007568
0.007534 0.009173
0.007533 0.008071
0.007531 0.008074
0.007529 0.010824
0.007527 0.008037
0.007525 0.011217
0.007523 0.008268
0.007520 0.010054
0.007513 0.007591
0.007512 0.011244
0.007511 0.008234
0.007510 0.008777
0.007510 0.010782
0.007509 0.008095
0.007509 0.010053
0.007508 0.009654
0.007507 0.009220
0.007505 0.007639
0.007503 0.008457
0.007501 0.009193
0.007498 0.010903
0.007495 0.008553
0.007488 0.009787
0.007486 0.008760
0.007481 0.011151
0.007479 0.007499
0.007475 0.007865
0.007474 0.008172
0.007468 0.010567
0.007466 0.009463
0.007461 0.008401
0.007459 0.008164
0.007443 0.014436
0.007431 0.012835
0.007431 0.010327
0.007430 0.008612
0.007427 0.008914
0.007426 0.012278
0.007424 0.008103
0.007422 0.009515
0.007418 0.011243
0.007416 0.007796
0.007414 0.007418
0.007413 0.007997
0.007411 0.009020
0.007410 0.013559
0.007409 0.008036
0.007408 0.007800
0.007407 0.009455
0.007405 0.007805
0.007405 0.015983
0.007402 0.016092
0.007397 0.008520
0.007393 0.008025
0.007389 0.009177
0.007387 0.007606
0.007377 0.012609
0.007376 0.007454
0.007376 0.010896
0.007371 0.012859
0.007362 0.009911
0.007358 0.008661
0.007357 0.009107
0.007350 0.008156
0.007344 0.008201
0.007344 0.008891
0.007341 0.007772
0.007340 0.010691
0.007331 0.015446
0.007329 0.007671
0.007328 0.007819
0.007325 0.007358
0.007315 0.008955
0.007313 0.007525
0.007300 0.018011
0.007297 0.007825
0.007294 0.007313
0.007291 0.007670
0.007291 0.008111
0.007290 0.008828
0.007257 0.009433
0.007252 0.008746
0.007250 0.010829
0.007248 0.007927
0.007247 0.009225
0.007244 0.008951
0.007243 0.008124
0.007240 0.007838
0.007239 0.008311
0.007238 0.009296
0.007237 0.009210
0.007237 0.009022
0.007237 0.008924
0.007235 0.007398
0.007233 0.011549
0.007230 0.008397
0.007230 0.011434
0.007228 0.008672
0.007217 0.007689
0.007211 0.008018
0.007205 0.008758
0.007205 0.008707
0.007188 0.007552
0.007187 0.008493
0.007187 0.008249
0.007164 0.007251
0.007162 0.007732
0.007148 0.013368
0.007130 0.007301
0.007128 0.010045
0.007128 0.008009
0.007126 0.007499
0.007119 0.008621
0.007112 0.008679
0.007110 0.009084
0.007108 0.007577
0.007107 0.008849
0.007099 0.011940
0.007099 0.013686
0.007098 0.008310
0.007098 0.007451
0.007097 0.007928
0.007097 0.015639
0.007095 0.008265
0.007091 0.008746
0.007085 0.007999
0.007084 0.008278
0.007083 0.013892
0.007070 0.010938
0.007069 0.008141
0.007061 0.008062
0.007059 0.007382
0.007057 0.007127
0.007043 0.007606
0.007042 0.008840
0.007041 0.011435
0.007039 0.007859
0.007036 0.010143
0.007024 0.007917
0.007022 0.008161
0.007016 0.009061
0.007016 0.007785
0.007006 0.007782
0.006998 0.007503
0.006989 0.008068
0.006987 0.015597
0.006983 0.010576
0.006976 0.010668
0.006975 0.009291
0.006959 0.009263
0.006959 0.007448
0.006954 0.007790
0.006953 0.013210
0.006950 0.007679
0.006949 0.007794
0.006948 0.008028
0.006945 0.007449
0.006926 0.007257
0.006925 0.007499
0.006919 0.007570
0.006917 0.013463
0.006910 0.008613
0.006908 0.008572
0.006903 0.009675
0.006898 0.008260
0.006893 0.012627
0.006891 0.007391
0.006885 0.011263
0.006885 0.009099
0.006870 0.009271
0.006870 0.008476
0.006867 0.007935
0.006862 0.007150
0.006858 0.007423
0.006858 0.007167
0.006852 0.007026
0.006840 0.008659
0.006839 0.009693
0.006838 0.008144
0.006822 0.007115
0.006817 0.008915
0.006816 0.008100
0.006816 0.007197
0.006815 0.007362
0.006812 0.007570
0.006810 0.007272
0.006810 0.007796
0.006809 0.013897
0.006805 0.006892
0.006803 0.007610
0.006802 0.008047
0.006802 0.011454
0.006801 0.007618
0.006800 0.007748
0.006797 0.011431
0.006792 0.006884
0.006790 0.006965
0.006779 0.008671
0.006771 0.010666
0.006760 0.008919
0.006760 0.011934
0.006750 0.006987
0.006747 0.008068
0.006740 0.012191
0.006737 0.012254
0.006737 0.006892
0.006736 0.011430
0.006732 0.007805
0.006726 0.007484
0.006724 0.007279
0.006704 0.009666
0.006702 0.007764
0.006697 0.006956
0.006697 0.006728
0.006697 0.008127
0.006690 0.008638
0.006683 0.010850
0.006682 0.008066
0.006678 0.010105
0.006668 0.010076
0.006656 0.012177
0.006656 0.008278
0.006655 0.007749
0.006655 0.007883
0.006650 0.010921
0.006648 0.009283
0.006644 0.011593
0.006626 0.007290
0.006625 0.006871
0.006620 0.006860
0.006612 0.007205
0.006605 0.007237
0.006601 0.006613
0.006584 0.008848
0.006579 0.007563
0.006574 0.007504
0.006574 0.008151
0.006570 0.008296
0.006568 0.006826
0.006562 0.008584
0.006560 0.008808
0.006555 0.008038
0.006550 0.007674
0.006540 0.015187
0.006536 0.011568
0.006534 0.007930
0.006524 0.008001
0.006519 0.006976
0.006518 0.007419
0.006518 0.007573
0.006509 0.006639
0.006507 0.009405
0.006506 0.008236
0.006495 0.007187
0.006492 0.008299
0.006483 0.006712
0.006479 0.008367
0.006448 0.008231
0.006448 0.006535
0.006446 0.007494
0.006438 0.009553
0.006437 0.009262
0.006437 0.007193
0.006426 0.006639
0.006415 0.006740
0.006405 0.007757
0.006402 0.007086
0.006392 0.008121
0.006387 0.009601
0.006385 0.006559
0.006374 0.010129
0.006367 0.008557
0.006363 0.007489
0.006360 0.007296
0.006346 0.007827
0.006338 0.009978
0.006337 0.006488
0.006336 0.008072
0.006331 0.006461
0.006325 0.006603
0.006314 0.008920
0.006295 0.006820
0.006294 0.010477
0.006279 0.007692
0.006277 0.006731
0.006275 0.010542
0.006259 0.007369
0.006256 0.006520
0.006247 0.012957
0.006243 0.006282
0.006234 0.007185
0.006231 0.006862
0.006218 0.006291
0.006212 0.008812
0.006205 0.008476
0.006202 0.006432
0.006199 0.007249
0.006194 0.007577
0.006186 0.007827
0.006174 0.012739
0.006136 0.011487
0.006119 0.006642
0.006118 0.008133
0.006111 0.006495
0.006109 0.006412
0.006099 0.007195
0.006095 0.006351
0.006095 0.007342
0.006095 0.007159
0.006090 0.008591
0.006089 0.006658
0.006077 0.007787
0.006074 0.006481
0.006060 0.006179
0.006057 0.006815
0.006055 0.006198
0.006054 0.006238
0.006034 0.007130
0.006031 0.006423
0.006012 0.006208
0.005996 0.006101
0.005993 0.006120
0.005981 0.012247
0.005978 0.006376
0.005973 0.006592
0.005966 0.006669
0.005951 0.009110
0.005939 0.006538
0.005934 0.006491
0.005926 0.007161
0.005924 0.007545
0.005924 0.006243
0.005922 0.008085
0.005922 0.007587
0.005920 0.008177
0.005918 0.006393
0.005908 0.008284
0.005874 0.007155
0.005863 0.006813
0.005854 0.007766
0.005844 0.006032
0.005838 0.007947
0.005833 0.006486
0.005832 0.006605
0.005817 0.008406
0.005809 0.006019
0.005787 0.010053
0.005785 0.010087
0.005775 0.005943
0.005764 0.005883
0.005764 0.007566
0.005763 0.006112
0.005763 0.008739
0.005762 0.009919
0.005741 0.006012
0.005740 0.006346
0.005738 0.005819
0.005731 0.006056
0.005730 0.008068
0.005726 0.006493
0.005724 0.005871
0.005714 0.005772
0.005713 0.006030
0.005713 0.007090
0.005708 0.006864
0.005706 0.006925
0.005703 0.007478
0.005689 0.006221
0.005682 0.005835
0.005680 0.006903
0.005670 0.006482
0.005668 0.006106
0.005649 0.006343
0.005640 0.007344
0.005636 0.006716
0.005630 0.007346
0.005620 0.005886
0.005613 0.005858
0.005611 0.006263
0.005597 0.005751
0.005595 0.007360
0.005591 0.006116
0.005590 0.005923
0.005563 0.006078
0.005556 0.005640
0.005555 0.007176
0.005549 0.006769
0.005547 0.008174
0.005546 0.005599
0.005542 0.008530
0.005542 0.005871
0.005536 0.007469
0.005535 0.006305
0.005527 0.006270
0.005523 0.006463
0.005508 0.008640
0.005502 0.005961
0.005494 0.006903
0.005489 0.005920
0.005478 0.006506
0.005473 0.005891
0.005472 0.008354
0.005470 0.006228
0.005454 0.006532
0.005453 0.006170
0.005452 0.005465
0.005441 0.006579
0.005432 0.005972
0.005425 0.006074
0.005414 0.005440
0.005406 0.006786
0.005382 0.005658
0.005365 0.005464
0.005342 0.006436
0.005336 0.005862
0.005303 0.007406
0.005294 0.005965
0.005288 0.006163
0.005283 0.005846
0.005282 0.005976
0.005278 0.005593
0.005265 0.005551
0.005250 0.005525
0.005242 0.005496
0.005233 0.005629
0.005226 0.006282
0.005220 0.005911
0.005212 0.007429
0.005204 0.006166
0.005176 0.005325
0.005161 0.006055
0.005160 0.006437
0.005155 0.006228
0.005154 0.006561
0.005152 0.005349
0.005151 0.006242
0.005142 0.005439
0.005138 0.005374
0.005135 0.006245
0.005099 0.006045
0.005089 0.005305
0.005081 0.005643
0.005080 0.006421
0.005076 0.006243
0.005048 0.005776
0.005003 0.005381
0.004983 0.005171
0.004980 0.006658
0.004968 0.005547
0.004967 0.005552
0.004967 0.004992
0.004953 0.005061
0.004952 0.005772
0.004923 0.006938
0.004909 0.005145
0.004906 0.005187
0.004891 0.005887
0.004888 0.005018
0.004820 0.005811
0.004814 0.005068
0.004813 0.004880
0.004805 0.006363
0.004797 0.005361
0.004797 0.005165
0.004755 0.005857
0.004689 0.005041
0.004663 0.005259
0.004640 0.005303
0.004639 0.004741
0.004621 0.005027
0.004547 0.004888
0.004534 0.004992
0.004514 0.004554
0.004504 0.005014
0.004500 0.007160
0.004486 0.005189
0.004411 0.004694
0.004375 0.005751
0.004315 0.005747
0.004307 0.004692
0.004304 0.004321
0.004304 0.004354
0.004292 0.004309
0.004238 0.004294
0.004110 0.005240
0.004062 0.004379
0.004057 0.004584
0.004053 0.004317
0.004029 0.004994
0.003962 0.004521
0.003904 0.004054
0.003903 0.004473
0.003756 0.004221
0.003684 0.005018
0.003645 0.003658
0.003644 0.003672
0.003560 0.003911
0.003555 0.004640
0.003548 0.003660
0.003474 0.003553
0.003425 0.003442
0.003412 0.003726
0.003411 0.003549
0.003262 0.003822
0.003187 0.003588
0.003112 0.003247
0.003109 0.003201
0.003091 0.003717
0.002973 0.003333
0.002973 0.003619
0.002882 0.003267
0.002486 0.002913
