0.167150 0.191896
0.133040 0.142263
0.116501 0.131457
0.109533 0.167705
0.108707 0.157596
0.102610 0.109229
0.094653 0.099818
0.070773 0.081182
0.069847 0.087751
0.065569 0.070002
0.065221 0.073311
0.062481 0.102227
0.060013 0.087279
0.059934 0.060966
0.058804 0.062803
0.058480 0.059210
0.057193 0.066785
0.055154 0.056319
0.054793 0.074016
0.054335 0.057186
0.053840 0.064394
0.053151 0.053240
0.052130 0.061459
0.051955 0.065429
0.051475 0.054336
0.051039 0.081206
0.050883 0.054633
0.049316 0.051122
0.048661 0.058513
0.048514 0.053431
0.048425 0.053370
0.047998 0.055624
0.047371 0.053119
0.047147 0.048368
0.046891 0.056343
0.046219 0.060687
0.046173 0.047076
0.046099 0.063792
0.045471 0.045750
0.044656 0.046430
0.044085 0.050313
0.043345 0.068496
0.043142 0.053063
0.042449 0.070926
0.041999 0.051586
0.041779 0.043841
0.041551 0.047712
0.041476 0.041943
0.039698 0.040572
0.039660 0.043887
0.039574 0.059613
0.039481 0.040498
0.039419 0.043164
0.039189 0.052539
0.039163 0.041355
0.038873 0.044123
0.038740 0.048167
0.038591 0.039445
0.038370 0.039246
0.038142 0.044238
0.038130 0.040140
0.038035 0.040162
0.037923 0.039728
0.037619 0.065337
0.037589 0.042631
0.037511 0.038870
0.037464 0.054867
0.037209 0.040507
0.037017 0.050412
0.036992 0.038472
0.036973 0.040278
0.036907 0.037121
0.036667 0.045340
0.036585 0.044520
0.036454 0.039881
0.036407 0.038786
0.035958 0.037886
0.035768 0.036051
0.035759 0.046112
0.035691 0.043403
0.035517 0.036550
0.035513 0.037310
0.035438 0.050840
0.035159 0.041924
0.034978 0.043324
0.034930 0.041277
0.034686 0.038554
0.034634 0.052713
0.034036 0.034699
0.033740 0.037151
0.033721 0.051994
0.033700 0.035108
0.033654 0.043671
0.033622 0.040749
0.033618 0.036847
0.033555 0.034053
0.033478 0.058991
0.033427 0.034501
0.033079 0.038024
0.033050 0.035626
0.033016 0.043522
0.032956 0.035585
0.032760 0.038818
0.032656 0.037864
0.032119 0.040511
0.032118 0.036914
0.032104 0.038751
0.031968 0.040523
0.031940 0.035433
0.031935 0.040771
0.031857 0.035541
0.031779 0.035123
0.031717 0.035035
0.031597 0.056732
0.031513 0.035142
0.031237 0.043212
0.031216 0.032923
0.031128 0.037554
0.030930 0.036768
0.030821 0.031076
0.030621 0.051730
0.030551 0.032151
0.030548 0.030821
0.030534 0.032226
0.030522 0.032098
0.030509 0.032535
0.030501 0.034572
0.030407 0.036262
0.030359 0.035792
0.030230 0.033685
0.030206 0.031427
0.030154 0.040132
0.030123 0.030839
0.029714 0.046647
0.029697 0.040247
0.029469 0.033667
0.029458 0.040858
0.029437 0.039858
0.029427 0.047592
0.029189 0.030218
0.029030 0.032547
0.029002 0.031936
0.028984 0.035097
0.028933 0.035785
0.028883 0.031115
0.028882 0.029587
0.028879 0.031617
0.028871 0.041745
0.028817 0.030658
0.028791 0.030372
0.028754 0.034569
0.028571 0.037667
0.028529 0.033443
0.028427 0.031337
0.028394 0.051019
0.028323 0.042075
0.028246 0.052025
0.028161 0.042019
0.028083 0.028107
0.028008 0.034695
0.028003 0.031340
0.027965 0.032678
0.027837 0.032173
0.027833 0.030672
0.027756 0.035056
0.027670 0.032553
0.027661 0.035246
0.027527 0.035806
0.027518 0.031581
0.027407 0.044250
0.027326 0.030536
0.027296 0.034633
0.027164 0.029326
0.027035 0.031010
0.026968 0.058481
0.026903 0.030090
0.026845 0.026873
0.026844 0.031988
0.026662 0.031758
0.026597 0.032761
0.026553 0.031772
0.026401 0.034102
0.026353 0.026763
0.026222 0.026456
0.026159 0.027299
0.026147 0.032042
0.026137 0.036273
0.026103 0.028377
0.026086 0.027054
0.026068 0.030281
0.025973 0.039504
0.025851 0.027089
0.025835 0.030204
0.025806 0.036901
0.025787 0.046501
0.025702 0.031304
0.025604 0.026966
0.025596 0.040594
0.025512 0.031191
0.025472 0.027258
0.025446 0.040253
0.025412 0.027189
0.025298 0.032083
0.025276 0.037853
0.025260 0.026735
0.025238 0.029319
0.025226 0.027053
0.025140 0.026588
0.025132 0.031938
0.025027 0.033154
0.024954 0.030981
0.024953 0.027499
0.024949 0.041740
0.024926 0.026340
0.024869 0.025580
0.024797 0.028045
0.024767 0.025519
0.024741 0.031222
0.024738 0.041203
0.024693 0.045315
0.024655 0.039047
0.024628 0.049237
0.024627 0.029985
0.024603 0.029217
0.024520 0.028832
0.024484 0.030375
0.024476 0.029383
0.024475 0.089864
0.024376 0.024544
0.024355 0.027572
0.024285 0.037345
0.024242 0.026106
0.024197 0.025832
0.024187 0.033959
0.024134 0.029905
0.024071 0.025145
0.024034 0.028854
0.023993 0.027777
0.023923 0.036335
0.023881 0.037119
0.023853 0.036686
0.023834 0.034589
0.023797 0.028206
0.023792 0.029450
0.023782 0.026913
0.023763 0.035763
0.023760 0.024969
0.023745 0.025121
0.023720 0.026806
0.023711 0.030903
0.023614 0.045757
0.023588 0.028285
0.023577 0.029525
0.023535 0.029442
0.023424 0.033512
0.023368 0.023606
0.023342 0.026333
0.023321 0.024949
0.023259 0.037335
0.023231 0.023864
0.023224 0.023441
0.023202 0.030722
0.023200 0.023254
0.023146 0.027597
0.023090 0.024729
0.023073 0.028741
0.023059 0.031474
0.023057 0.025253
0.022964 0.036494
0.022894 0.027741
0.022861 0.028254
0.022853 0.023199
0.022830 0.036919
0.022766 0.023740
0.022745 0.034707
0.022737 0.042095
0.022702 0.028220
0.022685 0.024989
0.022683 0.032955
0.022672 0.022931
0.022611 0.028635
0.022590 0.029530
0.022543 0.034330
0.022531 0.028739
0.022520 0.023879
0.022485 0.026578
0.022420 0.029525
0.022403 0.041080
0.022386 0.024467
0.022325 0.025199
0.022297 0.028739
0.022235 0.025474
0.022226 0.049188
0.022125 0.022523
0.022098 0.023080
0.022086 0.030162
0.022070 0.030080
0.022058 0.030142
0.022006 0.027740
0.021949 0.022474
0.021932 0.043410
0.021891 0.033157
0.021846 0.041663
0.021818 0.034268
0.021713 0.028279
0.021701 0.022765
0.021681 0.044347
0.021659 0.030068
0.021651 0.023130
0.021631 0.030798
0.021584 0.034152
0.021552 0.021593
0.021493 0.033332
0.021409 0.028404
0.021385 0.022122
0.021370 0.024431
0.021337 0.022715
0.021320 0.022053
0.021304 0.029206
0.021243 0.025597
0.021163 0.022981
0.021158 0.027871
0.021129 0.022442
0.021081 0.027184
0.021035 0.027151
0.021025 0.022167
0.021001 0.021267
0.020978 0.025041
0.020957 0.036165
0.020924 0.021050
0.020876 0.023039
0.020845 0.028103
0.020803 0.023780
0.020774 0.021394
0.020763 0.024082
0.020739 0.021261
0.020693 0.027507
0.020645 0.022493
0.020583 0.024357
0.020537 0.027944
0.020503 0.026478
0.020456 0.026005
0.020421 0.027426
0.020405 0.026934
0.020343 0.022612
0.020321 0.029114
0.020292 0.021019
0.020275 0.020825
0.020270 0.024129
0.020269 0.021274
0.020259 0.021415
0.020246 0.023258
0.020188 0.030142
0.020156 0.020208
0.020155 0.022442
0.020112 0.029022
0.020091 0.024051
0.020086 0.027476
0.020025 0.026485
0.020008 0.021953
0.019855 0.024930
0.019847 0.028306
0.019781 0.021200
0.019776 0.029404
0.019771 0.037987
0.019730 0.029077
0.019666 0.020642
0.019655 0.021312
0.019637 0.019911
0.019590 0.022735
0.019419 0.019741
0.019407 0.029052
0.019391 0.022450
0.019377 0.020812
0.019373 0.031599
0.019342 0.019776
0.019329 0.022239
0.019311 0.020313
0.019288 0.019726
0.019273 0.032083
0.019252 0.023435
0.019184 0.031191
0.019114 0.025188
0.019092 0.020825
0.019045 0.020226
0.018989 0.029977
0.018967 0.023078
0.018954 0.019149
0.018943 0.019734
0.018891 0.019716
0.018868 0.025433
0.018866 0.038434
0.018861 0.021070
0.018852 0.022163
0.018812 0.020055
0.018776 0.019632
0.018718 0.026447
0.018636 0.021050
0.018602 0.020052
0.018555 0.040722
0.018530 0.036193
0.018515 0.023751
0.018472 0.020561
0.018373 0.030603
0.018315 0.029005
0.018288 0.023307
0.018277 0.035120
0.018271 0.020586
0.018268 0.025084
0.018254 0.023935
0.018236 0.030225
0.018182 0.020458
0.018144 0.019127
0.018140 0.029242
0.018126 0.023740
0.018115 0.030840
0.018097 0.022871
0.018093 0.018280
0.018063 0.020085
0.018050 0.018134
0.018017 0.020237
0.017951 0.018569
0.017935 0.019065
0.017914 0.019146
0.017890 0.018136
0.017887 0.019596
0.017841 0.024634
0.017832 0.018372
0.017829 0.020258
0.017785 0.020787
0.017784 0.018454
0.017696 0.017912
0.017686 0.022177
0.017676 0.020829
0.017638 0.018444
0.017600 0.025491
0.017596 0.021604
0.017591 0.018206
0.017564 0.026794
0.017530 0.018991
0.017481 0.019694
0.017481 0.018436
0.017474 0.019633
0.017440 0.017667
0.017401 0.027021
0.017373 0.017630
0.017331 0.017637
0.017308 0.020930
0.017304 0.018717
0.017262 0.019353
0.017237 0.027393
0.017228 0.022082
0.017189 0.030064
0.017182 0.018372
0.017178 0.018040
0.017171 0.019374
0.017170 0.022305
0.017166 0.017779
0.017162 0.025688
0.017101 0.019529
0.017083 0.030187
0.017040 0.027393
0.017034 0.017242
0.016986 0.020667
0.016981 0.019123
0.016958 0.023433
0.016848 0.023612
0.016828 0.018187
0.016791 0.023198
0.016790 0.020518
0.016763 0.021135
0.016763 0.017434
0.016758 0.022204
0.016749 0.017319
0.016702 0.020512
0.016676 0.021969
0.016672 0.027357
0.016669 0.022135
0.016651 0.033413
0.016645 0.021114
0.016637 0.018607
0.016589 0.018708
0.016497 0.016973
0.016459 0.019046
0.016453 0.019577
0.016452 0.028169
0.016412 0.018867
0.016383 0.023794
0.016334 0.020961
0.016332 0.016794
0.016321 0.019650
0.016308 0.018320
0.016307 0.023457
0.016280 0.019377
0.016273 0.017151
0.016255 0.017860
0.016249 0.017068
0.016223 0.016228
0.016150 0.017891
0.016123 0.019205
0.016102 0.018341
0.016086 0.016332
0.016050 0.017740
0.015978 0.017951
0.015960 0.016359
0.015932 0.020379
0.015918 0.016862
0.015904 0.016958
0.015889 0.018956
0.015887 0.025833
0.015878 0.033013
0.015847 0.016567
0.015816 0.020365
0.015811 0.033981
0.015805 0.020745
0.015760 0.016887
0.015711 0.017266
0.015595 0.020899
0.015586 0.016528
0.015573 0.022645
0.015548 0.017025
0.015531 0.023546
0.015465 0.015820
0.015437 0.019654
0.015395 0.016596
0.015301 0.015659
0.015294 0.017250
0.015278 0.020840
0.015276 0.015569
0.015265 0.015483
0.015255 0.020117
0.015224 0.018427
0.015222 0.017401
0.015174 0.016866
0.015138 0.016483
0.015075 0.015147
0.015001 0.042420
0.014975 0.022475
0.014973 0.015731
0.014839 0.017693
0.014827 0.017348
0.014799 0.023022
0.014762 0.015752
0.014754 0.017885
0.014743 0.015121
0.014724 0.017013
0.014664 0.016303
0.014664 0.021956
0.014661 0.017502
0.014625 0.021755
0.014617 0.018503
0.014588 0.018659
0.014553 0.018500
0.014545 0.017346
0.014526 0.014564
0.014515 0.030166
0.014492 0.016790
0.014456 0.016551
0.014414 0.016424
0.014393 0.015532
0.014357 0.016587
0.014282 0.015354
0.014256 0.018904
0.014209 0.017464
0.014207 0.022119
0.014187 0.014712
0.014181 0.016227
0.014151 0.021329
0.014136 0.016294
0.014117 0.015332
0.014072 0.014916
0.014069 0.014244
0.014045 0.017236
0.014020 0.015654
0.014018 0.014516
0.013993 0.021850
0.013974 0.014832
0.013963 0.013982
0.013957 0.016686
0.013941 0.016308
0.013932 0.016268
0.013927 0.020522
0.013879 0.017330
0.013829 0.014399
0.013771 0.014479
0.013753 0.014262
0.013737 0.014578
0.013641 0.013851
0.013633 0.014792
0.013610 0.016705
0.013582 0.022939
0.013553 0.013774
0.013529 0.014733
0.013504 0.016943
0.013497 0.014630
0.013444 0.019205
0.013430 0.016193
0.013416 0.013800
0.013332 0.014187
0.013311 0.017310
0.013283 0.013772
0.013266 0.020024
0.013236 0.015744
0.013218 0.018242
0.013217 0.015514
0.013165 0.014922
0.013124 0.016462
0.013052 0.018918
0.013026 0.013726
0.013002 0.017393
0.012987 0.019211
0.012905 0.013316
0.012893 0.013666
0.012873 0.018489
0.012872 0.014059
0.012860 0.013065
0.012849 0.016042
0.012839 0.015808
0.012806 0.020006
0.012796 0.017301
0.012784 0.013655
0.012748 0.013066
0.012744 0.016317
0.012700 0.013407
0.012700 0.013004
0.012650 0.012664
0.012592 0.015628
0.012581 0.014981
0.012577 0.020482
0.012576 0.013001
0.012571 0.015467
0.012529 0.018964
0.012526 0.013586
0.012523 0.026059
0.012506 0.013758
0.012495 0.012603
0.012476 0.013445
0.012460 0.014608
0.012446 0.014264
0.012401 0.015341
0.012351 0.013194
0.012319 0.012658
0.012306 0.013995
0.012288 0.018249
0.012281 0.015320
0.012280 0.012437
0.012251 0.013027
0.012243 0.015711
0.012243 0.012698
0.012232 0.014517
0.012224 0.012728
0.012207 0.019746
0.012198 0.013130
0.012136 0.013187
0.012126 0.013476
0.012089 0.016505
0.012072 0.023218
0.012056 0.012421
0.012045 0.013695
0.012022 0.013736
0.012012 0.012155
0.011995 0.013409
0.011990 0.013563
0.011962 0.016332
0.011961 0.013174
0.011935 0.013319
0.011929 0.020848
0.011887 0.013545
0.011883 0.014127
0.011859 0.014212
0.011837 0.022911
0.011829 0.012415
0.011810 0.013608
0.011808 0.013122
0.011796 0.014692
0.011760 0.019227
0.011680 0.012166
0.011647 0.012294
0.011606 0.025853
0.011603 0.012962
0.011563 0.012921
0.011560 0.021163
0.011545 0.012009
0.011532 0.014148
0.011520 0.011945
0.011509 0.011674
0.011478 0.012056
0.011470 0.014639
0.011434 0.014767
0.011400 0.014627
0.011355 0.011937
0.011337 0.012537
0.011335 0.015478
0.011301 0.012162
0.011253 0.011299
0.011252 0.013033
0.011239 0.014373
0.011200 0.011448
0.011175 0.014484
0.011139 0.011657
0.011138 0.011984
0.011125 0.020373
0.011107 0.011308
0.011095 0.020026
0.011068 0.011434
0.011067 0.011286
0.011051 0.012342
0.011050 0.014445
0.011046 0.012247
0.011045 0.011272
0.010981 0.016450
0.010941 0.014148
0.010902 0.012804
0.010894 0.011563
0.010890 0.011255
0.010867 0.014342
0.010863 0.015089
0.010844 0.011470
0.010794 0.013633
0.010766 0.011853
0.010728 0.013416
0.010715 0.024572
0.010706 0.014294
0.010613 0.011547
0.010612 0.011069
0.010573 0.010998
0.010523 0.015054
0.010510 0.012462
0.010494 0.010683
0.010491 0.015787
0.010451 0.012237
0.010438 0.013271
0.010418 0.010661
0.010362 0.012537
0.010332 0.011432
0.010295 0.011320
0.010269 0.013710
0.010260 0.011207
0.010244 0.010418
0.010243 0.010854
0.010240 0.010740
0.010226 0.011326
0.010223 0.013095
0.010200 0.011267
0.010197 0.012843
0.010175 0.010198
0.010175 0.012577
0.010170 0.014230
0.010156 0.010534
0.010129 0.010791
0.010105 0.011158
0.010044 0.011382
0.010018 0.016019
0.010006 0.014369
0.010005 0.010346
0.010005 0.010761
0.009917 0.019158
0.009906 0.011277
0.009902 0.011993
0.009894 0.010702
0.009866 0.010290
0.009841 0.012508
0.009829 0.010522
0.009825 0.014581
0.009798 0.017994
0.009766 0.010154
0.009751 0.017776
0.009726 0.013798
0.009721 0.009988
0.009701 0.010214
0.009678 0.009700
0.009674 0.011972
0.009670 0.011563
0.009664 0.009824
0.009640 0.010079
0.009631 0.013308
0.009616 0.010408
0.009607 0.010500
0.009603 0.010185
0.009534 0.011995
0.009509 0.011962
0.009500 0.010470
0.009471 0.009894
0.009441 0.011558
0.009424 0.010912
0.009406 0.018964
0.009399 0.009433
0.009398 0.011265
0.009361 0.009529
0.009357 0.013893
0.009351 0.012982
0.009341 0.009755
0.009338 0.009951
0.009326 0.012280
0.009322 0.011643
0.009304 0.009371
0.009274 0.009721
0.009263 0.009902
0.009229 0.014483
0.009229 0.013908
0.009208 0.009923
0.009207 0.010498
0.009200 0.010024
0.009169 0.010113
0.009168 0.009351
0.009139 0.010028
0.009129 0.010863
0.009118 0.011072
0.009109 0.010347
0.009035 0.015238
0.009031 0.009241
0.009018 0.009634
0.009013 0.010968
0.009010 0.009131
0.008981 0.008996
0.008925 0.009724
0.008921 0.009077
0.008916 0.009649
0.008894 0.010928
0.008851 0.010645
0.008838 0.010336
0.008818 0.009630
0.008775 0.017349
0.008771 0.011643
0.008711 0.012763
0.008697 0.012122
0.008688 0.011349
0.008677 0.009228
0.008665 0.008768
0.008600 0.012562
0.008579 0.008877
0.008573 0.010307
0.008528 0.008985
0.008520 0.009403
0.008424 0.008546
0.008404 0.009086
0.008401 0.010210
0.008385 0.011616
0.008350 0.008552
0.008350 0.010467
0.008347 0.008407
0.008347 0.009868
0.008337 0.010968
0.008330 0.010031
0.008289 0.012323
0.008279 0.008874
0.008278 0.009000
0.008267 0.012986
0.008249 0.010614
0.008238 0.010021
0.008237 0.008839
0.008200 0.008233
0.008192 0.010167
0.008171 0.009687
0.008152 0.008356
0.008116 0.010795
0.008114 0.011079
0.008103 0.008238
0.008101 0.009776
0.008092 0.008206
0.008087 0.008800
0.008067 0.009353
0.008064 0.009933
0.008045 0.009814
0.008043 0.008721
0.008024 0.014774
0.008012 0.012840
0.008011 0.008658
0.007936 0.008490
0.007923 0.009141
0.007919 0.010958
0.007899 0.008956
0.007882 0.012043
0.007866 0.013839
0.007864 0.012522
0.007861 0.010387
0.007844 0.007858
0.007841 0.010067
0.007829 0.009532
0.007822 0.009150
0.007800 0.011728
0.007787 0.008926
0.007771 0.010878
0.007770 0.008636
0.007769 0.008686
0.007760 0.009858
0.007725 0.008596
0.007722 0.011078
0.007712 0.010421
0.007689 0.011384
0.007688 0.008290
0.007654 0.008884
0.007638 0.007860
0.007604 0.008184
0.007568 0.007813
0.007546 0.008141
0.007546 0.018117
0.007543 0.010360
0.007535 0.007599
0.007526 0.007536
0.007508 0.007552
0.007472 0.007991
0.007463 0.008346
0.007402 0.014144
0.007401 0.010051
0.007375 0.008388
0.007367 0.008550
0.007367 0.009341
0.007358 0.008819
0.007356 0.007960
0.007355 0.013865
0.007351 0.007704
0.007310 0.007557
0.007293 0.009960
0.007290 0.007645
0.007275 0.009569
0.007225 0.008564
0.007225 0.007725
0.007214 0.009693
0.007200 0.007459
0.007176 0.007569
0.007157 0.007936
0.007141 0.007874
0.007134 0.012587
0.007092 0.008405
0.007080 0.009006
0.007072 0.009610
0.007064 0.007861
0.007036 0.009095
0.007029 0.008041
0.006991 0.009220
0.006986 0.006993
0.006983 0.009142
0.006978 0.012889
0.006967 0.008194
0.006960 0.007235
0.006950 0.008036
0.006947 0.007500
0.006923 0.008374
0.006890 0.010636
0.006858 0.008593
0.006849 0.007181
0.006847 0.010435
0.006844 0.007301
0.006814 0.009214
0.006809 0.007958
0.006804 0.013230
0.006803 0.010179
0.006793 0.007140
0.006785 0.007078
0.006738 0.006845
0.006732 0.007299
0.006731 0.007505
0.006728 0.014462
0.006726 0.010194
0.006711 0.008254
0.006704 0.007169
0.006676 0.007090
0.006657 0.006751
0.006656 0.011234
0.006648 0.006683
0.006625 0.009090
0.006621 0.007006
0.006612 0.006653
0.006610 0.007049
0.006608 0.013053
0.006593 0.006789
0.006586 0.006797
0.006586 0.006788
0.006583 0.007730
0.006576 0.007009
0.006571 0.007298
0.006570 0.008421
0.006559 0.012476
0.006533 0.008662
0.006532 0.006599
0.006519 0.009312
0.006517 0.006969
0.006500 0.008612
0.006481 0.007822
0.006453 0.010805
0.006445 0.009953
0.006444 0.006592
0.006431 0.007023
0.006417 0.006501
0.006408 0.006433
0.006402 0.008187
0.006401 0.008142
0.006397 0.007990
0.006393 0.006528
0.006391 0.006516
0.006388 0.008716
0.006388 0.006630
0.006370 0.007241
0.006360 0.006945
0.006357 0.006743
0.006347 0.007010
0.006346 0.009993
0.006336 0.007086
0.006322 0.006775
0.006321 0.008702
0.006303 0.009402
0.006300 0.008922
0.006292 0.007523
0.006289 0.008245
0.006288 0.006728
0.006288 0.008848
0.006285 0.007481
0.006269 0.006863
0.006255 0.009096
0.006245 0.007388
0.006216 0.011131
0.006204 0.007431
0.006202 0.008305
0.006183 0.011974
0.006170 0.006377
0.006165 0.006485
0.006161 0.008045
0.006143 0.006511
0.006142 0.006399
0.006140 0.006572
0.006124 0.006702
0.006123 0.006515
0.006101 0.009803
0.006094 0.008735
0.006091 0.011425
0.006088 0.006568
0.006079 0.010104
0.006040 0.006939
0.006036 0.006535
0.006025 0.006195
0.006009 0.008650
0.006004 0.006570
0.005994 0.009680
0.005993 0.008061
0.005992 0.006666
0.005990 0.008526
0.005981 0.006144
0.005976 0.006298
0.005965 0.006362
0.005954 0.006502
0.005934 0.007460
0.005926 0.008950
0.005908 0.008803
0.005898 0.006223
0.005880 0.007102
0.005879 0.007155
0.005879 0.010639
0.005875 0.006566
0.005867 0.008995
0.005863 0.006174
0.005857 0.006516
0.005852 0.008299
0.005852 0.005852
0.005848 0.007114
0.005846 0.007042
0.005840 0.007942
0.005829 0.007477
0.005826 0.006304
0.005819 0.008968
0.005818 0.006178
0.005803 0.006292
0.005795 0.008202
0.005789 0.005865
0.005787 0.006829
0.005770 0.005834
0.005763 0.006726
0.005763 0.005878
0.005756 0.007962
0.005750 0.006841
0.005749 0.009128
0.005745 0.012226
0.005745 0.006832
0.005742 0.006187
0.005739 0.006550
0.005737 0.006315
0.005737 0.006003
0.005730 0.005767
0.005726 0.006523
0.005708 0.005998
0.005707 0.006592
0.005702 0.007602
0.005691 0.007199
0.005691 0.006324
0.005681 0.006201
0.005665 0.005882
0.005664 0.005719
0.005632 0.006532
0.005632 0.005650
0.005630 0.007597
0.005626 0.006010
0.005626 0.006377
0.005613 0.006020
0.005612 0.007885
0.005608 0.005898
0.005607 0.005938
0.005604 0.005676
0.005587 0.006428
0.005586 0.008488
0.005558 0.010964
0.005536 0.007318
0.005536 0.005900
0.005534 0.005618
0.005533 0.005584
0.005533 0.006902
0.005530 0.006207
0.005525 0.006303
0.005519 0.005933
0.005513 0.006728
0.005501 0.009295
0.005470 0.008692
0.005462 0.006002
0.005455 0.006190
0.005420 0.005648
0.005416 0.007844
0.005404 0.005944
0.005399 0.007071
0.005397 0.007725
0.005396 0.005445
0.005391 0.010516
0.005382 0.008377
0.005373 0.005492
0.005365 0.007689
0.005349 0.008600
0.005344 0.005797
0.005337 0.006609
0.005331 0.006745
0.005321 0.006874
0.005317 0.006069
0.005299 0.006728
0.005297 0.008592
0.005295 0.005787
0.005293 0.005841
0.005278 0.007111
0.005274 0.007679
0.005247 0.006660
0.005246 0.005366
0.005240 0.006037
0.005237 0.005443
0.005227 0.009957
0.005223 0.005738
0.005217 0.006076
0.005173 0.005867
0.005141 0.005365
0.005127 0.005442
0.005126 0.007710
0.005121 0.005182
0.005117 0.008658
0.005094 0.006321
0.005085 0.005939
0.005082 0.005625
0.005080 0.006295
0.005076 0.006584
0.005070 0.006791
0.005061 0.005329
0.005051 0.005858
0.005051 0.006138
0.005049 0.005128
0.005042 0.005153
0.005041 0.005489
0.005031 0.005482
0.005003 0.005078
0.005003 0.005878
0.004992 0.005376
0.004992 0.005148
0.004986 0.006477
0.004976 0.006203
0.004974 0.005520
0.004969 0.007179
0.004957 0.007726
0.004930 0.005674
0.004924 0.005705
0.004918 0.005876
0.004916 0.006234
0.004908 0.005847
0.004900 0.007148
0.004897 0.006803
0.004894 0.007604
0.004889 0.005944
0.004887 0.011010
0.004882 0.005558
0.004877 0.005161
0.004876 0.005092
0.004863 0.005513
0.004859 0.006267
0.004858 0.006034
0.004843 0.005036
0.004838 0.005575
0.004829 0.006159
0.004825 0.005011
0.004823 0.007790
0.004803 0.005156
0.004801 0.005862
0.004781 0.007014
0.004780 0.005421
0.004753 0.004770
0.004752 0.004813
0.004750 0.005582
0.004749 0.005062
0.004745 0.005146
0.004725 0.004931
0.004720 0.005510
0.004720 0.007062
0.004715 0.004946
0.004701 0.006962
0.004700 0.006228
0.004700 0.005098
0.004690 0.004788
0.004688 0.004850
0.004684 0.004985
0.004653 0.006016
0.004648 0.005591
0.004648 0.006310
0.004641 0.004788
0.004639 0.004927
0.004638 0.009623
0.004637 0.008205
0.004627 0.004798
0.004625 0.005165
0.004624 0.005248
0.004620 0.007304
0.004616 0.005082
0.004612 0.007106
0.004608 0.004614
0.004607 0.005583
0.004604 0.005167
0.004600 0.004683
0.004598 0.004839
0.004587 0.004974
0.004580 0.005691
0.004535 0.004792
0.004531 0.008479
0.004523 0.004994
0.004517 0.007085
0.004516 0.004707
0.004507 0.006616
0.004504 0.004906
0.004503 0.009597
0.004498 0.005500
0.004495 0.005628
0.004495 0.006998
0.004491 0.006343
0.004488 0.009180
0.004479 0.004540
0.004476 0.004567
0.004466 0.006244
0.004459 0.006021
0.004449 0.004894
0.004429 0.005535
0.004423 0.004614
0.004422 0.004976
0.004422 0.007010
0.004415 0.004643
0.004411 0.004866
0.004408 0.005473
0.004403 0.005261
0.004390 0.004430
0.004388 0.005575
0.004376 0.004826
0.004369 0.004394
0.004368 0.005566
0.004365 0.004487
0.004363 0.008285
0.004356 0.006341
0.004352 0.004666
0.004349 0.006213
0.004339 0.007997
0.004338 0.006340
0.004331 0.004463
0.004329 0.004699
0.004326 0.004749
0.004324 0.008134
0.004322 0.005350
0.004321 0.004961
0.004319 0.004344
0.004316 0.004950
0.004311 0.004474
0.004298 0.007726
0.004295 0.004368
0.004285 0.004861
0.004284 0.006208
0.004281 0.004442
0.004280 0.005303
0.004276 0.004547
0.004275 0.004759
0.004261 0.008566
0.004259 0.005920
0.004245 0.004551
0.004235 0.006549
0.004233 0.004432
0.004227 0.004336
0.004225 0.005700
0.004217 0.004607
0.004209 0.004320
0.004208 0.005164
0.004201 0.007491
0.004201 0.005186
0.004198 0.005120
0.004191 0.005020
0.004190 0.004864
0.004188 0.004759
0.004186 0.004772
0.004186 0.004685
0.004185 0.004781
0.004184 0.005365
0.004181 0.004550
0.004176 0.007446
0.004176 0.005360
0.004175 0.007458
0.004169 0.007394
0.004155 0.006652
0.004152 0.005362
0.004150 0.004176
0.004146 0.005019
0.004145 0.004838
0.004142 0.004671
0.004140 0.008844
0.004136 0.004399
0.004135 0.004170
0.004122 0.004523
0.004114 0.005231
0.004108 0.004254
0.004081 0.004480
0.004076 0.004849
0.004076 0.005530
0.004074 0.004110
0.004068 0.006461
0.004067 0.004500
0.004062 0.004181
0.004059 0.004088
0.004055 0.004733
0.004051 0.004940
0.004045 0.005093
0.004044 0.004202
0.004039 0.004255
0.004038 0.004305
0.004031 0.006638
0.004027 0.004445
0.004019 0.004629
0.004018 0.006004
0.004006 0.004983
0.004004 0.004518
0.004002 0.005102
0.003988 0.004580
0.003980 0.004027
0.003979 0.004477
0.003974 0.004214
0.003974 0.004596
0.003973 0.004220
0.003971 0.006217
0.003966 0.004178
0.003948 0.004343
0.003948 0.004684
0.003946 0.004014
0.003938 0.004349
0.003938 0.005752
0.003931 0.004782
0.003929 0.005058
0.003928 0.004087
0.003922 0.004021
0.003915 0.004087
0.003912 0.004010
0.003911 0.004312
0.003895 0.003917
0.003892 0.004443
0.003892 0.004507
0.003892 0.004032
0.003887 0.004544
0.003885 0.004626
0.003875 0.004639
0.003873 0.004762
0.003856 0.004472
0.003854 0.007579
0.003852 0.003989
0.003850 0.004688
0.003850 0.003992
0.003846 0.004228
0.003829 0.005450
0.003828 0.005953
0.003826 0.004037
0.003819 0.004305
0.003818 0.004018
0.003805 0.003851
0.003805 0.005250
0.003804 0.004198
0.003804 0.003878
0.003791 0.003814
0.003781 0.003808
0.003780 0.003898
0.003778 0.004230
0.003772 0.004851
0.003772 0.004405
0.003772 0.005867
0.003764 0.003886
0.003748 0.005539
0.003747 0.007087
0.003745 0.006161
0.003741 0.004327
0.003740 0.004120
0.003733 0.004029
0.003728 0.004804
0.003727 0.004547
0.003722 0.004046
0.003721 0.004063
0.003721 0.003721
0.003714 0.003925
0.003712 0.006530
0.003711 0.008228
0.003706 0.005566
0.003706 0.003838
0.003705 0.005623
0.003704 0.004339
0.003702 0.004224
0.003702 0.003760
0.003701 0.003709
0.003698 0.004364
0.003697 0.005250
0.003690 0.005600
0.003690 0.003854
0.003684 0.005145
0.003683 0.004334
0.003683 0.004758
0.003681 0.003911
0.003680 0.003979
0.003679 0.007459
0.003670 0.005760
0.003656 0.003807
0.003654 0.004283
0.003652 0.003775
0.003651 0.005910
0.003641 0.005418
0.003640 0.004956
0.003634 0.004059
0.003631 0.004251
0.003626 0.004441
0.003623 0.004723
0.003622 0.003798
0.003618 0.003735
0.003616 0.004226
0.003609 0.004024
0.003608 0.004027
0.003599 0.003700
0.003595 0.005041
0.003591 0.005738
0.003583 0.003867
0.003582 0.004236
0.003582 0.003893
0.003582 0.004776
0.003577 0.004273
0.003568 0.004504
0.003565 0.004128
0.003563 0.005636
0.003560 0.003752
0.003559 0.004159
0.003558 0.004783
0.003556 0.005437
0.003555 0.003626
0.003554 0.006757
0.003552 0.003649
0.003542 0.003874
0.003541 0.003780
0.003537 0.004876
0.003536 0.003780
0.003534 0.005126
0.003533 0.003777
0.003522 0.003676
0.003508 0.004197
0.003497 0.003655
0.003475 0.004334
0.003470 0.004353
0.003467 0.003492
0.003463 0.004133
0.003448 0.003533
0.003445 0.003627
0.003444 0.003897
0.003440 0.007487
0.003437 0.003667
0.003434 0.004227
0.003432 0.003808
0.003432 0.004044
0.003428 0.003817
0.003421 0.006779
0.003405 0.003831
0.003405 0.003526
0.003399 0.004243
0.003391 0.004327
0.003390 0.003478
0.003388 0.004650
0.003386 0.006211
0.003383 0.004061
0.003378 0.003610
0.003376 0.004259
0.003376 0.003719
0.003372 0.006746
0.003360 0.004730
0.003354 0.003372
0.003353 0.004288
0.003352 0.003515
0.003351 0.004851
0.003349 0.004778
0.003343 0.004340
0.003335 0.003354
0.003332 0.006073
0.003327 0.004779
0.003319 0.003625
0.003314 0.004715
0.003314 0.003945
0.003312 0.005198
0.003307 0.006039
0.003305 0.003503
0.003301 0.004044
0.003298 0.003712
0.003288 0.003809
0.003277 0.005382
0.003276 0.004060
0.003273 0.006927
0.003273 0.003853
0.003272 0.003932
0.003267 0.003934
0.003265 0.003283
0.003262 0.004742
0.003261 0.003396
0.003259 0.003556
0.003259 0.004499
0.003257 0.003599
0.003257 0.006083
0.003256 0.003819
0.003251 0.003719
0.003251 0.004296
0.003251 0.005431
0.003251 0.003374
0.003250 0.005399
0.003250 0.003467
0.003245 0.003402
0.003239 0.003259
0.003231 0.004883
0.003227 0.005884
0.003218 0.003647
0.003217 0.003584
0.003212 0.004234
0.003212 0.003270
0.003209 0.003348
0.003207 0.003306
0.003200 0.003475
0.003197 0.003210
0.003195 0.004529
0.003194 0.005501
0.003194 0.003306
0.003193 0.005021
0.003191 0.005058
0.003189 0.003285
0.003189 0.003218
0.003187 0.005539
0.003186 0.004883
0.003185 0.003477
0.003185 0.004200
0.003183 0.003481
0.003181 0.003329
0.003180 0.003263
0.003170 0.005752
0.003170 0.004233
0.003164 0.003425
0.003162 0.004904
0.003154 0.004222
0.003152 0.005262
0.003150 0.003786
0.003147 0.003196
0.003145 0.003168
0.003143 0.005951
0.003141 0.003834
0.003138 0.004505
0.003130 0.004640
0.003129 0.003545
0.003128 0.003624
0.003125 0.003975
0.003124 0.003977
0.003122 0.003299
0.003119 0.003188
0.003115 0.003693
0.003114 0.007021
0.003113 0.003350
0.003107 0.003250
0.003105 0.003363
0.003104 0.003674
0.003103 0.004425
0.003100 0.005247
0.003099 0.003531
0.003095 0.003174
0.003094 0.003275
0.003093 0.003191
0.003092 0.004304
0.003091 0.003330
0.003083 0.003454
0.003075 0.003527
0.003075 0.003132
0.003074 0.005386
0.003072 0.003642
0.003070 0.003214
0.003068 0.003849
0.003067 0.003531
0.003066 0.003479
0.003062 0.003220
0.003061 0.004168
0.003060 0.004358
0.003059 0.003382
0.003054 0.004794
0.003048 0.004187
0.003046 0.004340
0.003043 0.005136
0.003031 0.003289
0.003029 0.003041
0.003026 0.003564
0.003022 0.004160
0.003022 0.004618
0.003020 0.003106
0.003018 0.003480
0.003015 0.003908
0.003012 0.004817
0.003012 0.004739
0.003009 0.003662
0.002998 0.003313
0.002994 0.003165
0.002994 0.003036
0.002992 0.003316
0.002989 0.003236
0.002989 0.003729
0.002989 0.003787
0.002985 0.004036
0.002983 0.003558
0.002983 0.003015
0.002983 0.003008
0.002976 0.003358
0.002971 0.005143
0.002971 0.003428
0.002968 0.003357
0.002967 0.005261
0.002958 0.003158
0.002956 0.004224
0.002953 0.003056
0.002953 0.003518
0.002951 0.003295
0.002948 0.004505
0.002945 0.003140
0.002943 0.003918
0.002942 0.003611
0.002941 0.004721
0.002941 0.003925
0.002926 0.003548
0.002924 0.003372
0.002922 0.003309
0.002919 0.003169
0.002908 0.003359
0.002902 0.003196
0.002901 0.005195
0.002901 0.003143
0.002899 0.003107
0.002897 0.003105
0.002895 0.003575
0.002893 0.004676
0.002889 0.003888
0.002887 0.002983
0.002887 0.003988
0.002887 0.003174
0.002885 0.003206
0.002885 0.003294
0.002885 0.002887
0.002884 0.004224
0.002877 0.005976
0.002876 0.002902
0.002875 0.003352
0.002865 0.002900
0.002865 0.003572
0.002865 0.003009
0.002863 0.004856
0.002861 0.002971
0.002860 0.004244
0.002859 0.004027
0.002853 0.003471
0.002853 0.003468
0.002853 0.004153
0.002850 0.003165
0.002849 0.003390
0.002846 0.003178
0.002843 0.003419
0.002839 0.003081
0.002837 0.004204
0.002837 0.002975
0.002837 0.004361
0.002836 0.006029
0.002835 0.002997
0.002831 0.002917
0.002829 0.003446
0.002829 0.004011
0.002826 0.003006
0.002819 0.002975
0.002818 0.003820
0.002812 0.003716
0.002811 0.003329
0.002810 0.004155
0.002809 0.004364
0.002809 0.002817
0.002808 0.003334
0.002804 0.003896
0.002803 0.004599
0.002802 0.003764
0.002801 0.002988
0.002801 0.003834
0.002800 0.003077
0.002794 0.003380
0.002784 0.003000
0.002784 0.003042
0.002776 0.002825
0.002775 0.004063
0.002774 0.004191
0.002771 0.003552
0.002770 0.003093
0.002768 0.002776
0.002766 0.003008
0.002762 0.003634
0.002761 0.005616
0.002759 0.003639
0.002757 0.003319
0.002757 0.003594
0.002757 0.003019
0.002756 0.003271
0.002752 0.003079
0.002752 0.003627
0.002751 0.003161
0.002749 0.004074
0.002746 0.002841
0.002743 0.003762
0.002739 0.002831
0.002736 0.002948
0.002731 0.005789
0.002730 0.003987
0.002729 0.002991
0.002728 0.002899
0.002728 0.002927
0.002719 0.006004
0.002712 0.002841
0.002710 0.003988
0.002708 0.005640
0.002697 0.003325
0.002696 0.005508
0.002695 0.002700
0.002695 0.003764
0.002690 0.004744
0.002690 0.006166
0.002689 0.002815
0.002688 0.003400
0.002678 0.003011
0.002677 0.002793
0.002671 0.003283
0.002661 0.003085
0.002661 0.003341
0.002659 0.003446
0.002658 0.003403
0.002656 0.002855
0.002656 0.002905
0.002655 0.004555
0.002650 0.004098
0.002647 0.002771
0.002641 0.002854
0.002640 0.002752
0.002640 0.003982
0.002640 0.003406
0.002639 0.003088
0.002638 0.002686
0.002636 0.002932
0.002634 0.003208
0.002631 0.002993
0.002630 0.003285
0.002629 0.004544
0.002615 0.002757
0.002615 0.004577
0.002609 0.004798
0.002609 0.002892
0.002607 0.002742
0.002606 0.002755
0.002603 0.002787
0.002602 0.002758
0.002599 0.003671
0.002597 0.002776
0.002596 0.002717
0.002595 0.002939
0.002595 0.002835
0.002594 0.003420
0.002594 0.004046
0.002591 0.003186
0.002586 0.004361
0.002584 0.003345
0.002580 0.003780
0.002577 0.002759
0.002577 0.003083
0.002572 0.004203
0.002570 0.003985
0.002570 0.003196
0.002569 0.003550
0.002567 0.003420
0.002556 0.004341
0.002555 0.004418
0.002555 0.004699
0.002553 0.003130
0.002552 0.005303
0.002548 0.002604
0.002545 0.003580
0.002544 0.003059
0.002543 0.004391
0.002539 0.003289
0.002539 0.003129
0.002536 0.002683
0.002535 0.003497
0.002533 0.003759
0.002533 0.004837
0.002533 0.002850
0.002532 0.004527
0.002530 0.003440
0.002522 0.004124
0.002516 0.003899
0.002515 0.002670
0.002511 0.003820
0.002509 0.003523
0.002507 0.003522
0.002504 0.004217
0.002501 0.003049
0.002494 0.002726
0.002493 0.002781
0.002488 0.002763
0.002481 0.003947
0.002478 0.002881
0.002475 0.003095
0.002475 0.002763
0.002473 0.003642
0.002470 0.004210
0.002470 0.003061
0.002462 0.003166
0.002459 0.002673
0.002458 0.002608
0.002458 0.002830
0.002456 0.002823
0.002450 0.002925
0.002445 0.003273
0.002439 0.002745
0.002439 0.003297
0.002438 0.002789
0.002436 0.002647
0.002435 0.002435
0.002430 0.003077
0.002429 0.003872
0.002427 0.003868
0.002424 0.002533
0.002423 0.003377
0.002421 0.002845
0.002419 0.002515
0.002417 0.004179
0.002413 0.002623
0.002413 0.003546
0.002408 0.004491
0.002408 0.003457
0.002405 0.003035
0.002398 0.005590
0.002395 0.005520
0.002394 0.002702
0.002394 0.002636
0.002391 0.002495
0.002391 0.002516
0.002390 0.003750
0.002384 0.003527
0.002383 0.002553
0.002382 0.003086
0.002380 0.003522
0.002378 0.003811
0.002377 0.003792
0.002374 0.002540
0.002374 0.002598
0.002372 0.004204
0.002372 0.002533
0.002368 0.002532
0.002366 0.002575
0.002361 0.004066
0.002358 0.003432
0.002350 0.003415
0.002350 0.002491
0.002350 0.002896
0.002348 0.002641
0.002346 0.002362
0.002345 0.004456
0.002344 0.002600
0.002344 0.002366
0.002344 0.002352
0.002344 0.002449
0.002342 0.002679
0.002340 0.003326
0.002340 0.002971
0.002339 0.003223
0.002339 0.003075
0.002337 0.002891
0.002337 0.002586
0.002335 0.002867
0.002334 0.002603
0.002334 0.002705
0.002332 0.003353
0.002330 0.002980
0.002327 0.003762
0.002327 0.003200
0.002326 0.003434
0.002323 0.005180
0.002323 0.004382
0.002321 0.005121
0.002320 0.003325
0.002319 0.003046
0.002314 0.002803
0.002313 0.002315
0.002311 0.002822
0.002308 0.003863
0.002303 0.003231
0.002302 0.003507
0.002302 0.002486
0.002294 0.002363
0.002294 0.002354
0.002294 0.002403
0.002290 0.002561
0.002290 0.002461
0.002289 0.003717
0.002286 0.002287
0.002283 0.002456
0.002281 0.004532
0.002278 0.002781
0.002276 0.002385
0.002271 0.002526
0.002270 0.004807
0.002267 0.002372
0.002257 0.002467
0.002255 0.002566
0.002252 0.004445
0.002250 0.002582
0.002244 0.002552
0.002242 0.005143
0.002242 0.002253
0.002238 0.002347
0.002232 0.003138
0.002230 0.004170
0.002230 0.002284
0.002229 0.004923
0.002227 0.002252
0.002226 0.002448
0.002225 0.002311
0.002225 0.002843
0.002221 0.002324
0.002219 0.002710
0.002214 0.005059
0.002211 0.003085
0.002206 0.003029
0.002205 0.002479
0.002205 0.002454
0.002203 0.002209
0.002202 0.002652
0.002200 0.002578
0.002199 0.002218
0.002196 0.002522
0.002181 0.002365
0.002180 0.002901
0.002172 0.002890
0.002168 0.002177
0.002163 0.002712
0.002158 0.003311
0.002152 0.002407
0.002152 0.002278
0.002151 0.003785
0.002149 0.002198
0.002149 0.002694
0.002148 0.002307
0.002146 0.002567
0.002142 0.003939
0.002140 0.003030
0.002138 0.002317
0.002138 0.002214
0.002137 0.002202
0.002134 0.002922
0.002132 0.004132
0.002131 0.002325
0.002128 0.002305
0.002126 0.002356
0.002125 0.002345
0.002123 0.002787
0.002121 0.002332
0.002121 0.002669
0.002119 0.004849
0.002118 0.002914
0.002117 0.002189
0.002116 0.002771
0.002114 0.002129
0.002111 0.002217
0.002110 0.002247
0.002106 0.002119
0.002106 0.004581
0.002103 0.002514
0.002102 0.002692
0.002100 0.002693
0.002093 0.003926
0.002089 0.003118
0.002089 0.003051
0.002088 0.002347
0.002086 0.003044
0.002082 0.003873
0.002081 0.002383
0.002070 0.002665
0.002068 0.002272
0.002067 0.002243
0.002065 0.002929
0.002065 0.002096
0.002063 0.002309
0.002060 0.004077
0.002059 0.002134
0.002058 0.002241
0.002053 0.002955
0.002053 0.002710
0.002050 0.002670
0.002048 0.002194
0.002048 0.003371
0.002047 0.003168
0.002047 0.002088
0.002041 0.002224
0.002034 0.002738
0.002033 0.002054
0.002031 0.002799
0.002019 0.002293
0.002015 0.002471
0.002003 0.002262
0.002001 0.002292
0.002000 0.002227
0.001999 0.002464
0.001991 0.003315
0.001980 0.005001
0.001980 0.002557
0.001979 0.002196
0.001957 0.002020
0.001957 0.002043
0.001955 0.004859
0.001945 0.003223
0.001942 0.004481
0.001940 0.002060
0.001935 0.003153
0.001932 0.003734
0.001921 0.001961
0.001918 0.002006
0.001918 0.002127
0.001915 0.002011
0.001902 0.002258
0.001901 0.002037
0.001896 0.002550
0.001894 0.002056
0.001886 0.002061
0.001879 0.003145
0.001877 0.002121
0.001861 0.001910
0.001860 0.002344
0.001855 0.001964
0.001849 0.002327
0.001848 0.001918
0.001848 0.002740
0.001840 0.001861
0.001837 0.002079
0.001833 0.002769
0.001830 0.003472
0.001822 0.003385
0.001813 0.002188
0.001803 0.001947
0.001803 0.002368
0.001798 0.003602
0.001795 0.002627
0.001793 0.001951
0.001791 0.002210
0.001788 0.001962
0.001785 0.002261
0.001777 0.001817
0.001775 0.002731
0.001766 0.002568
0.001765 0.002626
0.001753 0.002119
0.001753 0.001880
0.001749 0.002407
0.001748 0.001859
0.001747 0.001966
0.001741 0.001985
0.001741 0.001847
0.001740 0.001811
0.001731 0.002584
0.001727 0.001861
0.001722 0.001855
0.001715 0.001855
0.001714 0.001972
0.001714 0.001983
0.001709 0.002587
0.001697 0.001725
0.001695 0.002194
0.001690 0.001794
0.001683 0.001804
0.001680 0.002146
0.001675 0.001856
0.001655 0.001769
0.001649 0.001922
0.001648 0.003231
0.001624 0.001742
0.001624 0.001802
0.001622 0.001759
0.001618 0.002160
0.001616 0.002058
0.001616 0.001712
0.001605 0.001648
0.001604 0.001824
0.001598 0.001997
0.001595 0.001644
0.001590 0.001754
0.001567 0.001717
0.001567 0.001630
0.001556 0.001697
0.001550 0.001743
0.001543 0.001664
0.001518 0.001767
0.001504 0.001647
0.001478 0.001612
0.001467 0.001530
0.001463 0.001493
0.001461 0.001952
0.001456 0.001479
0.001452 0.001586
0.001437 0.001745
0.001431 0.001914
0.001409 0.001842
0.001375 0.001518
0.001346 0.001367
0.001333 0.001493
0.001316 0.001576
0.001255 0.001284
0.001177 0.001393
0.001124 0.001203
0.001123 0.001145
0.001109 0.001200
0.001069 0.001106
0.001064 0.001163
0.001046 0.001052
0.001000 0.001003
0.000921 0.000970
0.000916 0.000929
0.000821 0.000836
