0.152230 0.167405
0.141653 0.178565
0.093371 0.096840
0.092486 0.108793
0.089943 0.091127
0.088937 0.092138
0.088754 0.089441
0.088352 0.093930
0.082007 0.096402
0.075369 0.092365
0.063998 0.068247
0.063044 0.086852
0.060071 0.065839
0.058086 0.058093
0.057687 0.072567
0.057287 0.059086
0.055294 0.059954
0.051860 0.059497
0.050973 0.054493
0.049394 0.061504
0.049053 0.053500
0.049046 0.050308
0.048305 0.071523
0.047963 0.051276
0.047880 0.053250
0.046716 0.047733
0.044835 0.045586
0.041812 0.064918
0.041285 0.047951
0.041024 0.042641
0.041023 0.047496
0.040326 0.047771
0.040257 0.050348
0.040157 0.053659
0.039921 0.060302
0.039315 0.051979
0.039291 0.042696
0.038231 0.057688
0.037916 0.053545
0.037508 0.041427
0.037187 0.044106
0.036898 0.064654
0.036789 0.045548
0.036675 0.040415
0.036625 0.037091
0.036067 0.037162
0.035758 0.041396
0.035702 0.036136
0.035363 0.044724
0.035329 0.054713
0.035317 0.074503
0.035216 0.038068
0.035203 0.036251
0.035095 0.041944
0.035023 0.035275
0.035014 0.035680
0.034890 0.035730
0.034203 0.035336
0.034139 0.036390
0.033236 0.033351
0.033086 0.050983
0.033013 0.059914
0.032970 0.036632
0.032877 0.038213
0.032764 0.033903
0.032660 0.033257
0.032442 0.046503
0.032295 0.035003
0.032279 0.040606
0.032026 0.032031
0.031946 0.040341
0.031593 0.031600
0.031311 0.036449
0.031157 0.043331
0.031125 0.040543
0.031017 0.032451
0.030991 0.044482
0.030988 0.038428
0.030937 0.051178
0.030875 0.032943
0.030739 0.032985
0.030707 0.031106
0.030606 0.036745
0.030515 0.030961
0.030240 0.035837
0.029726 0.040695
0.029658 0.031068
0.029573 0.031507
0.029283 0.038461
0.029036 0.031968
0.029020 0.030419
0.028867 0.045258
0.028638 0.051916
0.028560 0.033076
0.028539 0.057720
0.028482 0.034014
0.028442 0.030092
0.028265 0.028910
0.028196 0.029522
0.028176 0.030222
0.027952 0.043135
0.027945 0.050916
0.027874 0.030012
0.027810 0.032808
0.027790 0.032659
0.027774 0.031673
0.027771 0.030435
0.027676 0.027684
0.027566 0.029064
0.027400 0.046584
0.027319 0.037835
0.027308 0.037457
0.027158 0.032107
0.026933 0.040293
0.026887 0.035308
0.026852 0.028306
0.026784 0.031779
0.026714 0.028639
0.026454 0.027043
0.026302 0.039399
0.026288 0.028246
0.026223 0.033637
0.026164 0.029146
0.026068 0.027202
0.025987 0.026894
0.025818 0.027152
0.025788 0.033180
0.025737 0.029397
0.025446 0.025809
0.025445 0.025925
0.025427 0.036613
0.025286 0.026898
0.025198 0.026303
0.025009 0.026825
0.024975 0.029909
0.024970 0.026344
0.024931 0.025579
0.024856 0.047738
0.024815 0.026362
0.024770 0.030907
0.024682 0.025304
0.024615 0.025711
0.024526 0.026908
0.024439 0.030799
0.024348 0.025986
0.024301 0.025590
0.024262 0.024417
0.024245 0.029113
0.024143 0.026122
0.023989 0.028125
0.023864 0.030766
0.023855 0.025428
0.023851 0.031180
0.023796 0.025833
0.023572 0.027481
0.023563 0.029967
0.023322 0.033615
0.023309 0.023775
0.023185 0.023351
0.023059 0.028159
0.023054 0.023545
0.023054 0.031429
0.023048 0.031402
0.023021 0.042493
0.023020 0.034120
0.022905 0.024784
0.022702 0.048540
0.022676 0.029071
0.022627 0.027164
0.022606 0.026910
0.022591 0.023885
0.022577 0.022782
0.022542 0.022954
0.022517 0.025206
0.022485 0.023844
0.022485 0.023956
0.022463 0.023121
0.022399 0.024206
0.022377 0.022485
0.022248 0.025047
0.022182 0.022326
0.022140 0.031466
0.022049 0.022987
0.021996 0.023530
0.021962 0.023528
0.021833 0.027169
0.021808 0.025599
0.021788 0.026619
0.021770 0.023039
0.021687 0.023181
0.021671 0.030819
0.021636 0.021653
0.021561 0.024782
0.021519 0.024612
0.021514 0.021924
0.021449 0.022104
0.021412 0.024553
0.021387 0.028275
0.021376 0.022677
0.021365 0.024399
0.021313 0.025459
0.021237 0.023800
0.021219 0.022741
0.021204 0.023222
0.021197 0.024840
0.021170 0.026259
0.021124 0.021751
0.021051 0.022916
0.020898 0.021726
0.020898 0.021700
0.020852 0.024862
0.020818 0.022449
0.020815 0.021579
0.020808 0.025158
0.020785 0.022136
0.020784 0.021138
0.020765 0.034555
0.020744 0.029383
0.020679 0.022628
0.020672 0.030656
0.020531 0.026311
0.020495 0.022029
0.020367 0.022638
0.020355 0.020870
0.020275 0.021055
0.020270 0.020962
0.020182 0.023882
0.020176 0.023488
0.020156 0.029109
0.020152 0.025848
0.020131 0.020308
0.020097 0.020734
0.020070 0.023932
0.020032 0.025684
0.020029 0.020586
0.020023 0.021262
0.019969 0.020660
0.019968 0.027378
0.019965 0.022133
0.019928 0.021707
0.019915 0.028920
0.019834 0.026233
0.019795 0.022183
0.019773 0.020367
0.019697 0.020463
0.019672 0.022111
0.019667 0.023585
0.019657 0.030935
0.019656 0.020776
0.019644 0.024199
0.019569 0.031418
0.019503 0.020950
0.019439 0.021282
0.019423 0.028548
0.019369 0.028407
0.019333 0.030305
0.019327 0.020097
0.019326 0.029544
0.019269 0.024539
0.019193 0.030464
0.019189 0.031168
0.019139 0.035178
0.019066 0.041893
0.019043 0.021086
0.019042 0.020343
0.019036 0.023349
0.018992 0.027883
0.018943 0.020374
0.018938 0.018970
0.018924 0.019130
0.018921 0.019720
0.018917 0.038138
0.018891 0.049692
0.018890 0.026046
0.018876 0.026658
0.018853 0.019387
0.018848 0.034619
0.018847 0.025852
0.018811 0.021116
0.018789 0.018819
0.018767 0.024335
0.018693 0.018969
0.018674 0.019431
0.018670 0.023905
0.018669 0.037941
0.018667 0.025077
0.018664 0.019573
0.018654 0.020983
0.018651 0.022464
0.018644 0.023304
0.018639 0.032158
0.018635 0.020200
0.018622 0.022425
0.018621 0.020660
0.018614 0.020281
0.018604 0.028408
0.018586 0.025780
0.018586 0.031891
0.018568 0.033700
0.018558 0.031369
0.018550 0.018616
0.018505 0.020810
0.018488 0.020149
0.018475 0.031589
0.018460 0.023462
0.018424 0.018478
0.018418 0.022777
0.018397 0.021161
0.018391 0.034094
0.018382 0.020239
0.018306 0.021139
0.018275 0.018882
0.018262 0.019248
0.018243 0.021810
0.018242 0.019364
0.018237 0.019663
0.018231 0.042186
0.018230 0.031828
0.018222 0.019273
0.018210 0.020061
0.018210 0.020090
0.018193 0.035232
0.018186 0.022007
0.018133 0.025629
0.018113 0.021255
0.018110 0.021186
0.018094 0.029231
0.018077 0.018712
0.018076 0.032036
0.018074 0.018738
0.018035 0.019532
0.017990 0.027537
0.017958 0.022528
0.017912 0.019575
0.017902 0.027134
0.017893 0.020306
0.017890 0.019808
0.017884 0.018863
0.017867 0.025863
0.017846 0.031561
0.017828 0.020986
0.017827 0.020015
0.017804 0.022056
0.017781 0.026310
0.017779 0.017976
0.017774 0.018847
0.017704 0.033586
0.017703 0.019071
0.017686 0.020721
0.017675 0.020047
0.017626 0.018569
0.017601 0.019006
0.017599 0.018922
0.017591 0.021618
0.017584 0.022297
0.017554 0.024255
0.017508 0.021240
0.017503 0.018003
0.017488 0.026185
0.017467 0.021192
0.017459 0.019204
0.017433 0.018970
0.017389 0.018529
0.017371 0.034275
0.017342 0.018604
0.017323 0.017764
0.017315 0.019894
0.017290 0.026642
0.017288 0.017637
0.017265 0.036288
0.017261 0.029502
0.017250 0.021627
0.017246 0.037277
0.017234 0.021944
0.017177 0.019375
0.017115 0.020819
0.017100 0.017575
0.017096 0.020075
0.017096 0.019800
0.017052 0.019061
0.017041 0.018786
0.017028 0.017407
0.017022 0.020802
0.017020 0.018662
0.016962 0.024592
0.016930 0.025862
0.016927 0.019095
0.016907 0.023646
0.016882 0.018929
0.016864 0.025572
0.016859 0.027114
0.016795 0.018573
0.016786 0.017607
0.016774 0.030944
0.016752 0.022723
0.016748 0.019938
0.016708 0.016826
0.016704 0.016845
0.016681 0.021333
0.016670 0.025469
0.016644 0.018131
0.016637 0.025312
0.016595 0.022898
0.016567 0.019737
0.016566 0.019438
0.016558 0.018925
0.016516 0.016816
0.016512 0.024277
0.016395 0.018481
0.016395 0.023062
0.016392 0.019465
0.016385 0.018950
0.016366 0.025787
0.016364 0.023117
0.016352 0.016497
0.016342 0.033600
0.016331 0.018763
0.016320 0.017390
0.016234 0.016470
0.016228 0.036499
0.016204 0.016690
0.016160 0.017997
0.016156 0.016850
0.016134 0.020717
0.016132 0.016834
0.016130 0.022457
0.016123 0.017687
0.016111 0.017072
0.016093 0.034501
0.016089 0.017045
0.016078 0.017758
0.016038 0.018971
0.016028 0.017035
0.015973 0.017528
0.015960 0.017604
0.015960 0.018292
0.015955 0.020318
0.015948 0.025233
0.015938 0.017109
0.015934 0.027146
0.015910 0.022753
0.015887 0.016121
0.015881 0.037379
0.015877 0.019971
0.015874 0.020597
0.015866 0.016371
0.015848 0.017306
0.015827 0.018109
0.015789 0.017146
0.015754 0.019470
0.015734 0.019415
0.015695 0.019678
0.015690 0.022354
0.015641 0.029714
0.015620 0.016475
0.015596 0.016607
0.015595 0.023091
0.015582 0.018658
0.015560 0.016545
0.015545 0.019030
0.015520 0.023693
0.015494 0.021656
0.015477 0.032840
0.015471 0.021559
0.015467 0.020760
0.015454 0.019404
0.015430 0.016503
0.015418 0.015501
0.015417 0.018358
0.015401 0.016930
0.015389 0.016683
0.015330 0.021386
0.015314 0.024448
0.015288 0.016095
0.015283 0.016909
0.015275 0.015543
0.015254 0.025609
0.015242 0.015937
0.015233 0.018325
0.015228 0.015623
0.015218 0.015563
0.015211 0.016214
0.015209 0.015706
0.015189 0.015506
0.015159 0.015656
0.015152 0.017612
0.015150 0.015458
0.015150 0.015265
0.015137 0.017767
0.015132 0.016162
0.015125 0.016749
0.015097 0.025961
0.015068 0.016667
0.015065 0.016100
0.015050 0.016429
0.015046 0.019185
0.015025 0.018077
0.015023 0.017000
0.015006 0.017059
0.015005 0.017376
0.014959 0.016030
0.014914 0.016799
0.014910 0.021247
0.014889 0.017190
0.014885 0.016399
0.014884 0.026500
0.014881 0.023143
0.014846 0.017266
0.014841 0.017648
0.014817 0.019033
0.014801 0.019501
0.014801 0.016396
0.014760 0.014847
0.014756 0.015733
0.014752 0.019643
0.014751 0.015222
0.014748 0.016662
0.014732 0.016150
0.014699 0.015888
0.014695 0.016852
0.014684 0.018429
0.014677 0.029241
0.014663 0.016722
0.014648 0.017881
0.014631 0.014994
0.014583 0.018793
0.014571 0.020846
0.014566 0.032389
0.014562 0.014733
0.014548 0.017443
0.014548 0.023921
0.014543 0.024925
0.014525 0.019143
0.014504 0.017242
0.014501 0.015160
0.014484 0.016627
0.014479 0.014518
0.014465 0.016263
0.014464 0.016502
0.014455 0.020566
0.014439 0.017318
0.014426 0.014841
0.014419 0.016795
0.014403 0.019805
0.014400 0.015751
0.014400 0.014472
0.014364 0.014458
0.014346 0.014793
0.014342 0.016565
0.014340 0.023845
0.014334 0.015013
0.014322 0.020253
0.014321 0.019101
0.014297 0.021566
0.014290 0.016148
0.014286 0.014298
0.014262 0.016208
0.014222 0.015781
0.014213 0.015296
0.014180 0.014902
0.014151 0.014595
0.014104 0.023530
0.014099 0.014468
0.014094 0.021389
0.014086 0.014610
0.014085 0.014900
0.014068 0.018384
0.014041 0.015842
0.014022 0.016338
0.014020 0.030006
0.014015 0.017669
0.013985 0.015134
0.013980 0.014884
0.013961 0.014295
0.013926 0.014453
0.013919 0.015510
0.013893 0.013903
0.013872 0.018766
0.013865 0.014404
0.013864 0.015089
0.013859 0.016087
0.013852 0.014481
0.013845 0.019549
0.013840 0.018832
0.013836 0.013886
0.013833 0.021404
0.013819 0.014769
0.013817 0.025613
0.013805 0.019366
0.013782 0.021822
0.013744 0.016848
0.013700 0.014013
0.013693 0.024184
0.013692 0.017000
0.013650 0.014176
0.013626 0.014505
0.013621 0.016906
0.013610 0.017721
0.013595 0.016658
0.013584 0.014214
0.013581 0.014111
0.013570 0.018100
0.013569 0.014822
0.013559 0.013595
0.013559 0.013698
0.013545 0.015464
0.013540 0.021289
0.013534 0.029211
0.013528 0.020021
0.013524 0.014980
0.013518 0.015411
0.013517 0.013526
0.013509 0.017524
0.013496 0.014676
0.013489 0.013905
0.013460 0.014439
0.013455 0.018957
0.013446 0.013748
0.013440 0.014423
0.013436 0.015484
0.013428 0.013450
0.013419 0.022631
0.013412 0.018838
0.013409 0.020184
0.013372 0.020535
0.013371 0.014081
0.013361 0.016718
0.013358 0.016670
0.013342 0.020854
0.013323 0.014561
0.013306 0.023523
0.013294 0.013476
0.013287 0.014625
0.013265 0.017582
0.013260 0.018307
0.013250 0.021576
0.013249 0.014998
0.013234 0.014052
0.013234 0.013451
0.013228 0.020258
0.013224 0.013285
0.013194 0.013466
0.013180 0.018009
0.013174 0.017661
0.013173 0.013606
0.013164 0.013188
0.013163 0.015893
0.013150 0.017143
0.013143 0.016306
0.013139 0.019077
0.013063 0.013346
0.013058 0.016901
0.013033 0.013489
0.012968 0.016686
0.012960 0.018029
0.012951 0.015491
0.012950 0.024109
0.012940 0.013461
0.012923 0.012954
0.012919 0.014271
0.012896 0.020345
0.012882 0.019029
0.012882 0.014677
0.012872 0.026435
0.012854 0.016141
0.012853 0.012906
0.012841 0.013343
0.012804 0.017161
0.012779 0.015279
0.012779 0.014838
0.012779 0.014313
0.012777 0.012807
0.012762 0.015998
0.012760 0.013012
0.012760 0.015593
0.012759 0.017513
0.012724 0.018494
0.012717 0.014133
0.012711 0.019797
0.012684 0.024325
0.012678 0.012734
0.012672 0.013173
0.012663 0.014661
0.012639 0.013010
0.012634 0.021325
0.012633 0.013721
0.012631 0.015065
0.012617 0.013033
0.012599 0.012890
0.012587 0.015990
0.012579 0.013727
0.012578 0.012768
0.012565 0.013704
0.012555 0.017169
0.012555 0.020565
0.012536 0.012990
0.012520 0.013084
0.012511 0.020155
0.012502 0.013242
0.012500 0.013299
0.012490 0.012613
0.012480 0.014003
0.012471 0.012663
0.012471 0.014654
0.012458 0.014952
0.012449 0.014484
0.012440 0.014101
0.012405 0.021751
0.012404 0.013637
0.012396 0.013737
0.012382 0.019623
0.012382 0.012628
0.012369 0.023629
0.012355 0.013263
0.012349 0.012774
0.012346 0.022046
0.012341 0.019252
0.012341 0.013167
0.012331 0.012577
0.012329 0.015695
0.012306 0.012656
0.012289 0.013515
0.012289 0.013183
0.012282 0.018360
0.012282 0.016229
0.012276 0.013625
0.012275 0.020013
0.012273 0.012849
0.012270 0.014887
0.012253 0.015184
0.012252 0.012526
0.012247 0.014433
0.012243 0.021005
0.012235 0.013452
0.012230 0.023298
0.012225 0.016478
0.012221 0.013171
0.012213 0.012609
0.012199 0.021443
0.012178 0.014958
0.012171 0.014183
0.012170 0.015232
0.012156 0.013935
0.012151 0.018513
0.012131 0.020298
0.012122 0.014429
0.012108 0.017323
0.012094 0.019388
0.012087 0.012203
0.012087 0.015720
0.012085 0.013422
0.012075 0.012190
0.012061 0.014680
0.012043 0.015036
0.012043 0.020642
0.012035 0.013978
0.012004 0.013811
0.011982 0.013038
0.011981 0.014479
0.011964 0.015158
0.011889 0.013291
0.011878 0.017764
0.011878 0.019212
0.011875 0.012375
0.011865 0.017098
0.011864 0.013674
0.011859 0.012343
0.011857 0.013086
0.011856 0.018524
0.011848 0.015344
0.011847 0.011975
0.011840 0.012047
0.011840 0.012954
0.011833 0.020088
0.011820 0.012448
0.011814 0.012231
0.011796 0.015275
0.011784 0.012525
0.011776 0.012359
0.011776 0.011935
0.011771 0.013822
0.011768 0.014552
0.011762 0.014151
0.011752 0.013656
0.011748 0.013946
0.011735 0.013971
0.011728 0.012416
0.011709 0.012014
0.011689 0.013900
0.011689 0.017736
0.011684 0.013956
0.011641 0.017107
0.011637 0.016403
0.011630 0.013598
0.011628 0.026032
0.011623 0.016671
0.011619 0.019416
0.011619 0.015132
0.011606 0.015348
0.011595 0.021455
0.011594 0.012247
0.011565 0.012663
0.011559 0.024111
0.011559 0.015511
0.011555 0.012115
0.011550 0.027813
0.011538 0.013139
0.011535 0.013238
0.011515 0.015103
0.011512 0.014225
0.011486 0.013782
0.011483 0.016323
0.011471 0.012435
0.011470 0.013369
0.011469 0.021943
0.011424 0.013324
0.011414 0.011703
0.011413 0.011461
0.011406 0.014334
0.011396 0.013531
0.011393 0.014761
0.011391 0.011784
0.011391 0.013006
0.011385 0.014932
0.011383 0.012524
0.011381 0.017770
0.011380 0.016399
0.011365 0.012067
0.011345 0.013437
0.011341 0.017191
0.011332 0.014464
0.011325 0.015838
0.011325 0.017907
0.011305 0.011667
0.011300 0.014565
0.011274 0.020104
0.011267 0.014686
0.011256 0.012073
0.011252 0.011882
0.011250 0.017694
0.011228 0.014229
0.011227 0.011967
0.011226 0.011780
0.011224 0.022349
0.011215 0.011641
0.011204 0.011483
0.011197 0.014797
0.011194 0.011251
0.011184 0.012102
0.011142 0.013756
0.011136 0.016373
0.011132 0.014233
0.011131 0.021347
0.011113 0.012560
0.011110 0.012013
0.011103 0.015564
0.011094 0.014271
0.011065 0.012476
0.011045 0.012170
0.011038 0.012771
0.011035 0.011699
0.011033 0.015181
0.011029 0.015956
0.011026 0.015103
0.011017 0.012102
0.010987 0.012181
0.010977 0.011744
0.010976 0.011144
0.010957 0.011768
0.010942 0.011592
0.010936 0.013087
0.010903 0.012911
0.010902 0.012351
0.010900 0.011499
0.010889 0.011089
0.010874 0.011795
0.010873 0.012263
0.010833 0.012359
0.010823 0.013586
0.010823 0.014986
0.010818 0.014407
0.010804 0.012497
0.010784 0.015663
0.010754 0.017121
0.010737 0.012062
0.010736 0.014033
0.010726 0.012474
0.010722 0.011330
0.010720 0.020096
0.010716 0.013909
0.010705 0.011081
0.010704 0.020970
0.010696 0.011162
0.010695 0.011192
0.010687 0.012488
0.010684 0.011582
0.010682 0.012573
0.010679 0.014120
0.010669 0.011786
0.010668 0.011235
0.010666 0.015329
0.010662 0.016785
0.010637 0.012299
0.010630 0.010674
0.010613 0.010909
0.010612 0.011455
0.010604 0.018253
0.010599 0.014429
0.010574 0.012431
0.010569 0.015624
0.010539 0.010597
0.010538 0.012648
0.010523 0.016294
0.010515 0.012594
0.010506 0.013422
0.010499 0.011348
0.010486 0.010557
0.010410 0.011735
0.010410 0.012478
0.010397 0.013409
0.010396 0.014951
0.010389 0.019370
0.010385 0.016296
0.010384 0.011246
0.010372 0.012537
0.010367 0.010613
0.010363 0.011141
0.010358 0.012700
0.010334 0.015666
0.010307 0.011671
0.010296 0.015233
0.010278 0.012532
0.010277 0.010876
0.010273 0.011196
0.010269 0.012754
0.010259 0.011789
0.010258 0.013281
0.010252 0.010381
0.010252 0.010625
0.010241 0.012257
0.010227 0.011244
0.010225 0.017111
0.010221 0.010237
0.010218 0.018007
0.010217 0.013557
0.010188 0.010525
0.010184 0.012820
0.010160 0.010210
0.010154 0.011172
0.010151 0.010264
0.010146 0.026372
0.010140 0.012081
0.010134 0.014177
0.010133 0.016167
0.010126 0.011243
0.010117 0.016803
0.010113 0.012906
0.010104 0.010182
0.010098 0.011551
0.010093 0.012860
0.010092 0.012844
0.010087 0.015642
0.010085 0.010694
0.010083 0.010419
0.010081 0.011792
0.010072 0.010608
0.010045 0.021830
0.010039 0.010524
0.010024 0.013808
0.010007 0.012914
0.010000 0.011959
0.009991 0.010660
0.009941 0.012458
0.009941 0.014367
0.009939 0.012098
0.009937 0.010146
0.009937 0.011808
0.009910 0.011088
0.009892 0.010619
0.009881 0.010040
0.009878 0.010161
0.009871 0.011601
0.009860 0.017078
0.009849 0.014033
0.009832 0.011563
0.009817 0.010170
0.009795 0.010735
0.009787 0.010485
0.009787 0.010173
0.009785 0.011978
0.009772 0.010300
0.009751 0.009844
0.009749 0.011091
0.009746 0.014728
0.009744 0.011319
0.009737 0.011802
0.009728 0.014765
0.009718 0.012874
0.009712 0.011263
0.009712 0.010967
0.009690 0.011201
0.009686 0.013325
0.009682 0.017605
0.009673 0.009750
0.009658 0.010236
0.009650 0.011432
0.009645 0.013597
0.009634 0.018978
0.009615 0.010639
0.009614 0.012256
0.009614 0.019436
0.009608 0.018122
0.009600 0.012158
0.009590 0.011533
0.009547 0.009618
0.009546 0.009594
0.009545 0.009639
0.009539 0.019174
0.009535 0.010424
0.009516 0.010420
0.009515 0.010654
0.009513 0.009547
0.009499 0.009633
0.009481 0.009517
0.009469 0.019453
0.009461 0.009788
0.009446 0.014790
0.009435 0.009850
0.009431 0.016553
0.009420 0.015954
0.009410 0.009981
0.009402 0.013495
0.009383 0.009597
0.009373 0.013829
0.009362 0.012040
0.009350 0.014574
0.009347 0.009610
0.009331 0.010859
0.009301 0.014763
0.009297 0.011300
0.009293 0.009704
0.009284 0.009647
0.009284 0.017107
0.009271 0.011694
0.009271 0.019046
0.009264 0.010147
0.009254 0.009832
0.009251 0.009709
0.009243 0.009751
0.009238 0.012455
0.009230 0.012598
0.009228 0.010385
0.009223 0.010432
0.009221 0.010735
0.009212 0.009900
0.009199 0.016793
0.009195 0.009353
0.009191 0.010685
0.009185 0.009669
0.009182 0.009355
0.009172 0.011937
0.009168 0.012179
0.009145 0.011028
0.009126 0.009416
0.009116 0.011589
0.009115 0.019859
0.009107 0.009219
0.009076 0.009252
0.009063 0.009266
0.009053 0.012170
0.009050 0.009190
0.009050 0.010622
0.009041 0.011828
0.009039 0.009892
0.009039 0.009209
0.009032 0.010216
0.009018 0.009840
0.009018 0.009416
0.008997 0.009367
0.008992 0.009002
0.008991 0.010077
0.008979 0.009481
0.008966 0.011282
0.008963 0.012973
0.008946 0.012826
0.008941 0.009305
0.008936 0.014432
0.008907 0.009089
0.008902 0.010872
0.008900 0.010769
0.008896 0.013887
0.008893 0.013967
0.008883 0.009221
0.008876 0.010070
0.008873 0.009513
0.008860 0.017801
0.008843 0.010956
0.008841 0.014186
0.008841 0.008864
0.008840 0.009918
0.008836 0.010757
0.008836 0.015998
0.008835 0.012236
0.008831 0.011642
0.008813 0.008951
0.008804 0.009065
0.008792 0.013654
0.008790 0.011033
0.008786 0.013019
0.008785 0.010308
0.008781 0.008892
0.008778 0.009667
0.008755 0.009585
0.008746 0.008965
0.008728 0.009393
0.008728 0.009044
0.008727 0.011480
0.008725 0.009015
0.008721 0.009973
0.008720 0.009029
0.008712 0.010370
0.008712 0.009970
0.008698 0.013570
0.008686 0.011536
0.008683 0.009400
0.008668 0.008700
0.008661 0.009734
0.008650 0.010830
0.008645 0.008932
0.008642 0.008933
0.008641 0.009962
0.008640 0.012153
0.008624 0.009488
0.008616 0.009523
0.008613 0.012605
0.008613 0.009828
0.008613 0.011250
0.008608 0.008629
0.008608 0.009776
0.008591 0.009651
0.008589 0.012877
0.008583 0.008853
0.008576 0.008853
0.008576 0.013576
0.008572 0.009952
0.008571 0.008699
0.008565 0.008578
0.008561 0.010734
0.008561 0.009466
0.008554 0.010688
0.008549 0.008957
0.008548 0.009115
0.008546 0.009854
0.008540 0.009945
0.008517 0.010034
0.008514 0.009835
0.008500 0.008981
0.008500 0.008642
0.008497 0.010012
0.008497 0.008564
0.008496 0.009032
0.008492 0.009812
0.008489 0.009408
0.008475 0.009470
0.008468 0.009470
0.008466 0.008946
0.008464 0.009127
0.008459 0.009424
0.008443 0.009583
0.008442 0.008649
0.008442 0.008626
0.008433 0.008962
0.008423 0.010734
0.008418 0.010156
0.008416 0.015632
0.008410 0.010348
0.008404 0.009224
0.008395 0.008839
0.008386 0.011119
0.008382 0.009027
0.008379 0.009138
0.008371 0.009571
0.008366 0.009980
0.008359 0.011182
0.008354 0.011840
0.008347 0.009124
0.008345 0.013167
0.008331 0.008946
0.008327 0.010816
0.008326 0.010261
0.008324 0.008796
0.008320 0.010119
0.008317 0.010074
0.008313 0.008330
0.008303 0.010378
0.008298 0.009412
0.008292 0.011202
0.008262 0.012084
0.008253 0.008701
0.008251 0.009725
0.008250 0.008933
0.008239 0.010112
0.008223 0.012472
0.008218 0.008950
0.008214 0.009373
0.008211 0.011232
0.008209 0.008829
0.008205 0.008995
0.008200 0.008768
0.008194 0.008543
0.008186 0.008385
0.008185 0.008256
0.008181 0.008282
0.008179 0.009622
0.008179 0.009528
0.008177 0.009121
0.008173 0.010598
0.008171 0.008268
0.008155 0.011685
0.008126 0.011136
0.008124 0.009968
0.008124 0.009176
0.008121 0.008363
0.008116 0.008553
0.008113 0.012324
0.008112 0.008362
0.008110 0.008826
0.008109 0.008832
0.008101 0.009277
0.008100 0.010199
0.008095 0.010039
0.008080 0.008400
0.008080 0.009280
0.008074 0.008423
0.008074 0.010264
0.008073 0.008142
0.008063 0.009031
0.008056 0.009051
0.008050 0.009507
0.008045 0.009541
0.008043 0.014843
0.008033 0.009112
0.008031 0.008746
0.008019 0.010229
0.008019 0.008110
0.008015 0.015162
0.008004 0.008672
0.007996 0.012417
0.007994 0.009982
0.007992 0.009054
0.007983 0.014942
0.007978 0.008641
0.007976 0.008903
0.007973 0.012371
0.007960 0.009779
0.007958 0.014749
0.007952 0.008443
0.007950 0.010045
0.007948 0.008656
0.007947 0.008394
0.007944 0.010576
0.007937 0.010023
0.007935 0.011525
0.007926 0.010439
0.007923 0.009090
0.007908 0.011024
0.007897 0.008044
0.007897 0.009569
0.007896 0.010490
0.007892 0.013238
0.007888 0.008304
0.007887 0.008635
0.007886 0.008918
0.007878 0.011825
0.007869 0.009058
0.007867 0.010561
0.007865 0.009507
0.007864 0.008914
0.007860 0.008599
0.007853 0.011722
0.007853 0.011504
0.007842 0.008058
0.007836 0.012130
0.007833 0.008000
0.007824 0.012147
0.007821 0.009015
0.007816 0.011180
0.007815 0.007896
0.007797 0.008335
0.007795 0.013526
0.007792 0.012852
0.007779 0.011095
0.007771 0.010846
0.007763 0.010023
0.007749 0.010363
0.007745 0.007977
0.007744 0.008074
0.007739 0.008106
0.007728 0.010795
0.007726 0.012230
0.007722 0.007870
0.007717 0.007814
0.007710 0.008814
0.007708 0.007881
0.007703 0.013826
0.007686 0.012504
0.007683 0.007724
0.007675 0.010837
0.007667 0.010806
0.007659 0.012321
0.007657 0.009502
0.007651 0.008033
0.007647 0.008487
0.007643 0.008733
0.007636 0.009116
0.007625 0.012773
0.007624 0.010286
0.007619 0.012505
0.007615 0.009875
0.007612 0.008780
0.007607 0.007785
0.007606 0.011126
0.007604 0.010281
0.007599 0.008468
0.007597 0.010965
0.007595 0.009799
0.007585 0.010441
0.007584 0.008011
0.007581 0.010378
0.007569 0.007773
0.007568 0.009695
0.007559 0.007918
0.007557 0.011710
0.007548 0.011297
0.007546 0.008697
0.007535 0.010139
0.007531 0.008611
0.007529 0.008599
0.007519 0.007765
0.007513 0.008504
0.007506 0.014595
0.007502 0.007923
0.007494 0.011990
0.007473 0.008559
0.007473 0.007955
0.007468 0.011957
0.007463 0.009506
0.007462 0.016067
0.007461 0.009746
0.007460 0.009033
0.007454 0.012488
0.007449 0.008201
0.007447 0.007938
0.007440 0.010096
0.007434 0.010739
0.007433 0.008138
0.007432 0.011578
0.007421 0.010049
0.007412 0.007463
0.007410 0.007564
0.007405 0.008887
0.007405 0.007523
0.007401 0.008345
0.007398 0.014584
0.007394 0.008480
0.007391 0.007612
0.007379 0.008588
0.007378 0.008298
0.007375 0.009537
0.007370 0.008238
0.007365 0.007486
0.007358 0.008367
0.007353 0.016302
0.007340 0.007489
0.007329 0.008258
0.007325 0.007787
0.007315 0.012361
0.007314 0.010605
0.007310 0.010792
0.007309 0.008370
0.007303 0.012229
0.007298 0.009748
0.007297 0.009088
0.007297 0.010884
0.007279 0.008281
0.007276 0.008185
0.007268 0.008841
0.007267 0.010844
0.007252 0.007442
0.007248 0.009127
0.007240 0.009775
0.007224 0.009670
0.007221 0.007300
0.007209 0.009637
0.007202 0.009247
0.007202 0.013221
0.007197 0.007605
0.007180 0.007806
0.007173 0.007265
0.007172 0.009896
0.007171 0.010168
0.007170 0.007281
0.007164 0.007690
0.007160 0.007794
0.007158 0.011986
0.007158 0.008681
0.007157 0.008262
0.007157 0.011563
0.007143 0.007455
0.007138 0.007220
0.007134 0.008252
0.007133 0.008479
0.007128 0.009496
0.007122 0.008911
0.007121 0.008459
0.007115 0.013839
0.007110 0.007332
0.007109 0.007665
0.007098 0.009280
0.007097 0.007970
0.007092 0.007163
0.007085 0.007973
0.007078 0.010433
0.007059 0.007966
0.007057 0.007648
0.007055 0.007381
0.007054 0.008881
0.007053 0.014452
0.007053 0.008909
0.007049 0.010129
0.007049 0.007927
0.007046 0.012560
0.007037 0.008381
0.007031 0.010333
0.007018 0.009154
0.007017 0.007282
0.007016 0.007778
0.007013 0.007436
0.007008 0.007237
0.007005 0.009372
0.006999 0.009291
0.006996 0.007218
0.006983 0.007480
0.006953 0.014071
0.006952 0.013808
0.006942 0.007020
0.006942 0.007188
0.006941 0.011029
0.006931 0.007382
0.006930 0.007423
0.006927 0.007526
0.006923 0.008072
0.006923 0.007896
0.006916 0.010932
0.006915 0.009205
0.006915 0.008385
0.006911 0.007159
0.006904 0.007766
0.006904 0.007851
0.006901 0.006971
0.006899 0.008529
0.006897 0.011467
0.006895 0.008742
0.006884 0.008330
0.006875 0.007782
0.006875 0.007551
0.006872 0.008664
0.006866 0.007845
0.006865 0.007865
0.006864 0.007609
0.006861 0.008255
0.006858 0.009629
0.006854 0.007716
0.006842 0.010129
0.006840 0.009390
0.006836 0.007511
0.006813 0.008645
0.006810 0.010561
0.006806 0.007597
0.006803 0.006996
0.006802 0.007318
0.006793 0.007220
0.006793 0.009402
0.006790 0.007543
0.006781 0.007202
0.006778 0.008067
0.006773 0.009935
0.006763 0.007037
0.006758 0.007124
0.006749 0.008725
0.006749 0.008076
0.006741 0.007907
0.006732 0.011494
0.006724 0.006821
0.006716 0.010205
0.006714 0.007777
0.006711 0.007738
0.006710 0.006808
0.006708 0.007603
0.006705 0.008027
0.006702 0.008836
0.006697 0.010373
0.006696 0.007283
0.006692 0.012162
0.006691 0.007211
0.006689 0.007612
0.006687 0.007073
0.006687 0.006814
0.006686 0.007259
0.006686 0.010285
0.006682 0.008279
0.006682 0.008234
0.006667 0.006966
0.006667 0.007334
0.006663 0.011507
0.006654 0.007371
0.006652 0.007316
0.006645 0.006656
0.006642 0.009351
0.006641 0.007958
0.006635 0.006736
0.006626 0.008646
0.006622 0.009009
0.006620 0.012690
0.006618 0.010744
0.006611 0.007553
0.006611 0.009560
0.006610 0.006719
0.006605 0.007843
0.006602 0.007237
0.006600 0.006756
0.006598 0.007810
0.006595 0.007239
0.006591 0.010623
0.006591 0.008522
0.006590 0.008445
0.006581 0.007145
0.006574 0.007212
0.006573 0.007206
0.006561 0.008175
0.006555 0.010266
0.006554 0.007456
0.006554 0.006902
0.006551 0.011416
0.006543 0.007759
0.006542 0.007319
0.006538 0.007477
0.006531 0.006973
0.006526 0.006533
0.006513 0.006677
0.006513 0.006688
0.006501 0.007938
0.006500 0.009855
0.006498 0.006814
0.006497 0.010207
0.006494 0.008054
0.006493 0.007160
0.006493 0.009043
0.006485 0.007420
0.006470 0.006791
0.006464 0.011330
0.006463 0.006552
0.006462 0.007155
0.006461 0.008105
0.006459 0.007243
0.006457 0.009454
0.006453 0.006690
0.006451 0.009292
0.006450 0.007123
0.006441 0.006803
0.006428 0.007098
0.006427 0.007515
0.006425 0.007259
0.006422 0.007654
0.006422 0.006817
0.006421 0.006760
0.006418 0.009058
0.006409 0.006776
0.006401 0.007247
0.006400 0.006869
0.006396 0.007093
0.006393 0.007991
0.006389 0.007607
0.006385 0.009589
0.006384 0.006666
0.006380 0.006906
0.006379 0.010456
0.006378 0.011344
0.006377 0.007319
0.006374 0.006922
0.006368 0.008376
0.006368 0.007608
0.006364 0.011558
0.006363 0.008657
0.006361 0.006547
0.006356 0.007729
0.006354 0.006642
0.006352 0.007840
0.006345 0.011002
0.006335 0.006344
0.006332 0.008059
0.006331 0.008961
0.006326 0.007361
0.006325 0.009804
0.006321 0.007641
0.006311 0.007539
0.006295 0.008208
0.006294 0.006818
0.006293 0.007097
0.006287 0.008381
0.006287 0.006440
0.006282 0.009052
0.006281 0.006706
0.006279 0.006674
0.006275 0.009513
0.006275 0.007835
0.006273 0.011234
0.006267 0.007637
0.006264 0.006312
0.006257 0.008461
0.006251 0.009164
0.006249 0.006445
0.006244 0.006970
0.006240 0.007436
0.006238 0.007810
0.006233 0.008276
0.006223 0.006654
0.006218 0.009799
0.006217 0.006543
0.006213 0.006322
0.006204 0.008225
0.006194 0.007132
0.006194 0.010402
0.006180 0.008547
0.006179 0.009770
0.006171 0.007162
0.006166 0.006940
0.006165 0.011981
0.006159 0.009274
0.006154 0.006482
0.006149 0.007387
0.006141 0.007306
0.006136 0.006938
0.006135 0.009943
0.006128 0.007281
0.006127 0.006702
0.006117 0.006484
0.006107 0.007412
0.006097 0.007106
0.006097 0.012466
0.006090 0.006419
0.006088 0.009616
0.006078 0.006177
0.006075 0.006224
0.006068 0.007156
0.006062 0.006713
0.006057 0.008682
0.006052 0.006848
0.006045 0.006652
0.006041 0.008128
0.006030 0.006490
0.006030 0.006344
0.006018 0.007378
0.006017 0.010725
0.006012 0.006296
0.006001 0.009463
0.005998 0.006345
0.005994 0.006619
0.005987 0.006465
0.005986 0.007297
0.005986 0.008411
0.005981 0.006271
0.005976 0.006730
0.005964 0.014903
0.005957 0.006168
0.005940 0.006342
0.005932 0.009845
0.005932 0.006382
0.005927 0.006539
0.005926 0.009062
0.005924 0.006003
0.005921 0.006660
0.005920 0.008540
0.005919 0.005929
0.005914 0.011977
0.005910 0.007060
0.005907 0.011179
0.005897 0.006853
0.005894 0.008264
0.005893 0.006326
0.005889 0.013852
0.005881 0.006195
0.005879 0.006226
0.005874 0.007553
0.005863 0.006007
0.005859 0.006670
0.005856 0.005871
0.005852 0.008785
0.005846 0.013906
0.005843 0.006118
0.005840 0.006183
0.005839 0.010135
0.005839 0.007285
0.005837 0.006696
0.005835 0.010763
0.005835 0.006464
0.005833 0.009846
0.005822 0.006978
0.005814 0.006918
0.005805 0.007551
0.005803 0.006032
0.005803 0.007468
0.005800 0.007287
0.005795 0.009518
0.005791 0.006010
0.005785 0.009657
0.005783 0.006452
0.005782 0.006493
0.005780 0.012990
0.005775 0.007811
0.005768 0.006967
0.005767 0.007119
0.005766 0.011615
0.005766 0.005975
0.005760 0.007290
0.005739 0.005899
0.005737 0.006321
0.005736 0.005771
0.005734 0.006540
0.005727 0.005759
0.005726 0.005970
0.005725 0.005910
0.005723 0.007269
0.005722 0.007788
0.005721 0.007883
0.005720 0.006037
0.005709 0.007371
0.005706 0.006021
0.005705 0.008360
0.005703 0.007500
0.005703 0.007044
0.005699 0.007156
0.005699 0.009159
0.005695 0.006161
0.005690 0.006058
0.005689 0.006194
0.005671 0.006050
0.005667 0.008928
0.005666 0.006117
0.005663 0.012549
0.005663 0.008941
0.005662 0.005815
0.005662 0.007474
0.005654 0.006907
0.005654 0.007888
0.005647 0.005802
0.005646 0.005869
0.005646 0.006001
0.005642 0.006929
0.005642 0.006556
0.005636 0.006298
0.005631 0.008566
0.005627 0.010709
0.005625 0.007201
0.005623 0.007560
0.005612 0.005613
0.005607 0.010350
0.005605 0.006120
0.005602 0.005869
0.005595 0.006067
0.005594 0.005658
0.005591 0.005842
0.005587 0.007998
0.005586 0.012374
0.005574 0.007371
0.005574 0.006324
0.005573 0.005935
0.005573 0.012499
0.005571 0.006264
0.005568 0.009216
0.005565 0.005819
0.005564 0.005952
0.005564 0.010258
0.005558 0.010031
0.005548 0.005967
0.005546 0.009664
0.005546 0.005646
0.005541 0.006543
0.005541 0.005589
0.005527 0.005616
0.005526 0.007208
0.005519 0.007751
0.005518 0.005787
0.005516 0.007905
0.005511 0.005550
0.005509 0.008595
0.005502 0.005778
0.005501 0.006284
0.005500 0.008637
0.005499 0.005847
0.005498 0.006775
0.005497 0.006977
0.005494 0.009020
0.005493 0.006114
0.005490 0.005647
0.005490 0.009578
0.005487 0.008822
0.005481 0.010158
0.005476 0.006252
0.005474 0.005475
0.005466 0.006494
0.005459 0.005613
0.005451 0.007453
0.005449 0.009133
0.005445 0.006012
0.005445 0.005676
0.005435 0.005665
0.005425 0.006195
0.005412 0.005502
0.005412 0.005592
0.005410 0.005556
0.005408 0.007371
0.005399 0.005874
0.005398 0.005809
0.005397 0.005652
0.005397 0.005576
0.005387 0.005402
0.005385 0.006973
0.005380 0.006785
0.005380 0.007264
0.005379 0.007866
0.005375 0.006828
0.005372 0.006205
0.005372 0.005401
0.005371 0.006014
0.005366 0.005574
0.005364 0.005464
0.005364 0.007445
0.005360 0.006949
0.005358 0.009306
0.005353 0.005588
0.005340 0.009198
0.005339 0.005947
0.005339 0.009615
0.005337 0.005372
0.005337 0.007108
0.005333 0.005338
0.005329 0.006355
0.005327 0.005411
0.005327 0.006442
0.005326 0.005609
0.005321 0.005917
0.005320 0.005691
0.005318 0.006699
0.005317 0.006632
0.005315 0.007125
0.005314 0.005437
0.005311 0.005718
0.005310 0.005434
0.005308 0.005697
0.005306 0.005593
0.005306 0.006920
0.005303 0.007417
0.005301 0.008821
0.005296 0.010608
0.005293 0.006444
0.005291 0.009075
0.005285 0.006177
0.005282 0.005393
0.005280 0.007673
0.005277 0.007139
0.005277 0.008530
0.005277 0.008797
0.005275 0.005827
0.005268 0.006072
0.005261 0.006941
0.005255 0.005383
0.005248 0.005954
0.005248 0.006486
0.005235 0.005562
0.005234 0.005495
0.005229 0.005432
0.005228 0.006290
0.005226 0.007820
0.005223 0.005226
0.005221 0.005580
0.005218 0.005604
0.005217 0.006218
0.005213 0.006541
0.005212 0.005351
0.005210 0.010217
0.005208 0.005951
0.005207 0.006760
0.005206 0.006592
0.005205 0.007063
0.005199 0.005539
0.005198 0.006555
0.005196 0.006273
0.005196 0.009816
0.005196 0.007673
0.005195 0.006557
0.005190 0.006428
0.005189 0.006219
0.005188 0.006479
0.005187 0.009137
0.005187 0.006871
0.005185 0.013224
0.005182 0.009556
0.005181 0.005431
0.005178 0.005442
0.005177 0.009473
0.005172 0.006445
0.005166 0.009057
0.005164 0.005517
0.005158 0.009644
0.005149 0.005381
0.005146 0.005569
0.005145 0.005406
0.005143 0.005517
0.005140 0.006490
0.005139 0.005159
0.005137 0.008592
0.005132 0.005257
0.005128 0.005562
0.005116 0.006271
0.005114 0.007454
0.005111 0.009885
0.005108 0.006351
0.005103 0.006160
0.005102 0.010484
0.005102 0.006583
0.005091 0.007195
0.005085 0.009540
0.005084 0.005838
0.005081 0.009661
0.005076 0.005268
0.005074 0.005733
0.005073 0.010865
0.005071 0.008165
0.005069 0.005260
0.005067 0.005504
0.005065 0.005791
0.005064 0.006053
0.005063 0.005284
0.005063 0.005962
0.005060 0.008603
0.005059 0.006057
0.005059 0.005399
0.005050 0.009798
0.005050 0.005247
0.005049 0.006483
0.005049 0.008721
0.005048 0.006268
0.005047 0.007842
0.005046 0.007891
0.005046 0.005361
0.005046 0.005575
0.005045 0.005570
0.005038 0.005111
0.005037 0.006020
0.005036 0.006716
0.005036 0.005085
0.005035 0.005361
0.005027 0.006842
0.005026 0.005260
0.005026 0.005912
0.005026 0.005671
0.005022 0.005545
0.005016 0.005816
0.005014 0.005858
0.005004 0.010393
0.005003 0.009134
0.005001 0.010453
0.004998 0.006281
0.004991 0.007803
0.004991 0.008297
0.004988 0.006673
0.004987 0.005034
0.004984 0.005764
0.004983 0.005856
0.004981 0.005065
0.004970 0.006012
0.004967 0.007296
0.004963 0.005389
0.004958 0.008303
0.004957 0.005829
0.004951 0.005285
0.004950 0.005817
0.004945 0.006369
0.004941 0.005007
0.004940 0.005195
0.004931 0.006033
0.004911 0.005031
0.004899 0.005235
0.004897 0.005526
0.004895 0.006058
0.004892 0.009094
0.004892 0.008031
0.004892 0.005423
0.004892 0.004966
0.004889 0.005861
0.004886 0.005036
0.004885 0.005139
0.004884 0.005169
0.004881 0.007293
0.004865 0.005417
0.004862 0.005606
0.004860 0.011070
0.004858 0.004943
0.004849 0.005550
0.004840 0.006281
0.004839 0.006827
0.004837 0.004910
0.004835 0.006338
0.004831 0.006817
0.004829 0.005547
0.004827 0.006400
0.004825 0.005938
0.004818 0.004978
0.004813 0.004818
0.004812 0.004870
0.004810 0.005691
0.004806 0.006482
0.004805 0.005403
0.004800 0.005068
0.004799 0.009778
0.004798 0.006070
0.004798 0.005862
0.004797 0.005084
0.004793 0.005091
0.004793 0.005741
0.004792 0.004895
0.004789 0.005026
0.004787 0.005511
0.004777 0.005050
0.004776 0.006100
0.004771 0.005753
0.004766 0.004860
0.004764 0.006043
0.004763 0.006122
0.004762 0.004877
0.004752 0.005604
0.004749 0.008552
0.004741 0.004971
0.004740 0.004810
0.004740 0.004833
0.004738 0.006842
0.004737 0.006972
0.004732 0.006220
0.004732 0.004930
0.004725 0.005557
0.004713 0.005637
0.004708 0.005403
0.004707 0.004733
0.004705 0.005431
0.004694 0.005233
0.004683 0.005941
0.004672 0.005068
0.004667 0.005487
0.004665 0.004726
0.004662 0.004757
0.004661 0.005009
0.004660 0.004964
0.004658 0.005605
0.004648 0.005496
0.004646 0.005615
0.004645 0.006786
0.004632 0.007404
0.004631 0.006171
0.004629 0.004645
0.004626 0.004709
0.004623 0.005033
0.004620 0.005164
0.004618 0.007876
0.004617 0.004900
0.004616 0.007686
0.004615 0.006245
0.004613 0.006360
0.004613 0.006496
0.004597 0.004834
0.004589 0.008053
0.004588 0.004704
0.004587 0.005613
0.004582 0.005978
0.004578 0.004623
0.004577 0.005001
0.004576 0.005829
0.004574 0.007334
0.004569 0.005716
0.004568 0.005202
0.004561 0.006735
0.004561 0.005534
0.004555 0.005037
0.004547 0.005671
0.004546 0.005569
0.004544 0.005578
0.004542 0.006653
0.004541 0.004863
0.004538 0.006280
0.004535 0.005566
0.004532 0.004644
0.004531 0.005529
0.004530 0.006127
0.004527 0.004551
0.004519 0.006298
0.004518 0.004830
0.004517 0.005280
0.004516 0.008745
0.004514 0.004818
0.004510 0.005297
0.004509 0.004551
0.004507 0.007176
0.004500 0.004811
0.004492 0.006259
0.004488 0.005666
0.004483 0.005320
0.004479 0.005901
0.004477 0.005831
0.004473 0.006298
0.004464 0.007422
0.004458 0.006792
0.004455 0.006779
0.004454 0.005940
0.004449 0.005457
0.004444 0.005006
0.004442 0.005779
0.004439 0.004770
0.004434 0.008033
0.004432 0.004689
0.004431 0.006162
0.004423 0.005778
0.004420 0.006389
0.004418 0.004646
0.004417 0.004711
0.004407 0.006448
0.004407 0.004637
0.004406 0.004469
0.004398 0.004450
0.004394 0.004425
0.004393 0.004521
0.004389 0.006619
0.004386 0.004698
0.004386 0.005579
0.004384 0.004598
0.004383 0.004936
0.004382 0.005121
0.004381 0.004514
0.004373 0.006903
0.004366 0.005163
0.004365 0.004570
0.004361 0.004648
0.004360 0.004373
0.004357 0.005912
0.004349 0.009016
0.004349 0.004810
0.004345 0.005104
0.004344 0.007648
0.004341 0.005033
0.004339 0.009834
0.004338 0.006758
0.004335 0.005692
0.004329 0.005634
0.004326 0.006980
0.004322 0.004436
0.004317 0.005478
0.004315 0.005832
0.004309 0.004644
0.004306 0.004453
0.004305 0.005354
0.004302 0.007099
0.004299 0.004923
0.004298 0.006242
0.004293 0.005386
0.004288 0.005197
0.004288 0.004306
0.004284 0.005040
0.004280 0.004641
0.004270 0.005824
0.004269 0.007484
0.004259 0.005768
0.004257 0.004897
0.004257 0.005504
0.004255 0.007783
0.004252 0.004830
0.004243 0.009222
0.004232 0.004329
0.004222 0.005372
0.004221 0.004716
0.004219 0.004335
0.004215 0.007557
0.004214 0.006158
0.004211 0.005469
0.004210 0.007043
0.004209 0.004907
0.004206 0.006512
0.004206 0.004985
0.004197 0.006898
0.004196 0.005469
0.004194 0.004765
0.004190 0.004573
0.004185 0.007662
0.004183 0.004291
0.004181 0.005976
0.004179 0.004972
0.004179 0.005276
0.004172 0.004942
0.004171 0.005194
0.004170 0.004187
0.004168 0.005693
0.004168 0.004658
0.004166 0.005867
0.004155 0.004938
0.004154 0.004796
0.004147 0.008549
0.004144 0.004517
0.004131 0.004371
0.004123 0.005059
0.004119 0.004410
0.004118 0.004457
0.004116 0.005764
0.004115 0.006881
0.004108 0.004143
0.004101 0.004247
0.004101 0.005361
0.004100 0.004114
0.004099 0.005365
0.004096 0.005972
0.004089 0.007415
0.004087 0.005024
0.004080 0.005709
0.004079 0.005335
0.004075 0.004367
0.004069 0.004527
0.004068 0.007109
0.004065 0.004162
0.004059 0.004600
0.004058 0.005271
0.004053 0.004649
0.004037 0.005161
0.004028 0.004635
0.004021 0.004143
0.004021 0.006722
0.004018 0.005612
0.004013 0.004310
0.004011 0.005970
0.004009 0.004673
0.004008 0.005666
0.004007 0.006273
0.004007 0.006151
0.004005 0.004292
0.004004 0.004698
0.004004 0.004714
0.003999 0.005595
0.003994 0.004032
0.003991 0.004996
0.003986 0.007787
0.003985 0.004838
0.003981 0.004705
0.003974 0.005436
0.003973 0.006790
0.003972 0.009616
0.003970 0.004105
0.003964 0.004257
0.003961 0.004272
0.003957 0.006134
0.003956 0.004436
0.003951 0.004088
0.003946 0.004248
0.003943 0.005883
0.003942 0.003958
0.003940 0.004736
0.003936 0.005172
0.003936 0.004282
0.003931 0.006527
0.003928 0.004805
0.003925 0.004418
0.003923 0.005473
0.003921 0.004650
0.003920 0.009197
0.003919 0.004347
0.003912 0.005320
0.003910 0.004294
0.003903 0.004844
0.003900 0.006001
0.003899 0.004067
0.003898 0.005212
0.003896 0.004812
0.003893 0.005991
0.003884 0.004238
0.003881 0.005378
0.003880 0.003958
0.003878 0.006565
0.003876 0.004504
0.003867 0.003876
0.003867 0.004073
0.003866 0.005240
0.003865 0.003995
0.003864 0.005375
0.003863 0.006039
0.003854 0.005764
0.003852 0.007146
0.003845 0.004293
0.003845 0.004174
0.003842 0.006427
0.003832 0.007008
0.003825 0.004376
0.003819 0.005971
0.003817 0.004915
0.003817 0.004074
0.003815 0.003971
0.003815 0.004490
0.003814 0.005365
0.003813 0.004694
0.003808 0.008260
0.003799 0.003862
0.003789 0.006293
0.003786 0.004980
0.003782 0.005080
0.003781 0.009089
0.003780 0.004072
0.003780 0.004747
0.003779 0.004658
0.003771 0.005006
0.003767 0.003775
0.003733 0.004309
0.003727 0.004501
0.003721 0.006984
0.003712 0.004106
0.003711 0.005811
0.003710 0.004051
0.003704 0.005206
0.003702 0.005229
0.003698 0.004379
0.003690 0.004263
0.003689 0.004462
0.003681 0.004330
0.003680 0.006999
0.003674 0.005010
0.003667 0.007023
0.003664 0.004529
0.003657 0.005394
0.003654 0.007863
0.003652 0.006673
0.003651 0.005291
0.003645 0.005685
0.003634 0.005003
0.003633 0.006795
0.003633 0.004053
0.003633 0.003671
0.003633 0.005071
0.003629 0.004827
0.003624 0.004526
0.003622 0.004535
0.003607 0.003735
0.003605 0.005945
0.003601 0.005383
0.003594 0.004136
0.003591 0.004427
0.003589 0.005863
0.003589 0.003777
0.003586 0.004293
0.003585 0.006329
0.003577 0.003694
0.003571 0.004136
0.003553 0.003601
0.003550 0.006463
0.003544 0.007575
0.003542 0.008445
0.003541 0.007933
0.003528 0.003592
0.003518 0.004231
0.003517 0.005308
0.003513 0.005919
0.003513 0.003918
0.003511 0.004397
0.003510 0.003699
0.003508 0.003644
0.003503 0.003681
0.003501 0.004432
0.003501 0.003535
0.003497 0.004549
0.003496 0.004714
0.003494 0.004114
0.003491 0.003981
0.003489 0.003975
0.003487 0.004037
0.003481 0.008024
0.003480 0.005477
0.003475 0.004252
0.003472 0.003822
0.003466 0.003645
0.003463 0.007558
0.003461 0.004320
0.003455 0.004124
0.003447 0.003589
0.003433 0.003632
0.003428 0.006820
0.003425 0.004373
0.003422 0.003469
0.003418 0.003635
0.003411 0.003558
0.003406 0.004788
0.003406 0.003682
0.003404 0.004543
0.003387 0.003683
0.003382 0.003395
0.003380 0.003874
0.003376 0.004835
0.003375 0.003576
0.003357 0.003460
0.003355 0.003922
0.003355 0.003605
0.003349 0.003782
0.003343 0.005255
0.003322 0.003899
0.003302 0.003348
0.003282 0.004284
0.003278 0.003621
0.003276 0.004650
0.003267 0.004326
0.003258 0.003785
0.003255 0.003546
0.003248 0.003652
0.003246 0.003769
0.003242 0.003604
0.003234 0.003381
0.003225 0.004243
0.003220 0.003630
0.003213 0.003747
0.003211 0.003246
0.003203 0.003351
0.003197 0.004624
0.003196 0.004427
0.003189 0.003270
0.003188 0.004389
0.003181 0.004176
0.003180 0.004045
0.003170 0.003789
0.003169 0.003728
0.003162 0.003244
0.003157 0.003261
0.003141 0.004087
0.003140 0.003302
0.003108 0.004023
0.003094 0.003873
0.003085 0.003241
0.003073 0.003684
0.003046 0.004350
0.003043 0.003746
0.003043 0.003075
0.003032 0.003077
0.003030 0.003112
0.003021 0.003299
0.003017 0.003351
0.003016 0.003232
0.002993 0.003162
0.002987 0.004465
0.002978 0.003134
0.002977 0.003634
0.002976 0.003591
0.002970 0.002979
0.002964 0.003303
0.002953 0.004033
0.002952 0.003869
0.002946 0.003488
0.002946 0.004239
0.002927 0.003550
0.002916 0.003308
0.002903 0.003246
0.002902 0.003084
0.002893 0.003409
0.002854 0.003050
0.002852 0.003466
0.002851 0.003209
0.002851 0.004536
0.002850 0.003469
0.002847 0.003674
0.002844 0.003082
0.002844 0.002978
0.002839 0.003175
0.002838 0.003123
0.002806 0.003540
0.002788 0.002992
0.002779 0.002869
0.002774 0.002995
0.002773 0.003632
0.002771 0.002920
0.002767 0.002835
0.002765 0.003095
0.002756 0.002807
0.002754 0.003251
0.002754 0.002895
0.002753 0.002768
0.002719 0.002809
0.002708 0.004342
0.002707 0.002992
0.002703 0.002771
0.002701 0.002841
0.002689 0.002702
0.002680 0.003163
0.002678 0.002902
0.002676 0.003412
0.002661 0.004466
0.002656 0.002864
0.002645 0.002938
0.002621 0.002640
0.002617 0.003729
0.002607 0.002904
0.002594 0.002967
0.002545 0.003895
0.002541 0.003395
0.002530 0.003838
0.002517 0.002620
0.002510 0.003468
0.002489 0.002922
0.002484 0.002788
0.002478 0.003066
0.002472 0.003014
0.002460 0.002628
0.002445 0.002654
0.002443 0.002576
0.002409 0.002462
0.002323 0.002357
0.002322 0.002523
0.002299 0.002752
0.002285 0.002496
0.002274 0.003490
0.002262 0.002591
0.002257 0.002276
0.002183 0.002275
0.002153 0.002256
0.002143 0.002187
0.002125 0.002320
0.002086 0.002863
0.002080 0.002462
0.002071 0.002186
0.002070 0.002359
0.002026 0.002284
0.001995 0.002035
0.001993 0.002316
0.001968 0.002177
0.001959 0.002083
0.001947 0.002064
0.001942 0.002171
0.001920 0.002355
0.001864 0.001891
0.001864 0.001923
0.001859 0.001949
0.001789 0.002051
0.001770 0.001924
0.001732 0.001928
0.001713 0.001937
0.001459 0.001520
0.001373 0.001701
0.001202 0.001742
